1
292 104 79 63
0 0 53 1 13 0 5 1 0 0 0 0 22 55 72 1 63 62 50 1 29 26 78 1 8 45 23 1 18 42 66 1 14 24 35 1 24 36 26 1 42 60 79 1 35 47 44 1 34 28 85 1 70 70 67 1 1 61 54 1 49 40 87 1 5 46 44 1 0 0 0 0 55 75 41 1 35 22 29 1 48 24 100 1 48 0 73 1 7 51 59 1 58 42 89 1 0 0 0 0 41 10 49 1 50 33 33 1 32 33 44 1 2 37 52 1 57 70 87 1 35 32 85 1 59 45 92 1 58 51 58 1 20 39 87 1 13 67 59 1 36 68 33 1 42 5 41 1 38 19 54 1 12 19 65 1 0 0 0 0 16 19 64 1 0 24 79 1 0 19 63 1 8 46 37 1 18 0 13 1 17 0 14 1 19 12 11 1 0 0 0 0 0 36 27 1 0 27 36 1 0 0 0 1 38 42 53 1 0 24 22 1 7 27 15 1 21 6 34 1 22 1 0 1 18 3 34 1 0 0 17 1 2 37 51 1 4 12 25 1 59 22 0 1 0 8 35 1 0 0 1 1
20 23 82 1 26 32 27 1 48 45 11 1 52 43 38 1 39 27 52 1 0 12 10 1 45 46 50 1 23 28 17 1 26 60 19 1 0 0 0 0 44 39 70 1 87 53 26 1 39 35 31 1 56 35 62 1 32 15 47 1 37 32 78 1 57 88 74 1 29 80 61 1 43 27 95 1 36 53 37 1 72 78 75 1 73 45 64 1 0 0 0 0 0 0 0 0 8 41 61 1 26 41 42 1 43 58 31 1 53 8 57 1 29 20 36 1 49 54 70 1 29 56 10 1 0 0 0 0 52 96 82 1 53 38 58 1 20 64 61 1 0 37 46 1 27 39 53 1 14 58 36 1 33 46 56 1 21 19 47 1 33 0 0 1 63 0 59 1 0 0 0 0 6 7 15 1 0 0 0 0 1 7 0 1 3 37 19 1 16 8 16 1 24 4 33 1 21 0 47 1 31 0 70 1 35 8 33 1 56 39 0 1 0 0 5 1 24 0 0 1 0 24 32 1 0 0 0 0 26 0 0 1 0 2 31 1 0 30 15 1 10 47 13 1 15 13 31 1 0 38 61 1
51 4 58 1 27 41 49 1 0 0 0 0 25 0 70 1 25 20 52 1 62 12 36 1 0 50 46 1 5 38 85 1 32 28 37 1 0 0 0 0 55 46 40 1 62 42 34 1 38 30 57 1 19 40 54 1 36 7 92 1 14 48 104 1 18 12 113 1 58 46 86 1 0 0 0 0 0 63 44 1 57 65 80 1 46 61 80 1 8 65 16 1 71 50 73 1 91 32 48 1 59 49 54 1 15 55 37 1 59 66 15 1 0 69 5 1 47 63 43 1 41 32 66 1 48 32 34 1 55 61 75 1 11 48 47 1 39 47 61 1 52 58 35 1 43 8 81 1 41 49 60 1 63 34 68 1 0 0 0 0 26 14 0 1 38 2 15 1 35 0 34 1 22 17 41 1 0 40 37 1 36 55 42 1 36 48 29 1 15 2 28 1 25 0 17 1 34 32 41 1 41 0 0 1 29 4 32 1 25 0 65 1 19 54 7 1 0 22 23 1 7 2 54 1 0 0 0 1 36 24 50 1 17 28 32 1 0 24 10 1 0 28 0 1 24 40 45 1 0 0 0 0
79 10 14 1 7 6 79 1 11 73 56 1 24 21 28 1 42 24 11 1 6 37 52 1 30 39 29 1 34 11 25 1 38 30 0 1 0 58 48 1 0 0 0 0 44 28 28 1 57 55 99 1 56 45 81 1 50 44 60 1 9 53 95 1 48 51 76 1 40 57 79 1 45 24 56 1 26 50 61 1 52 30 59 1 0 0 0 0 0 0 0 0 2 42 31 1 42 78 15 1 41 25 60 1 19 26 23 1 16 35 43 1 42 33 83 1 79 66 73 1 25 9 52 1 56 32 10 1 0 0 0 0 19 44 91 1 36 41 0 1 33 63 37 1 60 40 40 1 54 53 86 1 0 0 0 0 18 57 58 1 0 0 0 0 71 48 45 1 41 13 21 1 20 8 37 1 0 0 34 1 0 0 0 0 0 0 0 0 8 27 53 1 12 37 0 1 25 0 50 1 0 0 9 1 0 6 26 1 6 0 0 1 0 47 49 1 4 11 0 1 35 14 13 1 21 7 37 1 0 4 40 1 9 40 0 1 15 0 27 1 18 44 19 1 46 43 52 1 22 0 0 1
25 16 43 1 6 77 34 1 34 35 63 1 48 31 23 1 23 39 44 1 41 37 29 1 39 41 26 1 20 14 7 1 0 0 0 0 15 28 22 1 0 0 0 0 36 57 93 1 41 44 68 1 9 50 84 1 21 45 60 1 51 57 80 1 42 33 117 1 73 46 41 1 12 65 67 1 17 58 71 1 61 69 63 1 23 72 96 1 83 108 94 1 38 12 30 1 37 43 61 1 37 25 47 1 52 55 50 1 44 42 9 1 86 57 74 1 43 7 54 1 36 29 64 1 37 65 93 1 37 64 11 1 25 88 56 1 67 35 37 1 85 57 76 1 45 64 82 1 0 82 54 1 38 37 60 1 46 36 63 1 21 39 67 1 24 43 29 1 54 11 14 1 38 21 20 1 34 39 32 1 6 54 67 1 43 32 0 1 0 26 13 1 0 0 0 0 18 21 0 1 0 17 33 1 0 0 0 0 12 18 0 1 25 8 0 1 43 0 11 1 10 9 0 1 0 3 36 1 42 3 18 1 21 0 24 1 32 24 15 1 12 9 7 1 33 32 20 1 38 0 23 1
39 1 64 1 8 1 42 1 20 27 50 1 29 29 36 1 28 11 16 1 0 0 0 0 2 0 13 1 64 16 48 1 50 72 52 1 0 0 0 0 0 0 0 0 26 0 99 1 62 62 50 1 35 31 28 1 30 57 69 1 41 47 81 1 45 61 87 1 23 45 54 1 50 63 68 1 26 36 69 1 28 26 66 1 61 30 73 1 34 20 107 1 53 16 78 1 23 45 37 1 31 3 74 1 69 44 49 1 22 48 56 1 68 60 63 1 5 72 68 1 37 23 71 1 15 51 83 1 33 19 64 1 52 38 29 1 40 55 75 1 92 33 59 1 47 71 74 1 48 40 65 1 63 56 59 1 25 43 31 1 37 28 46 1 16 26 49 1 21 46 80 1 25 26 59 1 37 48 28 1 45 67 49 1 14 0 0 1 19 0 56 1 22 11 18 1 43 31 29 1 0 22 35 1 33 28 32 1 22 17 33 1 0 0 0 0 20 51 15 1 10 30 0 1 0 52 70 1 0 0 31 1 2 28 29 1 19 10 0 1 4 63 32 1 38 78 26 1 0 5 0 1
0 0 0 0 7 4 46 1 44 51 80 1 45 0 64 1 42 23 18 1 61 20 2 1 0 0 0 0 18 30 3 1 7 43 30 1 45 4 38 1 28 33 20 1 89 0 56 1 36 24 57 1 0 0 0 0 41 0 59 1 23 48 89 1 53 50 60 1 3 35 57 1 18 28 64 1 46 31 50 1 15 47 59 1 62 48 104 1 30 53 43 1 44 49 98 1 59 26 27 1 35 44 67 1 0 0 0 0 3 17 80 1 41 33 63 1 37 90 41 1 0 0 0 0 62 64 56 1 60 47 64 1 41 60 86 1 8 45 65 1 91 63 57 1 45 31 33 1 50 76 64 1 29 47 39 1 36 0 32 1 15 16 47 1 15 0 56 1 30 59 33 1 54 17 31 1 14 61 31 1 31 40 59 1 0 0 0 0 0 22 75 1 34 27 41 1 16 0 22 1 0 6 76 1 14 28 33 1 12 17 15 1 12 8 43 1 13 18 23 1 0 0 0 1 3 0 36 1 10 0 0 1 18 14 7 1 28 28 28 1 0 0 25 1 6 48 0 1 0 0 0 0
30 22 68 1 29 36 57 1 82 31 59 1 0 63 81 1 51 21 32 1 0 20 19 1 0 0 29 1 56 25 42 1 0 30 26 1 4 29 48 1 24 12 64 1 38 29 14 1 0 0 0 0 37 28 32 1 71 68 101 1 26 23 65 1 52 5 26 1 64 39 41 1 0 0 0 0 33 24 8 1 76 54 76 1 49 64 25 1 59 36 41 1 40 65 7 1 47 50 65 1 24 76 78 1 38 33 78 1 12 31 72 1 49 49 58 1 14 69 63 1 13 26 70 1 0 0 0 0 57 45 76 1 86 72 99 1 60 30 56 1 18 16 73 1 41 8 45 1 25 67 37 1 0 39 27 1 38 16 64 1 47 0 36 1 70 9 31 1 39 46 29 1 15 49 30 1 9 16 34 1 0 0 0 0 28 11 12 1 22 1 85 1 2 19 0 1 3 0 40 1 41 40 0 1 0 0 0 0 15 7 15 1 34 20 11 1 0 0 0 0 0 0 0 0 0 37 8 1 18 4 0 1 0 26 23 1 17 20 0 1 8 6 55 1 29 56 37 1 0 0 0 0
0 0 0 0 13 24 32 1 70 46 25 1 36 37 78 1 13 31 54 1 39 37 61 1 34 18 23 1 37 0 37 1 0 0 0 0 0 30 55 1 35 0 72 1 55 0 65 1 28 42 51 1 59 38 47 1 53 52 96 1 46 48 30 1 45 53 47 1 0 53 53 1 0 0 0 0 62 15 66 1 32 61 65 1 80 60 92 1 76 70 56 1 0 0 0 0 65 62 70 1 18 59 70 1 23 46 49 1 25 46 55 1 65 62 81 1 0 0 0 0 48 58 53 1 33 60 67 1 51 41 85 1 49 49 65 1 68 53 55 1 51 43 94 1 26 42 72 1 0 41 62 1 16 54 91 1 0 0 0 0 0 24 38 1 34 30 49 1 0 57 38 1 15 0 66 1 23 29 43 1 3 38 14 1 32 0 25 1 17 0 0 1 21 33 35 1 17 18 34 1 19 4 0 1 4 0 7 1 34 0 21 1 15 0 15 1 0 58 21 1 9 25 2 1 6 0 6 1 0 18 27 1 0 21 7 1 30 22 2 1 19 36 45 1 1 0 14 1 8 0 26 1
24 38 57 1 47 35 43 1 0 55 75 1 31 38 66 1 0 44 53 1 11 42 47 1 19 18 26 1 46 36 61 1 17 41 28 1 35 20 5 1 39 29 4 1 37 17 33 1 65 51 70 1 44 3 53 1 87 73 73 1 19 33 64 1 48 25 52 1 63 64 38 1 65 0 46 1 0 0 0 0 61 71 48 1 39 67 56 1 60 0 59 1 48 74 65 1 65 90 86 1 79 98 59 1 96 63 60 1 18 55 50 1 42 54 73 1 73 37 66 1 26 41 79 1 60 15 93 1 31 23 63 1 50 42 54 1 46 9 92 1 45 71 71 1 60 51 42 1 66 8 94 1 20 0 57 1 4 20 36 1 52 33 62 1 38 2 10 1 0 0 0 0 38 20 49 1 0 0 0 0 9 0 38 1 25 4 57 1 0 0 60 1 11 2 28 1 19 3 10 1 0 15 13 1 0 8 57 1 0 10 7 1 0 0 31 1 7 0 32 1 23 39 18 1 42 13 40 1 47 0 0 1 0 6 2 1 0 4 2 1 0 0 14 1 35 16 5 1 22 26 14 1
5 17 56 1 36 28 32 1 0 0 0 0 0 22 9 1 15 48 39 1 16 58 41 1 27 19 54 1 29 36 35 1 21 41 37 1 48 41 16 1 6 38 50 1 36 71 32 1 0 0 0 0 47 41 48 1 20 55 32 1 38 26 52 1 55 40 38 1 69 61 76 1 16 54 45 1 44 51 38 1 41 57 37 1 75 13 79 1 58 48 71 1 85 37 53 1 51 48 52 1 42 68 35 1 65 71 71 1 28 41 33 1 76 16 60 1 11 52 90 1 42 46 44 1 33 46 52 1 40 15 53 1 45 51 54 1 0 0 0 0 0 66 61 1 43 84 65 1 22 23 116 1 59 19 127 1 3 22 20 1 0 36 30 1 43 34 14 1 20 26 33 1 38 36 32 1 0 17 34 1 29 10 7 1 34 0 11 1 7 0 18 1 19 0 43 1 50 25 12 1 13 35 4 1 6 8 46 1 6 0 18 1 37 40 0 1 37 43 43 1 21 16 0 1 36 0 9 1 6 0 21 1 30 0 10 1 30 12 43 1 43 0 0 1 19 0 54 1 35 17 94 1
18 50 69 1 17 35 46 1 27 26 52 1 7 0 55 1 6 41 2 1 0 0 0 0 54 29 37 1 10 17 70 1 43 0 13 1 0 0 0 0 7 38 25 1 48 20 19 1 57 0 31 1 0 0 0 0 50 24 65 1 30 53 66 1 76 7 71 1 39 45 58 1 80 20 24 1 0 74 21 1 0 0 0 0 41 56 50 1 30 29 64 1 31 48 47 1 20 0 94 1 12 46 41 1 6 37 60 1 47 35 68 1 10 49 51 1 61 35 56 1 9 52 73 1 50 37 77 1 31 39 75 1 67 37 58 1 0 0 0 0 31 72 67 1 40 20 55 1 39 64 61 1 23 49 60 1 71 21 88 1 12 47 56 1 0 0 0 0 30 59 63 1 1 21 38 1 3 13 43 1 9 42 21 1 28 0 8 1 0 0 0 0 0 54 57 1 0 0 28 1 51 0 0 1 0 0 0 0 23 0 53 1 0 35 23 1 0 0 7 1 17 40 10 1 54 23 19 1 43 12 24 1 56 9 0 1 10 20 57 1 34 4 51 1 22 3 56 1 26 62 11 1
57 53 57 1 65 30 65 1 24 63 61 1 34 17 51 1 42 12 0 1 29 6 38 1 19 45 42 1 45 0 0 1 15 0 0 1 16 0 0 1 17 16 29 1 6 16 57 1 0 42 73 1 63 29 51 1 48 31 50 1 14 12 32 1 0 18 18 1 17 46 52 1 31 30 30 1 13 65 37 1 38 25 36 1 15 18 46 1 13 0 53 1 27 41 95 1 50 57 59 1 42 35 94 1 12 54 62 1 0 0 0 0 64 34 72 1 27 53 74 1 56 51 33 1 27 20 61 1 51 5 72 1 62 43 88 1 81 67 80 1 60 56 69 1 26 30 30 1 14 10 61 1 91 32 56 1 19 38 54 1 6 36 27 1 15 46 28 1 30 17 42 1 24 12 51 1 23 9 0 1 19 0 74 1 8 24 47 1 0 17 9 1 0 38 0 1 26 0 70 1 0 0 65 1 19 0 29 1 18 17 22 1 37 0 0 1 20 7 25 1 0 0 0 0 11 20 32 1 8 43 19 1 11 50 29 1 28 20 14 1 21 75 72 1 48 30 74 1 32 50 46 1
34 20 72 1 0 13 87 1 0 0 0 0 26 27 40 1 57 24 10 1 0 44 27 1 27 31 0 1 0 64 10 1 30 13 78 1 46 0 27 1 70 26 75 1 47 16 55 1 40 0 49 1 43 0 20 1 0 19 27 1 39 29 60 1 53 44 37 1 31 51 29 1 0 0 0 0 58 52 83 1 31 12 55 1 30 25 26 1 36 51 70 1 2 52 38 1 5 37 42 1 36 31 34 1 82 22 65 1 19 10 25 1 59 46 103 1 46 89 48 1 0 0 0 0 41 13 34 1 5 67 58 1 26 57 44 1 53 72 87 1 0 0 0 0 43 20 78 1 29 68 88 1 2 24 43 1 40 41 45 1 67 34 36 1 0 0 0 0 0 30 12 1 32 8 17 1 49 0 11 1 35 21 1 1 3 47 3 1 0 0 23 1 28 0 33 1 28 13 17 1 38 0 57 1 15 0 0 1 40 41 38 1 29 8 0 1 17 22 2 1 0 0 22 1 42 21 37 1 32 22 48 1 15 0 56 1 0 0 0 0 68 46 95 1 29 30 112 1 37 25 57 1
61 14 41 1 2 38 19 1 7 0 32 1 0 0 0 0 0 5 0 1 0 0 0 0 2 7 34 1 45 3 5 1 0 21 18 1 19 0 38 1 0 13 12 1 51 1 45 1 19 36 31 1 0 0 0 0 13 0 26 1 30 28 10 1 43 25 50 1 14 7 28 1 20 0 0 1 0 44 44 1 14 4 40 1 22 58 36 1 75 61 12 1 0 0 0 0 42 34 30 1 27 14 61 1 16 57 39 1 0 0 0 0 38 22 82 1 0 36 64 1 73 82 32 1 41 23 49 1 53 46 63 1 32 50 42 1 25 51 77 1 55 24 85 1 19 14 37 1 0 16 76 1 53 0 49 1 27 33 74 1 6 0 45 1 0 0 0 0 0 0 36 1 13 30 56 1 0 17 45 1 0 2 11 1 14 23 0 1 10 0 5 1 0 3 10 1 42 0 17 1 8 28 13 1 10 14 28 1 0 0 0 0 0 0 20 1 16 0 0 1 44 29 4 1 12 7 23 1 32 17 61 1 0 0 0 0 0 0 0 0 82 15 73 1 46 50 77 1 41 17 49 1
35 35 76 1 41 24 35 1 32 29 49 1 24 36 20 1 62 1 20 1 11 0 11 1 23 0 12 1 0 0 0 0 8 29 41 1 29 1 15 1 42 0 36 1 10 6 42 1 0 0 0 0 1 0 34 1 28 10 24 1 42 3 28 1 36 0 38 1 54 34 34 1 1 10 52 1 0 41 5 1 5 21 24 1 28 23 89 1 20 61 66 1 90 12 34 1 31 22 70 1 0 0 0 0 18 33 53 1 0 48 43 1 38 26 42 1 39 11 22 1 31 37 105 1 45 41 66 1 54 47 84 1 0 0 0 0 22 12 17 1 18 38 36 1 0 0 0 0 54 13 59 1 25 8 64 1 0 0 0 0 23 36 44 1 18 23 45 1 10 34 16 1 0 29 19 1 0 4 60 1 25 0 23 1 10 18 12 1 8 20 31 1 25 34 21 1 42 0 25 1 14 7 0 1 52 22 12 1 24 13 40 1 39 0 21 1 0 0 0 0 0 32 18 1 52 0 57 1 7 7 11 1 30 33 65 1 61 22 75 1 84 62 75 1 40 43 76 1 18 5 53 1
95 56 84 1 0 0 0 0 15 21 4 1 22 44 9 1 28 11 2 1 20 33 11 1 18 0 13 1 54 33 58 1 17 0 45 1 9 28 36 1 0 0 0 0 0 0 0 0 16 0 25 1 0 0 0 0 24 0 23 1 0 0 0 0 0 28 11 1 38 29 13 1 9 20 14 1 29 7 36 1 0 11 38 1 34 17 47 1 40 60 0 1 34 36 37 1 0 0 0 0 52 52 27 1 58 19 42 1 27 40 73 1 0 49 62 1 44 36 27 1 0 0 0 0 45 28 33 1 25 1 42 1 25 17 53 1 34 50 32 1 45 4 11 1 17 7 49 1 43 29 67 1 35 0 15 1 8 17 29 1 18 12 26 1 40 34 14 1 0 21 22 1 12 0 27 1 0 29 29 1 13 0 3 1 0 24 23 1 0 18 28 1 0 0 11 1 36 0 41 1 0 43 32 1 0 23 32 1 0 0 0 1 29 61 46 1 49 19 18 1 35 39 33 1 44 18 53 1 51 11 74 1 52 52 55 1 24 45 71 1 53 109 115 1 39 31 92 1 87 3 66 1
0 0 0 0 18 32 45 1 0 15 56 1 38 4 0 1 0 36 54 1 17 18 29 1 40 33 18 1 24 39 16 1 13 37 54 1 0 5 26 1 0 30 0 1 8 36 8 1 34 72 43 1 0 2 35 1 24 16 35 1 31 14 6 1 49 23 7 1 30 16 2 1 24 46 13 1 18 30 40 1 4 35 34 1 29 45 47 1 37 42 65 1 0 56 73 1 0 0 23 1 8 22 52 1 39 13 42 1 43 60 86 1 37 30 20 1 45 18 46 1 0 0 48 1 24 0 32 1 40 0 0 1 35 16 50 1 5 0 26 1 28 5 40 1 71 43 0 1 4 12 44 1 28 19 49 1 52 50 55 1 19 31 9 1 17 39 7 1 14 27 22 1 19 0 26 1 0 0 0 0 6 4 7 1 0 0 0 0 0 0 0 1 8 34 0 1 2 29 29 1 0 39 26 1 33 79 54 1 42 7 7 1 19 2 31 1 38 19 41 1 29 43 39 1 0 0 0 0 41 56 62 1 56 63 61 1 102 36 89 1 77 72 101 1 32 71 76 1 0 0 0 0
26 35 4 1 22 0 26 1 0 0 0 0 45 0 81 1 35 36 54 1 3 10 0 1 0 0 0 0 28 32 19 1 23 32 0 1 30 6 34 1 0 45 20 1 9 10 39 1 14 0 9 1 0 71 29 1 9 32 16 1 20 0 32 1 32 0 33 1 36 24 70 1 57 35 59 1 30 66 55 1 65 47 58 1 60 33 58 1 5 14 45 1 47 21 34 1 0 16 0 1 41 48 13 1 69 21 43 1 62 50 43 1 48 20 42 1 13 10 35 1 28 1 44 1 43 3 37 1 43 2 50 1 68 54 27 1 37 3 8 1 50 16 21 1 34 15 50 1 11 6 7 1 59 7 68 1 25 0 62 1 14 15 31 1 19 12 56 1 0 0 0 0 18 0 23 1 29 1 17 1 37 15 63 1 0 0 0 0 0 11 24 1 2 11 25 1 0 0 53 1 47 22 0 1 27 38 19 1 35 0 13 1 21 0 35 1 53 42 41 1 61 56 54 1 63 64 54 1 58 40 50 1 51 18 87 1 0 0 0 0 45 77 69 1 4 0 50 1 17 26 26 1
0 0 0 0 37 47 27 1 24 34 19 1 19 0 21 1 15 11 11 1 6 17 23 1 18 29 14 1 31 18 19 1 42 21 36 1 19 3 40 1 13 0 0 1 45 0 30 1 20 29 57 1 0 0 0 0 4 9 39 1 0 32 31 1 0 8 31 1 27 3 21 1 16 18 33 1 80 2 56 1 38 0 32 1 0 0 0 0 34 53 23 1 27 11 55 1 25 27 86 1 40 8 29 1 11 20 77 1 27 35 82 1 70 4 57 1 8 0 66 1 28 29 80 1 0 0 3 1 39 38 41 1 0 0 0 0 17 34 17 1 0 0 15 1 37 0 32 1 0 0 0 0 34 26 23 1 37 0 19 1 15 25 66 1 23 6 4 1 0 0 22 1 12 18 15 1 13 10 17 1 22 4 7 1 0 18 53 1 0 27 0 1 29 12 27 1 0 23 14 1 0 0 42 1 70 26 28 1 45 36 27 1 26 83 44 1 0 0 0 0 17 35 96 1 64 19 70 1 15 57 107 1 40 63 109 1 73 84 114 1 55 58 113 1 50 22 51 1 39 45 41 1
2 60 89 1 32 0 36 1 35 18 26 1 43 72 0 1 25 9 5 1 38 0 20 1 0 0 0 0 0 0 0 0 21 0 10 1 0 0 0 0 0 0 0 0 31 0 9 1 18 0 0 1 17 25 55 1 0 0 27 1 0 0 0 1 17 0 24 1 34 1 24 1 53 20 56 1 1 26 46 1 38 28 5 1 28 23 50 1 51 44 19 1 24 54 23 1 63 20 78 1 26 8 86 1 0 0 0 0 10 25 48 1 48 5 86 1 1 42 51 1 0 0 0 0 0 22 82 1 36 29 33 1 47 46 5 1 12 0 15 1 33 28 0 1 8 1 63 1 29 34 54 1 38 36 0 1 8 46 39 1 31 5 55 1 26 9 49 1 11 29 17 1 20 25 6 1 9 10 8 1 12 40 17 1 35 6 35 1 0 41 14 1 40 32 58 1 0 0 0 0 30 13 50 1 17 43 53 1 1 14 84 1 0 0 0 0 43 44 123 1 57 45 76 1 53 28 115 1 64 40 120 1 75 62 105 1 57 35 84 1 46 27 118 1 68 25 53 1 0 0 0 0
38 11 9 1 41 57 46 1 15 25 35 1 0 22 46 1 14 18 32 1 0 25 52 1 36 23 32 1 68 26 37 1 19 29 15 1 0 0 0 0 34 0 0 1 69 19 0 1 41 28 26 1 6 1 33 1 25 29 14 1 9 18 0 1 17 14 29 1 39 57 30 1 11 38 62 1 39 31 25 1 34 30 7 1 20 18 38 1 36 25 35 1 71 0 58 1 30 31 54 1 44 61 12 1 7 38 21 1 8 0 32 1 26 18 20 1 4 37 19 1 20 0 43 1 15 19 69 1 29 68 66 1 19 25 53 1 35 0 34 1 0 0 0 0 23 0 1 1 18 3 37 1 22 30 32 1 13 20 12 1 6 0 14 1 0 22 75 1 26 52 23 1 0 0 0 0 0 3 0 1 5 4 0 1 9 20 52 1 24 16 76 1 27 32 59 1 27 49 103 1 62 38 83 1 44 66 101 1 43 61 50 1 57 30 85 1 31 55 87 1 58 38 122 1 65 54 90 1 55 36 59 1 41 51 102 1 16 43 101 1 72 13 117 1 62 79 68 1 26 0 44 1
29 48 66 1 26 49 26 1 36 0 51 1 44 22 77 1 39 32 47 1 31 0 16 1 33 0 2 1 0 0 0 0 23 0 7 1 0 0 17 1 35 1 13 1 7 15 36 1 42 0 21 1 20 14 6 1 0 13 0 1 55 0 36 1 17 19 26 1 24 44 26 1 19 0 0 1 0 38 29 1 12 36 26 1 6 0 65 1 53 22 31 1 42 25 12 1 30 29 53 1 48 31 37 1 46 19 26 1 24 28 65 1 19 0 22 1 43 26 24 1 27 8 3 1 0 38 30 1 38 2 36 1 32 45 74 1 9 32 33 1 15 5 11 1 20 0 0 1 54 0 44 1 18 36 35 1 40 51 38 1 18 55 53 1 38 36 14 1 0 0 0 0 36 0 79 1 0 0 34 1 0 0 53 1 25 19 67 1 46 42 63 1 0 0 0 0 0 0 0 0 0 0 0 0 53 87 88 1 52 36 70 1 84 44 108 1 0 0 0 0 52 59 64 1 72 20 113 1 52 81 131 1 57 49 76 1 13 14 72 1 0 0 0 0 0 0 0 0 29 29 54 1
50 30 79 1 43 32 0 1 50 55 53 1 5 50 35 1 58 4 41 1 40 0 13 1 0 7 10 1 0 17 25 1 0 20 28 1 51 0 63 1 6 0 34 1 15 0 0 1 0 31 33 1 0 33 21 1 61 26 67 1 61 18 24 1 0 39 73 1 29 11 24 1 0 0 0 0 38 0 21 1 49 52 44 1 28 10 13 1 62 40 22 1 10 7 36 1 25 24 24 1 0 0 0 0 0 0 0 0 10 41 44 1 24 0 49 1 33 11 66 1 0 0 0 0 23 25 51 1 51 0 23 1 45 0 8 1 0 0 0 0 43 31 66 1 5 19 46 1 0 0 0 0 37 23 43 1 38 53 56 1 22 0 52 1 0 0 0 0 23 7 36 1 82 31 92 1 32 32 92 1 48 32 55 1 84 40 77 1 56 27 103 1 66 14 70 1 55 43 144 1 75 0 143 1 51 47 130 1 44 29 100 1 22 36 106 1 44 47 102 1 52 71 124 1 45 41 115 1 6 23 78 1 47 64 47 1 50 0 77 1 47 34 56 1 36 50 62 1 28 7 28 1
45 49 43 1 34 24 20 1 47 47 20 1 16 44 46 1 38 65 31 1 50 46 33 1 37 0 43 1 23 8 37 1 0 15 37 1 56 14 0 1 45 0 0 1 30 21 0 1 0 19 0 1 0 0 0 1 0 21 10 1 0 0 0 0 8 0 4 1 0 0 0 1 30 20 9 1 0 32 24 1 27 16 52 1 11 5 43 1 39 34 59 1 23 22 39 1 32 75 44 1 15 0 50 1 21 0 15 1 0 25 68 1 0 0 0 0 0 0 0 0 35 37 79 1 16 0 53 1 23 27 26 1 31 47 55 1 50 6 18 1 0 0 0 0 52 19 0 1 1 68 13 1 27 17 48 1 68 8 71 1 0 0 0 0 0 0 0 0 59 0 68 1 55 98 59 1 37 56 83 1 21 10 82 1 31 30 87 1 93 55 136 1 75 73 130 1 78 25 113 1 25 106 67 1 54 30 86 1 11 27 94 1 52 92 98 1 0 0 0 0 62 54 70 1 18 21 75 1 42 41 127 1 12 37 97 1 86 67 95 1 0 0 0 0 0 0 0 0 64 27 49 1
20 10 18 1 0 0 0 0 0 0 0 0 34 32 34 1 20 19 26 1 29 30 57 1 28 0 72 1 0 21 56 1 24 33 42 1 43 0 41 1 25 0 0 1 30 14 0 1 7 7 31 1 22 4 12 1 8 21 23 1 41 13 46 1 30 41 65 1 0 0 15 1 38 12 27 1 16 0 26 1 27 0 32 1 19 18 57 1 22 36 66 1 7 4 19 1 32 0 58 1 36 39 70 1 47 36 67 1 35 15 42 1 28 30 32 1 0 40 45 1 32 33 32 1 6 14 34 1 35 36 55 1 36 51 56 1 56 16 70 1 0 0 0 0 19 11 0 1 12 23 20 1 64 39 55 1 0 38 69 1 16 27 75 1 56 70 67 1 0 0 0 0 95 34 110 1 48 37 108 1 49 42 108 1 20 47 81 1 62 69 126 1 7 75 98 1 27 90 106 1 0 0 0 0 47 15 109 1 41 58 130 1 0 0 0 0 83 109 99 1 23 49 118 1 74 54 121 1 62 58 127 1 40 7 73 1 21 29 38 1 69 10 70 1 61 17 66 1 0 0 0 0
0 15 38 1 13 26 59 1 0 0 18 1 0 0 0 0 26 31 6 1 40 53 21 1 0 34 49 1 19 19 25 1 43 4 47 1 10 44 34 1 18 0 52 1 40 13 0 1 0 0 0 1 0 24 15 1 22 0 51 1 20 12 19 1 16 3 59 1 39 0 42 1 0 7 0 1 0 0 0 0 0 43 31 1 35 51 66 1 55 38 86 1 38 31 27 1 23 31 21 1 0 0 0 0 61 1 5 1 59 34 73 1 0 21 64 1 8 87 43 1 33 17 0 1 15 31 35 1 36 21 39 1 27 82 63 1 42 41 53 1 48 37 73 1 31 9 59 1 26 82 22 1 42 3 99 1 66 0 61 1 23 61 97 1 37 41 90 1 55 45 78 1 53 56 127 1 81 89 97 1 32 50 105 1 33 51 127 1 67 74 137 1 0 57 115 1 50 47 57 1 54 65 79 1 66 55 92 1 16 57 106 1 73 72 88 1 49 40 81 1 61 52 86 1 48 50 109 1 39 48 90 1 24 46 68 1 0 0 0 0 32 29 60 1 36 22 76 1 33 26 62 1
48 0 43 1 27 28 55 1 15 26 23 1 15 0 43 1 21 10 42 1 29 47 40 1 3 12 76 1 0 0 0 0 26 0 18 1 11 20 39 1 74 0 3 1 3 0 22 1 16 0 45 1 23 15 40 1 12 41 33 1 0 0 0 0 17 34 31 1 18 51 29 1 29 0 43 1 8 26 50 1 49 59 27 1 0 38 73 1 7 24 76 1 0 0 0 0 24 0 36 1 39 0 26 1 19 8 4 1 55 44 44 1 23 60 51 1 5 17 50 1 59 0 54 1 37 46 96 1 0 0 0 0 38 44 41 1 70 67 55 1 32 50 61 1 53 16 78 1 66 23 77 1 0 0 0 0 37 36 111 1 54 49 121 1 75 44 68 1 38 71 115 1 60 66 107 1 78 69 154 1 27 51 113 1 60 68 89 1 76 61 95 1 5 26 98 1 61 79 102 1 96 24 95 1 66 66 100 1 45 0 80 1 45 21 108 1 39 39 94 1 75 82 85 1 81 70 124 1 73 58 101 1 79 60 72 1 13 45 65 1 0 0 0 0 25 35 27 1 57 22 85 1
14 38 0 1 1 42 39 1 54 0 49 1 26 12 59 1 51 8 56 1 31 24 15 1 34 7 59 1 23 40 13 1 34 13 16 1 0 50 49 1 0 0 0 0 5 14 0 1 15 20 39 1 13 31 14 1 12 20 28 1 7 31 8 1 0 35 48 1 12 6 20 1 25 23 30 1 0 57 59 1 29 55 36 1 17 43 20 1 52 30 29 1 0 7 31 1 29 34 0 1 21 20 52 1 28 1 55 1 4 3 76 1 0 22 46 1 0 0 0 0 9 21 7 1 81 12 93 1 0 0 0 0 38 50 65 1 20 56 62 1 37 15 110 1 44 36 120 1 34 84 119 1 76 66 118 1 84 77 113 1 27 41 103 1 51 18 115 1 26 83 87 1 16 33 107 1 41 30 90 1 91 40 111 1 6 69 76 1 68 51 52 1 60 58 107 1 51 47 28 1 73 54 77 1 38 61 105 1 46 55 90 1 63 32 112 1 18 71 78 1 26 18 104 1 74 73 76 1 5 45 102 1 70 27 79 1 29 27 58 1 55 16 44 1 48 19 47 1 26 14 41 1
5 16 53 1 43 0 48 1 31 4 4 1 35 32 0 1 19 14 44 1 22 59 7 1 43 22 39 1 46 25 32 1 29 0 16 1 0 24 21 1 0 0 0 0 9 11 14 1 46 0 19 1 48 26 18 1 8 3 23 1 48 19 36 1 19 4 61 1 0 19 43 1 3 12 0 1 18 40 57 1 46 11 23 1 15 45 38 1 23 31 65 1 17 0 17 1 31 35 53 1 51 14 32 1 31 0 35 1 0 0 0 0 30 57 44 1 39 8 50 1 57 32 79 1 0 0 0 0 50 65 78 1 33 0 54 1 37 8 140 1 40 15 52 1 16 34 90 1 14 7 101 1 55 73 117 1 53 35 112 1 9 27 118 1 33 68 112 1 35 41 97 1 80 61 146 1 0 0 0 0 67 68 53 1 34 42 47 1 34 57 121 1 10 47 90 1 29 82 83 1 69 34 40 1 72 71 33 1 0 0 0 0 39 82 107 1 86 43 72 1 45 60 108 1 74 72 93 1 58 63 98 1 8 52 104 1 0 0 0 0 14 26 53 1 14 35 29 1 11 37 44 1
30 6 16 1 16 0 39 1 31 0 66 1 17 0 42 1 0 0 0 0 28 47 21 1 26 8 53 1 38 19 27 1 0 0 0 0 16 12 47 1 45 45 0 1 10 23 52 1 7 30 8 1 61 18 41 1 0 0 39 1 25 30 20 1 18 14 55 1 22 14 67 1 29 18 35 1 0 0 21 1 20 17 6 1 7 19 73 1 34 0 36 1 43 22 20 1 0 0 0 0 28 33 82 1 8 0 56 1 0 7 27 1 47 7 39 1 0 40 56 1 35 36 92 1 0 0 70 1 30 71 58 1 38 10 56 1 0 0 0 0 6 40 101 1 7 4 127 1 44 53 85 1 31 101 105 1 30 30 97 1 51 17 128 1 19 63 107 1 71 50 128 1 48 51 80 1 48 18 65 1 24 50 95 1 3 57 78 1 17 3 89 1 9 20 28 1 78 57 71 1 17 44 90 1 71 70 89 1 73 58 78 1 54 77 81 1 0 0 0 0 15 35 73 1 55 67 98 1 22 6 59 1 8 67 136 1 53 73 81 1 47 27 78 1 23 63 57 1 32 30 28 1
40 13 61 1 0 0 0 0 13 0 63 1 10 0 41 1 25 0 64 1 25 22 41 1 0 0 0 0 15 32 38 1 15 16 39 1 28 1 81 1 37 16 0 1 27 23 53 1 47 14 13 1 20 33 47 1 24 34 72 1 43 12 87 1 36 22 22 1 28 2 73 1 9 0 63 1 12 34 70 1 0 6 31 1 49 31 34 1 0 0 0 0 28 53 65 1 28 40 31 1 46 4 49 1 31 7 35 1 19 11 26 1 2 36 59 1 32 0 76 1 23 36 59 1 33 55 101 1 0 0 0 0 33 35 54 1 0 0 0 0 0 0 0 0 61 28 118 1 0 0 0 0 80 35 94 1 63 55 125 1 49 39 109 1 80 51 117 1 18 69 105 1 27 54 91 1 56 39 91 1 60 17 61 1 21 47 101 1 88 65 91 1 25 34 58 1 18 44 51 1 57 60 65 1 45 62 104 1 36 62 113 1 81 102 104 1 0 0 0 0 49 11 91 1 79 17 96 1 42 51 76 1 43 50 80 1 28 15 69 1 24 48 52 1 9 75 58 1 11 25 29 1
55 37 28 1 0 0 0 0 31 51 21 1 48 13 68 1 0 41 0 1 43 0 29 1 39 0 54 1 14 43 26 1 0 0 0 0 31 36 2 1 4 1 57 1 29 0 27 1 50 0 33 1 29 33 66 1 59 1 9 1 28 39 50 1 0 0 0 0 47 0 28 1 0 0 0 0 15 0 63 1 49 0 78 1 65 17 16 1 71 1 50 1 1 16 13 1 39 14 38 1 22 10 47 1 38 49 21 1 43 15 41 1 63 56 93 1 42 36 125 1 55 22 93 1 39 34 99 1 37 70 96 1 50 59 137 1 66 67 99 1 53 83 122 1 38 30 125 1 66 19 124 1 30 55 105 1 0 0 0 0 43 60 128 1 50 52 115 1 53 59 58 1 73 64 101 1 54 63 63 1 32 78 77 1 36 50 56 1 30 90 81 1 56 16 85 1 6 47 116 1 67 22 93 1 24 34 96 1 57 66 107 1 23 86 87 1 64 71 68 1 23 40 75 1 42 83 60 1 42 82 37 1 0 0 0 0 0 0 0 0 0 0 0 0 28 49 37 1 74 45 43 1
35 33 53 1 29 33 46 1 22 76 9 1 15 31 24 1 50 23 79 1 53 35 47 1 35 21 29 1 65 62 49 1 38 55 59 1 38 5 72 1 11 40 34 1 0 14 12 1 36 8 0 1 55 7 39 1 43 15 15 1 29 32 58 1 33 4 35 1 12 9 64 1 29 27 36 1 59 35 55 1 4 18 83 1 51 16 19 1 30 25 31 1 50 0 34 1 11 41 69 1 19 35 49 1 73 44 63 1 25 64 68 1 48 6 98 1 60 35 129 1 29 22 108 1 10 63 107 1 66 73 125 1 49 48 126 1 83 65 155 1 63 34 112 1 64 29 110 1 42 57 133 1 28 94 82 1 45 34 132 1 63 48 128 1 43 52 144 1 0 0 0 0 87 45 67 1 0 0 0 0 39 66 101 1 60 23 120 1 16 43 79 1 51 44 62 1 19 25 54 1 0 0 0 0 41 69 111 1 47 44 83 1 68 34 88 1 70 48 85 1 43 97 72 1 62 43 43 1 28 11 66 1 8 56 96 1 19 44 68 1 61 41 73 1 41 26 70 1 44 36 50 1
24 61 36 1 10 23 9 1 0 0 0 0 58 21 21 1 0 70 92 1 7 0 57 1 1 23 6 1 10 22 52 1 9 29 32 1 32 30 61 1 0 0 53 1 61 21 34 1 0 64 61 1 0 0 0 0 45 0 25 1 27 56 47 1 43 51 44 1 44 0 45 1 32 43 22 1 55 35 39 1 27 0 39 1 32 30 27 1 17 15 0 1 34 21 32 1 44 0 68 1 28 14 107 1 11 54 75 1 34 71 134 1 0 0 0 0 9 58 149 1 71 70 178 1 26 52 128 1 75 56 89 1 60 88 145 1 30 22 117 1 72 96 135 1 69 84 133 1 69 78 112 1 0 0 0 0 0 0 0 0 51 25 93 1 14 70 87 1 51 30 70 1 32 37 88 1 28 71 152 1 46 77 126 1 37 47 103 1 65 17 59 1 40 60 90 1 43 44 102 1 52 48 108 1 47 34 56 1 47 80 143 1 31 26 105 1 28 67 65 1 25 35 86 1 23 85 62 1 39 49 95 1 51 49 68 1 66 44 71 1 6 47 60 1 0 0 0 0 30 52 55 1
16 46 15 1 47 21 25 1 46 53 79 1 54 76 31 1 23 31 54 1 0 0 0 0 47 20 91 1 6 54 59 1 19 60 71 1 54 42 51 1 40 35 67 1 25 15 81 1 74 30 44 1 23 3 69 1 58 64 12 1 29 51 19 1 0 0 0 0 39 45 1 1 27 2 54 1 32 48 30 1 0 7 30 1 31 23 32 1 3 25 7 1 64 52 56 1 27 1 75 1 51 22 136 1 104 66 113 1 21 75 120 1 62 67 139 1 63 70 148 1 60 73 131 1 48 28 174 1 41 58 130 1 53 63 94 1 56 59 122 1 41 75 140 1 55 75 87 1 37 63 114 1 54 90 161 1 54 68 117 1 51 53 114 1 66 78 148 1 32 71 125 1 56 41 98 1 39 41 95 1 15 56 68 1 0 0 0 0 96 50 112 1 72 63 67 1 40 19 92 1 20 43 102 1 53 56 87 1 13 71 91 1 0 0 0 0 45 16 80 1 0 0 0 0 14 45 81 1 16 52 61 1 69 17 74 1 20 52 102 1 17 67 59 1 9 71 82 1 45 50 74 1
0 0 0 0 42 33 55 1 36 10 49 1 26 27 59 1 6 31 66 1 0 0 0 0 42 38 80 1 46 10 35 1 23 56 28 1 55 4 62 1 29 28 43 1 8 20 47 1 31 27 47 1 17 0 68 1 24 39 53 1 0 0 0 0 47 10 30 1 0 0 0 0 0 16 61 1 43 0 50 1 0 0 0 0 28 26 61 1 37 5 87 1 58 37 127 1 0 0 0 0 42 59 105 1 82 86 98 1 58 32 138 1 45 64 128 1 35 79 133 1 47 51 129 1 32 61 124 1 61 58 139 1 39 28 125 1 75 46 130 1 20 47 107 1 46 50 106 1 3 55 96 1 40 66 110 1 10 73 76 1 20 46 145 1 46 39 143 1 33 40 139 1 55 27 66 1 43 26 123 1 62 99 103 1 49 11 78 1 46 64 91 1 52 75 94 1 53 55 76 1 0 0 0 0 37 59 93 1 59 51 64 1 18 44 76 1 54 81 78 1 58 91 125 1 70 71 91 1 0 0 0 0 74 47 94 1 3 46 40 1 0 0 0 0 50 58 75 1 0 0 0 0
4 0 36 1 33 15 36 1 40 55 108 1 0 0 0 0 35 22 61 1 8 55 13 1 35 43 61 1 18 55 53 1 35 0 58 1 0 0 47 1 23 12 17 1 38 38 70 1 71 76 24 1 42 40 74 1 0 0 0 0 19 22 52 1 33 35 39 1 38 63 48 1 19 17 31 1 0 0 0 0 0 0 66 1 23 23 66 1 0 45 110 1 0 0 0 0 44 73 122 1 76 61 128 1 39 41 145 1 61 50 165 1 38 76 168 1 43 86 161 1 62 45 153 1 38 32 124 1 44 68 95 1 0 0 0 0 64 80 114 1 40 70 112 1 28 34 124 1 53 59 93 1 52 66 111 1 0 0 0 0 53 71 98 1 66 66 101 1 71 48 134 1 0 0 0 0 49 48 67 1 47 32 78 1 46 40 92 1 0 0 0 0 62 57 79 1 0 0 0 0 27 56 78 1 0 0 0 0 63 47 72 1 0 0 0 0 76 59 69 1 52 61 75 1 72 56 79 1 0 0 0 0 55 37 45 1 60 75 51 1 77 79 113 1 82 90 101 1 67 34 46 1
46 4 49 1 59 22 60 1 72 30 28 1 60 40 42 1 89 39 36 1 42 30 58 1 16 59 77 1 34 73 72 1 64 35 30 1 28 74 92 1 0 61 27 1 30 32 27 1 44 8 45 1 41 22 44 1 34 18 45 1 29 35 24 1 36 4 60 1 40 24 23 1 6 0 25 1 53 60 24 1 0 0 0 0 39 47 112 1 36 36 116 1 39 52 126 1 63 84 118 1 0 0 0 0 87 63 162 1 39 41 163 1 51 59 143 1 29 26 141 1 41 28 96 1 41 50 133 1 42 50 111 1 52 44 123 1 81 60 133 1 67 54 103 1 65 46 107 1 49 60 70 1 64 45 99 1 69 10 95 1 0 69 89 1 0 0 0 0 31 92 121 1 63 23 116 1 53 54 111 1 20 0 77 1 35 22 81 1 72 45 84 1 0 0 0 0 55 56 67 1 22 11 49 1 60 37 59 1 49 69 67 1 63 94 70 1 58 78 84 1 62 73 117 1 40 74 97 1 47 101 77 1 0 0 0 0 35 56 45 1 78 106 107 1 62 111 71 1 0 0 0 0
0 0 0 0 0 23 48 1 17 36 75 1 46 9 46 1 27 15 16 1 35 12 52 1 50 0 81 1 26 48 43 1 0 0 0 0 17 67 28 1 62 52 35 1 52 34 32 1 48 23 31 1 23 11 77 1 0 0 0 0 27 22 68 1 75 7 78 1 16 21 66 1 41 8 70 1 17 1 92 1 56 78 78 1 67 80 115 1 71 32 134 1 23 69 108 1 78 37 132 1 75 81 111 1 0 0 0 0 63 43 137 1 75 48 134 1 70 80 105 1 69 33 113 1 31 47 141 1 69 46 135 1 69 76 129 1 0 0 0 0 31 59 128 1 57 42 149 1 50 37 96 1 21 36 92 1 73 66 79 1 60 38 129 1 42 66 99 1 36 89 109 1 26 78 102 1 0 0 0 0 31 51 123 1 13 25 74 1 42 17 58 1 36 60 83 1 32 23 63 1 38 64 63 1 50 103 82 1 25 67 63 1 0 0 0 0 57 69 57 1 23 64 90 1 71 43 108 1 59 58 122 1 15 26 58 1 17 53 60 1 56 102 52 1 82 103 68 1 66 52 46 1
73 54 33 1 47 57 28 1 0 0 96 1 42 31 26 1 0 25 85 1 67 0 53 1 37 32 49 1 40 40 15 1 22 39 18 1 80 29 42 1 0 46 19 1 32 62 91 1 0 21 64 1 57 32 52 1 61 49 49 1 37 12 57 1 67 17 85 1 57 48 97 1 79 48 109 1 31 11 124 1 26 39 147 1 66 58 124 1 101 47 133 1 65 47 140 1 0 0 0 0 46 55 138 1 72 89 144 1 0 0 0 0 83 69 164 1 18 48 132 1 61 70 115 1 55 81 140 1 0 0 0 0 18 26 100 1 41 66 136 1 69 50 103 1 60 89 98 1 72 34 98 1 54 67 89 1 66 82 103 1 46 53 93 1 46 64 76 1 7 17 118 1 67 75 115 1 25 45 75 1 43 59 107 1 36 20 53 1 59 58 36 1 45 9 60 1 92 53 95 1 54 8 109 1 36 0 57 1 57 83 98 1 63 108 117 1 51 52 68 1 87 99 83 1 55 51 105 1 35 45 54 1 57 70 65 1 50 23 40 1 30 78 80 1 66 104 113 1 117 67 35 1
1 22 59 1 48 23 75 1 23 21 54 1 57 13 22 1 27 21 39 1 23 5 35 1 0 32 38 1 36 0 47 1 35 14 65 1 8 16 64 1 0 0 0 0 27 22 78 1 16 53 75 1 64 31 87 1 24 70 42 1 64 32 86 1 60 69 150 1 54 56 107 1 56 75 101 1 55 33 127 1 82 58 128 1 72 66 141 1 49 92 146 1 63 80 144 1 72 84 118 1 25 80 133 1 0 52 131 1 80 81 178 1 36 106 113 1 42 48 133 1 49 28 120 1 62 57 146 1 42 67 107 1 46 13 129 1 56 64 109 1 0 0 0 0 52 42 91 1 47 80 78 1 58 60 103 1 51 54 85 1 41 66 150 1 37 26 102 1 47 78 101 1 0 0 0 0 0 0 0 0 18 48 77 1 32 74 51 1 21 1 58 1 7 61 59 1 53 63 77 1 15 42 107 1 43 49 58 1 58 50 88 1 79 59 71 1 45 43 77 1 24 57 87 1 41 78 71 1 17 0 30 1 29 8 101 1 46 66 30 1 44 75 90 1 49 62 99 1 103 83 44 1
42 19 52 1 0 0 0 0 83 37 60 1 18 48 71 1 7 42 64 1 42 17 60 1 83 0 85 1 28 31 47 1 60 41 103 1 0 0 0 0 6 44 67 1 14 38 96 1 45 31 69 1 56 31 89 1 23 54 102 1 58 58 121 1 59 64 90 1 45 69 113 1 79 87 122 1 58 83 141 1 47 66 90 1 55 97 123 1 53 53 102 1 64 82 126 1 0 0 0 0 28 40 123 1 55 73 114 1 60 65 141 1 110 84 169 1 0 34 135 1 68 50 117 1 57 55 145 1 33 73 111 1 37 52 160 1 0 0 0 0 76 93 92 1 37 37 119 1 74 53 67 1 51 53 70 1 55 65 92 1 31 42 84 1 40 37 98 1 5 16 95 1 29 85 79 1 63 22 107 1 11 19 56 1 39 76 50 1 6 47 91 1 17 78 88 1 0 0 0 0 0 0 0 0 9 59 59 1 44 44 102 1 71 42 67 1 65 59 76 1 73 49 86 1 75 70 73 1 16 48 47 1 29 64 48 1 0 0 0 0 0 0 0 0 75 80 46 1 124 128 46 1
0 0 0 0 20 16 8 1 0 0 0 0 34 37 113 1 48 4 51 1 20 41 50 1 32 34 35 1 0 0 0 0 66 67 93 1 45 85 128 1 26 76 129 1 103 91 104 1 47 43 117 1 44 52 126 1 0 0 0 0 43 34 126 1 42 53 130 1 26 55 143 1 45 66 132 1 49 42 145 1 63 68 120 1 43 89 157 1 26 57 127 1 53 97 130 1 60 63 113 1 54 77 123 1 56 39 127 1 58 40 134 1 68 84 126 1 40 47 109 1 59 49 88 1 42 67 146 1 74 74 106 1 39 56 109 1 65 89 113 1 39 51 102 1 0 0 0 0 73 62 106 1 44 77 95 1 31 45 101 1 30 47 105 1 0 0 0 0 58 97 75 1 54 49 84 1 27 22 66 1 23 58 75 1 44 52 72 1 56 28 81 1 26 49 61 1 0 0 0 0 0 37 109 1 29 82 84 1 33 38 96 1 23 52 85 1 42 86 90 1 71 68 78 1 21 74 74 1 0 57 23 1 72 90 54 1 83 86 102 1 19 65 61 1 91 57 74 1 146 138 66 1
36 61 69 1 37 14 49 1 37 16 34 1 51 38 69 1 1 48 77 1 57 63 60 1 62 36 66 1 56 32 84 1 27 71 104 1 80 45 112 1 76 46 135 1 68 22 105 1 27 36 108 1 45 61 145 1 60 54 121 1 88 37 141 1 57 84 129 1 63 43 159 1 0 0 0 0 49 52 175 1 0 0 0 0 46 51 144 1 53 56 107 1 82 70 139 1 54 66 146 1 35 56 111 1 27 59 135 1 66 53 118 1 31 30 178 1 67 65 100 1 40 57 134 1 38 75 106 1 65 76 133 1 0 0 0 0 77 45 137 1 48 51 101 1 0 0 0 0 0 0 0 0 0 0 0 0 0 0 87 1 59 72 83 1 68 54 118 1 0 0 0 0 0 0 0 0 28 39 84 1 0 48 77 1 0 0 0 0 43 60 77 1 45 39 85 1 0 0 0 0 23 4 79 1 0 40 68 1 50 21 68 1 73 29 102 1 65 29 93 1 74 68 108 1 65 59 91 1 0 0 0 0 41 85 73 1 0 0 0 0 114 82 85 1 184 155 84 1 0 0 0 0
27 23 59 1 56 21 62 1 0 0 0 0 0 0 0 0 26 23 92 1 90 49 86 1 48 69 61 1 35 33 117 1 74 49 123 1 0 0 0 0 47 63 94 1 0 81 147 1 49 99 174 1 59 62 160 1 48 80 149 1 29 40 129 1 7 44 127 1 0 0 0 0 48 41 156 1 0 0 0 0 54 60 112 1 35 33 113 1 41 86 162 1 17 99 142 1 44 77 152 1 68 75 139 1 40 23 99 1 59 71 137 1 25 76 130 1 0 0 0 0 28 48 119 1 80 47 131 1 38 47 103 1 33 61 102 1 0 0 0 0 68 57 145 1 74 69 100 1 69 65 107 1 48 70 96 1 0 0 0 0 29 52 93 1 71 57 93 1 45 69 123 1 0 0 0 0 12 22 96 1 37 48 68 1 25 63 90 1 0 0 0 0 31 90 84 1 60 66 92 1 53 56 46 1 19 31 73 1 44 22 78 1 76 68 74 1 49 61 105 1 3 36 46 1 0 0 0 0 27 31 62 1 111 124 105 1 191 122 152 1 181 119 86 1 154 176 122 1 174 150 88 1
74 39 63 1 0 0 0 0 52 30 102 1 62 28 124 1 56 64 101 1 51 56 96 1 39 49 99 1 40 50 76 1 46 82 132 1 55 48 115 1 53 86 145 1 54 89 176 1 105 70 167 1 25 89 120 1 59 124 154 1 69 33 153 1 67 90 136 1 45 54 173 1 27 49 167 1 23 20 110 1 16 25 121 1 50 43 184 1 73 39 112 1 47 36 147 1 77 40 116 1 30 45 156 1 50 65 113 1 38 38 184 1 93 53 134 1 46 46 114 1 32 65 139 1 73 45 89 1 69 31 110 1 0 0 0 0 66 54 76 1 62 40 117 1 0 0 0 0 69 56 112 1 0 0 0 0 0 0 0 0 101 31 142 1 62 43 76 1 59 34 117 1 88 70 100 1 50 18 89 1 58 45 114 1 24 49 67 1 67 55 109 1 0 0 0 0 67 50 87 1 12 50 77 1 0 0 0 0 57 32 89 1 0 90 119 1 60 69 87 1 92 76 76 1 0 20 57 1 38 15 48 1 157 104 104 1 189 134 145 1 153 153 98 1 0 0 0 0 131 139 45 1
0 0 0 0 60 47 99 1 66 45 114 1 0 0 0 0 101 45 144 1 0 0 0 0 0 0 0 0 26 59 158 1 87 43 107 1 0 0 0 0 57 52 161 1 0 0 0 0 89 93 118 1 56 77 152 1 45 91 177 1 65 11 165 1 14 63 163 1 33 64 178 1 48 58 129 1 27 78 186 1 42 89 159 1 67 38 121 1 57 42 144 1 63 73 139 1 75 30 137 1 21 73 122 1 51 48 129 1 61 46 107 1 36 44 101 1 0 0 0 0 47 58 132 1 38 58 108 1 46 48 111 1 0 0 0 0 53 67 88 1 80 88 88 1 22 30 136 1 44 52 84 1 40 12 106 1 72 73 115 1 48 60 70 1 0 0 0 0 74 77 92 1 28 65 70 1 50 30 91 1 0 0 0 0 51 14 98 1 32 35 77 1 52 39 73 1 26 62 109 1 38 40 44 1 67 14 92 1 59 50 95 1 40 23 86 1 0 0 0 0 34 47 73 1 39 21 70 1 49 31 62 1 99 99 94 1 114 143 105 1 151 172 35 1 151 122 61 1 172 100 66 1
13 48 102 1 57 28 101 1 74 58 126 1 54 88 136 1 51 35 126 1 45 28 177 1 64 66 133 1 83 51 134 1 91 67 160 1 29 59 161 1 48 97 147 1 66 55 134 1 45 58 161 1 8 38 181 1 60 58 141 1 64 57 150 1 42 37 206 1 19 84 181 1 57 64 111 1 80 51 170 1 47 27 149 1 59 42 169 1 50 55 167 1 0 0 0 0 65 48 142 1 27 87 131 1 31 26 146 1 49 36 128 1 28 6 128 1 65 87 138 1 25 54 136 1 56 90 130 1 55 81 127 1 21 45 130 1 22 104 52 1 30 66 87 1 72 51 105 1 90 35 88 1 52 16 111 1 42 88 117 1 26 77 113 1 61 16 113 1 18 37 141 1 27 31 96 1 33 71 87 1 29 71 66 1 0 44 87 1 50 31 39 1 45 0 100 1 47 74 39 1 56 40 66 1 78 60 115 1 54 22 118 1 11 88 86 1 48 73 85 1 58 69 87 1 57 43 56 1 58 110 32 1 176 170 72 1 144 141 90 1 194 143 75 1 204 136 68 1 211 155 95 1
52 5 76 1 64 19 110 1 24 50 143 1 0 0 0 0 53 83 136 1 21 57 128 1 81 52 149 1 35 37 138 1 40 97 136 1 98 57 159 1 68 93 149 1 41 60 137 1 59 112 181 1 57 31 194 1 28 79 147 1 65 70 167 1 80 73 151 1 46 48 141 1 17 29 161 1 52 91 103 1 45 48 155 1 69 105 132 1 58 67 142 1 98 60 135 1 0 0 0 0 83 37 161 1 51 54 132 1 60 87 133 1 46 35 117 1 67 102 102 1 61 58 133 1 29 52 135 1 46 58 129 1 44 61 83 1 53 47 92 1 46 45 99 1 86 35 122 1 62 7 91 1 0 0 0 0 77 38 86 1 103 71 127 1 55 83 115 1 22 38 72 1 57 80 64 1 43 66 130 1 50 21 76 1 45 73 62 1 22 101 23 1 19 56 92 1 29 67 86 1 58 55 101 1 22 29 95 1 66 34 119 1 62 50 128 1 84 54 94 1 58 84 71 1 59 21 66 1 90 106 102 1 152 123 77 1 182 193 90 1 144 146 55 1 207 185 93 1 145 130 57 1
47 20 88 1 27 40 130 1 48 78 116 1 63 97 127 1 72 50 160 1 48 89 134 1 19 79 138 1 59 56 156 1 100 97 149 1 50 85 166 1 30 94 165 1 89 104 140 1 37 81 166 1 94 21 156 1 70 54 153 1 54 54 124 1 65 69 135 1 35 73 138 1 31 48 153 1 25 69 104 1 52 47 136 1 53 36 160 1 33 40 116 1 66 24 185 1 41 54 144 1 32 76 162 1 71 52 129 1 40 60 144 1 38 24 121 1 60 7 121 1 89 67 118 1 40 25 121 1 14 79 105 1 0 29 90 1 0 0 0 0 0 0 0 0 45 50 116 1 51 79 96 1 46 100 119 1 20 23 106 1 36 61 86 1 29 84 87 1 21 59 99 1 34 68 122 1 32 18 99 1 50 41 110 1 24 53 53 1 29 32 40 1 37 85 92 1 36 56 77 1 41 92 103 1 60 51 123 1 56 30 82 1 27 48 79 1 42 45 137 1 20 23 75 1 72 74 65 1 128 58 62 1 166 166 88 1 190 162 53 1 212 150 54 1 125 158 62 1 137 162 73 1
53 33 121 1 39 33 111 1 50 68 148 1 39 50 112 1 20 46 159 1 88 62 113 1 62 51 198 1 0 0 0 0 62 108 138 1 17 91 156 1 54 52 160 1 46 78 168 1 58 76 141 1 53 54 148 1 23 69 140 1 0 0 0 0 29 71 179 1 43 67 163 1 34 41 143 1 63 97 161 1 57 45 139 1 0 0 0 0 79 23 143 1 0 0 0 0 53 72 155 1 38 55 110 1 38 33 152 1 0 0 141 1 54 72 154 1 55 79 162 1 50 48 96 1 47 75 92 1 49 41 88 1 42 45 77 1 37 62 89 1 64 25 88 1 67 37 85 1 62 42 89 1 50 70 111 1 64 50 60 1 59 25 72 1 41 75 60 1 57 75 128 1 44 50 105 1 70 74 72 1 0 0 0 0 0 30 81 1 22 28 76 1 23 14 83 1 41 39 87 1 0 0 0 0 50 50 99 1 45 22 111 1 52 58 112 1 59 64 82 1 28 37 67 1 52 49 65 1 0 0 0 0 128 191 82 1 0 0 0 0 214 148 58 1 185 135 55 1 144 118 97 1
0 0 0 0 58 60 155 1 0 0 0 0 41 66 167 1 50 75 110 1 29 51 136 1 106 71 148 1 48 87 163 1 76 91 189 1 22 74 143 1 25 79 125 1 31 82 126 1 0 0 0 0 46 53 176 1 17 44 169 1 0 0 0 0 0 0 0 0 63 84 160 1 67 103 158 1 0 0 0 0 81 40 108 1 41 55 163 1 60 95 141 1 20 85 114 1 18 101 132 1 0 0 0 0 59 66 124 1 37 44 159 1 52 86 128 1 41 40 97 1 47 66 104 1 43 59 104 1 52 67 86 1 62 41 99 1 38 41 91 1 63 22 93 1 26 60 86 1 58 39 98 1 21 51 128 1 34 62 83 1 43 25 91 1 15 69 105 1 34 53 91 1 48 11 103 1 73 39 82 1 46 25 128 1 72 48 96 1 56 36 54 1 13 32 46 1 25 56 145 1 62 104 126 1 75 89 129 1 42 57 112 1 54 43 111 1 57 46 50 1 94 64 74 1 154 121 79 1 177 146 79 1 201 158 114 1 148 145 87 1 163 141 108 1 145 172 88 1 141 148 75 1
0 0 0 0 62 83 122 1 34 87 130 1 0 0 0 0 69 89 164 1 24 135 141 1 86 80 146 1 51 53 159 1 80 64 142 1 30 67 126 1 62 76 143 1 20 76 156 1 16 60 145 1 0 0 0 0 65 63 146 1 68 61 140 1 55 56 127 1 20 46 142 1 22 40 93 1 43 59 157 1 28 24 136 1 18 42 116 1 36 94 130 1 46 41 160 1 59 32 126 1 36 46 128 1 90 29 165 1 58 50 116 1 11 85 116 1 30 38 118 1 28 33 121 1 17 47 84 1 43 60 102 1 36 30 98 1 34 37 114 1 73 8 79 1 55 65 78 1 73 50 72 1 31 33 56 1 0 46 106 1 60 43 79 1 50 41 92 1 41 46 61 1 53 64 150 1 74 21 106 1 6 95 96 1 59 37 95 1 0 0 0 0 0 0 0 0 0 0 0 0 39 50 90 1 46 87 79 1 94 76 126 1 60 18 99 1 22 27 43 1 123 139 101 1 144 134 107 1 153 179 73 1 0 0 0 0 140 194 94 1 169 158 38 1 146 151 85 1 190 154 143 1
61 81 170 1 47 68 125 1 56 42 135 1 39 74 150 1 54 83 202 1 37 79 156 1 70 86 112 1 68 53 157 1 76 85 131 1 65 67 150 1 58 52 140 1 47 110 166 1 39 65 142 1 19 88 175 1 38 43 149 1 84 85 187 1 14 80 160 1 27 49 126 1 52 63 133 1 44 70 164 1 51 30 161 1 72 54 144 1 0 0 0 0 37 30 125 1 45 59 138 1 0 0 0 0 68 68 110 1 52 87 126 1 43 58 110 1 41 59 109 1 55 38 89 1 73 39 135 1 36 38 135 1 45 45 56 1 68 19 80 1 37 44 88 1 45 50 94 1 71 26 92 1 49 38 64 1 26 54 62 1 47 45 67 1 17 17 62 1 34 72 132 1 82 68 123 1 101 55 64 1 48 33 106 1 38 51 57 1 13 27 82 1 21 53 99 1 33 48 106 1 73 91 123 1 51 28 113 1 53 109 113 1 46 83 51 1 0 1 32 1 132 84 70 1 183 155 82 1 0 0 0 0 207 144 104 1 168 124 107 1 137 137 38 1 160 146 102 1 200 178 121 1
68 49 174 1 6 68 161 1 40 26 162 1 26 63 144 1 79 57 192 1 47 58 138 1 34 23 172 1 25 98 97 1 49 56 149 1 33 82 147 1 68 80 164 1 67 62 121 1 79 78 150 1 52 87 156 1 64 37 164 1 66 82 128 1 32 89 140 1 63 71 150 1 75 36 142 1 0 0 0 0 88 74 124 1 103 83 149 1 31 71 104 1 63 58 137 1 85 49 172 1 80 77 143 1 37 51 80 1 47 82 99 1 0 0 0 0 63 80 115 1 56 44 157 1 27 62 134 1 52 37 127 1 51 36 102 1 55 43 105 1 76 36 85 1 45 10 100 1 33 76 87 1 31 40 80 1 35 59 69 1 0 0 0 0 4 26 83 1 72 88 99 1 0 0 0 0 56 66 92 1 47 49 126 1 36 16 111 1 0 65 98 1 22 88 74 1 28 47 82 1 37 73 92 1 54 46 54 1 42 62 68 1 0 0 0 0 49 33 97 1 105 130 119 1 161 142 95 1 134 163 75 1 0 0 0 0 0 0 0 0 159 156 38 1 112 149 88 1 0 0 0 0
20 65 127 1 71 86 157 1 0 0 0 0 83 93 168 1 87 74 126 1 58 96 177 1 0 0 0 0 55 65 150 1 46 83 150 1 20 86 170 1 10 51 129 1 0 0 0 0 23 62 172 1 57 90 189 1 55 89 138 1 53 61 132 1 80 92 190 1 52 21 126 1 0 0 0 0 43 78 138 1 48 52 183 1 44 75 125 1 50 31 120 1 0 0 0 0 57 65 131 1 39 62 89 1 73 24 140 1 73 34 125 1 30 23 120 1 52 42 140 1 65 45 134 1 0 0 0 0 57 34 102 1 0 0 0 0 29 31 91 1 0 0 0 0 0 0 0 0 49 48 87 1 61 13 90 1 42 64 124 1 43 38 87 1 0 0 0 0 45 26 110 1 27 47 125 1 47 51 89 1 47 75 64 1 52 37 42 1 41 12 67 1 72 31 105 1 24 77 109 1 65 33 109 1 49 52 109 1 22 21 48 1 0 0 46 1 88 92 82 1 136 170 94 1 127 144 64 1 164 173 53 1 167 143 70 1 197 136 89 1 161 161 29 1 169 137 114 1 0 0 0 0
23 104 150 1 0 0 0 0 61 84 126 1 61 79 138 1 46 90 169 1 110 64 148 1 50 60 111 1 79 78 148 1 53 77 127 1 99 17 158 1 35 82 112 1 64 9 102 1 55 66 127 1 0 0 0 0 12 93 145 1 43 60 146 1 58 80 111 1 65 47 127 1 31 48 154 1 62 64 75 1 57 55 168 1 37 80 140 1 60 0 144 1 41 79 149 1 32 82 155 1 53 39 141 1 76 67 83 1 93 69 129 1 45 59 122 1 34 79 122 1 16 42 131 1 56 63 119 1 46 16 90 1 0 0 0 0 43 30 80 1 66 53 118 1 69 56 111 1 68 58 83 1 7 55 94 1 78 59 88 1 33 41 105 1 62 70 122 1 94 12 55 1 50 40 65 1 45 25 87 1 4 41 84 1 47 62 125 1 62 83 86 1 76 68 65 1 42 90 121 1 38 39 74 1 88 73 96 1 0 0 0 0 24 54 7 1 103 105 90 1 136 107 85 1 162 130 75 1 185 171 70 1 156 175 26 1 210 154 43 1 164 151 65 1 195 124 126 1 99 113 100 1
57 49 133 1 88 104 141 1 65 74 160 1 41 78 175 1 69 90 148 1 76 70 157 1 24 63 161 1 32 80 105 1 62 83 114 1 30 65 159 1 48 78 137 1 56 59 154 1 52 63 140 1 65 78 160 1 47 90 165 1 60 23 165 1 49 85 136 1 78 35 141 1 57 75 137 1 15 83 120 1 26 30 130 1 68 77 164 1 0 0 0 0 61 82 116 1 40 95 118 1 61 62 116 1 60 58 132 1 47 77 140 1 62 8 138 1 53 47 95 1 52 58 78 1 50 46 138 1 0 0 0 0 18 61 85 1 34 68 102 1 23 55 97 1 76 43 96 1 57 27 75 1 60 50 99 1 39 51 120 1 52 79 95 1 17 40 108 1 38 49 132 1 54 48 74 1 105 26 138 1 30 53 41 1 39 62 67 1 38 82 49 1 55 50 82 1 0 0 0 0 33 53 110 1 0 0 0 0 31 5 21 1 64 89 13 1 159 94 62 1 150 139 57 1 141 154 97 1 183 169 51 1 0 0 0 0 186 131 107 1 170 131 120 1 0 0 0 0 92 59 50 1
0 0 0 0 96 50 187 1 50 99 130 1 36 85 120 1 75 83 100 1 0 0 0 0 37 87 152 1 66 61 114 1 49 58 150 1 51 83 134 1 0 0 0 0 46 26 142 1 63 51 180 1 55 35 168 1 51 70 161 1 52 29 140 1 0 43 154 1 35 25 133 1 86 69 163 1 37 78 154 1 57 43 89 1 45 70 185 1 47 58 184 1 56 28 138 1 53 54 133 1 71 62 118 1 50 69 167 1 35 43 151 1 0 0 0 0 22 84 120 1 45 41 61 1 74 57 101 1 85 35 109 1 59 67 70 1 83 57 92 1 51 42 72 1 50 75 60 1 80 22 72 1 0 0 0 0 24 61 72 1 28 21 83 1 25 22 82 1 0 28 78 1 26 35 111 1 31 81 107 1 36 53 89 1 46 68 47 1 65 75 99 1 56 76 89 1 35 37 87 1 0 60 48 1 0 29 62 1 11 29 14 1 136 150 91 1 149 132 143 1 194 150 80 1 182 147 30 1 244 195 110 1 137 151 86 1 197 165 117 1 0 0 0 0 111 131 79 1 0 0 0 0
63 26 136 1 62 66 187 1 0 0 0 0 48 50 138 1 22 89 134 1 18 79 150 1 54 49 156 1 0 0 0 0 0 0 0 0 32 91 131 1 72 88 148 1 73 56 114 1 60 60 174 1 79 49 173 1 0 0 0 0 35 76 161 1 26 82 137 1 80 59 118 1 23 35 141 1 86 20 112 1 82 40 144 1 69 80 121 1 0 0 0 0 51 47 138 1 50 46 115 1 56 95 134 1 0 0 0 0 71 32 146 1 69 50 132 1 0 0 0 0 71 46 98 1 46 37 99 1 68 36 116 1 53 44 96 1 64 64 103 1 36 34 94 1 0 0 0 0 57 45 99 1 53 64 40 1 50 38 66 1 82 85 102 1 30 62 102 1 58 41 58 1 46 27 74 1 67 62 60 1 57 19 21 1 36 45 93 1 51 35 92 1 30 57 130 1 0 0 0 0 25 5 95 1 2 25 41 1 97 107 92 1 140 203 95 1 0 0 0 0 186 151 111 1 138 174 98 1 204 189 95 1 159 156 101 1 0 0 0 0 167 167 96 1 0 0 0 0 12 42 68 1
19 68 124 1 81 79 161 1 31 50 180 1 29 45 151 1 49 98 176 1 40 74 108 1 71 37 161 1 64 73 149 1 24 46 157 1 28 69 138 1 22 43 151 1 34 81 158 1 24 80 155 1 37 24 147 1 41 84 153 1 31 56 130 1 53 90 140 1 34 47 142 1 65 57 120 1 34 27 147 1 63 62 125 1 38 64 168 1 53 67 157 1 62 86 141 1 49 13 141 1 66 93 123 1 62 50 132 1 91 59 117 1 85 86 113 1 30 36 173 1 49 60 138 1 24 40 100 1 57 52 137 1 66 61 84 1 50 33 88 1 46 41 72 1 11 39 59 1 5 25 88 1 22 56 57 1 49 60 70 1 45 31 124 1 27 34 88 1 47 114 106 1 0 18 87 1 0 0 0 0 46 58 29 1 65 46 61 1 37 59 133 1 44 23 95 1 23 46 133 1 55 32 60 1 5 48 4 1 82 43 74 1 0 0 0 0 168 122 64 1 149 182 58 1 0 0 0 0 155 126 71 1 169 157 35 1 158 167 76 1 171 141 68 1 76 68 44 1 19 0 8 1
27 95 150 1 43 94 161 1 63 104 157 1 36 68 173 1 32 49 77 1 69 63 161 1 29 84 140 1 36 43 145 1 70 79 126 1 32 100 170 1 77 45 136 1 83 50 169 1 88 46 186 1 54 80 135 1 82 85 135 1 48 61 145 1 32 34 138 1 69 45 125 1 34 58 117 1 80 38 133 1 86 30 159 1 39 81 146 1 54 75 160 1 0 0 0 0 0 0 0 0 0 0 0 0 0 0 0 0 11 76 101 1 0 59 111 1 59 48 94 1 78 48 75 1 60 36 131 1 67 64 73 1 45 42 104 1 51 61 92 1 0 0 0 0 49 4 98 1 50 36 80 1 49 39 23 1 58 39 68 1 10 65 91 1 28 39 53 1 53 67 75 1 76 0 51 1 39 33 71 1 66 33 53 1 31 57 111 1 44 37 103 1 34 66 77 1 79 83 96 1 28 19 70 1 0 10 14 1 90 76 39 1 0 0 0 0 160 121 78 1 139 138 78 1 200 160 73 1 189 134 83 1 191 166 95 1 175 127 91 1 113 122 94 1 29 96 35 1 0 28 30 1
69 77 137 1 24 33 143 1 40 95 151 1 20 60 137 1 79 84 172 1 58 64 181 1 78 60 157 1 66 95 123 1 0 0 0 0 14 44 171 1 59 47 142 1 75 74 145 1 22 37 189 1 0 0 0 0 48 95 165 1 64 62 149 1 19 64 126 1 73 26 179 1 72 38 132 1 47 71 135 1 76 28 118 1 42 112 140 1 30 74 148 1 41 44 130 1 0 0 0 0 48 61 119 1 38 50 120 1 32 62 124 1 60 74 112 1 36 49 155 1 60 63 125 1 26 68 135 1 25 50 128 1 22 28 101 1 49 10 71 1 41 27 107 1 48 15 38 1 0 0 0 0 44 79 67 1 60 67 138 1 85 22 83 1 48 54 88 1 49 43 84 1 60 0 120 1 48 70 52 1 61 73 107 1 38 62 98 1 12 54 91 1 38 65 86 1 37 50 83 1 0 31 23 1 41 66 7 1 89 120 127 1 169 141 148 1 129 170 104 1 188 122 84 1 183 130 83 1 158 142 88 1 244 198 80 1 143 148 94 1 72 79 58 1 11 0 0 1 18 30 26 1
65 92 155 1 51 59 154 1 66 74 119 1 72 89 131 1 63 103 205 1 86 90 146 1 57 71 146 1 83 79 154 1 87 40 145 1 66 79 112 1 15 64 155 1 51 83 144 1 34 103 150 1 96 121 102 1 0 0 0 0 70 41 122 1 57 57 129 1 57 66 93 1 55 56 153 1 56 90 154 1 45 60 176 1 16 39 149 1 46 53 176 1 81 71 118 1 28 48 165 1 58 70 173 1 35 46 165 1 50 70 125 1 96 42 154 1 0 0 0 0 0 0 0 0 59 51 85 1 47 104 122 1 92 41 129 1 36 65 87 1 32 37 88 1 70 38 89 1 45 61 98 1 0 0 0 0 34 20 71 1 57 40 60 1 57 66 72 1 50 37 70 1 19 55 104 1 32 52 97 1 48 51 84 1 19 49 109 1 53 61 92 1 0 0 0 0 58 30 61 1 15 27 25 1 64 73 67 1 180 149 103 1 155 161 100 1 194 167 89 1 146 154 78 1 0 0 0 0 0 0 0 0 171 161 97 1 0 0 0 0 89 121 73 1 0 0 0 0 2 0 37 1
94 86 158 1 39 53 151 1 41 67 128 1 60 48 156 1 29 68 124 1 0 0 0 0 58 68 149 1 54 42 163 1 31 109 147 1 71 83 149 1 77 64 127 1 16 56 160 1 59 98 164 1 51 90 101 1 32 72 134 1 79 64 164 1 0 0 0 0 68 48 144 1 88 53 133 1 34 55 159 1 0 0 0 0 87 55 125 1 58 45 104 1 33 59 152 1 87 60 126 1 0 0 0 0 36 57 105 1 67 35 119 1 51 52 119 1 0 0 0 0 35 39 114 1 74 37 87 1 65 48 111 1 45 70 119 1 91 62 125 1 0 0 0 0 50 45 80 1 60 29 86 1 60 43 59 1 84 27 141 1 27 54 77 1 7 46 129 1 0 0 0 0 46 84 105 1 17 0 100 1 67 65 97 1 61 69 67 1 10 69 109 1 72 36 81 1 24 0 32 1 30 42 0 1 102 79 40 1 182 211 136 1 211 151 132 1 158 156 80 1 187 164 124 1 160 145 113 1 200 128 40 1 135 149 133 1 189 138 135 1 100 104 31 1 52 19 0 1 34 0 20 1
42 62 111 1 10 37 147 1 31 67 179 1 70 45 109 1 33 61 131 1 48 89 127 1 58 76 172 1 64 54 200 1 0 0 0 0 52 66 148 1 86 42 125 1 0 0 0 0 42 70 148 1 71 52 128 1 12 71 89 1 72 92 134 1 19 30 138 1 53 72 159 1 21 72 174 1 63 41 115 1 0 0 0 0 73 66 117 1 33 61 129 1 43 62 153 1 51 65 134 1 71 83 129 1 0 0 0 0 55 74 118 1 50 76 109 1 31 18 111 1 0 0 0 0 71 70 123 1 41 90 114 1 64 72 108 1 33 70 162 1 81 45 98 1 32 43 80 1 53 53 82 1 55 47 77 1 31 5 65 1 32 27 118 1 38 40 61 1 0 0 0 0 61 39 89 1 9 44 59 1 61 32 89 1 36 54 85 1 23 29 103 1 49 40 79 1 0 0 0 0 43 24 29 1 115 136 92 1 180 180 127 1 177 167 103 1 0 0 0 0 178 182 102 1 174 131 45 1 162 112 125 1 139 116 119 1 146 85 106 1 48 62 43 1 12 37 15 1 48 73 45 1
28 80 150 1 62 92 162 1 69 19 126 1 38 45 132 1 0 0 0 0 16 48 149 1 76 67 142 1 30 92 122 1 46 69 132 1 57 70 130 1 5 93 159 1 13 60 130 1 73 49 119 1 61 65 117 1 57 79 147 1 33 76 123 1 82 36 143 1 75 71 112 1 62 50 135 1 0 0 0 0 22 117 166 1 22 36 145 1 62 103 123 1 66 73 118 1 38 62 135 1 50 84 121 1 46 61 140 1 0 0 0 0 71 56 146 1 37 73 126 1 49 51 133 1 74 62 137 1 57 46 132 1 37 38 143 1 81 60 88 1 32 61 116 1 38 34 97 1 49 67 65 1 93 37 102 1 55 0 97 1 49 36 46 1 29 77 85 1 64 38 107 1 0 0 0 0 74 84 110 1 22 99 121 1 45 54 72 1 17 14 63 1 16 83 59 1 12 19 56 1 110 62 44 1 131 104 95 1 191 187 114 1 148 149 100 1 165 155 69 1 176 155 64 1 171 185 67 1 152 145 93 1 132 117 81 1 107 65 74 1 9 0 0 1 8 5 0 1 18 69 69 1
77 63 147 1 46 34 162 1 77 57 163 1 39 59 169 1 46 96 152 1 21 43 140 1 71 57 151 1 39 46 161 1 40 78 154 1 54 42 123 1 53 83 147 1 41 69 138 1 70 52 134 1 72 73 148 1 66 66 141 1 0 0 0 0 0 72 160 1 52 28 142 1 84 49 143 1 87 43 169 1 42 80 145 1 0 0 0 0 6 82 144 1 74 47 169 1 33 76 149 1 28 71 128 1 58 80 128 1 0 0 0 0 58 43 108 1 82 52 119 1 73 34 161 1 81 73 144 1 0 0 0 0 8 77 74 1 62 59 116 1 38 48 64 1 21 46 53 1 25 59 72 1 34 38 88 1 53 98 76 1 38 31 74 1 48 14 92 1 60 34 70 1 40 53 106 1 49 59 102 1 85 90 125 1 0 37 93 1 13 4 38 1 12 29 72 1 33 43 45 1 125 138 67 1 191 173 94 1 189 236 113 1 140 167 49 1 190 129 64 1 182 123 115 1 183 113 44 1 0 0 0 0 94 114 79 1 6 60 70 1 38 0 0 1 22 22 62 1 58 75 90 1
33 77 128 1 58 89 142 1 29 97 168 1 74 62 133 1 21 64 149 1 42 95 161 1 49 39 164 1 57 87 141 1 48 53 141 1 0 0 0 0 27 69 133 1 64 83 90 1 82 97 151 1 84 93 134 1 32 98 154 1 82 57 147 1 28 57 169 1 48 74 163 1 8 121 145 1 45 69 151 1 40 63 153 1 57 40 150 1 73 51 134 1 78 78 135 1 55 64 137 1 53 49 138 1 67 43 138 1 52 35 115 1 49 38 133 1 41 58 141 1 80 68 84 1 91 58 109 1 42 62 113 1 41 69 123 1 54 40 55 1 42 40 102 1 0 0 0 0 41 15 93 1 60 0 58 1 53 48 73 1 44 38 69 1 0 0 0 0 21 26 92 1 43 74 71 1 16 68 83 1 26 14 53 1 57 39 67 1 16 52 71 1 0 24 60 1 98 69 91 1 149 142 103 1 181 115 118 1 0 0 0 0 156 180 73 1 154 190 75 1 169 166 102 1 164 149 50 1 118 113 35 1 89 78 3 1 36 43 4 1 11 0 2 1 55 26 47 1 49 60 106 1
67 11 152 1 22 101 123 1 46 35 170 1 38 51 148 1 43 85 156 1 11 59 159 1 81 77 188 1 42 76 140 1 36 34 132 1 56 99 106 1 41 82 147 1 38 75 116 1 84 79 139 1 73 58 166 1 83 62 165 1 68 86 169 1 0 0 0 0 39 45 136 1 43 70 140 1 39 100 157 1 77 56 159 1 56 48 137 1 7 62 170 1 66 45 146 1 68 32 152 1 72 29 136 1 0 80 123 1 36 77 128 1 64 59 143 1 54 30 109 1 53 49 111 1 52 46 111 1 70 43 85 1 65 32 78 1 66 37 123 1 48 49 93 1 33 46 94 1 70 32 54 1 63 84 89 1 36 37 63 1 28 87 106 1 37 27 137 1 0 0 0 0 46 75 99 1 62 0 62 1 34 18 62 1 48 66 73 1 31 0 37 1 4 58 50 1 138 129 166 1 185 204 159 1 184 188 116 1 177 137 80 1 198 192 101 1 193 170 78 1 158 173 74 1 136 150 89 1 101 126 54 1 84 43 58 1 0 0 0 0 58 16 64 1 35 2 104 1 74 47 62 1
32 55 133 1 46 74 124 1 25 79 128 1 55 102 117 1 56 75 130 1 55 65 149 1 28 80 101 1 58 113 165 1 50 59 185 1 80 72 155 1 86 52 146 1 71 77 108 1 99 57 137 1 66 88 127 1 56 45 151 1 65 54 132 1 54 73 116 1 31 72 129 1 42 28 151 1 34 60 112 1 92 89 160 1 66 58 128 1 0 0 0 0 56 75 141 1 0 0 0 0 57 97 121 1 82 40 137 1 45 55 124 1 55 47 114 1 89 26 127 1 8 21 122 1 37 49 106 1 40 25 118 1 0 0 0 0 0 69 67 1 77 51 99 1 41 28 92 1 6 43 83 1 20 36 103 1 39 17 58 1 32 40 103 1 0 0 0 0 60 51 100 1 0 0 0 0 54 54 92 1 54 3 92 1 0 0 0 0 0 19 31 1 53 72 53 1 177 208 128 1 222 196 154 1 0 0 0 0 168 183 93 1 158 162 66 1 196 129 78 1 146 139 49 1 144 127 107 1 84 58 57 1 0 0 0 0 61 53 25 1 44 26 66 1 51 5 68 1 0 0 0 0
71 21 189 1 15 46 123 1 34 73 136 1 127 16 165 1 77 55 141 1 116 99 139 1 48 53 146 1 78 57 166 1 38 64 159 1 62 94 134 1 49 57 109 1 85 51 181 1 80 85 138 1 47 20 141 1 0 0 0 0 86 77 151 1 58 45 180 1 6 58 149 1 73 35 142 1 0 0 0 0 72 34 133 1 89 74 130 1 59 56 152 1 0 0 0 0 69 56 102 1 81 82 109 1 70 55 152 1 0 0 0 0 63 59 122 1 0 50 146 1 73 55 113 1 35 71 123 1 60 56 97 1 55 78 103 1 58 33 85 1 32 19 55 1 35 48 90 1 22 40 71 1 44 68 93 1 39 24 84 1 49 21 96 1 0 0 0 0 62 61 70 1 10 61 101 1 7 16 53 1 44 57 75 1 23 46 69 1 0 9 29 1 0 0 0 0 218 162 99 1 217 227 164 1 200 168 56 1 175 175 77 1 172 96 109 1 181 128 84 1 0 0 0 0 0 0 0 0 0 0 0 0 0 34 10 1 0 56 78 1 54 61 58 1 57 22 114 1 58 44 96 1
0 0 0 0 79 45 125 1 69 96 138 1 72 70 160 1 21 63 133 1 72 59 138 1 19 97 196 1 0 0 0 0 44 54 128 1 52 41 118 1 85 43 143 1 27 69 165 1 82 36 151 1 49 54 133 1 86 66 111 1 54 40 153 1 71 74 108 1 70 68 144 1 66 67 167 1 53 67 130 1 49 81 138 1 73 53 119 1 81 69 155 1 44 92 150 1 68 62 154 1 47 83 141 1 39 72 95 1 59 102 121 1 41 43 85 1 90 71 114 1 0 0 0 0 34 36 143 1 30 60 87 1 78 75 106 1 73 29 118 1 0 0 0 0 29 58 35 1 59 57 122 1 66 74 75 1 59 14 92 1 67 41 128 1 65 57 100 1 25 82 107 1 49 46 85 1 55 63 81 1 51 0 43 1 0 0 0 0 0 0 0 0 140 119 106 1 200 247 167 1 205 199 119 1 152 142 68 1 148 143 76 1 134 173 50 1 119 177 113 1 135 132 120 1 115 136 72 1 66 41 38 1 0 9 0 1 11 39 40 1 36 12 48 1 42 38 82 1 51 46 76 1
83 51 117 1 52 69 126 1 0 0 0 0 47 65 184 1 60 94 131 1 31 72 162 1 49 42 198 1 63 71 143 1 98 48 149 1 52 70 108 1 39 52 160 1 70 64 161 1 0 0 0 0 18 61 143 1 68 96 168 1 0 0 0 0 27 80 138 1 72 53 174 1 95 63 145 1 33 65 147 1 49 51 141 1 99 61 111 1 41 54 149 1 58 50 171 1 78 45 141 1 62 68 148 1 30 69 140 1 34 66 131 1 35 25 106 1 67 81 121 1 47 62 111 1 44 60 115 1 2 67 96 1 56 66 121 1 18 36 111 1 0 0 0 0 47 50 58 1 79 38 96 1 62 40 97 1 9 47 55 1 56 38 73 1 45 26 97 1 57 73 88 1 47 0 74 1 37 9 91 1 30 0 41 1 12 7 39 1 38 11 28 1 0 0 0 0 206 200 163 1 229 205 85 1 180 187 60 1 176 181 88 1 182 182 79 1 172 160 85 1 185 148 107 1 104 155 109 1 13 39 0 1 40 37 11 1 0 9 79 1 14 12 94 1 0 0 0 0 40 31 116 1
19 98 172 1 72 72 122 1 39 46 167 1 76 63 172 1 58 104 164 1 68 109 149 1 0 0 0 0 0 0 0 0 64 100 122 1 58 102 172 1 73 54 139 1 58 52 185 1 46 45 160 1 0 0 0 0 42 102 133 1 61 52 137 1 68 40 158 1 51 86 191 1 34 38 154 1 39 49 134 1 16 94 159 1 69 61 144 1 72 62 145 1 64 56 141 1 52 37 146 1 65 62 168 1 18 56 130 1 87 103 123 1 79 56 115 1 56 70 104 1 45 103 82 1 54 47 130 1 33 42 111 1 49 68 102 1 27 24 106 1 56 46 48 1 0 0 0 0 27 44 52 1 58 63 108 1 65 67 126 1 30 43 63 1 59 25 63 1 57 89 82 1 56 27 81 1 55 40 93 1 0 43 79 1 3 18 26 1 60 59 49 1 192 157 171 1 242 181 180 1 170 209 110 1 181 178 76 1 0 0 0 0 213 143 70 1 169 138 126 1 148 143 114 1 121 80 60 1 16 54 0 1 0 0 35 1 2 23 66 1 23 74 67 1 0 0 0 0 51 34 108 1
86 65 139 1 35 54 116 1 81 69 163 1 84 86 134 1 52 34 159 1 45 33 156 1 66 62 113 1 41 92 154 1 58 33 153 1 63 90 150 1 0 0 0 0 0 0 0 0 39 32 167 1 35 35 151 1 55 67 167 1 41 57 143 1 64 37 131 1 0 0 0 0 44 55 172 1 19 57 176 1 45 78 153 1 81 65 125 1 53 55 130 1 42 52 173 1 0 0 0 0 91 65 133 1 63 48 126 1 76 36 134 1 58 55 75 1 53 23 105 1 9 0 78 1 37 106 120 1 47 79 105 1 11 78 84 1 29 60 104 1 68 25 98 1 51 30 73 1 40 3 91 1 73 94 119 1 62 55 87 1 40 51 128 1 49 6 107 1 88 42 100 1 45 43 105 1 64 79 88 1 33 17 70 1 0 16 0 1 0 0 0 0 0 0 0 0 245 213 139 1 158 130 94 1 178 152 10 1 211 162 88 1 154 118 0 1 0 0 0 0 118 127 85 1 48 52 33 1 0 2 23 1 16 49 28 1 19 82 86 1 25 51 85 1 58 42 77 1 45 48 89 1
24 74 157 1 0 0 0 0 63 103 133 1 24 83 171 1 41 103 133 1 45 87 110 1 16 78 91 1 48 75 126 1 69 70 181 1 64 31 159 1 40 44 166 1 77 79 162 1 48 66 157 1 82 83 114 1 0 0 0 0 94 93 145 1 91 26 188 1 43 73 162 1 51 53 155 1 29 31 155 1 38 71 157 1 0 0 0 0 46 49 153 1 56 86 133 1 93 72 125 1 0 0 0 0 17 52 138 1 45 16 97 1 45 66 98 1 59 60 111 1 82 70 70 1 51 24 91 1 61 72 147 1 44 89 91 1 67 16 116 1 22 53 77 1 41 56 158 1 59 54 131 1 14 61 67 1 32 59 99 1 45 40 97 1 39 68 74 1 60 59 90 1 71 38 119 1 39 11 94 1 24 59 64 1 0 0 0 0 122 81 57 1 223 173 163 1 0 0 0 0 166 180 58 1 170 183 43 1 178 158 68 1 178 119 126 1 179 172 77 1 100 151 30 1 39 45 47 1 47 22 6 1 30 59 48 1 47 11 73 1 30 72 71 1 84 26 56 1 49 84 82 1
62 65 181 1 30 72 148 1 47 72 148 1 47 85 182 1 56 106 152 1 45 75 133 1 32 83 120 1 57 73 122 1 102 74 152 1 15 56 181 1 41 55 99 1 34 75 154 1 65 88 137 1 43 74 161 1 77 70 150 1 88 51 163 1 0 0 0 0 48 53 135 1 41 106 152 1 42 84 101 1 53 11 73 1 66 69 111 1 30 70 147 1 51 65 129 1 32 40 160 1 34 60 157 1 77 32 135 1 47 66 84 1 35 45 137 1 36 62 111 1 30 57 138 1 23 87 109 1 40 52 92 1 53 33 93 1 7 30 110 1 12 74 117 1 48 49 117 1 50 41 131 1 40 47 69 1 49 56 125 1 65 58 83 1 0 0 0 0 55 31 84 1 0 0 0 0 60 54 66 1 36 27 82 1 12 12 61 1 134 103 70 1 193 194 180 1 209 186 143 1 154 175 48 1 149 136 30 1 171 156 68 1 155 151 97 1 155 145 120 1 0 0 0 0 33 0 16 1 16 40 36 1 58 48 82 1 51 25 81 1 14 49 51 1 47 34 134 1 0 0 0 0