3
272 90 81 60
24 36 79 1 39 32 41 1 36 27 37 1 4 16 30 1 29 17 43 1 29 24 51 1 18 31 27 1 16 0 52 1 16 8 41 1 0 0 0 0 11 8 35 1 18 37 28 1 33 34 39 1 40 28 42 1 30 41 34 1 29 26 58 1 40 53 71 1 87 81 128 1 0 0 0 0 65 81 130 1 67 46 119 1 80 97 134 1 101 85 122 1 97 94 110 1 94 135 127 1 114 93 136 1 54 99 126 1 0 0 0 0 122 140 175 1 144 172 182 1 138 161 184 1 98 111 127 1 52 81 107 1 68 76 90 1 80 62 94 1 52 70 79 1 36 33 73 1 61 52 95 1 0 0 0 0 44 37 65 1 37 18 61 1 27 23 22 1 0 0 0 0 54 65 70 1 39 23 71 1 44 21 54 1 29 30 35 1 19 30 55 1 44 32 46 1 20 38 62 1 0 0 0 0 80 61 81 1 42 81 85 1 57 34 71 1 0 0 0 0 41 49 92 1 32 44 59 1 52 50 63 1 55 31 64 1 47 55 71 1
27 25 59 1 52 22 39 1 17 29 25 1 40 0 33 1 14 24 32 1 18 30 60 1 35 4 47 1 27 37 26 1 27 2 19 1 33 19 14 1 30 35 19 1 15 27 22 1 25 30 11 1 11 17 47 1 63 8 38 1 0 0 0 0 26 21 80 1 46 71 104 1 110 81 130 1 66 52 105 1 34 49 112 1 55 114 127 1 90 101 127 1 84 101 103 1 70 80 126 1 82 87 135 1 0 0 0 0 80 87 93 1 81 95 147 1 54 121 111 1 100 95 129 1 53 69 107 1 43 46 78 1 76 51 102 1 51 70 74 1 62 44 71 1 0 0 0 0 72 50 74 1 33 54 70 1 44 20 61 1 27 26 14 1 27 38 55 1 55 27 62 1 46 39 48 1 34 9 63 1 0 0 0 0 51 25 58 1 12 57 54 1 55 23 65 1 40 50 51 1 54 42 78 1 63 61 92 1 60 57 75 1 37 39 79 1 43 52 47 1 35 51 93 1 47 57 62 1 51 39 79 1 0 0 0 0 44 34 71 1
27 46 67 1 34 20 28 1 0 13 57 1 19 44 45 1 15 3 34 1 39 24 26 1 47 32 30 1 0 0 0 0 23 0 2 1 0 0 0 0 24 9 29 1 30 0 21 1 30 17 20 1 25 26 35 1 1 21 56 1 38 21 59 1 0 0 0 0 0 0 0 0 94 67 143 1 71 87 133 1 56 42 123 1 72 73 117 1 36 95 126 1 57 95 88 1 76 79 124 1 95 112 113 1 117 89 127 1 80 79 94 1 93 92 101 1 0 0 0 0 45 64 77 1 30 52 96 1 71 48 63 1 79 33 73 1 16 60 70 1 0 0 0 0 0 0 0 0 41 25 68 1 31 51 51 1 45 33 40 1 17 36 79 1 41 38 25 1 7 53 40 1 13 48 41 1 35 44 60 1 14 33 37 1 25 39 60 1 50 32 81 1 57 55 82 1 0 0 0 0 67 37 94 1 41 50 100 1 58 26 48 1 0 0 0 0 33 49 83 1 32 31 72 1 42 50 52 1 0 0 0 0 54 57 66 1 66 24 66 1
25 16 47 1 43 9 27 1 32 0 31 1 30 23 9 1 18 20 27 1 39 14 37 1 16 5 23 1 20 17 9 1 10 12 19 1 40 31 15 1 47 9 0 1 11 3 8 1 10 2 45 1 29 0 41 1 14 9 44 1 47 40 52 1 53 52 83 1 68 52 98 1 81 79 123 1 72 76 110 1 52 65 126 1 71 66 118 1 52 70 112 1 56 75 122 1 102 118 143 1 93 122 166 1 86 106 107 1 72 72 117 1 55 56 114 1 87 79 122 1 45 34 76 1 47 66 81 1 34 52 66 1 5 43 47 1 48 38 49 1 63 56 57 1 21 48 66 1 0 0 0 0 34 51 54 1 40 58 56 1 47 45 64 1 63 30 74 1 0 0 0 0 20 28 65 1 32 43 47 1 26 10 68 1 45 38 38 1 60 63 49 1 26 39 71 1 60 58 77 1 44 38 67 1 49 60 114 1 33 33 67 1 41 54 78 1 50 38 54 1 62 27 38 1 0 0 0 0 52 35 90 1 35 48 69 1 26 10 38 1
23 18 52 1 24 24 19 1 0 0 0 0 24 0 0 1 34 15 12 1 16 23 16 1 0 0 0 0 2 23 11 1 7 6 11 1 5 18 36 1 37 31 17 1 7 7 25 1 15 1 33 1 27 35 26 1 25 2 37 1 72 62 66 1 65 73 105 1 36 43 99 1 66 67 107 1 67 67 129 1 63 66 95 1 52 69 113 1 0 0 0 0 99 124 124 1 103 116 140 1 99 100 142 1 0 0 0 0 89 100 112 1 73 62 85 1 0 0 0 0 0 0 0 0 35 33 50 1 12 52 76 1 30 50 62 1 46 53 70 1 20 30 63 1 30 51 63 1 75 63 81 1 0 0 0 0 0 0 0 0 44 66 71 1 52 33 72 1 26 50 63 1 24 40 85 1 0 0 0 0 33 42 51 1 46 53 67 1 0 0 0 0 55 69 98 1 38 37 87 1 44 37 57 1 23 44 68 1 63 45 62 1 45 40 98 1 53 46 60 1 32 0 46 1 24 55 43 1 33 40 60 1 24 53 76 1 16 24 66 1
14 29 25 1 10 30 20 1 29 4 0 1 0 0 29 1 0 18 45 1 12 0 50 1 26 6 57 1 23 30 29 1 26 17 21 1 20 4 28 1 24 22 5 1 7 24 35 1 33 29 16 1 0 6 7 1 49 44 53 1 69 27 111 1 59 42 121 1 60 66 118 1 75 63 112 1 63 63 121 1 57 90 139 1 62 72 136 1 93 98 142 1 92 119 113 1 91 79 131 1 56 100 103 1 94 94 152 1 77 102 114 1 54 63 71 1 41 64 80 1 46 46 76 1 41 23 72 1 47 64 52 1 17 45 56 1 0 0 0 0 0 0 0 0 0 0 0 0 60 66 68 1 52 66 73 1 50 35 78 1 47 45 90 1 57 30 72 1 0 0 0 0 24 46 70 1 72 53 57 1 41 61 67 1 42 52 75 1 40 62 67 1 51 67 66 1 32 40 85 1 23 43 94 1 42 50 53 1 34 66 77 1 28 56 86 1 55 64 62 1 33 31 27 1 38 42 49 1 32 42 73 1 45 29 45 1 33 28 68 1
0 35 32 1 15 19 1 1 12 9 14 1 0 0 0 0 2 0 39 1 4 29 39 1 14 10 37 1 4 26 21 1 10 31 8 1 33 0 20 1 0 0 0 0 0 0 0 1 33 0 26 1 25 4 18 1 41 55 79 1 80 73 97 1 60 71 73 1 86 63 140 1 0 0 0 0 103 105 167 1 97 105 143 1 108 100 141 1 92 100 164 1 82 95 117 1 0 0 0 0 46 44 107 1 76 72 111 1 0 0 0 0 53 20 61 1 38 48 68 1 43 50 73 1 46 45 54 1 21 44 79 1 22 57 83 1 53 49 74 1 33 64 85 1 73 58 87 1 41 50 96 1 53 60 96 1 52 25 79 1 25 26 93 1 40 67 57 1 34 35 62 1 55 68 80 1 65 75 75 1 63 51 69 1 51 71 81 1 26 35 60 1 48 29 61 1 22 58 71 1 58 31 64 1 59 49 78 1 48 66 52 1 32 49 51 1 23 54 65 1 21 24 75 1 42 44 40 1 49 37 33 1 34 7 53 1 43 18 70 1
2 15 15 1 19 11 3 1 11 0 17 1 4 16 17 1 35 7 39 1 24 0 42 1 51 2 26 1 24 10 18 1 6 9 35 1 26 0 45 1 27 37 22 1 30 9 33 1 34 20 46 1 10 35 60 1 72 52 96 1 43 90 109 1 104 94 134 1 107 93 139 1 127 106 158 1 102 96 155 1 105 112 142 1 80 123 134 1 80 85 109 1 60 69 121 1 36 70 75 1 35 11 65 1 41 49 101 1 11 42 67 1 51 23 96 1 54 39 84 1 54 37 90 1 82 49 76 1 57 40 58 1 48 53 76 1 45 48 82 1 61 34 97 1 46 49 122 1 52 69 101 1 0 0 0 0 60 62 87 1 59 40 87 1 32 45 101 1 27 47 87 1 38 47 84 1 68 67 70 1 49 32 70 1 53 37 80 1 42 51 66 1 36 60 89 1 48 52 87 1 37 88 91 1 0 0 0 0 20 32 62 1 51 56 78 1 57 46 65 1 50 37 60 1 15 9 52 1 21 5 35 1 24 29 52 1 30 23 60 1
26 19 18 1 3 5 20 1 33 0 18 1 0 0 0 0 36 21 25 1 21 0 7 1 16 25 26 1 29 19 32 1 0 9 32 1 12 18 31 1 6 28 47 1 22 15 59 1 0 0 0 0 55 85 89 1 64 101 125 1 81 114 92 1 77 116 125 1 127 144 137 1 122 139 187 1 110 119 154 1 52 49 88 1 53 38 54 1 16 39 68 1 37 58 72 1 0 0 0 0 45 38 90 1 63 23 83 1 29 70 96 1 36 53 59 1 37 41 96 1 53 36 103 1 31 37 61 1 57 56 93 1 42 63 88 1 60 56 104 1 59 63 88 1 57 48 64 1 66 50 71 1 48 46 82 1 31 37 109 1 38 57 76 1 27 56 98 1 30 35 98 1 42 65 86 1 43 52 72 1 51 43 64 1 20 61 66 1 21 37 63 1 34 53 65 1 76 78 54 1 43 60 85 1 43 43 83 1 28 13 60 1 14 46 75 1 40 34 42 1 21 26 45 1 27 43 29 1 36 32 19 1 0 0 0 0 17 3 31 1
8 2 22 1 20 15 22 1 35 11 16 1 17 40 21 1 13 13 9 1 31 2 19 1 21 19 20 1 0 0 14 1 9 8 35 1 33 36 63 1 37 63 70 1 60 33 90 1 46 52 88 1 69 72 100 1 128 148 124 1 90 135 151 1 107 108 125 1 88 90 110 1 61 68 97 1 64 54 101 1 57 34 65 1 48 32 68 1 45 40 70 1 45 38 88 1 61 29 69 1 0 0 0 0 63 70 105 1 72 72 76 1 41 36 94 1 33 39 91 1 34 64 109 1 47 46 88 1 43 49 99 1 49 66 95 1 27 60 91 1 54 68 95 1 52 42 72 1 48 34 102 1 35 44 101 1 60 56 79 1 45 48 81 1 66 51 78 1 47 46 66 1 73 56 81 1 35 36 62 1 54 28 60 1 29 49 66 1 48 46 100 1 42 38 101 1 41 60 64 1 50 68 85 1 49 57 66 1 18 70 78 1 0 53 65 1 43 27 49 1 41 44 52 1 36 22 48 1 23 25 44 1 10 13 53 1 13 24 18 1
15 20 9 1 17 1 19 1 6 38 30 1 21 6 25 1 0 0 0 0 33 20 37 1 0 0 0 0 52 36 46 1 27 33 48 1 44 29 65 1 30 54 60 1 62 42 92 1 66 86 126 1 101 109 151 1 136 126 150 1 105 132 124 1 79 119 89 1 22 62 61 1 35 26 56 1 32 41 65 1 33 46 44 1 32 58 56 1 39 23 69 1 0 0 0 0 50 74 78 1 54 60 118 1 47 55 75 1 45 41 80 1 62 33 90 1 55 50 74 1 63 69 83 1 46 52 80 1 46 71 71 1 50 55 103 1 0 0 0 0 39 16 96 1 45 66 68 1 43 48 74 1 30 68 103 1 52 47 121 1 86 44 69 1 0 0 0 0 30 58 86 1 52 55 72 1 34 75 76 1 19 53 62 1 27 66 61 1 70 67 73 1 64 85 85 1 48 54 90 1 34 52 83 1 25 46 80 1 26 51 49 1 3 55 46 1 0 0 0 0 14 35 43 1 9 22 43 1 17 18 33 1 13 18 36 1 18 30 43 1
12 8 34 1 18 0 33 1 4 0 14 1 8 9 11 1 7 0 7 1 18 14 19 1 48 19 62 1 29 29 48 1 42 41 75 1 25 37 54 1 43 50 79 1 89 65 96 1 105 114 127 1 95 75 107 1 43 80 85 1 17 58 43 1 22 18 27 1 34 30 29 1 36 48 56 1 0 0 0 0 23 43 42 1 42 43 81 1 64 53 98 1 55 39 89 1 0 0 0 0 56 43 74 1 49 38 55 1 36 55 85 1 48 39 88 1 46 66 81 1 64 47 93 1 24 56 92 1 54 41 95 1 42 67 74 1 51 30 99 1 69 60 71 1 48 54 75 1 49 73 123 1 54 79 92 1 66 50 80 1 40 32 76 1 41 45 79 1 32 50 61 1 30 74 56 1 50 66 71 1 55 71 80 1 35 66 75 1 71 71 106 1 75 67 114 1 50 86 81 1 48 55 63 1 43 38 50 1 42 59 60 1 45 40 38 1 45 45 67 1 23 29 19 1 21 10 38 1 26 10 38 1 29 20 32 1 10 16 19 1
10 3 22 1 29 24 54 1 12 0 31 1 14 16 25 1 25 21 34 1 23 20 48 1 27 21 49 1 22 33 56 1 36 45 56 1 64 21 71 1 60 57 86 1 70 96 124 1 85 49 81 1 22 25 17 1 34 11 47 1 19 10 39 1 4 21 41 1 31 30 43 1 71 63 67 1 52 50 45 1 38 34 67 1 36 22 90 1 36 32 79 1 16 48 54 1 0 0 0 0 25 37 55 1 36 42 100 1 39 23 49 1 23 49 96 1 59 60 76 1 0 0 0 0 55 58 97 1 43 62 103 1 71 34 95 1 55 76 82 1 78 43 91 1 44 43 95 1 44 82 91 1 63 61 92 1 70 56 115 1 44 47 68 1 12 54 83 1 0 0 0 0 41 54 51 1 36 55 72 1 40 41 35 1 51 71 75 1 45 70 80 1 34 73 65 1 36 65 78 1 57 56 69 1 37 44 24 1 35 67 48 1 15 31 59 1 35 32 53 1 40 10 37 1 25 21 19 1 15 6 33 1 15 39 38 1 0 0 0 0
15 19 6 1 12 12 21 1 30 0 37 1 0 0 0 0 12 25 46 1 19 34 45 1 34 28 35 1 25 51 46 1 70 31 48 1 64 55 61 1 48 54 75 1 42 35 46 1 33 25 42 1 0 15 46 1 28 5 27 1 57 32 31 1 44 72 70 1 42 44 55 1 0 0 0 0 38 33 68 1 49 18 52 1 43 50 77 1 29 25 67 1 12 42 55 1 31 37 65 1 0 56 82 1 31 37 55 1 44 42 65 1 44 35 71 1 49 53 79 1 33 55 74 1 38 63 104 1 33 42 96 1 22 63 94 1 28 51 102 1 41 42 98 1 47 36 94 1 59 71 108 1 72 57 92 1 43 53 89 1 34 43 82 1 45 50 64 1 37 47 77 1 48 60 48 1 67 47 73 1 57 62 103 1 58 57 60 1 44 75 61 1 52 40 61 1 50 61 93 1 60 52 102 1 0 0 0 0 33 29 39 1 34 37 55 1 21 11 37 1 31 34 14 1 39 11 35 1 32 19 35 1 29 43 18 1 18 20 26 1
32 33 30 1 28 17 55 1 47 25 41 1 0 0 0 0 37 7 46 1 31 43 44 1 23 22 58 1 50 54 76 1 32 30 84 1 48 32 60 1 56 59 57 1 8 16 59 1 26 15 49 1 20 59 64 1 0 0 0 0 0 0 0 0 29 43 69 1 40 15 62 1 29 30 43 1 57 40 45 1 39 40 59 1 0 0 0 0 29 26 81 1 50 46 63 1 40 57 84 1 29 26 53 1 38 50 51 1 35 45 62 1 66 34 75 1 38 49 86 1 64 76 83 1 52 48 67 1 48 66 69 1 31 44 101 1 41 34 120 1 50 40 73 1 60 58 82 1 39 72 98 1 42 42 74 1 72 28 75 1 61 51 86 1 33 40 67 1 38 33 71 1 62 70 71 1 43 78 72 1 51 49 67 1 0 0 0 0 6 41 54 1 47 48 59 1 56 54 62 1 41 56 48 1 36 39 54 1 43 58 48 1 0 0 0 0 31 8 53 1 0 10 25 1 15 25 29 1 0 0 0 0 29 24 49 1 0 29 20 1
29 9 16 1 28 16 61 1 40 53 34 1 47 45 49 1 39 38 33 1 43 12 43 1 19 16 48 1 36 43 55 1 40 62 52 1 42 29 34 1 34 76 73 1 49 33 62 1 22 61 34 1 35 29 61 1 13 25 54 1 31 36 53 1 26 31 48 1 24 49 22 1 40 49 56 1 28 4 61 1 24 41 68 1 25 19 64 1 49 28 62 1 46 30 38 1 34 29 77 1 53 21 53 1 0 0 0 0 29 48 78 1 41 31 93 1 39 46 88 1 68 45 71 1 0 0 0 0 65 59 76 1 52 62 85 1 33 55 87 1 32 59 83 1 36 58 108 1 44 60 105 1 41 65 74 1 40 32 66 1 37 27 68 1 15 40 53 1 20 54 52 1 46 45 76 1 31 63 75 1 43 63 79 1 51 49 74 1 51 39 86 1 72 66 73 1 63 62 70 1 30 66 54 1 34 20 65 1 41 22 39 1 34 23 32 1 37 24 28 1 0 0 0 0 0 16 46 1 35 18 36 1 18 11 33 1 7 30 28 1
38 23 58 1 11 26 73 1 64 61 51 1 14 62 57 1 0 0 0 0 38 34 79 1 57 64 74 1 19 38 56 1 40 21 50 1 48 58 52 1 0 0 0 0 47 21 43 1 0 0 0 0 58 19 57 1 45 49 62 1 37 43 35 1 20 32 60 1 0 0 0 0 46 45 48 1 37 20 66 1 31 20 62 1 27 54 54 1 48 52 56 1 32 23 64 1 0 0 0 0 32 45 69 1 47 43 54 1 8 43 50 1 0 0 0 0 41 24 85 1 48 48 91 1 45 56 93 1 42 88 101 1 84 43 98 1 67 42 110 1 68 66 88 1 37 76 107 1 48 68 77 1 47 47 97 1 55 69 89 1 57 44 60 1 42 52 81 1 25 53 80 1 48 50 88 1 45 83 95 1 42 64 66 1 53 56 57 1 57 66 93 1 0 0 0 0 35 59 85 1 43 44 65 1 33 25 54 1 0 0 0 0 22 27 28 1 17 9 46 1 17 13 19 1 39 36 49 1 31 29 39 1 10 18 37 1 1 3 3 1
48 44 56 1 31 51 46 1 30 3 63 1 36 40 57 1 42 47 67 1 25 28 55 1 31 26 76 1 41 42 55 1 46 35 44 1 45 34 60 1 67 60 44 1 28 44 57 1 61 41 67 1 57 8 37 1 44 27 55 1 23 19 50 1 14 27 47 1 39 37 51 1 53 17 61 1 33 27 74 1 30 48 81 1 34 50 61 1 38 40 76 1 32 28 74 1 16 34 64 1 14 42 65 1 29 37 43 1 36 20 58 1 45 47 51 1 62 65 97 1 34 46 84 1 43 63 103 1 72 56 77 1 0 0 0 0 45 81 85 1 79 53 95 1 0 0 0 0 44 78 74 1 56 42 103 1 26 42 64 1 13 42 55 1 46 49 76 1 44 50 57 1 59 67 100 1 49 99 68 1 28 57 79 1 53 50 45 1 30 77 76 1 63 69 78 1 51 55 77 1 30 45 66 1 0 42 37 1 10 6 47 1 9 14 37 1 59 20 59 1 35 30 31 1 24 24 39 1 22 24 54 1 23 20 45 1 12 0 24 1
45 21 50 1 68 57 76 1 26 18 34 1 24 28 39 1 26 38 46 1 36 27 38 1 0 0 0 0 45 21 51 1 53 32 53 1 56 39 32 1 35 33 49 1 48 23 53 1 33 42 75 1 35 40 71 1 44 43 50 1 55 29 39 1 0 0 0 0 12 24 50 1 0 0 0 0 5 25 74 1 55 32 39 1 36 47 76 1 45 47 74 1 45 49 52 1 41 32 52 1 26 11 45 1 25 38 44 1 54 33 81 1 51 34 56 1 54 35 62 1 39 78 70 1 65 51 89 1 67 50 96 1 51 47 111 1 43 52 115 1 54 46 101 1 28 40 66 1 42 53 72 1 54 43 72 1 23 67 60 1 23 23 75 1 29 48 89 1 53 58 81 1 49 71 104 1 0 0 0 0 22 59 67 1 32 30 57 1 51 50 82 1 28 40 59 1 16 39 49 1 25 34 35 1 26 15 51 1 44 5 44 1 0 0 0 0 34 24 43 1 0 0 0 0 0 10 15 1 19 23 16 1 31 25 22 1 20 3 32 1
30 15 46 1 56 68 54 1 15 13 23 1 21 41 21 1 34 49 51 1 33 32 48 1 41 0 30 1 24 33 37 1 35 35 36 1 51 39 67 1 27 32 27 1 41 53 65 1 27 30 46 1 53 28 37 1 24 35 50 1 37 41 50 1 34 21 49 1 39 25 51 1 65 49 36 1 53 11 73 1 40 41 60 1 44 36 56 1 36 40 39 1 9 30 35 1 13 17 50 1 7 28 62 1 0 0 0 0 36 44 71 1 67 36 71 1 42 51 75 1 54 64 74 1 65 39 60 1 29 51 69 1 21 38 77 1 47 60 87 1 0 0 0 0 33 61 81 1 0 0 0 0 22 77 51 1 26 40 51 1 44 56 51 1 58 40 66 1 63 58 85 1 25 52 83 1 65 82 83 1 51 25 68 1 25 46 81 1 61 62 77 1 19 46 57 1 22 31 46 1 7 50 68 1 19 43 35 1 35 36 41 1 12 17 11 1 18 17 35 1 4 22 38 1 36 0 19 1 0 0 40 1 24 16 30 1 15 6 10 1
41 62 33 1 34 48 40 1 16 29 28 1 63 52 56 1 0 0 0 0 51 33 54 1 0 0 0 0 36 30 61 1 35 25 49 1 10 44 25 1 0 0 0 0 45 42 49 1 31 35 47 1 49 27 34 1 37 38 52 1 32 52 35 1 16 17 25 1 0 0 0 0 59 43 71 1 50 61 73 1 31 30 50 1 22 18 68 1 39 24 56 1 21 30 48 1 48 36 37 1 23 41 52 1 45 70 70 1 66 51 56 1 40 43 65 1 45 63 67 1 46 84 96 1 66 65 103 1 0 34 71 1 41 18 75 1 57 53 41 1 54 58 81 1 0 0 0 0 10 58 54 1 25 45 52 1 41 28 58 1 42 33 52 1 35 38 38 1 31 64 52 1 41 49 72 1 69 33 91 1 50 56 70 1 27 49 72 1 45 81 81 1 43 41 45 1 0 0 0 0 18 24 39 1 17 28 35 1 21 15 42 1 35 28 51 1 29 43 9 1 20 14 46 1 0 0 0 0 24 38 36 1 26 2 24 1 0 6 50 1
0 0 0 0 57 20 29 1 29 52 62 1 41 77 74 1 43 64 86 1 37 7 40 1 27 30 27 1 53 17 38 1 35 33 65 1 32 25 39 1 37 44 65 1 43 16 77 1 53 29 41 1 38 35 37 1 34 21 52 1 44 28 48 1 12 23 48 1 40 24 49 1 38 28 73 1 12 25 33 1 29 23 40 1 8 19 40 1 23 26 27 1 18 22 32 1 45 31 44 1 42 43 49 1 38 48 83 1 49 38 57 1 0 0 0 0 57 35 53 1 41 65 86 1 60 84 97 1 47 42 84 1 68 46 85 1 65 54 65 1 36 43 78 1 29 28 63 1 41 34 56 1 23 47 59 1 57 30 46 1 0 0 0 0 0 0 0 0 0 0 0 0 34 69 68 1 31 43 74 1 49 76 85 1 35 63 49 1 45 58 49 1 24 62 53 1 2 34 42 1 0 0 0 0 40 22 43 1 17 42 58 1 20 17 62 1 40 37 22 1 44 11 37 1 19 13 42 1 15 8 40 1 7 26 24 1 14 12 51 1
55 34 52 1 30 38 42 1 59 41 77 1 70 76 90 1 78 43 85 1 1 49 34 1 40 14 5 1 23 1 26 1 26 26 46 1 57 39 54 1 0 0 0 0 52 45 29 1 32 4 65 1 29 12 47 1 33 40 56 1 15 20 47 1 16 30 30 1 50 48 42 1 27 17 59 1 51 34 52 1 38 31 38 1 24 14 38 1 53 28 39 1 18 15 55 1 28 54 46 1 35 19 53 1 23 50 57 1 42 29 64 1 49 24 70 1 28 40 81 1 53 35 72 1 52 40 85 1 65 46 88 1 52 49 64 1 51 68 104 1 53 41 77 1 38 31 59 1 30 49 43 1 20 46 73 1 25 20 40 1 34 43 57 1 15 19 50 1 51 56 46 1 41 34 43 1 31 61 74 1 47 42 63 1 47 40 55 1 44 36 54 1 40 69 65 1 34 26 51 1 26 69 59 1 35 39 56 1 31 34 65 1 40 37 46 1 8 44 15 1 11 29 35 1 0 14 7 1 34 5 13 1 0 11 36 1 0 0 0 0
29 9 57 1 39 33 46 1 80 57 59 1 74 92 111 1 64 54 71 1 19 8 0 1 33 24 22 1 0 0 0 0 69 35 46 1 26 33 63 1 12 63 67 1 13 42 32 1 0 0 0 0 38 23 52 1 32 28 38 1 34 7 39 1 20 21 80 1 41 39 64 1 35 62 35 1 8 40 48 1 0 0 0 0 0 0 0 0 29 9 36 1 48 33 36 1 43 54 38 1 56 46 55 1 36 54 60 1 37 43 46 1 48 31 79 1 0 0 0 0 30 19 53 1 34 28 68 1 36 34 85 1 42 54 54 1 52 45 48 1 45 57 43 1 50 57 66 1 50 42 62 1 55 29 46 1 21 25 61 1 8 32 45 1 0 0 0 0 22 27 48 1 37 50 67 1 66 12 63 1 41 30 50 1 0 0 0 0 38 49 57 1 45 61 58 1 27 23 60 1 52 66 59 1 54 55 71 1 63 56 57 1 24 47 47 1 35 19 44 1 29 2 32 1 19 0 24 1 4 0 21 1 21 31 42 1 17 5 40 1
54 39 29 1 32 39 47 1 55 57 66 1 72 64 83 1 17 27 69 1 3 25 29 1 3 26 46 1 0 0 0 0 0 0 0 0 61 76 69 1 0 0 0 0 59 26 55 1 24 34 63 1 43 34 38 1 19 40 37 1 45 18 59 1 30 24 63 1 0 0 0 0 48 14 30 1 42 26 43 1 22 31 41 1 34 19 45 1 12 50 21 1 33 27 43 1 41 20 37 1 34 35 66 1 38 46 72 1 70 54 55 1 27 50 53 1 52 61 83 1 57 63 66 1 42 38 65 1 26 48 79 1 37 44 62 1 65 20 56 1 33 51 59 1 62 61 87 1 28 52 46 1 55 69 78 1 32 43 44 1 25 44 49 1 67 54 66 1 33 55 41 1 32 54 62 1 47 65 43 1 0 0 0 0 0 0 0 0 60 34 58 1 52 81 75 1 52 64 72 1 71 58 77 1 37 36 52 1 56 41 60 1 36 31 30 1 43 38 53 1 54 40 37 1 26 14 35 1 17 6 15 1 0 0 0 0 27 25 49 1
21 41 59 1 55 52 57 1 71 63 72 1 70 74 66 1 38 47 55 1 29 25 20 1 35 8 58 1 0 0 0 0 32 48 40 1 45 74 65 1 26 39 49 1 38 13 50 1 26 40 30 1 0 0 0 0 40 33 30 1 36 40 38 1 25 50 59 1 39 56 29 1 32 9 43 1 5 10 38 1 8 20 18 1 44 21 33 1 33 18 23 1 29 24 37 1 44 54 46 1 53 57 70 1 29 50 56 1 29 30 68 1 0 0 0 0 50 54 92 1 0 0 0 0 0 0 0 0 31 49 35 1 36 53 59 1 38 39 54 1 64 41 73 1 57 66 61 1 36 37 62 1 37 26 51 1 21 43 34 1 44 45 48 1 37 41 76 1 27 50 40 1 42 18 46 1 45 15 58 1 51 66 79 1 61 35 57 1 11 53 65 1 43 62 63 1 60 52 86 1 59 57 59 1 56 48 69 1 51 35 55 1 0 0 0 0 19 41 43 1 31 15 23 1 4 25 54 1 20 24 35 1 0 0 0 0 23 11 34 1
36 25 41 1 33 26 55 1 62 72 76 1 52 45 55 1 33 13 36 1 30 19 0 1 10 27 32 1 17 50 74 1 38 38 56 1 50 47 42 1 27 34 35 1 26 20 55 1 41 54 59 1 30 36 59 1 25 10 39 1 29 18 34 1 31 25 30 1 36 18 41 1 42 26 31 1 4 8 41 1 18 16 26 1 45 9 45 1 24 23 62 1 45 33 34 1 34 29 42 1 64 15 48 1 46 34 70 1 36 25 59 1 30 46 81 1 59 14 68 1 0 0 0 0 0 0 0 0 50 48 48 1 28 19 31 1 14 38 46 1 46 56 56 1 60 43 73 1 9 42 55 1 27 30 52 1 61 40 45 1 25 71 43 1 18 42 50 1 53 17 78 1 47 29 63 1 8 41 43 1 32 49 94 1 45 43 70 1 32 38 66 1 49 54 71 1 0 0 0 0 20 31 64 1 41 49 48 1 36 23 45 1 37 17 67 1 15 29 28 1 40 27 32 1 33 15 55 1 46 61 46 1 0 0 0 0 0 0 0 0
33 57 54 1 31 27 38 1 36 30 39 1 34 41 61 1 23 24 14 1 1 24 24 1 41 40 63 1 40 31 66 1 18 35 54 1 39 10 68 1 42 30 45 1 18 45 51 1 63 29 48 1 33 50 81 1 43 22 49 1 43 29 71 1 15 13 44 1 61 25 50 1 43 13 10 1 31 43 17 1 16 0 52 1 23 3 0 1 25 42 65 1 26 5 42 1 36 26 31 1 2 6 53 1 39 30 74 1 30 28 74 1 0 0 0 0 31 46 73 1 12 39 58 1 45 21 47 1 18 19 23 1 31 44 57 1 38 77 45 1 55 66 76 1 67 67 53 1 75 52 78 1 60 61 101 1 32 43 41 1 19 45 38 1 21 36 41 1 56 77 52 1 0 0 0 0 33 23 39 1 64 49 71 1 66 84 94 1 76 64 82 1 33 51 64 1 24 29 56 1 17 50 32 1 61 51 50 1 27 28 73 1 0 29 67 1 19 0 39 1 29 11 37 1 0 27 34 1 27 35 28 1 21 33 11 1 6 19 28 1
49 60 58 1 58 22 63 1 50 60 65 1 29 44 61 1 26 31 34 1 51 34 51 1 23 46 38 1 0 0 0 0 49 49 42 1 0 0 0 0 41 40 58 1 27 56 86 1 40 45 68 1 42 25 94 1 22 47 52 1 33 20 81 1 48 5 66 1 12 7 41 1 30 16 41 1 32 10 40 1 28 3 22 1 50 24 49 1 31 28 24 1 30 14 34 1 12 26 23 1 29 44 31 1 44 47 58 1 31 43 57 1 61 48 63 1 58 39 36 1 33 22 26 1 53 30 61 1 39 32 34 1 17 32 21 1 56 25 55 1 46 73 38 1 55 52 62 1 39 81 56 1 47 85 71 1 71 54 72 1 24 46 63 1 21 50 34 1 43 28 69 1 35 75 65 1 40 51 50 1 60 86 45 1 74 52 68 1 52 51 107 1 62 64 72 1 17 28 68 1 44 43 63 1 55 21 62 1 28 48 63 1 52 38 55 1 12 29 32 1 0 0 0 0 31 9 17 1 48 9 33 1 20 7 45 1 20 53 39 1
29 55 57 1 37 31 27 1 58 37 52 1 45 15 44 1 0 31 42 1 32 37 49 1 39 40 46 1 29 29 71 1 37 29 38 1 0 0 0 0 49 61 25 1 25 49 58 1 56 64 70 1 55 62 86 1 12 28 36 1 44 55 46 1 65 56 51 1 20 32 37 1 0 0 0 0 16 30 43 1 77 23 59 1 9 35 31 1 17 18 60 1 16 9 62 1 15 39 48 1 19 60 42 1 35 37 52 1 0 0 0 0 22 36 57 1 12 31 71 1 41 42 40 1 52 15 52 1 52 46 49 1 25 47 62 1 53 67 65 1 26 88 80 1 60 31 53 1 31 63 97 1 57 59 65 1 55 73 69 1 57 70 52 1 41 23 61 1 26 37 74 1 57 44 66 1 57 30 72 1 34 46 72 1 24 49 50 1 70 12 76 1 52 40 102 1 56 52 47 1 42 46 44 1 30 50 70 1 16 42 59 1 24 45 65 1 35 12 35 1 28 49 43 1 20 17 5 1 15 18 20 1 17 18 13 1 12 4 21 1
39 46 61 1 23 35 66 1 33 53 49 1 42 40 40 1 6 22 46 1 25 25 65 1 31 32 70 1 42 62 59 1 52 42 57 1 35 50 62 1 27 42 59 1 58 66 78 1 0 0 0 0 46 73 63 1 27 25 60 1 29 27 66 1 51 32 50 1 35 43 41 1 20 31 45 1 21 28 41 1 37 17 43 1 24 5 29 1 30 7 40 1 20 0 38 1 38 6 53 1 44 6 62 1 24 11 36 1 48 33 50 1 26 47 42 1 32 28 62 1 34 50 43 1 0 0 0 0 38 53 50 1 40 42 50 1 46 76 36 1 63 53 73 1 43 36 51 1 48 51 90 1 22 57 35 1 49 56 78 1 61 61 92 1 24 24 66 1 0 12 82 1 31 54 74 1 54 23 45 1 29 16 71 1 60 38 35 1 43 25 68 1 39 34 68 1 52 49 67 1 27 67 68 1 24 32 44 1 46 31 68 1 18 36 44 1 36 40 32 1 13 50 53 1 11 41 21 1 9 9 47 1 21 16 35 1 15 11 15 1
21 32 48 1 36 38 67 1 36 28 61 1 44 27 35 1 11 36 43 1 35 37 44 1 43 53 47 1 42 31 53 1 31 49 57 1 43 47 80 1 46 51 62 1 63 53 103 1 44 46 70 1 39 60 61 1 56 39 76 1 33 2 48 1 29 34 55 1 26 17 23 1 36 29 24 1 21 9 37 1 3 0 41 1 19 3 41 1 46 11 53 1 24 13 18 1 31 22 28 1 35 27 42 1 24 12 60 1 12 21 56 1 0 0 0 0 44 17 33 1 37 60 40 1 30 62 58 1 49 35 63 1 28 37 35 1 59 51 68 1 28 55 66 1 6 30 62 1 25 54 36 1 39 55 64 1 44 56 52 1 37 63 69 1 5 36 34 1 23 24 74 1 30 71 64 1 52 38 79 1 45 36 49 1 49 42 72 1 46 37 88 1 0 0 0 0 36 32 79 1 59 52 63 1 39 57 71 1 0 0 0 0 10 54 46 1 24 54 62 1 32 22 58 1 32 15 68 1 42 41 53 1 12 37 35 1 16 34 22 1
34 25 50 1 49 38 54 1 38 53 62 1 57 39 44 1 0 0 0 0 28 33 29 1 14 46 66 1 27 21 70 1 47 36 38 1 32 52 68 1 64 59 83 1 35 45 65 1 52 39 68 1 24 52 66 1 40 29 68 1 50 21 43 1 48 48 36 1 27 12 18 1 52 40 57 1 35 11 44 1 24 3 0 1 35 1 16 1 12 0 0 1 8 18 34 1 24 14 37 1 47 14 47 1 43 30 46 1 16 4 28 1 0 0 0 0 12 31 18 1 41 24 47 1 54 47 29 1 21 34 45 1 12 44 45 1 29 50 72 1 25 15 47 1 39 53 52 1 60 56 65 1 66 61 68 1 19 43 62 1 0 0 0 0 50 45 55 1 28 1 67 1 53 48 74 1 38 39 69 1 25 48 69 1 44 32 69 1 57 36 44 1 55 54 58 1 38 63 68 1 25 45 60 1 43 33 77 1 26 42 59 1 40 30 72 1 0 0 0 0 34 15 55 1 44 23 45 1 19 0 25 1 0 0 0 0 21 8 31 1
4 14 57 1 39 49 62 1 41 34 62 1 22 58 50 1 25 39 77 1 32 45 77 1 53 30 70 1 44 36 69 1 52 48 78 1 53 51 63 1 41 36 74 1 42 43 82 1 0 0 0 0 42 45 88 1 67 54 57 1 51 31 39 1 6 14 21 1 45 6 36 1 32 24 43 1 51 25 32 1 15 0 23 1 17 15 33 1 35 15 45 1 25 15 44 1 37 9 81 1 39 40 30 1 0 0 0 0 0 0 0 0 54 29 16 1 37 29 34 1 28 35 41 1 27 13 40 1 19 36 24 1 25 25 39 1 0 34 56 1 37 16 45 1 40 46 65 1 43 24 55 1 38 47 52 1 28 27 42 1 54 23 23 1 32 39 50 1 27 37 72 1 63 55 100 1 45 55 71 1 45 36 70 1 40 38 50 1 45 32 68 1 52 5 80 1 38 46 83 1 33 54 78 1 40 31 70 1 51 26 90 1 50 42 64 1 21 34 17 1 32 37 17 1 33 4 44 1 37 0 25 1 24 38 33 1 0 0 0 0
29 26 49 1 49 28 33 1 31 52 53 1 38 57 70 1 49 46 52 1 0 0 0 0 0 0 0 0 25 30 56 1 38 60 73 1 32 33 106 1 36 29 51 1 33 51 83 1 32 33 67 1 34 28 69 1 47 49 53 1 13 22 52 1 13 26 34 1 19 0 52 1 6 13 27 1 33 0 7 1 20 36 44 1 28 0 13 1 42 0 49 1 25 24 33 1 13 6 51 1 28 22 47 1 38 45 33 1 0 0 0 0 0 0 0 0 35 14 14 1 33 36 47 1 30 38 48 1 18 20 35 1 0 0 0 0 30 41 39 1 30 18 40 1 28 28 39 1 21 28 57 1 28 33 42 1 15 29 57 1 33 41 37 1 9 41 57 1 34 57 79 1 43 30 78 1 44 39 87 1 46 25 50 1 32 25 53 1 13 25 60 1 22 26 60 1 0 0 0 0 27 47 52 1 59 44 68 1 31 56 80 1 23 14 65 1 26 55 57 1 12 23 39 1 40 0 52 1 10 0 16 1 16 0 20 1 21 14 17 1
42 19 52 1 64 33 69 1 49 26 66 1 19 38 57 1 33 49 75 1 46 37 74 1 47 37 32 1 42 63 54 1 38 24 60 1 46 29 74 1 37 33 56 1 2 49 76 1 38 50 84 1 0 0 0 0 49 33 54 1 34 33 32 1 41 36 53 1 13 32 0 1 18 0 31 1 26 16 30 1 16 0 29 1 28 27 27 1 26 20 39 1 6 0 18 1 15 19 38 1 26 8 35 1 15 28 35 1 0 6 6 1 17 20 25 1 12 27 38 1 43 16 34 1 34 50 38 1 7 45 47 1 16 22 35 1 12 21 33 1 0 0 0 0 26 29 78 1 0 0 0 0 0 0 0 0 54 12 18 1 54 42 49 1 25 19 59 1 44 44 39 1 42 11 84 1 39 45 80 1 31 28 59 1 52 45 63 1 22 28 77 1 43 6 69 1 4 3 48 1 31 26 48 1 48 21 54 1 31 37 43 1 30 44 29 1 32 19 59 1 36 40 41 1 0 0 31 1 20 11 23 1 30 6 9 1 13 4 30 1
56 47 62 1 32 32 52 1 46 42 56 1 31 21 78 1 0 0 0 0 57 63 72 1 53 40 69 1 19 21 49 1 52 39 59 1 30 57 60 1 0 0 0 0 58 64 51 1 34 36 81 1 34 66 69 1 52 45 55 1 0 0 0 0 6 24 11 1 31 10 27 1 0 0 0 0 7 21 24 1 0 0 0 0 21 24 12 1 33 19 30 1 39 38 45 1 31 61 27 1 13 27 55 1 52 13 20 1 0 0 0 0 13 27 29 1 29 23 41 1 2 24 36 1 17 22 36 1 36 4 29 1 0 0 0 0 12 0 51 1 33 46 59 1 31 34 21 1 56 32 54 1 37 46 54 1 37 51 16 1 0 0 0 0 39 42 40 1 40 50 32 1 56 55 87 1 34 37 54 1 25 23 58 1 21 67 39 1 28 31 45 1 0 0 0 0 18 28 47 1 55 47 24 1 46 39 52 1 53 38 27 1 0 20 52 1 18 21 49 1 5 25 52 1 11 17 32 1 5 14 42 1 27 5 0 1 0 0 0 0
47 40 58 1 29 51 52 1 52 35 60 1 21 50 51 1 33 54 40 1 56 29 55 1 41 25 47 1 0 0 0 0 33 50 91 1 52 38 92 1 42 34 68 1 27 59 71 1 26 39 69 1 26 46 63 1 53 71 54 1 25 22 35 1 25 24 31 1 39 6 43 1 7 0 28 1 21 9 0 1 25 16 36 1 27 20 26 1 27 25 55 1 34 11 42 1 9 14 13 1 3 6 10 1 1 35 22 1 12 40 19 1 33 9 3 1 22 14 11 1 20 21 19 1 7 7 5 1 21 31 41 1 12 0 21 1 0 0 0 0 42 36 32 1 41 36 51 1 35 2 41 1 20 25 28 1 18 32 38 1 37 45 46 1 0 0 0 0 21 19 54 1 41 24 37 1 0 0 0 0 25 25 36 1 17 13 24 1 21 21 31 1 43 38 62 1 33 36 26 1 22 0 27 1 27 15 56 1 25 2 27 1 56 41 14 1 37 38 53 1 12 18 37 1 0 10 14 1 5 3 32 1 16 9 4 1 0 12 27 1
52 65 78 1 60 57 61 1 62 68 66 1 33 59 65 1 19 18 55 1 59 42 50 1 17 36 77 1 53 33 65 1 45 61 42 1 41 46 87 1 44 46 79 1 37 51 67 1 62 53 73 1 64 37 56 1 38 44 67 1 44 17 32 1 30 36 39 1 17 4 22 1 5 15 13 1 23 12 25 1 4 3 20 1 17 23 15 1 20 21 15 1 0 0 30 1 29 7 28 1 2 19 33 1 0 18 9 1 12 22 17 1 28 42 38 1 30 41 18 1 20 42 31 1 25 10 29 1 0 5 31 1 42 59 40 1 29 48 36 1 21 73 42 1 51 45 33 1 32 30 13 1 40 17 29 1 32 16 52 1 30 32 68 1 31 23 42 1 15 18 65 1 30 0 45 1 27 39 30 1 24 16 40 1 21 39 36 1 22 27 44 1 14 41 13 1 23 6 61 1 19 32 32 1 11 37 44 1 15 14 32 1 43 22 38 1 15 13 18 1 10 5 30 1 21 0 0 1 5 22 24 1 16 0 20 1 14 10 8 1
55 44 74 1 54 63 77 1 42 49 79 1 45 42 61 1 27 33 58 1 63 44 53 1 0 0 0 0 11 52 52 1 47 44 86 1 37 53 63 1 19 81 66 1 29 63 80 1 24 56 51 1 51 48 86 1 18 23 46 1 19 1 33 1 18 0 18 1 24 20 38 1 35 0 33 1 25 13 30 1 14 42 2 1 2 8 30 1 12 0 22 1 0 31 32 1 4 6 22 1 25 0 22 1 22 21 17 1 20 25 33 1 31 10 40 1 0 0 0 0 11 28 10 1 10 8 36 1 45 33 32 1 29 32 48 1 49 7 35 1 45 46 47 1 33 26 39 1 6 11 19 1 37 38 37 1 0 0 0 0 37 35 54 1 28 37 36 1 0 0 0 0 21 0 62 1 0 0 0 0 0 0 0 0 17 0 37 1 25 33 23 1 25 4 23 1 4 24 11 1 24 17 17 1 13 29 35 1 12 16 31 1 25 41 40 1 43 18 20 1 2 4 32 1 10 21 43 1 3 33 40 1 16 15 23 1 18 28 17 1
49 57 91 1 54 52 85 1 79 68 62 1 44 50 68 1 33 29 51 1 30 36 49 1 30 51 64 1 0 0 0 0 41 49 58 1 17 32 75 1 36 72 72 1 49 37 84 1 67 37 78 1 0 0 0 0 20 13 45 1 15 22 39 1 57 27 30 1 8 6 46 1 26 5 34 1 15 51 41 1 24 34 32 1 5 8 16 1 13 4 19 1 0 0 0 0 37 0 26 1 11 8 43 1 5 14 12 1 27 10 44 1 13 0 0 1 19 5 35 1 28 0 5 1 25 21 45 1 0 0 0 0 43 38 57 1 25 30 18 1 36 50 14 1 31 5 19 1 45 42 40 1 41 31 52 1 52 50 46 1 33 22 50 1 15 15 62 1 52 24 21 1 24 42 30 1 18 7 32 1 26 19 20 1 36 19 18 1 25 30 22 1 14 2 10 1 11 0 12 1 0 6 0 1 42 14 39 1 49 28 43 1 0 17 45 1 20 6 43 1 13 0 25 1 37 17 27 1 20 21 57 1 10 33 9 1 26 11 0 1
62 75 40 1 62 60 54 1 43 42 56 1 54 58 85 1 0 0 0 0 34 80 83 1 30 29 38 1 32 48 36 1 59 55 60 1 30 61 61 1 68 27 70 1 54 50 60 1 40 48 65 1 12 29 66 1 34 11 23 1 9 27 29 1 18 44 28 1 25 16 17 1 17 14 52 1 13 25 32 1 22 37 23 1 28 0 14 1 12 33 22 1 27 18 25 1 36 20 24 1 10 20 11 1 5 17 18 1 43 24 24 1 19 12 7 1 17 16 37 1 0 0 0 0 13 31 40 1 40 29 0 1 23 13 35 1 33 0 52 1 24 26 17 1 42 19 26 1 34 11 54 1 41 20 52 1 33 51 47 1 9 18 32 1 31 31 56 1 35 20 24 1 7 31 50 1 36 40 27 1 29 22 19 1 45 28 1 1 0 0 0 0 6 19 44 1 9 11 26 1 10 9 32 1 14 20 36 1 20 29 38 1 7 9 19 1 4 15 37 1 28 6 41 1 20 29 29 1 3 0 11 1 0 10 39 1 9 0 23 1
78 67 83 1 61 39 60 1 30 39 65 1 74 34 45 1 38 26 75 1 42 17 41 1 19 53 30 1 19 31 50 1 55 53 71 1 69 56 75 1 53 50 73 1 42 29 72 1 0 0 0 0 0 0 0 0 27 19 15 1 39 31 27 1 27 23 41 1 19 24 69 1 29 38 48 1 0 0 0 0 4 0 26 1 5 28 23 1 12 31 1 1 32 13 29 1 21 15 29 1 1 29 7 1 22 0 32 1 29 0 3 1 0 0 0 1 21 0 25 1 36 7 23 1 20 33 40 1 34 12 17 1 23 15 46 1 24 29 21 1 27 35 21 1 51 24 41 1 30 20 36 1 27 24 55 1 35 43 58 1 20 24 62 1 45 21 30 1 37 19 64 1 30 34 42 1 31 22 37 1 27 29 40 1 17 12 27 1 40 13 47 1 0 0 6 1 17 25 35 1 55 24 26 1 0 0 0 0 37 29 57 1 25 43 35 1 16 19 42 1 32 6 59 1 0 0 0 0 49 15 37 1 12 3 38 1 10 26 38 1
48 72 90 1 43 36 73 1 0 0 0 0 45 62 58 1 52 58 67 1 34 55 45 1 44 9 65 1 65 50 64 1 35 45 61 1 47 44 77 1 51 69 83 1 28 81 78 1 52 24 47 1 37 30 53 1 29 14 36 1 0 0 0 0 22 45 24 1 30 45 36 1 62 34 0 1 45 10 24 1 25 12 20 1 0 0 4 1 9 0 24 1 12 33 24 1 10 13 14 1 0 9 17 1 26 4 10 1 34 6 15 1 0 24 23 1 12 0 0 1 0 22 21 1 35 8 14 1 16 5 26 1 14 12 38 1 48 34 28 1 46 18 25 1 18 18 52 1 23 22 27 1 9 23 79 1 15 24 81 1 0 0 0 0 25 32 34 1 0 0 0 0 29 28 59 1 21 30 37 1 37 24 44 1 18 42 43 1 21 13 28 1 41 35 20 1 18 17 43 1 30 33 35 1 22 30 35 1 26 26 49 1 36 24 57 1 33 34 51 1 47 19 49 1 48 36 60 1 38 27 70 1 30 41 71 1 30 6 56 1
66 71 79 1 51 82 70 1 44 45 56 1 44 69 58 1 62 63 67 1 0 0 0 0 0 0 0 0 29 69 58 1 20 63 74 1 53 85 50 1 28 39 62 1 40 69 44 1 42 37 54 1 29 27 43 1 19 25 41 1 35 37 27 1 35 36 20 1 19 31 28 1 11 30 45 1 29 24 46 1 17 0 33 1 16 6 25 1 27 27 44 1 0 2 41 1 0 0 0 0 14 0 13 1 17 0 15 1 0 0 17 1 28 8 17 1 33 1 27 1 45 15 19 1 0 9 0 1 0 10 9 1 29 28 25 1 60 0 60 1 38 18 58 1 32 11 28 1 17 21 49 1 33 9 49 1 43 59 47 1 32 3 46 1 38 6 54 1 51 17 65 1 37 42 69 1 27 33 70 1 12 12 58 1 22 34 36 1 18 32 70 1 31 17 37 1 21 13 80 1 43 30 31 1 19 54 31 1 11 4 49 1 34 3 77 1 54 9 58 1 37 35 44 1 0 0 0 0 56 23 102 1 0 0 0 0 50 43 91 1
63 88 101 1 25 52 88 1 55 49 59 1 59 59 78 1 0 0 0 0 23 17 46 1 35 58 57 1 38 27 46 1 41 30 54 1 45 50 54 1 30 38 85 1 31 35 62 1 6 26 39 1 23 37 50 1 0 0 0 0 40 15 36 1 0 15 27 1 20 19 27 1 30 19 33 1 23 36 49 1 32 35 39 1 19 21 54 1 31 11 33 1 22 17 3 1 0 0 0 0 22 13 7 1 0 12 10 1 17 21 16 1 4 4 10 1 33 15 11 1 24 23 46 1 25 20 24 1 23 0 16 1 53 33 24 1 52 2 47 1 38 39 46 1 31 21 12 1 26 23 25 1 35 34 52 1 40 22 72 1 0 0 0 0 23 6 62 1 0 0 0 0 59 19 33 1 31 10 30 1 15 0 14 1 24 31 59 1 44 42 55 1 37 43 65 1 35 30 71 1 31 8 61 1 21 15 45 1 6 7 87 1 25 45 70 1 61 34 87 1 33 18 73 1 0 0 0 0 44 47 101 1 62 71 101 1 50 34 103 1
54 52 58 1 37 71 87 1 38 68 50 1 35 33 95 1 42 66 63 1 43 39 62 1 38 65 64 1 40 53 70 1 64 55 67 1 58 46 73 1 31 56 47 1 19 27 64 1 16 31 51 1 0 0 0 0 37 55 44 1 34 30 13 1 38 0 7 1 20 41 30 1 11 60 54 1 22 13 28 1 35 2 36 1 43 17 24 1 19 44 42 1 0 0 0 0 4 19 5 1 0 17 16 1 0 0 0 0 30 0 21 1 2 2 15 1 37 20 0 1 43 0 26 1 9 16 29 1 0 0 0 0 0 0 0 0 46 11 76 1 0 0 0 0 12 29 47 1 33 7 36 1 18 23 37 1 55 20 43 1 17 57 30 1 34 18 20 1 46 31 63 1 21 35 22 1 29 39 25 1 6 14 39 1 14 28 35 1 52 29 68 1 41 46 69 1 24 26 59 1 48 39 73 1 24 29 64 1 23 29 56 1 40 46 100 1 33 54 88 1 51 30 84 1 20 45 84 1 58 75 112 1 57 40 99 1 27 53 115 1
56 51 87 1 42 72 78 1 20 40 75 1 45 73 71 1 32 63 84 1 46 25 81 1 35 34 73 1 42 39 47 1 55 68 80 1 49 53 68 1 36 54 57 1 0 0 0 0 20 44 39 1 0 0 0 0 0 0 0 0 33 2 31 1 20 36 46 1 22 37 44 1 26 25 46 1 16 25 35 1 27 31 58 1 0 0 0 0 9 26 38 1 6 25 21 1 0 28 0 1 0 0 22 1 35 15 16 1 20 4 41 1 34 26 59 1 38 4 26 1 7 13 0 1 0 0 19 1 30 0 50 1 29 17 18 1 0 0 0 0 22 19 55 1 7 14 28 1 41 43 36 1 0 0 0 0 35 9 0 1 24 16 59 1 39 34 38 1 38 2 46 1 28 32 48 1 24 0 7 1 47 39 37 1 48 30 30 1 38 47 69 1 29 19 75 1 38 48 62 1 28 31 89 1 70 40 76 1 70 28 79 1 37 41 105 1 57 50 84 1 0 0 0 0 33 65 76 1 54 58 96 1 70 51 109 1 55 62 94 1
55 69 62 1 31 64 91 1 46 64 63 1 39 44 64 1 42 48 57 1 37 68 78 1 0 0 0 0 34 43 75 1 56 72 68 1 53 63 67 1 38 23 54 1 38 49 42 1 34 19 49 1 9 1 16 1 30 28 40 1 0 0 0 0 35 32 37 1 33 44 22 1 38 20 29 1 0 0 0 0 30 26 58 1 15 25 47 1 8 19 37 1 26 0 40 1 22 15 39 1 0 0 0 0 0 0 0 0 28 23 43 1 25 0 34 1 0 0 55 1 10 13 19 1 50 26 36 1 29 0 38 1 0 0 0 0 21 37 73 1 49 37 45 1 26 12 75 1 45 21 54 1 0 0 0 0 8 21 29 1 49 14 53 1 11 17 1 1 3 8 37 1 56 26 61 1 49 34 56 1 30 40 67 1 38 61 67 1 56 39 85 1 42 29 69 1 24 4 49 1 38 16 66 1 40 33 70 1 47 60 85 1 42 56 99 1 33 44 106 1 61 68 125 1 37 70 109 1 66 70 90 1 53 48 107 1 50 52 98 1
0 0 0 0 24 24 59 1 26 54 63 1 27 63 57 1 56 66 78 1 40 72 56 1 38 42 53 1 22 78 46 1 34 44 55 1 39 42 58 1 32 22 58 1 37 52 40 1 23 19 47 1 26 26 25 1 28 32 21 1 25 15 31 1 26 9 31 1 0 0 0 0 31 14 60 1 50 32 20 1 23 30 41 1 36 38 31 1 37 6 43 1 32 22 58 1 39 42 14 1 22 0 38 1 23 29 38 1 30 15 44 1 32 0 35 1 4 22 25 1 0 0 0 0 12 22 17 1 37 2 42 1 32 20 40 1 27 9 53 1 26 2 50 1 33 19 54 1 22 21 32 1 25 29 42 1 0 37 38 1 35 0 45 1 35 11 23 1 0 0 0 0 14 9 31 1 22 23 71 1 24 27 70 1 34 33 45 1 0 0 0 0 33 40 92 1 41 44 62 1 48 46 75 1 35 69 83 1 0 0 0 0 0 0 0 0 75 64 97 1 55 51 113 1 73 67 107 1 42 61 80 1 54 40 114 1 59 36 96 1
55 66 85 1 31 59 90 1 54 30 55 1 47 28 67 1 71 70 84 1 53 24 68 1 52 30 72 1 31 27 54 1 16 31 40 1 27 0 48 1 11 30 45 1 46 61 43 1 22 9 47 1 0 0 0 0 59 0 17 1 19 12 33 1 21 33 26 1 13 18 10 1 9 35 36 1 22 7 36 1 16 16 41 1 6 4 34 1 17 33 25 1 38 26 49 1 41 15 46 1 32 5 33 1 23 46 40 1 24 31 41 1 45 12 26 1 43 24 44 1 24 21 44 1 0 0 0 0 20 28 22 1 12 27 57 1 12 15 25 1 14 0 39 1 0 30 37 1 46 33 23 1 18 6 43 1 41 32 56 1 7 9 31 1 27 13 46 1 22 34 53 1 47 35 59 1 25 47 68 1 49 35 73 1 11 16 81 1 50 45 70 1 42 33 56 1 38 26 66 1 39 40 82 1 26 58 103 1 70 82 120 1 41 50 108 1 42 71 103 1 55 68 117 1 47 49 124 1 48 70 122 1 0 0 0 0 0 0 0 0
61 64 116 1 40 63 84 1 52 56 78 1 60 64 66 1 47 46 71 1 37 45 75 1 25 50 68 1 57 39 61 1 41 4 44 1 18 29 36 1 26 1 32 1 33 19 16 1 44 32 40 1 26 20 35 1 0 0 0 0 31 34 35 1 23 32 33 1 6 10 63 1 16 36 23 1 52 38 56 1 42 36 39 1 16 44 40 1 12 15 16 1 36 0 37 1 39 42 56 1 24 33 22 1 23 17 52 1 28 5 37 1 32 30 40 1 34 30 37 1 21 9 61 1 39 23 66 1 29 28 35 1 0 24 62 1 36 23 34 1 53 27 59 1 33 18 56 1 0 0 0 0 26 19 28 1 15 21 15 1 14 22 46 1 68 30 47 1 37 29 33 1 35 44 63 1 33 18 55 1 30 41 57 1 0 0 0 0 66 52 83 1 38 75 120 1 0 0 0 0 68 61 119 1 73 43 113 1 70 62 115 1 54 59 118 1 41 67 120 1 37 52 130 1 31 77 80 1 42 62 107 1 31 44 88 1 50 54 80 1
0 0 0 0 41 31 93 1 44 55 64 1 56 50 73 1 49 83 70 1 33 53 86 1 29 56 53 1 38 29 43 1 14 12 56 1 15 42 30 1 33 29 38 1 14 24 48 1 0 0 0 0 28 23 54 1 22 22 28 1 25 5 68 1 28 56 44 1 47 24 33 1 28 26 46 1 19 45 51 1 27 35 47 1 9 51 52 1 36 23 42 1 29 20 34 1 33 14 55 1 41 14 55 1 5 0 36 1 20 11 4 1 10 36 25 1 20 28 52 1 0 0 0 0 0 0 0 0 4 13 70 1 0 0 0 0 27 22 39 1 16 31 36 1 48 10 50 1 20 0 44 1 0 34 55 1 25 39 30 1 42 12 35 1 0 0 0 0 60 31 59 1 63 46 103 1 0 0 0 0 26 18 85 1 32 47 116 1 0 0 0 0 57 64 126 1 67 62 152 1 0 0 0 0 65 67 120 1 42 71 127 1 57 47 117 1 46 54 96 1 54 58 113 1 31 80 94 1 47 58 95 1 70 62 81 1 64 54 97 1
38 69 110 1 41 47 68 1 39 41 82 1 0 0 0 0 0 0 0 0 30 27 53 1 45 46 68 1 20 20 41 1 39 25 57 1 15 23 41 1 0 0 0 0 30 49 17 1 31 34 31 1 17 23 34 1 0 0 0 0 0 0 0 0 51 15 35 1 0 0 0 0 0 0 0 0 28 36 52 1 38 25 53 1 44 31 37 1 49 42 25 1 28 16 55 1 44 45 30 1 13 2 56 1 11 13 37 1 23 33 17 1 35 8 62 1 35 45 51 1 16 33 50 1 23 27 31 1 38 22 44 1 38 31 55 1 43 28 47 1 12 23 51 1 22 14 47 1 0 0 0 0 35 4 60 1 38 27 62 1 45 45 65 1 0 0 0 0 28 62 105 1 66 47 106 1 47 49 111 1 49 62 134 1 46 58 136 1 61 23 116 1 37 44 110 1 44 42 113 1 54 51 118 1 30 59 104 1 0 0 0 0 84 56 122 1 37 71 97 1 60 51 111 1 50 57 75 1 31 38 93 1 65 42 75 1 72 66 108 1
44 67 75 1 44 32 81 1 52 60 55 1 0 0 0 0 36 34 77 1 0 0 0 0 16 8 55 1 0 3 47 1 32 0 2 1 31 31 49 1 14 28 43 1 58 45 28 1 30 25 25 1 29 37 61 1 24 43 16 1 38 9 48 1 32 39 47 1 49 19 38 1 54 41 46 1 0 0 0 0 37 40 46 1 32 30 59 1 24 8 30 1 21 14 47 1 50 36 61 1 10 3 62 1 30 4 31 1 10 16 27 1 20 25 50 1 37 20 38 1 36 39 69 1 19 23 36 1 23 25 35 1 0 0 0 0 44 0 48 1 26 23 45 1 5 33 45 1 38 11 54 1 26 31 69 1 41 28 80 1 50 65 100 1 43 36 107 1 36 63 104 1 63 63 104 1 69 63 134 1 26 62 123 1 28 75 139 1 40 72 118 1 54 63 126 1 75 75 133 1 0 0 0 0 49 56 93 1 0 0 0 0 70 55 101 1 57 46 137 1 37 43 107 1 55 39 120 1 36 47 111 1 60 52 74 1 62 43 83 1
54 63 74 1 17 41 54 1 8 43 50 1 57 30 45 1 60 47 75 1 30 37 48 1 20 5 68 1 34 23 34 1 34 0 64 1 35 53 37 1 0 0 0 0 9 20 54 1 32 32 44 1 23 16 38 1 0 0 0 0 18 37 32 1 33 41 58 1 38 33 36 1 45 33 69 1 58 25 62 1 49 52 53 1 45 9 41 1 8 17 28 1 12 21 34 1 48 33 86 1 39 31 58 1 48 34 31 1 29 27 66 1 37 21 65 1 24 24 34 1 42 6 48 1 25 24 26 1 30 11 49 1 16 26 53 1 25 8 49 1 0 0 0 0 26 33 38 1 54 14 70 1 42 73 82 1 45 62 98 1 39 53 94 1 49 65 137 1 69 64 121 1 65 51 127 1 0 0 0 0 48 34 149 1 55 65 139 1 49 60 126 1 47 27 133 1 37 59 130 1 59 38 113 1 58 56 95 1 36 52 106 1 42 53 112 1 74 34 122 1 30 53 81 1 19 56 97 1 25 49 88 1 56 44 84 1 35 61 93 1
38 26 99 1 35 37 53 1 45 53 71 1 57 46 65 1 20 64 39 1 60 45 19 1 34 26 58 1 16 37 27 1 12 16 45 1 25 18 28 1 0 0 0 0 28 11 34 1 26 10 46 1 15 31 60 1 0 0 0 0 34 11 46 1 77 41 47 1 23 28 56 1 21 15 69 1 27 25 42 1 27 30 58 1 11 27 64 1 23 13 39 1 29 10 54 1 0 0 0 0 27 37 35 1 34 27 57 1 58 24 59 1 11 27 49 1 21 0 24 1 25 14 57 1 51 18 46 1 0 32 34 1 10 22 31 1 30 10 15 1 7 4 43 1 29 5 58 1 53 41 96 1 48 40 90 1 60 51 116 1 20 47 124 1 60 70 117 1 64 48 128 1 0 0 0 0 49 49 135 1 73 49 148 1 36 70 136 1 56 50 139 1 69 50 131 1 47 49 137 1 48 71 116 1 42 47 92 1 33 67 107 1 46 53 101 1 0 0 0 0 81 76 116 1 34 47 112 1 45 63 92 1 45 54 116 1 53 46 112 1
38 57 74 1 22 13 46 1 44 15 57 1 33 48 69 1 0 0 0 0 26 20 42 1 21 43 31 1 38 1 24 1 0 0 0 0 26 17 26 1 42 3 8 1 0 0 0 0 25 22 45 1 31 28 47 1 27 18 33 1 20 38 52 1 38 38 54 1 0 0 0 0 50 28 75 1 28 39 55 1 45 15 77 1 46 51 65 1 6 18 40 1 28 46 31 1 0 0 0 0 29 17 52 1 21 26 59 1 32 17 56 1 18 8 23 1 33 0 54 1 32 27 46 1 11 18 49 1 25 29 36 1 0 0 0 0 33 0 44 1 35 12 85 1 29 46 75 1 42 57 91 1 40 40 111 1 46 67 158 1 0 0 0 0 77 49 131 1 35 70 142 1 48 65 133 1 77 60 97 1 0 0 0 0 64 58 117 1 49 75 135 1 62 40 138 1 51 46 124 1 42 44 110 1 40 40 111 1 52 70 99 1 57 67 99 1 54 66 140 1 49 74 132 1 50 35 76 1 63 49 84 1 0 0 0 0 47 49 94 1
24 30 87 1 35 19 58 1 66 29 74 1 35 50 56 1 26 25 44 1 26 32 16 1 36 18 17 1 25 14 2 1 24 22 31 1 34 14 44 1 8 40 47 1 46 32 57 1 47 17 52 1 59 33 50 1 30 34 60 1 9 31 52 1 49 14 59 1 42 31 37 1 39 58 50 1 55 54 63 1 56 10 27 1 50 30 64 1 0 28 37 1 34 14 53 1 28 59 41 1 32 39 55 1 0 0 0 0 11 30 45 1 42 31 50 1 51 17 47 1 20 23 35 1 8 25 66 1 25 38 71 1 33 39 92 1 74 30 106 1 40 47 104 1 0 0 0 0 48 51 94 1 53 39 129 1 0 0 0 0 66 52 145 1 56 68 114 1 37 51 112 1 51 17 144 1 34 47 106 1 55 73 113 1 43 36 131 1 56 66 122 1 48 47 123 1 55 61 125 1 65 67 111 1 0 0 0 0 64 53 107 1 0 0 0 0 0 0 0 0 67 66 116 1 74 64 111 1 36 62 110 1 66 44 68 1 0 0 0 0
63 42 71 1 44 49 71 1 39 23 56 1 45 35 47 1 24 20 73 1 39 25 39 1 7 5 30 1 0 0 0 0 21 21 34 1 41 4 50 1 40 35 46 1 27 25 31 1 34 18 53 1 7 2 57 1 25 18 49 1 29 35 57 1 25 27 62 1 49 17 54 1 23 55 39 1 23 46 58 1 0 0 0 0 56 27 63 1 0 0 0 0 39 51 58 1 31 49 37 1 37 24 61 1 41 32 53 1 27 24 34 1 39 26 55 1 31 19 61 1 35 19 74 1 25 33 43 1 30 63 78 1 38 32 95 1 31 63 108 1 57 64 109 1 40 54 112 1 31 52 148 1 67 63 111 1 62 57 143 1 51 75 128 1 48 80 135 1 50 44 135 1 35 61 130 1 46 57 111 1 62 64 134 1 53 68 113 1 29 28 116 1 35 39 117 1 60 47 96 1 69 53 130 1 0 0 0 0 29 38 116 1 74 53 95 1 19 74 107 1 46 53 112 1 65 60 91 1 49 53 92 1 39 36 79 1 48 24 76 1
31 47 54 1 24 69 41 1 28 52 46 1 0 0 0 0 33 25 42 1 11 25 35 1 21 10 41 1 20 18 36 1 13 10 49 1 13 20 51 1 28 0 21 1 29 39 44 1 13 26 32 1 2 20 73 1 34 24 69 1 27 27 48 1 47 35 48 1 18 16 68 1 41 14 57 1 56 25 44 1 13 52 44 1 40 34 33 1 38 31 45 1 27 19 28 1 0 0 0 0 34 23 69 1 22 24 63 1 65 20 52 1 2 46 53 1 49 22 77 1 53 61 95 1 37 73 96 1 20 51 94 1 48 50 108 1 28 72 129 1 39 56 113 1 0 0 0 0 55 91 142 1 52 86 141 1 36 72 139 1 39 50 112 1 34 49 152 1 74 75 135 1 37 61 144 1 43 59 132 1 61 59 124 1 71 73 118 1 32 38 101 1 53 46 112 1 53 71 113 1 70 43 132 1 29 34 129 1 34 55 111 1 56 63 119 1 57 62 112 1 43 46 119 1 0 0 0 0 53 38 82 1 35 52 77 1 54 40 81 1
16 13 54 1 23 50 66 1 26 35 57 1 38 43 72 1 18 20 62 1 38 39 61 1 0 0 0 0 8 31 40 1 19 9 35 1 30 11 40 1 19 13 40 1 18 44 31 1 20 16 44 1 11 52 40 1 15 36 53 1 33 24 24 1 0 0 0 0 34 17 54 1 11 31 69 1 12 33 64 1 15 0 36 1 34 18 50 1 12 24 80 1 28 25 60 1 7 17 64 1 37 37 71 1 30 19 60 1 22 25 70 1 10 45 90 1 47 68 87 1 73 51 131 1 28 40 112 1 69 42 111 1 60 52 130 1 79 50 133 1 55 53 119 1 55 73 137 1 65 55 140 1 50 79 133 1 80 52 141 1 56 53 127 1 59 58 134 1 74 41 142 1 56 50 134 1 37 72 125 1 36 70 132 1 49 67 107 1 41 28 108 1 42 50 104 1 51 36 124 1 35 63 101 1 68 55 90 1 0 0 0 0 79 80 132 1 46 62 109 1 41 46 102 1 39 40 93 1 23 44 87 1 63 45 90 1 25 49 87 1
57 60 85 1 42 43 77 1 48 66 53 1 35 50 75 1 44 27 35 1 47 32 46 1 3 16 23 1 31 16 59 1 41 5 42 1 21 14 24 1 22 31 31 1 41 46 46 1 29 36 52 1 48 50 44 1 0 0 0 0 20 46 42 1 34 11 41 1 42 43 61 1 19 13 53 1 25 23 49 1 56 38 46 1 16 55 59 1 35 21 77 1 21 45 43 1 41 49 46 1 44 40 105 1 49 38 84 1 44 51 126 1 0 0 0 0 56 37 108 1 68 67 136 1 55 62 141 1 25 75 118 1 26 66 134 1 51 53 127 1 43 56 116 1 56 58 131 1 63 59 164 1 42 79 128 1 55 43 129 1 47 38 114 1 50 69 133 1 60 24 122 1 43 55 129 1 52 65 140 1 57 51 111 1 69 60 130 1 42 56 114 1 33 41 105 1 46 58 98 1 46 54 101 1 37 45 127 1 60 64 79 1 52 44 124 1 63 42 115 1 42 42 100 1 35 40 85 1 34 40 78 1 48 65 86 1 29 44 96 1
28 33 84 1 21 36 71 1 0 0 0 0 45 17 60 1 26 26 38 1 18 44 48 1 24 6 42 1 44 41 40 1 33 20 46 1 0 0 0 0 24 28 32 1 14 31 39 1 42 37 47 1 38 16 46 1 51 24 43 1 46 20 63 1 40 19 51 1 38 28 51 1 42 16 51 1 9 39 72 1 44 36 85 1 48 35 69 1 49 45 79 1 36 43 87 1 35 42 105 1 66 73 109 1 91 54 120 1 0 0 0 0 46 47 122 1 66 58 141 1 52 68 121 1 35 68 144 1 58 53 111 1 57 61 137 1 43 59 141 1 28 77 124 1 45 62 139 1 58 43 140 1 68 46 140 1 47 51 156 1 24 52 130 1 26 64 155 1 63 44 128 1 58 66 130 1 50 51 146 1 56 75 121 1 56 52 104 1 40 72 99 1 0 0 0 0 36 44 121 1 49 60 116 1 43 77 106 1 58 68 102 1 33 32 117 1 25 43 110 1 40 55 75 1 51 41 77 1 61 62 75 1 67 50 94 1 0 0 0 0
33 16 53 1 64 34 68 1 43 46 80 1 37 61 48 1 11 21 84 1 0 12 48 1 0 0 0 0 44 45 59 1 14 47 50 1 20 43 55 1 7 8 61 1 0 0 0 0 37 19 51 1 30 17 65 1 38 14 54 1 20 0 58 1 14 23 55 1 0 0 0 0 17 13 82 1 31 45 72 1 61 51 82 1 32 54 91 1 40 39 116 1 29 42 127 1 55 47 118 1 50 86 138 1 67 57 111 1 49 68 124 1 55 76 126 1 63 67 140 1 55 74 151 1 47 60 143 1 48 57 132 1 63 63 130 1 52 59 165 1 61 76 124 1 53 60 119 1 55 59 142 1 51 69 131 1 42 70 123 1 49 47 145 1 46 50 153 1 51 58 125 1 53 66 132 1 44 59 142 1 0 0 0 0 43 43 104 1 50 52 137 1 75 36 99 1 36 54 105 1 36 50 119 1 39 41 76 1 53 37 99 1 39 35 102 1 36 47 85 1 45 47 85 1 39 26 99 1 25 63 79 1 40 12 79 1 25 23 69 1
37 49 79 1 27 47 54 1 57 32 65 1 15 17 81 1 15 33 66 1 0 0 0 0 29 29 54 1 29 39 48 1 25 47 40 1 46 31 62 1 0 0 0 0 18 18 61 1 54 10 57 1 14 18 84 1 55 37 71 1 41 39 62 1 26 8 72 1 50 34 67 1 48 57 75 1 0 0 0 0 53 51 116 1 0 0 0 0 41 52 116 1 43 74 113 1 46 83 143 1 43 82 147 1 0 0 0 0 46 80 140 1 33 77 144 1 48 93 148 1 31 69 143 1 56 57 129 1 25 51 115 1 41 80 143 1 56 65 142 1 56 53 141 1 61 63 119 1 72 62 160 1 47 47 148 1 49 51 129 1 69 64 171 1 32 49 129 1 59 60 131 1 59 49 95 1 0 0 0 0 13 66 116 1 58 45 109 1 41 37 94 1 44 40 119 1 60 83 101 1 55 66 125 1 70 36 103 1 37 62 93 1 43 33 109 1 44 44 93 1 42 60 101 1 38 33 80 1 19 44 79 1 44 56 93 1 43 43 69 1
25 41 72 1 0 0 0 0 37 47 83 1 31 11 75 1 13 33 35 1 0 0 0 0 17 17 70 1 33 52 83 1 24 46 65 1 35 40 69 1 41 49 73 1 33 48 56 1 46 27 74 1 36 28 63 1 42 39 78 1 45 43 66 1 37 37 90 1 52 35 108 1 57 46 121 1 26 61 85 1 61 61 115 1 69 62 90 1 76 55 137 1 81 68 148 1 82 79 140 1 74 62 152 1 55 60 164 1 63 62 160 1 0 0 0 0 68 74 138 1 57 77 135 1 49 89 166 1 26 63 143 1 46 69 152 1 31 72 134 1 0 0 0 0 72 64 156 1 43 65 140 1 57 57 141 1 52 76 141 1 44 70 114 1 56 42 119 1 56 28 127 1 54 74 122 1 41 63 131 1 60 60 132 1 56 46 106 1 36 55 110 1 40 50 96 1 51 49 93 1 19 27 105 1 49 54 101 1 33 72 97 1 56 72 127 1 0 0 0 0 69 73 120 1 43 52 75 1 27 45 90 1 36 46 84 1 51 44 56 1
33 14 74 1 38 51 93 1 0 0 0 0 40 50 76 1 28 52 70 1 42 37 105 1 25 45 83 1 40 41 83 1 40 48 86 1 54 44 90 1 32 40 64 1 49 27 91 1 50 58 90 1 70 47 81 1 0 0 0 0 46 48 95 1 50 41 104 1 52 45 106 1 40 69 96 1 0 0 0 0 35 56 98 1 67 85 133 1 61 79 155 1 60 78 158 1 41 61 159 1 0 0 0 0 39 53 147 1 65 80 155 1 67 60 138 1 54 84 161 1 42 63 159 1 48 80 125 1 56 70 141 1 64 77 148 1 0 0 0 0 58 46 172 1 61 32 132 1 39 63 127 1 57 54 155 1 0 0 0 0 49 54 148 1 0 0 0 0 44 48 122 1 51 36 147 1 58 63 133 1 46 74 118 1 53 40 114 1 45 48 109 1 81 80 125 1 68 51 102 1 51 62 111 1 58 64 61 1 48 59 84 1 0 0 0 0 62 45 91 1 0 0 0 0 53 42 102 1 29 42 86 1 48 47 91 1 23 46 87 1
58 61 121 1 64 76 111 1 42 66 96 1 30 92 126 1 41 43 88 1 25 62 61 1 46 46 71 1 48 11 91 1 0 0 0 0 33 51 78 1 29 39 77 1 48 51 90 1 31 43 100 1 0 0 0 0 43 63 109 1 54 64 116 1 0 0 0 0 35 61 121 1 26 56 116 1 59 54 122 1 0 0 0 0 38 85 160 1 59 81 159 1 51 61 138 1 0 0 0 0 44 64 149 1 60 69 152 1 0 0 0 0 66 49 161 1 58 66 133 1 60 53 143 1 52 70 144 1 44 80 153 1 49 59 138 1 57 45 156 1 74 72 141 1 51 36 137 1 57 72 133 1 48 65 143 1 56 48 159 1 61 72 154 1 40 70 131 1 58 60 146 1 65 65 114 1 32 44 134 1 55 55 132 1 73 56 104 1 29 16 108 1 68 57 101 1 57 85 113 1 0 0 0 0 26 51 102 1 31 58 87 1 51 46 114 1 72 61 99 1 47 63 80 1 66 19 100 1 0 0 0 0 34 35 98 1 45 52 100 1
30 62 106 1 46 65 102 1 60 58 105 1 43 64 111 1 24 51 115 1 35 54 87 1 58 46 83 1 61 57 96 1 33 56 95 1 44 56 96 1 52 43 111 1 0 0 0 0 59 74 117 1 44 45 96 1 40 51 117 1 53 21 113 1 47 47 128 1 61 43 125 1 33 91 113 1 51 50 154 1 49 93 131 1 60 70 156 1 57 60 179 1 47 75 140 1 49 75 172 1 0 0 0 0 34 80 138 1 65 60 144 1 51 62 154 1 56 83 161 1 60 77 151 1 67 89 154 1 61 55 158 1 0 0 0 0 36 65 151 1 52 79 165 1 61 53 186 1 61 60 135 1 56 58 153 1 52 50 127 1 42 75 143 1 0 0 0 0 56 46 114 1 58 53 130 1 74 37 126 1 48 57 114 1 54 56 105 1 45 34 115 1 45 37 124 1 48 42 99 1 78 35 96 1 47 37 79 1 49 16 92 1 76 51 69 1 35 43 77 1 50 40 100 1 42 53 103 1 31 66 94 1 0 0 0 0 44 25 80 1
71 55 130 1 40 60 117 1 48 69 93 1 45 57 110 1 18 66 103 1 39 42 117 1 39 57 102 1 0 0 0 0 56 57 100 1 59 26 103 1 54 60 136 1 67 63 96 1 32 37 126 1 65 70 115 1 65 60 125 1 32 72 118 1 60 72 124 1 49 65 136 1 59 60 166 1 57 95 148 1 67 82 146 1 64 72 169 1 53 91 142 1 0 0 0 0 0 0 0 0 47 86 150 1 0 0 0 0 33 86 158 1 66 53 160 1 53 50 151 1 79 72 163 1 68 84 137 1 44 55 138 1 48 38 135 1 39 45 145 1 46 58 127 1 37 48 155 1 65 56 151 1 68 63 126 1 54 50 137 1 55 59 122 1 50 39 121 1 0 0 0 0 67 81 127 1 67 52 129 1 43 53 101 1 39 47 117 1 65 41 99 1 61 42 105 1 33 56 92 1 37 42 94 1 42 36 125 1 34 47 98 1 70 50 84 1 0 0 0 0 51 36 89 1 58 26 94 1 53 25 91 1 59 46 90 1 35 69 99 1
73 64 104 1 53 45 108 1 48 54 120 1 63 53 141 1 61 50 154 1 58 90 122 1 47 65 113 1 50 68 113 1 59 56 133 1 53 46 118 1 0 0 0 0 48 34 128 1 41 42 109 1 40 71 113 1 71 75 133 1 22 54 142 1 28 50 134 1 42 75 138 1 57 105 136 1 43 59 163 1 32 72 153 1 0 0 0 0 0 0 0 0 44 81 169 1 51 57 167 1 55 67 155 1 57 59 162 1 56 85 148 1 59 66 150 1 77 84 135 1 63 84 147 1 39 70 129 1 55 82 138 1 40 68 115 1 50 55 123 1 49 39 129 1 58 75 152 1 52 64 119 1 47 53 127 1 0 0 0 0 58 58 134 1 52 41 138 1 40 70 153 1 63 44 132 1 73 49 127 1 61 57 95 1 43 77 109 1 37 47 107 1 46 21 103 1 46 51 89 1 74 44 89 1 32 52 96 1 26 65 95 1 45 39 101 1 42 52 77 1 54 42 98 1 64 62 91 1 32 43 89 1 26 50 86 1 39 56 105 1
86 71 155 1 0 0 0 0 0 0 0 0 60 53 129 1 62 58 165 1 51 67 133 1 48 52 128 1 70 56 141 1 92 49 141 1 34 43 141 1 26 67 129 1 64 36 114 1 56 63 131 1 59 67 156 1 45 58 126 1 49 101 143 1 47 55 171 1 79 54 147 1 38 61 128 1 51 70 162 1 37 70 157 1 38 72 142 1 59 87 131 1 39 70 148 1 39 74 169 1 51 61 145 1 49 73 157 1 44 48 141 1 36 72 141 1 46 71 149 1 39 51 143 1 57 60 138 1 51 57 114 1 59 56 155 1 61 54 150 1 46 60 165 1 34 48 136 1 77 54 152 1 68 78 142 1 47 82 135 1 47 53 119 1 77 46 132 1 63 68 95 1 43 50 142 1 49 50 109 1 0 0 0 0 62 35 110 1 48 18 115 1 0 0 0 0 48 42 83 1 78 30 114 1 42 71 127 1 55 36 86 1 48 63 58 1 46 62 94 1 42 51 116 1 57 55 109 1 35 68 91 1 29 51 96 1 48 56 91 1
67 68 154 1 51 86 160 1 36 51 134 1 45 77 142 1 64 64 144 1 50 70 148 1 58 56 143 1 75 61 125 1 50 78 132 1 53 46 125 1 57 44 128 1 66 57 130 1 0 0 0 0 31 42 152 1 62 64 144 1 32 50 148 1 30 65 169 1 56 67 153 1 49 69 149 1 61 76 159 1 63 59 140 1 0 0 0 0 57 73 143 1 58 63 138 1 53 85 167 1 27 62 138 1 45 78 126 1 38 86 145 1 41 78 163 1 58 63 125 1 58 63 149 1 55 37 168 1 65 51 124 1 44 48 143 1 28 68 138 1 58 67 129 1 53 59 158 1 38 42 141 1 65 69 161 1 23 63 136 1 51 47 131 1 43 53 139 1 76 57 127 1 62 70 117 1 56 39 130 1 40 60 120 1 63 46 115 1 33 55 107 1 51 59 117 1 34 29 109 1 0 0 0 0 38 34 111 1 45 54 102 1 11 56 96 1 47 55 92 1 0 0 0 0 62 33 108 1 57 48 80 1 0 0 0 0 52 45 92 1
44 97 137 1 60 90 154 1 43 49 141 1 35 39 143 1 80 50 142 1 82 54 126 1 31 53 124 1 68 55 148 1 57 64 134 1 72 55 155 1 57 64 139 1 44 63 149 1 56 89 130 1 57 64 144 1 43 70 138 1 51 51 166 1 62 54 143 1 24 73 142 1 50 56 160 1 69 65 171 1 47 75 166 1 28 75 162 1 69 56 124 1 58 79 161 1 0 0 0 0 49 79 165 1 76 58 161 1 64 69 155 1 64 69 153 1 0 0 0 0 47 67 153 1 44 55 152 1 46 53 155 1 64 60 144 1 41 63 139 1 50 71 149 1 66 52 144 1 59 79 140 1 59 69 156 1 31 53 110 1 57 60 136 1 59 55 125 1 0 0 0 0 68 52 143 1 51 43 129 1 60 52 116 1 55 64 98 1 58 45 94 1 51 42 126 1 69 50 92 1 37 50 95 1 49 28 75 1 43 50 98 1 45 49 97 1 44 55 90 1 42 58 95 1 43 47 90 1 74 31 92 1 46 55 76 1 54 71 115 1
47 72 151 1 46 41 173 1 49 80 143 1 58 65 156 1 0 0 0 0 54 56 126 1 36 67 130 1 37 60 135 1 62 77 145 1 43 51 139 1 60 80 134 1 49 61 121 1 59 48 125 1 38 66 132 1 61 66 133 1 0 0 0 0 56 78 170 1 78 83 157 1 45 57 146 1 47 70 145 1 28 51 138 1 37 53 134 1 52 85 146 1 43 57 142 1 41 70 143 1 51 73 122 1 37 65 164 1 72 74 149 1 60 60 143 1 59 36 153 1 70 83 117 1 53 71 147 1 63 38 149 1 77 96 124 1 56 79 139 1 43 76 132 1 0 0 0 0 58 67 132 1 0 0 0 0 42 76 140 1 54 53 137 1 64 52 122 1 53 80 141 1 47 72 114 1 42 49 94 1 69 18 107 1 86 60 105 1 40 65 112 1 42 45 120 1 47 28 108 1 0 0 0 0 34 37 63 1 35 29 100 1 58 54 84 1 0 0 0 0 45 48 88 1 52 33 97 1 68 63 114 1 32 48 103 1 0 0 0 0
46 70 180 1 68 80 150 1 40 71 123 1 22 71 129 1 54 59 131 1 52 53 129 1 73 68 139 1 32 80 108 1 51 90 135 1 34 51 132 1 68 78 174 1 0 0 0 0 71 65 139 1 0 0 0 0 57 73 153 1 48 84 142 1 67 83 171 1 54 43 147 1 57 75 175 1 42 52 122 1 48 78 111 1 39 64 162 1 31 73 167 1 37 70 121 1 56 44 162 1 54 68 131 1 49 86 131 1 67 56 150 1 64 55 161 1 44 74 152 1 84 67 178 1 0 0 0 0 45 74 132 1 59 61 144 1 54 70 150 1 0 0 0 0 72 49 144 1 48 43 126 1 26 71 116 1 81 57 125 1 73 51 148 1 62 58 142 1 53 77 105 1 49 51 116 1 65 59 139 1 75 51 105 1 49 55 92 1 73 30 95 1 44 33 111 1 50 29 102 1 50 40 85 1 44 44 86 1 46 26 84 1 0 0 0 0 54 59 76 1 36 59 71 1 60 40 78 1 65 67 103 1 67 34 102 1 27 43 94 1
54 52 165 1 64 65 170 1 42 71 135 1 0 0 0 0 45 62 164 1 0 0 0 0 54 65 125 1 74 58 148 1 25 57 143 1 39 87 131 1 55 88 145 1 56 60 157 1 56 47 140 1 0 0 0 0 58 59 164 1 48 82 162 1 42 75 155 1 71 87 166 1 38 79 120 1 0 0 0 0 24 51 146 1 48 92 158 1 62 54 153 1 53 60 161 1 0 0 0 0 47 57 136 1 52 82 129 1 58 72 170 1 54 58 119 1 62 52 149 1 38 39 140 1 66 60 151 1 39 59 125 1 32 33 135 1 42 41 134 1 60 47 121 1 67 58 131 1 56 46 141 1 41 53 122 1 59 28 109 1 56 61 127 1 0 0 0 0 64 31 103 1 60 67 119 1 53 47 81 1 53 53 110 1 49 45 91 1 17 2 101 1 50 44 72 1 48 44 110 1 45 61 106 1 0 0 0 0 63 47 82 1 64 45 111 1 37 40 109 1 59 40 80 1 47 40 74 1 0 0 0 0 44 39 85 1 67 63 67 1
44 58 163 1 0 0 0 0 57 52 138 1 30 57 126 1 47 81 133 1 0 0 0 0 0 0 0 0 71 64 157 1 50 89 135 1 54 62 139 1 25 86 151 1 71 79 152 1 55 73 157 1 48 65 158 1 63 71 142 1 51 74 133 1 75 62 160 1 34 82 153 1 0 0 0 0 47 52 142 1 46 57 140 1 80 65 163 1 67 62 146 1 0 0 0 0 29 57 137 1 47 48 149 1 60 38 160 1 61 58 160 1 59 60 157 1 46 64 133 1 58 69 117 1 74 53 150 1 40 71 142 1 44 53 114 1 41 60 138 1 71 26 127 1 47 55 149 1 55 60 137 1 0 0 0 0 45 45 127 1 71 43 118 1 58 11 126 1 0 0 0 0 53 51 115 1 55 56 98 1 56 48 114 1 54 26 135 1 27 56 100 1 46 44 96 1 27 45 80 1 52 46 62 1 39 53 107 1 34 55 102 1 51 70 75 1 57 53 76 1 46 21 81 1 51 71 103 1 37 52 92 1 0 0 0 0 0 0 0 0
57 74 159 1 50 74 156 1 38 73 137 1 48 71 138 1 77 66 158 1 0 0 0 0 56 52 123 1 33 70 130 1 59 59 112 1 26 62 149 1 0 0 0 0 56 66 150 1 56 73 163 1 61 80 166 1 32 65 142 1 41 54 164 1 53 54 115 1 45 60 138 1 59 64 135 1 57 65 144 1 37 53 150 1 27 57 108 1 50 65 145 1 32 90 153 1 57 67 152 1 54 74 165 1 59 56 160 1 0 0 0 0 57 51 131 1 29 62 140 1 53 54 136 1 46 71 151 1 54 52 146 1 55 48 136 1 30 36 162 1 65 59 126 1 33 56 134 1 69 65 143 1 53 60 126 1 59 71 120 1 42 54 112 1 39 32 124 1 55 56 125 1 32 53 74 1 20 42 102 1 63 76 101 1 30 47 98 1 38 28 108 1 0 0 0 0 44 49 96 1 40 36 98 1 57 31 100 1 24 53 75 1 43 48 99 1 39 40 94 1 20 60 70 1 0 0 0 0 48 72 80 1 53 65 64 1 56 56 82 1
67 66 154 1 73 60 137 1 54 57 121 1 35 55 120 1 59 80 147 1 35 71 137 1 49 63 118 1 0 0 0 0 23 47 136 1 65 58 123 1 62 92 131 1 25 71 141 1 40 68 144 1 54 75 153 1 28 56 139 1 61 48 152 1 41 64 156 1 0 0 0 0 41 54 155 1 53 91 138 1 36 52 136 1 48 80 128 1 52 79 132 1 49 93 155 1 53 72 136 1 57 92 152 1 41 82 154 1 64 70 154 1 50 71 156 1 65 69 160 1 53 58 160 1 50 45 137 1 61 65 145 1 48 58 134 1 61 46 143 1 56 46 132 1 57 62 143 1 72 58 132 1 51 59 143 1 29 62 119 1 55 32 135 1 46 46 109 1 47 33 128 1 63 68 104 1 67 48 114 1 80 25 115 1 68 51 88 1 64 39 101 1 51 63 111 1 55 49 92 1 61 45 101 1 53 61 89 1 29 52 79 1 42 33 64 1 28 40 73 1 57 37 86 1 40 11 85 1 25 30 100 1 54 38 47 1 38 44 76 1