3
206 262 91 65
92 125 42 1 124 102 83 1 93 77 66 1 83 83 44 1 62 69 15 1 60 52 36 1 69 57 52 1 62 54 35 1 28 43 35 1 41 51 52 1 46 84 79 1 87 87 96 1 72 98 89 1 76 94 88 1 102 78 52 1 100 83 53 1 83 76 74 1 65 78 71 1 63 90 44 1 76 92 71 1 113 106 97 1 0 0 0 0 91 110 105 1 82 66 55 1 96 75 46 1 64 44 46 1 117 94 86 1 129 102 93 1 107 79 73 1 57 86 43 1 85 112 93 1 111 128 94 1 66 61 24 1 53 29 29 1 53 60 47 1 77 56 42 1 107 74 35 1 88 82 35 1 84 53 54 1 94 64 43 1 79 54 58 1 84 53 45 1 96 44 38 1 116 84 72 1 110 60 55 1 0 0 0 0 110 73 27 1 103 63 49 1 108 74 27 1 81 70 17 1 93 86 38 1 78 82 51 1 0 0 0 0 107 68 50 1 99 71 29 1 98 33 18 1 83 63 28 1 65 71 22 1 88 62 34 1 96 76 49 1 90 53 77 1 118 88 52 1 105 82 60 1 103 81 79 1 80 55 39 1
106 105 69 1 87 106 96 1 0 0 0 0 53 78 26 1 16 32 14 1 23 25 30 1 55 31 64 1 38 66 40 1 44 64 38 1 52 58 53 1 0 0 0 0 73 100 90 1 85 70 66 1 51 35 47 1 82 77 53 1 56 62 51 1 77 73 46 1 48 77 63 1 49 59 50 1 75 70 86 1 115 120 100 1 150 137 95 1 104 87 107 1 83 83 52 1 84 82 57 1 81 62 63 1 99 86 62 1 66 74 47 1 82 71 47 1 107 95 107 1 131 129 113 1 117 142 104 1 97 54 45 1 30 14 21 1 96 32 15 1 79 32 56 1 102 70 50 1 100 70 45 1 73 40 25 1 84 49 32 1 64 43 41 1 74 50 26 1 81 49 50 1 86 69 45 1 93 68 49 1 89 72 41 1 87 65 63 1 87 73 45 1 83 59 35 1 123 56 37 1 0 0 0 0 101 66 67 1 80 67 37 1 97 64 49 1 105 53 45 1 82 54 29 1 83 75 42 1 0 0 0 0 92 65 45 1 95 48 58 1 0 0 0 0 89 62 40 1 0 0 0 0 74 52 46 1 85 73 34 1
107 112 67 1 114 135 79 1 119 123 91 1 71 67 49 1 14 6 11 1 0 0 0 0 51 68 85 1 43 40 38 1 29 28 46 1 0 0 0 0 99 122 94 1 83 81 119 1 55 64 37 1 71 58 24 1 61 63 37 1 93 68 29 1 96 93 64 1 64 63 52 1 0 0 0 0 41 59 69 1 103 108 91 1 116 106 107 1 104 76 77 1 84 52 75 1 88 47 54 1 0 0 0 0 50 70 45 1 76 69 67 1 99 141 109 1 92 84 69 1 127 95 129 1 138 144 103 1 68 74 39 1 55 35 15 1 75 51 24 1 64 63 54 1 60 73 55 1 73 50 33 1 84 82 71 1 94 69 36 1 85 59 56 1 48 47 0 1 81 73 16 1 79 80 55 1 109 63 50 1 100 53 54 1 111 102 50 1 110 73 88 1 72 49 48 1 111 94 56 1 83 58 32 1 84 56 64 1 110 45 59 1 103 73 43 1 0 0 0 0 86 57 38 1 90 60 17 1 99 35 31 1 85 53 57 1 0 0 0 0 91 67 54 1 92 54 53 1 0 0 0 0 73 64 63 1 46 44 58 1
99 104 69 1 69 73 58 1 82 86 47 1 0 0 0 0 83 86 81 1 56 49 50 1 54 40 36 1 25 42 55 1 14 54 38 1 50 41 43 1 76 82 83 1 82 88 92 1 63 39 49 1 57 59 37 1 33 40 33 1 58 57 33 1 0 0 0 0 55 55 56 1 54 84 33 1 37 51 63 1 65 91 88 1 104 118 101 1 0 0 0 0 64 52 53 1 0 0 0 0 94 62 22 1 82 64 37 1 75 69 33 1 109 90 74 1 98 115 96 1 87 99 103 1 147 104 110 1 49 54 34 1 13 1 0 1 53 59 38 1 99 45 40 1 0 0 0 0 100 91 31 1 74 97 34 1 97 59 51 1 70 53 35 1 99 65 33 1 85 47 28 1 51 45 40 1 58 57 22 1 74 70 41 1 89 47 49 1 98 69 60 1 82 64 59 1 110 97 59 1 76 70 66 1 91 82 39 1 95 85 71 1 94 68 49 1 82 64 66 1 101 65 56 1 101 70 49 1 97 63 46 1 90 37 37 1 69 57 79 1 61 58 74 1 87 64 62 1 94 66 26 1 66 69 64 1 52 73 39 1
107 76 74 1 0 0 0 0 0 0 0 0 0 0 0 0 127 116 77 1 91 113 26 1 60 56 39 1 51 74 37 1 51 75 51 1 50 62 53 1 0 0 0 0 75 81 42 1 73 51 67 1 45 65 42 1 67 63 18 1 72 57 34 1 59 55 60 1 83 57 61 1 0 0 0 0 49 79 66 1 93 83 81 1 100 98 108 1 69 81 84 1 76 69 53 1 78 72 33 1 70 77 50 1 47 48 59 1 73 61 55 1 106 96 76 1 94 78 88 1 89 74 56 1 94 79 35 1 73 56 32 1 39 34 6 1 0 0 0 0 81 44 31 1 61 77 65 1 101 48 52 1 113 66 56 1 104 73 40 1 88 69 47 1 85 54 44 1 0 0 0 0 71 58 34 1 58 57 41 1 52 24 38 1 70 60 72 1 91 63 57 1 90 96 43 1 93 83 65 1 72 62 45 1 0 0 0 0 78 56 29 1 70 54 28 1 58 50 30 1 82 76 41 1 73 50 48 1 89 58 36 1 62 52 45 1 82 37 56 1 0 0 0 0 37 47 35 1 52 56 47 1 79 51 54 1 38 69 51 1
76 69 47 1 114 71 2 1 113 100 42 1 114 124 52 1 118 118 53 1 111 132 44 1 0 0 0 0 95 95 55 1 115 102 32 1 66 73 39 1 0 0 0 0 66 57 72 1 77 65 34 1 0 0 0 0 72 61 54 1 39 80 26 1 61 57 61 1 83 86 67 1 83 55 83 1 98 86 96 1 65 87 75 1 67 49 59 1 54 66 57 1 91 66 53 1 85 71 50 1 78 44 52 1 92 47 47 1 92 84 68 1 0 0 0 0 75 86 73 1 83 68 69 1 79 63 54 1 84 58 42 1 33 47 26 1 71 28 10 1 65 57 44 1 97 62 59 1 93 95 66 1 104 71 50 1 106 68 52 1 106 64 59 1 92 61 17 1 105 84 47 1 96 61 42 1 90 52 51 1 66 68 50 1 80 85 49 1 90 88 62 1 79 51 57 1 75 93 69 1 85 50 55 1 53 73 36 1 78 76 51 1 66 50 20 1 78 68 46 1 72 57 32 1 50 50 37 1 36 58 61 1 67 58 41 1 82 72 39 1 74 48 68 1 46 25 13 1 59 37 43 1 32 29 34 1 56 67 24 1
69 59 18 1 100 82 44 1 86 86 44 1 93 115 58 1 127 126 53 1 147 151 75 1 142 125 67 1 126 116 78 1 95 112 69 1 0 0 0 0 69 34 26 1 94 37 66 1 99 83 67 1 80 67 60 1 80 77 82 1 63 60 43 1 57 13 21 1 81 53 56 1 117 73 75 1 81 83 64 1 72 77 78 1 65 60 31 1 0 0 0 0 94 70 53 1 69 55 26 1 72 48 57 1 87 72 79 1 145 100 109 1 114 109 122 1 80 88 54 1 0 0 0 0 80 85 55 1 66 45 48 1 82 66 51 1 65 38 26 1 82 59 52 1 94 78 43 1 110 76 68 1 109 65 52 1 128 61 68 1 109 58 57 1 77 78 33 1 56 75 24 1 56 50 47 1 75 49 47 1 79 61 29 1 69 42 47 1 65 43 35 1 63 45 12 1 71 67 39 1 73 39 42 1 64 38 59 1 0 0 0 0 82 52 46 1 0 0 0 0 80 62 40 1 68 59 50 1 59 46 38 1 49 11 35 1 0 0 0 0 43 47 44 1 70 24 42 1 35 51 40 1 50 53 39 1 50 59 12 1
0 0 0 0 81 61 21 1 64 90 43 1 96 81 41 1 132 115 61 1 133 86 90 1 0 0 0 0 142 126 85 1 78 104 71 1 0 0 0 0 68 44 28 1 94 66 62 1 100 74 84 1 96 100 72 1 98 67 51 1 0 0 0 0 81 54 17 1 0 0 0 0 90 56 48 1 91 78 90 1 73 89 58 1 112 69 60 1 97 112 70 1 114 89 83 1 84 75 81 1 69 60 67 1 114 117 93 1 117 112 111 1 100 104 109 1 86 66 73 1 92 84 59 1 0 0 0 0 37 45 35 1 0 0 0 0 0 0 0 0 74 49 39 1 72 59 36 1 102 52 60 1 98 46 65 1 120 80 48 1 96 77 45 1 0 0 0 0 82 56 27 1 0 0 0 0 0 0 0 0 81 60 41 1 77 40 22 1 78 66 41 1 43 26 29 1 56 43 31 1 67 48 34 1 47 54 42 1 50 50 32 1 65 76 47 1 0 0 0 0 73 59 48 1 70 48 52 1 51 43 32 1 34 28 23 1 61 19 44 1 37 56 74 1 44 45 54 1 54 55 27 1 39 48 43 1 28 42 38 1
59 39 17 1 0 0 0 0 47 58 38 1 72 52 48 1 82 93 42 1 90 59 45 1 94 108 48 1 109 109 56 1 105 122 57 1 78 80 63 1 66 61 27 1 74 56 45 1 84 65 61 1 77 75 70 1 89 88 55 1 79 76 82 1 52 54 48 1 0 0 0 0 78 84 37 1 72 68 52 1 100 68 87 1 95 86 70 1 111 90 66 1 107 69 80 1 79 61 58 1 80 74 67 1 119 85 98 1 83 114 118 1 91 96 93 1 110 102 103 1 88 107 84 1 69 93 114 1 59 77 38 1 0 0 0 0 76 71 43 1 0 0 0 0 84 29 42 1 0 0 0 0 97 49 38 1 106 82 41 1 113 85 54 1 0 0 0 0 94 46 61 1 101 69 41 1 105 80 50 1 121 59 18 1 57 52 54 1 85 40 16 1 0 0 0 0 79 59 44 1 60 59 44 1 44 42 59 1 0 0 0 0 57 50 2 1 0 0 0 0 49 36 67 1 73 36 21 1 76 26 31 1 47 46 45 1 65 44 22 1 60 47 50 1 52 66 47 1 56 44 44 1 28 49 59 1 21 29 33 1
64 48 45 1 65 45 32 1 69 36 38 1 79 49 45 1 71 53 76 1 57 63 60 1 90 80 53 1 117 99 54 1 117 104 49 1 103 104 59 1 82 67 49 1 83 89 59 1 110 80 57 1 69 65 67 1 0 0 0 0 0 0 0 0 86 56 78 1 89 98 72 1 96 94 69 1 70 44 35 1 71 53 36 1 103 82 63 1 115 72 79 1 83 67 51 1 76 29 34 1 44 69 71 1 102 121 100 1 89 94 76 1 123 135 96 1 109 105 115 1 97 109 83 1 50 83 81 1 0 0 0 0 47 64 24 1 71 64 37 1 0 0 0 0 99 44 39 1 108 68 50 1 114 59 44 1 102 64 43 1 109 67 28 1 121 66 51 1 94 52 54 1 83 58 35 1 106 63 72 1 106 93 77 1 80 66 44 1 75 76 26 1 85 54 58 1 74 60 29 1 63 40 15 1 67 36 31 1 58 71 35 1 93 55 47 1 45 56 35 1 71 29 40 1 54 56 40 1 0 0 0 0 52 34 32 1 45 28 57 1 57 52 33 1 38 28 59 1 18 0 8 1 66 50 51 1 46 65 53 1
76 71 70 1 52 36 49 1 30 39 57 1 0 0 0 0 58 43 51 1 65 61 40 1 67 95 35 1 90 107 81 1 106 115 47 1 86 90 47 1 69 84 61 1 0 0 0 0 95 78 53 1 87 97 99 1 81 68 74 1 73 64 85 1 92 70 69 1 62 64 81 1 77 79 49 1 93 47 66 1 65 77 35 1 87 84 47 1 100 70 50 1 77 49 46 1 73 49 29 1 91 74 78 1 106 92 120 1 120 142 147 1 103 121 119 1 74 93 116 1 132 93 115 1 86 111 80 1 69 42 46 1 64 57 28 1 0 0 0 0 56 44 14 1 73 70 19 1 91 58 29 1 92 79 64 1 128 84 30 1 91 51 35 1 107 92 52 1 0 0 0 0 106 67 49 1 83 74 44 1 93 32 54 1 99 61 44 1 106 47 57 1 87 62 31 1 107 59 52 1 91 41 28 1 84 76 34 1 76 21 48 1 67 29 40 1 70 46 72 1 69 50 49 1 79 52 43 1 60 57 67 1 44 65 41 1 53 49 39 1 36 47 56 1 45 19 33 1 29 17 20 1 48 51 27 1 0 33 14 1
78 97 105 1 59 49 61 1 62 58 53 1 0 0 0 0 0 0 0 0 42 47 19 1 81 53 37 1 84 103 69 1 106 73 58 1 99 91 66 1 0 0 0 0 76 87 50 1 99 103 70 1 111 100 85 1 0 0 0 0 93 54 85 1 87 68 83 1 56 75 66 1 70 60 59 1 74 61 65 1 42 78 40 1 88 81 45 1 94 47 62 1 108 78 58 1 75 47 56 1 87 82 77 1 86 109 112 1 139 144 115 1 108 143 132 1 87 119 81 1 111 113 78 1 83 54 67 1 68 34 19 1 44 50 31 1 96 77 66 1 82 39 39 1 77 44 0 1 104 52 33 1 95 82 53 1 104 55 38 1 81 40 14 1 94 53 44 1 97 63 41 1 80 59 63 1 103 79 62 1 116 48 56 1 102 49 34 1 69 54 30 1 108 82 50 1 0 0 0 0 120 72 33 1 86 59 33 1 72 64 14 1 0 0 0 0 75 63 29 1 80 39 54 1 85 55 37 1 40 39 40 1 37 60 33 1 51 35 18 1 30 36 32 1 46 29 19 1 0 0 0 0 56 41 38 1 0 0 0 0
119 124 100 1 84 90 73 1 0 0 0 0 36 27 62 1 0 0 0 0 0 0 0 0 38 55 28 1 65 48 50 1 0 0 0 0 144 127 73 1 98 111 64 1 124 105 49 1 0 0 0 0 0 0 0 0 121 122 116 1 91 112 95 1 77 92 76 1 42 52 41 1 42 45 48 1 78 71 59 1 0 0 0 0 76 35 40 1 55 71 34 1 75 72 48 1 60 43 26 1 44 69 30 1 118 138 97 1 170 136 149 1 90 109 102 1 93 104 97 1 125 118 101 1 68 47 52 1 60 19 11 1 53 60 35 1 85 44 36 1 55 52 24 1 59 58 30 1 69 75 56 1 0 0 0 0 124 96 61 1 96 69 31 1 95 55 27 1 101 43 22 1 106 52 42 1 86 57 42 1 100 68 32 1 119 47 18 1 0 0 0 0 74 55 24 1 103 43 45 1 88 46 58 1 76 56 47 1 89 76 41 1 102 64 37 1 70 70 49 1 101 83 50 1 70 64 43 1 55 57 57 1 55 34 51 1 0 0 0 0 46 57 10 1 23 43 19 1 38 26 24 1 67 77 95 1 31 60 53 1
117 119 116 1 72 94 111 1 34 76 89 1 31 15 73 1 35 23 62 1 22 15 51 1 29 31 30 1 0 0 0 0 83 40 41 1 100 99 78 1 131 121 78 1 112 103 84 1 98 84 70 1 116 125 99 1 151 142 132 1 135 107 106 1 63 77 66 1 52 33 19 1 82 46 74 1 97 58 60 1 101 67 73 1 60 70 67 1 103 62 48 1 87 54 56 1 41 44 58 1 49 80 31 1 89 112 82 1 145 137 118 1 102 92 103 1 101 96 80 1 0 0 0 0 77 41 41 1 65 42 24 1 79 55 37 1 90 75 59 1 89 58 27 1 101 79 25 1 136 59 44 1 101 99 36 1 105 62 50 1 116 70 76 1 87 55 52 1 109 68 34 1 72 43 51 1 119 70 40 1 140 102 40 1 131 97 53 1 106 103 55 1 117 60 34 1 78 53 32 1 66 45 0 1 74 46 52 1 94 33 55 1 83 57 46 1 86 71 47 1 77 53 48 1 79 32 40 1 67 52 57 1 50 21 5 1 42 18 30 1 23 48 30 1 28 50 33 1 41 17 23 1 39 30 53 1 25 31 67 1
0 0 0 0 52 93 112 1 72 55 109 1 33 49 76 1 53 18 59 1 41 60 38 1 0 0 0 0 26 4 40 1 16 35 30 1 0 0 0 0 121 126 78 1 114 124 82 1 0 0 0 0 95 94 101 1 160 183 148 1 136 153 128 1 67 91 96 1 22 55 39 1 57 65 41 1 62 56 82 1 62 49 58 1 110 50 60 1 0 0 0 0 74 43 24 1 48 34 21 1 75 49 43 1 49 47 61 1 95 90 108 1 0 0 0 0 98 91 92 1 66 58 52 1 60 81 83 1 79 66 49 1 67 27 23 1 71 79 51 1 72 57 37 1 119 64 28 1 116 83 37 1 0 0 0 0 128 98 103 1 122 72 77 1 94 70 53 1 104 51 50 1 101 34 46 1 0 0 0 0 0 0 0 0 133 120 64 1 107 77 63 1 105 86 64 1 95 79 65 1 84 80 26 1 56 56 44 1 75 64 42 1 0 0 0 0 75 30 52 1 78 76 56 1 81 73 63 1 72 45 65 1 0 0 0 0 61 39 15 1 75 35 17 1 25 22 40 1 0 0 0 0 41 41 45 1 38 21 44 1
145 141 156 1 74 107 124 1 66 94 125 1 50 29 77 1 39 24 54 1 51 14 11 1 20 26 32 1 0 0 0 0 0 0 0 0 0 0 0 0 101 87 61 1 103 108 73 1 51 86 55 1 95 93 78 1 142 184 158 1 163 144 151 1 68 70 67 1 70 63 61 1 0 50 27 1 70 72 45 1 57 48 50 1 53 62 29 1 47 56 31 1 47 40 52 1 42 75 48 1 15 22 29 1 16 10 0 1 0 0 0 0 104 114 121 1 117 105 114 1 71 55 79 1 74 73 82 1 85 40 75 1 76 37 5 1 64 43 33 1 76 74 28 1 106 62 44 1 84 73 39 1 0 0 0 0 0 0 0 0 0 0 0 0 89 73 42 1 84 42 34 1 65 68 49 1 70 70 26 1 97 59 54 1 83 86 38 1 53 33 43 1 65 57 15 1 64 61 23 1 59 52 42 1 79 49 58 1 74 58 34 1 40 28 32 1 54 22 42 1 62 58 43 1 79 47 59 1 57 46 39 1 108 89 93 1 66 83 88 1 47 51 30 1 40 18 35 1 53 41 67 1 62 59 47 1 56 55 54 1
162 152 148 1 100 118 158 1 60 67 112 1 32 55 63 1 44 52 63 1 26 21 29 1 28 8 25 1 0 14 36 1 16 31 49 1 47 63 26 1 0 0 0 0 123 106 73 1 80 67 57 1 88 107 74 1 169 162 168 1 129 115 125 1 105 75 82 1 44 59 52 1 46 54 32 1 82 102 72 1 66 73 61 1 82 46 27 1 40 40 46 1 80 64 57 1 64 46 72 1 3 0 24 1 39 35 34 1 127 131 133 1 126 134 125 1 144 105 123 1 82 70 77 1 62 81 58 1 87 80 64 1 75 46 0 1 58 44 42 1 79 54 42 1 105 52 29 1 97 44 49 1 122 70 60 1 0 0 0 0 0 0 0 0 93 76 41 1 70 95 42 1 76 28 41 1 64 47 25 1 66 40 49 1 65 50 33 1 60 27 29 1 41 48 13 1 38 48 36 1 55 20 24 1 26 11 26 1 31 25 29 1 0 0 0 0 46 10 19 1 77 60 41 1 58 46 34 1 51 52 38 1 75 104 73 1 84 103 102 1 110 98 93 1 81 81 78 1 73 51 71 1 66 73 58 1 75 93 76 1
147 164 170 1 104 126 155 1 0 0 0 0 39 40 103 1 0 0 0 0 21 5 42 1 8 20 37 1 52 31 40 1 25 30 33 1 58 37 26 1 118 91 75 1 100 74 78 1 81 60 71 1 99 120 79 1 130 150 153 1 91 94 66 1 0 0 0 0 68 52 55 1 93 53 31 1 92 100 63 1 76 79 40 1 49 59 24 1 58 39 33 1 85 42 34 1 33 33 69 1 0 0 10 1 70 40 60 1 165 171 175 1 136 109 119 1 134 107 124 1 87 122 88 1 75 85 74 1 65 61 22 1 65 63 34 1 70 48 43 1 107 79 61 1 94 96 14 1 104 65 31 1 98 39 39 1 93 55 41 1 86 59 50 1 94 70 82 1 83 70 54 1 77 58 43 1 58 57 34 1 67 54 43 1 58 16 43 1 40 30 28 1 49 41 41 1 54 56 62 1 50 34 47 1 16 34 0 1 22 11 23 1 20 38 15 1 0 0 0 0 108 88 92 1 106 101 73 1 0 0 0 0 34 66 54 1 0 0 0 0 92 64 108 1 145 134 144 1 156 166 138 1 164 160 121 1 157 147 104 1
136 163 161 1 112 122 162 1 70 60 122 1 0 0 0 0 19 31 89 1 39 25 59 1 48 40 53 1 0 0 0 0 33 42 43 1 59 44 41 1 109 98 64 1 71 50 49 1 51 46 43 1 117 102 95 1 136 130 118 1 72 79 93 1 0 0 0 0 65 40 42 1 87 64 58 1 66 33 60 1 73 83 48 1 79 73 50 1 76 68 45 1 0 0 0 0 45 27 34 1 0 0 0 0 56 49 25 1 175 163 163 1 152 152 161 1 148 135 164 1 108 106 109 1 96 83 75 1 75 54 64 1 78 41 25 1 89 68 52 1 104 60 57 1 107 72 55 1 77 57 42 1 84 68 55 1 104 57 75 1 87 94 40 1 86 85 69 1 91 63 46 1 78 45 45 1 0 0 0 0 59 41 56 1 55 59 47 1 45 57 40 1 42 50 20 1 46 43 36 1 53 46 26 1 53 42 42 1 43 16 27 1 39 39 35 1 56 80 78 1 147 146 139 1 0 0 0 0 84 110 64 1 70 94 90 1 90 115 112 1 121 113 113 1 120 136 132 1 143 173 135 1 163 190 131 1 159 148 119 1
150 163 176 1 39 70 109 1 43 76 110 1 43 42 80 1 40 41 62 1 34 49 72 1 49 22 63 1 36 24 33 1 21 19 40 1 64 52 23 1 71 73 42 1 79 63 44 1 0 0 0 0 90 101 114 1 101 119 92 1 98 89 71 1 96 63 83 1 69 41 51 1 82 50 62 1 97 73 57 1 0 0 0 0 88 83 48 1 50 57 57 1 46 33 51 1 33 46 14 1 19 0 17 1 65 63 63 1 0 0 0 0 157 146 151 1 120 153 140 1 91 110 124 1 96 81 79 1 57 54 59 1 79 66 76 1 81 15 22 1 123 65 13 1 103 92 60 1 85 87 29 1 83 66 26 1 91 55 53 1 95 77 42 1 106 101 79 1 71 83 58 1 57 41 32 1 50 35 44 1 73 52 65 1 73 88 57 1 71 51 50 1 53 40 27 1 0 0 0 0 34 48 30 1 24 22 1 1 0 0 0 0 47 20 31 1 61 83 49 1 51 84 37 1 86 42 76 1 119 115 122 1 71 90 97 1 94 118 110 1 111 121 125 1 110 131 134 1 128 115 140 1 124 137 100 1 110 109 91 1
115 95 147 1 36 76 89 1 0 0 0 0 47 39 113 1 26 19 66 1 28 15 32 1 21 20 34 1 6 24 24 1 11 14 47 1 56 33 66 1 115 110 80 1 113 105 94 1 0 0 0 0 119 117 88 1 77 104 74 1 57 69 63 1 70 59 48 1 86 79 63 1 90 65 38 1 81 74 33 1 96 87 53 1 91 63 48 1 43 56 12 1 13 17 19 1 34 18 26 1 41 4 18 1 64 80 68 1 0 0 0 0 180 178 185 1 156 149 149 1 115 138 128 1 94 128 126 1 107 93 77 1 109 43 64 1 73 43 42 1 73 66 36 1 59 38 30 1 77 82 60 1 104 71 35 1 0 0 0 0 93 64 45 1 78 70 28 1 68 40 52 1 72 45 42 1 63 38 32 1 65 55 55 1 54 70 76 1 64 65 41 1 28 55 40 1 55 51 34 1 49 28 34 1 20 34 3 1 8 16 10 1 0 0 0 0 43 40 44 1 35 17 30 1 42 57 61 1 101 93 105 1 131 119 139 1 55 90 79 1 86 64 104 1 107 126 122 1 159 156 133 1 148 121 152 1 109 181 123 1
0 0 0 0 0 0 0 0 56 46 79 1 53 37 79 1 22 30 44 1 16 12 35 1 37 20 27 1 19 23 28 1 7 4 17 1 31 32 34 1 162 106 76 1 122 137 91 1 89 89 63 1 84 83 71 1 75 72 48 1 70 84 25 1 95 71 49 1 92 84 65 1 75 62 40 1 96 57 41 1 84 58 46 1 46 67 30 1 43 18 5 1 42 49 30 1 53 42 33 1 10 37 23 1 43 66 28 1 187 203 181 1 156 206 182 1 128 164 144 1 98 127 173 1 0 0 0 0 136 124 106 1 112 83 73 1 84 87 57 1 99 93 95 1 101 80 80 1 93 74 61 1 74 53 58 1 78 76 49 1 115 56 55 1 104 87 63 1 59 62 49 1 60 69 23 1 56 68 57 1 77 60 76 1 74 59 57 1 46 53 46 1 43 50 31 1 40 55 27 1 40 21 42 1 0 0 0 0 32 20 41 1 48 13 20 1 38 33 30 1 44 45 56 1 66 52 46 1 72 55 66 1 0 0 0 0 98 86 99 1 122 106 125 1 132 133 132 1 137 109 143 1 142 140 167 1 154 182 176 1
61 91 89 1 52 74 103 1 0 0 0 0 44 43 85 1 41 11 60 1 29 18 20 1 18 0 24 1 36 40 21 1 20 33 32 1 78 38 72 1 98 99 103 1 86 118 83 1 80 90 70 1 92 90 74 1 76 78 71 1 56 64 48 1 63 69 50 1 77 73 64 1 96 65 59 1 112 76 40 1 110 87 36 1 34 50 8 1 40 9 21 1 43 79 39 1 73 51 24 1 58 43 16 1 80 78 51 1 180 181 181 1 152 146 160 1 113 127 142 1 141 147 146 1 152 149 162 1 154 159 114 1 127 123 110 1 117 129 82 1 151 114 118 1 167 137 107 1 112 117 80 1 0 0 0 0 76 67 57 1 107 94 65 1 100 101 78 1 84 97 65 1 46 70 65 1 56 80 78 1 60 89 63 1 47 74 45 1 0 0 0 0 39 37 13 1 23 38 25 1 19 27 34 1 44 50 23 1 42 27 58 1 29 35 32 1 16 12 32 1 31 41 30 1 51 33 39 1 60 27 49 1 57 42 58 1 122 118 115 1 0 0 0 0 106 112 113 1 102 94 102 1 109 129 120 1 121 170 140 1
79 72 110 1 52 64 110 1 56 36 65 1 46 22 71 1 31 36 37 1 12 2 6 1 32 8 30 1 24 21 14 1 15 11 29 1 96 88 108 1 155 129 137 1 78 69 64 1 76 79 56 1 0 0 0 0 84 106 63 1 56 47 23 1 80 67 20 1 108 66 48 1 81 91 58 1 101 121 57 1 94 102 41 1 99 61 57 1 37 56 4 1 77 75 38 1 73 65 54 1 53 62 38 1 88 81 61 1 174 181 132 1 131 168 153 1 105 122 129 1 120 164 152 1 101 152 139 1 129 100 122 1 137 136 117 1 148 170 144 1 173 146 129 1 152 134 113 1 126 124 104 1 80 105 68 1 114 120 111 1 124 122 97 1 111 106 103 1 82 126 75 1 68 100 67 1 63 88 64 1 86 68 77 1 45 76 56 1 0 0 0 0 59 45 59 1 0 0 0 0 0 0 0 0 23 45 27 1 48 23 36 1 46 22 37 1 47 40 43 1 23 0 15 1 38 26 33 1 0 0 0 0 24 41 18 1 41 41 36 1 137 103 117 1 151 172 148 1 152 161 178 1 125 113 129 1 95 111 99 1
0 0 0 0 57 63 87 1 52 75 68 1 0 0 0 0 39 43 61 1 33 0 8 1 31 0 22 1 12 0 14 1 38 10 30 1 106 98 98 1 139 147 168 1 70 67 82 1 46 76 61 1 85 97 43 1 87 45 48 1 51 66 37 1 91 74 57 1 81 87 45 1 100 54 50 1 103 54 79 1 0 0 0 0 0 0 0 0 61 70 31 1 36 59 32 1 0 0 0 0 63 43 22 1 97 94 68 1 186 152 181 1 140 172 152 1 117 174 162 1 112 143 145 1 0 0 0 0 133 126 136 1 107 144 112 1 175 146 140 1 159 164 130 1 167 167 135 1 138 113 127 1 100 134 80 1 97 96 112 1 116 116 95 1 0 0 0 0 76 91 80 1 54 103 81 1 0 0 0 0 67 81 81 1 42 54 47 1 61 69 60 1 0 0 0 0 75 51 47 1 69 81 62 1 18 39 48 1 46 16 30 1 18 24 44 1 47 35 51 1 11 0 15 1 23 43 31 1 29 48 48 1 58 50 47 1 17 2 0 1 32 47 36 1 150 118 115 1 157 153 143 1 95 112 88 1 0 0 0 0
42 64 113 1 15 14 86 1 0 0 0 0 40 49 82 1 33 23 80 1 18 0 3 1 44 11 25 1 25 0 40 1 0 10 28 1 69 62 97 1 154 146 162 1 90 68 63 1 56 65 31 1 81 79 81 1 55 79 71 1 92 82 67 1 67 70 56 1 79 51 48 1 98 90 66 1 87 65 67 1 0 0 0 0 48 61 41 1 65 33 70 1 81 73 30 1 68 71 32 1 27 44 32 1 116 80 89 1 197 174 172 1 150 161 152 1 111 102 103 1 98 100 123 1 112 156 152 1 125 145 127 1 0 0 0 0 0 0 0 0 163 170 144 1 199 205 202 1 182 180 156 1 134 126 124 1 151 105 90 1 139 141 120 1 114 144 99 1 84 90 83 1 107 101 80 1 87 86 86 1 85 58 67 1 35 59 52 1 0 0 0 0 55 50 57 1 58 39 15 1 0 17 8 1 20 37 36 1 33 23 24 1 35 13 22 1 33 48 36 1 1 20 21 1 38 17 25 1 30 13 43 1 33 9 21 1 39 56 50 1 37 52 34 1 62 30 21 1 62 61 39 1 74 43 50 1 0 0 0 0
56 59 80 1 47 61 97 1 23 53 91 1 38 41 92 1 28 30 43 1 25 0 10 1 0 0 14 1 22 11 48 1 25 22 67 1 59 27 67 1 95 68 88 1 59 64 79 1 86 40 59 1 95 67 57 1 104 65 58 1 99 71 47 1 90 59 18 1 61 76 44 1 76 111 61 1 101 69 67 1 76 49 34 1 0 0 0 0 18 10 9 1 42 6 17 1 38 19 29 1 0 7 6 1 74 48 76 1 160 157 134 1 158 132 149 1 114 95 106 1 129 100 131 1 144 153 152 1 126 143 144 1 122 121 113 1 119 138 116 1 161 136 146 1 181 163 145 1 146 149 134 1 138 154 140 1 111 100 77 1 75 74 78 1 109 82 80 1 58 77 55 1 53 53 79 1 66 74 69 1 50 52 56 1 71 50 56 1 0 0 0 0 42 64 34 1 35 25 22 1 55 23 37 1 14 40 34 1 17 21 9 1 17 0 27 1 30 25 18 1 25 39 25 1 0 0 0 0 33 25 28 1 46 28 31 1 45 18 33 1 40 16 21 1 0 0 0 0 0 0 0 0 27 43 26 1 37 24 32 1
73 32 104 1 19 23 64 1 18 35 78 1 0 0 0 0 0 3 6 1 5 33 19 1 41 37 48 1 48 22 70 1 36 35 95 1 34 40 70 1 45 60 77 1 62 75 70 1 77 69 55 1 94 92 65 1 86 61 38 1 70 68 68 1 92 75 56 1 94 83 57 1 93 91 65 1 70 54 44 1 52 30 22 1 16 18 3 1 22 14 16 1 51 9 24 1 0 37 45 1 28 19 11 1 27 3 18 1 119 95 117 1 101 135 118 1 107 120 89 1 131 107 133 1 129 137 131 1 129 122 128 1 132 121 120 1 90 116 90 1 138 120 146 1 125 98 111 1 101 107 107 1 74 91 57 1 48 70 84 1 57 79 72 1 59 82 72 1 57 75 32 1 36 73 36 1 50 53 55 1 0 0 0 0 31 37 52 1 46 56 49 1 43 29 38 1 50 41 35 1 30 15 32 1 17 6 34 1 11 21 31 1 0 0 0 0 2 21 41 1 51 33 60 1 65 43 24 1 38 58 38 1 45 32 43 1 36 39 50 1 33 9 15 1 27 42 26 1 28 28 57 1 31 18 32 1 7 19 31 1
0 0 0 0 43 48 100 1 29 36 49 1 0 20 13 1 31 15 2 1 0 0 0 0 55 42 48 1 73 40 84 1 79 31 93 1 81 49 104 1 45 83 71 1 64 67 49 1 64 41 57 1 62 77 63 1 83 52 39 1 0 0 0 0 77 106 69 1 95 89 52 1 46 63 54 1 37 34 42 1 33 30 23 1 12 7 25 1 20 0 28 1 20 17 26 1 25 18 10 1 0 0 0 0 6 14 0 1 84 67 71 1 99 111 107 1 0 0 0 0 147 116 125 1 129 160 162 1 128 150 155 1 122 96 126 1 71 112 103 1 85 93 96 1 96 109 104 1 86 102 106 1 0 0 0 0 54 68 46 1 29 51 54 1 44 36 21 1 7 33 41 1 15 34 26 1 22 38 28 1 34 44 37 1 26 24 15 1 18 10 33 1 0 0 0 0 44 48 37 1 45 28 53 1 9 43 49 1 20 29 19 1 11 15 48 1 28 39 36 1 22 51 46 1 29 46 32 1 32 19 42 1 63 47 37 1 51 33 48 1 35 21 12 1 40 42 46 1 35 8 6 1 9 7 65 1 23 38 10 1
41 22 118 1 37 61 46 1 24 28 31 1 36 2 28 1 17 15 2 1 45 18 20 1 57 61 75 1 37 42 64 1 0 0 0 0 63 50 111 1 69 55 104 1 54 50 81 1 43 51 72 1 40 54 46 1 51 40 52 1 62 57 40 1 79 85 83 1 75 67 69 1 8 10 17 1 6 51 22 1 15 26 39 1 14 11 25 1 18 0 34 1 19 10 13 1 26 9 21 1 0 19 12 1 14 32 1 1 46 44 39 1 74 65 83 1 80 91 84 1 179 147 156 1 173 162 171 1 132 152 157 1 130 145 155 1 119 141 139 1 111 147 109 1 97 142 125 1 0 0 0 0 103 123 122 1 0 0 0 0 0 0 0 0 26 48 42 1 14 41 4 1 10 35 46 1 22 13 57 1 33 27 38 1 17 27 39 1 0 0 0 0 57 37 31 1 51 23 40 1 37 37 44 1 25 27 26 1 27 20 44 1 26 38 38 1 21 22 39 1 0 0 0 0 30 32 63 1 15 16 25 1 28 49 47 1 10 28 22 1 3 7 41 1 2 24 44 1 14 23 27 1 15 42 19 1 26 37 40 1
64 51 96 1 43 41 46 1 18 17 33 1 13 40 20 1 8 7 15 1 35 8 18 1 56 29 62 1 46 44 82 1 61 32 92 1 66 41 110 1 32 46 58 1 34 30 37 1 22 19 12 1 10 29 16 1 26 21 20 1 5 24 24 1 40 34 14 1 26 27 32 1 8 20 23 1 13 34 28 1 11 37 38 1 2 0 23 1 0 5 13 1 3 42 34 1 0 0 0 0 33 11 14 1 17 7 3 1 44 53 33 1 48 55 49 1 72 79 62 1 152 160 165 1 201 185 187 1 154 168 185 1 134 135 133 1 98 122 145 1 81 117 105 1 141 122 116 1 132 154 140 1 97 130 146 1 58 68 58 1 43 98 80 1 40 54 58 1 29 21 40 1 26 31 20 1 0 0 0 0 2 36 62 1 32 29 32 1 18 31 14 1 0 0 0 0 47 12 28 1 21 3 23 1 20 31 22 1 22 37 31 1 19 26 8 1 33 35 44 1 29 58 20 1 25 27 36 1 22 45 34 1 47 33 51 1 15 30 48 1 15 17 21 1 40 23 44 1 56 24 35 1 19 14 32 1 0 0 0 0
25 40 93 1 36 43 32 1 11 20 24 1 0 0 0 0 0 0 0 0 37 13 26 1 0 0 0 0 0 0 0 0 59 34 86 1 41 32 71 1 2 34 43 1 3 6 22 1 9 24 12 1 0 0 0 0 7 0 12 1 4 8 18 1 18 21 0 1 19 1 24 1 0 0 6 1 0 0 0 0 13 34 34 1 4 10 19 1 4 1 8 1 18 15 29 1 0 0 0 0 11 47 34 1 48 46 0 1 78 68 83 1 42 87 49 1 35 68 44 1 129 127 137 1 199 211 225 1 157 204 172 1 109 128 156 1 133 109 137 1 89 122 148 1 98 100 117 1 119 135 146 1 121 115 133 1 61 97 81 1 32 69 58 1 0 0 0 0 40 72 57 1 38 58 52 1 9 17 28 1 4 38 23 1 28 9 29 1 42 33 19 1 13 28 22 1 9 15 20 1 33 15 29 1 0 0 0 0 24 37 25 1 17 0 35 1 10 24 40 1 28 33 34 1 38 11 40 1 39 44 64 1 23 21 37 1 47 22 32 1 11 36 32 1 33 35 12 1 25 28 32 1 0 0 0 0 23 12 18 1
17 36 41 1 27 37 38 1 21 0 38 1 0 0 0 0 22 17 29 1 41 40 61 1 49 52 70 1 16 42 43 1 16 8 54 1 0 11 23 1 3 41 21 1 0 2 6 1 0 0 0 0 10 0 24 1 7 26 21 1 0 23 22 1 0 11 14 1 5 7 15 1 1 0 34 1 21 28 23 1 28 20 34 1 0 0 0 0 12 11 18 1 11 24 3 1 2 18 5 1 35 23 7 1 0 0 0 0 49 53 52 1 47 31 54 1 45 16 50 1 90 101 113 1 0 0 0 0 192 205 218 1 146 163 153 1 139 161 173 1 114 160 150 1 78 79 103 1 103 124 125 1 121 112 126 1 97 114 116 1 88 79 91 1 79 92 78 1 90 63 89 1 50 42 32 1 34 27 49 1 7 33 37 1 19 14 38 1 20 21 29 1 44 16 27 1 13 18 28 1 3 21 17 1 7 1 24 1 10 19 33 1 24 23 23 1 31 46 33 1 35 22 38 1 23 46 25 1 18 34 60 1 37 0 26 1 44 20 31 1 36 32 53 1 34 44 15 1 23 24 45 1 29 18 23 1 0 15 35 1
36 19 19 1 4 19 44 1 0 14 19 1 7 0 16 1 29 16 23 1 49 40 40 1 67 36 91 1 0 0 0 0 15 0 38 1 3 8 3 1 0 12 0 1 20 13 30 1 0 10 23 1 4 5 4 1 0 0 0 1 0 5 29 1 31 19 35 1 16 12 7 1 0 0 16 1 0 0 0 0 0 0 0 0 1 25 27 1 14 29 35 1 44 27 26 1 23 0 0 1 13 0 0 1 0 0 0 0 24 2 22 1 26 36 36 1 44 39 44 1 48 81 56 1 164 170 152 1 185 173 184 1 163 135 150 1 0 0 0 0 171 174 204 1 124 139 163 1 0 0 0 0 88 121 111 1 117 117 125 1 87 102 114 1 54 66 76 1 43 37 51 1 19 34 34 1 47 42 60 1 55 36 28 1 24 23 22 1 24 44 52 1 14 0 21 1 3 15 19 1 19 36 22 1 12 17 11 1 28 21 38 1 17 31 24 1 29 19 21 1 21 19 27 1 49 24 23 1 28 14 47 1 37 15 53 1 22 34 27 1 0 0 0 0 29 15 35 1 0 0 0 0 32 32 21 1 44 10 38 1
13 13 34 1 0 7 19 1 22 0 0 1 6 31 19 1 27 36 45 1 42 45 71 1 37 40 70 1 26 21 27 1 16 21 37 1 29 23 36 1 28 9 26 1 0 35 4 1 24 25 8 1 0 17 4 1 0 1 8 1 26 27 19 1 0 14 16 1 0 37 16 1 19 14 18 1 0 0 0 0 7 38 12 1 15 25 21 1 8 0 22 1 1 14 31 1 33 5 17 1 35 0 8 1 18 15 8 1 10 0 0 1 27 25 28 1 0 0 0 0 37 12 51 1 46 14 42 1 89 84 139 1 159 166 180 1 150 161 184 1 165 195 158 1 147 159 163 1 84 117 98 1 146 108 130 1 101 124 141 1 123 117 125 1 61 89 72 1 59 65 26 1 51 36 84 1 24 78 29 1 44 72 68 1 53 37 53 1 7 34 20 1 29 19 38 1 14 24 17 1 21 37 30 1 36 9 22 1 29 18 24 1 28 27 68 1 32 19 50 1 22 34 29 1 7 17 43 1 25 26 2 1 18 51 11 1 25 15 47 1 40 45 54 1 19 14 22 1 19 10 16 1 32 14 47 1 18 21 64 1
25 13 19 1 0 12 15 1 12 13 0 1 31 1 11 1 29 16 33 1 56 33 43 1 42 51 49 1 29 27 59 1 46 11 32 1 17 9 0 1 0 31 23 1 0 51 8 1 23 0 16 1 24 37 26 1 0 0 0 0 0 15 17 1 0 0 0 0 0 4 6 1 21 19 21 1 0 0 0 1 8 4 27 1 21 4 28 1 17 12 8 1 0 3 43 1 0 37 25 1 13 24 15 1 7 0 30 1 20 12 6 1 31 18 28 1 53 69 48 1 21 14 37 1 2 0 18 1 18 15 59 1 74 105 104 1 131 126 141 1 154 129 135 1 116 159 152 1 157 134 162 1 128 155 145 1 116 180 142 1 113 118 128 1 104 110 81 1 60 81 65 1 45 60 60 1 15 58 46 1 43 62 50 1 28 43 48 1 33 26 18 1 17 41 30 1 38 32 22 1 42 20 32 1 45 41 33 1 53 29 61 1 43 39 35 1 19 44 45 1 0 0 0 0 19 33 18 1 29 48 42 1 0 0 0 0 15 38 29 1 43 27 14 1 0 0 0 0 32 19 32 1 38 29 19 1 41 27 44 1
16 10 47 1 18 19 26 1 0 0 0 0 51 52 36 1 0 0 0 0 49 55 48 1 53 48 29 1 23 26 46 1 10 9 18 1 0 0 0 0 1 3 16 1 22 2 10 1 0 0 0 0 3 40 32 1 0 11 32 1 23 7 26 1 0 1 10 1 0 0 0 1 10 18 0 1 0 0 0 0 10 0 31 1 7 0 11 1 20 37 8 1 14 22 14 1 6 5 1 1 8 0 31 1 3 0 8 1 24 36 16 1 13 28 25 1 5 29 17 1 14 0 35 1 0 0 0 0 0 0 0 0 0 10 15 1 0 9 43 1 81 53 112 1 0 0 0 0 142 119 142 1 114 119 134 1 132 123 153 1 161 163 188 1 164 162 170 1 103 119 107 1 50 80 55 1 57 73 71 1 75 80 46 1 51 31 39 1 38 47 44 1 34 42 35 1 0 0 0 0 44 37 15 1 39 43 38 1 53 36 38 1 34 75 62 1 38 18 61 1 38 39 23 1 20 6 16 1 11 22 39 1 8 17 31 1 0 0 0 0 27 27 58 1 21 24 31 1 30 25 2 1 25 18 39 1 0 0 0 0
28 14 33 1 28 2 45 1 34 16 38 1 28 24 78 1 0 0 0 0 31 27 46 1 17 17 10 1 8 13 51 1 0 0 0 0 10 8 11 1 10 0 31 1 4 12 1 1 20 19 2 1 18 35 24 1 0 20 20 1 6 27 27 1 0 7 6 1 14 16 28 1 23 3 32 1 0 0 20 1 11 0 19 1 18 0 32 1 21 0 20 1 16 7 11 1 21 0 26 1 4 18 6 1 38 16 25 1 21 7 11 1 0 11 25 1 9 16 6 1 0 17 12 1 32 27 50 1 19 18 12 1 0 27 24 1 8 0 0 1 14 1 40 1 61 66 64 1 60 82 78 1 0 0 0 0 52 54 96 1 118 139 139 1 144 155 148 1 125 92 91 1 77 76 63 1 0 0 0 0 64 69 64 1 49 47 81 1 59 66 89 1 60 67 82 1 30 36 43 1 21 30 21 1 40 48 40 1 55 61 29 1 53 56 63 1 46 40 51 1 64 40 48 1 29 6 43 1 31 20 42 1 47 2 34 1 29 54 39 1 14 22 47 1 37 20 13 1 3 29 26 1 0 0 0 0 38 45 53 1
17 22 2 1 41 27 68 1 28 30 62 1 51 28 49 1 24 36 58 1 53 14 36 1 16 17 43 1 21 0 14 1 0 17 15 1 0 13 27 1 0 18 11 1 0 3 18 1 0 12 20 1 3 19 24 1 0 21 20 1 19 15 17 1 8 3 1 1 0 8 37 1 19 15 28 1 0 0 0 0 20 13 34 1 15 3 29 1 7 4 25 1 4 24 17 1 19 1 2 1 0 0 0 0 24 26 24 1 7 26 40 1 0 2 0 1 0 0 0 0 0 0 0 0 1 6 6 1 20 23 0 1 27 5 20 1 33 17 49 1 0 0 0 0 0 0 4 1 0 15 28 1 44 39 49 1 31 58 46 1 39 76 100 1 76 59 60 1 51 68 87 1 34 67 50 1 72 84 104 1 63 54 74 1 57 65 74 1 98 104 112 1 52 83 96 1 15 28 48 1 0 0 0 0 60 44 67 1 53 54 64 1 41 38 52 1 14 41 17 1 15 40 24 1 14 34 36 1 39 50 45 1 35 35 35 1 51 52 23 1 44 31 50 1 18 16 41 1 43 22 40 1 42 35 37 1 4 41 25 1
7 14 27 1 36 49 58 1 52 53 58 1 56 29 67 1 55 28 39 1 54 49 57 1 0 0 0 0 0 0 0 0 0 0 0 1 44 3 28 1 0 0 0 0 0 34 28 1 21 12 40 1 11 21 19 1 0 13 20 1 22 6 32 1 12 14 24 1 15 37 26 1 33 9 32 1 40 31 18 1 26 0 28 1 0 18 50 1 39 0 15 1 7 5 20 1 13 31 29 1 14 0 22 1 6 0 23 1 11 17 18 1 13 3 37 1 0 0 1 1 8 9 15 1 33 29 21 1 0 29 8 1 11 8 26 1 14 14 29 1 24 13 21 1 22 36 27 1 13 11 20 1 10 23 8 1 19 42 68 1 57 50 69 1 0 0 0 0 16 58 50 1 48 26 58 1 60 80 79 1 48 73 54 1 70 79 72 1 88 47 84 1 65 33 73 1 19 28 47 1 40 45 33 1 55 44 16 1 47 56 35 1 38 28 42 1 26 32 55 1 43 28 42 1 24 13 38 1 11 31 38 1 21 36 13 1 44 49 40 1 38 29 47 1 41 32 39 1 30 22 56 1 0 0 0 0 44 42 27 1
11 8 15 1 55 23 47 1 54 41 53 1 62 47 86 1 42 41 69 1 23 6 43 1 20 27 29 1 0 0 0 1 7 6 5 1 0 0 11 1 0 0 0 0 5 8 4 1 4 4 37 1 10 17 29 1 14 9 0 1 31 17 26 1 36 11 44 1 40 19 32 1 57 34 35 1 27 28 0 1 0 0 0 0 17 14 10 1 2 44 16 1 4 11 21 1 43 15 9 1 18 8 31 1 0 0 0 0 11 11 3 1 3 0 0 1 0 8 16 1 18 16 30 1 0 9 8 1 5 0 0 1 8 16 21 1 0 7 0 1 0 20 12 1 3 11 14 1 12 4 57 1 28 40 56 1 25 16 41 1 20 1 4 1 0 56 36 1 34 46 42 1 45 15 52 1 27 48 54 1 31 26 42 1 32 37 48 1 14 23 51 1 31 55 32 1 50 32 12 1 53 34 47 1 41 50 51 1 42 71 52 1 0 0 0 0 62 34 33 1 31 22 27 1 21 49 63 1 43 35 34 1 40 23 23 1 42 49 61 1 39 35 21 1 2 11 40 1 37 32 31 1 10 8 42 1 14 20 29 1
0 0 0 0 36 28 67 1 65 57 94 1 33 38 87 1 7 29 48 1 10 0 38 1 0 0 0 1 14 23 22 1 0 43 31 1 0 18 8 1 7 26 53 1 13 23 10 1 23 22 18 1 0 0 0 0 11 9 0 1 24 18 26 1 20 29 23 1 24 27 20 1 13 16 5 1 35 30 37 1 32 29 54 1 26 3 30 1 11 7 18 1 22 16 0 1 15 0 11 1 20 0 17 1 13 23 21 1 18 21 18 1 8 9 24 1 14 0 0 1 12 7 3 1 0 6 0 1 16 23 10 1 19 0 10 1 25 8 0 1 29 47 25 1 36 41 41 1 19 7 28 1 20 21 45 1 20 6 22 1 34 5 40 1 18 16 38 1 42 5 29 1 35 17 70 1 9 30 60 1 8 27 34 1 0 0 0 0 7 21 35 1 22 60 46 1 41 37 34 1 37 45 18 1 17 48 35 1 43 47 58 1 0 0 0 0 34 22 48 1 41 27 52 1 49 58 12 1 50 16 28 1 57 44 28 1 67 62 59 1 0 0 0 0 17 24 32 1 0 0 0 0 31 22 41 1 26 39 30 1
19 11 30 1 84 48 56 1 76 44 67 1 27 4 64 1 19 7 45 1 0 0 4 1 7 11 12 1 7 15 0 1 22 13 27 1 1 0 0 1 7 0 17 1 20 0 0 1 23 4 1 1 31 3 16 1 25 7 31 1 10 5 26 1 0 0 0 0 17 37 32 1 23 12 7 1 0 24 42 1 0 13 4 1 26 25 14 1 27 13 34 1 18 0 0 1 29 0 11 1 32 18 0 1 0 3 35 1 4 0 0 1 13 0 16 1 16 19 17 1 26 33 27 1 0 8 0 1 8 0 11 1 2 22 20 1 20 29 33 1 0 0 0 0 28 0 17 1 10 33 27 1 28 13 9 1 37 23 47 1 23 53 42 1 7 51 10 1 32 11 19 1 28 43 34 1 35 39 29 1 16 48 40 1 28 35 55 1 29 17 33 1 21 26 0 1 14 52 69 1 29 45 30 1 34 48 40 1 12 44 25 1 0 0 1 1 25 59 45 1 51 44 40 1 25 54 57 1 0 0 0 0 31 57 46 1 39 31 33 1 11 42 40 1 32 15 27 1 42 23 25 1 33 25 31 1 27 25 37 1
22 0 26 1 34 35 58 1 31 36 90 1 37 6 56 1 27 0 13 1 41 27 13 1 6 21 26 1 13 22 7 1 8 34 17 1 0 0 0 0 9 25 31 1 2 10 42 1 21 45 22 1 0 15 0 1 0 0 2 1 23 5 15 1 8 0 10 1 14 8 31 1 23 2 20 1 5 0 0 1 17 0 13 1 5 15 22 1 0 0 24 1 11 11 28 1 0 0 0 0 0 0 0 0 26 4 20 1 0 15 0 1 0 6 48 1 10 28 43 1 22 3 38 1 10 3 4 1 23 0 10 1 6 32 41 1 29 16 15 1 8 37 49 1 12 38 10 1 8 25 9 1 37 26 22 1 23 28 37 1 39 51 14 1 23 46 18 1 24 37 29 1 40 25 31 1 9 32 45 1 5 7 31 1 0 0 0 0 11 37 29 1 34 24 53 1 40 23 70 1 41 66 65 1 42 32 43 1 46 26 49 1 54 41 44 1 31 25 3 1 24 25 12 1 66 23 7 1 50 38 35 1 48 33 72 1 43 45 75 1 81 34 50 1 18 59 34 1 21 27 37 1 26 27 59 1 0 0 0 0
0 2 39 1 42 17 38 1 37 13 45 1 17 18 25 1 33 10 28 1 25 0 19 1 28 0 39 1 0 0 0 0 0 5 36 1 31 37 33 1 36 14 24 1 5 22 28 1 0 25 11 1 2 3 15 1 8 0 33 1 14 5 0 1 23 0 26 1 12 31 15 1 22 0 12 1 0 0 8 1 8 11 0 1 40 1 13 1 0 0 14 1 20 7 4 1 25 10 33 1 0 0 0 0 21 31 41 1 11 28 18 1 12 10 0 1 17 0 17 1 18 0 18 1 35 0 22 1 6 15 10 1 34 2 23 1 28 49 51 1 47 10 27 1 41 44 28 1 0 30 3 1 29 13 5 1 2 0 11 1 23 27 52 1 0 15 38 1 24 56 14 1 21 46 41 1 5 4 39 1 5 8 55 1 27 25 45 1 43 16 26 1 26 36 48 1 25 53 44 1 42 43 57 1 50 30 19 1 49 39 55 1 105 66 82 1 46 40 59 1 37 46 32 1 39 45 39 1 39 13 22 1 44 67 59 1 69 50 71 1 15 59 44 1 24 30 55 1 18 15 12 1 24 10 29 1 34 54 41 1
27 18 15 1 27 35 52 1 39 7 39 1 0 0 0 0 24 20 14 1 21 19 34 1 0 18 29 1 18 32 24 1 25 0 35 1 26 6 32 1 17 38 21 1 0 11 15 1 34 0 10 1 0 0 0 0 0 0 16 1 37 43 0 1 8 17 13 1 0 0 6 1 14 10 6 1 14 17 27 1 9 0 23 1 0 0 0 0 0 0 10 1 30 11 0 1 34 0 16 1 53 37 34 1 16 25 29 1 13 8 0 1 0 12 2 1 9 0 36 1 0 0 4 1 35 8 28 1 1 3 22 1 1 25 11 1 27 5 43 1 32 36 40 1 11 25 24 1 34 40 17 1 27 0 26 1 30 1 13 1 21 21 5 1 0 25 11 1 14 23 6 1 57 35 23 1 0 0 0 0 14 37 51 1 24 16 42 1 34 32 38 1 65 50 47 1 0 0 0 0 0 0 0 0 31 43 34 1 83 65 44 1 84 109 88 1 65 52 39 1 33 52 40 1 38 46 25 1 31 54 19 1 56 74 63 1 64 59 86 1 51 40 48 1 19 23 55 1 16 28 30 1 33 30 27 1 43 20 41 1
41 39 34 1 33 36 43 1 45 33 27 1 38 33 30 1 34 18 42 1 28 17 13 1 0 1 25 1 0 0 0 0 2 22 31 1 9 3 20 1 15 18 28 1 10 16 13 1 9 11 0 1 31 19 35 1 13 29 58 1 35 6 14 1 13 24 12 1 19 22 5 1 0 0 16 1 0 4 1 1 20 15 11 1 0 12 18 1 9 7 0 1 17 21 40 1 41 37 37 1 37 13 37 1 4 34 6 1 0 0 22 1 27 0 11 1 0 7 22 1 16 8 24 1 0 0 0 0 0 19 7 1 15 36 28 1 38 35 14 1 23 41 9 1 27 12 31 1 24 17 31 1 2 20 20 1 0 0 0 0 29 26 14 1 1 8 14 1 33 49 9 1 44 4 15 1 6 19 2 1 20 25 12 1 22 3 34 1 19 20 51 1 37 46 66 1 51 57 59 1 29 44 46 1 47 47 48 1 73 101 56 1 96 105 109 1 0 0 0 0 45 57 49 1 17 47 50 1 62 72 75 1 61 54 63 1 45 57 47 1 40 58 39 1 40 41 36 1 49 16 44 1 22 34 25 1 11 9 39 1
7 38 61 1 51 17 50 1 44 32 48 1 24 27 51 1 9 25 20 1 33 8 28 1 10 23 8 1 3 24 23 1 0 0 0 0 13 8 6 1 0 0 0 0 15 13 12 1 20 3 17 1 6 17 6 1 26 50 3 1 4 28 36 1 0 0 0 0 22 23 13 1 19 5 6 1 16 1 9 1 23 14 28 1 0 0 11 1 0 19 23 1 15 20 45 1 29 20 5 1 0 0 0 0 12 0 6 1 4 17 15 1 21 15 9 1 14 34 44 1 23 29 0 1 2 0 7 1 0 2 10 1 1 16 27 1 29 4 8 1 27 48 29 1 5 33 13 1 19 18 14 1 4 9 12 1 0 9 30 1 20 20 26 1 0 16 40 1 6 22 38 1 18 46 44 1 32 24 15 1 22 0 18 1 7 21 60 1 9 15 40 1 25 53 51 1 50 51 39 1 46 57 46 1 38 28 44 1 54 53 36 1 81 60 75 1 44 50 33 1 38 39 34 1 35 78 74 1 71 86 78 1 49 45 58 1 74 66 44 1 54 44 52 1 26 46 63 1 46 29 53 1 27 25 29 1 16 15 23 1
35 8 37 1 53 11 30 1 34 28 71 1 35 43 53 1 0 21 45 1 4 1 14 1 22 7 0 1 10 9 10 1 3 14 23 1 7 7 20 1 22 0 23 1 26 20 33 1 20 9 26 1 33 19 33 1 28 0 0 1 0 4 20 1 21 25 38 1 0 13 17 1 15 23 22 1 33 22 13 1 26 15 0 1 16 0 0 1 0 0 0 0 0 0 0 1 0 19 12 1 10 0 23 1 29 0 2 1 14 0 12 1 19 7 19 1 12 12 9 1 15 10 0 1 0 0 8 1 5 27 5 1 6 15 31 1 0 8 29 1 8 4 29 1 34 0 15 1 38 11 22 1 0 0 0 0 0 19 11 1 11 5 16 1 15 0 8 1 0 0 10 1 0 0 0 0 19 24 30 1 32 40 39 1 14 33 38 1 37 40 43 1 0 0 0 0 0 0 0 0 51 47 58 1 26 54 41 1 29 52 29 1 53 76 54 1 0 0 0 0 23 67 54 1 46 75 71 1 50 62 58 1 43 50 65 1 52 38 68 1 32 33 65 1 47 51 52 1 31 38 57 1 34 29 46 1 28 0 60 1
30 43 60 1 46 26 75 1 0 0 0 0 65 23 102 1 26 23 44 1 39 29 53 1 0 35 12 1 4 1 8 1 13 6 17 1 37 14 0 1 6 23 34 1 14 29 0 1 0 37 0 1 0 27 24 1 20 0 26 1 0 20 10 1 9 0 29 1 0 0 0 0 12 0 20 1 34 3 20 1 0 0 0 0 0 1 6 1 7 11 29 1 19 20 27 1 1 7 24 1 0 0 33 1 8 0 13 1 0 27 0 1 0 0 0 0 0 12 12 1 12 12 25 1 0 0 0 0 17 0 17 1 17 8 12 1 5 0 21 1 9 10 33 1 11 13 16 1 1 7 25 1 17 4 3 1 0 23 40 1 19 0 21 1 5 14 11 1 3 11 8 1 27 32 35 1 28 40 55 1 18 28 11 1 20 18 46 1 57 45 50 1 42 40 26 1 40 54 58 1 46 83 62 1 28 41 32 1 35 39 54 1 0 0 0 0 114 113 102 1 55 46 22 1 48 34 29 1 16 51 62 1 34 45 39 1 50 64 60 1 31 23 41 1 29 44 18 1 10 30 53 1 48 16 46 1 0 0 0 0
64 42 91 1 60 54 97 1 25 33 71 1 41 19 68 1 53 36 62 1 59 50 98 1 22 33 61 1 0 26 17 1 0 0 28 1 0 0 7 1 22 25 34 1 21 24 0 1 0 0 0 0 21 10 12 1 6 30 22 1 0 0 25 1 17 11 0 1 0 0 25 1 0 14 5 1 13 12 15 1 0 21 6 1 0 0 0 0 18 19 7 1 0 0 10 1 0 3 0 1 10 10 11 1 19 0 17 1 11 20 25 1 14 22 35 1 1 0 7 1 0 0 14 1 0 27 5 1 9 9 7 1 6 21 24 1 24 15 23 1 0 17 21 1 21 19 8 1 8 0 0 1 23 23 13 1 3 0 17 1 13 1 13 1 8 11 0 1 0 4 8 1 2 0 23 1 18 20 41 1 9 22 33 1 26 29 30 1 25 46 51 1 0 0 0 0 41 60 44 1 15 52 37 1 23 36 61 1 27 48 32 1 60 89 76 1 57 77 116 1 26 26 68 1 47 39 44 1 31 77 59 1 30 39 59 1 67 86 72 1 41 51 64 1 39 41 58 1 31 15 44 1 23 17 11 1 0 34 10 1
45 36 85 1 49 36 94 1 27 29 74 1 12 17 78 1 27 34 60 1 0 0 0 0 65 57 62 1 18 20 61 1 42 30 46 1 28 25 69 1 20 3 33 1 27 17 13 1 29 16 17 1 0 0 0 0 16 0 40 1 0 0 24 1 0 0 0 0 6 3 31 1 12 22 0 1 0 31 36 1 3 1 0 1 14 4 17 1 0 0 0 0 15 0 22 1 9 12 11 1 8 18 27 1 0 0 29 1 15 0 14 1 15 18 5 1 1 14 19 1 0 0 0 0 11 0 15 1 22 0 0 1 13 14 9 1 0 0 27 1 28 0 0 1 5 11 33 1 0 12 2 1 0 2 23 1 35 29 19 1 8 0 29 1 16 22 18 1 0 0 0 0 0 0 6 1 4 10 24 1 20 17 10 1 0 0 0 0 19 17 43 1 36 59 54 1 32 48 47 1 57 40 25 1 26 42 23 1 54 66 63 1 68 83 68 1 69 71 92 1 25 64 42 1 0 0 0 0 39 46 68 1 32 46 67 1 46 52 44 1 50 32 34 1 29 6 15 1 56 20 4 1 19 47 28 1 17 31 40 1
58 32 101 1 72 41 89 1 0 0 0 0 37 34 95 1 63 57 77 1 45 55 69 1 40 58 69 1 32 34 54 1 18 2 47 1 39 57 34 1 26 12 51 1 3 19 5 1 25 12 18 1 0 0 0 0 23 0 30 1 7 24 0 1 18 18 0 1 11 15 0 1 0 0 2 1 0 33 2 1 0 28 29 1 0 0 0 0 0 0 0 0 0 0 0 0 6 20 2 1 0 0 7 1 0 0 0 0 15 26 28 1 7 10 17 1 13 16 0 1 4 36 0 1 0 5 25 1 30 26 22 1 0 0 0 0 16 5 0 1 12 11 10 1 0 2 4 1 0 0 0 1 0 0 0 0 0 0 0 0 4 29 26 1 33 0 0 1 8 8 15 1 2 13 34 1 11 27 30 1 0 6 21 1 5 0 9 1 28 26 39 1 51 48 82 1 45 43 60 1 69 62 64 1 47 38 51 1 39 38 51 1 51 57 60 1 39 76 58 1 27 45 52 1 0 0 0 0 53 52 25 1 0 0 0 0 26 27 53 1 6 28 17 1 30 35 10 1 0 0 0 0 24 1 33 1 11 44 36 1
83 37 100 1 76 23 72 1 0 0 0 0 57 43 88 1 31 35 63 1 0 0 0 0 35 28 68 1 0 0 0 0 15 37 45 1 8 6 23 1 0 11 35 1 0 0 9 1 0 0 0 0 10 0 12 1 13 9 17 1 7 2 24 1 13 19 0 1 0 15 11 1 0 0 0 0 1 6 1 1 0 28 8 1 18 0 15 1 17 9 10 1 0 4 6 1 27 0 38 1 13 0 11 1 9 9 0 1 0 0 18 1 16 21 6 1 0 35 45 1 12 6 3 1 0 1 46 1 0 0 0 0 28 11 0 1 7 17 27 1 0 22 30 1 22 23 21 1 2 0 28 1 0 0 0 0 2 22 29 1 35 32 20 1 8 0 36 1 0 0 0 0 11 16 35 1 28 14 28 1 9 13 21 1 17 30 43 1 56 69 58 1 56 69 58 1 54 68 49 1 0 0 0 0 45 77 65 1 51 67 54 1 49 63 70 1 26 50 36 1 34 45 45 1 37 28 55 1 34 36 38 1 45 44 21 1 37 35 45 1 0 0 0 0 36 59 28 1 15 33 35 1 15 46 41 1 13 50 46 1
0 0 0 0 73 18 84 1 46 29 67 1 52 54 68 1 54 31 86 1 0 0 0 0 72 30 85 1 30 20 41 1 19 21 28 1 0 0 0 0 0 0 7 1 0 1 27 1 7 3 0 1 1 7 0 1 3 10 14 1 24 21 5 1 10 10 19 1 0 29 35 1 6 6 25 1 25 14 23 1 0 0 0 0 2 5 16 1 0 9 18 1 20 8 19 1 0 0 0 0 0 0 0 0 0 5 7 1 0 18 14 1 6 12 32 1 11 0 10 1 3 39 22 1 20 27 26 1 0 0 0 0 21 12 9 1 19 22 23 1 4 0 31 1 0 9 11 1 8 0 5 1 1 1 13 1 22 28 13 1 0 0 0 0 33 11 18 1 27 20 30 1 22 19 40 1 7 32 31 1 21 20 20 1 64 47 21 1 15 54 77 1 57 61 85 1 49 89 52 1 22 67 56 1 36 54 53 1 34 46 76 1 50 28 38 1 44 41 26 1 42 41 45 1 44 53 63 1 36 37 37 1 40 37 38 1 5 20 21 1 42 34 46 1 27 58 64 1 48 35 50 1 29 16 28 1 35 31 39 1
54 39 67 1 20 36 57 1 46 34 92 1 21 16 76 1 0 0 0 0 48 26 96 1 43 37 67 1 36 33 72 1 40 32 61 1 19 15 37 1 0 0 12 1 2 13 7 1 9 0 12 1 25 10 0 1 1 2 0 1 0 0 13 1 7 30 12 1 4 9 13 1 3 3 0 1 10 40 16 1 19 27 3 1 23 0 44 1 24 5 29 1 0 0 22 1 5 22 20 1 11 10 0 1 14 22 15 1 3 25 27 1 25 20 9 1 2 12 43 1 0 10 22 1 0 5 27 1 23 36 15 1 11 0 35 1 0 36 18 1 15 0 0 1 14 1 20 1 13 23 0 1 0 4 16 1 0 0 13 1 21 26 33 1 26 29 8 1 5 13 22 1 5 15 5 1 52 19 40 1 22 29 23 1 24 26 62 1 45 76 58 1 47 79 97 1 38 55 54 1 23 58 42 1 20 81 44 1 0 0 0 0 32 49 29 1 29 64 46 1 54 49 68 1 33 50 54 1 19 53 21 1 17 41 58 1 27 24 23 1 34 45 31 1 37 45 42 1 9 54 18 1 46 25 60 1 51 31 34 1
21 16 29 1 43 46 40 1 33 43 54 1 52 32 60 1 45 46 87 1 60 50 97 1 0 0 0 0 30 55 85 1 16 27 60 1 8 6 24 1 0 0 0 0 0 8 15 1 7 8 0 1 4 0 29 1 18 13 0 1 12 0 11 1 9 34 3 1 0 20 0 1 1 0 13 1 4 43 12 1 5 26 24 1 0 0 5 1 10 18 1 1 7 9 24 1 0 1 3 1 3 3 45 1 16 6 12 1 9 12 16 1 0 6 17 1 3 9 30 1 0 0 8 1 0 0 30 1 0 0 12 1 0 11 1 1 12 10 23 1 0 0 10 1 0 0 0 0 0 0 37 1 11 10 12 1 19 5 32 1 37 8 31 1 0 0 0 0 22 20 23 1 27 37 28 1 15 22 18 1 31 12 37 1 0 0 0 0 41 30 37 1 62 58 56 1 56 52 54 1 60 80 57 1 0 0 0 0 19 78 56 1 17 46 46 1 53 44 45 1 56 70 51 1 0 0 0 0 33 38 28 1 33 29 41 1 36 31 7 1 46 42 14 1 52 57 32 1 32 48 71 1 46 60 61 1 25 33 47 1
0 0 0 0 42 51 87 1 13 50 63 1 30 44 44 1 34 36 69 1 55 49 102 1 42 20 75 1 38 25 77 1 52 37 73 1 34 20 23 1 25 38 38 1 15 29 29 1 0 10 6 1 17 39 11 1 0 2 35 1 16 5 7 1 11 22 16 1 9 6 11 1 18 1 27 1 6 6 0 1 10 6 25 1 23 0 34 1 24 0 0 1 2 8 38 1 24 0 31 1 13 0 11 1 38 19 0 1 0 26 13 1 11 4 37 1 0 0 0 0 1 0 19 1 9 10 4 1 0 0 20 1 9 13 0 1 0 0 10 1 23 2 12 1 0 7 11 1 0 0 0 0 0 0 30 1 22 16 40 1 5 32 17 1 6 30 18 1 11 10 5 1 14 24 29 1 31 41 12 1 44 23 31 1 0 0 0 0 63 57 61 1 86 107 78 1 69 124 81 1 61 57 55 1 49 31 47 1 16 40 41 1 20 36 20 1 0 0 0 0 42 45 69 1 0 0 0 0 55 40 30 1 32 54 40 1 41 15 26 1 32 58 62 1 32 76 58 1 13 47 41 1 27 31 34 1 22 52 52 1
6 6 22 1 6 39 55 1 26 0 44 1 53 37 44 1 6 11 35 1 12 0 58 1 38 21 45 1 60 52 71 1 64 29 83 1 25 23 55 1 0 2 45 1 4 23 30 1 0 40 13 1 0 0 0 0 0 0 0 0 12 9 13 1 31 11 27 1 16 22 28 1 0 0 5 1 14 4 11 1 0 0 28 1 0 16 12 1 0 0 0 0 3 3 38 1 34 0 21 1 15 25 38 1 2 30 32 1 20 4 23 1 27 16 20 1 0 33 0 1 27 9 21 1 0 0 0 0 13 20 15 1 3 26 29 1 23 27 0 1 0 29 20 1 32 0 0 1 0 7 0 1 0 0 11 1 0 28 10 1 0 20 3 1 18 12 34 1 8 0 13 1 20 30 44 1 27 41 51 1 25 46 41 1 56 59 55 1 47 77 58 1 92 88 108 1 113 133 129 1 0 0 0 0 49 37 57 1 49 47 48 1 53 42 46 1 28 32 29 1 43 35 61 1 67 59 49 1 50 49 38 1 28 62 37 1 47 60 41 1 52 78 67 1 50 60 48 1 46 55 37 1 24 35 44 1 31 29 57 1
29 34 44 1 32 27 25 1 31 28 36 1 16 26 57 1 26 0 44 1 1 0 28 1 22 13 31 1 49 41 56 1 49 31 53 1 31 31 55 1 46 38 27 1 21 28 6 1 9 26 42 1 18 2 17 1 13 0 0 1 3 10 33 1 17 9 35 1 26 6 10 1 27 28 7 1 0 0 0 0 27 9 5 1 16 21 23 1 1 14 34 1 19 6 31 1 0 0 0 0 20 27 18 1 23 32 44 1 16 15 27 1 0 0 0 0 34 11 24 1 0 0 30 1 3 0 31 1 1 11 24 1 18 6 0 1 22 22 5 1 12 16 7 1 0 7 25 1 14 20 31 1 6 5 20 1 6 11 0 1 0 0 0 0 15 37 28 1 39 13 35 1 33 28 45 1 44 46 43 1 31 36 38 1 37 52 51 1 47 67 65 1 77 81 58 1 79 99 80 1 48 77 66 1 43 66 54 1 47 60 59 1 52 43 47 1 43 28 28 1 56 54 27 1 27 44 16 1 44 34 24 1 60 52 57 1 44 49 17 1 45 38 27 1 45 44 36 1 23 28 41 1 0 0 0 0 40 51 50 1
15 5 56 1 20 11 55 1 27 13 28 1 14 12 22 1 19 25 39 1 24 11 17 1 36 41 31 1 0 0 0 0 32 29 44 1 21 14 37 1 6 24 23 1 21 19 29 1 0 0 0 0 0 0 0 0 2 0 2 1 5 0 13 1 19 21 35 1 0 1 24 1 12 0 0 1 13 18 2 1 17 17 44 1 0 0 29 1 10 16 10 1 15 17 24 1 16 15 29 1 14 0 32 1 4 23 27 1 20 12 41 1 18 28 39 1 16 26 11 1 16 32 14 1 29 21 29 1 19 0 12 1 7 24 33 1 8 8 12 1 18 7 0 1 24 0 14 1 0 0 30 1 0 3 19 1 36 12 23 1 19 42 22 1 34 26 34 1 22 35 21 1 17 44 26 1 41 52 44 1 33 29 44 1 29 31 38 1 44 73 48 1 50 79 60 1 51 46 88 1 76 85 84 1 46 67 23 1 59 62 55 1 37 66 63 1 36 54 22 1 43 38 44 1 46 14 31 1 28 41 30 1 57 96 60 1 43 70 44 1 56 41 40 1 0 0 0 0 27 43 36 1 37 47 59 1 65 41 51 1
12 0 25 1 0 18 48 1 15 41 52 1 38 29 24 1 0 0 0 0 3 9 42 1 17 27 53 1 7 17 29 1 50 19 31 1 28 23 35 1 59 8 37 1 19 35 30 1 16 21 26 1 48 3 9 1 8 20 45 1 1 11 39 1 13 8 12 1 16 7 30 1 16 9 23 1 29 6 4 1 0 0 17 1 29 7 25 1 0 0 0 0 14 20 39 1 0 0 0 0 32 0 31 1 19 0 35 1 0 0 0 0 0 0 0 0 16 3 20 1 0 33 10 1 0 3 9 1 0 4 27 1 0 0 0 0 5 0 2 1 3 0 17 1 26 13 0 1 38 27 16 1 0 39 17 1 17 31 26 1 34 17 17 1 16 52 41 1 0 0 0 0 17 28 18 1 28 27 22 1 38 47 61 1 0 0 0 0 37 38 60 1 80 69 87 1 89 67 76 1 59 77 79 1 68 66 58 1 58 72 55 1 58 46 46 1 12 54 8 1 0 0 0 0 17 21 10 1 44 26 27 1 62 45 68 1 62 39 40 1 45 58 51 1 16 31 55 1 0 0 0 0 70 48 72 1 0 0 0 0
20 16 10 1 15 11 54 1 27 19 41 1 8 25 51 1 28 0 24 1 13 0 3 1 29 0 38 1 23 26 32 1 35 26 35 1 38 27 49 1 16 36 34 1 0 0 13 1 2 16 41 1 4 15 35 1 0 22 29 1 21 9 31 1 3 8 35 1 0 7 2 1 0 0 6 1 25 7 2 1 14 0 35 1 28 11 16 1 33 22 58 1 41 39 19 1 26 3 36 1 12 20 13 1 0 0 0 0 16 0 21 1 0 6 17 1 0 11 5 1 0 0 1 1 5 23 20 1 8 0 1 1 29 27 25 1 13 18 13 1 18 8 1 1 12 23 15 1 28 2 28 1 1 23 11 1 26 25 52 1 29 37 38 1 42 27 33 1 11 33 11 1 1 0 11 1 0 17 36 1 17 29 50 1 41 16 22 1 26 24 33 1 48 68 70 1 53 68 55 1 71 78 80 1 66 95 69 1 45 76 53 1 47 36 50 1 33 29 21 1 46 63 62 1 28 41 57 1 27 15 34 1 27 31 54 1 57 62 58 1 62 48 64 1 46 48 45 1 11 55 45 1 60 53 21 1 27 51 47 1
33 21 42 1 0 0 0 0 12 28 36 1 61 12 49 1 36 15 21 1 0 0 40 1 9 0 21 1 54 24 52 1 79 54 53 1 41 57 67 1 12 16 35 1 0 0 0 0 0 6 21 1 21 12 40 1 0 0 33 1 9 0 31 1 0 0 0 0 29 0 4 1 0 5 7 1 4 9 7 1 9 4 21 1 22 11 12 1 20 0 24 1 49 8 38 1 15 12 33 1 10 10 39 1 17 20 6 1 12 7 18 1 4 10 6 1 0 20 26 1 12 0 15 1 25 4 28 1 25 18 22 1 0 10 20 1 0 0 0 0 33 2 13 1 27 21 29 1 35 20 41 1 25 34 34 1 22 27 50 1 26 22 34 1 24 4 38 1 0 20 25 1 6 7 0 1 13 10 35 1 16 31 61 1 0 18 16 1 0 0 0 0 56 95 52 1 30 58 75 1 0 0 0 0 31 86 67 1 54 57 73 1 47 73 42 1 36 43 59 1 22 35 53 1 15 31 46 1 33 45 51 1 54 43 73 1 42 45 50 1 0 0 0 0 23 57 17 1 48 57 47 1 38 58 73 1 47 26 56 1
27 20 48 1 0 0 0 0 7 21 24 1 29 49 3 1 10 38 3 1 0 5 31 1 19 17 42 1 45 36 70 1 58 39 60 1 25 26 46 1 30 33 58 1 17 20 27 1 8 6 7 1 0 7 37 1 9 11 16 1 9 6 26 1 0 0 12 1 32 2 9 1 28 20 15 1 3 19 18 1 3 0 5 1 13 15 8 1 14 16 24 1 19 14 28 1 0 11 20 1 4 9 43 1 11 7 19 1 18 8 24 1 15 2 14 1 27 24 7 1 28 36 46 1 0 0 0 0 16 0 38 1 0 0 18 1 18 0 12 1 40 4 0 1 0 7 37 1 0 37 40 1 21 20 28 1 25 40 49 1 39 21 38 1 26 23 34 1 15 45 29 1 19 11 11 1 0 0 0 0 57 50 41 1 0 0 0 0 45 65 71 1 79 76 74 1 55 60 65 1 45 69 61 1 58 56 46 1 44 49 63 1 31 27 36 1 21 39 70 1 54 61 51 1 15 16 12 1 0 0 0 0 57 49 67 1 75 47 74 1 57 62 59 1 35 40 58 1 40 34 42 1 63 46 52 1 53 50 50 1
62 33 58 1 0 0 0 0 21 16 16 1 20 24 42 1 49 5 28 1 17 9 55 1 26 25 64 1 0 0 0 0 24 44 69 1 37 22 41 1 42 36 40 1 0 4 22 1 0 2 11 1 9 0 7 1 21 26 20 1 0 0 0 0 13 7 43 1 4 11 24 1 22 0 26 1 0 9 9 1 12 1 10 1 0 13 9 1 2 0 10 1 11 10 5 1 0 0 33 1 0 0 20 1 0 10 9 1 2 0 15 1 28 22 6 1 25 0 21 1 4 8 6 1 3 25 11 1 24 19 6 1 31 11 38 1 19 12 31 1 0 23 40 1 14 40 34 1 8 15 24 1 25 20 52 1 18 40 49 1 14 39 63 1 16 15 20 1 0 0 0 0 22 6 13 1 34 18 44 1 31 19 51 1 28 32 23 1 52 67 62 1 0 0 0 0 50 49 51 1 18 73 41 1 22 73 37 1 35 62 66 1 0 0 0 0 49 41 64 1 64 41 75 1 8 46 40 1 17 8 32 1 47 75 58 1 0 0 0 0 0 0 0 0 41 33 32 1 77 66 41 1 36 53 27 1 48 32 55 1
41 25 52 1 37 50 60 1 31 23 27 1 37 52 72 1 49 17 53 1 30 13 60 1 64 37 56 1 53 26 49 1 44 43 79 1 26 1 50 1 17 56 89 1 35 29 31 1 7 0 0 1 3 0 11 1 3 9 18 1 6 16 24 1 34 40 8 1 0 0 0 0 0 18 24 1 9 0 8 1 1 42 30 1 0 0 25 1 34 24 7 1 20 28 7 1 7 35 32 1 10 9 23 1 3 12 25 1 0 4 37 1 4 5 11 1 44 21 9 1 0 0 6 1 17 0 0 1 27 3 29 1 0 23 34 1 5 0 45 1 10 26 42 1 7 4 28 1 38 2 24 1 21 42 46 1 30 13 45 1 0 28 22 1 20 27 36 1 0 0 0 0 19 48 36 1 36 18 39 1 22 25 30 1 34 30 62 1 42 33 68 1 73 100 85 1 43 74 70 1 36 59 65 1 26 46 59 1 26 72 37 1 42 16 33 1 20 51 36 1 50 59 58 1 32 46 67 1 44 58 86 1 56 77 81 1 92 73 82 1 13 46 84 1 57 36 70 1 41 57 64 1 27 42 58 1 11 11 33 1
48 45 67 1 36 41 43 1 32 39 68 1 47 25 82 1 44 28 64 1 56 50 73 1 60 48 71 1 55 33 51 1 53 19 52 1 54 38 24 1 10 47 37 1 36 16 59 1 0 0 0 0 0 1 7 1 10 22 19 1 0 0 0 0 2 12 16 1 13 15 28 1 0 19 3 1 20 0 31 1 18 5 34 1 0 0 27 1 51 0 0 1 6 19 11 1 23 35 22 1 23 19 10 1 20 45 54 1 0 0 0 0 9 5 29 1 17 0 13 1 23 11 34 1 34 0 11 1 25 15 31 1 14 23 12 1 0 0 0 0 15 11 20 1 23 4 17 1 19 34 5 1 33 11 44 1 15 0 24 1 13 25 25 1 18 27 18 1 6 0 25 1 32 29 55 1 23 21 52 1 17 34 39 1 64 75 74 1 57 68 79 1 79 54 78 1 40 64 59 1 46 65 48 1 45 70 53 1 28 45 52 1 0 0 0 0 27 72 45 1 17 45 17 1 81 97 82 1 111 127 119 1 70 82 77 1 84 70 82 1 49 67 64 1 7 50 60 1 55 63 56 1 31 51 73 1 0 0 0 0
33 26 68 1 13 5 69 1 54 56 87 1 44 10 50 1 24 5 33 1 51 35 69 1 30 36 52 1 21 29 26 1 0 0 0 0 20 25 53 1 0 0 0 0 20 0 56 1 19 28 21 1 4 0 21 1 0 0 0 0 20 10 0 1 0 11 0 1 19 5 32 1 0 0 26 1 15 0 0 1 21 5 7 1 10 10 15 1 12 0 32 1 19 9 6 1 5 23 48 1 27 34 62 1 17 5 28 1 14 17 37 1 2 13 44 1 29 6 27 1 31 31 42 1 16 6 22 1 23 12 0 1 3 21 25 1 25 16 32 1 20 25 15 1 26 41 25 1 23 6 34 1 32 49 35 1 28 16 35 1 21 21 27 1 38 44 40 1 19 40 23 1 66 48 63 1 33 39 71 1 18 15 27 1 66 60 93 1 62 86 85 1 48 66 46 1 46 53 72 1 22 62 65 1 29 29 48 1 40 51 32 1 15 49 50 1 21 28 46 1 65 47 46 1 114 99 115 1 91 118 116 1 0 0 0 0 46 53 62 1 51 36 56 1 9 43 25 1 19 60 61 1 61 26 49 1 35 16 35 1
20 50 28 1 20 42 45 1 42 21 67 1 34 28 51 1 37 44 62 1 49 26 46 1 0 13 9 1 29 0 0 1 47 33 51 1 45 34 46 1 22 40 44 1 12 10 33 1 0 0 0 0 36 2 14 1 0 5 18 1 15 0 1 1 16 0 16 1 0 1 23 1 22 0 3 1 14 23 28 1 10 22 46 1 10 8 17 1 13 0 17 1 12 6 32 1 14 23 59 1 28 33 30 1 18 34 29 1 17 22 47 1 0 0 0 0 9 28 6 1 14 30 13 1 67 47 45 1 10 36 35 1 20 15 55 1 44 0 0 1 45 11 23 1 54 38 26 1 30 30 0 1 0 0 0 0 16 21 28 1 36 0 28 1 13 26 47 1 39 19 42 1 46 55 47 1 15 36 57 1 15 32 34 1 37 52 50 1 53 76 101 1 58 71 60 1 37 58 49 1 36 62 41 1 47 68 66 1 63 60 54 1 50 45 41 1 7 21 26 1 52 49 54 1 119 91 122 1 0 0 0 0 17 17 43 1 24 75 49 1 27 43 55 1 32 32 55 1 59 39 50 1 50 54 48 1 46 6 53 1
27 20 46 1 0 0 0 0 0 0 0 0 0 0 0 0 61 25 75 1 5 22 48 1 23 18 28 1 26 0 4 1 37 11 36 1 23 13 40 1 25 2 54 1 10 25 39 1 10 11 27 1 0 0 39 1 0 7 9 1 0 0 34 1 10 4 20 1 25 16 7 1 0 0 0 1 14 4 36 1 1 8 21 1 29 31 43 1 23 24 49 1 17 27 15 1 15 2 21 1 0 19 21 1 7 0 23 1 38 31 16 1 13 6 27 1 0 0 0 0 0 0 0 0 0 6 35 1 41 3 44 1 36 25 23 1 26 17 18 1 22 34 24 1 0 34 44 1 5 0 19 1 21 43 41 1 35 14 21 1 33 17 16 1 33 31 26 1 0 0 0 0 30 38 49 1 0 0 0 0 39 6 56 1 53 67 38 1 67 53 69 1 64 70 47 1 46 52 67 1 41 68 69 1 0 0 0 0 57 37 70 1 29 50 63 1 17 37 67 1 42 56 67 1 0 0 0 0 46 70 67 1 41 25 39 1 34 37 51 1 0 0 0 0 48 36 48 1 47 60 66 1 49 27 54 1 31 20 32 1
27 21 29 1 53 7 57 1 39 40 65 1 70 39 91 1 38 22 71 1 40 12 48 1 5 31 55 1 0 0 0 0 45 28 43 1 42 30 59 1 21 27 48 1 13 21 44 1 2 13 22 1 24 9 35 1 35 14 25 1 10 14 9 1 22 0 26 1 7 14 21 1 10 0 4 1 14 13 42 1 39 63 47 1 77 62 90 1 80 70 93 1 45 52 74 1 0 0 0 0 0 21 0 1 18 29 39 1 44 23 54 1 52 57 94 1 39 40 48 1 12 40 39 1 2 21 31 1 47 9 12 1 23 13 34 1 17 34 30 1 28 20 42 1 42 14 16 1 0 22 0 1 0 9 36 1 31 9 32 1 36 42 27 1 2 0 46 1 64 50 45 1 47 13 54 1 29 61 47 1 24 23 33 1 38 65 50 1 43 65 56 1 77 83 57 1 58 36 65 1 46 53 55 1 42 43 62 1 25 47 44 1 29 59 44 1 55 40 65 1 58 31 81 1 0 0 0 0 55 78 78 1 0 0 0 0 16 44 45 1 0 0 0 0 0 0 0 0 36 39 52 1 55 45 73 1 31 33 63 1
17 5 30 1 21 45 63 1 47 41 35 1 32 44 89 1 66 24 83 1 25 38 43 1 34 31 32 1 35 14 51 1 0 0 0 0 31 30 81 1 44 47 84 1 12 21 52 1 16 2 0 1 2 15 32 1 0 0 0 0 22 8 37 1 7 32 15 1 18 26 36 1 10 9 45 1 55 30 47 1 56 37 85 1 55 48 94 1 61 91 79 1 61 72 55 1 37 46 40 1 23 45 46 1 22 30 55 1 52 69 79 1 78 76 91 1 29 52 91 1 16 40 39 1 0 0 0 0 22 7 28 1 24 7 43 1 32 30 39 1 30 55 47 1 39 45 22 1 0 21 30 1 15 31 25 1 46 56 42 1 63 38 81 1 33 38 75 1 52 39 41 1 33 47 54 1 55 31 51 1 15 47 63 1 32 36 72 1 40 82 86 1 60 79 77 1 35 47 46 1 44 53 52 1 19 42 47 1 18 28 30 1 12 8 54 1 0 0 0 0 63 93 110 1 82 107 92 1 0 0 0 0 50 58 60 1 16 48 50 1 36 32 64 1 47 48 61 1 35 49 37 1 48 56 78 1 0 0 0 0
23 27 7 1 40 22 43 1 57 39 74 1 79 56 112 1 53 35 87 1 51 21 91 1 36 13 29 1 33 28 62 1 16 9 41 1 38 33 59 1 38 32 99 1 0 0 0 0 24 27 24 1 33 5 32 1 21 6 50 1 22 9 60 1 41 26 63 1 28 50 72 1 24 44 62 1 46 45 78 1 48 33 79 1 41 37 58 1 35 49 62 1 24 46 70 1 47 55 37 1 56 37 37 1 47 36 75 1 70 56 95 1 58 56 89 1 15 39 64 1 0 36 19 1 5 0 36 1 14 39 72 1 30 39 62 1 29 23 29 1 59 40 66 1 23 30 48 1 25 44 34 1 0 0 0 0 31 70 71 1 52 47 76 1 8 14 44 1 42 49 68 1 46 64 49 1 27 66 32 1 19 42 15 1 41 65 51 1 34 76 53 1 33 70 63 1 42 74 55 1 28 63 64 1 16 33 33 1 25 60 55 1 0 0 0 0 130 173 196 1 83 124 128 1 56 77 122 1 99 89 120 1 47 74 88 1 22 65 54 1 24 35 48 1 0 0 0 0 44 34 65 1 51 51 83 1 52 40 81 1
42 30 47 1 58 39 66 1 50 20 69 1 53 37 76 1 0 0 0 0 32 39 87 1 0 0 0 0 29 40 70 1 59 33 85 1 66 46 74 1 51 62 89 1 32 46 91 1 0 0 0 0 38 40 78 1 55 26 77 1 40 44 82 1 47 37 77 1 28 47 56 1 46 48 53 1 23 35 53 1 40 54 47 1 31 43 78 1 43 66 84 1 57 44 70 1 49 55 71 1 61 51 60 1 6 83 76 1 0 0 0 0 25 79 73 1 24 43 49 1 11 50 38 1 25 27 44 1 45 41 35 1 0 0 0 0 35 42 45 1 26 42 46 1 23 38 43 1 40 41 32 1 0 26 45 1 46 50 25 1 44 68 79 1 39 45 69 1 22 58 61 1 44 40 58 1 49 55 59 1 33 44 76 1 39 64 45 1 58 60 54 1 46 52 83 1 51 57 69 1 54 69 66 1 17 35 40 1 69 82 82 1 108 143 171 1 139 175 187 1 90 127 123 1 54 60 104 1 59 93 121 1 63 74 89 1 22 29 70 1 13 53 71 1 42 35 56 1 57 46 67 1 53 48 91 1 27 60 77 1
29 28 73 1 62 47 59 1 50 27 63 1 33 18 44 1 33 58 45 1 0 0 0 0 45 49 66 1 58 32 75 1 65 31 87 1 61 43 74 1 0 0 0 0 66 41 87 1 59 39 79 1 64 44 63 1 29 48 74 1 55 26 90 1 51 54 58 1 55 37 83 1 39 36 70 1 31 48 68 1 28 43 59 1 35 49 71 1 0 0 0 0 36 27 51 1 52 43 72 1 37 43 67 1 83 103 91 1 55 69 78 1 24 82 102 1 57 40 87 1 0 0 0 0 39 27 85 1 0 16 30 1 34 8 40 1 12 44 35 1 12 59 45 1 42 54 46 1 36 37 45 1 29 24 36 1 53 32 49 1 61 38 72 1 41 37 83 1 21 33 57 1 0 0 0 0 16 51 53 1 47 31 58 1 41 17 66 1 54 52 25 1 62 52 72 1 55 85 85 1 24 48 63 1 39 21 40 1 73 102 115 1 149 172 167 1 130 157 164 1 64 87 119 1 55 64 89 1 0 0 0 0 0 0 0 0 37 38 89 1 27 34 48 1 56 29 58 1 39 46 95 1 59 37 64 1 25 44 75 1
47 30 61 1 38 25 41 1 56 25 89 1 49 36 82 1 43 50 82 1 51 64 83 1 44 58 73 1 57 35 111 1 69 36 98 1 83 55 96 1 50 30 111 1 56 50 115 1 59 76 78 1 38 41 96 1 57 60 118 1 75 40 110 1 21 45 91 1 75 48 78 1 31 19 78 1 42 25 57 1 43 42 61 1 61 24 72 1 42 26 60 1 21 19 56 1 12 55 42 1 45 26 83 1 66 68 122 1 22 59 95 1 57 78 97 1 0 0 0 0 69 52 119 1 25 50 67 1 27 8 46 1 30 15 57 1 0 17 34 1 5 10 35 1 11 28 14 1 37 30 50 1 50 47 60 1 55 63 76 1 65 28 73 1 20 20 74 1 14 27 50 1 15 62 59 1 25 70 58 1 0 0 0 0 29 17 51 1 0 0 0 0 61 80 34 1 0 0 0 0 73 52 45 1 45 40 59 1 106 115 111 1 0 0 0 0 103 98 135 1 80 83 123 1 0 0 0 0 90 105 123 1 63 61 115 1 28 48 73 1 12 56 76 1 16 48 81 1 15 42 86 1 34 48 77 1 39 65 88 1
32 43 59 1 7 38 29 1 32 34 62 1 39 46 67 1 67 35 56 1 53 38 71 1 31 50 76 1 38 19 84 1 50 42 100 1 53 49 81 1 76 61 100 1 52 81 95 1 81 46 112 1 44 53 72 1 61 36 93 1 54 76 88 1 54 54 98 1 58 31 61 1 37 59 72 1 36 29 84 1 50 29 66 1 25 30 82 1 31 38 75 1 20 36 68 1 67 17 68 1 33 69 88 1 41 51 83 1 42 47 87 1 34 81 101 1 81 41 90 1 58 57 82 1 40 83 87 1 0 0 0 0 31 24 43 1 16 9 35 1 21 28 20 1 23 49 32 1 31 29 64 1 39 44 59 1 53 34 70 1 36 16 62 1 36 45 49 1 29 36 65 1 42 81 52 1 43 37 22 1 0 0 0 0 40 66 52 1 29 58 46 1 35 22 47 1 36 57 47 1 10 59 31 1 17 35 47 1 74 93 100 1 125 121 145 1 0 0 0 0 90 74 103 1 78 92 127 1 74 73 124 1 44 58 119 1 63 57 76 1 62 39 73 1 37 65 94 1 38 43 91 1 56 54 84 1 51 67 80 1
31 24 52 1 19 38 26 1 62 33 67 1 41 25 41 1 55 23 49 1 66 51 95 1 46 41 82 1 55 46 105 1 45 67 74 1 50 49 117 1 35 58 86 1 42 66 111 1 61 54 94 1 67 63 115 1 47 79 95 1 60 67 96 1 71 76 112 1 49 61 117 1 52 58 78 1 24 44 77 1 25 41 100 1 47 22 98 1 42 21 90 1 50 62 86 1 60 17 69 1 52 50 69 1 31 56 53 1 47 62 71 1 47 56 80 1 52 41 78 1 33 50 86 1 63 39 65 1 0 0 0 0 19 42 49 1 24 38 48 1 13 19 25 1 38 46 47 1 0 0 0 0 49 59 86 1 31 35 59 1 23 49 47 1 37 34 55 1 27 30 53 1 0 0 0 0 38 22 38 1 23 81 68 1 54 70 76 1 65 73 71 1 25 59 30 1 30 37 31 1 12 31 13 1 33 32 50 1 81 93 105 1 139 110 146 1 104 117 126 1 95 122 131 1 60 72 135 1 60 90 127 1 78 61 128 1 50 83 102 1 54 46 100 1 42 56 94 1 70 44 85 1 52 73 80 1 43 51 97 1
24 31 29 1 16 15 56 1 6 18 42 1 37 33 56 1 30 31 53 1 38 40 67 1 44 49 83 1 0 0 0 0 32 50 129 1 52 61 132 1 46 50 93 1 41 66 111 1 73 62 119 1 0 0 0 0 58 62 93 1 73 50 111 1 54 49 136 1 0 0 0 0 53 66 117 1 61 55 96 1 59 54 87 1 54 70 93 1 56 61 104 1 47 47 68 1 31 51 72 1 26 63 62 1 51 70 60 1 58 40 88 1 0 0 0 0 31 58 105 1 27 63 65 1 24 58 90 1 56 57 73 1 41 55 70 1 34 16 47 1 22 0 0 1 18 51 48 1 83 53 77 1 51 54 69 1 52 60 27 1 0 0 0 0 24 17 65 1 12 35 38 1 8 40 72 1 33 46 50 1 44 42 74 1 69 66 79 1 27 55 46 1 15 62 26 1 19 42 73 1 8 26 33 1 60 75 68 1 95 88 113 1 76 103 123 1 64 103 131 1 73 102 139 1 63 85 116 1 63 89 116 1 55 75 94 1 83 83 118 1 44 71 111 1 56 61 116 1 57 72 101 1 28 42 92 1 52 62 82 1
8 19 39 1 56 0 42 1 22 11 51 1 34 19 83 1 38 0 36 1 71 38 55 1 17 49 54 1 37 19 90 1 40 71 110 1 50 79 93 1 37 65 118 1 40 66 126 1 0 0 0 0 60 47 115 1 0 0 0 0 42 43 109 1 41 57 79 1 34 57 100 1 54 59 105 1 57 58 96 1 38 35 100 1 64 35 101 1 55 91 118 1 47 52 88 1 55 72 92 1 51 55 95 1 51 52 81 1 58 54 71 1 50 52 111 1 65 67 105 1 56 43 79 1 41 32 85 1 37 57 85 1 49 46 83 1 25 3 41 1 10 36 23 1 65 55 73 1 91 92 101 1 44 54 69 1 20 6 28 1 0 0 0 0 32 28 55 1 9 20 38 1 52 33 55 1 30 41 58 1 0 0 0 0 63 85 76 1 64 43 58 1 40 87 55 1 23 34 58 1 43 60 89 1 82 71 81 1 76 93 127 1 83 101 110 1 68 72 103 1 57 90 125 1 54 66 132 1 77 94 109 1 43 70 94 1 90 53 125 1 70 72 129 1 40 63 93 1 42 50 100 1 58 57 97 1 46 51 135 1
0 0 34 1 31 3 30 1 17 15 40 1 0 0 0 0 43 19 25 1 38 23 64 1 11 23 107 1 40 48 68 1 55 80 109 1 57 81 130 1 64 81 113 1 73 106 121 1 49 60 119 1 72 81 127 1 66 79 105 1 44 64 98 1 45 58 122 1 0 0 0 0 88 70 83 1 0 0 0 0 46 54 110 1 47 82 109 1 49 75 111 1 31 43 112 1 46 45 113 1 58 55 89 1 41 49 107 1 35 28 93 1 63 35 100 1 62 34 104 1 34 52 94 1 53 61 85 1 53 39 101 1 49 66 84 1 0 0 57 1 11 14 55 1 66 81 95 1 114 88 119 1 31 24 55 1 8 24 57 1 23 53 50 1 32 21 49 1 0 0 0 0 31 60 80 1 26 46 54 1 52 95 50 1 79 89 95 1 55 74 65 1 24 73 58 1 56 72 45 1 26 40 64 1 40 82 67 1 0 0 0 0 84 123 118 1 59 77 99 1 61 101 122 1 0 0 0 0 0 0 0 0 36 65 127 1 46 79 125 1 61 65 138 1 68 67 92 1 69 64 104 1 41 33 120 1 55 80 96 1
35 17 24 1 32 26 56 1 1 0 28 1 33 0 31 1 0 0 0 0 43 48 70 1 33 43 75 1 56 57 83 1 64 31 90 1 79 62 116 1 0 0 0 0 32 72 105 1 21 80 122 1 54 66 124 1 60 66 101 1 0 0 0 0 52 84 119 1 36 76 126 1 58 38 86 1 55 72 96 1 39 46 106 1 57 52 73 1 58 58 90 1 62 58 94 1 54 56 103 1 53 81 116 1 31 52 121 1 87 66 99 1 42 29 129 1 44 69 87 1 38 40 87 1 38 34 99 1 48 23 99 1 65 49 83 1 23 13 59 1 56 54 105 1 70 89 127 1 92 58 111 1 0 0 0 0 36 12 61 1 43 49 64 1 39 42 68 1 39 39 59 1 22 42 54 1 4 38 42 1 31 42 47 1 56 85 65 1 28 65 42 1 32 23 42 1 70 50 49 1 36 29 47 1 81 70 86 1 0 0 0 0 84 82 122 1 63 89 106 1 0 0 0 0 59 72 110 1 46 77 150 1 48 92 145 1 59 94 128 1 62 75 115 1 28 47 98 1 48 67 105 1 44 62 115 1 50 63 106 1
0 0 0 0 56 21 25 1 3 32 30 1 51 7 47 1 43 47 98 1 24 46 72 1 0 0 0 0 31 50 96 1 41 54 84 1 33 30 89 1 38 40 96 1 42 33 99 1 60 77 107 1 34 73 112 1 46 94 112 1 68 61 114 1 50 89 104 1 38 63 77 1 37 53 112 1 74 41 114 1 52 41 109 1 0 0 0 0 40 39 98 1 71 54 102 1 57 40 99 1 53 83 104 1 46 69 88 1 38 63 106 1 0 0 0 0 67 40 115 1 68 45 98 1 39 53 93 1 0 0 0 0 0 0 0 0 34 16 64 1 78 51 102 1 82 97 123 1 38 58 94 1 8 62 75 1 41 43 49 1 34 35 46 1 78 38 70 1 16 0 60 1 48 40 57 1 29 55 51 1 29 15 48 1 41 43 56 1 11 46 47 1 26 27 34 1 0 0 0 0 33 50 38 1 41 47 55 1 34 65 72 1 66 80 112 1 81 84 98 1 79 81 96 1 66 84 96 1 54 79 96 1 82 104 128 1 70 83 147 1 72 65 115 1 42 79 125 1 40 53 113 1 40 74 107 1 30 54 107 1
0 0 57 1 32 0 29 1 9 18 18 1 47 15 44 1 23 30 51 1 53 36 77 1 0 0 0 0 85 27 90 1 62 27 106 1 58 28 100 1 51 40 110 1 62 59 118 1 52 69 117 1 0 0 0 0 0 0 0 0 66 76 118 1 72 71 155 1 59 65 115 1 61 57 92 1 62 63 97 1 80 48 122 1 40 49 105 1 47 62 99 1 49 64 105 1 56 46 115 1 0 0 0 0 0 0 0 0 31 51 138 1 47 76 112 1 84 50 111 1 68 49 108 1 85 59 88 1 61 57 94 1 0 0 0 0 43 46 67 1 53 50 93 1 82 64 96 1 29 47 62 1 40 35 42 1 44 46 78 1 41 39 56 1 48 55 68 1 0 20 53 1 43 20 57 1 60 60 67 1 43 36 61 1 32 45 70 1 31 45 72 1 46 52 53 1 69 62 45 1 71 59 60 1 47 64 38 1 41 57 69 1 77 75 69 1 70 81 61 1 0 0 0 0 82 112 104 1 74 63 100 1 70 58 107 1 62 72 120 1 48 79 147 1 50 49 111 1 0 0 0 0 35 57 104 1 81 68 112 1
10 10 10 1 32 5 12 1 26 9 7 1 53 9 65 1 30 33 72 1 41 44 95 1 61 54 100 1 0 0 0 0 30 36 95 1 48 72 107 1 34 40 86 1 0 0 0 0 0 0 0 0 68 80 113 1 60 71 110 1 57 67 107 1 28 72 119 1 46 37 125 1 18 50 121 1 40 55 113 1 60 58 98 1 58 55 131 1 49 49 103 1 45 36 116 1 59 54 115 1 66 74 100 1 37 51 125 1 37 42 134 1 0 0 0 0 52 54 102 1 61 45 69 1 51 59 95 1 43 48 96 1 36 39 84 1 17 37 47 1 49 50 108 1 64 49 80 1 20 48 67 1 19 35 73 1 17 30 56 1 61 62 75 1 59 56 66 1 39 42 63 1 21 28 76 1 30 31 40 1 13 36 67 1 58 58 50 1 34 36 72 1 61 32 74 1 57 63 57 1 52 50 29 1 52 54 61 1 0 0 0 0 78 56 84 1 74 70 37 1 45 74 59 1 96 67 89 1 85 86 105 1 68 108 94 1 79 79 118 1 70 87 110 1 53 74 124 1 76 78 111 1 55 52 146 1 49 52 119 1
0 33 15 1 28 19 15 1 29 0 49 1 48 17 56 1 0 0 0 0 35 58 88 1 86 41 110 1 77 58 97 1 35 49 105 1 62 32 81 1 36 56 94 1 11 33 90 1 34 36 89 1 63 84 85 1 49 66 111 1 70 86 104 1 49 79 145 1 71 66 120 1 0 0 0 0 60 43 112 1 50 45 123 1 30 24 113 1 44 52 113 1 46 46 125 1 0 0 0 0 43 77 121 1 38 60 139 1 23 18 123 1 0 0 0 0 46 51 117 1 56 41 106 1 25 43 105 1 55 27 106 1 51 60 96 1 32 53 94 1 46 52 67 1 56 77 69 1 18 38 36 1 47 40 46 1 52 51 71 1 42 35 68 1 53 56 59 1 44 57 66 1 0 0 0 0 39 46 67 1 47 55 59 1 0 0 0 0 42 43 44 1 15 71 79 1 46 63 51 1 11 36 43 1 64 77 84 1 127 107 124 1 110 124 118 1 71 64 53 1 59 82 47 1 77 81 78 1 100 87 114 1 53 63 92 1 78 72 92 1 113 86 124 1 0 0 0 0 53 60 123 1 55 70 98 1 0 0 0 0
49 17 39 1 40 32 31 1 0 0 0 0 25 28 63 1 36 12 82 1 21 29 58 1 57 47 100 1 56 43 95 1 60 30 94 1 56 37 70 1 31 53 83 1 29 20 82 1 29 19 74 1 50 26 73 1 52 53 87 1 49 41 92 1 51 38 115 1 54 64 120 1 78 48 118 1 54 68 98 1 55 56 89 1 40 75 123 1 56 53 114 1 76 60 137 1 43 55 118 1 69 35 135 1 47 46 134 1 40 42 146 1 47 47 136 1 65 24 118 1 46 29 99 1 33 44 103 1 0 0 0 0 47 45 113 1 16 22 65 1 35 35 65 1 29 58 58 1 30 39 67 1 48 30 67 1 9 25 57 1 0 0 0 0 0 0 0 0 30 22 56 1 36 4 41 1 23 40 61 1 60 43 55 1 43 53 65 1 38 46 41 1 36 30 49 1 13 45 49 1 42 42 38 1 61 60 71 1 104 124 112 1 106 136 149 1 128 135 98 1 87 78 76 1 99 62 82 1 95 80 72 1 74 50 77 1 59 79 101 1 68 76 111 1 79 64 120 1 52 58 97 1 56 56 129 1 69 90 97 1
18 10 61 1 19 5 44 1 25 29 55 1 59 2 35 1 29 12 48 1 49 32 41 1 51 34 70 1 44 49 58 1 36 33 86 1 56 43 65 1 43 16 60 1 20 48 55 1 43 34 40 1 51 10 69 1 34 20 81 1 38 29 79 1 0 0 0 0 59 50 116 1 75 52 94 1 75 25 100 1 54 36 109 1 72 67 118 1 64 72 136 1 59 45 114 1 37 60 119 1 35 73 166 1 0 0 0 0 47 54 127 1 66 57 118 1 46 49 144 1 46 38 118 1 30 53 97 1 53 35 109 1 77 48 99 1 56 50 86 1 20 39 77 1 0 0 0 0 70 50 64 1 21 56 76 1 8 59 41 1 0 0 0 0 10 33 44 1 0 0 0 0 56 35 46 1 52 33 66 1 67 22 64 1 46 41 69 1 45 26 47 1 49 29 49 1 52 55 78 1 29 20 65 1 48 31 43 1 64 61 71 1 81 98 78 1 89 98 77 1 73 96 68 1 81 69 62 1 91 67 49 1 51 72 96 1 63 72 109 1 70 72 97 1 68 90 116 1 66 62 104 1 71 73 83 1 29 79 112 1
35 35 68 1 47 45 65 1 55 50 43 1 58 8 40 1 38 25 51 1 10 24 32 1 25 22 68 1 0 0 0 0 54 30 74 1 55 60 63 1 57 31 48 1 43 30 59 1 30 15 50 1 37 20 51 1 53 41 88 1 0 0 0 0 0 0 0 0 47 44 87 1 45 55 113 1 30 27 104 1 55 48 109 1 65 38 127 1 52 57 100 1 79 45 111 1 34 58 127 1 47 72 119 1 56 71 133 1 49 38 150 1 56 71 134 1 52 79 109 1 57 43 129 1 28 74 104 1 61 56 119 1 63 55 118 1 0 0 0 0 40 46 57 1 64 53 62 1 54 70 57 1 34 27 31 1 22 55 58 1 41 43 73 1 0 0 0 0 36 16 37 1 0 0 0 0 21 39 49 1 51 35 48 1 37 37 69 1 28 27 66 1 36 29 84 1 31 42 59 1 37 26 66 1 48 49 64 1 40 46 50 1 47 64 62 1 86 69 67 1 0 0 0 0 83 76 83 1 68 74 81 1 0 0 0 0 93 80 87 1 104 102 109 1 0 0 0 0 67 69 114 1 70 65 123 1 25 61 123 1
0 0 0 0 38 43 105 1 15 37 67 1 36 34 41 1 37 7 52 1 0 0 45 1 38 3 45 1 42 12 33 1 39 35 75 1 54 24 80 1 41 37 51 1 14 36 38 1 32 21 62 1 26 2 54 1 38 32 66 1 52 32 62 1 46 28 85 1 45 23 85 1 61 61 115 1 50 65 99 1 0 0 0 0 65 62 114 1 69 29 109 1 44 52 133 1 0 0 0 0 46 39 128 1 61 81 129 1 41 61 118 1 64 71 139 1 75 53 153 1 65 68 142 1 38 36 106 1 50 65 92 1 67 46 123 1 61 68 76 1 37 61 59 1 42 46 56 1 25 43 56 1 30 18 71 1 27 44 70 1 35 23 52 1 23 31 32 1 4 31 43 1 43 31 62 1 71 35 46 1 26 42 56 1 31 39 63 1 56 45 46 1 10 45 56 1 3 4 16 1 46 32 40 1 44 39 73 1 37 50 54 1 29 69 73 1 44 43 53 1 104 87 108 1 109 99 63 1 75 82 87 1 54 65 81 1 64 77 75 1 77 84 105 1 67 66 99 1 77 83 100 1 53 75 129 1 55 102 83 1