1
34 17 65 61
65 79 85 1 55 83 85 1 56 94 79 1 64 76 91 1 90 105 92 1 73 75 89 1 90 99 90 1 90 101 89 1 89 91 105 1 78 82 76 1 69 78 99 1 66 82 44 1 82 72 72 1 104 110 118 1 0 0 0 0 138 133 107 1 137 153 121 1 132 132 108 1 145 146 143 1 86 105 71 1 74 77 64 1 99 125 101 1 0 0 0 0 97 108 110 1 81 83 74 1 78 79 98 1 0 0 0 0 102 116 68 1 109 96 109 1 60 94 104 1 106 98 99 1 89 86 111 1 0 0 0 0 126 93 109 1 111 112 126 1 94 95 99 1 117 122 97 1 128 116 96 1 137 88 97 1 97 89 91 1 107 83 88 1 100 90 98 1 75 91 88 1 85 73 71 1 100 111 69 1 114 92 75 1 59 112 99 1 114 79 73 1 0 0 0 0 78 97 75 1 104 98 58 1 102 74 87 1 69 80 51 1 97 74 26 1 66 82 66 1 80 63 66 1 93 65 67 1 73 79 43 1 65 82 69 1 72 79 55 1 84 73 63 1
38 59 64 1 0 0 0 0 68 88 90 1 72 59 95 1 75 78 106 1 107 113 93 1 94 90 91 1 57 86 95 1 85 96 101 1 90 90 95 1 77 99 98 1 77 80 87 1 78 81 64 1 0 0 0 0 149 122 126 1 0 0 0 0 105 125 106 1 124 88 106 1 0 0 0 0 100 95 79 1 84 113 75 1 91 113 68 1 102 88 95 1 110 130 135 1 137 144 127 1 0 0 0 0 128 153 144 1 120 118 138 1 0 0 0 0 92 94 111 1 74 70 91 1 89 64 86 1 73 99 90 1 0 0 0 0 65 84 69 1 79 69 83 1 60 67 92 1 0 0 0 0 74 87 62 1 59 83 63 1 89 79 70 1 88 87 51 1 0 0 0 0 81 104 82 1 89 77 68 1 126 99 109 1 121 94 91 1 110 102 91 1 144 133 115 1 0 0 0 0 123 112 104 1 96 130 104 1 120 118 96 1 107 99 80 1 100 95 102 1 61 71 65 1 118 77 79 1 110 97 89 1 108 102 91 1 115 113 81 1 109 107 89 1
73 51 84 1 69 68 70 1 63 78 85 1 84 88 79 1 88 75 91 1 108 94 80 1 99 120 96 1 62 94 126 1 66 100 92 1 0 0 0 0 71 112 79 1 65 98 88 1 80 68 43 1 96 121 88 1 130 124 132 1 132 149 139 1 94 120 109 1 77 94 126 1 73 118 88 1 78 94 82 1 92 105 89 1 112 93 103 1 67 104 93 1 122 107 118 1 146 134 126 1 166 164 172 1 142 164 144 1 150 129 133 1 146 160 140 1 134 106 143 1 0 0 0 0 79 68 58 1 61 46 67 1 81 58 74 1 75 16 67 1 54 60 50 1 93 53 55 1 73 63 87 1 86 57 73 1 62 64 59 1 72 81 76 1 53 63 83 1 88 48 95 1 91 80 79 1 98 86 42 1 115 90 87 1 122 88 68 1 114 101 80 1 112 117 94 1 127 103 107 1 0 0 0 0 98 82 113 1 124 142 116 1 130 110 82 1 106 88 84 1 88 81 64 1 91 67 51 1 117 103 98 1 136 101 97 1 100 102 117 1 110 115 116 1
64 98 94 1 42 63 75 1 69 55 74 1 70 77 67 1 69 78 75 1 77 131 101 1 0 0 0 0 102 82 96 1 100 88 78 1 62 80 78 1 71 76 97 1 73 86 68 1 89 87 65 1 101 120 79 1 140 129 119 1 0 0 0 0 128 125 145 1 96 112 122 1 73 105 91 1 100 112 79 1 92 97 106 1 77 90 47 1 82 67 76 1 100 102 95 1 129 126 108 1 141 126 121 1 131 166 178 1 129 143 124 1 134 137 130 1 101 111 110 1 99 128 108 1 62 66 77 1 92 82 62 1 86 64 61 1 92 68 90 1 83 81 58 1 55 60 57 1 81 61 77 1 88 66 62 1 50 56 70 1 56 33 65 1 74 75 68 1 71 58 73 1 76 50 30 1 0 0 0 0 63 57 97 1 0 0 0 0 86 55 52 1 106 71 84 1 0 0 0 0 117 93 68 1 109 85 83 1 83 86 95 1 99 67 95 1 85 61 68 1 71 65 58 1 90 68 62 1 85 88 68 1 99 101 78 1 95 89 76 1 93 97 42 1
46 75 79 1 63 61 72 1 54 100 76 1 77 94 77 1 75 70 85 1 121 118 104 1 90 115 100 1 111 103 79 1 82 92 95 1 71 81 90 1 58 71 63 1 67 84 67 1 84 81 58 1 119 129 86 1 99 152 136 1 149 141 184 1 133 146 125 1 99 132 105 1 80 80 76 1 96 105 91 1 91 62 85 1 86 98 78 1 0 0 0 0 74 102 72 1 69 78 62 1 112 111 122 1 122 129 139 1 158 127 137 1 135 121 100 1 85 83 94 1 87 98 80 1 80 80 56 1 78 46 62 1 85 75 60 1 86 86 87 1 77 78 73 1 95 51 70 1 72 90 60 1 69 51 74 1 58 58 67 1 83 55 49 1 72 66 68 1 76 22 61 1 50 25 39 1 41 77 64 1 66 47 74 1 73 61 79 1 62 58 47 1 67 45 53 1 79 44 42 1 78 39 57 1 39 50 44 1 66 58 64 1 49 65 52 1 68 40 55 1 63 60 62 1 69 63 69 1 0 0 0 0 94 89 51 1 71 78 68 1 60 73 55 1
34 86 41 1 67 74 80 1 44 68 58 1 60 79 68 1 66 70 60 1 92 107 114 1 128 126 114 1 0 0 0 0 78 90 84 1 0 0 0 0 113 102 86 1 83 101 119 1 83 104 108 1 0 0 0 0 111 129 129 1 0 0 0 0 203 213 206 1 196 187 192 1 131 176 153 1 101 103 111 1 103 81 118 1 97 122 111 1 97 108 93 1 100 145 125 1 105 141 109 1 138 119 124 1 132 123 142 1 0 0 0 0 151 126 118 1 0 0 0 0 71 74 94 1 76 67 72 1 72 80 47 1 0 0 0 0 76 64 54 1 53 77 56 1 63 71 68 1 65 97 66 1 62 55 60 1 78 76 50 1 102 70 69 1 74 52 67 1 72 56 76 1 68 52 37 1 53 51 42 1 0 0 0 0 56 63 27 1 56 72 56 1 58 70 46 1 44 44 39 1 45 50 31 1 69 55 30 1 78 51 66 1 0 0 0 0 38 62 20 1 69 43 50 1 72 48 45 1 0 0 0 0 82 62 40 1 87 64 63 1 66 38 65 1
60 40 57 1 32 41 53 1 57 45 50 1 57 32 67 1 48 65 71 1 117 105 98 1 0 0 0 0 103 102 110 1 103 93 94 1 91 86 87 1 0 0 0 0 94 105 81 1 66 85 89 1 75 89 107 1 101 111 120 1 187 206 167 1 204 209 202 1 166 184 167 1 148 158 176 1 102 133 118 1 112 122 113 1 97 84 118 1 97 110 90 1 77 106 109 1 100 116 101 1 126 133 103 1 138 149 148 1 138 144 128 1 130 103 139 1 65 85 70 1 67 57 42 1 0 0 0 0 58 38 78 1 0 0 0 0 21 54 17 1 59 44 37 1 60 55 53 1 93 84 53 1 107 74 52 1 86 90 68 1 94 64 92 1 82 69 55 1 49 75 41 1 66 52 44 1 43 37 40 1 59 37 49 1 51 47 29 1 57 34 39 1 68 66 79 1 0 0 0 0 53 38 41 1 45 26 31 1 0 0 0 0 69 38 37 1 42 58 21 1 60 65 36 1 0 0 0 0 64 45 38 1 70 68 40 1 0 0 0 0 74 47 79 1
52 57 46 1 44 40 47 1 43 62 82 1 56 38 55 1 42 63 57 1 95 97 85 1 81 113 125 1 136 112 114 1 80 106 91 1 78 107 84 1 113 127 96 1 97 110 94 1 86 96 60 1 89 104 96 1 86 100 82 1 177 159 168 1 172 192 175 1 150 188 169 1 184 192 166 1 0 0 0 0 107 111 106 1 107 104 115 1 99 90 106 1 114 103 105 1 109 112 123 1 119 142 142 1 164 147 147 1 0 0 0 0 127 134 122 1 81 97 82 1 74 75 48 1 45 42 47 1 45 71 59 1 43 38 59 1 47 36 47 1 51 56 58 1 54 54 56 1 50 61 71 1 84 63 77 1 80 85 89 1 0 0 0 0 99 85 96 1 56 44 60 1 0 0 0 0 78 38 42 1 61 56 23 1 63 44 22 1 59 30 47 1 72 27 58 1 80 40 45 1 46 67 51 1 48 43 52 1 76 31 47 1 79 51 39 1 40 40 39 1 67 41 50 1 67 65 39 1 74 57 66 1 89 78 66 1 104 85 87 1 129 107 64 1
77 103 89 1 55 65 61 1 24 35 76 1 0 0 0 0 57 85 77 1 94 97 103 1 120 115 119 1 99 120 95 1 112 121 118 1 0 0 0 0 89 134 121 1 109 117 99 1 95 102 79 1 93 95 94 1 93 124 103 1 145 162 143 1 174 206 163 1 147 152 157 1 137 174 166 1 90 123 99 1 122 128 125 1 115 133 103 1 74 101 97 1 103 95 101 1 116 109 101 1 126 121 140 1 138 154 121 1 115 185 158 1 122 128 142 1 106 124 95 1 0 0 0 0 66 50 54 1 0 0 0 0 67 40 27 1 57 66 31 1 53 60 34 1 86 41 30 1 76 63 55 1 77 53 59 1 84 92 80 1 104 91 46 1 91 85 78 1 76 85 60 1 69 64 57 1 70 72 63 1 76 60 65 1 43 50 39 1 77 43 37 1 74 56 37 1 84 20 39 1 38 40 52 1 0 0 0 0 85 41 58 1 74 67 38 1 90 75 57 1 72 83 88 1 104 63 61 1 97 86 78 1 89 90 90 1 131 134 115 1 162 152 127 1
191 188 211 1 103 100 147 1 63 66 64 1 61 63 79 1 62 53 60 1 101 104 89 1 107 94 136 1 114 96 117 1 122 108 132 1 127 134 132 1 156 168 139 1 93 120 156 1 106 96 132 1 109 95 110 1 112 146 134 1 90 103 109 1 79 132 117 1 135 149 135 1 131 125 127 1 0 0 0 0 100 112 106 1 115 110 115 1 83 91 95 1 96 105 81 1 95 102 101 1 100 116 102 1 85 115 104 1 0 0 0 0 124 115 100 1 218 214 211 1 244 220 216 1 174 164 156 1 134 133 132 1 184 143 157 1 159 150 128 1 199 168 129 1 166 162 158 1 0 0 0 0 158 154 109 1 161 113 129 1 157 140 115 1 161 128 122 1 131 144 128 1 119 109 82 1 151 133 138 1 163 154 117 1 155 145 97 1 97 97 111 1 125 109 112 1 146 103 127 1 145 147 143 1 183 173 154 1 0 0 0 0 186 161 176 1 0 0 0 0 188 193 161 1 235 211 190 1 234 237 203 1 242 223 204 1 255 232 225 1 236 234 208 1
118 141 143 1 91 84 66 1 75 41 79 1 39 61 85 1 46 68 74 1 134 116 89 1 124 151 119 1 0 0 0 0 115 109 107 1 118 132 117 1 141 116 166 1 102 103 109 1 123 127 98 1 96 118 121 1 137 108 120 1 109 147 120 1 77 91 94 1 94 115 111 1 101 117 119 1 116 144 135 1 90 93 122 1 0 0 0 0 84 109 98 1 82 103 86 1 104 109 108 1 85 99 79 1 75 97 87 1 58 59 69 1 57 60 28 1 187 196 169 1 212 186 140 1 175 193 124 1 198 178 138 1 255 246 181 1 255 254 191 1 0 0 0 0 252 243 210 1 241 242 195 1 233 217 191 1 187 171 118 1 165 142 135 1 178 176 111 1 141 151 91 1 151 136 82 1 168 134 98 1 195 182 137 1 186 146 127 1 160 156 131 1 131 120 99 1 182 172 136 1 183 202 175 1 222 201 175 1 236 217 209 1 253 233 186 1 249 208 216 1 245 255 223 1 255 244 236 1 255 220 229 1 0 0 0 0 244 223 189 1 252 244 212 1
27 26 32 1 76 54 61 1 53 62 57 1 80 75 57 1 84 95 81 1 187 154 135 1 161 170 180 1 125 140 125 1 94 108 96 1 37 104 84 1 101 94 72 1 69 74 67 1 0 0 0 0 99 111 91 1 80 108 102 1 77 123 117 1 85 119 79 1 102 130 128 1 109 173 110 1 135 164 152 1 129 166 153 1 107 183 158 1 121 135 117 1 145 117 126 1 100 139 120 1 116 138 106 1 133 161 136 1 122 112 101 1 105 99 90 1 107 109 102 1 104 125 93 1 127 115 58 1 90 116 80 1 248 214 205 1 253 242 195 1 248 243 196 1 255 244 216 1 255 241 198 1 255 230 202 1 170 165 105 1 175 167 97 1 152 155 129 1 165 137 123 1 170 150 113 1 167 168 147 1 191 202 163 1 211 212 179 1 240 219 179 1 223 220 186 1 225 227 212 1 244 220 181 1 243 242 225 1 252 255 250 1 233 230 227 1 255 249 228 1 242 238 214 1 255 237 204 1 0 0 0 0 204 209 179 1 209 227 184 1 0 0 0 0
35 48 37 1 68 74 47 1 0 0 0 0 66 76 62 1 74 102 97 1 0 0 0 0 167 148 170 1 134 139 124 1 101 75 96 1 96 74 86 1 90 83 76 1 100 94 85 1 81 94 100 1 97 120 126 1 122 118 120 1 114 101 104 1 89 93 106 1 111 70 104 1 94 91 95 1 159 188 178 1 165 172 149 1 0 0 0 0 117 138 140 1 152 164 162 1 136 166 135 1 157 148 120 1 141 119 112 1 128 124 119 1 115 118 114 1 89 109 48 1 119 123 74 1 91 98 63 1 0 0 0 0 123 151 101 1 174 166 118 1 0 0 0 0 199 181 126 1 239 216 181 1 234 221 177 1 162 160 122 1 196 184 116 1 206 188 161 1 170 184 171 1 197 225 155 1 179 178 155 1 207 197 134 1 255 213 174 1 226 213 198 1 0 0 0 0 249 218 204 1 0 0 0 0 233 205 180 1 239 196 197 1 213 221 180 1 229 211 173 1 197 162 177 1 190 188 138 1 165 142 146 1 170 149 119 1 215 201 152 1 170 169 161 1
52 90 108 1 93 98 69 1 58 79 80 1 76 42 47 1 57 73 70 1 159 120 123 1 149 141 171 1 167 135 154 1 114 120 89 1 112 117 85 1 103 142 115 1 104 127 133 1 116 151 100 1 129 167 136 1 0 0 0 0 117 138 118 1 86 122 82 1 77 89 68 1 47 94 87 1 119 129 134 1 135 138 146 1 139 132 114 1 100 104 94 1 116 148 127 1 138 141 108 1 145 130 128 1 103 133 79 1 103 88 100 1 103 112 77 1 88 109 92 1 128 95 90 1 124 162 117 1 107 130 90 1 0 0 0 0 129 163 112 1 163 146 113 1 167 149 135 1 177 192 161 1 198 192 172 1 0 0 0 0 203 198 167 1 206 217 182 1 232 222 183 1 240 213 174 1 232 195 163 1 215 181 174 1 194 184 177 1 204 189 203 1 210 206 159 1 204 191 175 1 203 188 178 1 183 166 120 1 172 159 149 1 154 144 136 1 145 134 110 1 154 157 117 1 138 154 125 1 136 110 93 1 107 126 66 1 122 106 96 1 0 0 0 0
70 89 66 1 59 77 61 1 89 86 81 1 76 68 78 1 80 60 39 1 117 107 108 1 159 126 109 1 164 136 145 1 158 141 128 1 123 118 113 1 110 118 139 1 128 139 129 1 125 124 109 1 109 131 134 1 0 0 0 0 128 129 112 1 0 0 0 0 89 92 72 1 40 86 49 1 97 110 98 1 93 104 120 1 89 79 79 1 90 83 68 1 91 99 72 1 92 84 88 1 92 88 99 1 63 94 74 1 91 78 68 1 56 48 48 1 95 92 90 1 126 126 101 1 169 134 118 1 185 186 160 1 209 197 183 1 205 179 161 1 203 175 178 1 0 0 0 0 235 210 183 1 215 200 189 1 235 196 204 1 220 203 202 1 207 208 189 1 235 200 188 1 203 190 149 1 0 0 0 0 170 170 145 1 176 156 166 1 170 187 137 1 169 158 147 1 143 166 148 1 173 155 147 1 141 136 130 1 132 126 104 1 116 124 101 1 141 93 100 1 150 159 133 1 0 0 0 0 141 128 103 1 125 116 81 1 112 110 67 1 0 0 0 0
57 88 59 1 49 56 75 1 51 45 64 1 0 0 0 0 61 42 44 1 130 79 68 1 174 105 122 1 0 0 0 0 211 155 173 1 194 142 143 1 166 151 134 1 155 119 127 1 137 123 122 1 112 111 103 1 127 119 104 1 130 126 114 1 70 101 115 1 26 91 74 1 66 94 77 1 91 111 99 1 108 108 91 1 85 89 99 1 97 68 92 1 103 94 66 1 77 85 76 1 68 60 61 1 70 87 54 1 51 57 77 1 46 40 61 1 116 97 129 1 139 112 127 1 173 171 180 1 197 190 188 1 227 206 176 1 204 239 184 1 232 226 196 1 0 0 0 0 0 0 0 0 234 184 211 1 0 0 0 0 186 168 123 1 142 143 122 1 150 86 104 1 124 120 112 1 121 102 127 1 85 102 77 1 113 95 104 1 110 91 96 1 104 98 112 1 134 119 64 1 124 118 95 1 143 138 111 1 128 93 88 1 97 96 99 1 125 92 84 1 142 140 112 1 148 136 130 1 152 109 109 1 124 102 96 1 0 0 0 0 120 137 113 1
43 74 79 1 58 70 61 1 44 63 65 1 115 71 67 1 108 81 61 1 167 130 126 1 180 116 144 1 191 153 153 1 255 168 165 1 147 135 121 1 0 0 0 0 131 135 124 1 0 0 0 0 139 108 107 1 108 120 124 1 115 102 117 1 68 93 115 1 58 99 79 1 39 84 57 1 102 80 109 1 110 115 125 1 98 115 108 1 86 92 65 1 0 0 0 0 86 79 72 1 77 90 72 1 65 69 69 1 56 80 66 1 53 24 50 1 99 107 115 1 147 147 124 1 174 202 171 1 201 205 196 1 200 199 173 1 191 198 163 1 215 178 140 1 188 205 172 1 181 171 152 1 166 164 146 1 154 143 129 1 178 173 149 1 141 109 119 1 130 110 89 1 116 135 88 1 105 98 80 1 92 105 81 1 91 65 93 1 103 92 65 1 91 72 78 1 114 102 100 1 110 111 94 1 132 121 121 1 110 146 121 1 145 131 117 1 121 112 119 1 160 170 142 1 161 198 145 1 0 0 0 0 182 144 140 1 169 175 137 1 191 157 160 1
0 0 0 0 60 71 77 1 12 75 33 1 97 70 96 1 82 86 69 1 213 139 124 1 215 139 144 1 219 175 144 1 254 201 210 1 152 123 127 1 0 0 0 0 128 102 81 1 114 96 104 1 94 109 90 1 131 128 136 1 114 95 120 1 83 99 90 1 61 94 76 1 48 85 46 1 0 0 0 0 100 118 129 1 85 114 86 1 81 64 75 1 77 75 75 1 65 98 82 1 59 65 58 1 0 0 0 0 75 63 70 1 78 45 87 1 124 125 106 1 142 145 152 1 186 177 153 1 161 221 173 1 165 163 122 1 134 143 127 1 174 134 122 1 164 141 109 1 131 130 109 1 120 135 111 1 137 126 112 1 127 127 116 1 132 126 136 1 127 109 87 1 128 136 100 1 111 102 78 1 83 80 75 1 100 97 79 1 90 76 66 1 94 96 76 1 110 99 78 1 108 106 67 1 124 85 79 1 135 86 106 1 146 128 104 1 146 143 128 1 173 167 167 1 188 172 171 1 205 202 193 1 212 199 196 1 213 185 155 1 229 182 170 1
40 57 66 1 0 0 0 0 58 35 63 1 118 50 76 1 0 0 0 0 190 105 143 1 221 143 178 1 252 135 144 1 255 192 183 1 148 118 128 1 161 63 109 1 119 76 65 1 152 102 87 1 107 89 110 1 144 139 123 1 0 0 0 0 85 88 78 1 83 96 79 1 42 65 83 1 84 118 103 1 87 115 104 1 84 119 103 1 68 93 111 1 0 0 0 0 65 114 72 1 89 71 69 1 52 69 51 1 55 63 38 1 73 62 77 1 126 98 124 1 135 145 128 1 166 175 157 1 159 170 160 1 159 146 110 1 143 125 122 1 126 115 105 1 136 146 73 1 0 0 0 0 113 109 66 1 121 132 83 1 133 105 95 1 114 120 83 1 93 104 86 1 88 102 87 1 92 93 77 1 83 93 80 1 101 98 53 1 135 79 47 1 103 87 63 1 109 99 92 1 100 98 101 1 112 120 81 1 126 112 105 1 133 101 118 1 133 141 117 1 179 185 140 1 181 170 149 1 223 181 187 1 0 0 0 0 192 191 179 1 184 194 181 1
68 70 71 1 34 46 39 1 20 32 16 1 0 0 0 0 128 68 76 1 153 87 82 1 200 113 79 1 193 100 98 1 190 94 112 1 129 63 62 1 129 42 75 1 76 38 47 1 71 47 46 1 0 0 0 0 106 101 92 1 98 114 123 1 93 106 75 1 75 69 97 1 91 95 97 1 72 107 97 1 45 101 94 1 67 69 104 1 0 0 0 0 0 0 0 0 73 83 71 1 0 0 0 0 57 53 61 1 0 0 0 0 36 42 39 1 50 36 47 1 45 80 75 1 63 55 64 1 77 73 56 1 0 0 0 0 79 53 41 1 66 87 46 1 0 0 0 0 0 0 0 0 53 33 43 1 59 36 24 1 59 46 27 1 92 91 67 1 105 95 98 1 98 112 90 1 114 122 67 1 129 98 87 1 100 101 58 1 89 87 62 1 106 77 42 1 115 92 72 1 102 108 69 1 83 89 80 1 74 85 45 1 90 57 47 1 57 44 42 1 72 62 75 1 86 101 61 1 87 59 62 1 94 75 61 1 77 98 46 1 0 0 0 0
92 101 115 1 94 66 56 1 60 26 34 1 132 29 28 1 119 93 51 1 164 96 102 1 190 83 97 1 170 71 88 1 168 108 100 1 154 47 62 1 102 30 45 1 71 36 49 1 92 39 37 1 98 83 79 1 80 84 87 1 0 0 0 0 79 88 124 1 83 83 134 1 93 83 87 1 69 89 119 1 0 0 0 0 65 82 80 1 69 84 89 1 68 85 66 1 57 58 66 1 61 51 82 1 79 43 82 1 43 42 60 1 39 22 51 1 35 67 61 1 59 53 73 1 54 47 47 1 0 0 0 0 55 77 58 1 0 0 0 0 73 43 46 1 70 51 63 1 0 0 0 0 0 0 0 0 45 13 51 1 0 0 0 0 42 75 59 1 100 78 91 1 89 72 66 1 101 82 113 1 82 101 88 1 91 114 72 1 84 66 67 1 48 73 91 1 56 56 54 1 80 52 59 1 0 0 0 0 62 53 28 1 48 34 34 1 43 60 47 1 41 39 45 1 27 60 41 1 65 69 54 1 62 55 56 1 61 65 49 1 66 72 81 1
102 89 126 1 80 82 59 1 0 0 0 0 152 109 102 1 190 134 137 1 185 114 126 1 204 123 116 1 209 134 143 1 233 144 158 1 0 0 0 0 129 37 34 1 106 66 63 1 75 68 77 1 63 57 92 1 76 84 90 1 74 92 119 1 78 87 87 1 60 98 95 1 73 80 87 1 50 82 104 1 56 72 71 1 59 95 64 1 52 66 79 1 68 55 65 1 55 57 75 1 59 36 53 1 40 45 54 1 38 57 61 1 37 52 73 1 0 0 0 0 57 54 73 1 58 56 76 1 63 62 52 1 69 87 57 1 64 60 53 1 93 81 71 1 84 52 85 1 56 68 61 1 48 47 34 1 81 49 35 1 50 68 19 1 82 61 51 1 80 103 87 1 90 67 79 1 70 99 87 1 68 62 67 1 79 63 79 1 61 65 81 1 68 46 64 1 97 35 55 1 62 44 53 1 39 63 48 1 39 52 54 1 53 70 43 1 66 59 56 1 59 54 32 1 0 0 0 0 46 33 53 1 67 29 51 1 0 0 0 0 82 90 59 1
120 138 138 1 101 110 107 1 81 105 68 1 179 135 109 1 215 168 171 1 228 175 174 1 218 136 161 1 217 159 148 1 234 194 202 1 171 79 81 1 135 60 61 1 0 0 0 0 118 79 66 1 77 77 55 1 63 62 63 1 62 86 70 1 72 100 94 1 77 76 87 1 74 79 71 1 35 65 59 1 52 62 105 1 43 82 69 1 39 77 73 1 55 58 50 1 41 70 52 1 40 31 78 1 46 60 64 1 0 0 0 0 36 45 50 1 53 68 67 1 64 16 84 1 58 57 51 1 69 54 55 1 69 68 29 1 67 71 79 1 89 59 55 1 84 75 73 1 74 74 65 1 68 46 62 1 52 71 61 1 61 45 53 1 93 84 67 1 87 41 57 1 0 0 0 0 75 74 61 1 71 82 67 1 65 71 48 1 53 51 34 1 0 0 0 0 73 67 45 1 61 51 27 1 65 60 18 1 53 58 34 1 44 38 17 1 84 52 34 1 89 53 32 1 38 32 45 1 46 74 33 1 60 56 42 1 47 66 60 1 62 53 37 1
51 65 78 1 0 0 0 0 40 56 55 1 147 143 99 1 209 207 175 1 220 182 160 1 183 142 162 1 177 164 146 1 0 0 0 0 124 89 86 1 113 95 71 1 125 80 75 1 107 79 82 1 80 66 78 1 63 45 53 1 63 67 94 1 85 88 80 1 56 87 74 1 88 90 71 1 55 74 53 1 59 25 89 1 0 0 0 0 36 48 52 1 62 39 63 1 51 29 48 1 0 0 0 0 15 66 46 1 48 24 41 1 19 50 47 1 42 49 61 1 38 48 50 1 42 87 48 1 42 51 64 1 0 0 0 0 60 66 53 1 64 71 83 1 87 86 56 1 62 36 41 1 54 77 59 1 96 98 39 1 89 73 77 1 64 58 68 1 53 70 106 1 82 69 49 1 78 73 62 1 62 68 38 1 45 67 46 1 40 69 45 1 45 50 35 1 46 51 58 1 17 58 54 1 45 84 61 1 60 69 44 1 58 45 50 1 47 44 71 1 46 38 68 1 54 42 63 1 31 32 39 1 49 68 54 1 46 55 70 1 60 63 80 1
48 29 61 1 27 48 12 1 39 25 32 1 126 91 104 1 167 159 172 1 183 154 142 1 167 135 116 1 166 152 146 1 171 159 157 1 112 106 80 1 121 81 80 1 94 91 96 1 114 75 79 1 69 82 91 1 61 60 64 1 51 74 93 1 56 92 84 1 54 58 98 1 50 53 82 1 58 49 60 1 0 0 0 0 54 56 97 1 35 33 89 1 46 62 53 1 47 69 64 1 0 0 0 0 65 61 70 1 30 35 47 1 31 45 53 1 36 47 57 1 0 0 0 0 61 64 41 1 54 40 18 1 74 55 38 1 57 72 58 1 76 81 58 1 75 86 61 1 84 40 67 1 58 68 52 1 0 0 0 0 82 82 60 1 61 46 61 1 74 85 56 1 46 69 51 1 53 62 50 1 69 77 25 1 0 0 0 0 45 39 72 1 56 59 60 1 58 76 56 1 49 56 66 1 68 42 67 1 0 0 0 0 54 64 40 1 67 57 57 1 43 65 52 1 28 42 60 1 43 29 67 1 37 21 61 1 65 58 78 1 0 0 0 0
41 49 33 1 38 23 26 1 36 28 24 1 62 29 27 1 107 94 106 1 162 124 109 1 157 125 115 1 157 132 111 1 162 135 135 1 95 102 99 1 93 83 82 1 98 86 91 1 108 94 76 1 89 82 77 1 73 81 61 1 56 50 77 1 59 85 86 1 71 84 86 1 44 54 71 1 42 52 71 1 48 76 92 1 40 37 45 1 56 78 71 1 49 31 80 1 38 61 39 1 39 61 46 1 54 44 63 1 18 44 41 1 38 47 51 1 40 34 58 1 49 69 71 1 41 57 70 1 69 27 52 1 60 41 67 1 61 78 61 1 69 71 54 1 79 65 84 1 0 0 0 0 70 42 49 1 70 60 45 1 80 78 77 1 53 58 76 1 68 63 79 1 74 61 74 1 66 41 49 1 61 53 43 1 56 26 52 1 66 65 56 1 0 0 0 0 51 34 64 1 63 33 49 1 55 46 50 1 65 32 58 1 57 71 78 1 52 54 45 1 36 53 48 1 29 24 47 1 59 52 74 1 57 45 68 1 75 63 94 1 60 55 76 1
66 60 79 1 34 41 41 1 13 15 11 1 27 17 19 1 62 63 37 1 99 87 56 1 130 95 91 1 95 100 88 1 103 108 103 1 114 122 92 1 87 87 107 1 0 0 0 0 70 68 71 1 0 0 0 0 63 84 71 1 63 70 97 1 61 61 133 1 61 73 75 1 55 68 85 1 62 70 80 1 64 71 54 1 29 79 72 1 62 67 64 1 45 59 61 1 31 35 60 1 26 36 65 1 37 28 56 1 58 30 68 1 35 45 41 1 0 0 0 0 0 0 0 0 38 46 67 1 0 0 0 0 67 61 62 1 74 72 55 1 57 74 86 1 84 63 65 1 85 52 49 1 51 85 66 1 55 81 47 1 74 57 66 1 50 64 48 1 46 75 67 1 0 0 0 0 54 64 46 1 55 55 63 1 35 55 59 1 58 44 70 1 29 52 45 1 59 45 43 1 53 32 51 1 43 42 55 1 44 60 46 1 48 66 57 1 54 53 44 1 15 57 65 1 30 53 62 1 46 63 59 1 39 67 33 1 67 45 77 1 62 63 92 1
51 50 42 1 57 63 61 1 32 52 36 1 43 46 35 1 30 59 18 1 79 58 54 1 94 86 57 1 91 98 53 1 114 119 84 1 76 95 94 1 77 81 79 1 56 65 81 1 84 63 72 1 47 82 73 1 48 69 68 1 48 55 72 1 0 0 0 0 43 55 82 1 46 56 57 1 39 50 63 1 33 23 67 1 38 29 50 1 32 40 62 1 33 41 37 1 29 21 42 1 61 28 63 1 30 29 62 1 23 56 56 1 65 39 47 1 54 45 74 1 46 57 61 1 48 53 40 1 0 0 0 0 94 65 52 1 87 77 78 1 54 51 49 1 75 52 84 1 0 0 0 0 45 45 55 1 76 63 54 1 85 53 71 1 75 82 56 1 33 73 43 1 90 48 76 1 67 63 62 1 74 41 36 1 76 40 46 1 59 59 84 1 64 61 30 1 51 66 74 1 0 0 0 0 58 24 46 1 0 0 0 0 59 53 71 1 48 56 60 1 68 63 63 1 0 0 0 0 61 54 48 1 39 56 63 1 45 52 47 1 48 75 54 1
37 58 74 1 56 40 67 1 59 54 51 1 70 51 65 1 48 86 62 1 66 70 73 1 91 82 63 1 97 75 82 1 95 93 106 1 101 120 86 1 78 80 53 1 47 54 88 1 71 52 59 1 39 65 64 1 41 65 36 1 29 57 73 1 42 31 51 1 40 25 46 1 27 30 38 1 14 57 33 1 23 31 65 1 24 53 17 1 13 33 33 1 49 36 29 1 15 50 59 1 0 0 0 0 35 51 54 1 26 62 46 1 54 41 40 1 55 41 32 1 60 77 86 1 55 76 53 1 57 37 70 1 80 54 34 1 54 92 70 1 68 38 78 1 54 54 92 1 80 56 67 1 64 52 60 1 58 67 73 1 67 52 74 1 67 57 80 1 64 98 54 1 68 54 69 1 69 64 64 1 79 63 59 1 55 55 57 1 63 47 81 1 76 67 77 1 42 64 46 1 71 65 61 1 50 44 66 1 45 59 62 1 52 46 63 1 70 47 66 1 0 0 0 0 0 0 0 0 34 62 64 1 0 0 0 0 59 57 69 1 64 54 74 1
63 87 50 1 68 61 55 1 25 62 46 1 55 63 59 1 67 54 76 1 120 108 102 1 94 128 147 1 112 113 120 1 107 113 101 1 92 104 91 1 87 61 65 1 45 40 44 1 58 76 78 1 66 81 88 1 61 59 72 1 61 47 21 1 48 39 64 1 32 27 60 1 42 39 48 1 13 26 60 1 22 58 30 1 17 34 49 1 0 0 0 0 22 6 46 1 55 36 47 1 29 19 55 1 59 50 53 1 51 58 67 1 53 70 62 1 49 63 80 1 0 0 0 0 85 82 57 1 84 86 73 1 77 73 65 1 89 64 67 1 75 86 89 1 82 98 110 1 93 49 80 1 61 88 63 1 100 84 66 1 74 85 75 1 74 65 69 1 88 69 91 1 66 67 82 1 94 77 71 1 70 67 87 1 59 98 63 1 92 67 91 1 68 59 70 1 68 66 75 1 62 62 71 1 66 69 74 1 55 80 82 1 64 76 60 1 71 65 72 1 51 42 70 1 39 62 80 1 60 74 55 1 0 0 0 0 44 60 48 1 0 0 0 0
93 108 102 1 90 108 109 1 95 99 95 1 119 114 94 1 103 113 127 1 160 189 158 1 153 159 168 1 132 124 147 1 0 0 0 0 83 99 70 1 0 0 0 0 52 26 41 1 63 52 64 1 59 61 48 1 53 52 45 1 22 40 37 1 33 22 39 1 0 0 0 0 39 29 23 1 16 19 55 1 34 45 34 1 9 57 31 1 32 50 27 1 28 53 48 1 42 48 39 1 38 52 49 1 15 28 61 1 59 75 50 1 0 0 0 0 66 55 74 1 80 60 47 1 0 0 0 0 0 0 0 0 0 0 0 0 92 58 106 1 78 88 76 1 64 108 89 1 101 52 70 1 84 95 90 1 85 70 84 1 86 92 105 1 99 89 97 1 87 74 88 1 97 94 109 1 105 86 86 1 71 96 66 1 0 0 0 0 103 74 71 1 101 102 100 1 92 73 93 1 87 77 85 1 76 66 97 1 62 76 78 1 89 76 83 1 75 91 96 1 79 84 58 1 83 85 75 1 56 87 68 1 78 51 90 1 0 0 0 0 69 85 105 1
134 125 169 1 116 134 108 1 132 133 140 1 133 136 143 1 136 143 129 1 182 203 205 1 169 196 171 1 161 143 172 1 128 128 105 1 60 81 86 1 0 0 0 0 14 33 40 1 33 93 86 1 85 76 79 1 56 83 62 1 26 36 31 1 18 52 37 1 38 37 33 1 29 49 26 1 19 45 44 1 44 31 28 1 35 43 38 1 47 36 63 1 17 46 45 1 16 26 38 1 59 33 49 1 36 42 50 1 49 51 67 1 55 39 68 1 72 62 68 1 91 59 80 1 52 68 85 1 0 0 0 0 83 91 72 1 75 70 80 1 85 103 103 1 66 56 102 1 83 107 48 1 66 95 72 1 0 0 0 0 75 85 93 1 0 0 0 0 116 74 67 1 0 0 0 0 0 0 0 0 91 104 69 1 95 79 71 1 69 83 89 1 71 92 90 1 91 66 104 1 95 86 109 1 95 104 92 1 81 109 114 1 104 89 96 1 82 89 79 1 81 108 92 1 91 113 111 1 121 97 104 1 95 109 94 1 95 80 103 1 111 106 106 1
139 103 126 1 104 85 112 1 91 95 131 1 127 122 114 1 105 127 107 1 135 133 133 1 155 149 149 1 116 140 123 1 0 0 0 0 51 38 51 1 30 47 60 1 35 39 42 1 60 48 78 1 80 62 74 1 54 89 60 1 23 24 30 1 16 11 28 1 10 46 45 1 19 15 12 1 30 6 14 1 50 28 40 1 27 35 27 1 0 44 65 1 22 46 20 1 24 30 46 1 42 66 36 1 38 31 34 1 59 35 44 1 72 52 49 1 65 51 93 1 55 78 79 1 97 92 94 1 78 81 105 1 86 98 84 1 71 102 86 1 66 91 77 1 78 66 97 1 93 77 95 1 87 86 92 1 92 97 64 1 115 88 94 1 86 95 95 1 101 100 87 1 99 69 77 1 81 89 85 1 73 78 59 1 81 106 76 1 91 72 115 1 77 88 112 1 0 0 0 0 77 95 103 1 70 94 85 1 81 78 95 1 71 82 103 1 86 95 78 1 115 91 99 1 86 101 97 1 97 107 103 1 81 102 88 1 94 110 77 1 95 112 96 1
100 100 86 1 91 70 85 1 91 72 103 1 0 0 0 0 0 0 0 0 98 91 98 1 84 106 89 1 70 77 99 1 62 65 70 1 55 39 64 1 35 48 44 1 35 19 42 1 78 89 103 1 0 0 0 0 57 71 78 1 15 30 27 1 41 0 27 1 0 0 0 0 25 17 24 1 38 26 36 1 24 30 67 1 12 37 43 1 4 32 29 1 34 50 38 1 33 30 49 1 46 43 52 1 38 36 49 1 0 0 0 0 44 61 74 1 64 56 75 1 0 0 0 0 72 79 72 1 65 88 92 1 63 77 92 1 64 77 66 1 0 0 0 0 68 106 84 1 69 45 87 1 0 0 0 0 71 94 65 1 0 0 0 0 70 73 95 1 0 0 0 0 77 67 89 1 61 94 82 1 90 81 121 1 68 91 96 1 67 79 73 1 57 83 79 1 78 85 82 1 77 62 78 1 0 0 0 0 97 77 91 1 80 74 95 1 71 97 68 1 87 60 95 1 72 94 100 1 0 0 0 0 84 105 101 1 0 0 0 0 89 104 108 1
85 74 64 1 89 68 76 1 62 59 64 1 80 73 60 1 58 55 101 1 74 84 71 1 0 0 0 0 75 70 86 1 55 31 44 1 37 46 63 1 50 52 73 1 19 27 63 1 89 91 112 1 95 103 104 1 76 70 70 1 11 56 6 1 20 13 25 1 0 33 16 1 21 24 30 1 24 13 18 1 28 36 40 1 19 23 33 1 17 34 17 1 35 32 53 1 28 24 57 1 24 50 41 1 35 41 62 1 25 51 33 1 43 54 74 1 66 60 71 1 55 74 75 1 35 74 88 1 0 0 0 0 66 75 74 1 51 53 57 1 92 87 69 1 65 87 94 1 46 79 82 1 77 89 104 1 75 73 92 1 76 82 91 1 70 82 97 1 78 94 97 1 60 86 57 1 90 85 78 1 53 81 118 1 73 70 77 1 85 80 93 1 85 83 83 1 79 77 102 1 63 80 103 1 74 82 90 1 67 91 95 1 69 101 100 1 0 0 0 0 75 100 96 1 60 95 96 1 65 91 102 1 67 108 97 1 72 80 65 1 68 95 84 1
64 60 50 1 0 0 0 0 75 58 73 1 65 30 67 1 56 68 74 1 58 49 45 1 56 48 61 1 51 52 31 1 20 41 31 1 37 28 44 1 52 60 34 1 30 28 38 1 101 97 107 1 132 118 123 1 99 113 104 1 18 43 37 1 37 35 32 1 35 35 18 1 17 36 47 1 53 19 23 1 41 39 32 1 47 31 60 1 27 29 52 1 25 35 57 1 0 0 0 0 46 52 49 1 23 50 58 1 41 74 47 1 48 30 54 1 60 31 61 1 77 79 78 1 82 77 81 1 0 0 0 0 51 50 49 1 38 63 76 1 78 64 93 1 63 58 64 1 84 77 101 1 92 77 104 1 100 120 108 1 105 108 130 1 87 102 89 1 59 77 67 1 83 86 89 1 63 100 69 1 53 69 76 1 85 68 65 1 57 62 93 1 78 71 86 1 75 73 82 1 85 82 88 1 54 95 81 1 59 84 99 1 65 80 104 1 90 83 82 1 97 65 101 1 70 72 91 1 69 64 97 1 56 91 110 1 52 98 67 1 74 93 96 1
83 91 59 1 72 63 76 1 86 87 85 1 60 87 67 1 62 83 67 1 91 82 86 1 71 68 81 1 43 54 59 1 16 32 83 1 40 34 38 1 35 25 29 1 48 49 38 1 0 0 0 0 149 137 154 1 95 127 100 1 39 39 57 1 37 60 53 1 34 30 30 1 45 48 35 1 42 43 36 1 58 27 43 1 0 0 0 0 37 58 45 1 45 59 48 1 32 68 19 1 43 55 79 1 32 45 57 1 20 38 63 1 33 67 61 1 60 89 82 1 45 72 100 1 72 87 71 1 47 63 87 1 57 60 93 1 0 0 0 0 61 89 101 1 73 79 85 1 105 103 118 1 103 123 110 1 104 138 147 1 77 113 154 1 119 98 125 1 76 115 93 1 69 97 101 1 40 65 93 1 64 69 81 1 79 74 89 1 27 70 104 1 65 89 69 1 54 84 79 1 44 73 94 1 73 78 67 1 40 73 83 1 82 59 69 1 60 58 110 1 66 70 90 1 57 72 70 1 65 87 94 1 71 75 101 1 54 79 104 1 57 73 86 1
51 97 72 1 69 71 72 1 57 72 69 1 58 55 68 1 65 39 67 1 58 49 70 1 41 55 55 1 57 44 52 1 46 52 18 1 50 27 45 1 46 45 39 1 0 0 0 0 85 72 90 1 100 112 123 1 88 96 99 1 83 73 61 1 79 65 73 1 87 74 87 1 65 64 60 1 34 44 67 1 54 58 83 1 43 84 70 1 63 73 87 1 68 71 98 1 52 92 99 1 78 78 78 1 81 93 88 1 0 0 0 0 76 83 85 1 68 104 99 1 82 99 122 1 78 91 100 1 68 108 107 1 105 122 128 1 98 125 125 1 0 0 0 0 103 126 150 1 107 130 112 1 92 112 126 1 75 112 112 1 0 0 0 0 113 108 124 1 47 94 93 1 61 85 106 1 79 93 101 1 99 92 98 1 49 90 100 1 57 93 101 1 76 80 109 1 98 91 82 1 0 0 0 0 70 105 121 1 64 73 87 1 66 82 80 1 89 77 85 1 79 68 125 1 66 88 95 1 0 0 0 0 62 74 100 1 66 74 78 1 75 75 107 1
42 61 76 1 62 84 67 1 0 0 0 0 65 46 59 1 64 56 70 1 14 41 67 1 34 52 91 1 36 61 43 1 54 32 64 1 42 38 36 1 34 24 13 1 34 70 71 1 66 70 77 1 115 93 108 1 94 111 100 1 55 68 66 1 0 0 0 0 55 75 79 1 73 88 83 1 62 92 76 1 0 0 0 0 72 80 84 1 55 109 79 1 79 82 73 1 65 92 70 1 66 76 94 1 61 81 109 1 83 98 100 1 85 95 118 1 89 96 114 1 88 104 126 1 80 119 97 1 113 99 101 1 0 0 0 0 116 115 147 1 108 125 133 1 124 119 136 1 97 124 143 1 95 127 120 1 109 97 141 1 92 102 109 1 0 0 0 0 0 0 0 0 97 77 122 1 83 95 105 1 58 76 111 1 93 92 107 1 99 109 108 1 64 102 93 1 76 77 129 1 75 108 101 1 63 75 107 1 92 69 124 1 77 105 112 1 79 83 120 1 94 79 103 1 87 96 86 1 80 96 106 1 89 89 121 1 58 76 95 1 0 0 0 0
84 69 43 1 66 92 66 1 62 68 50 1 46 38 65 1 61 79 65 1 53 54 33 1 36 50 54 1 33 25 57 1 41 66 38 1 52 29 89 1 54 31 26 1 53 47 53 1 77 68 93 1 74 86 104 1 0 0 0 0 46 94 100 1 70 66 98 1 83 95 101 1 71 76 97 1 54 70 70 1 71 55 85 1 64 74 81 1 71 81 95 1 92 72 94 1 73 108 78 1 72 73 107 1 84 95 122 1 89 110 108 1 109 108 125 1 103 103 139 1 113 127 142 1 102 136 140 1 87 120 105 1 97 120 136 1 74 99 117 1 105 85 130 1 88 92 120 1 0 0 0 0 99 106 102 1 80 98 127 1 78 103 113 1 74 99 107 1 61 70 102 1 81 84 106 1 62 77 79 1 81 85 106 1 76 85 90 1 73 93 88 1 83 96 102 1 68 69 103 1 81 78 85 1 59 78 99 1 46 65 92 1 90 79 101 1 73 109 101 1 77 108 131 1 72 102 100 1 94 75 100 1 74 100 125 1 89 91 128 1 88 72 90 1
0 0 0 0 87 87 78 1 78 97 81 1 73 82 83 1 64 46 49 1 39 55 53 1 54 32 69 1 49 78 50 1 0 0 0 0 18 47 51 1 49 29 32 1 37 68 49 1 51 79 81 1 77 100 73 1 77 78 80 1 57 80 89 1 58 81 84 1 81 82 84 1 82 99 86 1 56 69 89 1 0 0 0 0 41 72 68 1 44 66 84 1 121 88 111 1 89 91 102 1 98 98 114 1 0 0 0 0 123 125 145 1 134 140 151 1 133 136 145 1 145 144 149 1 0 0 0 0 107 119 136 1 70 90 104 1 59 66 109 1 74 69 103 1 70 103 112 1 87 105 100 1 64 90 115 1 69 95 112 1 84 88 96 1 92 98 89 1 83 82 100 1 66 72 101 1 57 79 120 1 78 92 95 1 82 92 100 1 47 95 88 1 63 91 91 1 78 90 97 1 85 91 102 1 73 86 111 1 81 102 116 1 0 0 0 0 0 0 0 0 91 81 85 1 100 100 111 1 61 101 95 1 77 70 113 1 72 101 116 1 72 79 101 1
52 45 43 1 53 79 80 1 46 82 48 1 84 48 63 1 73 44 73 1 36 39 49 1 41 51 52 1 69 55 63 1 68 62 71 1 49 43 69 1 53 22 41 1 19 46 23 1 25 38 56 1 66 81 70 1 76 78 107 1 98 77 69 1 69 101 81 1 79 61 79 1 80 95 98 1 86 74 83 1 80 82 106 1 105 101 115 1 0 0 0 0 112 111 133 1 136 149 114 1 103 112 138 1 134 91 125 1 106 128 124 1 95 101 116 1 104 103 114 1 73 110 137 1 94 114 103 1 64 84 109 1 64 106 89 1 73 94 107 1 75 83 87 1 59 89 110 1 0 0 0 0 71 110 94 1 70 80 97 1 73 76 80 1 75 91 95 1 75 64 96 1 71 58 111 1 72 74 95 1 64 76 99 1 65 74 75 1 72 78 91 1 61 89 88 1 73 71 108 1 58 75 103 1 0 0 0 0 70 87 97 1 79 75 94 1 102 89 122 1 104 108 116 1 89 100 90 1 100 84 103 1 68 98 85 1 78 96 104 1 91 76 106 1
54 48 31 1 71 63 61 1 57 71 48 1 58 44 61 1 60 50 60 1 15 44 36 1 65 67 58 1 42 56 59 1 56 62 66 1 55 68 61 1 39 53 44 1 0 0 0 0 56 34 47 1 54 93 92 1 40 79 85 1 51 93 91 1 74 95 74 1 0 0 0 0 66 82 93 1 64 121 97 1 91 97 108 1 118 130 120 1 109 118 134 1 0 0 0 0 123 123 147 1 100 100 178 1 89 137 119 1 85 96 123 1 90 76 113 1 0 0 0 0 81 77 131 1 67 99 129 1 72 77 107 1 95 85 122 1 86 64 105 1 50 80 91 1 83 113 82 1 70 59 101 1 0 0 0 0 58 86 85 1 61 63 90 1 58 87 105 1 0 0 0 0 91 73 77 1 56 77 84 1 87 74 76 1 78 79 75 1 77 95 86 1 107 50 105 1 57 86 82 1 71 78 85 1 80 108 104 1 70 99 100 1 75 98 123 1 88 66 118 1 88 85 121 1 83 85 69 1 84 65 108 1 89 76 102 1 0 0 0 0 86 93 112 1
36 22 21 1 66 40 51 1 69 15 70 1 39 41 40 1 31 42 33 1 47 53 59 1 19 40 55 1 37 64 70 1 68 64 73 1 62 45 71 1 50 57 42 1 45 44 68 1 47 61 56 1 77 62 69 1 0 0 0 0 76 85 94 1 86 97 125 1 103 110 121 1 113 86 144 1 105 113 130 1 106 124 124 1 112 109 139 1 113 144 131 1 97 100 138 1 114 108 137 1 83 90 110 1 0 0 0 0 79 82 97 1 84 97 125 1 108 86 119 1 80 74 106 1 80 77 115 1 82 77 123 1 111 92 133 1 103 99 111 1 51 87 116 1 75 109 109 1 66 99 92 1 76 83 91 1 0 0 0 0 79 84 90 1 59 80 100 1 87 97 111 1 0 0 0 0 79 86 91 1 78 80 94 1 79 87 87 1 70 90 98 1 66 74 89 1 89 95 91 1 84 95 101 1 0 0 0 0 81 93 87 1 81 77 100 1 53 70 96 1 61 82 123 1 76 108 97 1 57 86 90 1 80 67 111 1 70 87 98 1 61 103 111 1
26 18 12 1 28 24 23 1 23 28 26 1 40 35 23 1 47 15 18 1 56 38 37 1 50 48 50 1 0 0 0 0 55 38 45 1 49 45 45 1 33 69 50 1 43 37 65 1 64 71 71 1 0 0 0 0 88 86 67 1 91 88 97 1 114 118 100 1 123 118 112 1 127 139 111 1 106 126 130 1 113 115 133 1 148 128 117 1 127 127 131 1 99 124 122 1 99 112 118 1 72 100 78 1 84 90 85 1 83 98 112 1 86 101 83 1 68 79 90 1 0 0 0 0 97 97 106 1 90 97 93 1 87 90 99 1 74 107 108 1 98 103 72 1 100 106 109 1 108 74 84 1 103 79 74 1 77 92 101 1 85 93 84 1 91 93 81 1 74 104 95 1 84 88 64 1 72 88 92 1 75 88 71 1 98 70 99 1 80 88 87 1 78 106 82 1 85 51 93 1 94 118 95 1 94 72 88 1 0 0 0 0 70 79 103 1 0 0 0 0 86 89 84 1 73 94 89 1 79 77 100 1 87 79 85 1 94 79 94 1 89 84 98 1
116 138 84 1 128 125 120 1 121 133 109 1 108 91 86 1 0 0 0 0 107 138 113 1 111 115 122 1 139 110 110 1 110 139 105 1 128 136 110 1 119 134 128 1 145 134 109 1 112 131 146 1 105 122 131 1 118 135 145 1 148 160 142 1 0 0 0 0 135 144 155 1 141 143 153 1 128 113 115 1 117 118 139 1 0 0 0 0 108 98 92 1 81 115 116 1 104 100 110 1 98 115 98 1 73 106 104 1 100 114 96 1 98 98 103 1 79 98 85 1 85 99 93 1 109 131 108 1 110 102 101 1 90 103 108 1 97 95 93 1 96 124 134 1 103 78 95 1 87 93 105 1 105 88 90 1 85 103 109 1 93 94 101 1 98 95 88 1 106 102 102 1 91 108 64 1 99 87 94 1 88 86 112 1 97 80 91 1 96 87 129 1 97 97 129 1 99 90 110 1 88 138 129 1 104 112 139 1 92 93 92 1 106 106 105 1 112 111 97 1 105 121 96 1 0 0 0 0 91 91 98 1 0 0 0 0 77 110 93 1 81 105 90 1
178 175 174 1 164 195 155 1 0 0 0 0 161 166 169 1 155 173 130 1 175 189 172 1 184 186 156 1 189 189 146 1 184 163 155 1 180 180 142 1 174 171 126 1 169 157 150 1 0 0 0 0 152 144 133 1 153 162 144 1 147 153 142 1 157 143 148 1 184 165 142 1 183 152 137 1 144 134 116 1 123 130 134 1 129 112 101 1 0 0 0 0 119 123 114 1 122 120 121 1 131 129 96 1 107 112 113 1 106 116 99 1 102 126 98 1 0 0 0 0 102 107 89 1 94 106 96 1 103 117 109 1 126 105 104 1 111 101 107 1 131 85 110 1 98 132 103 1 0 0 0 0 119 108 111 1 110 119 82 1 111 118 83 1 105 110 110 1 112 109 103 1 108 94 102 1 123 122 105 1 0 0 0 0 121 127 98 1 133 120 115 1 120 112 107 1 0 0 0 0 106 146 108 1 98 131 94 1 109 117 131 1 0 0 0 0 90 94 116 1 133 87 121 1 95 128 92 1 89 114 108 1 132 126 112 1 121 113 96 1 120 101 90 1
198 204 174 1 186 201 161 1 201 185 175 1 175 177 169 1 196 186 146 1 205 207 164 1 172 195 167 1 185 178 170 1 202 188 173 1 188 188 177 1 200 185 177 1 193 197 192 1 0 0 0 0 0 0 0 0 188 191 145 1 201 188 180 1 0 0 0 0 175 199 161 1 192 175 167 1 168 184 134 1 161 176 168 1 159 171 171 1 150 159 157 1 162 163 156 1 162 167 145 1 0 0 0 0 160 156 163 1 160 191 154 1 172 172 172 1 132 152 137 1 153 157 147 1 167 154 171 1 180 156 158 1 145 158 142 1 147 157 157 1 137 160 147 1 132 182 126 1 124 154 145 1 151 174 155 1 162 172 148 1 174 152 152 1 154 148 146 1 176 149 158 1 160 160 155 1 0 0 0 0 155 158 158 1 180 147 189 1 0 0 0 0 142 114 131 1 123 150 129 1 160 139 150 1 142 150 140 1 141 152 145 1 127 151 134 1 142 122 136 1 150 133 154 1 138 142 137 1 136 136 107 1 129 142 114 1 144 148 155 1 126 152 151 1
213 208 193 1 0 0 0 0 189 189 165 1 186 196 174 1 196 185 159 1 210 167 175 1 205 200 202 1 186 200 185 1 187 192 166 1 170 186 174 1 188 185 169 1 190 200 182 1 176 186 186 1 175 185 192 1 192 187 183 1 186 164 166 1 191 181 172 1 184 207 161 1 148 183 169 1 191 204 187 1 166 166 189 1 147 165 152 1 184 165 171 1 193 173 167 1 191 161 167 1 178 153 159 1 160 173 170 1 194 201 179 1 0 0 0 0 187 177 152 1 167 187 176 1 158 162 160 1 168 182 187 1 168 184 136 1 177 176 152 1 182 177 181 1 161 162 171 1 181 168 144 1 165 189 179 1 167 154 168 1 173 157 186 1 174 164 166 1 156 183 146 1 190 163 164 1 153 157 167 1 0 0 0 0 161 146 164 1 179 152 176 1 153 158 161 1 152 161 178 1 157 177 158 1 163 176 157 1 140 143 154 1 138 154 147 1 142 170 160 1 151 147 120 1 181 165 148 1 150 154 149 1 145 150 146 1 161 143 125 1 167 155 145 1
187 165 165 1 213 195 188 1 198 183 160 1 232 190 151 1 0 0 0 0 199 183 174 1 0 0 0 0 0 0 0 0 190 181 177 1 204 172 185 1 212 174 164 1 205 173 181 1 206 222 180 1 189 176 163 1 195 150 174 1 227 208 171 1 189 173 157 1 0 0 0 0 192 194 167 1 0 0 0 0 0 0 0 0 183 179 155 1 183 186 166 1 180 188 165 1 189 181 176 1 176 177 174 1 197 182 174 1 202 179 186 1 194 215 171 1 206 175 184 1 196 202 194 1 197 207 153 1 206 188 183 1 177 169 168 1 199 223 183 1 184 191 202 1 203 173 178 1 207 163 183 1 190 208 201 1 194 173 181 1 193 167 176 1 218 176 203 1 205 213 175 1 214 172 178 1 212 191 174 1 209 202 187 1 167 181 164 1 175 190 161 1 175 166 177 1 178 156 168 1 175 193 166 1 0 0 0 0 154 182 180 1 183 158 137 1 184 181 173 1 161 149 154 1 187 177 157 1 167 169 154 1 152 170 163 1 170 148 152 1 152 175 160 1
191 183 174 1 196 178 163 1 188 198 188 1 182 182 169 1 180 190 160 1 194 172 164 1 196 199 170 1 185 167 167 1 205 195 174 1 202 180 191 1 211 177 159 1 175 175 157 1 188 183 171 1 189 216 154 1 161 163 164 1 195 182 174 1 180 176 178 1 183 157 160 1 0 0 0 0 178 185 176 1 193 194 181 1 184 204 190 1 192 189 196 1 187 181 189 1 188 170 180 1 188 172 172 1 0 0 0 0 186 172 157 1 178 183 191 1 209 184 184 1 179 202 199 1 198 196 192 1 0 0 0 0 197 187 195 1 202 179 192 1 213 193 181 1 175 201 186 1 207 200 189 1 184 194 174 1 0 0 0 0 0 0 0 0 203 219 176 1 195 185 147 1 174 198 179 1 196 187 171 1 203 176 173 1 197 202 173 1 172 175 169 1 187 167 171 1 187 165 194 1 210 176 182 1 180 180 173 1 183 188 182 1 169 178 163 1 0 0 0 0 185 172 171 1 187 166 191 1 179 160 161 1 171 180 190 1 205 193 175 1 194 144 180 1
212 206 178 1 187 203 189 1 180 193 192 1 203 187 169 1 206 218 188 1 216 190 186 1 196 188 199 1 0 0 0 0 221 195 187 1 192 209 177 1 206 193 202 1 193 189 194 1 175 162 193 1 0 0 0 0 194 211 202 1 204 199 181 1 189 208 197 1 0 0 0 0 166 219 201 1 196 189 165 1 198 176 217 1 175 210 168 1 200 203 158 1 179 206 190 1 178 184 176 1 178 197 194 1 188 201 183 1 0 0 0 0 194 212 176 1 184 219 190 1 192 214 209 1 196 211 171 1 188 210 173 1 190 181 183 1 192 199 175 1 213 176 169 1 201 204 189 1 221 189 195 1 0 0 0 0 200 182 185 1 203 187 166 1 198 191 178 1 193 191 172 1 192 188 171 1 196 179 174 1 192 191 173 1 202 198 183 1 205 200 206 1 190 202 180 1 188 191 201 1 192 193 178 1 190 194 188 1 200 166 188 1 210 199 177 1 180 198 181 1 188 194 192 1 209 218 171 1 0 0 0 0 205 179 187 1 181 201 192 1 209 195 181 1
201 206 175 1 185 184 195 1 195 207 204 1 192 209 167 1 216 193 165 1 190 200 187 1 191 199 197 1 0 0 0 0 187 199 195 1 227 210 167 1 211 201 181 1 226 176 181 1 198 192 175 1 191 188 197 1 206 202 195 1 200 202 183 1 179 208 188 1 198 197 190 1 195 192 176 1 199 199 201 1 225 198 212 1 202 178 189 1 206 199 201 1 186 188 180 1 0 0 0 0 208 198 173 1 200 203 183 1 187 191 187 1 176 176 178 1 186 222 178 1 191 191 194 1 198 196 184 1 185 228 196 1 189 177 194 1 196 205 189 1 0 0 0 0 198 180 172 1 181 195 180 1 201 192 172 1 194 193 163 1 193 213 166 1 222 180 176 1 178 204 184 1 175 195 180 1 217 183 198 1 185 187 168 1 173 169 177 1 215 167 195 1 203 177 168 1 193 180 189 1 216 191 187 1 190 181 179 1 188 195 178 1 177 175 154 1 186 200 173 1 185 193 175 1 194 182 188 1 185 211 170 1 193 203 175 1 195 184 171 1 179 189 193 1
186 173 165 1 181 175 169 1 199 190 160 1 185 199 144 1 178 159 172 1 183 192 166 1 201 148 176 1 179 187 184 1 191 198 181 1 176 167 187 1 199 177 178 1 180 200 181 1 183 201 193 1 211 195 166 1 192 179 156 1 198 185 182 1 213 163 193 1 203 220 186 1 194 163 193 1 189 186 161 1 0 0 0 0 182 208 192 1 207 198 180 1 182 178 200 1 181 175 172 1 199 178 205 1 194 166 197 1 198 207 166 1 194 203 192 1 177 177 183 1 174 171 189 1 179 183 176 1 201 211 169 1 194 200 190 1 205 202 201 1 186 197 167 1 212 187 185 1 199 176 203 1 198 206 172 1 176 193 188 1 199 188 158 1 206 226 175 1 189 190 187 1 205 192 158 1 199 165 191 1 178 183 178 1 180 211 172 1 0 0 0 0 184 211 181 1 189 199 181 1 190 179 182 1 0 0 0 0 205 201 178 1 201 179 192 1 0 0 0 0 196 177 187 1 200 195 193 1 204 187 185 1 169 202 167 1 216 200 191 1 181 198 176 1
160 186 178 1 0 0 0 0 170 150 152 1 178 170 174 1 174 147 169 1 181 183 167 1 163 148 176 1 201 180 153 1 141 160 152 1 201 176 177 1 174 174 165 1 164 174 173 1 169 166 163 1 180 195 171 1 154 164 164 1 186 182 189 1 177 191 183 1 181 179 162 1 178 175 180 1 186 189 188 1 184 145 197 1 166 178 180 1 181 188 181 1 167 169 177 1 0 0 0 0 194 210 203 1 224 182 214 1 191 179 218 1 213 205 194 1 197 183 181 1 175 176 170 1 201 215 214 1 196 187 222 1 206 193 200 1 208 204 196 1 206 184 177 1 220 207 191 1 223 196 180 1 185 186 205 1 230 193 193 1 187 204 178 1 202 192 178 1 209 186 199 1 223 198 166 1 181 211 179 1 209 190 166 1 179 214 195 1 177 193 195 1 219 198 198 1 189 199 175 1 190 187 198 1 213 203 207 1 198 184 202 1 212 196 207 1 201 205 234 1 201 181 197 1 196 191 200 1 202 182 193 1 187 220 206 1 188 203 185 1 209 196 173 1
129 151 134 1 142 132 149 1 135 134 139 1 126 122 127 1 136 149 129 1 124 140 133 1 127 152 146 1 119 135 162 1 130 134 138 1 122 144 131 1 117 136 126 1 151 128 117 1 156 118 149 1 131 126 117 1 141 145 146 1 132 151 132 1 127 157 145 1 0 0 0 0 109 165 158 1 0 0 0 0 143 140 154 1 149 147 132 1 126 126 148 1 149 133 151 1 141 127 143 1 150 144 138 1 153 140 154 1 160 172 129 1 144 149 146 1 155 135 140 1 136 156 144 1 143 143 153 1 158 145 159 1 0 0 0 0 0 0 0 0 164 162 150 1 142 146 158 1 160 149 139 1 160 155 140 1 153 162 131 1 139 163 134 1 157 167 163 1 0 0 0 0 194 197 161 1 149 174 164 1 174 155 155 1 161 160 141 1 153 137 155 1 168 183 175 1 168 163 166 1 170 165 140 1 174 183 182 1 176 165 169 1 0 0 0 0 183 152 178 1 179 193 177 1 171 171 169 1 185 173 170 1 191 171 162 1 196 188 164 1 183 183 170 1
98 126 132 1 121 142 155 1 131 133 157 1 136 133 150 1 138 133 141 1 0 0 0 0 144 107 141 1 129 135 130 1 132 135 152 1 0 0 0 0 111 124 153 1 123 155 141 1 88 152 123 1 128 149 137 1 113 164 134 1 138 132 126 1 0 0 0 0 119 154 121 1 0 0 0 0 117 149 144 1 0 0 0 0 115 151 152 1 126 131 140 1 120 138 147 1 120 135 117 1 137 88 126 1 149 117 124 1 123 141 150 1 113 147 130 1 118 149 137 1 121 138 149 1 121 144 154 1 138 138 149 1 123 149 158 1 121 135 162 1 116 122 148 1 131 146 162 1 119 154 151 1 131 152 134 1 132 141 140 1 140 130 117 1 0 0 0 0 135 152 134 1 0 0 0 0 135 153 167 1 138 140 173 1 136 193 161 1 148 172 171 1 123 156 166 1 163 132 151 1 135 161 165 1 150 173 159 1 0 0 0 0 160 144 159 1 0 0 0 0 124 163 171 1 142 162 151 1 155 157 167 1 145 158 158 1 149 164 184 1 142 172 164 1
0 0 0 0 0 0 0 0 117 151 135 1 121 133 146 1 115 151 133 1 105 99 152 1 132 122 133 1 120 141 155 1 122 138 162 1 0 0 0 0 113 130 152 1 113 137 144 1 126 98 156 1 131 123 147 1 131 147 132 1 104 137 169 1 112 120 139 1 132 140 141 1 130 128 159 1 119 141 154 1 131 122 133 1 125 138 137 1 118 135 156 1 0 0 0 0 116 127 141 1 140 122 148 1 134 138 134 1 124 132 134 1 153 128 161 1 139 124 163 1 98 126 152 1 136 167 126 1 144 126 149 1 131 157 142 1 0 0 0 0 153 142 142 1 141 143 127 1 130 142 139 1 138 127 140 1 125 138 148 1 142 147 133 1 146 138 161 1 149 149 174 1 130 149 128 1 127 157 158 1 122 154 134 1 121 148 151 1 146 141 123 1 127 149 149 1 132 137 140 1 147 150 133 1 157 152 142 1 129 146 155 1 137 155 144 1 127 156 149 1 136 146 138 1 142 152 176 1 0 0 0 0 144 157 158 1 173 128 140 1 153 170 156 1
114 118 149 1 0 0 0 0 0 0 0 0 115 127 147 1 109 129 147 1 126 126 159 1 132 119 151 1 131 147 137 1 121 136 157 1 133 143 157 1 145 130 153 1 138 148 149 1 150 121 167 1 141 135 152 1 115 144 141 1 139 130 138 1 140 124 114 1 0 0 0 0 129 158 140 1 116 149 159 1 150 150 137 1 120 145 138 1 106 129 144 1 132 139 148 1 0 0 0 0 156 134 152 1 0 0 0 0 128 130 120 1 124 151 138 1 132 138 135 1 145 142 153 1 103 166 139 1 114 161 144 1 107 138 137 1 143 118 152 1 100 131 163 1 115 141 154 1 124 145 130 1 138 143 160 1 134 122 114 1 133 153 137 1 112 130 126 1 111 138 139 1 116 120 135 1 128 138 128 1 127 124 136 1 126 127 123 1 119 138 126 1 142 152 157 1 130 122 115 1 133 127 145 1 135 149 142 1 131 123 133 1 111 132 144 1 133 111 122 1 128 131 157 1 144 129 146 1 123 136 156 1 139 146 151 1 115 155 149 1 154 148 136 1
121 136 132 1 136 144 157 1 129 128 146 1 124 126 154 1 124 124 134 1 111 123 157 1 131 126 143 1 109 152 131 1 124 114 148 1 94 151 134 1 130 145 129 1 115 140 143 1 101 124 148 1 105 115 151 1 98 144 142 1 101 125 125 1 110 136 134 1 113 136 129 1 89 146 108 1 108 137 154 1 109 123 149 1 91 111 109 1 109 123 146 1 125 142 135 1 84 146 149 1 131 124 153 1 106 151 123 1 130 157 126 1 133 143 135 1 88 137 133 1 0 0 0 0 110 151 142 1 128 138 134 1 93 146 145 1 119 123 160 1 0 0 0 0 137 142 162 1 117 119 148 1 109 138 159 1 112 125 140 1 0 0 0 0 110 141 147 1 121 132 139 1 119 149 154 1 122 154 120 1 109 152 142 1 0 0 0 0 130 131 145 1 115 157 137 1 115 117 154 1 115 125 137 1 107 127 124 1 137 126 148 1 131 124 136 1 121 117 156 1 112 126 131 1 85 115 162 1 119 112 154 1 128 132 149 1 119 130 144 1 121 131 148 1
146 156 169 1 124 119 160 1 118 117 145 1 130 129 152 1 123 135 150 1 135 144 126 1 0 0 0 0 123 156 159 1 107 120 131 1 131 141 134 1 117 124 145 1 121 116 138 1 100 105 141 1 110 117 83 1 103 128 121 1 97 129 129 1 100 105 117 1 115 123 131 1 86 143 148 1 91 133 126 1 123 119 117 1 99 126 142 1 102 106 118 1 113 96 117 1 99 128 104 1 108 120 127 1 106 90 149 1 122 116 119 1 100 126 132 1 118 133 132 1 83 137 147 1 128 124 114 1 111 121 157 1 125 147 144 1 99 140 138 1 0 0 0 0 126 142 134 1 127 142 145 1 118 148 145 1 112 136 154 1 0 0 0 0 122 149 142 1 131 117 161 1 125 135 141 1 127 119 149 1 108 132 146 1 121 140 137 1 0 0 0 0 114 132 125 1 120 125 138 1 0 0 0 0 112 135 122 1 105 162 131 1 123 142 157 1 133 138 139 1 110 154 140 1 134 139 157 1 123 120 129 1 0 0 0 0 98 115 159 1 126 116 114 1
170 194 219 1 179 203 183 1 184 190 193 1 180 218 165 1 182 209 208 1 167 190 177 1 180 170 173 1 0 0 0 0 167 160 186 1 155 167 136 1 157 183 165 1 173 146 168 1 146 165 161 1 0 0 0 0 151 137 167 1 129 136 147 1 129 143 116 1 123 141 131 1 0 0 0 0 119 128 139 1 121 132 119 1 144 138 136 1 111 130 132 1 0 0 0 0 123 138 119 1 129 131 158 1 102 133 128 1 129 113 120 1 125 121 100 1 102 115 158 1 83 109 130 1 119 91 104 1 127 118 146 1 126 123 142 1 126 134 151 1 112 113 131 1 122 128 162 1 135 137 129 1 123 116 146 1 116 123 145 1 111 125 155 1 84 103 145 1 128 135 134 1 105 126 125 1 108 128 133 1 130 137 177 1 114 112 112 1 0 0 0 0 115 140 134 1 124 139 136 1 107 119 145 1 92 107 137 1 121 121 150 1 137 122 114 1 0 0 0 0 143 97 147 1 124 127 131 1 112 135 129 1 112 83 139 1 136 113 152 1 128 108 126 1
0 0 0 0 181 176 212 1 0 0 0 0 169 179 197 1 169 201 207 1 187 195 223 1 165 198 178 1 167 181 208 1 168 164 189 1 182 202 161 1 176 166 200 1 185 190 168 1 176 209 178 1 184 156 184 1 149 164 193 1 179 185 172 1 143 175 183 1 170 147 145 1 151 168 176 1 150 167 165 1 149 131 174 1 137 166 148 1 0 0 0 0 134 156 164 1 143 138 156 1 118 173 157 1 149 159 149 1 126 153 149 1 152 123 169 1 122 126 130 1 0 0 0 0 118 125 145 1 123 114 134 1 115 113 152 1 123 111 150 1 96 149 149 1 0 0 0 0 118 133 114 1 119 131 122 1 123 145 121 1 126 134 142 1 125 117 133 1 112 140 135 1 0 0 0 0 107 126 135 1 101 97 141 1 114 134 122 1 123 104 127 1 116 128 156 1 111 112 133 1 120 127 143 1 112 136 128 1 85 146 130 1 118 120 115 1 118 136 148 1 112 141 115 1 139 119 139 1 105 126 135 1 122 105 118 1 104 107 153 1 110 105 164 1
148 168 173 1 224 201 208 1 185 223 184 1 197 209 232 1 199 216 208 1 180 210 210 1 182 208 224 1 193 195 213 1 0 0 0 0 195 195 223 1 214 209 215 1 0 0 0 0 180 216 213 1 205 214 220 1 0 0 0 0 205 177 204 1 217 185 185 1 170 192 212 1 179 202 184 1 182 196 216 1 210 183 214 1 180 182 224 1 179 197 194 1 186 192 192 1 178 189 188 1 173 195 196 1 0 0 0 0 180 204 211 1 168 197 207 1 163 181 192 1 181 186 165 1 154 188 203 1 172 168 180 1 156 157 163 1 0 0 0 0 175 184 173 1 167 161 174 1 158 164 188 1 0 0 0 0 131 155 163 1 163 166 176 1 0 0 0 0 142 117 162 1 117 166 182 1 161 141 151 1 125 161 157 1 123 130 138 1 132 125 168 1 138 121 155 1 140 133 132 1 120 148 159 1 115 128 142 1 122 153 166 1 115 148 142 1 127 148 168 1 0 0 0 0 120 121 147 1 116 121 138 1 95 97 139 1 101 148 153 1 92 121 135 1
74 86 119 1 192 192 187 1 0 0 0 0 212 232 207 1 185 220 229 1 216 205 229 1 204 223 209 1 197 193 220 1 189 193 224 1 211 201 191 1 200 193 232 1 223 198 197 1 0 0 0 0 207 202 180 1 216 189 218 1 171 200 199 1 197 204 214 1 224 214 194 1 214 227 202 1 211 210 202 1 194 190 194 1 202 200 188 1 200 192 216 1 0 0 0 0 187 189 214 1 202 213 197 1 211 192 208 1 211 189 197 1 219 216 175 1 214 204 202 1 203 214 201 1 0 0 0 0 207 204 220 1 207 203 216 1 191 207 192 1 187 198 183 1 202 208 193 1 183 216 175 1 196 176 179 1 184 180 200 1 172 165 198 1 197 159 166 1 177 189 210 1 186 180 188 1 174 187 198 1 161 173 181 1 0 0 0 0 166 181 181 1 159 160 186 1 153 152 149 1 169 159 165 1 146 160 143 1 119 168 144 1 152 148 143 1 152 134 132 1 132 104 140 1 0 0 0 0 135 149 130 1 120 142 140 1 0 0 0 0 133 109 127 1