2
79 220 82 65
53 19 32 1 58 30 37 1 61 30 29 1 38 6 17 1 76 43 27 1 82 31 8 1 86 34 25 1 76 44 45 1 73 50 24 1 70 25 14 1 67 45 11 1 29 0 0 1 52 22 19 1 68 0 26 1 32 16 3 1 43 28 0 1 35 18 0 1 53 25 34 1 15 11 0 1 48 14 19 1 51 34 10 1 86 21 0 1 65 29 0 1 31 0 0 1 38 28 8 1 76 33 2 1 0 0 0 0 0 0 0 0 78 22 10 1 68 37 6 1 51 35 9 1 66 35 17 1 76 34 24 1 65 36 0 1 67 15 0 1 71 24 11 1 93 31 4 1 101 57 55 1 107 78 46 1 92 55 26 1 76 17 3 1 71 23 0 1 119 8 3 1 80 44 14 1 80 57 23 1 86 36 0 1 93 51 0 1 92 39 0 1 119 73 17 1 82 36 0 1 106 48 22 1 108 42 0 1 93 21 14 1 95 24 17 1 90 26 0 1 90 17 14 1 105 39 10 1 90 35 29 1 123 48 21 1 156 65 38 1 109 66 42 1 105 69 22 1 122 49 0 1 130 50 6 1 104 67 24 1
28 30 29 1 43 17 9 1 55 36 22 1 69 36 0 1 71 63 19 1 79 47 43 1 51 28 41 1 0 0 0 0 48 36 28 1 62 32 3 1 77 35 30 1 37 0 0 1 35 2 0 1 49 20 18 1 33 31 12 1 52 13 0 1 54 25 11 1 46 32 21 1 49 23 0 1 39 0 6 1 27 0 0 1 52 26 7 1 52 25 11 1 47 30 13 1 0 0 0 0 77 23 8 1 47 13 6 1 78 21 0 1 45 8 0 1 55 14 1 1 70 36 12 1 93 62 27 1 86 56 0 1 76 23 7 1 85 30 18 1 91 50 21 1 82 41 42 1 72 32 17 1 70 31 0 1 71 38 9 1 83 58 24 1 93 42 21 1 106 53 13 1 86 57 24 1 128 67 52 1 96 62 28 1 0 0 0 0 92 65 10 1 81 41 17 1 96 28 3 1 102 44 0 1 108 54 4 1 113 40 23 1 97 59 1 1 63 32 7 1 63 40 0 1 71 48 0 1 98 60 22 1 114 77 47 1 0 0 0 0 102 44 0 1 109 54 31 1 115 50 1 1 110 44 5 1 105 53 31 1
32 0 0 1 28 3 6 1 53 0 15 1 38 24 6 1 74 42 51 1 45 40 8 1 72 40 10 1 74 7 18 1 66 7 14 1 48 32 0 1 58 23 12 1 60 17 1 1 91 17 18 1 48 9 32 1 53 32 31 1 36 4 11 1 47 31 0 1 0 0 0 0 46 0 22 1 48 0 0 1 52 0 7 1 63 18 6 1 48 16 1 1 51 22 0 1 69 38 0 1 57 18 10 1 59 16 0 1 78 46 9 1 68 47 24 1 63 33 0 1 57 48 11 1 62 18 8 1 58 34 0 1 55 0 0 1 78 33 8 1 57 59 12 1 48 10 0 1 58 14 18 1 60 0 7 1 78 25 13 1 90 38 12 1 88 46 10 1 98 51 33 1 106 20 44 1 110 81 34 1 108 78 38 1 0 0 0 0 98 22 23 1 114 55 5 1 99 39 0 1 100 55 4 1 0 0 0 0 91 30 0 1 117 39 26 1 85 55 36 1 80 34 5 1 69 37 0 1 89 5 0 1 128 65 21 1 133 91 41 1 0 0 0 0 82 14 4 1 89 53 25 1 0 0 0 0 75 40 0 1
33 36 0 1 16 0 18 1 0 0 0 0 86 56 7 1 0 0 0 0 56 46 0 1 78 55 21 1 104 48 23 1 60 33 22 1 83 48 16 1 70 0 2 1 36 18 8 1 54 23 0 1 59 6 0 1 61 25 13 1 46 0 0 1 48 13 6 1 56 14 19 1 40 16 19 1 37 5 0 1 72 13 9 1 39 36 7 1 63 21 0 1 0 0 0 0 62 40 6 1 48 19 1 1 72 54 2 1 60 53 29 1 69 39 7 1 65 23 16 1 77 14 27 1 71 41 9 1 17 20 6 1 77 34 8 1 73 31 10 1 78 39 18 1 83 45 26 1 77 31 27 1 41 24 0 1 0 0 0 0 0 0 0 0 97 83 4 1 91 46 31 1 82 57 5 1 77 37 18 1 80 49 6 1 81 65 13 1 78 51 3 1 83 21 0 1 74 32 29 1 106 31 11 1 103 58 31 1 0 0 0 0 0 0 0 0 92 21 15 1 80 21 1 1 60 15 20 1 70 36 0 1 147 74 18 1 131 85 8 1 86 12 0 1 97 37 23 1 117 42 22 1 82 41 20 1 74 40 8 1
63 0 0 1 27 24 0 1 46 14 25 1 56 12 2 1 0 0 0 0 78 17 2 1 58 59 45 1 50 55 40 1 70 60 45 1 78 42 31 1 59 13 8 1 74 16 11 1 72 44 52 1 60 39 28 1 47 31 29 1 56 14 0 1 70 0 14 1 52 13 0 1 65 37 0 1 54 31 19 1 46 7 0 1 45 19 0 1 42 17 0 1 44 15 17 1 43 49 0 1 75 0 0 1 42 39 32 1 73 21 13 1 87 43 33 1 63 35 0 1 85 27 25 1 115 43 53 1 77 67 44 1 122 64 28 1 130 85 54 1 93 50 58 1 93 46 47 1 0 0 0 0 71 38 0 1 87 28 14 1 82 33 17 1 104 44 5 1 97 59 34 1 84 61 14 1 75 2 0 1 71 53 25 1 61 50 38 1 106 50 3 1 74 9 9 1 67 29 0 1 0 0 0 0 88 10 7 1 88 38 32 1 73 15 0 1 54 34 0 1 35 5 0 1 50 0 1 1 82 64 27 1 136 97 34 1 114 72 27 1 89 13 20 1 103 27 0 1 109 29 26 1 95 48 9 1 73 38 4 1
36 5 0 1 51 21 21 1 44 31 27 1 19 0 16 1 48 25 28 1 77 42 36 1 44 60 19 1 61 34 13 1 47 21 0 1 61 35 17 1 75 50 46 1 63 35 25 1 70 37 19 1 30 42 0 1 45 31 18 1 48 23 15 1 54 10 25 1 72 32 0 1 47 19 8 1 55 22 5 1 43 6 2 1 23 0 11 1 37 19 3 1 25 40 0 1 30 8 1 1 55 6 6 1 54 11 15 1 66 1 5 1 0 0 0 0 59 9 0 1 53 47 3 1 77 54 4 1 75 22 10 1 91 31 6 1 77 40 4 1 59 20 0 1 74 23 0 1 0 0 0 0 82 17 0 1 107 68 49 1 0 0 0 0 104 44 24 1 67 52 26 1 83 21 27 1 76 29 0 1 87 44 37 1 128 56 0 1 88 19 8 1 0 0 0 0 0 0 0 0 91 52 0 1 74 33 0 1 0 0 0 0 78 17 0 1 58 18 0 1 25 16 2 1 46 0 0 1 101 50 0 1 138 82 26 1 138 56 0 1 105 31 1 1 116 36 0 1 106 71 32 1 108 61 5 1 100 62 67 1
58 29 23 1 64 31 11 1 54 52 31 1 25 9 5 1 51 37 13 1 78 58 20 1 66 30 21 1 34 33 14 1 45 23 10 1 77 37 19 1 78 37 17 1 39 47 21 1 69 41 0 1 38 31 14 1 40 29 3 1 50 6 18 1 0 0 0 0 55 27 0 1 0 0 0 0 64 22 0 1 62 30 14 1 0 0 0 0 41 0 0 1 37 7 0 1 60 21 17 1 50 31 4 1 56 35 9 1 33 55 12 1 60 25 22 1 73 27 25 1 69 47 20 1 42 47 12 1 90 13 0 1 51 57 1 1 51 25 0 1 0 0 0 0 80 34 0 1 80 21 20 1 94 63 35 1 110 97 49 1 114 68 56 1 110 49 17 1 66 19 1 1 103 34 0 1 91 57 35 1 87 29 0 1 81 32 0 1 76 29 3 1 79 22 27 1 84 24 12 1 98 30 4 1 95 59 7 1 87 45 24 1 72 42 8 1 68 47 17 1 50 11 0 1 73 18 0 1 94 73 29 1 0 0 0 0 104 29 0 1 122 70 13 1 133 75 41 1 105 58 29 1 95 43 10 1 66 39 4 1
42 41 20 1 54 53 30 1 36 40 23 1 0 0 0 0 65 31 0 1 44 37 14 1 39 63 12 1 0 0 0 0 78 35 21 1 58 9 16 1 46 17 8 1 73 13 16 1 44 30 26 1 22 11 0 1 51 18 2 1 34 3 14 1 25 15 16 1 44 0 9 1 43 20 0 1 40 17 14 1 38 27 1 1 0 0 0 0 14 33 0 1 44 19 28 1 35 5 0 1 48 15 11 1 27 25 12 1 74 42 42 1 42 20 0 1 57 49 9 1 54 36 11 1 60 19 23 1 0 0 0 0 77 56 12 1 86 34 28 1 90 58 23 1 57 19 17 1 75 33 20 1 62 45 17 1 96 18 29 1 103 53 0 1 98 7 6 1 84 36 6 1 68 47 0 1 88 66 24 1 60 49 0 1 50 27 2 1 53 23 0 1 69 48 5 1 81 30 0 1 72 33 2 1 0 0 0 0 91 31 23 1 67 43 15 1 91 35 0 1 71 12 0 1 112 61 13 1 117 50 36 1 101 56 0 1 56 32 7 1 78 32 0 1 116 57 13 1 98 26 35 1 86 0 0 1 82 20 0 1
37 8 19 1 13 9 5 1 43 18 2 1 43 0 10 1 37 49 0 1 61 16 13 1 67 6 6 1 0 0 0 0 69 47 21 1 64 27 11 1 49 33 0 1 58 0 30 1 63 16 14 1 72 19 1 1 27 4 19 1 27 14 22 1 37 10 9 1 23 20 6 1 49 20 26 1 42 0 9 1 48 14 0 1 38 20 10 1 35 0 0 1 44 23 26 1 0 0 0 0 41 14 19 1 63 43 13 1 43 37 0 1 47 2 5 1 64 37 14 1 0 0 0 0 38 23 9 1 64 66 12 1 92 55 17 1 71 23 0 1 64 20 17 1 58 25 9 1 93 39 57 1 96 53 42 1 92 56 38 1 100 70 29 1 89 54 21 1 78 36 3 1 102 59 7 1 84 62 32 1 80 46 11 1 0 0 0 0 68 18 14 1 86 28 13 1 92 38 20 1 82 33 2 1 61 37 20 1 60 22 18 1 69 56 13 1 61 38 0 1 94 44 0 1 94 53 40 1 95 29 3 1 44 7 0 1 63 0 12 1 83 18 4 1 92 66 18 1 0 0 0 0 71 9 10 1 88 10 9 1
53 18 0 1 26 1 15 1 22 0 0 1 19 0 0 1 32 19 4 1 44 33 19 1 58 30 13 1 69 24 41 1 37 31 33 1 46 15 38 1 67 19 0 1 44 28 13 1 43 26 37 1 68 48 21 1 0 0 0 0 54 26 10 1 31 0 0 1 28 14 7 1 50 6 19 1 35 33 4 1 31 33 2 1 0 0 0 0 47 16 13 1 63 8 13 1 24 18 8 1 50 21 5 1 77 15 10 1 53 18 0 1 49 15 0 1 53 34 5 1 57 40 6 1 75 49 19 1 94 52 47 1 57 21 14 1 56 43 17 1 0 0 0 0 93 48 15 1 0 0 0 0 71 30 15 1 77 60 18 1 0 0 0 0 78 27 0 1 69 19 17 1 110 37 23 1 0 0 0 0 62 48 0 1 78 38 18 1 80 32 16 1 59 32 0 1 81 34 10 1 56 33 9 1 65 53 0 1 125 63 38 1 0 0 0 0 72 72 9 1 83 67 11 1 64 29 24 1 56 16 5 1 0 0 0 0 40 0 0 1 89 31 35 1 93 69 25 1 101 50 13 1 81 30 5 1 118 84 13 1
38 15 0 1 29 24 7 1 60 43 30 1 50 7 1 1 40 39 0 1 39 18 0 1 29 0 10 1 25 0 13 1 35 0 22 1 26 0 27 1 25 10 0 1 42 17 3 1 31 26 5 1 55 32 33 1 33 46 10 1 0 0 0 0 35 8 0 1 50 29 23 1 35 12 0 1 38 4 7 1 61 19 32 1 45 13 0 1 18 17 20 1 7 18 0 1 48 26 0 1 27 14 1 1 50 12 0 1 0 0 0 0 41 22 8 1 59 18 0 1 69 24 0 1 79 47 13 1 88 32 3 1 60 46 19 1 63 41 8 1 91 30 42 1 89 42 0 1 56 23 0 1 105 63 16 1 89 74 13 1 0 0 0 0 81 35 0 1 0 0 0 0 134 69 56 1 63 17 17 1 73 37 0 1 64 24 0 1 72 21 15 1 74 46 21 1 81 23 0 1 82 74 15 1 123 40 67 1 55 28 0 1 69 38 15 1 91 41 32 1 37 75 13 1 41 23 0 1 41 27 0 1 57 0 18 1 47 0 0 1 122 75 32 1 107 32 12 1 40 19 2 1 0 0 0 0 117 47 45 1
18 0 24 1 51 25 0 1 27 0 12 1 0 0 0 1 45 16 0 1 48 7 0 1 15 10 15 1 68 24 26 1 43 28 0 1 0 0 0 0 7 11 11 1 37 0 7 1 40 0 15 1 20 28 4 1 39 0 15 1 37 15 13 1 62 19 7 1 40 14 4 1 40 0 17 1 46 4 0 1 33 13 27 1 48 20 0 1 50 5 6 1 39 13 0 1 35 13 0 1 66 28 0 1 41 0 0 1 15 10 0 1 39 0 0 1 53 30 5 1 42 30 12 1 70 42 14 1 74 31 24 1 45 26 38 1 76 23 27 1 66 55 15 1 0 0 0 0 81 55 42 1 108 63 57 1 126 33 48 1 90 53 12 1 94 65 15 1 98 94 52 1 90 69 51 1 62 31 0 1 74 10 10 1 90 44 0 1 56 11 26 1 68 37 10 1 0 0 0 0 72 37 49 1 114 50 49 1 49 31 0 1 72 25 30 1 78 59 61 1 49 33 18 1 12 11 6 1 26 0 0 1 43 33 0 1 63 21 11 1 92 62 23 1 0 0 0 0 17 7 9 1 18 0 0 1 69 57 0 1
51 60 23 1 48 24 12 1 58 0 12 1 34 34 15 1 29 17 0 1 0 0 0 0 49 27 4 1 0 0 0 0 42 18 5 1 25 0 0 1 35 4 11 1 35 0 15 1 45 11 10 1 18 6 19 1 51 17 0 1 44 12 20 1 60 22 3 1 0 0 0 0 44 23 0 1 70 19 11 1 0 0 0 0 34 15 10 1 26 3 0 1 80 31 8 1 49 23 0 1 40 25 0 1 37 46 5 1 42 28 0 1 0 0 0 0 64 13 0 1 73 25 0 1 46 23 0 1 82 42 0 1 65 28 0 1 38 8 0 1 63 31 21 1 86 10 21 1 92 37 22 1 113 53 21 1 78 33 22 1 98 36 7 1 55 53 28 1 95 57 21 1 51 46 12 1 84 27 27 1 91 42 0 1 48 16 23 1 89 34 6 1 59 31 10 1 73 13 12 1 69 24 20 1 52 16 0 1 86 32 0 1 68 55 32 1 59 43 28 1 31 0 0 1 15 0 15 1 1 15 19 1 50 0 5 1 72 35 14 1 90 31 18 1 63 43 2 1 59 0 7 1 40 0 0 1 49 5 2 1
92 59 39 1 68 47 32 1 89 55 38 1 0 0 0 0 63 34 0 1 62 43 44 1 79 18 14 1 75 46 0 1 54 17 30 1 42 30 0 1 21 14 0 1 42 19 5 1 43 8 12 1 61 21 18 1 45 11 11 1 60 30 22 1 53 25 37 1 70 27 1 1 48 44 15 1 43 10 1 1 38 17 0 1 22 11 0 1 66 0 17 1 0 0 0 0 66 18 0 1 45 38 2 1 69 37 23 1 78 59 14 1 79 63 32 1 99 37 43 1 91 53 22 1 82 53 25 1 81 51 18 1 67 49 6 1 97 39 24 1 73 32 33 1 68 54 24 1 84 55 28 1 118 49 47 1 99 50 48 1 80 39 8 1 62 0 12 1 86 44 16 1 80 50 4 1 62 68 35 1 78 15 15 1 64 28 24 1 75 63 43 1 0 0 0 0 49 44 14 1 48 22 0 1 65 29 0 1 60 77 28 1 36 50 40 1 22 9 10 1 22 0 17 1 41 0 0 1 0 0 0 0 26 0 0 1 87 68 65 1 68 50 0 1 80 2 0 1 61 22 10 1 20 4 0 1 52 13 0 1
83 40 27 1 100 103 83 1 159 109 96 1 132 113 88 1 112 104 99 1 113 65 40 1 90 64 48 1 102 40 38 1 83 44 44 1 69 59 19 1 44 59 29 1 70 16 0 1 74 36 0 1 46 10 15 1 70 0 29 1 63 21 18 1 70 2 0 1 55 20 8 1 52 18 0 1 50 0 0 1 40 23 14 1 69 17 0 1 52 16 21 1 65 30 26 1 45 9 24 1 51 23 9 1 80 0 51 1 73 64 34 1 64 14 0 1 48 45 8 1 85 24 2 1 69 53 21 1 62 32 18 1 84 62 11 1 70 55 23 1 74 61 4 1 0 0 0 0 111 70 28 1 95 46 36 1 89 58 4 1 78 37 29 1 84 51 21 1 87 62 18 1 71 35 27 1 86 49 21 1 65 39 23 1 68 39 40 1 48 19 0 1 75 41 6 1 46 41 7 1 65 42 42 1 90 67 32 1 79 25 29 1 10 8 39 1 9 0 5 1 21 35 7 1 34 28 5 1 0 0 0 0 33 4 0 1 72 29 46 1 50 27 22 1 47 26 26 1 28 16 0 1 19 21 0 1 0 0 0 0
65 44 5 1 146 59 46 1 131 101 53 1 167 121 108 1 134 118 58 1 104 66 72 1 106 39 42 1 65 40 47 1 86 56 37 1 71 48 32 1 74 27 21 1 90 49 45 1 90 37 22 1 55 54 19 1 0 0 0 0 71 65 30 1 85 31 41 1 61 50 42 1 53 39 19 1 68 40 37 1 79 27 37 1 88 36 7 1 87 9 0 1 46 5 14 1 80 18 12 1 82 32 11 1 82 38 18 1 93 53 26 1 60 20 0 1 85 23 19 1 76 43 5 1 114 23 35 1 85 18 0 1 94 54 22 1 104 59 44 1 83 58 35 1 109 77 54 1 68 32 13 1 0 0 0 0 83 71 27 1 92 47 39 1 60 51 0 1 67 53 16 1 66 44 25 1 31 35 6 1 70 36 22 1 0 0 0 0 70 4 0 1 53 10 0 1 75 45 14 1 107 42 19 1 59 52 30 1 29 31 14 1 22 0 0 1 19 23 11 1 10 11 6 1 41 3 0 1 9 5 0 1 37 6 0 1 0 0 0 0 43 0 2 1 64 26 0 1 38 22 19 1 44 11 20 1 50 24 33 1
0 0 0 0 95 84 31 1 95 38 30 1 117 43 46 1 123 59 40 1 106 43 53 1 90 76 45 1 103 66 34 1 113 69 50 1 109 41 44 1 73 66 8 1 73 33 36 1 62 35 3 1 83 23 27 1 95 71 19 1 68 60 22 1 76 61 16 1 62 42 8 1 62 26 0 1 73 46 26 1 89 27 2 1 62 42 37 1 63 12 9 1 65 48 0 1 63 48 17 1 109 34 41 1 74 55 42 1 53 28 0 1 85 63 42 1 87 62 19 1 87 45 13 1 90 36 37 1 95 26 15 1 79 35 6 1 97 34 18 1 78 24 43 1 108 80 31 1 55 32 3 1 0 0 0 0 132 63 32 1 70 73 9 1 72 37 13 1 72 29 0 1 45 30 13 1 41 27 0 1 55 15 0 1 0 0 0 0 45 15 0 1 73 44 31 1 76 48 47 1 62 33 0 1 5 7 0 1 0 0 6 1 6 6 2 1 23 0 5 1 4 16 0 1 8 0 1 1 0 0 0 0 69 0 17 1 35 48 7 1 54 19 16 1 43 26 1 1 36 23 15 1 78 33 36 1 66 36 42 1
96 39 34 1 64 68 63 1 109 69 35 1 0 0 0 0 63 84 30 1 62 33 26 1 85 70 10 1 107 90 22 1 82 74 39 1 96 77 32 1 113 50 40 1 77 35 0 1 95 66 29 1 85 52 20 1 102 42 14 1 92 52 0 1 86 59 18 1 103 58 17 1 77 37 0 1 0 0 0 0 63 45 5 1 72 55 30 1 94 43 0 1 77 57 3 1 75 79 50 1 122 79 58 1 93 53 21 1 84 30 27 1 84 55 43 1 112 46 24 1 85 81 42 1 0 0 0 0 98 22 35 1 110 55 47 1 71 43 19 1 88 35 44 1 72 50 30 1 77 60 29 1 51 42 37 1 54 10 17 1 56 34 33 1 41 30 20 1 24 0 0 1 55 13 21 1 37 14 28 1 9 6 7 1 28 16 2 1 51 16 30 1 56 23 8 1 13 1 3 1 25 9 0 1 34 0 0 1 29 0 0 1 14 25 28 1 5 15 0 1 34 28 18 1 5 0 29 1 23 23 23 1 58 23 22 1 65 50 21 1 31 11 0 1 39 4 0 1 67 32 20 1 69 61 16 1 82 32 29 1
101 59 56 1 126 62 56 1 111 70 35 1 140 70 33 1 119 64 18 1 78 32 34 1 127 83 50 1 105 75 37 1 124 51 25 1 77 23 9 1 77 55 15 1 77 46 2 1 119 54 32 1 103 72 19 1 89 59 9 1 113 63 15 1 72 57 26 1 92 51 32 1 88 39 0 1 106 61 31 1 96 38 5 1 102 90 23 1 99 57 32 1 102 75 0 1 78 42 23 1 104 59 32 1 66 50 27 1 0 0 0 0 105 54 51 1 97 65 30 1 0 0 0 0 81 43 13 1 83 59 24 1 70 29 4 1 50 38 21 1 72 45 0 1 73 29 3 1 38 40 10 1 54 4 15 1 20 0 0 1 28 0 20 1 27 19 7 1 37 0 0 1 29 5 0 1 39 1 26 1 27 21 4 1 36 37 17 1 34 10 19 1 37 40 25 1 29 0 15 1 35 0 0 1 33 10 7 1 25 26 0 1 0 0 0 1 15 0 0 1 27 15 33 1 8 0 12 1 0 10 0 1 29 0 5 1 44 31 0 1 48 28 0 1 37 10 0 1 94 36 10 1 64 33 16 1 57 14 20 1
110 65 58 1 111 43 41 1 96 52 65 1 92 58 25 1 77 61 33 1 52 54 49 1 107 61 52 1 122 67 69 1 96 60 47 1 104 52 27 1 130 85 24 1 0 0 0 0 113 61 52 1 93 53 35 1 95 47 42 1 83 17 6 1 75 61 6 1 97 25 34 1 0 0 0 0 67 54 35 1 46 21 7 1 84 45 0 1 94 48 24 1 97 47 0 1 71 49 9 1 73 48 5 1 82 67 0 1 87 48 45 1 91 69 19 1 92 50 38 1 76 70 16 1 76 27 14 1 72 63 26 1 47 39 4 1 56 32 0 1 82 21 0 1 62 28 19 1 36 14 6 1 25 6 16 1 32 0 0 1 0 2 0 1 14 0 0 1 0 1 0 1 36 12 5 1 30 20 40 1 0 0 0 0 18 26 21 1 51 4 4 1 40 14 6 1 23 16 14 1 0 14 0 1 18 13 1 1 41 26 0 1 47 0 0 1 0 16 18 1 11 0 34 1 0 12 20 1 0 0 0 1 9 9 0 1 31 15 6 1 60 21 16 1 60 49 14 1 81 54 41 1 0 0 0 0 41 0 25 1
101 58 39 1 127 73 60 1 90 50 36 1 113 59 33 1 112 56 52 1 0 0 0 0 89 51 35 1 104 53 14 1 87 35 21 1 77 73 31 1 100 72 60 1 78 45 10 1 76 55 0 1 86 55 2 1 0 0 0 0 62 26 22 1 113 65 10 1 105 28 40 1 112 47 26 1 70 66 39 1 0 0 0 0 115 82 49 1 0 0 0 0 92 52 12 1 79 43 38 1 96 34 22 1 109 56 26 1 110 65 46 1 88 66 53 1 73 23 24 1 58 53 11 1 78 59 51 1 84 44 6 1 78 42 15 1 38 35 0 1 74 9 18 1 57 0 0 1 0 11 30 1 13 0 0 1 0 0 0 0 31 0 0 1 36 1 0 1 11 0 0 1 24 0 0 1 30 24 22 1 1 13 0 1 3 8 0 1 15 0 0 1 11 7 11 1 9 0 0 1 0 0 0 0 22 23 3 1 45 6 0 1 71 9 0 1 17 3 19 1 0 7 31 1 17 4 10 1 19 0 13 1 16 0 0 1 36 0 10 1 0 0 0 0 74 32 0 1 80 44 50 1 34 14 0 1 30 0 0 1
117 49 34 1 84 35 31 1 100 12 0 1 84 23 35 1 96 67 32 1 78 29 36 1 0 0 0 0 92 49 25 1 63 38 25 1 114 68 46 1 120 64 27 1 70 55 0 1 70 43 14 1 76 75 33 1 88 61 44 1 72 35 29 1 82 34 47 1 94 78 16 1 0 0 0 0 91 41 0 1 0 0 0 0 125 96 68 1 112 61 20 1 117 54 20 1 104 54 30 1 70 63 0 1 89 23 34 1 85 66 18 1 94 44 25 1 83 62 65 1 99 32 26 1 80 59 23 1 67 55 11 1 66 62 57 1 55 16 0 1 38 0 0 1 12 17 1 1 30 12 15 1 10 3 2 1 16 0 1 1 0 0 1 1 16 0 10 1 7 0 0 1 4 29 36 1 11 32 14 1 0 0 0 0 0 0 27 1 12 0 2 1 18 13 0 1 0 18 22 1 15 26 4 1 24 14 20 1 37 49 0 1 59 28 0 1 26 10 29 1 8 22 14 1 5 13 11 1 9 18 13 1 60 6 25 1 51 22 21 1 62 54 3 1 62 28 40 1 37 33 34 1 22 15 0 1 0 0 0 0
62 72 59 1 85 49 0 1 76 53 16 1 62 66 19 1 91 49 26 1 105 38 24 1 104 74 8 1 113 73 47 1 112 56 39 1 114 68 25 1 92 77 12 1 97 52 12 1 86 57 16 1 108 75 24 1 76 51 43 1 98 46 30 1 104 76 36 1 117 84 31 1 104 60 25 1 79 23 48 1 60 64 22 1 86 47 14 1 95 60 39 1 102 36 15 1 69 57 23 1 111 46 44 1 89 57 54 1 89 56 57 1 0 0 0 0 101 89 37 1 110 76 47 1 79 50 29 1 83 39 0 1 0 0 0 0 68 44 4 1 81 3 9 1 26 0 0 1 15 10 0 1 24 0 0 1 20 0 0 1 12 8 22 1 0 9 3 1 0 0 0 0 7 10 32 1 3 18 39 1 0 4 0 1 0 0 0 1 13 3 4 1 6 0 0 1 6 12 20 1 22 0 6 1 0 0 0 0 58 68 0 1 38 18 11 1 25 1 0 1 14 0 5 1 6 3 22 1 28 31 18 1 36 20 37 1 40 25 15 1 46 17 14 1 34 10 0 1 0 0 0 0 31 13 0 1 45 31 14 1
60 30 40 1 88 51 21 1 90 41 15 1 115 66 59 1 76 69 18 1 74 56 2 1 91 49 19 1 103 52 44 1 106 61 39 1 112 57 20 1 116 102 75 1 114 76 44 1 108 68 48 1 103 88 15 1 86 64 54 1 103 63 19 1 115 68 39 1 104 77 51 1 0 0 0 0 81 59 44 1 84 58 26 1 102 61 40 1 101 83 45 1 97 53 28 1 93 48 42 1 103 85 34 1 98 57 41 1 95 87 44 1 106 82 48 1 0 0 0 0 92 68 38 1 87 76 16 1 86 65 19 1 88 46 30 1 88 63 12 1 0 0 0 0 39 32 27 1 31 2 0 1 35 0 2 1 9 5 10 1 0 0 22 1 4 6 1 1 5 0 16 1 0 0 0 0 0 0 3 1 2 9 5 1 3 0 5 1 13 10 16 1 3 24 0 1 14 4 0 1 0 8 32 1 10 0 6 1 61 30 26 1 33 16 13 1 39 0 0 1 26 8 6 1 23 12 17 1 27 10 6 1 33 0 21 1 37 15 1 1 24 30 22 1 47 15 5 1 57 37 32 1 25 19 21 1 52 30 47 1
84 31 24 1 95 20 5 1 75 34 8 1 85 70 54 1 89 41 13 1 65 33 20 1 103 50 24 1 83 69 5 1 48 43 26 1 96 67 49 1 123 70 36 1 101 64 45 1 0 0 0 0 87 65 34 1 86 53 14 1 112 59 12 1 106 64 29 1 101 59 14 1 90 60 37 1 100 78 57 1 89 40 48 1 81 79 24 1 98 56 22 1 94 34 7 1 107 55 25 1 118 65 44 1 106 98 38 1 138 112 51 1 82 56 34 1 0 0 0 0 90 69 25 1 85 71 31 1 106 40 46 1 92 83 22 1 87 63 27 1 110 62 51 1 72 19 15 1 47 9 20 1 12 17 0 1 2 23 4 1 24 0 0 1 4 0 0 1 26 22 0 1 0 0 0 1 0 0 13 1 0 4 0 1 1 0 0 1 17 0 9 1 0 0 0 1 0 0 0 0 7 16 2 1 10 24 10 1 49 20 23 1 0 0 0 0 14 0 0 1 17 6 4 1 28 15 37 1 37 20 27 1 31 15 11 1 21 0 16 1 0 0 0 0 45 19 0 1 31 17 16 1 0 0 0 0 30 0 32 1
108 88 52 1 98 78 45 1 77 50 23 1 101 58 56 1 81 80 15 1 0 0 0 0 97 77 30 1 93 44 12 1 94 59 46 1 128 103 64 1 108 79 47 1 133 61 38 1 83 38 12 1 69 47 29 1 89 55 10 1 85 45 19 1 92 61 49 1 85 49 10 1 87 65 21 1 110 65 44 1 78 65 1 1 74 52 39 1 91 85 36 1 101 70 52 1 120 61 50 1 121 80 38 1 109 65 57 1 0 0 0 0 98 82 39 1 85 52 56 1 80 62 0 1 119 81 60 1 104 74 54 1 69 37 9 1 96 35 15 1 99 54 1 1 63 42 41 1 44 24 13 1 32 14 10 1 7 25 8 1 14 0 0 1 0 5 0 1 14 3 0 1 0 0 0 1 8 0 5 1 0 0 0 1 0 16 1 1 4 22 0 1 11 1 5 1 0 0 12 1 13 4 0 1 25 34 29 1 0 0 0 0 37 18 22 1 0 0 0 0 0 0 0 0 9 1 10 1 39 0 21 1 17 44 15 1 55 7 12 1 40 12 2 1 25 19 12 1 37 21 18 1 20 19 15 1 37 6 0 1
97 68 43 1 68 54 25 1 51 27 6 1 94 14 8 1 103 55 36 1 111 66 60 1 102 74 40 1 95 48 29 1 75 51 10 1 111 62 58 1 71 36 0 1 108 49 21 1 0 0 0 0 109 47 8 1 93 67 35 1 95 35 11 1 126 61 36 1 104 70 63 1 97 78 33 1 127 79 53 1 132 87 56 1 117 71 21 1 127 56 41 1 99 57 42 1 122 68 48 1 109 94 46 1 0 0 0 0 104 115 31 1 103 55 24 1 120 47 26 1 91 83 53 1 127 77 22 1 87 53 12 1 104 75 10 1 97 65 25 1 84 75 39 1 93 74 48 1 89 76 32 1 48 27 0 1 63 2 8 1 8 14 22 1 0 0 0 0 16 0 10 1 23 0 2 1 27 0 17 1 16 0 0 1 4 0 0 1 21 24 10 1 1 0 20 1 0 0 0 0 11 7 2 1 9 11 0 1 40 0 5 1 24 2 5 1 0 0 0 0 22 6 0 1 2 0 18 1 17 18 11 1 37 0 6 1 8 0 12 1 66 2 29 1 34 10 7 1 21 8 25 1 45 0 1 1 34 0 0 1
68 20 15 1 39 31 0 1 61 23 4 1 45 36 21 1 68 49 4 1 93 51 39 1 120 70 30 1 69 53 35 1 78 51 0 1 107 85 48 1 89 66 18 1 65 36 22 1 78 69 24 1 89 54 20 1 114 71 41 1 89 46 24 1 116 50 54 1 108 46 40 1 99 66 0 1 89 43 16 1 103 76 26 1 114 53 11 1 97 58 32 1 125 69 50 1 138 80 23 1 123 77 51 1 132 105 64 1 112 95 27 1 78 21 25 1 104 74 17 1 95 80 44 1 111 54 43 1 96 65 45 1 0 0 0 0 87 69 29 1 0 0 0 0 80 78 54 1 97 51 32 1 62 63 41 1 57 14 27 1 61 3 1 1 33 10 1 1 0 0 0 0 30 0 21 1 30 20 0 1 21 15 0 1 14 26 5 1 3 7 0 1 5 3 0 1 8 0 0 1 6 3 0 1 0 0 0 0 19 0 0 1 34 3 0 1 0 0 0 1 0 0 0 1 25 19 1 1 42 3 3 1 36 10 0 1 29 0 8 1 35 27 1 1 29 8 0 1 27 30 11 1 32 10 9 1 8 9 23 1
47 1 0 1 72 25 16 1 72 28 31 1 91 54 61 1 103 38 9 1 61 73 48 1 0 0 0 0 75 43 17 1 83 67 8 1 120 47 57 1 69 57 32 1 0 0 0 0 89 71 39 1 75 52 29 1 91 71 27 1 97 49 31 1 111 67 16 1 113 55 54 1 123 59 71 1 90 50 16 1 94 53 8 1 119 61 43 1 122 95 67 1 91 91 7 1 0 0 0 0 0 0 0 0 0 0 0 0 76 25 0 1 145 78 73 1 80 60 41 1 0 0 0 0 103 65 43 1 119 54 44 1 108 41 17 1 0 0 0 0 88 31 10 1 62 58 18 1 109 54 23 1 112 53 41 1 90 33 14 1 47 63 10 1 46 42 21 1 29 16 17 1 25 0 0 1 24 0 20 1 10 16 0 1 19 0 0 1 0 0 22 1 0 5 7 1 22 0 9 1 6 0 2 1 15 12 0 1 15 11 0 1 56 27 28 1 31 19 51 1 19 27 21 1 15 13 17 1 42 0 22 1 40 0 13 1 18 0 2 1 48 0 1 1 10 4 11 1 25 0 22 1 40 24 27 1 24 13 6 1
69 20 0 1 79 55 15 1 0 0 0 0 97 76 39 1 0 0 0 0 102 48 34 1 83 31 13 1 95 64 2 1 92 53 0 1 111 43 29 1 87 56 15 1 89 54 2 1 79 59 25 1 0 0 0 0 116 57 53 1 92 58 41 1 78 84 22 1 127 69 46 1 116 71 47 1 92 56 35 1 111 47 21 1 126 58 54 1 103 76 66 1 120 90 38 1 118 89 43 1 113 86 65 1 154 101 58 1 126 76 36 1 129 104 31 1 112 82 46 1 122 79 28 1 138 93 71 1 129 59 60 1 116 70 38 1 87 73 37 1 112 79 30 1 102 54 36 1 87 72 16 1 102 48 36 1 112 48 43 1 65 16 16 1 64 52 33 1 71 29 0 1 16 0 0 1 9 0 0 1 0 0 0 0 6 13 0 1 9 0 8 1 18 21 0 1 16 0 0 1 0 0 0 0 0 0 0 0 85 64 39 1 79 41 79 1 80 95 58 1 77 66 51 1 67 38 59 1 83 54 23 1 46 41 2 1 46 18 25 1 0 0 0 0 4 4 13 1 7 0 0 1 0 0 0 0 67 0 20 1
83 31 0 1 79 15 19 1 63 50 6 1 47 25 20 1 63 61 2 1 93 37 18 1 101 48 12 1 94 47 27 1 103 52 44 1 0 0 0 0 108 56 19 1 95 56 20 1 102 50 27 1 113 83 35 1 91 89 20 1 105 72 48 1 93 55 43 1 105 99 42 1 137 83 34 1 103 75 36 1 124 82 69 1 117 82 11 1 113 69 36 1 117 97 36 1 95 52 38 1 93 53 33 1 125 53 44 1 94 24 20 1 92 58 33 1 90 65 40 1 144 84 57 1 150 79 33 1 76 80 20 1 65 39 25 1 85 52 21 1 53 37 9 1 91 87 25 1 128 65 35 1 112 50 29 1 108 47 10 1 73 39 30 1 68 33 22 1 40 73 0 1 41 6 7 1 16 0 0 1 42 27 0 1 38 8 0 1 20 20 17 1 0 16 13 1 34 23 29 1 32 2 14 1 35 29 25 1 9 9 0 1 20 1 19 1 21 40 19 1 0 0 0 0 2 9 17 1 8 11 0 1 50 8 0 1 41 26 18 1 30 2 0 1 51 0 11 1 42 0 5 1 25 13 5 1 49 0 0 1
100 35 10 1 0 0 0 0 74 55 29 1 78 49 5 1 107 59 25 1 98 46 22 1 83 79 39 1 104 54 65 1 93 65 27 1 130 93 64 1 118 87 38 1 119 45 26 1 89 71 40 1 102 60 43 1 88 55 0 1 98 79 44 1 101 67 21 1 113 86 19 1 86 77 33 1 109 74 34 1 129 86 33 1 99 69 13 1 126 76 34 1 137 96 55 1 123 69 22 1 124 60 34 1 110 81 58 1 97 52 16 1 118 86 60 1 135 75 41 1 118 119 68 1 138 93 55 1 84 63 39 1 103 71 24 1 113 65 39 1 87 64 26 1 83 72 8 1 0 0 0 0 104 60 0 1 77 40 0 1 98 47 42 1 86 61 34 1 0 0 0 0 75 49 0 1 22 20 0 1 25 25 0 1 43 34 5 1 40 23 27 1 9 33 0 1 1 0 0 1 0 13 7 1 19 0 7 1 15 1 10 1 15 0 38 1 0 13 0 1 11 12 0 1 6 9 3 1 28 0 0 1 0 0 0 0 50 25 43 1 71 53 46 1 42 59 48 1 26 4 2 1 37 0 0 1 32 0 16 1
61 26 7 1 71 48 12 1 82 23 10 1 88 33 2 1 65 52 14 1 0 0 0 0 0 0 0 0 89 26 16 1 66 36 0 1 100 69 37 1 94 60 0 1 88 49 29 1 112 81 37 1 120 61 41 1 0 0 0 0 100 74 38 1 105 84 60 1 134 107 64 1 114 84 35 1 119 96 74 1 0 0 0 0 101 53 34 1 117 69 48 1 116 89 31 1 111 39 19 1 108 97 43 1 130 76 83 1 111 82 14 1 0 0 0 0 98 76 28 1 90 38 27 1 0 0 0 0 0 0 0 0 83 57 42 1 102 47 31 1 77 34 15 1 96 57 15 1 86 74 24 1 110 71 1 1 105 36 10 1 89 60 12 1 107 43 20 1 67 44 0 1 49 0 0 1 38 14 11 1 13 34 23 1 24 0 0 1 17 0 10 1 6 7 0 1 0 8 0 1 33 28 5 1 15 0 0 1 11 14 0 1 0 0 0 0 32 9 0 1 14 22 0 1 3 2 0 1 15 6 0 1 0 0 0 0 28 8 0 1 44 52 28 1 60 36 41 1 39 17 0 1 16 15 0 1 34 29 0 1
52 40 44 1 88 42 18 1 70 49 15 1 79 2 29 1 95 41 57 1 107 45 48 1 77 42 31 1 90 69 32 1 92 60 46 1 86 51 27 1 131 63 24 1 79 41 19 1 112 101 39 1 91 66 34 1 96 74 29 1 105 71 27 1 110 93 31 1 112 80 27 1 96 65 19 1 92 94 29 1 103 101 37 1 104 63 53 1 115 68 11 1 82 35 0 1 88 55 24 1 110 77 19 1 120 66 41 1 112 51 27 1 119 70 22 1 121 57 45 1 150 65 45 1 108 94 77 1 117 89 55 1 112 61 34 1 123 39 35 1 114 37 29 1 106 81 42 1 118 62 10 1 75 69 3 1 58 54 30 1 86 55 0 1 76 39 27 1 86 51 50 1 90 41 23 1 45 18 36 1 19 0 23 1 19 1 11 1 0 12 0 1 9 0 8 1 29 0 3 1 0 17 6 1 13 0 0 1 0 0 0 1 5 3 0 1 10 17 8 1 0 0 0 0 13 10 8 1 17 0 8 1 26 12 0 1 15 18 0 1 40 21 0 1 77 38 56 1 89 29 20 1 45 0 5 1 86 28 0 1
58 20 0 1 43 14 0 1 37 19 26 1 42 10 2 1 60 29 3 1 53 26 8 1 88 44 21 1 78 27 38 1 94 54 44 1 0 0 0 0 90 58 30 1 106 78 37 1 118 66 41 1 105 89 38 1 122 67 34 1 114 59 44 1 135 68 13 1 107 69 38 1 117 64 29 1 102 69 29 1 98 75 59 1 105 60 48 1 119 65 50 1 92 57 26 1 115 43 22 1 97 74 31 1 101 65 40 1 95 75 21 1 83 75 21 1 0 0 0 0 111 66 33 1 110 56 55 1 81 60 50 1 82 63 41 1 123 57 42 1 103 43 46 1 94 56 31 1 103 49 34 1 84 49 15 1 87 38 14 1 78 44 1 1 94 46 39 1 77 64 29 1 74 42 32 1 62 47 22 1 0 0 0 0 39 19 0 1 9 0 20 1 8 0 10 1 11 5 0 1 26 24 9 1 13 7 2 1 0 0 0 0 7 16 3 1 19 10 0 1 12 0 0 1 0 0 0 0 18 8 10 1 34 0 0 1 48 35 0 1 13 0 0 1 61 32 39 1 84 30 24 1 57 1 6 1 105 63 33 1
31 0 21 1 39 0 0 1 57 7 16 1 12 14 18 1 30 11 0 1 38 10 0 1 29 17 4 1 46 19 21 1 0 0 0 0 56 43 24 1 68 30 11 1 70 44 26 1 106 48 46 1 97 78 39 1 107 70 40 1 132 76 49 1 145 62 53 1 102 72 47 1 116 79 40 1 0 0 0 0 116 81 7 1 0 0 0 0 0 0 0 0 125 73 32 1 140 70 36 1 134 59 6 1 115 69 22 1 0 0 0 0 113 94 40 1 118 58 37 1 93 80 39 1 102 32 23 1 109 52 11 1 92 65 31 1 77 46 36 1 85 29 12 1 105 99 42 1 119 64 34 1 102 75 59 1 109 42 15 1 78 69 24 1 135 65 20 1 69 63 2 1 89 35 17 1 0 0 0 0 76 31 0 1 19 2 0 1 19 13 0 1 0 3 6 1 0 49 0 1 7 0 0 1 0 10 0 1 0 10 13 1 14 23 23 1 0 0 0 0 20 0 0 1 2 12 3 1 13 1 6 1 28 0 0 1 52 20 25 1 23 10 1 1 57 29 5 1 55 7 0 1 101 31 11 1 144 68 20 1
3 0 0 1 7 0 6 1 0 0 0 0 21 14 9 1 0 0 0 1 53 0 0 1 41 0 2 1 28 0 2 1 32 0 0 1 28 0 0 1 35 13 0 1 44 14 24 1 57 36 0 1 59 29 28 1 87 35 7 1 68 61 17 1 109 70 41 1 106 60 37 1 94 53 40 1 102 76 56 1 102 49 20 1 103 75 16 1 122 73 20 1 106 64 48 1 100 54 13 1 82 21 0 1 106 27 0 1 102 32 19 1 0 0 0 0 103 50 42 1 100 66 0 1 86 42 19 1 123 66 44 1 0 0 0 0 0 0 0 0 112 57 60 1 84 37 6 1 96 59 1 1 90 36 18 1 111 49 9 1 101 39 15 1 112 53 23 1 81 58 40 1 0 0 0 0 66 61 81 1 90 57 17 1 65 40 8 1 0 0 0 0 0 0 0 0 7 16 6 1 28 0 0 1 16 14 0 1 0 0 0 0 1 0 4 1 8 9 19 1 8 22 0 1 69 18 23 1 6 4 6 1 46 8 20 1 12 0 0 1 22 0 0 1 33 0 10 1 86 56 9 1 95 63 30 1 95 43 1 1
0 17 6 1 15 6 0 1 8 2 5 1 2 27 0 1 24 4 16 1 0 4 26 1 11 0 0 1 0 0 21 1 14 28 0 1 0 0 3 1 18 0 9 1 0 6 0 1 11 0 27 1 53 22 0 1 51 16 7 1 70 53 0 1 62 33 5 1 67 19 14 1 56 55 25 1 87 51 27 1 116 67 25 1 101 60 16 1 112 65 48 1 104 70 20 1 0 0 0 0 87 56 7 1 100 57 15 1 112 77 19 1 112 51 16 1 68 70 13 1 82 51 11 1 110 50 26 1 110 57 20 1 103 40 41 1 0 0 0 0 113 46 10 1 79 67 29 1 99 55 9 1 87 45 19 1 84 65 17 1 84 57 6 1 0 0 0 0 99 21 15 1 101 55 12 1 85 45 47 1 81 35 61 1 30 34 29 1 38 21 0 1 12 0 0 1 15 4 0 1 9 0 4 1 13 13 0 1 0 1 6 1 15 0 16 1 18 10 14 1 33 30 20 1 72 10 14 1 40 44 4 1 40 26 5 1 27 0 25 1 0 0 0 0 50 45 16 1 118 75 38 1 132 54 39 1 92 84 2 1
0 0 15 1 0 22 3 1 0 0 4 1 0 27 0 1 0 0 8 1 17 30 3 1 14 0 6 1 1 21 16 1 37 27 0 1 22 7 0 1 32 16 0 1 1 12 0 1 24 5 0 1 34 0 0 1 35 0 22 1 15 0 27 1 28 21 0 1 27 26 0 1 62 14 6 1 19 11 11 1 70 38 42 1 91 70 12 1 110 80 47 1 0 0 0 0 114 83 47 1 95 89 19 1 86 64 13 1 78 36 53 1 87 36 12 1 107 67 17 1 105 53 38 1 101 29 2 1 84 72 44 1 95 63 11 1 104 69 33 1 115 39 22 1 113 68 17 1 96 56 35 1 86 67 21 1 96 41 26 1 101 47 22 1 74 32 19 1 106 52 19 1 75 67 25 1 64 48 25 1 68 41 25 1 0 0 0 0 52 4 0 1 0 0 0 0 18 0 0 1 0 0 0 0 0 0 0 0 10 1 12 1 11 8 2 1 5 0 4 1 25 0 18 1 36 18 8 1 74 51 23 1 72 43 10 1 41 39 7 1 0 0 0 0 127 63 42 1 0 0 0 0 0 0 0 0 96 1 0 1
26 24 0 1 45 0 12 1 45 0 3 1 27 0 0 1 6 10 11 1 1 28 12 1 18 13 5 1 0 16 22 1 11 0 10 1 25 0 0 1 12 18 1 1 1 0 1 1 3 0 0 1 27 9 6 1 13 0 0 1 6 0 0 1 10 6 5 1 30 0 10 1 20 3 31 1 13 0 23 1 43 16 9 1 63 13 36 1 78 68 31 1 56 31 43 1 0 0 0 0 95 46 55 1 96 78 31 1 81 52 45 1 96 37 22 1 90 77 17 1 98 69 7 1 108 63 38 1 103 75 59 1 103 66 9 1 83 30 17 1 83 39 23 1 81 55 14 1 101 28 3 1 91 53 14 1 78 31 25 1 57 38 5 1 63 62 0 1 0 0 0 0 68 57 31 1 83 48 53 1 91 41 39 1 60 36 31 1 39 10 12 1 0 7 0 1 0 0 0 1 9 0 2 1 18 0 16 1 8 11 12 1 22 0 20 1 17 0 0 1 8 0 11 1 0 0 0 0 0 0 0 0 95 44 40 1 0 0 0 0 88 57 28 1 88 49 31 1 83 41 39 1 94 35 23 1 47 16 17 1
50 8 0 1 25 27 1 1 26 0 0 1 20 0 0 1 0 0 0 1 0 0 0 0 0 4 0 1 13 43 14 1 0 0 0 0 24 0 10 1 0 25 0 1 23 0 0 1 11 0 0 1 25 40 14 1 4 0 21 1 23 5 0 1 33 7 21 1 7 8 17 1 18 22 10 1 16 0 4 1 0 0 0 0 40 18 0 1 52 11 0 1 41 17 12 1 43 34 27 1 63 30 33 1 71 37 0 1 49 40 8 1 70 33 20 1 76 61 34 1 103 40 14 1 0 0 0 0 114 51 16 1 102 87 26 1 102 30 10 1 87 37 3 1 81 48 34 1 93 57 15 1 85 55 24 1 66 39 1 1 97 36 0 1 66 48 0 1 92 40 33 1 69 52 30 1 115 46 36 1 78 68 24 1 61 36 43 1 40 20 1 1 16 0 0 1 14 13 21 1 17 13 0 1 27 3 8 1 0 5 10 1 0 0 7 1 26 0 9 1 8 11 0 1 42 0 4 1 57 7 0 1 86 16 0 1 93 50 46 1 61 8 10 1 67 18 0 1 85 34 0 1 94 18 19 1 0 0 0 0
115 77 38 1 0 0 0 0 92 76 34 1 99 61 24 1 0 0 0 0 22 16 7 1 66 0 0 1 23 10 0 1 30 0 0 1 31 10 0 1 23 12 0 1 13 0 23 1 23 0 0 1 26 13 0 1 27 28 0 1 19 45 0 1 28 0 1 1 25 12 15 1 20 14 0 1 0 16 0 1 0 0 0 1 0 0 24 1 0 0 5 1 0 1 21 1 22 20 0 1 12 27 22 1 12 29 0 1 34 35 2 1 86 42 22 1 0 0 0 0 53 50 17 1 82 59 21 1 0 0 0 0 110 52 36 1 108 33 23 1 75 24 20 1 83 33 53 1 74 50 20 1 63 46 15 1 74 44 13 1 82 40 0 1 98 48 2 1 73 31 45 1 95 49 37 1 97 69 33 1 106 41 36 1 84 32 34 1 47 16 11 1 55 2 16 1 8 0 0 1 6 6 5 1 17 5 25 1 19 0 0 1 17 27 25 1 0 0 8 1 23 5 4 1 62 26 1 1 71 45 7 1 73 10 19 1 101 42 10 1 73 26 1 1 80 16 30 1 71 10 4 1 96 19 13 1 66 0 0 1
115 57 31 1 103 68 49 1 111 48 32 1 114 61 25 1 103 62 36 1 102 42 42 1 0 0 0 0 63 22 39 1 34 28 0 1 67 19 19 1 57 20 23 1 55 26 14 1 28 0 0 1 30 5 0 1 9 9 13 1 0 0 0 0 4 0 4 1 9 11 0 1 25 13 0 1 22 18 0 1 18 0 0 1 20 0 14 1 0 7 8 1 42 6 0 1 4 35 0 1 25 1 8 1 52 10 13 1 41 9 15 1 42 28 13 1 44 28 0 1 38 55 50 1 72 39 10 1 90 42 14 1 84 31 21 1 101 34 12 1 77 28 4 1 67 34 9 1 76 44 9 1 103 29 30 1 95 44 0 1 70 38 17 1 60 45 0 1 67 20 10 1 75 47 24 1 69 52 36 1 83 53 0 1 0 0 0 0 49 29 4 1 27 0 16 1 5 15 0 1 32 24 16 1 0 3 7 1 8 5 3 1 0 0 0 1 24 0 22 1 26 32 0 1 65 29 5 1 82 38 19 1 60 14 8 1 79 28 37 1 99 39 27 1 98 34 13 1 68 50 13 1 0 0 0 0 70 10 2 1
0 0 0 0 128 59 25 1 106 65 11 1 119 61 23 1 129 51 34 1 120 45 2 1 126 82 24 1 129 55 14 1 120 49 29 1 125 40 41 1 93 56 43 1 115 57 15 1 0 0 0 0 64 25 19 1 59 0 12 1 42 0 0 1 61 10 3 1 0 3 0 1 23 1 0 1 0 0 0 0 7 27 0 1 17 8 13 1 1 0 10 1 1 0 0 1 0 0 4 1 22 15 3 1 0 0 0 0 0 0 0 1 6 0 12 1 0 0 0 1 39 19 0 1 40 24 10 1 49 39 19 1 67 34 20 1 72 49 12 1 52 35 24 1 53 56 22 1 57 55 23 1 66 41 13 1 88 33 37 1 80 53 0 1 73 24 0 1 85 24 8 1 83 35 14 1 77 30 20 1 71 53 20 1 36 31 14 1 57 10 0 1 34 18 0 1 0 0 0 0 21 11 15 1 0 0 0 0 0 0 0 0 9 0 0 1 12 0 0 1 45 27 4 1 94 25 30 1 53 12 18 1 60 31 5 1 47 21 4 1 101 71 22 1 70 50 34 1 72 21 0 1 55 8 4 1 57 29 16 1
125 50 28 1 91 72 30 1 134 71 17 1 131 68 0 1 126 37 28 1 110 42 0 1 116 35 14 1 114 41 22 1 93 48 29 1 98 37 28 1 117 18 16 1 71 30 37 1 81 33 36 1 91 38 33 1 68 38 25 1 0 0 0 0 0 0 0 0 45 24 23 1 13 33 0 1 29 2 11 1 13 0 18 1 23 0 41 1 10 20 2 1 2 0 21 1 0 19 28 1 22 0 0 1 0 0 0 0 0 0 0 0 28 21 0 1 0 0 0 0 44 9 2 1 23 11 7 1 32 4 0 1 70 26 6 1 51 33 0 1 52 26 15 1 75 56 21 1 71 24 28 1 69 45 33 1 61 30 16 1 77 32 0 1 75 30 0 1 83 16 18 1 88 48 10 1 74 47 26 1 66 19 22 1 77 15 22 1 72 32 2 1 35 17 22 1 0 0 0 0 5 0 12 1 0 11 22 1 14 0 9 1 0 0 0 0 52 2 19 1 53 13 20 1 52 23 41 1 45 1 0 1 43 0 0 1 52 0 0 1 68 49 17 1 51 18 15 1 23 10 16 1 0 0 0 0 121 34 7 1
0 0 0 0 115 74 15 1 115 34 39 1 129 33 0 1 118 58 14 1 129 54 29 1 97 67 29 1 116 50 10 1 105 28 8 1 87 37 41 1 83 37 9 1 0 0 0 0 70 58 1 1 99 32 18 1 105 48 21 1 0 0 0 0 86 24 0 1 76 23 23 1 0 0 0 0 85 27 0 1 46 19 0 1 38 5 0 1 40 0 0 1 34 9 1 1 5 21 0 1 18 9 0 1 2 10 0 1 10 39 1 1 0 14 19 1 0 5 1 1 10 15 0 1 1 0 6 1 28 22 0 1 39 9 14 1 21 0 5 1 39 14 0 1 92 42 9 1 61 14 22 1 58 51 1 1 72 22 20 1 72 34 11 1 72 38 8 1 78 50 22 1 85 31 19 1 77 38 24 1 79 70 36 1 43 47 24 1 39 31 0 1 26 14 13 1 42 0 8 1 19 0 25 1 0 3 0 1 3 12 0 1 19 2 2 1 21 15 14 1 40 26 26 1 45 50 11 1 37 0 0 1 34 2 22 1 63 32 24 1 58 20 2 1 78 24 3 1 74 14 27 1 85 51 38 1 102 61 30 1
0 0 0 0 125 67 23 1 147 44 7 1 114 61 1 1 110 45 7 1 109 52 11 1 104 40 15 1 86 43 3 1 111 15 15 1 96 40 27 1 95 60 27 1 103 41 17 1 100 48 9 1 86 35 8 1 103 35 7 1 0 0 0 0 94 60 13 1 0 0 0 0 66 48 25 1 75 52 16 1 50 35 54 1 66 22 28 1 32 24 12 1 14 11 0 1 31 13 0 1 0 0 0 0 0 0 9 1 27 1 0 1 0 0 0 0 6 0 22 1 0 0 0 1 22 7 4 1 18 11 0 1 33 13 0 1 2 0 0 1 41 13 8 1 0 0 0 0 45 24 22 1 53 14 11 1 64 25 3 1 83 23 0 1 62 31 22 1 66 35 8 1 75 24 0 1 71 38 41 1 78 27 11 1 59 18 14 1 0 0 0 0 6 19 4 1 21 7 0 1 0 0 28 1 0 0 0 1 39 10 18 1 34 22 23 1 30 0 0 1 10 0 14 1 47 9 13 1 45 34 8 1 59 4 15 1 63 2 25 1 39 44 7 1 72 34 28 1 0 0 0 0 66 20 2 1 70 17 0 1
124 71 0 1 110 62 14 1 126 32 15 1 106 34 0 1 103 57 22 1 67 45 12 1 110 65 47 1 92 20 40 1 100 54 23 1 109 33 4 1 104 33 6 1 91 42 0 1 0 0 0 0 113 44 14 1 101 66 0 1 99 44 22 1 98 41 18 1 73 48 23 1 62 48 5 1 0 0 0 0 0 0 0 0 75 30 31 1 50 40 29 1 56 0 5 1 52 0 0 1 42 25 23 1 11 0 12 1 16 0 0 1 0 0 0 0 7 0 0 1 1 18 5 1 0 0 0 1 0 0 0 1 7 2 0 1 0 13 0 1 12 11 11 1 3 0 0 1 36 0 9 1 47 31 16 1 0 0 0 0 50 20 32 1 59 19 31 1 70 42 12 1 73 44 14 1 79 37 14 1 74 33 11 1 0 0 0 0 19 24 15 1 0 0 0 0 27 7 1 1 0 20 9 1 9 20 3 1 0 0 0 0 14 17 4 1 19 0 20 1 0 0 1 1 50 37 2 1 71 39 1 1 52 40 36 1 54 11 10 1 58 33 13 1 49 14 29 1 43 0 14 1 52 2 7 1 16 20 4 1
93 67 11 1 126 42 45 1 100 35 0 1 103 80 27 1 98 54 5 1 127 39 45 1 0 0 0 0 114 42 0 1 93 53 6 1 106 36 24 1 115 32 27 1 111 58 29 1 87 58 17 1 100 60 10 1 63 36 9 1 73 37 2 1 75 44 8 1 0 0 0 0 80 30 2 1 57 33 5 1 82 30 47 1 86 16 1 1 50 37 26 1 82 40 18 1 55 17 4 1 38 19 5 1 21 12 5 1 25 0 20 1 16 12 4 1 9 0 2 1 20 0 23 1 0 0 0 0 9 5 16 1 4 16 0 1 1 0 14 1 19 23 11 1 12 10 31 1 11 0 0 1 28 0 0 1 0 0 0 0 0 0 0 0 58 13 7 1 73 30 0 1 58 10 8 1 94 10 17 1 39 15 0 1 38 15 24 1 33 5 0 1 26 0 0 1 0 10 1 1 0 22 0 1 8 0 10 1 2 6 16 1 0 0 18 1 26 4 0 1 16 7 0 1 33 3 0 1 57 7 0 1 32 0 4 1 15 4 8 1 37 0 0 1 28 15 2 1 55 28 13 1 59 0 0 1 68 0 0 1
0 0 0 0 114 64 17 1 125 65 28 1 100 61 16 1 122 64 22 1 101 39 32 1 79 39 34 1 100 56 24 1 87 37 12 1 116 42 10 1 99 32 23 1 75 40 12 1 84 39 0 1 81 47 7 1 101 32 11 1 84 52 13 1 90 60 11 1 97 40 36 1 97 35 0 1 90 0 10 1 71 32 21 1 74 34 19 1 65 43 0 1 57 37 20 1 66 0 26 1 0 0 0 0 44 23 19 1 38 6 13 1 7 9 0 1 13 10 0 1 18 12 0 1 8 0 4 1 3 16 0 1 14 2 0 1 2 4 0 1 7 0 13 1 5 3 0 1 21 0 9 1 6 0 0 1 0 12 8 1 35 8 6 1 32 36 19 1 47 25 19 1 79 19 14 1 68 19 8 1 62 17 27 1 0 0 0 0 29 4 30 1 0 10 13 1 8 0 2 1 16 0 0 1 4 10 0 1 0 0 0 0 16 16 1 1 22 4 7 1 37 14 6 1 27 0 3 1 38 23 11 1 45 1 4 1 30 8 0 1 53 18 0 1 37 13 10 1 51 24 0 1 60 26 21 1 55 13 21 1
129 56 7 1 0 0 0 0 100 33 22 1 80 33 22 1 86 34 16 1 90 4 14 1 107 45 26 1 100 45 4 1 87 26 10 1 105 46 6 1 0 0 0 0 102 52 29 1 84 39 35 1 98 24 0 1 83 32 0 1 71 36 32 1 98 42 0 1 99 18 13 1 62 35 11 1 75 45 5 1 49 18 9 1 70 34 0 1 74 41 28 1 80 24 17 1 70 22 3 1 50 4 6 1 50 12 21 1 64 15 9 1 0 0 0 0 34 15 0 1 9 15 16 1 50 0 0 1 12 0 5 1 24 0 0 1 17 0 0 1 21 12 14 1 4 13 0 1 0 6 3 1 7 5 0 1 18 0 11 1 43 0 12 1 0 22 5 1 61 24 14 1 26 12 11 1 36 20 6 1 63 10 22 1 54 32 14 1 50 2 9 1 11 0 21 1 33 17 18 1 35 17 0 1 35 6 10 1 6 16 0 1 0 0 0 0 17 7 39 1 2 33 0 1 37 12 2 1 6 0 0 1 11 0 0 1 47 16 0 1 0 0 0 0 34 0 0 1 55 16 13 1 0 0 0 0 39 0 0 1
132 34 17 1 80 43 4 1 82 21 10 1 0 0 0 0 92 31 19 1 97 51 6 1 83 27 7 1 104 43 44 1 115 72 24 1 80 42 11 1 100 45 11 1 104 30 14 1 97 59 32 1 84 36 1 1 77 44 0 1 70 33 15 1 79 33 33 1 69 28 6 1 59 51 0 1 58 49 0 1 73 15 6 1 70 16 11 1 78 12 9 1 58 16 4 1 55 32 19 1 31 40 1 1 47 29 13 1 43 22 40 1 46 0 25 1 35 24 9 1 41 3 0 1 17 0 14 1 13 7 8 1 29 36 6 1 23 8 0 1 0 0 0 0 0 0 0 0 0 0 0 0 20 0 0 1 1 19 0 1 0 0 0 1 12 0 3 1 46 26 0 1 39 8 0 1 26 16 30 1 33 8 15 1 16 13 25 1 52 6 38 1 0 0 0 0 0 2 9 1 0 7 9 1 0 0 3 1 0 0 11 1 20 8 10 1 27 0 2 1 27 6 2 1 31 26 18 1 12 2 14 1 31 17 0 1 26 26 8 1 41 29 9 1 45 22 0 1 45 16 19 1 0 0 0 0 38 40 8 1
0 0 0 0 89 62 28 1 0 0 0 0 96 22 0 1 92 36 5 1 106 56 8 1 82 16 0 1 86 34 31 1 109 25 4 1 82 41 0 1 0 0 0 0 68 33 1 1 81 36 6 1 93 41 10 1 69 50 3 1 75 47 10 1 59 41 18 1 78 15 21 1 76 38 0 1 73 17 0 1 59 8 0 1 0 0 0 0 43 16 18 1 44 23 8 1 72 45 15 1 48 60 0 1 65 24 0 1 51 39 17 1 51 39 0 1 28 17 7 1 57 25 25 1 0 0 0 0 39 19 0 1 27 18 27 1 10 4 0 1 48 3 0 1 17 26 6 1 11 2 19 1 14 5 15 1 0 44 22 1 0 0 0 0 15 25 0 1 21 0 0 1 34 0 0 1 0 0 0 1 20 0 21 1 0 0 0 0 22 14 18 1 5 0 0 1 0 0 16 1 0 0 11 1 23 13 0 1 0 0 0 0 0 17 0 1 8 7 21 1 15 12 14 1 48 28 10 1 37 0 0 1 26 9 11 1 0 22 15 1 7 14 12 1 23 13 5 1 23 2 9 1 51 0 13 1 67 24 34 1
89 26 20 1 113 30 14 1 79 37 0 1 119 23 16 1 87 50 20 1 119 47 0 1 98 26 0 1 90 30 18 1 88 18 29 1 84 28 0 1 101 32 12 1 112 54 38 1 69 48 20 1 75 18 12 1 61 18 15 1 63 8 28 1 0 0 0 0 84 27 11 1 68 11 0 1 78 43 3 1 68 43 5 1 80 7 0 1 41 25 8 1 71 20 0 1 53 27 10 1 50 35 9 1 60 30 23 1 63 21 27 1 39 5 0 1 62 16 9 1 62 14 0 1 38 16 13 1 23 17 0 1 32 24 27 1 24 0 1 1 30 17 3 1 23 4 2 1 12 0 0 1 32 0 0 1 20 3 11 1 3 7 25 1 0 0 0 1 3 0 13 1 4 0 0 1 0 14 5 1 10 0 4 1 31 19 0 1 11 5 0 1 0 0 0 1 16 13 30 1 35 2 0 1 26 0 16 1 0 0 0 1 27 31 32 1 0 30 10 1 24 15 14 1 46 22 0 1 25 5 0 1 27 29 3 1 0 0 0 0 2 21 4 1 33 6 0 1 0 0 0 0 56 43 21 1 56 20 0 1
96 23 18 1 118 6 0 1 104 24 3 1 92 28 0 1 93 45 19 1 69 22 2 1 67 26 9 1 67 9 31 1 90 21 0 1 82 34 15 1 78 19 15 1 82 32 13 1 94 37 23 1 70 33 17 1 65 29 8 1 67 36 0 1 73 35 13 1 86 21 13 1 52 16 0 1 58 47 23 1 39 0 15 1 61 41 0 1 49 23 28 1 45 39 0 1 40 27 10 1 73 29 0 1 47 0 4 1 44 29 7 1 38 25 0 1 38 0 0 1 0 0 0 0 0 0 0 0 0 0 0 0 37 30 29 1 0 0 0 0 19 11 18 1 0 20 0 1 0 0 0 0 21 21 9 1 0 0 0 0 27 19 0 1 27 3 15 1 24 0 0 1 9 16 8 1 1 18 0 1 30 17 9 1 29 12 13 1 0 5 0 1 0 27 7 1 7 0 0 1 13 2 0 1 21 12 0 1 27 0 0 1 6 1 14 1 0 0 10 1 36 11 22 1 48 19 5 1 49 23 0 1 15 6 0 1 0 0 0 0 17 13 0 1 35 4 0 1 47 40 10 1 0 0 0 0 55 0 2 1
121 41 24 1 86 32 2 1 83 39 24 1 101 38 5 1 0 0 0 0 69 8 27 1 0 0 0 0 77 33 2 1 74 18 8 1 62 46 0 1 74 0 19 1 82 52 8 1 94 7 3 1 53 29 0 1 74 21 0 1 0 0 0 0 82 28 6 1 59 17 0 1 84 12 0 1 62 14 0 1 0 0 0 0 61 20 0 1 35 32 4 1 44 28 4 1 41 15 2 1 47 26 0 1 35 32 0 1 65 9 13 1 47 19 2 1 80 0 6 1 38 25 2 1 47 25 10 1 46 7 0 1 66 11 32 1 37 15 18 1 39 21 6 1 13 4 1 1 15 1 10 1 18 1 11 1 30 13 0 1 0 5 7 1 0 8 0 1 5 0 0 1 12 0 0 1 10 6 26 1 0 0 17 1 0 7 0 1 0 0 24 1 0 5 15 1 0 0 0 1 5 14 13 1 10 0 35 1 0 5 13 1 28 18 15 1 6 0 18 1 33 0 21 1 45 12 7 1 36 6 11 1 50 16 23 1 25 31 9 1 51 0 12 1 66 34 8 1 47 31 27 1 54 23 17 1 52 15 23 1
106 35 14 1 98 66 17 1 109 23 26 1 0 0 0 0 106 32 0 1 57 25 1 1 114 16 11 1 102 30 8 1 103 17 10 1 64 40 0 1 54 36 0 1 81 9 0 1 96 21 0 1 52 5 6 1 85 30 0 1 86 30 13 1 81 29 0 1 59 6 5 1 49 0 0 1 43 28 13 1 54 0 11 1 0 0 0 0 64 41 0 1 37 22 4 1 38 4 0 1 0 0 0 0 0 0 0 0 44 0 2 1 45 31 1 1 50 28 0 1 41 2 4 1 42 22 0 1 47 15 18 1 53 4 8 1 38 20 27 1 22 16 3 1 31 30 13 1 44 0 20 1 18 0 8 1 6 0 16 1 0 0 0 0 0 0 0 0 0 0 0 0 1 8 17 1 7 1 0 1 0 22 0 1 14 6 0 1 0 5 0 1 11 0 26 1 0 0 6 1 20 12 5 1 17 0 40 1 5 7 28 1 10 12 7 1 31 0 24 1 19 18 5 1 30 32 9 1 27 0 0 1 14 6 4 1 47 5 20 1 38 27 30 1 67 46 9 1 48 0 20 1 50 13 0 1 68 8 0 1
101 28 14 1 80 11 0 1 95 8 0 1 84 7 0 1 83 20 7 1 80 37 5 1 78 9 10 1 96 27 5 1 91 16 35 1 63 34 0 1 80 21 0 1 60 8 15 1 69 19 16 1 68 18 0 1 46 20 24 1 32 5 2 1 50 21 19 1 65 31 0 1 48 4 18 1 41 13 0 1 60 15 0 1 49 13 9 1 35 7 0 1 46 8 7 1 52 21 0 1 62 20 0 1 59 23 0 1 26 26 0 1 5 0 37 1 28 5 18 1 50 11 0 1 51 14 0 1 41 14 5 1 35 0 22 1 12 14 18 1 26 0 20 1 10 8 0 1 13 0 0 1 7 13 25 1 41 5 0 1 0 16 0 1 2 17 4 1 11 16 2 1 7 0 23 1 3 0 0 1 0 0 0 1 8 6 7 1 0 0 7 1 0 22 6 1 7 0 13 1 19 4 7 1 10 0 0 1 35 0 12 1 29 0 7 1 40 15 14 1 0 0 0 0 60 10 0 1 56 23 5 1 33 10 0 1 35 33 4 1 65 30 30 1 52 36 20 1 42 0 15 1 37 24 0 1 77 32 18 1
99 29 29 1 77 19 0 1 73 8 0 1 91 23 0 1 80 48 11 1 73 37 22 1 61 4 0 1 84 22 0 1 67 27 0 1 74 28 28 1 39 21 22 1 62 3 5 1 0 0 0 0 56 17 0 1 42 6 0 1 0 0 0 0 75 29 14 1 47 12 13 1 0 0 0 0 46 23 0 1 45 26 12 1 64 8 8 1 21 18 13 1 17 24 2 1 39 0 17 1 50 0 0 1 0 0 0 0 5 10 0 1 24 3 0 1 46 4 0 1 46 16 10 1 61 11 15 1 35 3 52 1 28 3 0 1 60 0 8 1 29 0 0 1 30 1 0 1 33 15 26 1 18 12 8 1 1 32 12 1 20 0 0 1 0 7 3 1 8 0 1 1 0 0 0 0 12 4 10 1 0 0 0 1 0 3 3 1 6 0 1 1 12 0 17 1 20 5 9 1 0 0 15 1 0 0 0 1 8 0 0 1 26 3 19 1 19 0 8 1 29 14 34 1 42 9 0 1 16 8 0 1 45 3 0 1 29 21 0 1 46 29 7 1 35 34 0 1 19 11 0 1 29 25 6 1 0 0 0 0
65 32 3 1 86 23 6 1 56 24 27 1 77 12 7 1 0 0 0 0 70 23 23 1 75 17 17 1 71 28 21 1 55 25 25 1 74 0 20 1 52 34 17 1 0 0 0 0 54 18 0 1 49 27 39 1 61 5 0 1 36 26 5 1 0 0 0 0 74 5 0 1 61 8 17 1 62 20 1 1 17 43 23 1 35 27 0 1 40 36 4 1 22 0 0 1 28 12 0 1 36 48 0 1 61 0 11 1 44 35 2 1 38 35 3 1 41 4 9 1 23 26 7 1 46 0 1 1 42 0 11 1 26 12 0 1 0 0 0 0 0 0 0 0 24 11 22 1 3 0 8 1 43 9 0 1 19 0 0 1 0 0 0 0 0 16 7 1 15 9 0 1 19 10 14 1 7 0 0 1 0 32 5 1 0 6 14 1 7 0 0 1 11 3 0 1 0 0 25 1 24 2 0 1 33 0 0 1 23 0 0 1 17 0 5 1 25 0 12 1 31 20 0 1 44 12 0 1 34 24 0 1 15 0 0 1 32 55 22 1 46 10 1 1 25 1 0 1 17 28 9 1 33 27 0 1 54 12 1 1
76 15 13 1 77 27 15 1 81 46 17 1 90 26 8 1 68 10 1 1 65 21 7 1 70 15 30 1 85 4 10 1 70 14 35 1 61 4 3 1 87 21 25 1 59 12 36 1 56 12 7 1 58 13 2 1 52 0 5 1 53 6 11 1 33 27 0 1 67 0 0 1 43 0 18 1 49 0 0 1 22 27 20 1 60 16 14 1 0 0 0 0 29 18 9 1 42 21 2 1 70 17 2 1 21 0 0 1 52 27 0 1 32 31 0 1 18 0 20 1 19 11 0 1 49 0 4 1 26 13 0 1 38 4 0 1 20 12 0 1 32 0 0 1 13 17 2 1 36 15 3 1 57 10 0 1 15 0 9 1 6 3 21 1 14 2 16 1 25 4 6 1 0 39 11 1 18 8 0 1 23 0 0 1 17 0 0 1 0 0 19 1 0 0 2 1 28 12 0 1 5 9 14 1 0 19 0 1 0 0 0 0 14 0 5 1 17 7 2 1 0 0 0 0 33 0 0 1 43 0 21 1 37 23 0 1 70 24 4 1 34 24 3 1 0 0 0 0 36 13 0 1 43 23 11 1 43 0 0 1
83 29 14 1 87 13 0 1 83 12 24 1 69 13 11 1 73 6 40 1 47 24 31 1 61 37 24 1 76 29 19 1 74 1 14 1 57 22 0 1 41 5 23 1 70 14 10 1 76 11 18 1 32 31 2 1 48 0 0 1 36 31 0 1 50 2 0 1 42 19 20 1 55 8 28 1 27 8 8 1 27 15 8 1 26 1 7 1 49 3 4 1 35 12 13 1 35 11 21 1 26 19 0 1 45 17 0 1 0 0 0 0 50 30 0 1 37 13 11 1 7 21 0 1 30 0 20 1 33 13 0 1 27 0 0 1 18 7 0 1 11 10 0 1 17 22 9 1 34 8 0 1 39 0 0 1 40 5 3 1 23 8 18 1 21 6 16 1 8 6 2 1 0 0 0 0 11 17 24 1 8 0 0 1 10 0 4 1 14 0 1 1 12 0 9 1 9 0 8 1 6 15 0 1 33 0 0 1 40 0 0 1 2 11 2 1 39 0 0 1 27 20 0 1 20 0 0 1 53 11 0 1 53 6 0 1 44 21 14 1 45 34 9 1 25 14 10 1 39 8 0 1 40 17 9 1 53 45 21 1
54 0 17 1 64 21 14 1 74 10 0 1 63 13 0 1 53 22 11 1 72 18 17 1 41 22 13 1 91 0 20 1 54 45 19 1 0 0 0 0 58 26 1 1 0 0 0 0 71 11 24 1 63 3 12 1 50 31 6 1 42 42 12 1 61 3 29 1 40 0 5 1 0 0 0 0 49 19 0 1 14 0 15 1 22 27 30 1 52 37 13 1 59 3 1 1 46 0 0 1 53 9 0 1 25 39 0 1 20 21 21 1 0 0 0 0 30 2 15 1 21 32 7 1 29 24 8 1 36 5 1 1 10 0 15 1 27 7 22 1 25 33 0 1 0 0 0 1 40 35 18 1 28 0 0 1 40 0 0 1 45 0 22 1 6 13 7 1 5 0 35 1 29 21 0 1 41 9 0 1 13 18 0 1 0 13 0 1 14 2 5 1 5 13 2 1 1 0 0 1 10 14 6 1 17 9 2 1 28 31 0 1 20 19 27 1 23 0 9 1 64 13 2 1 14 6 3 1 32 0 1 1 29 0 21 1 39 0 28 1 35 27 20 1 39 12 8 1 19 8 18 1 43 16 5 1 51 45 22 1
52 25 0 1 58 20 11 1 72 43 16 1 62 0 8 1 67 17 23 1 74 9 24 1 55 13 21 1 78 31 8 1 62 21 3 1 81 25 2 1 54 9 18 1 68 0 14 1 66 18 11 1 83 0 7 1 27 40 4 1 26 9 0 1 31 23 0 1 25 16 2 1 40 3 0 1 52 19 14 1 46 20 0 1 28 2 2 1 57 13 0 1 37 45 5 1 54 0 0 1 40 5 11 1 14 9 0 1 28 0 16 1 46 3 1 1 33 7 0 1 33 13 0 1 0 49 15 1 37 26 2 1 41 33 14 1 33 23 1 1 26 24 3 1 25 13 0 1 34 16 0 1 27 9 0 1 21 0 0 1 39 0 2 1 49 16 5 1 0 0 0 0 15 7 0 1 24 18 30 1 23 0 0 1 6 10 0 1 13 2 0 1 0 18 0 1 15 4 0 1 27 2 1 1 0 4 13 1 0 0 0 0 11 0 11 1 21 12 0 1 65 7 2 1 6 9 0 1 44 0 12 1 66 2 0 1 37 34 28 1 25 21 17 1 27 38 2 1 10 3 0 1 37 20 0 1 30 23 0 1
67 25 0 1 72 25 27 1 65 27 0 1 88 21 0 1 65 46 0 1 51 12 42 1 47 34 16 1 61 0 34 1 0 0 0 0 59 10 18 1 0 0 0 0 59 21 21 1 62 28 25 1 50 20 32 1 50 6 4 1 0 0 0 0 50 0 0 1 48 28 0 1 0 0 0 0 0 0 0 0 0 0 0 0 30 0 0 1 38 0 17 1 17 0 0 1 38 3 10 1 39 0 12 1 20 12 0 1 42 10 2 1 16 19 15 1 39 21 2 1 33 4 21 1 7 17 23 1 8 9 8 1 22 28 24 1 50 0 26 1 3 23 0 1 27 0 0 1 46 0 0 1 49 10 0 1 47 0 0 1 29 31 0 1 31 6 10 1 32 3 10 1 27 11 0 1 19 22 18 1 16 0 0 1 14 15 0 1 7 0 0 1 22 5 13 1 28 31 0 1 29 0 34 1 20 0 13 1 29 11 9 1 0 0 0 0 18 8 0 1 24 17 3 1 49 7 0 1 46 16 7 1 46 16 10 1 39 4 0 1 40 28 18 1 0 0 0 0 53 1 0 1 27 8 15 1 33 30 2 1
71 34 23 1 81 29 2 1 45 41 20 1 49 49 21 1 42 9 14 1 61 0 12 1 61 0 3 1 56 11 11 1 55 19 0 1 64 17 3 1 39 11 6 1 46 10 8 1 55 34 0 1 57 17 0 1 34 23 24 1 31 0 1 1 55 4 0 1 24 11 0 1 55 0 0 1 50 26 0 1 53 0 0 1 45 3 0 1 31 5 0 1 19 10 0 1 53 0 10 1 40 11 0 1 43 14 2 1 32 4 0 1 39 16 12 1 0 0 0 0 32 0 4 1 55 2 16 1 7 0 3 1 21 0 7 1 16 6 16 1 25 11 20 1 17 2 16 1 10 9 9 1 2 17 0 1 23 5 16 1 0 0 23 1 26 8 3 1 1 12 8 1 11 0 0 1 0 0 0 0 29 12 0 1 17 0 0 1 3 7 0 1 31 0 0 1 29 4 4 1 21 0 0 1 30 0 8 1 0 0 0 0 15 4 15 1 0 0 0 0 26 18 13 1 26 8 5 1 37 0 21 1 31 33 17 1 42 10 0 1 12 0 13 1 18 40 25 1 16 14 4 1 11 4 0 1 39 14 0 1
75 18 35 1 67 26 0 1 72 43 6 1 79 6 0 1 63 32 23 1 45 29 12 1 26 22 0 1 47 26 0 1 53 5 14 1 63 21 40 1 0 0 0 0 48 0 22 1 44 10 0 1 21 13 4 1 56 5 6 1 56 14 11 1 24 0 2 1 11 7 3 1 0 0 0 0 52 8 0 1 0 0 0 0 37 0 0 1 48 0 0 1 42 10 2 1 16 0 6 1 23 0 0 1 39 35 13 1 49 11 1 1 19 16 0 1 34 23 27 1 25 9 0 1 35 6 0 1 15 0 29 1 21 11 0 1 31 3 0 1 7 1 3 1 17 2 0 1 25 0 0 1 10 10 0 1 0 0 0 0 61 0 24 1 0 4 21 1 6 0 25 1 34 16 19 1 28 0 14 1 22 0 8 1 22 3 7 1 0 7 26 1 10 22 12 1 8 2 0 1 0 2 37 1 38 22 2 1 2 15 0 1 30 5 23 1 29 12 5 1 8 50 0 1 16 11 5 1 0 0 0 0 17 12 1 1 0 0 0 1 28 26 0 1 36 3 7 1 29 45 0 1 43 4 20 1 32 15 0 1
39 24 2 1 64 44 13 1 71 23 18 1 62 22 0 1 57 0 6 1 60 23 0 1 41 18 4 1 42 16 0 1 50 0 2 1 27 34 26 1 41 0 12 1 30 23 28 1 49 2 12 1 47 6 1 1 55 18 2 1 48 8 15 1 38 0 0 1 55 28 0 1 44 1 11 1 31 14 16 1 18 0 0 1 40 18 0 1 30 14 0 1 49 4 18 1 41 18 3 1 6 11 0 1 39 0 0 1 47 24 10 1 35 0 15 1 0 0 0 0 13 0 0 1 20 6 16 1 34 24 0 1 25 1 0 1 5 0 14 1 42 0 0 1 0 0 0 0 20 10 2 1 12 21 0 1 38 13 6 1 19 0 0 1 17 13 0 1 25 0 0 1 9 0 2 1 20 12 2 1 19 0 28 1 18 7 0 1 30 23 24 1 8 31 0 1 5 0 0 1 6 4 0 1 33 20 36 1 15 10 23 1 10 32 4 1 32 1 41 1 0 0 0 0 27 0 0 1 0 0 0 1 8 18 9 1 10 20 0 1 0 0 0 0 0 10 21 1 47 13 0 1 12 1 6 1 34 8 0 1
93 23 26 1 59 15 0 1 66 18 0 1 0 0 0 0 62 14 0 1 59 20 25 1 34 18 0 1 43 8 4 1 60 0 0 1 37 26 13 1 57 2 0 1 31 11 0 1 58 32 15 1 49 20 0 1 35 0 16 1 63 18 0 1 35 0 0 1 31 0 0 1 43 9 11 1 27 0 8 1 35 0 10 1 50 0 4 1 27 5 0 1 46 16 10 1 34 24 1 1 28 20 0 1 0 5 0 1 33 21 0 1 32 0 18 1 5 20 0 1 10 8 30 1 12 6 0 1 24 0 0 1 7 15 2 1 26 29 0 1 39 32 12 1 13 23 7 1 6 15 0 1 21 0 13 1 24 0 11 1 20 0 0 1 14 20 0 1 26 13 5 1 30 12 11 1 13 0 22 1 21 0 0 1 42 30 0 1 22 7 0 1 29 0 8 1 15 0 20 1 14 11 12 1 20 0 16 1 19 6 12 1 33 14 10 1 4 31 9 1 42 9 9 1 28 10 8 1 22 3 0 1 17 0 12 1 7 33 0 1 32 0 0 1 28 4 0 1 22 5 0 1 25 3 0 1 0 0 0 0
67 41 5 1 72 11 17 1 65 29 22 1 53 27 24 1 53 5 17 1 50 12 8 1 48 17 13 1 59 23 0 1 50 17 5 1 63 14 0 1 50 0 0 1 27 34 0 1 43 0 7 1 0 0 0 0 40 33 15 1 38 0 2 1 53 10 5 1 52 0 30 1 20 0 0 1 41 18 5 1 45 1 0 1 28 4 6 1 55 19 0 1 0 0 0 0 52 30 25 1 39 23 7 1 27 8 0 1 9 0 5 1 29 8 0 1 43 17 3 1 33 0 16 1 0 0 0 0 37 11 19 1 26 1 0 1 0 0 0 0 18 1 16 1 39 17 1 1 21 12 0 1 20 19 6 1 10 24 15 1 23 25 31 1 29 23 0 1 12 23 0 1 26 6 6 1 24 13 0 1 23 23 0 1 16 7 25 1 5 0 8 1 39 0 17 1 56 0 12 1 2 0 12 1 29 0 0 1 0 30 25 1 18 16 6 1 7 0 14 1 17 5 7 1 22 0 9 1 16 4 0 1 20 1 28 1 20 8 0 1 18 0 0 1 53 13 12 1 37 20 0 1 26 5 2 1 57 10 0 1
38 39 8 1 60 9 0 1 63 15 0 1 28 18 5 1 54 17 0 1 60 7 13 1 65 15 0 1 44 0 21 1 51 16 0 1 41 0 4 1 50 15 0 1 49 30 17 1 46 5 13 1 51 8 11 1 49 20 10 1 18 0 0 1 43 1 0 1 24 0 0 1 34 12 0 1 30 28 2 1 34 6 8 1 54 16 0 1 41 15 12 1 39 0 0 1 32 24 0 1 37 0 4 1 0 0 0 0 41 12 0 1 61 0 6 1 19 5 0 1 23 0 0 1 3 0 15 1 30 12 0 1 19 0 0 1 8 10 4 1 42 0 20 1 14 11 0 1 0 37 2 1 41 21 1 1 6 11 5 1 30 0 0 1 23 0 0 1 25 0 9 1 23 0 0 1 30 0 0 1 37 3 17 1 12 0 0 1 20 11 12 1 3 20 11 1 5 14 6 1 32 8 15 1 0 2 1 1 17 18 13 1 12 5 0 1 15 0 0 1 51 15 2 1 23 0 4 1 12 0 11 1 7 24 0 1 1 25 15 1 26 0 0 1 36 9 0 1 52 10 0 1 39 0 0 1 0 13 0 1
51 30 25 1 61 15 0 1 62 4 20 1 36 17 0 1 45 25 2 1 25 24 10 1 0 0 0 0 39 3 6 1 49 26 0 1 24 4 14 1 31 7 12 1 41 3 5 1 32 25 11 1 41 5 7 1 31 1 0 1 0 0 0 0 43 16 0 1 13 0 8 1 37 0 31 1 39 18 27 1 58 0 0 1 35 24 0 1 36 12 1 1 34 5 13 1 30 17 23 1 40 5 4 1 38 10 7 1 24 0 0 1 39 25 0 1 23 9 0 1 29 12 1 1 33 0 6 1 0 0 0 0 1 10 0 1 21 26 16 1 36 15 15 1 26 4 8 1 23 15 9 1 50 0 3 1 27 0 18 1 31 17 0 1 32 13 32 1 18 2 0 1 0 0 0 0 0 17 0 1 19 0 21 1 32 8 0 1 21 6 0 1 4 0 2 1 21 0 1 1 18 6 0 1 38 14 0 1 13 29 11 1 0 0 0 0 15 10 1 1 17 0 0 1 9 16 3 1 24 0 5 1 4 22 13 1 21 17 8 1 16 6 0 1 49 12 0 1 42 25 0 1 33 10 0 1 41 17 0 1
70 22 25 1 52 7 0 1 28 16 29 1 63 8 0 1 0 0 0 0 57 28 0 1 47 0 0 1 28 13 7 1 56 15 3 1 47 0 10 1 65 2 0 1 44 0 22 1 20 11 16 1 20 0 0 1 56 0 0 1 29 14 0 1 36 10 0 1 26 0 20 1 63 1 3 1 34 0 13 1 29 0 0 1 44 15 0 1 33 12 12 1 0 0 0 0 28 22 2 1 22 0 0 1 35 18 10 1 33 18 20 1 21 14 10 1 36 4 0 1 35 20 2 1 22 14 0 1 0 4 18 1 0 0 0 0 46 17 24 1 20 20 0 1 15 13 4 1 0 14 11 1 25 0 9 1 18 2 23 1 10 7 0 1 27 25 1 1 18 5 21 1 16 16 0 1 10 0 5 1 4 0 25 1 31 0 0 1 0 0 0 0 12 21 13 1 4 17 0 1 6 18 12 1 15 9 0 1 13 0 14 1 19 12 0 1 11 4 0 1 0 0 10 1 30 9 18 1 12 21 12 1 12 7 0 1 20 6 17 1 35 8 0 1 18 20 0 1 35 7 0 1 28 0 0 1 0 0 0 1
62 35 3 1 40 5 26 1 51 34 7 1 32 0 6 1 29 29 2 1 39 12 8 1 54 8 0 1 0 0 0 0 45 6 15 1 46 12 7 1 0 0 0 0 25 3 9 1 51 24 0 1 23 0 5 1 44 14 0 1 0 0 0 0 22 0 11 1 32 0 18 1 38 21 0 1 36 0 0 1 0 0 0 0 15 0 11 1 4 1 0 1 14 8 4 1 17 14 37 1 27 0 0 1 40 11 12 1 0 0 0 0 30 0 2 1 18 13 0 1 0 0 0 0 24 16 28 1 26 22 22 1 26 0 22 1 22 0 11 1 5 10 22 1 21 0 0 1 9 4 13 1 17 15 12 1 16 12 27 1 17 21 21 1 9 25 13 1 7 4 24 1 14 20 0 1 7 11 11 1 21 0 3 1 14 9 0 1 38 5 0 1 19 0 9 1 25 4 0 1 18 1 2 1 11 0 1 1 13 9 4 1 18 7 1 1 25 1 1 1 15 0 0 1 32 0 0 1 23 0 0 1 25 18 0 1 22 12 0 1 25 7 0 1 18 3 7 1 26 18 0 1 31 26 0 1 51 0 0 1
0 0 0 0 0 0 0 0 45 15 5 1 53 10 26 1 53 10 10 1 27 16 13 1 37 4 24 1 45 5 0 1 25 0 26 1 28 8 4 1 0 0 0 0 25 10 0 1 35 8 36 1 0 0 0 0 24 10 10 1 22 11 1 1 47 4 0 1 0 3 0 1 43 28 9 1 32 0 0 1 40 34 3 1 37 2 0 1 26 6 13 1 16 20 5 1 7 42 29 1 36 25 19 1 50 23 0 1 15 18 16 1 0 0 0 0 8 0 11 1 0 0 6 1 12 8 28 1 5 0 14 1 22 16 7 1 28 15 17 1 10 29 4 1 16 16 0 1 21 0 6 1 0 0 0 0 1 0 0 1 8 15 11 1 17 0 0 1 30 3 22 1 22 32 15 1 23 0 21 1 36 4 23 1 15 7 0 1 22 0 0 1 44 11 3 1 9 6 0 1 9 15 0 1 46 1 37 1 0 18 0 1 8 11 26 1 9 15 16 1 0 0 0 0 0 0 0 0 16 10 0 1 21 6 3 1 17 46 18 1 17 8 0 1 49 19 0 1 0 0 0 0 42 29 0 1 28 15 21 1
0 0 0 0 82 24 5 1 50 26 7 1 43 34 0 1 51 20 0 1 0 0 0 0 29 21 0 1 39 1 21 1 30 24 15 1 53 2 0 1 32 18 8 1 48 6 0 1 24 14 2 1 37 15 0 1 37 5 16 1 24 3 4 1 40 27 14 1 20 0 1 1 0 0 0 0 13 0 10 1 37 32 13 1 49 12 28 1 22 4 3 1 16 24 9 1 33 9 20 1 19 22 13 1 0 21 0 1 41 0 23 1 31 0 0 1 23 0 16 1 17 30 0 1 0 0 0 0 4 15 22 1 34 1 0 1 0 0 0 0 0 9 8 1 19 0 1 1 16 0 10 1 16 16 8 1 14 15 11 1 41 0 7 1 13 0 22 1 21 13 9 1 34 0 34 1 12 0 6 1 26 0 0 1 0 0 0 0 20 28 33 1 12 3 0 1 0 0 0 0 35 18 0 1 36 0 5 1 1 0 0 1 14 0 6 1 33 0 5 1 5 0 5 1 25 23 0 1 27 6 17 1 34 20 0 1 28 0 37 1 3 0 0 1 26 2 26 1 37 17 46 1 57 38 35 1 0 0 0 0
50 21 0 1 41 6 0 1 21 9 0 1 26 11 28 1 78 0 23 1 48 15 14 1 54 15 6 1 0 17 7 1 29 5 17 1 30 0 7 1 33 1 8 1 20 26 0 1 50 29 10 1 40 23 7 1 21 0 0 1 37 14 11 1 40 3 2 1 36 7 27 1 23 42 0 1 22 37 21 1 2 0 15 1 12 2 5 1 28 6 0 1 51 6 22 1 28 11 7 1 44 6 0 1 0 0 0 0 16 18 17 1 26 22 9 1 16 0 10 1 21 9 14 1 12 18 9 1 19 6 17 1 21 0 32 1 20 3 0 1 30 43 0 1 0 0 0 0 34 0 17 1 27 2 13 1 5 0 13 1 10 11 2 1 2 0 10 1 0 0 0 0 15 11 4 1 17 0 30 1 0 0 0 1 34 7 0 1 1 24 0 1 11 0 5 1 0 8 0 1 30 16 10 1 29 8 0 1 19 14 1 1 7 15 11 1 0 11 10 1 22 0 10 1 7 0 5 1 35 9 38 1 27 21 0 1 16 0 2 1 38 2 25 1 25 0 0 1 20 26 4 1 35 7 23 1 17 0 0 1
31 26 16 1 35 17 35 1 48 27 28 1 34 3 13 1 45 31 0 1 0 0 0 0 35 0 23 1 32 25 19 1 42 8 35 1 41 18 3 1 54 5 15 1 45 31 0 1 51 0 0 1 24 10 18 1 20 0 4 1 44 15 24 1 38 0 0 1 51 0 36 1 38 0 2 1 20 9 0 1 15 12 6 1 26 0 7 1 52 0 19 1 24 18 3 1 33 0 15 1 33 6 5 1 29 0 0 1 49 0 0 1 10 18 0 1 19 6 9 1 21 17 1 1 13 0 15 1 21 5 0 1 26 2 0 1 28 4 5 1 13 7 0 1 0 8 12 1 23 9 0 1 4 6 4 1 9 0 29 1 10 0 16 1 31 30 12 1 25 0 0 1 25 11 3 1 28 23 0 1 11 15 10 1 4 20 11 1 0 0 0 0 6 5 10 1 0 0 0 0 35 13 16 1 21 11 13 1 7 0 0 1 2 16 1 1 13 0 11 1 18 26 9 1 0 0 0 0 20 0 15 1 0 1 5 1 39 0 9 1 13 32 0 1 28 7 0 1 34 4 0 1 0 0 0 0 21 0 0 1
57 4 24 1 37 0 0 1 56 0 4 1 47 14 19 1 36 10 0 1 31 18 0 1 33 0 0 1 0 0 0 0 49 1 2 1 20 0 0 1 37 11 15 1 49 5 0 1 0 0 0 0 22 33 0 1 37 0 6 1 32 2 0 1 35 0 4 1 48 6 12 1 15 0 23 1 25 19 8 1 40 0 8 1 27 0 3 1 19 0 2 1 50 5 19 1 35 6 0 1 17 0 11 1 35 0 7 1 20 0 8 1 36 11 5 1 21 0 0 1 34 0 0 1 0 0 0 0 22 20 0 1 53 17 17 1 3 0 8 1 16 0 3 1 0 7 26 1 29 13 6 1 12 15 0 1 31 6 0 1 21 0 0 1 18 19 2 1 45 8 6 1 22 13 6 1 47 0 5 1 4 8 10 1 20 30 42 1 16 0 27 1 24 0 25 1 5 18 9 1 7 7 13 1 15 25 0 1 16 22 8 1 1 28 0 1 13 5 0 1 3 1 8 1 15 20 0 1 0 0 0 0 40 12 0 1 22 21 0 1 27 1 6 1 1 0 14 1 34 4 0 1 30 29 14 1 0 0 0 0
38 30 0 1 29 18 4 1 35 17 9 1 31 11 9 1 0 0 0 0 7 0 9 1 15 6 2 1 32 34 14 1 9 12 0 1 12 11 10 1 0 0 0 0 37 0 0 1 26 11 0 1 37 0 11 1 41 25 0 1 6 0 4 1 24 29 21 1 32 10 8 1 9 11 4 1 4 38 12 1 27 7 0 1 38 0 18 1 35 0 0 1 13 14 0 1 22 17 26 1 33 0 17 1 13 24 17 1 36 0 0 1 16 9 1 1 17 11 21 1 34 0 17 1 19 0 0 1 24 9 25 1 20 7 0 1 19 6 5 1 17 15 32 1 23 0 0 1 15 8 16 1 11 31 19 1 10 5 23 1 13 1 20 1 31 26 0 1 0 0 0 0 15 0 5 1 27 6 11 1 20 0 26 1 0 5 0 1 20 9 16 1 0 0 0 0 17 0 18 1 0 0 0 0 26 0 12 1 28 0 0 1 46 15 22 1 15 21 30 1 15 20 19 1 23 0 0 1 16 36 13 1 22 13 0 1 65 0 23 1 0 0 0 0 20 18 0 1 16 22 0 1 36 0 0 1 37 14 9 1
33 19 0 1 31 9 0 1 17 5 6 1 17 33 0 1 37 29 0 1 34 15 0 1 0 0 0 0 39 5 11 1 52 0 10 1 36 9 23 1 36 0 18 1 15 0 11 1 28 14 13 1 2 14 3 1 22 10 0 1 22 7 9 1 1 19 20 1 19 0 34 1 26 21 11 1 9 0 0 1 43 9 8 1 21 0 18 1 0 0 0 0 34 0 0 1 6 39 0 1 34 0 0 1 0 19 20 1 0 0 0 0 27 11 0 1 33 20 0 1 4 0 14 1 42 28 0 1 2 6 0 1 2 22 0 1 0 0 0 0 8 5 11 1 18 0 0 1 8 14 10 1 0 0 0 1 28 19 6 1 24 0 0 1 22 13 0 1 18 15 0 1 23 6 35 1 8 9 25 1 16 18 20 1 11 21 14 1 7 0 12 1 25 0 4 1 1 21 0 1 0 5 14 1 15 10 0 1 0 1 0 1 12 0 4 1 22 8 0 1 15 23 23 1 15 9 14 1 22 16 8 1 5 0 20 1 0 0 8 1 21 0 0 1 23 12 14 1 15 25 3 1 0 21 18 1 0 0 8 1
17 0 13 1 43 20 0 1 45 6 0 1 39 23 6 1 36 19 22 1 27 33 0 1 16 16 12 1 47 2 9 1 37 0 1 1 24 4 24 1 22 20 11 1 40 3 13 1 30 0 14 1 28 0 1 1 37 19 8 1 25 8 25 1 7 13 0 1 21 29 17 1 0 0 0 0 13 0 0 1 6 11 15 1 18 0 0 1 19 13 12 1 14 21 16 1 22 0 0 1 35 0 6 1 23 4 5 1 0 13 10 1 34 0 29 1 22 0 0 1 31 11 10 1 23 0 3 1 18 0 10 1 35 30 0 1 30 2 15 1 4 1 2 1 5 0 0 1 16 6 0 1 12 4 3 1 19 9 27 1 27 7 18 1 16 17 0 1 9 16 5 1 12 0 19 1 30 29 2 1 12 19 0 1 5 0 0 1 0 6 12 1 19 13 0 1 0 0 0 0 23 0 0 1 11 17 0 1 0 4 0 1 41 0 8 1 21 2 0 1 21 10 14 1 23 43 0 1 10 26 11 1 26 0 16 1 0 0 0 0 8 0 0 1 25 11 3 1 38 0 0 1 39 24 0 1 19 12 0 1