2
43 144 60 61
179 149 93 1 172 149 105 1 183 175 116 1 188 134 144 1 185 128 117 1 175 147 124 1 0 0 0 0 154 113 74 1 141 114 63 1 152 108 96 1 116 80 61 1 100 86 54 1 83 64 51 1 74 63 29 1 47 18 6 1 42 41 0 1 120 52 33 1 106 79 54 1 85 66 20 1 95 51 15 1 68 36 1 1 62 32 5 1 54 40 15 1 87 60 59 1 157 130 98 1 173 141 67 1 180 135 114 1 179 145 113 1 187 140 110 1 153 148 132 1 218 161 126 1 237 215 153 1 227 185 151 1 219 140 120 1 193 164 146 1 215 162 136 1 213 190 168 1 203 193 176 1 0 0 0 0 0 0 0 0 184 174 167 1 0 0 0 0 146 103 123 1 77 66 71 1 71 23 46 1 60 29 16 1 19 37 10 1 43 18 6 1 38 40 64 1 75 15 41 1 19 8 14 1 29 0 13 1 32 3 0 1 12 17 0 1 19 14 0 1 48 12 8 1 22 0 9 1 20 30 42 1 56 46 12 1 27 4 37 1 48 42 26 1
121 100 52 1 190 149 101 1 206 186 123 1 174 147 107 1 199 168 129 1 187 123 102 1 104 81 49 1 91 67 29 1 154 96 66 1 148 116 65 1 101 47 46 1 115 77 25 1 138 130 68 1 97 74 32 1 91 86 2 1 0 0 0 0 150 135 87 1 148 107 68 1 83 42 31 1 74 39 14 1 75 45 10 1 118 103 85 1 202 174 117 1 219 171 149 1 220 199 163 1 198 175 158 1 238 187 144 1 207 182 137 1 191 176 158 1 212 214 176 1 246 207 168 1 239 189 182 1 206 143 129 1 192 133 121 1 205 134 110 1 0 0 0 0 202 182 158 1 211 181 141 1 207 215 200 1 217 183 176 1 152 110 120 1 95 53 63 1 28 4 1 1 41 29 0 1 0 0 0 0 38 32 22 1 28 34 30 1 40 37 37 1 0 0 0 0 0 0 0 0 27 7 16 1 0 0 0 0 39 17 12 1 47 1 8 1 0 0 0 0 28 32 28 1 39 27 22 1 89 74 75 1 71 49 61 1 45 57 22 1 76 87 54 1
93 60 1 1 179 122 93 1 187 150 133 1 179 125 101 1 207 181 135 1 201 173 132 1 154 120 75 1 139 124 83 1 0 0 0 0 131 80 77 1 89 96 62 1 124 80 30 1 105 67 28 1 0 0 0 0 128 58 33 1 122 81 64 1 0 0 0 0 0 0 0 0 154 137 142 1 168 133 127 1 211 169 134 1 239 171 162 1 240 194 161 1 220 192 130 1 185 163 143 1 200 162 140 1 203 162 124 1 192 168 107 1 219 171 138 1 223 213 168 1 255 223 164 1 177 165 116 1 183 135 134 1 200 155 134 1 141 141 108 1 152 103 81 1 157 111 101 1 228 168 173 1 210 187 164 1 146 124 111 1 81 55 41 1 67 39 43 1 38 54 28 1 44 30 24 1 26 22 40 1 41 50 13 1 79 36 43 1 35 47 47 1 0 0 0 0 43 8 20 1 28 3 12 1 0 0 0 0 45 21 34 1 49 38 13 1 67 46 25 1 99 66 53 1 63 29 45 1 90 75 74 1 89 73 62 1 96 67 72 1 154 153 135 1
102 94 40 1 141 99 85 1 158 117 44 1 159 122 85 1 185 110 120 1 201 154 132 1 0 0 0 0 0 0 0 0 135 88 92 1 80 27 28 1 84 72 26 1 0 0 0 0 84 85 43 1 143 110 81 1 117 107 83 1 126 81 62 1 141 130 79 1 190 163 132 1 225 179 152 1 0 0 0 0 175 156 120 1 192 143 120 1 191 161 137 1 205 164 135 1 172 146 117 1 183 146 128 1 172 136 98 1 175 137 119 1 0 0 0 0 199 160 125 1 195 165 118 1 189 126 94 1 94 47 31 1 142 92 53 1 132 81 85 1 154 92 75 1 225 186 167 1 238 196 180 1 147 174 123 1 120 81 53 1 162 96 125 1 155 107 104 1 104 85 72 1 116 75 54 1 39 6 21 1 25 34 38 1 78 90 68 1 37 56 22 1 34 20 20 1 47 15 18 1 26 0 2 1 33 4 2 1 31 14 56 1 59 36 22 1 0 0 0 0 92 65 18 1 106 89 105 1 94 68 108 1 75 53 49 1 85 100 68 1 196 160 87 1
162 127 89 1 110 49 29 1 53 17 0 1 113 75 73 1 163 106 48 1 152 100 39 1 96 58 5 1 95 27 20 1 94 48 46 1 128 92 43 1 225 171 113 1 192 150 111 1 226 182 114 1 255 205 216 1 187 160 137 1 182 161 124 1 158 138 107 1 157 134 76 1 124 76 82 1 100 67 45 1 94 42 13 1 44 37 14 1 119 82 56 1 156 103 99 1 98 64 40 1 104 75 40 1 128 88 61 1 161 98 93 1 166 136 70 1 147 126 64 1 139 107 69 1 162 121 97 1 0 0 0 0 164 99 111 1 170 129 108 1 208 155 144 1 237 187 186 1 168 122 112 1 92 58 36 1 138 114 83 1 0 0 0 0 96 86 112 1 48 14 24 1 64 39 22 1 32 18 4 1 64 41 14 1 70 40 49 1 58 49 23 1 7 0 43 1 41 17 16 1 26 16 8 1 58 0 25 1 18 23 24 1 16 10 0 1 0 0 0 0 54 37 35 1 137 82 97 1 129 94 68 1 125 68 77 1 198 165 171 1 211 201 147 1
116 57 56 1 142 109 77 1 137 74 42 1 155 129 104 1 184 146 133 1 141 143 118 1 70 37 51 1 96 60 48 1 74 62 38 1 132 78 60 1 113 55 55 1 140 81 66 1 139 122 102 1 106 109 71 1 115 78 36 1 172 179 117 1 228 174 132 1 151 109 127 1 0 0 0 0 166 164 113 1 168 137 93 1 151 122 81 1 164 113 81 1 126 125 53 1 0 0 0 0 0 0 0 0 177 137 108 1 195 130 128 1 153 91 82 1 139 115 82 1 198 153 121 1 149 100 102 1 160 115 85 1 219 170 151 1 230 182 160 1 204 221 167 1 190 173 143 1 202 157 137 1 184 161 156 1 217 183 189 1 190 157 134 1 61 48 23 1 0 0 0 0 90 90 91 1 51 31 26 1 30 2 22 1 54 39 24 1 38 14 18 1 23 31 5 1 41 19 6 1 36 10 7 1 20 17 0 1 66 46 63 1 70 41 64 1 46 5 15 1 65 57 50 1 57 3 30 1 82 63 58 1 168 129 116 1 196 157 130 1 211 177 124 1
94 72 45 1 134 73 52 1 84 49 3 1 116 51 30 1 145 83 68 1 126 96 71 1 72 53 0 1 115 65 46 1 146 135 100 1 138 92 55 1 110 41 28 1 62 62 34 1 118 80 65 1 121 68 61 1 79 68 47 1 88 97 68 1 0 0 0 0 76 44 0 1 115 59 39 1 0 0 0 0 174 140 108 1 142 80 64 1 117 66 12 1 99 45 40 1 86 56 30 1 79 53 33 1 174 143 115 1 188 134 113 1 173 97 109 1 203 139 148 1 213 199 169 1 199 181 162 1 214 177 136 1 220 177 138 1 191 158 161 1 240 214 171 1 240 214 168 1 255 229 212 1 249 200 174 1 241 183 182 1 235 205 175 1 182 170 153 1 201 172 193 1 188 187 172 1 109 88 76 1 85 73 79 1 85 86 95 1 63 35 52 1 19 0 0 1 51 45 15 1 23 17 1 1 22 5 0 1 33 33 34 1 20 27 33 1 0 0 0 0 13 11 0 1 44 31 12 1 125 82 34 1 169 120 112 1 157 142 118 1 216 175 126 1
108 79 35 1 0 0 0 0 128 69 60 1 135 116 81 1 150 97 110 1 109 88 66 1 73 50 1 1 80 55 55 1 140 107 88 1 0 0 0 0 0 0 0 0 119 76 79 1 110 70 39 1 80 49 15 1 75 36 13 1 0 0 0 0 58 32 16 1 97 15 19 1 70 60 16 1 112 84 73 1 109 71 54 1 0 0 0 0 100 39 4 1 117 68 62 1 209 149 155 1 0 0 0 0 149 81 60 1 115 69 70 1 162 123 116 1 237 188 139 1 216 179 183 1 188 171 159 1 237 200 159 1 216 185 162 1 205 178 142 1 248 205 182 1 227 187 142 1 166 131 104 1 148 155 107 1 186 179 162 1 110 127 108 1 162 150 147 1 151 133 131 1 83 105 79 1 49 24 6 1 86 57 51 1 97 76 94 1 15 7 22 1 0 0 0 0 36 29 21 1 29 40 39 1 34 21 32 1 15 28 23 1 46 46 29 1 66 41 28 1 27 12 6 1 97 93 76 1 141 121 93 1 208 159 102 1 218 189 173 1 222 169 141 1
159 115 117 1 0 0 0 0 132 97 67 1 157 87 73 1 104 48 35 1 103 75 36 1 88 36 17 1 91 80 38 1 59 46 27 1 105 64 23 1 99 75 36 1 42 39 0 1 52 0 0 1 56 19 0 1 59 37 0 1 0 0 0 0 110 61 30 1 113 71 83 1 0 0 0 0 122 88 50 1 142 108 53 1 126 58 52 1 102 80 35 1 122 96 76 1 117 100 106 1 156 122 86 1 131 131 81 1 129 90 69 1 217 157 122 1 0 0 0 0 179 120 116 1 137 116 98 1 153 101 79 1 107 60 56 1 83 61 17 1 0 0 0 0 107 47 40 1 80 50 3 1 66 44 12 1 0 0 0 0 137 130 104 1 88 80 62 1 29 18 20 1 11 0 0 1 0 0 0 1 41 43 18 1 25 11 39 1 31 0 9 1 40 10 0 1 33 37 19 1 47 8 25 1 43 20 29 1 37 10 27 1 77 69 60 1 95 89 109 1 88 78 74 1 144 102 105 1 173 153 105 1 196 156 120 1 179 174 137 1 214 144 128 1
114 87 66 1 76 47 35 1 109 90 54 1 0 0 0 0 71 30 0 1 92 56 27 1 86 48 53 1 102 42 39 1 59 54 27 1 102 71 41 1 76 49 27 1 67 48 6 1 102 64 38 1 121 27 35 1 109 60 47 1 96 26 32 1 105 62 36 1 135 74 114 1 138 117 92 1 122 68 89 1 97 74 33 1 110 68 51 1 140 101 97 1 188 150 117 1 142 122 96 1 228 193 157 1 218 154 144 1 159 98 78 1 125 119 103 1 183 145 87 1 132 124 72 1 61 20 18 1 54 24 0 1 71 3 0 1 61 5 12 1 57 41 20 1 110 72 32 1 133 98 86 1 120 104 80 1 101 58 33 1 131 74 72 1 63 42 38 1 54 59 62 1 14 38 31 1 22 0 2 1 38 35 30 1 35 8 5 1 26 16 5 1 38 13 18 1 0 0 0 0 35 29 40 1 47 15 22 1 35 29 0 1 0 0 0 0 0 0 0 0 129 113 74 1 151 138 109 1 186 154 137 1 232 197 174 1 223 168 140 1 225 200 130 1
124 63 28 1 89 48 22 1 109 60 38 1 98 43 42 1 95 37 5 1 113 65 31 1 116 59 55 1 109 75 48 1 91 67 65 1 109 82 47 1 90 48 38 1 105 54 7 1 123 77 36 1 0 0 0 0 113 60 66 1 118 95 50 1 141 108 80 1 0 0 0 0 142 73 67 1 126 73 39 1 111 55 28 1 117 69 62 1 136 71 80 1 149 66 95 1 124 103 102 1 90 97 59 1 94 73 11 1 142 133 99 1 157 119 112 1 127 91 56 1 96 76 28 1 132 81 77 1 107 59 66 1 167 124 89 1 168 144 129 1 156 148 89 1 0 0 0 0 142 107 86 1 137 113 48 1 84 76 35 1 77 52 36 1 90 69 73 1 118 93 108 1 64 31 26 1 49 50 35 1 110 80 124 1 103 117 96 1 92 69 91 1 57 34 55 1 62 27 24 1 33 4 12 1 20 11 0 1 10 0 0 1 45 12 29 1 91 24 46 1 0 0 0 0 179 138 109 1 168 128 110 1 158 150 91 1 129 118 80 1 149 110 99 1
94 36 17 1 0 0 0 0 106 67 19 1 112 66 25 1 94 57 27 1 84 73 33 1 91 61 23 1 123 59 43 1 74 28 6 1 96 67 17 1 94 86 52 1 109 92 60 1 132 74 76 1 102 86 40 1 92 77 59 1 123 108 73 1 109 75 47 1 112 75 24 1 55 48 13 1 95 61 47 1 134 99 73 1 127 125 86 1 93 57 44 1 83 27 4 1 102 29 31 1 116 86 53 1 119 80 34 1 71 67 56 1 108 61 49 1 117 60 22 1 122 52 51 1 142 85 77 1 0 0 0 0 128 90 89 1 141 106 73 1 110 81 58 1 151 110 71 1 160 122 75 1 161 113 104 1 134 92 80 1 91 71 52 1 0 0 0 0 31 23 42 1 42 35 3 1 19 53 8 1 95 74 69 1 65 32 68 1 52 49 32 1 41 31 19 1 23 11 4 1 0 0 0 0 7 0 23 1 49 9 11 1 48 19 48 1 125 55 81 1 177 147 131 1 187 136 108 1 175 145 121 1 199 110 121 1 153 137 82 1 200 119 106 1
63 31 0 1 49 39 21 1 0 0 0 0 108 94 32 1 109 63 17 1 85 62 0 1 99 61 59 1 0 0 0 0 91 21 18 1 95 29 10 1 123 62 26 1 134 91 62 1 95 74 55 1 96 44 51 1 95 36 41 1 78 82 40 1 89 59 51 1 137 71 72 1 138 70 71 1 104 80 34 1 138 81 50 1 120 81 48 1 154 126 72 1 208 178 170 1 212 180 153 1 235 151 171 1 149 118 87 1 127 76 68 1 92 70 36 1 124 66 58 1 147 66 80 1 159 101 86 1 185 163 130 1 131 86 77 1 110 79 38 1 101 60 57 1 138 95 47 1 129 65 65 1 129 93 77 1 132 78 59 1 73 29 29 1 40 30 0 1 51 35 25 1 55 26 42 1 15 0 0 1 26 2 24 1 18 0 20 1 26 0 0 1 24 0 0 1 26 6 11 1 27 0 0 1 46 11 2 1 0 0 0 0 52 28 29 1 94 71 53 1 124 102 76 1 117 91 81 1 158 139 82 1 169 137 85 1 195 165 79 1 211 149 121 1
101 56 22 1 110 58 37 1 85 29 29 1 81 38 29 1 0 0 0 0 107 65 34 1 82 45 21 1 92 59 29 1 84 28 14 1 92 60 25 1 126 42 60 1 96 56 51 1 124 75 65 1 142 107 89 1 131 79 68 1 129 87 60 1 185 121 122 1 131 92 47 1 117 78 41 1 132 114 60 1 97 61 49 1 132 86 56 1 136 119 85 1 0 0 0 0 119 90 53 1 89 69 22 1 61 11 0 1 60 19 0 1 90 61 24 1 113 88 50 1 130 106 72 1 100 59 52 1 131 129 81 1 99 67 46 1 78 48 30 1 125 93 76 1 134 82 74 1 0 0 0 0 106 72 39 1 108 58 26 1 46 7 0 1 2 10 0 1 29 59 3 1 13 20 3 1 80 26 57 1 42 11 10 1 15 29 12 1 38 34 16 1 23 4 8 1 16 0 13 1 33 0 0 1 49 0 0 1 8 0 10 1 23 0 0 1 125 89 97 1 202 138 135 1 143 129 101 1 140 120 79 1 0 0 0 0 185 120 100 1 149 80 59 1
87 59 4 1 95 54 11 1 83 46 9 1 86 37 34 1 69 50 31 1 91 39 35 1 107 65 37 1 105 60 26 1 92 85 47 1 120 76 52 1 131 87 62 1 0 0 0 0 103 55 30 1 122 71 66 1 115 63 48 1 107 80 40 1 99 63 49 1 81 70 47 1 97 27 21 1 123 72 50 1 99 64 30 1 93 57 36 1 96 53 20 1 88 2 7 1 0 0 0 0 73 57 51 1 71 28 29 1 69 25 0 1 57 45 0 1 97 28 27 1 95 39 7 1 102 67 0 1 98 31 28 1 82 37 23 1 78 18 0 1 95 61 30 1 84 48 23 1 74 47 8 1 70 40 40 1 79 50 20 1 77 47 24 1 42 37 13 1 49 30 24 1 58 7 13 1 63 35 55 1 37 37 46 1 0 0 0 0 0 0 0 0 62 0 0 1 72 39 20 1 35 35 27 1 49 32 13 1 34 5 3 1 0 0 0 0 0 0 0 0 147 133 89 1 193 104 94 1 165 127 73 1 170 114 84 1 173 131 112 1 178 134 77 1
71 39 9 1 52 37 31 1 78 47 13 1 96 64 14 1 0 0 0 0 114 65 47 1 130 75 65 1 105 116 76 1 133 92 71 1 134 109 91 1 146 135 76 1 131 82 42 1 110 74 45 1 111 72 65 1 110 31 35 1 110 87 68 1 116 117 89 1 121 71 38 1 110 48 57 1 116 78 41 1 104 74 39 1 107 83 81 1 113 82 43 1 118 80 54 1 134 90 53 1 123 76 64 1 107 55 45 1 96 54 31 1 104 41 25 1 79 47 16 1 78 35 0 1 65 34 20 1 43 23 0 1 56 31 14 1 73 15 11 1 85 53 0 1 52 59 16 1 45 16 0 1 65 8 23 1 48 40 11 1 56 20 4 1 37 17 0 1 50 24 0 1 34 22 6 1 45 23 35 1 30 17 31 1 28 11 9 1 48 23 13 1 36 38 27 1 98 31 46 1 63 68 59 1 55 39 25 1 65 23 8 1 143 115 106 1 186 156 150 1 143 137 76 1 138 149 79 1 167 128 63 1 166 100 85 1 165 134 83 1 118 98 69 1
80 21 7 1 0 0 0 0 89 54 2 1 109 61 30 1 120 75 51 1 119 89 54 1 0 0 0 0 0 0 0 0 115 68 70 1 130 115 86 1 139 143 82 1 144 107 74 1 119 106 43 1 130 81 55 1 123 106 57 1 152 110 84 1 148 63 76 1 116 76 42 1 103 81 42 1 123 107 49 1 129 66 62 1 116 99 55 1 106 71 47 1 106 88 52 1 139 72 35 1 92 50 41 1 60 61 6 1 0 0 0 0 74 11 0 1 41 0 6 1 48 10 7 1 57 16 0 1 41 32 8 1 52 17 5 1 40 0 0 1 42 0 0 1 41 20 30 1 51 38 0 1 51 13 0 1 70 10 0 1 57 18 26 1 64 0 0 1 60 6 10 1 50 42 14 1 74 43 55 1 0 0 0 0 35 1 13 1 32 29 4 1 55 18 36 1 67 34 25 1 72 28 18 1 36 6 5 1 0 0 0 0 130 57 66 1 178 155 107 1 89 74 39 1 74 62 22 1 139 87 82 1 159 105 86 1 0 0 0 0 155 91 49 1
75 19 7 1 88 70 20 1 94 52 42 1 103 60 60 1 117 88 55 1 122 74 82 1 141 107 63 1 149 100 99 1 146 105 73 1 143 122 89 1 0 0 0 0 131 115 73 1 152 89 88 1 133 125 97 1 134 63 57 1 121 101 81 1 116 100 29 1 96 52 35 1 90 69 36 1 111 70 54 1 100 60 13 1 94 90 45 1 108 48 31 1 114 64 50 1 73 21 34 1 58 0 0 1 53 33 0 1 82 51 27 1 59 23 4 1 73 51 40 1 144 101 78 1 124 101 81 1 179 95 104 1 193 128 125 1 138 109 70 1 138 103 83 1 163 96 60 1 139 119 68 1 125 90 73 1 120 83 47 1 81 40 48 1 93 104 40 1 78 94 14 1 0 0 0 0 50 50 22 1 42 19 14 1 31 28 0 1 31 0 14 1 16 11 52 1 22 21 14 1 0 0 0 0 19 0 4 1 27 14 0 1 53 19 23 1 101 83 57 1 0 0 0 0 98 77 47 1 0 0 0 0 94 76 29 1 106 70 53 1 103 62 63 1
60 35 1 1 93 61 9 1 104 90 57 1 0 0 0 0 0 0 0 0 135 117 67 1 137 103 75 1 129 87 64 1 159 116 101 1 144 138 84 1 154 153 75 1 119 89 89 1 135 87 77 1 146 128 60 1 127 82 42 1 136 76 62 1 115 107 68 1 104 94 63 1 0 0 0 0 92 61 48 1 79 45 22 1 82 76 8 1 86 51 22 1 118 86 65 1 125 101 66 1 127 91 37 1 174 123 96 1 193 188 119 1 149 104 78 1 190 158 151 1 237 183 172 1 242 207 176 1 246 212 206 1 230 220 188 1 189 109 112 1 0 0 0 0 189 159 116 1 180 162 101 1 185 133 98 1 149 130 90 1 139 78 62 1 126 103 77 1 104 90 64 1 89 36 50 1 54 34 20 1 30 0 9 1 12 11 8 1 29 24 0 1 34 6 10 1 16 17 11 1 20 4 0 1 33 2 18 1 22 15 12 1 36 26 1 1 66 47 32 1 94 51 20 1 104 52 13 1 0 0 0 0 67 63 22 1 102 72 63 1 0 0 0 0
81 66 1 1 109 59 33 1 112 62 32 1 111 74 13 1 0 0 0 0 164 109 79 1 147 104 87 1 153 86 100 1 180 115 110 1 150 118 80 1 152 88 62 1 145 97 89 1 134 110 96 1 134 121 75 1 117 73 69 1 0 0 0 0 98 82 26 1 108 53 33 1 97 74 38 1 44 14 0 1 108 78 12 1 124 94 53 1 169 128 84 1 208 174 142 1 160 173 111 1 212 191 171 1 238 213 172 1 255 212 197 1 192 138 121 1 228 191 168 1 222 189 175 1 221 169 156 1 223 181 154 1 220 182 155 1 164 129 93 1 176 126 99 1 207 162 129 1 202 162 139 1 193 145 120 1 164 139 93 1 154 143 110 1 168 157 121 1 121 93 67 1 98 66 52 1 20 33 1 1 69 14 21 1 44 51 22 1 43 14 0 1 20 6 9 1 0 14 0 1 0 0 8 1 5 0 15 1 39 0 0 1 20 2 5 1 42 0 20 1 50 29 41 1 58 19 18 1 95 70 53 1 93 41 23 1 128 92 50 1 133 66 57 1
0 0 0 0 93 38 28 1 117 71 42 1 110 76 86 1 106 92 64 1 150 109 69 1 160 101 104 1 139 97 103 1 180 133 116 1 165 125 95 1 155 125 117 1 180 117 95 1 151 112 109 1 159 100 86 1 0 0 0 0 106 61 29 1 122 57 11 1 107 32 35 1 142 94 61 1 131 55 39 1 161 152 114 1 0 0 0 0 235 209 198 1 250 245 210 1 166 141 113 1 233 193 170 1 255 209 200 1 255 227 209 1 0 0 0 0 213 167 137 1 243 179 178 1 221 173 177 1 184 122 91 1 206 175 127 1 168 136 106 1 159 122 105 1 172 160 122 1 216 156 127 1 121 104 64 1 91 46 28 1 197 143 146 1 180 171 128 1 134 114 94 1 93 95 80 1 122 95 64 1 116 117 96 1 102 86 83 1 52 37 21 1 40 32 37 1 4 46 15 1 52 31 46 1 32 0 0 1 3 0 15 1 35 15 24 1 0 0 0 0 52 7 17 1 42 0 3 1 73 39 42 1 74 34 16 1 100 98 48 1 113 59 67 1
118 61 43 1 112 81 52 1 0 0 0 0 138 86 68 1 0 0 0 0 137 78 80 1 180 137 107 1 176 119 95 1 178 157 113 1 181 159 104 1 199 157 119 1 181 141 105 1 0 0 0 0 0 0 0 0 99 58 41 1 85 41 29 1 124 111 87 1 0 0 0 0 218 180 175 1 205 164 155 1 172 176 139 1 239 227 200 1 232 219 220 1 253 255 204 1 178 171 131 1 176 179 146 1 219 203 196 1 255 219 195 1 153 110 79 1 166 172 119 1 235 204 156 1 230 190 141 1 189 143 103 1 250 192 151 1 116 135 88 1 140 115 74 1 235 210 222 1 121 88 80 1 65 19 5 1 138 106 74 1 227 180 173 1 167 134 106 1 164 127 103 1 203 142 145 1 0 0 0 0 126 106 92 1 100 102 95 1 83 56 67 1 100 86 111 1 102 95 89 1 44 46 43 1 32 45 55 1 67 62 56 1 21 18 35 1 39 13 34 1 6 24 4 1 47 3 15 1 34 4 1 1 45 45 5 1 54 52 36 1 91 71 14 1
99 55 25 1 114 28 54 1 93 71 47 1 138 80 62 1 142 111 68 1 127 104 90 1 184 109 104 1 182 131 102 1 200 122 97 1 163 125 135 1 189 116 107 1 158 144 94 1 110 63 85 1 114 66 43 1 120 74 70 1 180 172 136 1 240 213 180 1 176 181 165 1 249 216 179 1 255 212 175 1 190 177 153 1 253 232 195 1 255 249 222 1 255 201 197 1 128 103 67 1 129 105 77 1 203 178 117 1 0 0 0 0 89 69 18 1 156 112 74 1 229 158 150 1 175 165 105 1 126 75 20 1 132 110 50 1 61 34 4 1 197 154 118 1 252 234 220 1 99 71 41 1 117 97 77 1 206 152 135 1 222 182 157 1 185 186 135 1 154 138 110 1 0 0 0 0 160 141 126 1 157 124 117 1 108 92 115 1 95 89 90 1 89 84 89 1 76 100 114 1 77 41 64 1 104 78 106 1 115 105 133 1 67 76 72 1 21 32 43 1 37 23 55 1 59 45 44 1 39 17 16 1 26 1 0 1 18 14 2 1 61 51 3 1
101 73 45 1 117 68 42 1 121 62 53 1 147 86 70 1 148 88 75 1 140 79 70 1 154 124 99 1 136 103 78 1 164 135 110 1 158 115 88 1 149 135 106 1 175 156 77 1 161 112 82 1 203 165 132 1 222 224 187 1 255 229 163 1 218 203 176 1 232 193 146 1 221 188 156 1 242 211 180 1 0 0 0 0 152 121 124 1 166 128 108 1 188 158 114 1 148 118 95 1 88 79 45 1 178 82 64 1 165 133 102 1 58 19 0 1 0 0 0 0 189 145 113 1 0 0 0 0 142 85 50 1 162 103 85 1 126 52 44 1 207 177 139 1 0 0 0 0 76 25 23 1 146 119 100 1 145 139 110 1 204 193 134 1 243 198 164 1 182 138 143 1 179 127 115 1 0 0 0 0 123 134 115 1 91 84 91 1 117 67 80 1 131 92 117 1 34 42 33 1 58 36 60 1 58 77 95 1 87 105 88 1 104 83 84 1 93 59 69 1 88 83 71 1 71 50 27 1 52 42 37 1 18 13 0 1 44 25 0 1 47 17 10 1
131 84 45 1 133 91 93 1 141 93 82 1 147 97 89 1 148 110 77 1 138 107 92 1 162 112 105 1 137 107 85 1 147 97 78 1 197 143 109 1 0 0 0 0 167 127 112 1 202 160 132 1 230 197 172 1 200 187 142 1 232 185 146 1 211 188 131 1 218 223 181 1 224 170 151 1 212 194 134 1 213 184 137 1 136 102 87 1 139 104 56 1 174 139 101 1 178 139 113 1 120 77 77 1 84 53 35 1 93 81 42 1 49 0 0 1 92 59 24 1 0 0 0 0 61 46 27 1 93 62 20 1 73 42 0 1 0 0 0 0 87 34 29 1 88 74 31 1 0 0 0 0 127 80 71 1 119 59 57 1 155 136 115 1 205 181 146 1 152 117 131 1 172 129 112 1 137 135 113 1 119 114 100 1 92 103 87 1 66 66 57 1 83 93 88 1 51 28 10 1 0 0 0 0 82 72 74 1 0 0 0 0 77 77 91 1 93 40 47 1 71 64 31 1 78 57 60 1 77 67 65 1 80 40 41 1 73 54 53 1 85 54 27 1
103 67 44 1 142 81 52 1 143 107 63 1 159 132 92 1 135 125 111 1 158 108 93 1 155 122 82 1 156 118 93 1 146 134 79 1 155 140 84 1 224 187 178 1 207 211 171 1 196 152 131 1 238 170 167 1 223 174 157 1 212 181 128 1 255 210 190 1 238 197 178 1 154 104 72 1 178 107 86 1 219 154 141 1 164 80 90 1 0 0 0 0 133 52 28 1 112 87 69 1 91 43 7 1 54 27 27 1 42 22 0 1 56 0 0 1 61 22 0 1 46 8 19 1 0 0 0 0 98 28 8 1 33 10 0 1 59 0 1 1 59 24 6 1 74 63 53 1 0 0 0 0 45 52 7 1 44 35 11 1 123 75 55 1 120 94 82 1 89 59 25 1 98 108 61 1 140 107 94 1 128 109 88 1 91 94 103 1 53 24 0 1 0 0 0 0 65 62 76 1 96 91 83 1 110 71 104 1 91 99 126 1 88 94 69 1 78 31 62 1 80 67 52 1 80 69 53 1 83 73 74 1 99 63 64 1 118 88 70 1 0 0 0 0
112 98 49 1 141 113 56 1 153 118 53 1 180 112 90 1 153 119 115 1 153 116 96 1 181 129 111 1 172 138 109 1 0 0 0 0 0 0 0 0 234 208 172 1 210 183 123 1 202 154 160 1 255 214 163 1 245 208 181 1 250 200 135 1 213 150 119 1 166 118 99 1 0 0 0 0 182 131 92 1 0 0 0 0 140 90 49 1 123 59 44 1 73 47 37 1 73 33 7 1 78 32 27 1 82 27 16 1 73 30 24 1 75 20 0 1 63 13 0 1 40 23 9 1 73 42 7 1 76 14 0 1 71 1 0 1 33 0 0 1 105 80 13 1 109 72 61 1 0 0 0 0 49 18 2 1 38 0 1 1 0 0 0 0 72 34 10 1 46 42 0 1 75 44 40 1 63 53 29 1 62 82 61 1 98 77 88 1 60 32 6 1 22 23 26 1 99 71 56 1 93 83 92 1 83 103 77 1 92 71 69 1 78 60 56 1 56 51 77 1 63 20 60 1 77 29 20 1 87 71 54 1 108 87 45 1 161 119 80 1 174 139 101 1
0 0 0 0 166 144 126 1 164 143 86 1 180 143 103 1 203 141 109 1 200 162 103 1 193 157 119 1 207 162 149 1 200 186 148 1 202 176 171 1 252 178 151 1 0 0 0 0 226 169 124 1 0 0 0 0 224 178 160 1 158 98 87 1 154 89 89 1 134 96 65 1 169 101 79 1 155 102 94 1 121 36 37 1 0 0 0 0 95 25 0 1 104 1 0 1 80 0 4 1 89 37 23 1 107 34 27 1 69 2 0 1 0 0 0 0 51 35 1 1 49 41 16 1 75 18 30 1 125 53 23 1 85 96 33 1 79 46 17 1 85 47 12 1 93 64 55 1 40 11 0 1 83 39 1 1 24 2 0 1 41 26 0 1 89 53 27 1 70 61 30 1 71 45 20 1 54 26 18 1 86 34 23 1 0 0 0 0 65 54 34 1 1 0 34 1 44 8 25 1 61 41 44 1 102 56 49 1 44 42 36 1 50 42 24 1 0 0 0 0 0 0 0 0 43 52 57 1 90 65 55 1 0 0 0 0 164 126 121 1 149 115 78 1
149 135 94 1 154 153 99 1 0 0 0 0 163 174 111 1 193 131 94 1 171 112 90 1 197 155 111 1 202 179 146 1 220 153 146 1 191 140 135 1 193 168 91 1 192 155 125 1 185 141 94 1 159 131 82 1 161 105 95 1 139 134 47 1 148 80 47 1 129 93 67 1 104 28 18 1 95 41 11 1 145 88 55 1 149 76 21 1 79 33 5 1 69 19 0 1 88 45 18 1 76 7 0 1 88 4 0 1 113 63 5 1 135 55 57 1 160 112 64 1 153 118 116 1 0 0 0 0 212 159 158 1 202 183 158 1 247 209 198 1 246 223 211 1 242 214 196 1 160 121 96 1 135 91 81 1 96 16 28 1 45 24 0 1 65 37 21 1 83 28 0 1 26 13 17 1 41 36 8 1 96 89 41 1 58 40 9 1 39 30 4 1 31 0 0 1 42 8 0 1 32 0 25 1 60 31 26 1 30 19 27 1 33 22 19 1 31 27 14 1 0 15 0 1 0 0 0 0 61 73 63 1 97 26 58 1 129 121 97 1 116 79 67 1
168 119 88 1 166 121 115 1 185 114 97 1 160 92 86 1 158 127 71 1 189 150 106 1 194 144 117 1 199 125 120 1 170 125 117 1 167 123 89 1 162 117 87 1 183 128 72 1 196 121 112 1 124 70 22 1 111 51 26 1 145 77 42 1 120 26 16 1 134 69 23 1 117 52 25 1 119 0 11 1 126 34 3 1 118 69 4 1 79 6 0 1 70 7 0 1 77 12 0 1 114 58 15 1 142 112 67 1 188 142 125 1 235 177 140 1 227 187 148 1 226 214 155 1 244 241 167 1 249 231 241 1 252 209 215 1 242 198 193 1 254 230 202 1 236 231 163 1 191 167 162 1 0 0 0 0 223 170 137 1 220 181 160 1 141 105 89 1 120 97 63 1 118 38 22 1 72 31 15 1 90 63 48 1 71 61 33 1 24 43 29 1 3 36 4 1 30 19 0 1 33 19 3 1 33 16 0 1 23 4 6 1 34 11 22 1 73 50 38 1 23 27 0 1 64 48 51 1 92 34 39 1 75 38 33 1 0 0 0 0 0 0 0 0
174 124 73 1 165 137 99 1 162 116 88 1 136 112 69 1 173 122 106 1 0 0 0 0 185 129 127 1 178 126 104 1 143 127 91 1 163 96 75 1 78 49 28 1 96 33 31 1 144 80 33 1 101 28 0 1 92 36 4 1 110 32 16 1 117 38 31 1 114 16 10 1 120 18 19 1 104 30 0 1 105 20 0 1 91 16 19 1 72 0 0 1 105 51 0 1 152 116 62 1 172 131 102 1 0 0 0 0 254 189 163 1 249 197 186 1 239 203 166 1 242 232 192 1 255 223 212 1 227 250 183 1 255 214 196 1 244 216 197 1 239 224 198 1 238 239 182 1 0 0 0 0 249 209 196 1 248 244 207 1 246 249 222 1 225 166 151 1 235 188 165 1 0 0 0 0 84 54 41 1 96 56 51 1 58 38 9 1 0 0 0 0 18 12 0 1 32 0 24 1 50 31 15 1 19 8 2 1 0 0 0 0 39 33 5 1 71 65 22 1 51 15 29 1 60 25 26 1 46 34 15 1 49 0 22 1 73 72 47 1 131 80 81 1
176 144 114 1 185 129 110 1 189 131 84 1 156 134 77 1 170 161 118 1 0 0 0 0 157 96 85 1 117 90 36 1 78 29 0 1 104 46 14 1 71 50 0 1 95 65 13 1 104 51 38 1 122 58 2 1 115 17 1 1 117 32 0 1 0 0 0 0 100 16 0 1 102 11 0 1 136 23 10 1 107 17 3 1 0 0 0 0 142 50 36 1 168 113 91 1 226 179 138 1 0 0 0 0 231 197 129 1 228 191 163 1 255 214 176 1 0 0 0 0 240 241 198 1 243 245 213 1 228 228 202 1 234 255 204 1 0 0 0 0 250 231 203 1 255 243 192 1 236 229 175 1 255 232 209 1 230 252 196 1 247 207 163 1 240 206 174 1 219 180 163 1 149 97 76 1 71 28 29 1 24 0 0 1 36 11 0 1 0 0 0 0 0 0 0 0 33 12 9 1 6 30 19 1 33 23 16 1 46 4 10 1 0 0 0 0 43 27 31 1 27 36 9 1 21 32 8 1 50 12 9 1 0 0 0 0 41 26 22 1 84 82 57 1
177 138 88 1 201 112 136 1 172 135 102 1 169 139 109 1 205 155 158 1 190 156 152 1 174 124 90 1 124 84 45 1 73 33 0 1 95 22 0 1 93 43 3 1 87 0 2 1 90 51 12 1 61 31 6 1 122 12 0 1 132 45 7 1 104 22 3 1 110 15 1 1 132 19 11 1 127 29 23 1 96 53 13 1 161 48 24 1 183 98 93 1 238 196 164 1 243 206 171 1 255 209 177 1 242 192 158 1 225 185 158 1 255 205 177 1 251 221 217 1 255 249 203 1 246 239 196 1 0 0 0 0 255 252 209 1 255 251 219 1 250 255 225 1 255 248 224 1 0 0 0 0 248 255 202 1 245 213 201 1 241 231 238 1 183 158 156 1 130 84 60 1 38 9 19 1 39 16 0 1 41 0 5 1 61 45 37 1 49 21 7 1 18 0 0 1 31 12 6 1 22 0 24 1 31 10 24 1 55 45 58 1 45 40 28 1 14 3 12 1 19 13 0 1 0 0 0 1 34 28 0 1 57 62 0 1 64 19 5 1 66 33 22 1
187 127 104 1 0 0 0 0 184 171 151 1 176 145 143 1 225 200 164 1 241 179 164 1 162 145 82 1 127 139 85 1 115 81 39 1 38 32 3 1 0 0 0 0 117 65 37 1 150 86 52 1 145 69 64 1 153 64 45 1 149 91 38 1 143 28 31 1 156 73 48 1 182 50 49 1 164 55 51 1 153 82 52 1 176 103 81 1 194 181 110 1 253 218 165 1 254 204 161 1 255 202 169 1 244 214 174 1 246 199 157 1 245 206 198 1 228 215 194 1 0 0 0 0 240 249 192 1 246 218 194 1 255 222 181 1 0 0 0 0 235 246 218 1 251 238 194 1 246 210 218 1 255 228 205 1 255 215 203 1 224 207 202 1 148 127 99 1 77 22 18 1 53 15 2 1 43 35 20 1 61 41 36 1 59 49 17 1 47 35 15 1 57 0 3 1 21 0 24 1 11 4 0 1 13 5 16 1 32 66 32 1 0 0 0 0 0 21 0 1 22 0 11 1 31 0 0 1 33 17 25 1 58 48 34 1 74 38 25 1 23 21 0 1
183 171 140 1 214 163 166 1 234 165 171 1 219 197 152 1 234 217 144 1 228 188 157 1 212 173 152 1 224 175 145 1 164 150 118 1 106 53 34 1 147 79 37 1 188 100 74 1 217 185 142 1 242 181 158 1 217 121 105 1 204 112 72 1 178 88 46 1 165 103 71 1 202 102 84 1 184 78 59 1 169 97 52 1 233 139 114 1 236 202 147 1 255 215 168 1 242 207 163 1 247 217 175 1 240 214 174 1 255 219 164 1 255 227 171 1 255 227 186 1 234 252 190 1 243 220 187 1 255 248 193 1 247 252 215 1 250 198 197 1 241 236 195 1 252 238 181 1 225 255 217 1 248 255 218 1 223 243 200 1 224 188 182 1 198 168 153 1 196 170 167 1 0 0 0 0 138 94 125 1 97 103 38 1 0 0 0 0 19 35 23 1 21 15 32 1 40 17 0 1 53 10 9 1 2 1 0 1 37 49 13 1 16 0 0 1 6 0 0 1 0 0 0 1 0 15 0 1 26 19 34 1 92 62 71 1 69 67 56 1 0 0 0 0
227 173 147 1 0 0 0 0 234 195 164 1 238 214 171 1 230 194 146 1 217 171 160 1 223 228 172 1 236 194 151 1 196 166 134 1 127 98 46 1 122 51 16 1 133 73 40 1 182 109 84 1 223 146 138 1 232 136 148 1 177 119 71 1 130 31 19 1 0 0 0 0 0 0 0 0 188 97 27 1 172 83 68 1 201 132 97 1 239 220 153 1 227 186 155 1 244 174 162 1 0 0 0 0 219 200 176 1 237 193 153 1 245 226 184 1 232 210 182 1 245 217 193 1 223 241 205 1 236 225 186 1 0 0 0 0 254 215 190 1 232 229 184 1 238 227 188 1 255 244 202 1 231 210 176 1 220 198 138 1 185 164 144 1 196 187 149 1 231 209 214 1 231 212 205 1 207 214 191 1 147 168 148 1 70 90 72 1 0 0 0 0 37 23 17 1 18 0 7 1 32 0 0 1 2 0 13 1 10 22 15 1 23 0 0 1 0 0 9 1 14 16 7 1 24 0 2 1 45 22 9 1 71 28 31 1 80 67 54 1 86 38 41 1
211 158 144 1 199 144 140 1 223 178 181 1 221 207 162 1 210 183 141 1 236 199 158 1 239 206 167 1 224 199 146 1 255 228 156 1 228 170 148 1 155 109 75 1 131 81 68 1 155 74 43 1 168 125 61 1 210 139 99 1 130 71 9 1 118 29 0 1 147 48 2 1 190 97 62 1 175 65 51 1 149 91 0 1 233 149 91 1 246 210 150 1 229 215 152 1 236 207 145 1 231 239 174 1 248 211 156 1 0 0 0 0 255 246 172 1 248 217 177 1 213 215 179 1 230 245 222 1 255 254 194 1 237 224 201 1 255 232 200 1 252 253 216 1 239 228 215 1 217 214 200 1 221 209 156 1 176 185 139 1 157 131 112 1 189 181 156 1 221 187 187 1 193 159 161 1 0 0 0 0 105 116 110 1 44 58 50 1 0 2 19 1 26 4 2 1 12 0 8 1 19 11 0 1 18 19 0 1 20 11 14 1 20 4 0 1 15 15 16 1 0 0 0 1 7 6 0 1 28 12 18 1 43 20 8 1 48 27 27 1 55 16 21 1
196 172 137 1 237 189 198 1 237 219 166 1 223 236 174 1 224 206 173 1 196 219 183 1 248 220 198 1 255 212 192 1 242 211 186 1 0 0 0 0 217 159 135 1 191 139 122 1 181 105 91 1 180 127 92 1 185 87 67 1 141 50 35 1 180 80 30 1 137 43 11 1 195 93 43 1 184 83 59 1 157 58 28 1 189 94 87 1 247 156 118 1 255 205 162 1 213 191 160 1 255 216 164 1 208 209 172 1 238 223 171 1 231 222 205 1 246 222 170 1 252 223 183 1 250 226 210 1 248 223 198 1 255 232 217 1 223 219 201 1 207 206 160 1 228 221 172 1 239 177 157 1 179 151 122 1 130 101 70 1 0 0 0 0 162 172 156 1 0 0 0 0 152 154 165 1 155 154 141 1 80 58 66 1 20 18 0 1 23 26 7 1 27 21 8 1 0 10 25 1 0 0 4 1 0 0 0 0 0 0 0 0 0 21 7 1 28 0 0 1 6 0 0 1 42 5 3 1 16 0 19 1 0 6 0 1 72 75 44 1 49 67 38 1
181 173 153 1 223 211 185 1 254 206 168 1 255 199 182 1 222 199 215 1 211 212 167 1 233 240 201 1 238 212 171 1 244 223 185 1 227 227 175 1 233 180 172 1 224 151 119 1 178 120 121 1 182 114 79 1 207 113 92 1 174 111 69 1 176 73 59 1 0 0 0 0 168 32 20 1 182 62 42 1 0 0 0 0 197 122 55 1 243 174 128 1 0 0 0 0 218 185 131 1 249 221 188 1 224 204 157 1 227 230 167 1 255 226 174 1 255 242 205 1 242 235 235 1 249 234 194 1 248 236 214 1 220 253 201 1 250 235 187 1 205 206 157 1 216 177 119 1 195 136 129 1 124 80 77 1 52 18 0 1 53 49 34 1 96 74 76 1 0 0 0 0 96 68 118 1 84 87 60 1 36 7 40 1 7 0 0 1 21 0 4 1 2 5 1 1 0 5 28 1 4 0 15 1 11 19 14 1 0 3 0 1 1 17 0 1 10 0 0 1 1 10 5 1 19 11 0 1 16 17 9 1 0 0 0 1 65 79 60 1 54 34 23 1
208 170 151 1 0 0 0 0 233 205 177 1 249 194 176 1 239 168 156 1 0 0 0 0 0 0 0 0 229 219 162 1 246 216 179 1 197 207 211 1 255 210 195 1 234 210 174 1 189 162 131 1 221 151 134 1 214 124 122 1 197 114 109 1 211 103 96 1 223 122 83 1 200 80 97 1 197 100 43 1 190 93 37 1 190 122 86 1 255 204 128 1 255 182 133 1 0 0 0 0 255 211 169 1 235 225 179 1 252 219 171 1 255 244 181 1 255 212 196 1 249 223 185 1 0 0 0 0 249 213 190 1 234 249 196 1 229 202 186 1 243 181 156 1 237 210 154 1 166 134 129 1 115 81 35 1 14 27 0 1 16 0 27 1 19 0 13 1 34 18 39 1 57 53 45 1 49 12 23 1 9 10 4 1 1 2 5 1 57 8 2 1 0 0 13 1 0 18 26 1 13 0 31 1 8 14 0 1 0 8 0 1 0 9 5 1 5 0 9 1 23 0 19 1 2 24 0 1 12 0 2 1 29 9 3 1 94 72 68 1 42 60 28 1
193 158 143 1 221 205 141 1 212 212 166 1 239 235 193 1 201 209 190 1 216 212 190 1 229 201 194 1 216 209 194 1 239 210 178 1 228 215 186 1 255 229 177 1 0 0 0 0 255 180 140 1 234 168 139 1 215 149 95 1 225 115 91 1 208 140 91 1 0 0 0 0 192 69 59 1 197 89 44 1 172 84 20 1 197 82 65 1 245 161 103 1 247 180 149 1 215 185 147 1 237 225 158 1 0 0 0 0 235 203 176 1 223 201 184 1 238 228 176 1 246 228 204 1 244 201 180 1 235 210 204 1 227 206 184 1 227 202 154 1 217 196 151 1 211 151 141 1 204 152 103 1 125 52 84 1 0 0 0 0 15 12 27 1 2 0 3 1 50 11 1 1 44 36 27 1 18 18 11 1 4 16 0 1 21 35 9 1 47 1 16 1 0 10 21 1 2 13 8 1 5 0 22 1 0 0 20 1 0 0 21 1 0 17 8 1 16 0 10 1 0 0 0 0 23 0 10 1 24 19 17 1 27 0 17 1 69 47 53 1 36 4 27 1
204 171 132 1 195 198 167 1 223 213 173 1 236 203 201 1 243 203 197 1 235 192 169 1 0 0 0 0 0 0 0 0 248 216 186 1 229 221 166 1 221 212 191 1 255 211 188 1 233 201 157 1 236 188 181 1 212 223 164 1 0 0 0 0 255 163 131 1 194 150 110 1 204 130 71 1 202 125 93 1 176 131 65 1 202 135 76 1 220 154 108 1 255 178 127 1 222 174 128 1 0 0 0 0 212 199 160 1 243 185 163 1 227 207 168 1 222 217 172 1 236 225 157 1 220 226 178 1 226 206 176 1 242 217 184 1 230 213 185 1 209 204 137 1 221 186 155 1 190 176 132 1 124 96 71 1 20 0 0 1 27 18 0 1 44 23 2 1 43 30 29 1 69 34 26 1 54 38 19 1 64 33 6 1 63 17 20 1 36 4 0 1 0 5 0 1 30 0 21 1 0 0 0 0 15 0 7 1 39 0 12 1 5 6 0 1 11 0 17 1 23 21 0 1 0 0 0 0 0 0 0 0 27 3 30 1 49 32 32 1 23 33 20 1
193 169 120 1 235 205 184 1 227 194 147 1 225 199 171 1 236 211 195 1 232 234 175 1 213 213 193 1 246 248 183 1 224 213 188 1 223 220 156 1 255 225 181 1 224 216 173 1 234 204 157 1 255 229 181 1 255 223 208 1 249 204 161 1 0 0 0 0 232 142 107 1 219 119 102 1 212 126 73 1 186 131 110 1 192 113 93 1 186 120 75 1 240 160 120 1 225 190 147 1 239 212 142 1 208 205 156 1 230 196 173 1 255 181 180 1 215 213 165 1 228 215 201 1 218 207 160 1 225 197 162 1 219 203 182 1 226 187 168 1 207 214 165 1 234 178 131 1 236 163 135 1 129 122 79 1 49 18 0 1 30 0 0 1 47 25 0 1 31 25 8 1 31 21 30 1 62 41 41 1 49 48 28 1 16 14 0 1 38 23 0 1 28 14 0 1 0 0 0 0 5 0 0 1 11 4 11 1 6 0 7 1 0 0 0 1 13 30 30 1 2 4 9 1 18 6 3 1 28 11 15 1 14 11 15 1 0 0 0 0 9 31 57 1
201 164 154 1 204 202 164 1 232 191 161 1 255 210 201 1 0 0 0 0 225 204 186 1 210 245 194 1 240 222 187 1 206 232 201 1 243 213 186 1 228 213 190 1 220 224 183 1 228 205 168 1 251 211 204 1 235 218 168 1 232 199 160 1 225 168 139 1 207 175 111 1 222 143 137 1 197 152 140 1 214 148 77 1 0 0 0 0 223 131 80 1 251 149 106 1 252 165 129 1 0 0 0 0 229 192 160 1 255 225 174 1 225 214 188 1 236 207 175 1 209 202 167 1 0 0 0 0 206 171 153 1 0 0 0 0 232 227 193 1 0 0 0 0 201 127 125 1 188 162 108 1 137 79 75 1 61 35 0 1 16 6 15 1 24 14 0 1 16 23 25 1 29 27 6 1 54 34 49 1 51 55 38 1 0 0 0 0 50 23 0 1 42 3 24 1 31 0 12 1 21 0 21 1 34 0 9 1 0 0 0 0 38 9 4 1 27 19 3 1 20 8 0 1 36 18 9 1 47 14 40 1 35 30 25 1 36 6 0 1 46 32 17 1
183 135 122 1 223 166 165 1 217 172 143 1 231 202 182 1 227 215 169 1 216 198 204 1 229 213 197 1 215 210 177 1 235 233 184 1 247 223 185 1 238 201 166 1 231 194 186 1 243 225 178 1 0 0 0 0 237 218 165 1 204 180 135 1 196 176 135 1 226 176 141 1 225 139 121 1 199 164 125 1 226 172 110 1 231 134 93 1 199 110 96 1 188 128 80 1 213 155 107 1 255 190 155 1 250 211 159 1 249 222 201 1 245 240 188 1 250 201 163 1 229 230 186 1 220 204 150 1 233 217 194 1 209 198 142 1 248 185 152 1 203 167 131 1 190 150 121 1 195 173 129 1 157 131 93 1 100 49 48 1 38 5 0 1 20 0 0 1 43 39 26 1 63 47 40 1 78 36 38 1 63 42 64 1 61 29 33 1 72 24 20 1 0 0 0 0 57 36 35 1 48 22 42 1 60 26 13 1 43 17 36 1 29 20 21 1 25 28 0 1 53 30 19 1 34 32 17 1 61 21 36 1 0 0 0 0 57 45 29 1 57 17 49 1
215 185 156 1 206 163 150 1 248 212 178 1 255 232 216 1 246 196 196 1 247 204 166 1 223 202 191 1 239 229 173 1 238 219 188 1 227 206 165 1 235 210 191 1 233 198 182 1 222 193 160 1 0 0 0 0 214 192 172 1 215 202 154 1 212 193 156 1 219 181 147 1 230 174 137 1 229 167 142 1 228 159 101 1 194 127 95 1 213 118 101 1 195 114 123 1 211 138 105 1 0 0 0 0 240 197 146 1 211 179 149 1 255 237 196 1 219 225 160 1 214 228 175 1 234 192 179 1 231 196 157 1 229 180 161 1 0 0 0 0 194 193 172 1 210 209 148 1 183 159 144 1 171 161 110 1 132 126 97 1 73 39 12 1 0 0 0 0 0 0 0 0 56 36 17 1 66 21 9 1 56 18 12 1 54 45 47 1 62 54 57 1 79 28 25 1 89 45 6 1 81 44 42 1 59 43 12 1 54 31 15 1 48 46 13 1 69 36 21 1 60 52 31 1 78 23 51 1 56 51 36 1 44 36 19 1 0 0 0 0 36 9 31 1
195 169 105 1 182 161 134 1 227 206 175 1 255 223 189 1 254 234 199 1 230 197 191 1 239 193 183 1 235 212 164 1 243 216 235 1 238 212 204 1 236 213 175 1 214 214 196 1 248 212 178 1 251 215 176 1 223 204 159 1 244 210 170 1 214 177 133 1 220 172 126 1 213 182 131 1 0 0 0 0 210 141 114 1 191 125 116 1 211 151 117 1 205 127 100 1 195 132 87 1 202 130 91 1 226 187 121 1 255 184 120 1 219 202 179 1 255 217 175 1 0 0 0 0 236 222 169 1 203 165 181 1 221 196 182 1 226 183 172 1 210 180 140 1 217 183 148 1 209 183 138 1 199 154 146 1 171 143 128 1 100 104 69 1 63 20 18 1 17 25 8 1 44 15 19 1 31 41 42 1 65 30 40 1 80 32 37 1 0 0 0 0 45 23 18 1 49 74 30 1 76 35 45 1 58 67 23 1 53 65 24 1 74 18 20 1 82 45 29 1 63 48 48 1 82 42 26 1 49 52 31 1 40 32 35 1 37 18 0 1 51 19 0 1
197 164 120 1 206 168 144 1 232 186 168 1 207 183 184 1 226 209 169 1 253 217 184 1 255 232 197 1 255 246 186 1 255 215 180 1 236 197 197 1 248 191 197 1 232 215 184 1 235 205 181 1 0 0 0 0 193 183 134 1 208 166 142 1 204 173 146 1 207 194 126 1 216 168 155 1 0 0 0 0 204 163 119 1 213 142 129 1 209 139 105 1 203 165 113 1 193 145 95 1 203 151 102 1 191 134 141 1 201 147 114 1 205 182 123 1 240 205 151 1 219 197 153 1 222 187 153 1 212 158 144 1 215 170 141 1 213 183 151 1 0 0 0 0 216 185 149 1 214 164 155 1 185 147 112 1 147 165 114 1 0 0 0 0 0 0 0 0 48 35 8 1 59 6 4 1 30 5 5 1 41 23 14 1 62 49 22 1 43 33 1 1 52 22 25 1 39 60 28 1 53 44 37 1 55 38 7 1 77 63 43 1 37 52 13 1 54 57 43 1 58 57 32 1 49 26 39 1 41 38 18 1 0 0 0 0 43 0 0 1 28 3 2 1
181 152 123 1 173 156 135 1 190 169 147 1 199 206 166 1 232 205 172 1 241 205 177 1 239 201 194 1 245 208 204 1 232 216 175 1 217 215 192 1 232 205 185 1 255 227 214 1 236 209 182 1 235 192 167 1 204 157 138 1 218 161 137 1 195 185 143 1 184 198 124 1 226 204 158 1 194 173 151 1 191 161 142 1 223 163 135 1 185 155 126 1 238 174 96 1 237 150 104 1 205 149 108 1 188 149 92 1 194 152 105 1 184 165 116 1 198 181 135 1 207 181 123 1 191 161 133 1 201 167 120 1 175 168 145 1 217 167 115 1 0 0 0 0 179 172 135 1 186 170 130 1 167 140 136 1 166 150 114 1 137 149 125 1 123 97 61 1 73 54 42 1 31 41 21 1 72 5 4 1 25 0 0 1 53 15 0 1 44 27 19 1 20 1 26 1 36 35 52 1 58 40 21 1 40 22 20 1 42 44 8 1 18 28 35 1 41 30 16 1 40 1 18 1 15 23 0 1 0 23 9 1 11 0 15 1 22 6 6 1 22 5 0 1
191 148 133 1 192 193 123 1 199 177 161 1 217 176 182 1 223 193 162 1 187 200 169 1 242 212 181 1 221 197 211 1 209 210 190 1 227 210 162 1 237 202 183 1 255 216 204 1 225 220 219 1 226 199 154 1 0 0 0 0 226 184 163 1 182 179 147 1 213 210 146 1 255 221 194 1 194 199 149 1 169 127 126 1 204 170 139 1 230 161 133 1 178 131 93 1 187 154 76 1 193 120 91 1 224 140 90 1 186 131 98 1 182 134 98 1 0 0 0 0 195 152 116 1 179 162 114 1 210 144 133 1 189 156 131 1 214 141 130 1 193 174 128 1 190 162 133 1 193 155 127 1 189 160 120 1 178 144 125 1 176 139 107 1 173 127 89 1 152 112 93 1 0 0 0 0 81 41 26 1 74 1 0 1 42 5 0 1 40 0 0 1 42 28 5 1 50 4 0 1 32 0 0 1 29 2 0 1 41 17 0 1 25 33 0 1 0 0 0 0 0 0 0 0 0 0 0 0 30 18 0 1 29 7 10 1 28 19 0 1 33 12 31 1
203 155 129 1 218 171 145 1 213 201 152 1 205 203 165 1 0 0 0 0 215 215 187 1 225 237 207 1 255 224 204 1 0 0 0 0 241 194 172 1 246 209 167 1 239 215 184 1 231 197 180 1 216 194 162 1 219 186 171 1 232 212 171 1 236 220 181 1 187 175 144 1 225 185 166 1 211 215 158 1 236 154 141 1 240 182 184 1 179 142 105 1 164 76 62 1 206 127 62 1 174 132 94 1 175 149 107 1 181 128 114 1 190 134 125 1 0 0 0 0 194 150 150 1 213 158 134 1 202 163 122 1 232 177 81 1 234 174 114 1 0 0 0 0 174 160 131 1 188 144 120 1 198 147 99 1 165 157 127 1 144 137 96 1 0 0 0 0 128 107 96 1 136 115 62 1 101 60 41 1 0 0 0 0 79 7 15 1 52 12 0 1 21 4 0 1 23 0 15 1 32 8 0 1 12 0 11 1 0 0 0 0 18 0 0 1 0 0 5 1 8 17 0 1 0 13 21 1 13 0 0 1 20 24 1 1 29 0 1 1 38 0 10 1
192 141 122 1 0 0 0 0 218 178 178 1 193 197 148 1 255 179 183 1 226 207 170 1 0 0 0 0 232 211 177 1 255 228 222 1 255 226 207 1 222 218 197 1 238 254 177 1 255 200 160 1 228 217 156 1 238 209 183 1 241 210 180 1 234 192 162 1 198 190 159 1 227 208 170 1 216 194 169 1 242 199 158 1 178 171 140 1 168 105 85 1 200 137 116 1 203 166 132 1 197 148 83 1 171 119 94 1 162 119 78 1 191 124 86 1 0 0 0 0 222 168 111 1 202 133 102 1 0 0 0 0 209 153 67 1 173 165 98 1 0 0 0 0 180 162 122 1 194 128 120 1 173 121 93 1 194 142 90 1 154 116 73 1 162 104 82 1 166 123 55 1 165 86 45 1 0 0 0 0 112 94 59 1 92 73 25 1 0 0 0 0 65 10 0 1 58 0 0 1 57 16 0 1 50 0 2 1 29 7 0 1 51 2 1 1 48 0 0 1 55 8 5 1 56 3 0 1 36 19 0 1 43 18 0 1 20 22 0 1 40 10 10 1
223 167 164 1 206 189 128 1 199 158 139 1 195 175 118 1 214 203 167 1 236 196 175 1 242 214 179 1 244 200 173 1 255 206 189 1 255 241 177 1 222 213 180 1 0 0 0 0 255 228 193 1 252 216 195 1 239 226 191 1 213 226 190 1 242 202 164 1 225 169 169 1 211 180 143 1 199 151 144 1 215 185 151 1 190 148 125 1 114 70 49 1 180 142 110 1 229 188 102 1 166 143 67 1 132 94 30 1 108 78 11 1 0 0 0 0 176 127 108 1 203 160 106 1 164 95 81 1 185 110 89 1 174 127 67 1 176 99 116 1 171 138 103 1 196 129 138 1 226 177 111 1 170 134 121 1 167 156 99 1 174 149 96 1 213 168 109 1 198 147 147 1 175 145 92 1 172 100 100 1 151 94 74 1 122 101 53 1 93 65 51 1 87 62 73 1 101 52 33 1 66 44 10 1 90 34 27 1 62 32 0 1 61 21 28 1 64 18 16 1 90 39 17 1 76 24 47 1 73 15 19 1 60 11 35 1 57 21 3 1 0 0 0 0
164 158 156 1 172 178 135 1 0 0 0 0 184 161 127 1 219 211 173 1 240 224 176 1 238 196 161 1 255 198 183 1 249 191 177 1 218 202 192 1 243 239 194 1 224 225 163 1 222 225 191 1 254 211 205 1 224 209 171 1 221 182 163 1 213 217 181 1 0 0 0 0 209 180 171 1 225 199 162 1 0 0 0 0 127 64 30 1 0 0 0 0 170 154 139 1 205 201 192 1 190 127 97 1 130 88 68 1 129 110 59 1 121 95 29 1 161 131 93 1 133 92 76 1 100 96 52 1 145 75 32 1 141 91 52 1 91 75 24 1 152 136 104 1 118 88 20 1 155 108 58 1 163 136 103 1 159 142 101 1 166 157 116 1 224 158 122 1 227 173 135 1 210 171 141 1 220 160 108 1 186 161 101 1 190 136 104 1 189 131 111 1 165 142 93 1 196 123 43 1 126 78 34 1 157 90 70 1 151 85 23 1 0 0 0 0 126 57 39 1 146 17 47 1 114 46 18 1 128 70 47 1 80 48 25 1 88 27 18 1 103 30 43 1
167 139 125 1 186 159 121 1 209 180 159 1 207 206 131 1 219 211 170 1 239 181 169 1 239 196 178 1 201 203 175 1 230 187 153 1 0 0 0 0 240 205 200 1 235 213 167 1 253 218 188 1 222 202 169 1 229 210 163 1 224 189 153 1 0 0 0 0 220 208 175 1 0 0 0 0 235 189 175 1 138 88 45 1 137 92 66 1 198 163 124 1 201 192 143 1 213 175 145 1 130 95 51 1 166 113 107 1 181 119 93 1 101 76 49 1 159 104 80 1 136 94 42 1 148 76 34 1 205 130 88 1 129 84 37 1 149 91 51 1 140 79 52 1 150 86 73 1 155 97 69 1 147 67 29 1 147 110 96 1 163 106 59 1 176 114 65 1 175 110 101 1 0 0 0 0 157 119 70 1 162 118 76 1 146 87 72 1 158 119 57 1 140 51 49 1 164 77 74 1 177 70 55 1 0 0 0 0 136 98 71 1 170 79 44 1 159 83 54 1 177 88 43 1 160 76 56 1 0 0 0 0 89 39 4 1 107 29 12 1 86 35 33 1
189 171 118 1 211 165 154 1 243 198 173 1 196 194 141 1 215 176 140 1 231 181 182 1 0 0 0 0 242 213 194 1 221 200 183 1 214 214 179 1 232 206 174 1 255 216 202 1 0 0 0 0 224 222 166 1 208 210 192 1 229 219 154 1 226 212 174 1 227 196 142 1 222 213 181 1 208 189 156 1 0 0 0 0 212 208 162 1 200 174 142 1 159 142 111 1 148 113 100 1 0 0 0 0 204 195 123 1 160 125 118 1 168 117 84 1 223 138 110 1 96 75 34 1 173 141 111 1 188 136 79 1 150 123 86 1 145 134 81 1 113 83 20 1 0 0 0 0 100 81 6 1 0 0 0 0 152 80 52 1 149 96 33 1 120 84 49 1 133 70 18 1 143 94 50 1 116 70 46 1 147 82 51 1 132 76 26 1 133 91 52 1 155 108 74 1 152 83 60 1 0 0 0 0 106 62 25 1 123 84 41 1 133 85 50 1 114 65 43 1 100 84 31 1 117 52 81 1 116 46 2 1 95 42 0 1 76 34 0 1 65 45 22 1
218 188 159 1 233 200 162 1 237 210 173 1 230 189 169 1 199 201 148 1 212 170 121 1 224 173 180 1 227 178 194 1 221 225 191 1 229 205 188 1 241 211 214 1 246 238 203 1 244 216 187 1 232 202 154 1 222 222 161 1 226 211 191 1 223 188 168 1 219 233 208 1 248 231 189 1 121 113 57 1 123 94 47 1 237 196 179 1 143 137 92 1 94 83 61 1 0 0 0 0 209 144 168 1 207 150 151 1 157 142 89 1 161 138 109 1 174 128 107 1 120 109 81 1 234 168 137 1 134 81 95 1 196 151 106 1 149 120 61 1 138 80 50 1 148 77 78 1 131 123 64 1 174 102 59 1 151 102 80 1 151 69 47 1 101 60 29 1 108 58 35 1 0 0 0 0 88 85 39 1 112 39 42 1 95 61 33 1 135 72 30 1 141 93 71 1 0 0 0 0 0 0 0 0 105 41 15 1 91 38 0 1 108 53 40 1 105 45 43 1 66 5 22 1 94 64 1 1 72 64 28 1 105 54 27 1 112 48 29 1 88 58 33 1
178 126 121 1 208 172 134 1 211 181 166 1 193 178 159 1 201 170 151 1 181 156 151 1 225 202 169 1 250 226 197 1 0 0 0 0 204 195 161 1 251 197 200 1 241 223 183 1 0 0 0 0 223 193 201 1 244 223 171 1 0 0 0 0 205 189 185 1 250 205 201 1 233 209 157 1 84 77 34 1 123 90 90 1 206 169 151 1 163 150 95 1 0 0 0 0 200 157 156 1 176 162 124 1 186 184 127 1 193 157 122 1 169 119 84 1 140 108 75 1 116 111 87 1 154 97 90 1 164 103 66 1 0 0 0 0 183 123 84 1 174 139 112 1 150 142 89 1 182 142 133 1 178 156 117 1 182 124 110 1 138 84 43 1 117 63 67 1 156 115 77 1 169 135 87 1 0 0 0 0 101 79 40 1 85 62 21 1 100 85 38 1 124 113 53 1 75 65 32 1 104 55 26 1 59 17 9 1 70 45 25 1 146 106 55 1 0 0 0 0 62 66 0 1 43 23 0 1 91 58 12 1 81 48 26 1 89 61 47 1 62 53 41 1
204 182 168 1 211 176 152 1 223 188 152 1 214 180 167 1 204 186 151 1 236 219 177 1 209 207 175 1 222 200 174 1 239 218 147 1 254 207 167 1 248 173 144 1 212 158 126 1 203 190 166 1 192 196 170 1 229 188 157 1 0 0 0 0 245 220 197 1 219 203 146 1 178 150 113 1 145 132 115 1 174 158 125 1 223 197 178 1 217 178 153 1 232 175 151 1 198 169 137 1 182 156 141 1 197 173 140 1 138 104 87 1 0 0 0 0 140 72 83 1 110 42 24 1 102 64 43 1 138 87 78 1 0 0 0 0 135 104 76 1 159 116 92 1 113 70 27 1 130 123 79 1 126 103 52 1 135 90 59 1 44 30 4 1 118 74 50 1 156 124 114 1 158 103 101 1 119 46 0 1 108 52 18 1 108 81 35 1 125 92 63 1 136 101 42 1 106 55 55 1 127 49 58 1 90 67 22 1 92 28 22 1 90 87 17 1 71 30 44 1 0 0 0 0 63 38 16 1 77 51 39 1 93 46 36 1 57 58 8 1 35 23 6 1
193 146 149 1 199 181 157 1 219 207 154 1 229 175 165 1 223 169 151 1 207 173 184 1 227 202 155 1 218 198 169 1 255 218 165 1 243 226 172 1 219 212 199 1 219 229 178 1 237 201 154 1 217 208 178 1 226 220 185 1 247 210 170 1 191 170 158 1 205 175 133 1 168 156 104 1 235 210 169 1 205 168 173 1 211 200 158 1 217 160 144 1 203 202 150 1 0 0 0 0 176 157 123 1 200 171 142 1 158 137 115 1 182 117 101 1 93 82 26 1 102 58 40 1 115 112 56 1 148 133 110 1 154 114 58 1 0 0 0 0 153 133 100 1 136 86 85 1 151 95 117 1 0 0 0 0 74 43 33 1 76 34 11 1 122 91 62 1 135 88 37 1 94 86 41 1 71 17 0 1 90 45 28 1 106 71 38 1 150 98 60 1 0 0 0 0 157 143 115 1 206 145 120 1 103 87 63 1 55 40 40 1 76 47 15 1 77 59 18 1 104 90 51 1 103 53 33 1 67 70 24 1 59 49 54 1 58 22 20 1 57 26 0 1