3
207 134 66 61
39 33 75 1 42 47 70 1 60 55 78 1 47 39 59 1 50 65 25 1 82 92 65 1 98 70 47 1 76 57 42 1 80 109 71 1 59 74 45 1 0 0 0 0 76 81 28 1 110 101 32 1 136 137 66 1 116 104 94 1 150 121 44 1 131 109 68 1 104 121 70 1 0 0 0 0 94 91 65 1 98 119 86 1 133 146 109 1 122 135 90 1 123 134 75 1 0 0 0 0 91 101 43 1 0 0 0 0 140 145 75 1 159 147 100 1 103 102 45 1 105 114 68 1 120 103 75 1 107 110 66 1 118 106 59 1 102 138 38 1 0 0 0 0 134 127 65 1 177 149 100 1 47 39 30 1 83 77 59 1 125 93 74 1 74 64 71 1 52 51 36 1 90 66 40 1 81 51 23 1 82 67 47 1 111 124 64 1 144 114 53 1 0 0 0 0 104 47 34 1 104 67 40 1 0 0 0 0 76 82 49 1 149 89 86 1 0 0 0 0 84 75 45 1 103 85 68 1 92 76 70 1 84 79 29 1 89 67 60 1 46 67 11 1
42 39 69 1 0 0 0 0 45 47 51 1 55 67 49 1 69 73 73 1 91 88 91 1 53 95 55 1 57 57 67 1 100 62 40 1 88 83 42 1 121 80 65 1 0 0 0 0 90 66 41 1 132 119 65 1 103 100 66 1 140 134 60 1 146 110 102 1 112 117 58 1 0 0 0 0 0 0 0 0 113 111 72 1 98 100 68 1 85 93 55 1 88 98 50 1 95 69 60 1 90 98 70 1 131 144 94 1 164 172 71 1 133 134 43 1 108 122 55 1 98 103 45 1 142 133 56 1 152 107 56 1 170 140 111 1 159 110 71 1 126 98 55 1 138 142 95 1 141 137 61 1 89 64 38 1 134 111 93 1 0 0 0 0 67 88 29 1 0 0 0 0 95 81 40 1 98 68 69 1 104 101 66 1 132 147 89 1 91 71 78 1 89 67 31 1 92 93 42 1 0 0 0 0 106 92 39 1 113 65 41 1 119 85 48 1 123 100 57 1 97 63 64 1 64 77 52 1 101 71 68 1 102 88 62 1 89 82 60 1 66 76 33 1
57 34 49 1 0 0 0 0 56 30 37 1 64 52 62 1 98 64 55 1 73 64 78 1 55 79 26 1 63 50 44 1 82 66 37 1 101 59 31 1 101 97 22 1 80 83 40 1 105 66 51 1 97 110 61 1 105 109 64 1 131 118 75 1 127 123 66 1 117 106 70 1 106 119 66 1 130 117 56 1 119 111 59 1 105 126 54 1 110 107 48 1 119 121 61 1 0 0 0 0 104 111 70 1 110 115 34 1 0 0 0 0 133 132 74 1 133 137 62 1 0 0 0 0 106 79 61 1 120 116 64 1 116 117 63 1 118 130 75 1 128 104 49 1 106 97 83 1 131 121 100 1 106 67 39 1 100 64 32 1 65 61 57 1 92 81 44 1 126 96 68 1 135 114 84 1 104 87 74 1 121 95 48 1 109 101 80 1 102 97 104 1 77 97 59 1 89 77 38 1 83 80 20 1 119 109 70 1 117 130 83 1 92 75 58 1 65 96 59 1 68 59 28 1 74 57 7 1 102 59 37 1 73 87 53 1 80 72 48 1 80 66 27 1
41 71 50 1 53 32 63 1 0 0 0 0 0 0 0 0 73 90 71 1 89 92 72 1 60 78 43 1 69 91 32 1 100 89 56 1 109 81 32 1 122 119 22 1 103 68 45 1 105 73 46 1 102 97 65 1 126 96 56 1 98 88 49 1 109 90 59 1 121 130 76 1 94 98 44 1 93 99 55 1 0 0 0 0 111 116 62 1 103 114 105 1 139 124 57 1 115 107 65 1 103 130 55 1 0 0 0 0 116 96 49 1 146 124 63 1 133 126 72 1 118 94 49 1 132 116 40 1 115 111 56 1 113 93 58 1 0 0 0 0 118 110 51 1 0 0 0 0 96 95 66 1 74 54 13 1 51 64 16 1 93 51 43 1 116 97 64 1 121 112 64 1 133 102 69 1 123 79 59 1 111 69 67 1 120 133 108 1 113 105 77 1 62 78 32 1 84 103 52 1 126 78 39 1 139 107 87 1 113 90 56 1 106 62 60 1 0 0 0 0 96 66 77 1 80 70 28 1 78 41 48 1 0 0 0 0 95 91 53 1 96 83 53 1
35 16 56 1 76 34 48 1 0 0 0 0 94 63 67 1 107 54 43 1 99 74 64 1 96 58 37 1 77 93 64 1 88 98 81 1 114 105 43 1 90 77 35 1 109 108 56 1 99 104 19 1 116 80 65 1 100 98 55 1 89 59 31 1 114 86 47 1 112 110 55 1 116 115 50 1 100 117 57 1 102 93 59 1 141 135 82 1 127 138 88 1 128 130 101 1 126 117 66 1 97 129 49 1 132 103 58 1 165 132 36 1 114 105 48 1 139 114 48 1 115 76 44 1 114 83 55 1 0 0 0 0 121 92 50 1 114 99 61 1 115 104 68 1 97 101 69 1 108 103 50 1 70 80 23 1 69 41 30 1 82 82 48 1 117 103 45 1 116 117 62 1 0 0 0 0 93 69 33 1 80 119 38 1 109 108 87 1 104 105 85 1 64 80 53 1 106 88 104 1 132 118 98 1 124 109 85 1 0 0 0 0 80 71 45 1 101 65 62 1 99 63 56 1 0 0 0 0 64 68 36 1 0 0 0 0 90 65 23 1 124 92 44 1
43 16 59 1 53 5 51 1 55 54 48 1 76 92 19 1 93 85 47 1 76 81 62 1 69 70 74 1 98 74 52 1 133 100 46 1 111 113 70 1 92 76 24 1 104 52 22 1 102 66 32 1 92 102 75 1 84 68 47 1 82 79 26 1 131 97 69 1 132 108 69 1 106 138 85 1 112 103 70 1 132 115 71 1 116 131 74 1 124 111 62 1 134 118 82 1 139 129 57 1 125 136 88 1 110 118 67 1 113 91 46 1 0 0 0 0 111 98 59 1 88 67 51 1 91 95 24 1 0 0 0 0 107 70 36 1 120 90 89 1 116 145 105 1 100 69 54 1 29 56 19 1 80 86 33 1 0 0 0 0 77 77 43 1 103 113 53 1 134 117 57 1 137 133 63 1 131 94 72 1 98 98 49 1 102 92 49 1 99 73 43 1 80 79 39 1 110 105 89 1 137 109 92 1 115 104 65 1 95 71 40 1 92 75 53 1 96 74 51 1 69 71 50 1 86 76 74 1 105 95 71 1 99 100 51 1 55 49 17 1 78 77 57 1
30 10 43 1 41 3 63 1 71 60 46 1 69 74 64 1 90 87 45 1 90 86 42 1 81 104 31 1 76 54 53 1 80 88 74 1 106 85 58 1 86 69 29 1 75 59 39 1 0 0 0 0 99 78 18 1 86 73 56 1 85 88 45 1 0 0 0 0 98 101 50 1 104 113 85 1 99 132 66 1 106 130 91 1 125 150 73 1 119 116 49 1 124 109 58 1 0 0 0 0 112 99 56 1 107 117 39 1 91 108 54 1 98 96 57 1 82 83 68 1 93 97 47 1 78 45 38 1 80 88 54 1 75 68 29 1 73 81 35 1 108 118 67 1 109 80 59 1 58 28 24 1 0 0 0 0 96 88 80 1 86 88 26 1 108 125 65 1 134 143 78 1 178 123 94 1 120 141 74 1 90 99 76 1 128 107 64 1 120 138 97 1 78 86 51 1 86 85 43 1 133 124 80 1 101 80 59 1 0 0 0 0 106 66 52 1 122 82 31 1 128 82 70 1 119 113 70 1 155 99 102 1 0 0 0 0 59 61 31 1 54 70 19 1
40 35 35 1 28 9 18 1 29 66 51 1 64 76 69 1 85 105 87 1 87 60 48 1 85 57 68 1 0 0 0 0 100 63 52 1 122 89 52 1 107 82 58 1 101 98 57 1 65 49 70 1 87 82 56 1 101 82 63 1 109 90 92 1 115 121 51 1 77 109 74 1 106 125 100 1 124 128 96 1 138 137 94 1 122 131 86 1 112 123 58 1 97 134 56 1 0 0 0 0 139 116 62 1 121 101 72 1 113 103 79 1 114 117 74 1 106 63 62 1 103 95 19 1 82 53 34 1 89 70 48 1 98 133 78 1 81 89 79 1 0 0 0 0 81 65 47 1 109 69 48 1 113 70 60 1 59 80 14 1 0 0 0 0 162 136 88 1 175 139 120 1 0 0 0 0 0 0 0 0 100 105 64 1 125 113 106 1 111 123 85 1 0 0 0 0 86 96 56 1 102 97 53 1 105 95 61 1 127 84 60 1 87 86 51 1 113 114 75 1 151 149 82 1 137 135 96 1 150 135 111 1 118 100 70 1 87 99 67 1 82 102 25 1
17 35 62 1 11 15 41 1 51 57 56 1 83 107 60 1 82 78 69 1 82 95 88 1 96 84 70 1 81 78 58 1 72 84 42 1 113 82 73 1 106 101 62 1 109 83 65 1 86 69 39 1 69 72 57 1 90 110 52 1 108 99 76 1 0 0 0 0 100 105 80 1 131 126 96 1 132 121 96 1 0 0 0 0 129 117 65 1 110 108 83 1 112 112 66 1 112 121 66 1 109 129 58 1 0 0 0 0 120 93 62 1 92 98 86 1 80 65 35 1 80 66 44 1 41 41 19 1 96 99 56 1 110 120 88 1 69 67 48 1 72 91 65 1 82 72 36 1 78 47 43 1 110 92 80 1 126 98 81 1 145 95 78 1 140 157 116 1 162 149 112 1 0 0 0 0 113 117 64 1 124 100 110 1 146 176 120 1 105 145 90 1 103 83 75 1 80 67 48 1 81 93 44 1 130 102 62 1 131 87 67 1 0 0 0 0 119 129 82 1 0 0 0 0 144 128 94 1 136 123 93 1 147 116 104 1 136 130 80 1 0 0 0 0
50 21 50 1 44 35 15 1 41 73 45 1 62 70 88 1 74 104 59 1 103 92 30 1 88 119 69 1 112 91 68 1 101 98 69 1 70 83 49 1 0 0 0 0 80 84 23 1 81 65 56 1 104 92 50 1 102 118 41 1 95 67 63 1 94 98 49 1 0 0 0 0 106 142 72 1 0 0 0 0 103 121 92 1 89 114 89 1 134 101 86 1 0 0 0 0 109 108 85 1 114 118 83 1 122 107 62 1 74 112 85 1 116 66 76 1 115 95 62 1 0 0 0 0 26 1 21 1 70 106 47 1 135 138 141 1 65 89 58 1 103 87 69 1 92 84 57 1 107 83 41 1 116 102 63 1 114 108 92 1 152 151 89 1 142 143 107 1 140 148 72 1 100 110 78 1 83 81 54 1 86 108 64 1 133 131 97 1 101 109 48 1 108 76 58 1 116 97 78 1 116 100 59 1 98 77 41 1 104 88 23 1 128 110 33 1 134 96 59 1 150 128 70 1 153 146 95 1 146 132 96 1 160 154 120 1 114 117 97 1 0 0 0 0
52 35 48 1 16 19 56 1 44 65 68 1 51 36 57 1 68 61 55 1 77 89 51 1 108 78 68 1 116 114 40 1 97 128 38 1 80 90 63 1 94 71 53 1 99 99 66 1 89 69 39 1 103 55 46 1 126 116 85 1 144 134 97 1 109 124 96 1 91 102 83 1 105 107 87 1 87 104 106 1 126 144 115 1 106 143 87 1 136 138 106 1 125 121 105 1 105 131 85 1 119 111 97 1 95 77 31 1 104 75 56 1 133 89 60 1 0 0 0 0 55 51 13 1 25 27 37 1 156 150 118 1 122 114 85 1 117 115 97 1 132 142 84 1 0 0 0 0 113 105 46 1 93 111 86 1 136 126 101 1 134 142 93 1 125 141 113 1 83 101 82 1 61 91 59 1 63 65 60 1 84 121 72 1 121 98 65 1 108 82 60 1 83 104 58 1 123 86 70 1 114 76 47 1 106 99 38 1 129 129 48 1 125 141 50 1 139 126 34 1 115 85 63 1 0 0 0 0 189 161 85 1 169 159 113 1 156 182 104 1 0 0 0 0
0 0 0 0 0 0 0 0 36 38 68 1 26 33 43 1 83 68 26 1 95 60 38 1 0 0 0 0 0 0 0 0 111 97 34 1 97 104 52 1 114 99 64 1 85 100 50 1 70 79 38 1 110 94 78 1 122 112 82 1 147 144 86 1 131 93 90 1 104 114 53 1 120 142 103 1 127 151 120 1 143 121 104 1 133 167 136 1 134 156 138 1 131 153 118 1 133 145 116 1 119 138 78 1 88 115 24 1 87 70 35 1 122 105 103 1 111 114 80 1 39 60 38 1 69 37 53 1 156 146 130 1 0 0 0 0 149 147 124 1 173 163 136 1 154 122 105 1 107 101 95 1 122 125 79 1 0 0 0 0 103 101 106 1 0 0 0 0 120 131 91 1 95 99 92 1 78 97 55 1 70 90 89 1 96 92 75 1 103 84 46 1 124 88 62 1 110 80 51 1 94 87 82 1 0 0 0 0 145 127 66 1 163 117 63 1 132 131 58 1 98 106 42 1 131 124 79 1 161 167 105 1 0 0 0 0 186 168 107 1 160 172 126 1
39 23 71 1 34 24 47 1 47 27 14 1 52 45 34 1 58 91 64 1 94 96 61 1 79 104 62 1 111 100 57 1 82 115 59 1 99 95 46 1 98 108 92 1 115 111 51 1 0 0 0 0 100 98 68 1 145 163 100 1 99 118 64 1 99 103 48 1 119 100 74 1 0 0 0 0 119 126 102 1 128 141 120 1 132 138 125 1 153 138 116 1 141 132 111 1 101 133 112 1 119 116 87 1 108 100 75 1 124 110 74 1 139 136 83 1 0 0 0 0 94 106 71 1 86 69 68 1 115 139 93 1 125 104 81 1 147 165 139 1 148 165 140 1 102 138 113 1 79 93 68 1 75 84 81 1 95 86 65 1 0 0 0 0 119 93 74 1 118 130 95 1 89 110 74 1 78 87 68 1 104 76 55 1 72 72 51 1 104 91 75 1 123 84 42 1 106 99 75 1 117 110 55 1 140 94 70 1 118 119 54 1 146 148 91 1 154 123 88 1 166 121 89 1 165 139 73 1 191 129 97 1 170 175 114 1 185 170 120 1 179 156 127 1
49 34 52 1 17 26 40 1 15 31 17 1 52 37 27 1 104 98 50 1 132 139 103 1 126 102 85 1 120 106 61 1 99 46 52 1 88 90 59 1 92 87 39 1 93 84 61 1 87 80 55 1 0 0 0 0 0 0 0 0 95 85 62 1 83 86 69 1 125 121 85 1 122 150 109 1 151 138 99 1 122 148 116 1 128 160 123 1 132 128 117 1 129 134 116 1 121 119 96 1 111 109 77 1 156 146 76 1 178 145 92 1 158 159 104 1 148 144 135 1 145 148 109 1 108 100 93 1 101 139 86 1 106 133 95 1 176 164 125 1 0 0 0 0 91 111 64 1 77 69 49 1 85 71 47 1 83 80 78 1 111 91 108 1 123 116 109 1 0 0 0 0 102 84 58 1 80 65 51 1 96 93 92 1 88 94 62 1 118 101 64 1 125 80 81 1 114 108 62 1 123 116 68 1 0 0 0 0 180 160 119 1 162 151 111 1 185 137 93 1 174 174 102 1 181 163 107 1 173 197 119 1 175 182 163 1 165 182 90 1 167 168 127 1
17 43 44 1 32 34 27 1 48 33 24 1 81 79 32 1 136 118 100 1 87 123 84 1 100 95 43 1 92 112 66 1 91 99 54 1 115 89 70 1 113 109 70 1 89 72 38 1 77 81 51 1 145 94 48 1 107 130 64 1 123 85 48 1 80 65 25 1 112 98 90 1 114 130 78 1 112 122 113 1 128 126 107 1 152 140 123 1 136 110 95 1 115 164 110 1 124 135 83 1 140 153 86 1 152 157 117 1 177 144 97 1 192 181 128 1 205 192 171 1 174 178 147 1 115 140 100 1 101 111 79 1 111 125 103 1 140 155 139 1 133 126 83 1 73 98 77 1 47 82 54 1 81 75 73 1 70 86 81 1 90 131 86 1 109 104 106 1 110 99 81 1 65 55 34 1 66 76 74 1 89 65 61 1 78 64 65 1 110 83 58 1 120 91 83 1 117 91 44 1 139 135 118 1 165 151 112 1 174 164 137 1 162 158 120 1 146 170 138 1 162 163 105 1 173 192 135 1 0 0 0 0 177 148 127 1 169 176 133 1 158 157 158 1
10 23 27 1 43 27 67 1 35 37 11 1 0 0 0 0 159 154 96 1 125 101 40 1 102 73 46 1 139 94 73 1 116 92 66 1 98 103 67 1 142 102 75 1 78 86 68 1 84 111 66 1 0 0 0 0 107 117 96 1 68 64 72 1 0 0 0 0 122 84 88 1 119 125 101 1 100 101 78 1 133 110 91 1 118 135 97 1 109 113 86 1 0 0 0 0 104 138 125 1 150 155 120 1 189 121 90 1 168 161 99 1 203 181 143 1 200 206 175 1 164 161 124 1 87 115 83 1 119 137 92 1 0 0 0 0 136 155 149 1 121 130 109 1 117 120 86 1 0 0 0 0 90 75 66 1 94 91 77 1 97 88 102 1 116 98 70 1 53 52 59 1 84 47 39 1 66 61 48 1 54 73 15 1 66 82 51 1 119 111 96 1 154 116 78 1 175 135 109 1 158 174 157 1 190 139 139 1 148 180 162 1 160 194 148 1 172 185 146 1 190 163 157 1 186 187 139 1 170 196 159 1 170 196 146 1 191 179 171 1 139 144 140 1
29 46 39 1 60 51 48 1 46 68 43 1 84 82 62 1 125 157 98 1 104 116 75 1 93 137 51 1 135 112 94 1 100 88 48 1 89 109 64 1 94 65 42 1 90 83 51 1 94 96 84 1 125 137 96 1 123 117 88 1 120 97 73 1 91 86 71 1 91 92 77 1 137 113 96 1 105 108 80 1 142 116 82 1 133 132 124 1 136 135 85 1 114 116 105 1 145 126 83 1 187 175 116 1 139 142 111 1 198 180 144 1 220 197 180 1 201 192 191 1 155 147 111 1 117 113 115 1 106 102 72 1 117 150 116 1 139 160 120 1 144 118 66 1 92 89 73 1 116 93 95 1 90 92 92 1 100 90 76 1 84 89 67 1 61 102 60 1 43 67 60 1 65 61 48 1 70 56 55 1 71 51 50 1 109 80 73 1 151 123 91 1 0 0 0 0 162 168 135 1 182 204 149 1 0 0 0 0 160 184 160 1 188 204 142 1 0 0 0 0 165 183 141 1 188 193 157 1 200 205 183 1 199 198 179 1 166 181 144 1 0 0 0 0
31 19 36 1 31 44 22 1 60 55 34 1 80 71 45 1 159 134 135 1 129 106 104 1 99 122 83 1 121 109 94 1 111 113 78 1 77 93 53 1 89 87 39 1 95 111 45 1 142 126 72 1 112 113 83 1 98 79 50 1 138 111 73 1 124 125 76 1 105 141 68 1 114 125 73 1 119 107 81 1 141 145 101 1 147 126 118 1 0 0 0 0 171 134 94 1 169 136 91 1 203 170 125 1 191 175 152 1 178 169 149 1 204 224 180 1 142 166 120 1 142 140 141 1 143 132 106 1 105 110 68 1 129 130 71 1 137 129 109 1 97 103 110 1 119 123 94 1 124 98 96 1 107 109 101 1 76 94 70 1 59 74 74 1 85 68 72 1 46 44 42 1 50 57 33 1 75 82 38 1 102 75 95 1 148 124 117 1 145 158 122 1 172 171 146 1 156 173 128 1 183 196 150 1 184 196 157 1 0 0 0 0 172 215 180 1 220 203 187 1 185 190 157 1 178 218 190 1 207 209 206 1 155 184 149 1 78 79 94 1 52 54 59 1
31 30 30 1 43 16 43 1 37 47 29 1 98 117 82 1 175 148 128 1 109 93 58 1 110 104 79 1 127 134 83 1 88 71 55 1 72 108 80 1 99 91 73 1 0 0 0 0 0 0 0 0 104 90 44 1 95 78 29 1 120 111 63 1 110 117 96 1 141 124 67 1 124 120 47 1 127 125 95 1 141 138 75 1 145 140 84 1 149 161 101 1 175 137 123 1 203 168 131 1 191 171 140 1 149 150 139 1 158 169 134 1 0 0 0 0 176 194 134 1 173 194 160 1 0 0 0 0 90 128 110 1 104 132 107 1 0 0 0 0 138 155 118 1 158 168 169 1 150 123 137 1 143 126 85 1 115 123 111 1 126 115 116 1 100 73 74 1 93 102 69 1 78 87 82 1 56 69 71 1 122 97 92 1 154 127 127 1 177 180 148 1 178 151 133 1 136 166 111 1 186 181 166 1 0 0 0 0 192 224 177 1 172 203 175 1 0 0 0 0 0 0 0 0 180 179 167 1 143 169 177 1 92 96 66 1 58 74 47 1 0 0 0 0
4 14 1 1 28 39 44 1 43 38 38 1 156 134 114 1 159 147 138 1 129 116 62 1 83 72 70 1 85 93 66 1 83 63 25 1 104 84 52 1 120 83 73 1 137 116 67 1 134 132 106 1 68 84 34 1 81 48 36 1 120 106 78 1 124 115 87 1 127 117 78 1 118 95 101 1 126 131 108 1 140 153 128 1 147 121 95 1 137 178 133 1 169 166 140 1 176 147 136 1 185 156 140 1 161 188 124 1 155 147 105 1 177 173 116 1 202 214 145 1 0 0 0 0 149 174 156 1 116 129 99 1 120 145 132 1 0 0 0 0 132 141 151 1 158 176 164 1 163 161 139 1 118 123 128 1 145 148 128 1 135 136 139 1 141 129 136 1 146 142 130 1 127 128 106 1 118 138 89 1 130 145 131 1 163 177 120 1 182 182 162 1 151 186 134 1 160 174 155 1 186 197 168 1 204 217 193 1 200 191 203 1 182 224 183 1 146 159 141 1 0 0 0 0 141 158 153 1 0 0 0 0 39 26 50 1 53 60 59 1 49 49 67 1
8 0 0 1 56 34 0 1 90 122 101 1 179 150 144 1 126 107 97 1 116 86 70 1 103 100 50 1 84 90 31 1 57 55 28 1 88 78 58 1 141 122 101 1 121 128 90 1 103 95 63 1 0 0 0 0 128 118 78 1 128 94 69 1 135 77 82 1 108 107 63 1 101 117 68 1 163 147 108 1 167 177 144 1 122 166 113 1 0 0 0 0 167 159 157 1 171 180 143 1 196 175 136 1 152 152 101 1 179 155 132 1 191 184 157 1 222 197 165 1 201 195 172 1 179 161 162 1 123 135 137 1 126 129 100 1 133 135 105 1 126 115 107 1 154 151 124 1 155 160 143 1 166 180 153 1 165 163 160 1 166 181 162 1 163 154 132 1 134 158 127 1 0 0 0 0 154 168 120 1 180 202 187 1 162 196 174 1 168 167 161 1 191 174 165 1 0 0 0 0 200 204 180 1 232 198 191 1 238 225 191 1 171 181 191 1 112 103 125 1 105 132 125 1 108 104 111 1 22 58 30 1 55 28 37 1 37 42 58 1 40 59 78 1
0 0 0 0 74 80 40 1 164 163 145 1 164 150 125 1 115 102 89 1 102 96 43 1 79 64 54 1 61 75 48 1 93 49 47 1 95 85 66 1 130 111 87 1 126 100 67 1 91 77 46 1 107 90 51 1 142 113 64 1 120 116 63 1 0 0 0 0 142 121 79 1 116 127 95 1 146 146 117 1 165 177 146 1 149 156 167 1 174 193 164 1 164 199 169 1 157 174 151 1 188 180 144 1 0 0 0 0 194 172 138 1 182 185 166 1 0 0 0 0 181 165 170 1 174 184 137 1 169 173 145 1 138 158 139 1 111 126 100 1 106 126 92 1 128 126 111 1 171 159 175 1 174 199 172 1 186 203 171 1 142 156 138 1 169 165 165 1 155 162 149 1 167 136 146 1 0 0 0 0 159 183 134 1 194 180 176 1 154 181 148 1 173 185 166 1 194 189 196 1 185 202 162 1 194 184 178 1 179 195 170 1 157 161 139 1 56 60 44 1 76 54 63 1 86 79 82 1 48 33 75 1 22 67 62 1 61 65 65 1 70 80 74 1
0 0 0 0 82 122 81 1 175 192 176 1 142 137 121 1 134 102 48 1 76 87 50 1 115 87 40 1 91 66 56 1 95 84 78 1 114 85 46 1 0 0 0 0 106 91 67 1 87 73 65 1 124 113 61 1 135 115 91 1 135 115 109 1 143 107 88 1 139 119 102 1 163 146 130 1 159 180 138 1 172 166 147 1 194 189 193 1 192 183 193 1 155 174 152 1 140 187 125 1 143 133 118 1 176 172 123 1 178 183 155 1 199 193 152 1 0 0 0 0 176 160 162 1 189 168 157 1 162 156 164 1 182 158 166 1 160 144 148 1 150 156 158 1 137 153 168 1 179 167 171 1 153 165 164 1 167 182 150 1 170 137 141 1 185 173 159 1 170 156 156 1 166 157 151 1 146 186 184 1 0 0 0 0 191 219 165 1 0 0 0 0 183 194 160 1 198 212 181 1 188 171 193 1 0 0 0 0 134 185 156 1 96 98 102 1 47 57 36 1 72 59 41 1 80 69 88 1 104 102 68 1 91 102 109 1 79 103 114 1 0 0 0 0
0 13 0 1 105 103 103 1 0 0 0 0 125 138 80 1 113 87 49 1 93 102 41 1 83 88 44 1 97 83 50 1 129 67 73 1 115 96 55 1 106 90 75 1 116 92 64 1 130 88 60 1 151 87 56 1 119 132 67 1 125 141 64 1 162 141 113 1 165 135 88 1 0 0 0 0 167 165 122 1 0 0 0 0 210 185 168 1 189 207 159 1 0 0 0 0 138 164 129 1 159 134 112 1 191 190 177 1 186 177 163 1 187 170 175 1 180 200 142 1 187 166 139 1 173 168 152 1 169 182 157 1 164 175 181 1 164 147 163 1 164 166 172 1 210 172 197 1 176 153 174 1 172 183 175 1 173 163 179 1 175 167 151 1 182 139 157 1 158 165 186 1 175 165 174 1 188 192 181 1 172 201 192 1 175 199 185 1 189 179 182 1 183 189 191 1 0 0 0 0 176 188 171 1 175 151 147 1 148 155 137 1 130 96 55 1 60 59 52 1 69 89 62 1 105 90 79 1 112 104 128 1 93 115 103 1 91 92 102 1 98 118 141 1
22 50 59 1 0 0 0 0 182 173 130 1 135 104 72 1 106 92 80 1 106 87 55 1 0 0 0 0 60 90 42 1 107 104 53 1 122 99 82 1 114 78 70 1 112 99 56 1 116 104 60 1 180 124 66 1 158 92 123 1 160 116 106 1 167 139 103 1 169 133 113 1 163 153 118 1 164 158 133 1 174 178 144 1 0 0 0 0 170 188 153 1 186 183 143 1 189 163 120 1 179 176 145 1 203 188 154 1 195 196 147 1 195 189 198 1 215 176 148 1 196 181 140 1 0 0 0 0 182 194 166 1 153 162 155 1 141 158 165 1 0 0 0 0 164 206 171 1 182 188 179 1 205 175 186 1 166 169 156 1 154 180 147 1 0 0 0 0 201 190 178 1 176 182 189 1 177 188 171 1 0 0 0 0 0 0 0 0 175 195 179 1 165 185 182 1 0 0 0 0 157 164 137 1 165 151 146 1 152 153 150 1 106 90 115 1 122 119 107 1 112 130 111 1 115 117 103 1 107 126 86 1 0 0 0 0 112 130 99 1 0 0 0 0
111 133 126 1 160 173 138 1 0 0 0 0 122 105 60 1 97 95 44 1 119 96 23 1 113 97 60 1 106 104 84 1 97 101 56 1 111 93 39 1 114 87 57 1 129 88 68 1 142 92 88 1 160 106 81 1 159 136 94 1 164 130 98 1 151 141 118 1 159 144 104 1 163 127 70 1 0 0 0 0 167 163 131 1 201 180 155 1 187 207 167 1 175 160 129 1 191 170 139 1 220 190 184 1 189 180 170 1 180 206 173 1 158 206 151 1 159 199 132 1 0 0 0 0 0 0 0 0 207 190 134 1 160 176 129 1 160 192 165 1 188 171 172 1 177 198 205 1 189 169 181 1 182 181 189 1 171 203 192 1 179 169 180 1 176 204 201 1 212 209 192 1 193 206 160 1 187 203 164 1 191 211 176 1 195 190 166 1 179 205 168 1 197 197 192 1 158 165 167 1 128 153 125 1 165 148 143 1 0 0 0 0 131 164 127 1 146 152 152 1 142 172 141 1 132 149 159 1 85 115 89 1 132 121 138 1 135 126 113 1 133 123 147 1
162 168 150 1 149 167 157 1 112 110 87 1 98 92 51 1 83 41 26 1 103 93 63 1 127 105 71 1 124 94 67 1 90 99 60 1 116 97 49 1 105 74 43 1 110 109 69 1 126 101 69 1 141 144 76 1 133 127 102 1 146 148 89 1 139 121 71 1 136 128 75 1 149 131 98 1 130 169 88 1 196 182 112 1 225 178 152 1 202 194 134 1 189 180 122 1 0 0 0 0 212 186 151 1 205 211 159 1 0 0 0 0 200 200 174 1 186 213 194 1 215 180 170 1 197 185 189 1 0 0 0 0 184 191 163 1 197 194 191 1 199 209 194 1 189 219 191 1 195 196 161 1 171 200 166 1 207 215 194 1 190 206 195 1 221 233 200 1 211 186 188 1 173 189 195 1 219 183 178 1 168 199 191 1 183 161 159 1 0 0 0 0 195 201 155 1 181 186 151 1 154 176 147 1 157 178 184 1 164 199 166 1 171 186 165 1 137 151 143 1 163 141 126 1 132 138 135 1 119 152 133 1 131 167 146 1 167 170 158 1 166 185 169 1
155 157 140 1 178 167 113 1 160 141 104 1 123 93 71 1 97 102 87 1 0 0 0 0 113 112 88 1 115 132 69 1 117 117 65 1 87 85 50 1 128 95 74 1 135 127 95 1 117 125 88 1 145 114 91 1 149 126 70 1 152 140 85 1 163 140 98 1 159 105 93 1 156 157 106 1 164 159 106 1 160 175 145 1 196 185 149 1 173 186 130 1 172 178 124 1 210 206 156 1 237 228 176 1 200 201 173 1 179 212 176 1 210 199 185 1 206 201 198 1 164 187 169 1 207 191 190 1 200 206 178 1 186 195 177 1 189 214 178 1 194 203 195 1 194 188 186 1 206 186 205 1 181 192 172 1 195 201 199 1 192 214 201 1 213 224 205 1 179 163 185 1 174 208 194 1 0 0 0 0 203 210 181 1 172 150 172 1 166 173 161 1 171 183 156 1 165 192 173 1 150 178 180 1 182 183 150 1 0 0 0 0 179 188 186 1 155 179 164 1 150 144 166 1 142 148 149 1 132 144 155 1 174 168 145 1 160 158 167 1 196 180 151 1
169 185 168 1 160 163 103 1 158 147 88 1 142 122 64 1 0 0 0 0 143 122 70 1 130 111 76 1 150 129 95 1 138 120 82 1 108 79 68 1 146 102 77 1 176 128 113 1 147 117 85 1 132 91 72 1 114 109 77 1 145 149 73 1 133 125 100 1 145 124 95 1 154 149 101 1 170 141 144 1 174 176 154 1 202 190 135 1 181 165 150 1 188 196 146 1 219 196 152 1 217 214 174 1 200 211 188 1 212 194 204 1 186 209 175 1 216 229 191 1 229 214 186 1 213 211 203 1 184 183 192 1 182 182 164 1 205 187 171 1 0 0 0 0 176 221 190 1 199 225 186 1 178 225 166 1 176 221 168 1 201 211 187 1 212 227 193 1 191 207 198 1 197 215 182 1 170 227 190 1 155 196 185 1 178 175 169 1 181 192 204 1 192 204 188 1 175 177 166 1 179 191 181 1 192 217 207 1 182 187 211 1 148 181 181 1 164 181 161 1 153 153 165 1 185 176 163 1 140 147 169 1 176 181 154 1 0 0 0 0 160 196 141 1
171 177 116 1 163 159 116 1 146 119 83 1 0 0 0 0 149 116 37 1 119 115 65 1 153 127 77 1 143 109 85 1 157 121 84 1 130 129 69 1 164 104 75 1 160 151 104 1 134 132 89 1 135 98 65 1 0 0 0 0 120 112 65 1 134 118 95 1 134 160 91 1 166 160 145 1 209 203 123 1 180 205 139 1 208 187 165 1 192 193 150 1 208 191 159 1 197 204 172 1 213 202 185 1 204 200 192 1 206 193 210 1 199 180 207 1 180 186 200 1 211 212 192 1 183 208 208 1 175 210 187 1 194 200 169 1 215 223 211 1 213 245 220 1 187 202 195 1 168 210 200 1 182 208 215 1 0 0 0 0 218 238 249 1 247 224 227 1 209 219 206 1 242 228 217 1 193 215 219 1 184 203 170 1 202 173 207 1 179 212 195 1 178 207 168 1 0 0 0 0 175 177 180 1 162 200 169 1 184 192 188 1 177 199 174 1 162 152 162 1 171 185 143 1 142 184 160 1 169 180 181 1 155 182 160 1 160 161 178 1 191 193 181 1
161 173 110 1 163 150 76 1 108 132 85 1 151 132 69 1 135 120 68 1 149 112 68 1 137 141 91 1 137 118 84 1 160 140 70 1 136 125 99 1 181 139 95 1 161 138 127 1 0 0 0 0 128 77 75 1 107 97 47 1 111 101 51 1 98 124 92 1 153 171 114 1 191 181 163 1 178 189 147 1 193 209 155 1 192 185 182 1 204 181 177 1 182 179 163 1 190 196 191 1 194 206 142 1 180 193 176 1 177 187 204 1 199 204 158 1 211 174 173 1 198 174 194 1 188 215 184 1 187 208 193 1 0 0 0 0 215 209 183 1 240 208 189 1 198 190 185 1 179 219 205 1 209 242 206 1 209 232 229 1 219 217 246 1 223 233 243 1 239 244 231 1 0 0 0 0 239 218 219 1 208 233 208 1 188 215 195 1 180 195 196 1 188 187 187 1 201 187 191 1 206 218 195 1 0 0 0 0 143 209 187 1 218 201 189 1 194 217 194 1 166 183 166 1 0 0 0 0 187 203 158 1 170 191 170 1 182 197 164 1 181 185 181 1
141 182 127 1 149 154 97 1 130 131 87 1 167 125 90 1 134 111 74 1 137 123 58 1 145 125 117 1 137 125 64 1 132 133 70 1 0 0 0 0 150 157 102 1 147 157 124 1 115 115 48 1 95 51 50 1 88 114 62 1 0 0 0 0 131 115 79 1 161 146 135 1 164 180 132 1 0 0 0 0 159 186 153 1 0 0 0 0 187 170 182 1 179 174 146 1 187 171 138 1 146 179 145 1 171 167 190 1 176 183 193 1 202 209 190 1 215 189 188 1 0 0 0 0 171 173 180 1 165 174 185 1 199 190 200 1 181 200 203 1 177 181 177 1 186 191 195 1 165 212 189 1 202 201 218 1 205 217 219 1 240 206 233 1 234 254 218 1 229 234 223 1 228 231 224 1 0 0 0 0 210 215 207 1 242 237 197 1 0 0 0 0 189 202 220 1 0 0 0 0 241 225 240 1 191 206 201 1 169 199 187 1 174 209 206 1 179 238 201 1 186 226 237 1 167 200 159 1 174 216 193 1 170 203 182 1 196 172 183 1 178 187 177 1
133 168 114 1 133 151 95 1 0 0 0 0 165 124 82 1 158 133 59 1 148 124 64 1 150 122 77 1 136 139 71 1 171 124 57 1 0 0 0 0 190 148 126 1 180 122 123 1 112 97 69 1 0 0 0 0 98 87 65 1 98 120 81 1 116 111 83 1 0 0 0 0 175 171 158 1 0 0 0 0 166 186 164 1 198 199 168 1 182 169 179 1 162 164 148 1 168 145 125 1 140 173 127 1 165 148 164 1 193 182 192 1 200 213 190 1 167 213 173 1 165 192 170 1 182 167 144 1 140 152 135 1 159 149 143 1 163 168 153 1 149 156 145 1 189 168 166 1 191 187 174 1 188 189 187 1 189 220 179 1 200 208 186 1 206 228 224 1 209 232 221 1 213 220 175 1 202 220 209 1 221 228 217 1 206 211 206 1 223 197 200 1 212 234 197 1 206 207 227 1 178 199 226 1 209 225 202 1 177 207 205 1 193 217 211 1 210 195 205 1 172 196 183 1 195 192 206 1 179 191 204 1 177 188 195 1 188 185 174 1 198 195 203 1
0 0 0 0 128 133 102 1 166 128 88 1 172 139 67 1 169 121 67 1 142 117 66 1 148 108 76 1 152 130 57 1 140 132 70 1 177 163 111 1 183 173 127 1 134 137 91 1 79 100 61 1 77 84 31 1 77 102 68 1 96 105 66 1 134 99 73 1 131 115 98 1 170 156 161 1 156 178 141 1 174 176 143 1 173 174 153 1 169 164 163 1 158 143 142 1 0 0 0 0 164 140 151 1 169 166 179 1 193 178 153 1 174 187 148 1 176 181 157 1 160 144 143 1 137 168 128 1 133 141 114 1 143 127 131 1 129 123 92 1 148 158 134 1 0 0 0 0 148 140 140 1 152 139 117 1 118 138 123 1 138 176 162 1 177 202 181 1 226 225 191 1 178 228 198 1 222 254 209 1 242 241 255 1 229 231 209 1 200 208 232 1 248 225 229 1 230 226 206 1 219 215 213 1 208 224 224 1 211 209 216 1 0 0 0 0 207 200 211 1 185 185 192 1 187 213 214 1 208 235 216 1 183 189 197 1 177 190 176 1 190 174 196 1
163 155 90 1 161 147 98 1 177 109 102 1 155 135 61 1 150 122 79 1 153 120 57 1 123 120 36 1 132 104 70 1 0 0 0 0 175 170 138 1 141 141 95 1 104 101 99 1 88 90 50 1 91 78 33 1 92 91 49 1 119 124 93 1 140 122 94 1 126 113 100 1 126 98 105 1 129 148 146 1 164 160 151 1 179 147 140 1 160 164 148 1 157 147 122 1 181 142 145 1 181 183 141 1 178 154 149 1 155 161 124 1 142 133 136 1 89 115 109 1 113 102 54 1 84 95 118 1 89 83 81 1 92 90 88 1 95 110 107 1 106 113 96 1 126 116 128 1 140 125 113 1 121 90 127 1 124 103 123 1 129 141 130 1 153 186 187 1 183 217 176 1 169 180 161 1 225 206 198 1 237 254 237 1 201 244 234 1 0 0 0 0 240 231 211 1 227 248 240 1 201 250 231 1 226 238 235 1 220 236 242 1 220 204 251 1 185 234 215 1 166 216 224 1 202 192 196 1 196 228 207 1 196 212 197 1 185 224 226 1 177 228 190 1
117 175 112 1 140 145 98 1 136 106 71 1 127 105 31 1 139 97 36 1 128 99 44 1 133 99 54 1 118 109 26 1 160 148 103 1 0 0 0 0 155 125 142 1 129 111 70 1 80 68 52 1 80 85 60 1 0 0 0 0 85 73 47 1 98 132 63 1 130 126 106 1 148 148 94 1 153 168 132 1 135 161 129 1 147 134 125 1 131 136 87 1 123 124 109 1 123 134 86 1 125 141 97 1 103 120 132 1 107 107 102 1 84 88 63 1 72 33 22 1 44 58 50 1 58 50 60 1 0 0 0 0 64 73 50 1 73 81 53 1 68 82 81 1 109 99 107 1 112 135 111 1 139 132 113 1 113 144 113 1 156 190 147 1 174 173 161 1 159 189 165 1 145 184 166 1 195 195 195 1 207 231 247 1 219 222 210 1 207 237 228 1 238 254 232 1 244 255 250 1 182 230 240 1 249 251 237 1 233 233 225 1 220 214 212 1 210 211 207 1 199 231 228 1 188 220 218 1 187 200 196 1 190 212 197 1 180 229 199 1 184 202 191 1
157 174 109 1 147 144 79 1 0 0 0 0 132 103 37 1 0 0 0 0 141 124 32 1 117 115 49 1 149 136 74 1 0 0 0 0 152 147 111 1 0 0 0 0 133 99 105 1 100 62 79 1 91 97 52 1 102 90 64 1 57 71 50 1 111 81 62 1 143 154 94 1 152 134 117 1 163 148 128 1 147 130 117 1 93 113 92 1 0 0 0 0 94 125 81 1 107 76 77 1 112 102 83 1 82 81 55 1 74 73 62 1 45 64 49 1 28 35 25 1 26 25 32 1 30 39 51 1 25 50 22 1 64 46 59 1 59 72 68 1 70 94 77 1 99 128 106 1 115 106 120 1 103 138 143 1 139 143 135 1 177 185 168 1 176 169 179 1 174 185 173 1 144 186 175 1 196 190 199 1 0 0 0 0 174 235 205 1 192 233 249 1 218 228 255 1 0 0 0 0 218 245 222 1 240 232 227 1 238 217 232 1 210 229 252 1 204 226 238 1 237 201 223 1 189 199 212 1 193 200 198 1 182 209 199 1 175 215 209 1 191 209 160 1
0 0 0 0 160 170 91 1 139 123 52 1 160 129 56 1 159 131 67 1 159 142 51 1 113 126 61 1 0 0 0 0 0 0 0 0 113 111 94 1 0 0 0 0 130 109 108 1 0 0 0 0 72 80 55 1 71 85 70 1 66 70 27 1 87 91 89 1 142 122 100 1 93 113 103 1 123 109 87 1 83 114 74 1 109 106 65 1 82 101 43 1 0 0 0 0 57 63 52 1 61 77 51 1 92 61 27 1 48 51 64 1 64 18 54 1 50 46 43 1 44 44 41 1 50 40 49 1 37 52 68 1 77 36 71 1 0 0 0 0 138 122 135 1 143 146 165 1 137 170 197 1 146 163 115 1 170 174 211 1 0 0 0 0 142 190 171 1 174 198 210 1 199 219 198 1 215 198 213 1 192 185 193 1 195 209 201 1 211 241 255 1 226 252 243 1 230 235 230 1 241 243 255 1 210 255 230 1 226 251 237 1 226 250 236 1 231 232 255 1 193 255 225 1 213 225 210 1 191 208 217 1 220 207 200 1 170 212 203 1 221 203 202 1
165 144 112 1 157 127 84 1 109 90 19 1 135 148 37 1 176 150 53 1 175 106 63 1 145 138 88 1 144 141 88 1 157 140 102 1 91 90 52 1 123 132 98 1 127 118 91 1 103 90 60 1 72 31 42 1 57 55 43 1 77 63 36 1 111 104 49 1 137 137 105 1 122 94 83 1 105 88 68 1 0 0 0 0 74 112 69 1 57 50 49 1 0 0 0 0 37 57 64 1 76 65 53 1 78 96 83 1 77 90 80 1 45 91 47 1 30 32 88 1 51 46 50 1 31 27 24 1 35 47 2 1 51 95 58 1 127 149 134 1 165 176 164 1 190 180 199 1 174 197 195 1 165 197 188 1 156 221 197 1 181 205 204 1 176 160 174 1 178 212 183 1 194 221 210 1 206 221 193 1 182 204 201 1 178 223 199 1 211 223 229 1 243 252 245 1 0 0 0 0 241 249 249 1 255 234 255 1 212 240 239 1 234 250 250 1 202 214 228 1 205 191 223 1 176 202 207 1 204 208 231 1 177 226 213 1 185 177 196 1 199 213 207 1
143 146 116 1 141 150 77 1 0 0 0 0 155 129 70 1 160 156 70 1 144 120 98 1 0 0 0 0 167 142 98 1 127 137 96 1 117 103 92 1 102 110 83 1 117 97 95 1 65 43 40 1 70 51 60 1 93 90 80 1 66 61 54 1 97 74 52 1 124 139 90 1 102 89 59 1 95 81 42 1 70 74 39 1 0 0 0 0 0 0 0 0 27 52 85 1 72 73 79 1 39 44 59 1 39 58 68 1 0 0 0 0 51 35 59 1 66 49 38 1 89 71 83 1 98 98 96 1 110 99 82 1 146 181 160 1 202 197 206 1 214 201 195 1 200 207 190 1 189 251 200 1 175 180 186 1 179 208 186 1 199 220 196 1 198 193 186 1 157 190 204 1 209 233 195 1 195 216 183 1 181 214 186 1 170 212 171 1 186 227 203 1 194 217 214 1 234 237 244 1 227 255 238 1 255 255 255 1 228 235 237 1 218 251 253 1 214 218 233 1 181 226 207 1 207 223 221 1 214 188 187 1 195 203 228 1 179 167 177 1 202 213 211 1
172 161 113 1 113 134 58 1 135 112 62 1 165 120 76 1 148 134 53 1 145 116 63 1 150 124 72 1 126 137 82 1 98 111 76 1 96 122 68 1 98 118 91 1 124 132 98 1 71 84 70 1 83 80 98 1 0 0 0 0 48 58 40 1 69 66 59 1 103 111 82 1 0 0 0 0 107 81 75 1 89 90 60 1 56 50 36 1 39 23 37 1 0 0 0 0 65 75 110 1 35 56 59 1 62 52 77 1 75 78 100 1 92 115 105 1 141 139 110 1 146 153 166 1 154 173 188 1 181 179 160 1 214 210 192 1 224 227 222 1 214 234 204 1 213 219 177 1 188 209 191 1 189 188 196 1 181 166 188 1 171 204 156 1 173 174 185 1 168 203 210 1 183 213 186 1 179 203 171 1 178 191 168 1 171 200 175 1 171 175 183 1 183 214 235 1 210 229 234 1 255 216 247 1 245 236 255 1 242 249 244 1 218 228 255 1 205 232 228 1 0 0 0 0 199 199 220 1 194 221 232 1 200 205 213 1 185 199 206 1 202 215 213 1
146 134 100 1 109 131 73 1 122 134 81 1 141 121 67 1 136 130 100 1 135 116 55 1 106 96 98 1 123 94 44 1 0 0 0 0 90 111 68 1 126 117 85 1 102 109 86 1 74 70 66 1 79 76 79 1 79 75 81 1 70 28 37 1 41 61 39 1 66 61 56 1 58 73 70 1 95 94 95 1 59 64 38 1 59 51 24 1 57 72 50 1 57 72 40 1 77 87 34 1 81 74 74 1 126 108 106 1 153 142 136 1 175 158 146 1 207 193 184 1 199 209 206 1 196 214 191 1 185 209 192 1 204 220 212 1 211 225 229 1 191 193 187 1 181 193 201 1 208 217 184 1 222 247 201 1 209 176 179 1 167 189 184 1 187 188 188 1 224 225 197 1 165 181 178 1 158 174 148 1 154 193 192 1 144 181 171 1 171 166 166 1 160 197 181 1 194 222 211 1 212 222 244 1 233 225 233 1 255 255 255 1 229 237 245 1 233 234 255 1 228 214 222 1 209 232 220 1 0 0 0 0 221 211 207 1 198 192 197 1 205 246 215 1
127 128 112 1 121 107 81 1 113 119 55 1 145 118 55 1 136 128 99 1 137 137 89 1 128 124 68 1 133 140 108 1 134 97 86 1 107 74 81 1 109 102 77 1 106 94 73 1 75 76 42 1 122 76 59 1 68 80 74 1 42 49 26 1 61 23 28 1 0 0 0 0 77 88 67 1 82 87 87 1 67 82 56 1 82 68 63 1 107 96 109 1 133 159 121 1 129 139 113 1 118 157 87 1 151 153 128 1 173 173 150 1 175 173 146 1 176 186 162 1 182 190 202 1 188 205 178 1 195 200 186 1 196 213 205 1 234 214 219 1 168 193 211 1 212 189 197 1 205 205 208 1 199 188 191 1 208 179 186 1 187 178 181 1 0 0 0 0 213 211 185 1 167 186 171 1 174 157 166 1 175 214 163 1 167 190 173 1 177 177 170 1 178 177 157 1 167 195 166 1 192 210 201 1 210 235 252 1 243 253 238 1 220 255 251 1 255 237 237 1 221 221 234 1 212 242 214 1 193 239 215 1 203 189 213 1 208 217 224 1 222 240 231 1
116 118 82 1 102 95 58 1 108 83 78 1 124 124 66 1 122 133 102 1 129 123 109 1 127 129 88 1 115 111 64 1 103 84 61 1 81 86 36 1 110 106 94 1 114 105 94 1 93 84 64 1 84 80 57 1 82 79 59 1 25 43 31 1 68 36 22 1 50 49 47 1 74 65 34 1 50 45 59 1 70 82 50 1 92 118 74 1 151 148 130 1 194 216 144 1 185 186 166 1 173 170 123 1 0 0 0 0 159 163 149 1 169 183 158 1 193 188 158 1 182 200 151 1 175 195 169 1 0 0 0 0 197 189 194 1 204 211 215 1 182 197 173 1 205 208 206 1 222 209 203 1 184 197 203 1 213 185 202 1 0 0 0 0 200 184 171 1 0 0 0 0 166 194 154 1 162 197 125 1 164 183 142 1 160 164 148 1 124 171 148 1 168 182 160 1 192 185 191 1 198 206 233 1 223 222 238 1 235 233 245 1 242 229 255 1 223 246 229 1 218 215 225 1 199 212 197 1 188 216 235 1 193 216 213 1 228 233 233 1 252 255 250 1
136 122 80 1 114 84 79 1 108 81 60 1 101 110 68 1 131 118 103 1 141 141 104 1 120 146 79 1 93 97 82 1 64 71 34 1 0 0 0 0 0 0 0 0 136 102 65 1 88 87 56 1 107 115 52 1 81 107 45 1 85 65 42 1 55 26 25 1 36 43 44 1 56 57 49 1 60 55 64 1 102 100 69 1 141 146 101 1 163 170 140 1 0 0 0 0 175 195 153 1 176 155 147 1 145 163 142 1 158 180 123 1 172 176 178 1 0 0 0 0 202 208 200 1 201 185 163 1 193 200 181 1 223 226 188 1 198 206 188 1 201 193 143 1 0 0 0 0 185 178 180 1 212 180 171 1 0 0 0 0 178 193 148 1 183 172 164 1 188 210 179 1 144 190 133 1 133 153 97 1 139 144 98 1 142 165 114 1 176 176 179 1 188 188 181 1 200 226 183 1 217 234 225 1 230 242 232 1 255 240 224 1 251 237 246 1 252 236 255 1 215 255 232 1 217 208 237 1 215 232 240 1 195 230 229 1 186 194 202 1 226 242 255 1
116 141 90 1 113 120 83 1 103 115 68 1 89 86 72 1 147 138 96 1 121 153 94 1 128 154 90 1 131 114 94 1 83 95 76 1 99 119 85 1 115 110 55 1 89 99 91 1 88 102 63 1 82 56 35 1 96 95 66 1 80 87 64 1 40 29 49 1 28 49 28 1 52 42 20 1 89 53 59 1 97 118 112 1 0 0 0 0 146 175 143 1 169 179 148 1 182 188 171 1 157 163 157 1 187 184 161 1 152 175 162 1 172 155 125 1 160 171 137 1 185 188 161 1 175 194 175 1 178 205 183 1 202 223 189 1 196 191 176 1 163 190 154 1 201 188 164 1 186 218 153 1 185 170 162 1 197 203 141 1 174 199 133 1 164 186 125 1 168 171 115 1 142 162 128 1 118 138 97 1 155 165 146 1 202 177 165 1 206 187 200 1 195 197 207 1 198 197 199 1 206 230 255 1 218 240 228 1 222 231 227 1 255 255 230 1 254 243 250 1 253 250 255 1 239 234 237 1 251 234 233 1 203 218 244 1 233 223 239 1 245 225 231 1
102 118 92 1 111 133 95 1 110 126 68 1 94 115 88 1 135 108 119 1 133 134 94 1 117 146 87 1 116 86 70 1 78 102 48 1 0 0 0 0 117 93 39 1 123 97 68 1 94 105 81 1 78 96 32 1 71 76 61 1 88 75 62 1 56 46 49 1 43 19 34 1 55 31 23 1 62 81 28 1 106 116 92 1 116 163 103 1 160 168 142 1 167 182 150 1 156 186 141 1 150 184 133 1 159 194 148 1 158 164 161 1 142 147 125 1 167 138 133 1 158 193 157 1 168 169 187 1 189 191 165 1 199 216 169 1 200 218 181 1 158 191 179 1 196 184 155 1 0 0 0 0 186 195 150 1 189 205 153 1 188 178 142 1 149 181 147 1 136 118 117 1 112 128 123 1 154 145 117 1 201 210 184 1 200 232 216 1 201 185 195 1 182 180 181 1 163 204 232 1 198 236 191 1 0 0 0 0 227 215 255 1 0 0 0 0 255 240 250 1 251 255 255 1 225 233 249 1 210 230 241 1 245 206 255 1 243 242 243 1 231 228 234 1
128 154 125 1 136 150 139 1 0 0 0 0 107 107 103 1 131 120 121 1 122 159 122 1 0 0 0 0 102 117 68 1 78 81 42 1 94 92 53 1 125 135 90 1 105 131 78 1 0 0 0 0 93 65 41 1 75 66 66 1 86 86 53 1 0 0 0 0 70 47 65 1 38 48 37 1 35 56 51 1 81 80 66 1 142 133 98 1 162 148 131 1 157 187 126 1 169 175 138 1 151 145 163 1 130 171 147 1 148 192 138 1 142 154 123 1 144 173 154 1 175 169 150 1 185 196 180 1 171 190 141 1 180 166 151 1 181 175 140 1 156 179 155 1 170 193 162 1 175 173 156 1 176 177 156 1 156 180 155 1 104 137 110 1 113 114 82 1 99 105 99 1 91 117 131 1 134 138 139 1 185 211 231 1 206 232 229 1 0 0 0 0 166 162 169 1 171 186 184 1 204 210 222 1 199 236 244 1 238 243 232 1 182 228 211 1 221 253 232 1 226 234 241 1 224 253 246 1 219 214 217 1 209 241 249 1 234 249 249 1 255 255 255 1
132 128 105 1 148 129 114 1 130 151 109 1 0 0 0 0 66 109 84 1 136 83 111 1 120 133 117 1 104 94 76 1 74 76 56 1 92 93 75 1 138 116 79 1 0 0 0 0 85 76 88 1 58 78 49 1 73 62 54 1 68 63 68 1 53 51 47 1 53 52 36 1 42 65 39 1 42 11 32 1 57 64 38 1 0 0 0 0 128 140 126 1 165 139 137 1 176 161 154 1 153 178 132 1 170 173 146 1 158 159 138 1 106 143 120 1 0 0 0 0 156 154 126 1 175 166 167 1 0 0 0 0 155 172 133 1 178 179 139 1 143 146 143 1 159 187 171 1 162 187 169 1 184 190 179 1 136 145 135 1 79 47 50 1 12 15 29 1 41 57 68 1 89 100 145 1 163 167 182 1 196 215 212 1 242 224 209 1 200 208 207 1 182 199 189 1 188 196 181 1 192 191 207 1 0 0 0 0 226 251 219 1 232 236 233 1 233 247 255 1 212 251 255 1 223 231 255 1 231 229 255 1 250 233 253 1 0 0 0 0 226 235 255 1
129 152 130 1 112 151 123 1 79 107 86 1 50 104 48 1 114 102 70 1 110 116 95 1 117 111 113 1 0 0 0 0 69 96 59 1 110 77 112 1 95 127 54 1 80 88 50 1 65 61 55 1 47 70 31 1 53 79 35 1 67 75 51 1 42 62 29 1 27 49 50 1 52 39 31 1 50 50 14 1 81 62 27 1 93 89 116 1 113 123 121 1 132 149 144 1 157 165 135 1 181 171 150 1 0 0 0 0 170 190 167 1 161 138 115 1 104 121 137 1 141 133 129 1 142 148 145 1 165 191 117 1 0 0 0 0 157 137 164 1 180 164 146 1 132 135 168 1 136 142 145 1 118 115 138 1 54 81 72 1 0 20 37 1 22 33 56 1 103 127 118 1 153 163 176 1 173 207 216 1 193 208 212 1 206 229 226 1 203 192 201 1 192 197 192 1 196 200 173 1 169 165 190 1 177 204 182 1 185 235 222 1 0 0 0 0 255 254 255 1 246 255 255 1 225 245 245 1 251 236 230 1 193 223 232 1 215 235 247 1 221 218 221 1
122 144 111 1 78 107 72 1 69 68 58 1 92 76 65 1 0 0 0 0 106 109 85 1 114 107 104 1 99 123 108 1 84 75 54 1 77 92 109 1 101 90 88 1 66 59 42 1 42 57 23 1 84 61 38 1 75 73 41 1 0 0 0 0 32 56 29 1 58 40 41 1 41 46 8 1 57 31 25 1 40 40 53 1 80 82 83 1 102 115 91 1 119 128 78 1 159 173 126 1 182 190 134 1 182 198 175 1 180 171 180 1 141 162 135 1 150 135 107 1 135 115 99 1 125 143 142 1 119 90 108 1 135 149 118 1 90 89 83 1 78 132 111 1 77 100 74 1 54 87 86 1 64 69 91 1 59 38 42 1 29 42 71 1 0 0 0 0 131 149 159 1 173 231 188 1 189 234 199 1 181 214 208 1 205 204 213 1 199 203 196 1 213 205 184 1 179 201 196 1 174 182 204 1 171 207 240 1 209 225 193 1 216 238 237 1 252 255 255 1 255 255 255 1 224 221 239 1 243 230 248 1 225 255 230 1 229 249 236 1 226 232 220 1
89 103 108 1 0 0 0 0 83 73 38 1 92 99 47 1 112 101 60 1 68 123 63 1 101 75 41 1 90 94 74 1 81 104 75 1 95 99 56 1 99 78 72 1 28 43 39 1 12 49 0 1 68 77 53 1 44 75 45 1 40 60 68 1 46 52 52 1 27 22 28 1 40 46 18 1 29 34 51 1 70 40 48 1 53 27 35 1 79 81 88 1 115 127 91 1 126 152 120 1 177 170 163 1 188 190 176 1 154 175 160 1 157 152 131 1 0 0 0 0 87 119 88 1 94 81 70 1 0 0 0 0 75 88 63 1 58 94 68 1 80 79 94 1 81 91 85 1 18 51 78 1 0 0 0 0 50 62 93 1 0 0 0 0 140 108 144 1 169 200 214 1 170 218 214 1 194 189 193 1 0 0 0 0 211 209 216 1 201 199 197 1 202 194 216 1 223 206 179 1 190 200 202 1 188 218 206 1 205 205 226 1 223 226 214 1 255 217 250 1 235 244 251 1 255 253 238 1 238 238 255 1 255 255 253 1 248 242 255 1 218 252 242 1
99 128 104 1 52 104 62 1 65 72 66 1 48 82 27 1 73 76 47 1 74 111 61 1 111 105 67 1 89 101 64 1 67 73 67 1 44 47 42 1 0 0 0 0 46 64 41 1 53 56 18 1 85 61 49 1 30 39 54 1 38 66 31 1 88 81 31 1 0 0 0 0 23 39 61 1 31 48 18 1 41 27 52 1 54 60 47 1 89 98 50 1 120 105 95 1 138 149 104 1 158 185 136 1 0 0 0 0 169 169 154 1 151 125 123 1 118 116 103 1 82 100 62 1 56 97 69 1 69 60 77 1 0 0 0 0 45 57 38 1 64 61 77 1 36 79 68 1 50 56 62 1 64 65 72 1 111 112 130 1 128 166 175 1 166 186 177 1 187 164 213 1 0 0 0 0 198 214 217 1 209 194 193 1 209 209 218 1 200 184 214 1 224 212 181 1 218 218 183 1 206 204 195 1 209 228 200 1 196 223 222 1 225 254 231 1 251 255 249 1 222 233 225 1 232 248 255 1 237 218 243 1 240 218 240 1 255 252 255 1 249 247 218 1
94 124 145 1 0 0 0 0 57 75 80 1 42 89 53 1 38 62 29 1 60 83 66 1 121 102 64 1 106 103 79 1 53 77 55 1 31 21 27 1 36 65 43 1 73 68 66 1 75 60 29 1 0 0 0 0 0 0 0 0 39 71 38 1 56 63 45 1 26 43 22 1 15 17 34 1 26 61 36 1 61 50 32 1 68 48 33 1 0 0 0 0 108 105 98 1 129 134 102 1 176 173 152 1 193 181 147 1 175 201 158 1 179 183 170 1 159 185 120 1 117 116 99 1 82 104 57 1 68 102 87 1 67 92 75 1 0 0 0 0 69 100 97 1 82 128 110 1 117 124 149 1 0 0 0 0 170 167 190 1 190 206 199 1 204 194 188 1 179 195 180 1 213 221 198 1 201 191 212 1 220 195 206 1 225 244 214 1 242 211 215 1 215 211 217 1 198 218 230 1 174 208 219 1 196 189 167 1 205 233 215 1 241 227 241 1 230 243 255 1 231 240 255 1 255 250 247 1 236 241 255 1 249 234 245 1 255 245 255 1 0 0 0 0
120 133 149 1 100 144 124 1 68 89 86 1 69 72 63 1 77 69 61 1 87 88 88 1 75 106 84 1 75 71 83 1 62 57 46 1 0 0 0 0 83 60 35 1 49 78 86 1 67 79 48 1 45 41 54 1 76 71 55 1 75 59 52 1 35 50 37 1 19 15 26 1 44 0 33 1 46 42 49 1 57 26 17 1 43 43 35 1 65 56 51 1 85 66 72 1 108 115 100 1 138 150 93 1 178 200 138 1 180 186 176 1 183 191 153 1 184 190 165 1 112 133 97 1 87 98 77 1 95 102 87 1 106 140 102 1 107 113 116 1 149 161 142 1 165 155 171 1 164 168 193 1 190 218 174 1 170 212 180 1 190 198 192 1 183 193 192 1 0 0 0 0 209 208 208 1 218 201 198 1 0 0 0 0 223 221 229 1 231 212 211 1 212 209 201 1 0 0 0 0 187 212 196 1 192 201 221 1 209 220 232 1 220 255 241 1 0 0 0 0 231 236 253 1 225 255 229 1 0 0 0 0 253 254 232 1 255 255 241 1 244 255 246 1
117 138 164 1 119 145 147 1 118 87 119 1 52 72 88 1 85 77 94 1 65 93 75 1 69 106 44 1 0 0 0 0 78 46 73 1 51 90 46 1 60 82 56 1 64 66 26 1 72 43 14 1 58 54 30 1 62 67 38 1 50 63 42 1 59 64 56 1 24 33 54 1 16 35 39 1 54 43 37 1 23 37 4 1 58 44 43 1 55 60 55 1 39 69 43 1 80 79 72 1 116 135 87 1 156 152 150 1 171 162 153 1 168 158 160 1 186 171 159 1 175 159 163 1 132 157 131 1 165 185 145 1 186 175 192 1 171 173 185 1 160 213 170 1 183 178 169 1 177 182 152 1 162 185 172 1 170 202 184 1 178 185 178 1 199 213 158 1 194 216 204 1 207 208 227 1 202 209 201 1 197 198 195 1 199 223 197 1 224 233 210 1 211 222 214 1 193 200 236 1 178 172 190 1 212 195 201 1 198 247 252 1 220 239 255 1 232 255 243 1 255 229 234 1 0 0 0 0 255 255 248 1 255 242 255 1 247 255 255 1 241 255 248 1
140 176 176 1 145 145 166 1 0 0 0 0 66 71 117 1 46 94 82 1 68 115 83 1 0 0 0 0 75 75 70 1 39 55 42 1 86 82 97 1 68 62 67 1 45 20 54 1 31 41 21 1 60 85 58 1 55 62 64 1 46 62 35 1 66 77 57 1 47 43 44 1 32 40 34 1 26 57 53 1 0 0 0 0 10 34 17 1 43 63 43 1 38 50 24 1 69 52 47 1 138 133 108 1 162 161 157 1 185 188 145 1 171 156 164 1 146 156 128 1 150 181 176 1 210 220 173 1 206 204 200 1 173 172 174 1 179 200 168 1 191 198 162 1 186 194 175 1 188 213 189 1 214 207 188 1 221 201 182 1 0 0 0 0 206 231 213 1 229 233 227 1 0 0 0 0 220 234 226 1 215 222 204 1 0 0 0 0 209 227 239 1 198 225 236 1 198 189 234 1 178 177 202 1 158 187 211 1 190 209 246 1 223 231 251 1 231 231 234 1 250 255 255 1 255 244 250 1 0 0 0 0 244 236 231 1 242 255 249 1 219 253 255 1
146 160 167 1 121 126 159 1 111 124 121 1 93 114 91 1 61 57 87 1 64 81 98 1 87 112 68 1 80 89 106 1 85 70 73 1 44 75 44 1 29 26 30 1 0 0 0 0 52 39 21 1 35 33 57 1 40 40 57 1 48 33 69 1 42 35 48 1 51 52 41 1 55 70 59 1 87 74 24 1 54 28 53 1 46 51 46 1 53 49 28 1 23 10 16 1 33 38 49 1 0 0 0 0 168 151 112 1 158 165 151 1 159 172 120 1 160 152 133 1 173 193 153 1 178 209 218 1 197 214 192 1 0 0 0 0 158 196 186 1 177 183 164 1 0 0 0 0 208 242 198 1 180 221 200 1 0 0 0 0 218 209 193 1 204 229 184 1 228 213 228 1 224 201 212 1 226 247 200 1 234 237 206 1 226 254 235 1 236 236 250 1 0 0 0 0 214 225 233 1 211 204 229 1 187 218 227 1 185 200 243 1 210 223 235 1 197 243 253 1 0 0 0 0 255 252 252 1 250 231 241 1 225 255 247 1 244 248 252 1 251 255 255 1
163 204 210 1 130 140 183 1 90 108 127 1 92 116 119 1 97 118 128 1 51 66 75 1 76 79 50 1 47 58 95 1 26 74 61 1 62 45 46 1 16 17 29 1 61 26 64 1 35 66 64 1 42 51 50 1 24 39 33 1 35 43 21 1 46 51 35 1 57 37 25 1 74 68 41 1 43 66 46 1 58 55 48 1 39 45 51 1 41 35 38 1 51 50 48 1 68 38 53 1 113 57 77 1 122 124 117 1 152 151 131 1 187 188 148 1 155 192 145 1 0 0 0 0 173 198 188 1 208 216 192 1 216 218 177 1 193 184 173 1 243 213 228 1 197 232 220 1 213 226 204 1 201 205 214 1 192 220 203 1 233 214 204 1 226 215 244 1 255 255 245 1 233 243 214 1 239 233 228 1 224 215 231 1 253 247 253 1 212 218 214 1 208 219 205 1 226 205 239 1 190 217 220 1 205 195 243 1 202 231 244 1 0 0 0 0 231 253 226 1 247 223 248 1 231 255 241 1 225 229 233 1 235 246 233 1 250 255 249 1 255 247 255 1
152 163 163 1 104 106 156 1 81 148 139 1 111 118 161 1 110 103 132 1 78 77 98 1 28 28 64 1 35 52 55 1 62 77 44 1 0 0 0 0 33 73 93 1 45 54 39 1 60 57 59 1 42 58 65 1 41 35 13 1 26 15 18 1 9 44 19 1 45 30 53 1 51 52 61 1 20 56 71 1 54 32 53 1 48 44 38 1 36 36 28 1 0 0 0 0 32 37 25 1 0 0 0 0 101 125 73 1 168 137 126 1 148 176 142 1 186 200 130 1 164 191 165 1 183 190 188 1 201 210 189 1 198 194 175 1 198 171 200 1 194 242 185 1 193 203 186 1 205 207 193 1 220 242 232 1 231 245 223 1 222 239 216 1 213 212 204 1 218 253 213 1 255 242 223 1 202 231 232 1 219 235 221 1 244 233 247 1 235 255 237 1 222 241 219 1 199 206 235 1 219 210 222 1 199 219 226 1 176 197 227 1 213 225 211 1 219 226 255 1 234 242 255 1 254 218 243 1 214 236 245 1 251 246 246 1 232 255 252 1 255 228 247 1
89 143 143 1 103 116 155 1 0 0 0 0 116 69 126 1 67 89 78 1 33 85 85 1 29 63 62 1 53 19 55 1 46 43 66 1 43 57 43 1 52 10 40 1 42 57 34 1 35 48 34 1 33 46 49 1 23 21 36 1 24 17 33 1 37 30 27 1 34 75 46 1 45 49 49 1 18 26 72 1 0 0 0 0 59 54 38 1 55 36 38 1 44 27 36 1 43 51 51 1 53 78 34 1 106 74 78 1 160 140 119 1 132 160 152 1 173 180 134 1 167 166 165 1 191 189 174 1 174 190 191 1 188 206 181 1 196 210 206 1 213 179 189 1 185 212 182 1 201 207 184 1 232 221 216 1 225 235 220 1 251 223 221 1 173 236 177 1 209 219 196 1 240 249 234 1 220 238 237 1 218 233 234 1 237 231 231 1 228 251 238 1 250 245 255 1 218 250 255 1 216 226 232 1 178 191 219 1 172 206 213 1 221 234 237 1 226 230 255 1 250 255 246 1 237 241 231 1 246 213 230 1 250 248 253 1 245 255 250 1 255 224 240 1
110 84 120 1 95 126 112 1 63 101 122 1 24 32 59 1 38 12 42 1 46 57 86 1 58 39 76 1 61 11 27 1 50 56 64 1 46 24 40 1 43 16 38 1 41 45 47 1 49 54 65 1 38 36 75 1 0 0 0 0 40 27 47 1 29 20 15 1 29 36 51 1 44 0 25 1 32 25 41 1 0 0 0 0 46 27 28 1 30 53 19 1 50 48 54 1 49 64 57 1 61 71 64 1 106 84 50 1 127 118 93 1 140 150 115 1 166 151 137 1 170 190 153 1 171 190 183 1 193 176 157 1 185 202 180 1 202 194 206 1 189 210 193 1 230 229 222 1 241 237 208 1 191 209 215 1 216 216 180 1 0 0 0 0 212 230 204 1 239 190 241 1 222 235 217 1 0 0 0 0 233 227 227 1 228 235 243 1 235 218 246 1 223 254 242 1 230 255 255 1 0 0 0 0 181 213 212 1 185 181 214 1 208 233 234 1 253 217 255 1 228 241 243 1 232 239 231 1 243 243 243 1 253 242 252 1 255 244 242 1 236 245 255 1
0 0 0 0 80 103 97 1 48 14 58 1 45 49 62 1 31 36 62 1 60 65 73 1 9 41 49 1 16 54 58 1 54 22 12 1 24 13 68 1 40 25 58 1 29 24 63 1 49 60 86 1 59 71 71 1 48 42 77 1 27 54 84 1 48 42 38 1 38 12 52 1 0 0 0 0 38 56 46 1 20 17 40 1 37 22 47 1 11 44 53 1 36 14 44 1 61 49 35 1 28 51 24 1 71 79 55 1 95 101 73 1 142 142 121 1 165 182 138 1 186 172 181 1 188 190 180 1 182 183 166 1 174 180 151 1 204 186 196 1 202 163 195 1 203 208 196 1 227 237 208 1 199 193 186 1 202 218 201 1 237 220 216 1 225 204 198 1 215 215 225 1 220 241 230 1 227 241 231 1 218 211 232 1 241 227 235 1 249 247 239 1 224 221 217 1 0 0 0 0 215 242 236 1 218 216 216 1 175 202 218 1 196 191 244 1 192 222 213 1 219 229 225 1 242 251 255 1 255 255 242 1 243 235 255 1 255 251 255 1 230 255 236 1
37 56 69 1 33 41 76 1 24 25 59 1 40 54 72 1 73 47 69 1 0 0 0 0 19 29 66 1 4 52 49 1 53 7 61 1 38 30 44 1 46 31 61 1 54 43 34 1 53 53 77 1 58 72 80 1 81 63 77 1 59 38 65 1 58 64 56 1 15 40 41 1 45 33 89 1 28 38 70 1 36 40 84 1 33 36 53 1 14 32 23 1 38 35 22 1 24 43 74 1 19 48 49 1 39 50 53 1 0 0 0 0 125 113 99 1 164 150 147 1 163 178 174 1 176 163 139 1 169 173 157 1 170 166 141 1 194 200 193 1 161 195 194 1 205 186 178 1 230 203 204 1 201 229 203 1 218 220 178 1 201 223 202 1 203 226 198 1 198 226 213 1 0 0 0 0 206 193 238 1 223 238 212 1 223 233 222 1 233 212 221 1 187 226 215 1 214 212 234 1 207 238 235 1 211 242 248 1 214 241 241 1 182 206 224 1 199 203 184 1 209 213 226 1 235 230 235 1 219 210 237 1 226 237 244 1 238 255 237 1 221 219 248 1
37 59 67 1 15 12 60 1 49 23 39 1 19 54 36 1 50 8 28 1 0 0 0 0 38 34 45 1 34 26 70 1 41 48 48 1 22 40 69 1 52 58 66 1 43 47 82 1 58 56 83 1 74 42 87 1 54 46 76 1 55 72 78 1 57 44 88 1 39 57 74 1 52 29 61 1 49 33 69 1 52 50 74 1 37 51 53 1 47 34 19 1 13 41 44 1 42 43 53 1 59 47 62 1 61 73 39 1 83 74 83 1 99 76 84 1 127 132 99 1 155 172 123 1 159 152 141 1 197 177 164 1 170 160 183 1 197 208 190 1 183 195 179 1 190 201 198 1 200 201 206 1 224 255 230 1 205 194 210 1 176 195 197 1 200 234 235 1 223 252 246 1 232 240 255 1 222 228 216 1 223 243 236 1 232 249 233 1 227 227 224 1 217 211 250 1 0 0 0 0 240 250 249 1 205 231 229 1 236 225 254 1 184 216 235 1 174 212 210 1 201 191 182 1 198 205 223 1 208 221 252 1 210 217 233 1 224 226 230 1 221 224 243 1
32 16 75 1 63 14 59 1 31 8 63 1 17 42 63 1 40 38 48 1 57 58 68 1 35 66 60 1 61 65 79 1 52 48 92 1 65 42 78 1 73 54 86 1 42 20 78 1 56 40 74 1 76 49 69 1 28 64 89 1 36 39 81 1 33 14 65 1 0 0 0 0 44 24 70 1 61 14 66 1 49 76 88 1 47 47 84 1 28 4 64 1 17 11 53 1 35 39 62 1 29 27 30 1 0 0 0 0 53 42 25 1 93 66 59 1 103 115 87 1 143 125 129 1 146 141 131 1 168 176 154 1 167 186 183 1 166 211 165 1 186 180 174 1 186 213 178 1 194 189 212 1 216 195 214 1 216 233 218 1 193 220 199 1 218 235 236 1 226 248 254 1 198 235 197 1 218 219 226 1 231 224 237 1 213 230 255 1 0 0 0 0 229 212 246 1 216 248 235 1 242 229 255 1 216 250 240 1 244 232 209 1 221 232 221 1 212 178 221 1 198 177 183 1 196 203 233 1 192 221 223 1 212 194 214 1 185 225 215 1 0 0 0 0