2
110 217 90 64
57 12 5 1 68 29 0 1 87 38 18 1 75 46 22 1 0 0 0 0 79 41 0 1 85 48 9 1 87 54 30 1 99 56 21 1 100 51 40 1 114 54 17 1 84 43 13 1 136 65 72 1 102 53 25 1 78 64 50 1 79 53 31 1 115 60 51 1 92 76 39 1 103 71 18 1 112 97 50 1 108 58 61 1 78 53 28 1 100 77 48 1 106 86 31 1 88 67 37 1 107 78 50 1 117 76 73 1 107 63 28 1 0 0 0 0 101 66 20 1 111 56 22 1 119 103 29 1 137 87 49 1 132 92 87 1 104 82 79 1 110 61 53 1 81 42 39 1 110 72 40 1 98 68 30 1 112 52 43 1 120 94 17 1 120 63 23 1 75 55 1 1 111 53 24 1 82 60 50 1 56 45 8 1 0 0 0 0 49 1 0 1 33 15 4 1 26 21 19 1 39 12 9 1 14 14 5 1 19 21 0 1 4 2 0 1 22 25 18 1 0 0 0 0 15 12 14 1 35 0 0 1 22 0 0 1 0 4 0 1 0 0 0 0 0 0 0 0 0 0 0 0 61 28 27 1
61 51 21 1 49 41 39 1 60 21 9 1 68 56 0 1 86 64 7 1 73 26 0 1 94 34 41 1 0 0 0 0 76 66 18 1 83 67 23 1 91 54 0 1 65 55 19 1 96 77 22 1 74 68 23 1 103 58 35 1 119 77 35 1 0 0 0 0 96 61 33 1 129 59 56 1 143 82 74 1 115 75 83 1 88 82 47 1 137 80 71 1 140 109 67 1 127 75 24 1 126 60 51 1 130 78 27 1 114 69 24 1 121 60 51 1 117 104 71 1 121 45 36 1 106 82 40 1 111 33 8 1 68 29 6 1 64 46 19 1 98 67 34 1 105 78 37 1 118 73 53 1 88 49 20 1 111 66 16 1 132 100 20 1 130 67 43 1 81 56 0 1 76 44 24 1 82 39 25 1 62 41 0 1 46 20 0 1 5 13 7 1 37 23 0 1 15 10 0 1 5 8 10 1 8 5 0 1 0 0 0 0 22 0 6 1 9 0 0 1 0 0 0 0 9 0 0 1 21 15 0 1 0 0 0 0 0 15 1 1 21 0 0 1 0 0 0 0 47 0 14 1 38 52 50 1
42 38 11 1 61 9 16 1 58 32 31 1 46 38 28 1 0 0 0 0 0 0 0 0 39 69 25 1 89 78 20 1 109 62 29 1 81 65 45 1 87 55 30 1 85 62 15 1 84 18 22 1 91 78 48 1 0 0 0 0 96 65 58 1 106 73 47 1 116 90 35 1 0 0 0 0 110 87 26 1 110 83 38 1 107 82 13 1 129 89 48 1 108 68 27 1 104 55 44 1 91 52 32 1 69 42 27 1 94 55 25 1 105 69 44 1 84 87 18 1 118 73 36 1 103 58 12 1 133 68 18 1 126 93 53 1 140 77 26 1 116 95 28 1 103 56 35 1 125 60 51 1 120 67 58 1 116 76 32 1 100 75 32 1 89 53 20 1 78 69 20 1 89 52 6 1 81 50 3 1 90 84 39 1 70 53 28 1 71 22 23 1 28 1 0 1 4 14 0 1 5 9 0 1 2 7 0 1 15 18 12 1 30 38 3 1 0 0 31 1 33 14 0 1 3 22 0 1 0 0 0 0 38 17 18 1 0 0 0 1 0 5 0 1 0 0 0 0 32 0 12 1 0 0 0 0
48 0 0 1 42 24 0 1 39 9 0 1 38 46 8 1 49 1 7 1 58 35 26 1 51 47 14 1 0 0 0 0 41 23 6 1 48 39 27 1 69 15 25 1 78 66 55 1 0 0 0 0 116 59 34 1 133 82 45 1 103 61 27 1 97 86 49 1 88 97 35 1 105 83 41 1 0 0 0 0 113 98 43 1 131 73 47 1 123 96 21 1 100 66 15 1 0 0 0 0 0 0 0 0 91 64 29 1 105 86 23 1 0 0 0 0 125 69 30 1 85 76 12 1 103 73 31 1 90 55 42 1 118 43 37 1 128 71 30 1 0 0 0 0 78 45 65 1 110 79 20 1 89 58 39 1 116 63 18 1 92 62 13 1 99 62 23 1 80 42 16 1 81 38 33 1 87 43 17 1 87 48 36 1 63 46 14 1 63 58 14 1 40 37 21 1 18 14 15 1 0 0 0 0 0 0 0 1 0 0 0 0 0 1 0 1 36 0 0 1 17 10 0 1 11 0 0 1 0 12 0 1 38 10 0 1 0 0 0 1 37 6 0 1 34 4 0 1 0 0 0 0 8 2 15 1
0 17 17 1 14 2 21 1 25 14 15 1 7 13 0 1 29 1 0 1 21 0 19 1 5 10 24 1 26 11 0 1 34 16 9 1 29 19 13 1 60 23 25 1 0 0 0 0 0 0 0 0 99 49 25 1 79 50 43 1 65 39 46 1 110 62 59 1 103 63 47 1 124 95 42 1 106 48 58 1 115 73 53 1 0 0 0 0 107 74 51 1 73 47 10 1 104 56 28 1 122 71 52 1 136 66 67 1 117 71 50 1 124 59 31 1 94 68 4 1 110 60 12 1 144 84 53 1 135 88 29 1 94 62 27 1 95 76 27 1 102 55 26 1 102 65 41 1 99 55 31 1 101 62 41 1 95 65 0 1 83 44 18 1 0 0 0 0 118 50 7 1 90 63 18 1 102 49 47 1 65 66 14 1 94 68 20 1 85 49 56 1 76 41 34 1 46 24 0 1 5 0 0 1 7 18 0 1 17 0 0 1 10 0 12 1 11 24 1 1 15 35 33 1 0 0 0 0 15 11 4 1 16 32 1 1 19 10 1 1 12 2 20 1 18 0 0 1 0 0 0 0 0 14 7 1
16 25 22 1 12 0 0 1 11 10 0 1 19 13 18 1 28 7 23 1 22 12 21 1 28 0 0 1 18 24 13 1 2 4 0 1 15 0 24 1 38 25 0 1 25 3 9 1 27 0 11 1 52 0 0 1 39 3 1 1 61 43 0 1 78 49 6 1 0 0 0 0 78 47 32 1 72 56 18 1 126 49 35 1 126 66 55 1 111 61 40 1 112 57 18 1 109 88 17 1 110 54 48 1 85 49 44 1 83 57 22 1 79 41 28 1 97 32 1 1 104 54 5 1 92 90 11 1 84 62 14 1 95 52 14 1 116 36 16 1 131 58 31 1 119 55 48 1 111 71 69 1 112 78 43 1 98 67 22 1 86 69 28 1 86 50 3 1 94 39 6 1 92 63 38 1 85 46 29 1 100 69 38 1 82 46 9 1 75 47 34 1 58 43 44 1 0 0 0 0 20 10 0 1 16 0 0 1 14 0 7 1 19 0 28 1 7 2 24 1 0 3 6 1 15 3 0 1 12 8 0 1 0 0 0 0 31 27 7 1 39 8 16 1 16 0 0 1 1 18 4 1 15 0 15 1
39 9 15 1 8 15 13 1 8 11 11 1 23 12 24 1 20 23 0 1 25 24 11 1 38 20 4 1 0 9 23 1 0 13 10 1 3 7 11 1 0 0 11 1 14 0 11 1 0 0 0 0 9 0 22 1 12 0 0 1 0 15 0 1 50 13 8 1 45 5 0 1 23 20 32 1 81 15 8 1 77 15 7 1 81 42 38 1 39 69 41 1 104 65 41 1 115 67 37 1 126 112 15 1 0 0 0 0 95 38 10 1 97 56 31 1 101 47 11 1 113 78 37 1 77 47 23 1 90 51 32 1 95 42 20 1 92 54 0 1 105 38 16 1 97 48 14 1 80 55 18 1 101 73 23 1 83 82 11 1 72 53 22 1 85 54 23 1 111 28 28 1 91 37 8 1 82 43 0 1 95 32 30 1 73 52 37 1 100 58 30 1 70 40 23 1 78 30 16 1 17 9 8 1 27 0 0 1 19 0 0 1 16 0 0 1 38 5 14 1 0 0 0 1 5 0 22 1 10 9 11 1 0 0 0 0 58 8 9 1 58 40 17 1 52 9 0 1 0 0 0 0 47 16 0 1
31 6 20 1 30 0 13 1 0 17 0 1 10 3 2 1 0 13 6 1 14 18 0 1 4 21 15 1 0 11 11 1 5 10 27 1 38 4 9 1 6 22 16 1 0 7 20 1 0 10 21 1 27 0 0 1 0 0 5 1 0 12 0 1 26 0 12 1 18 0 0 1 14 0 18 1 39 4 0 1 54 12 0 1 57 7 12 1 55 43 21 1 66 42 0 1 0 0 0 0 85 77 17 1 88 68 35 1 123 79 16 1 0 0 0 0 99 70 31 1 107 53 13 1 74 47 0 1 91 54 0 1 79 46 23 1 98 56 16 1 142 44 16 1 64 32 40 1 109 61 0 1 103 53 17 1 122 79 37 1 118 73 25 1 114 83 42 1 76 57 29 1 96 25 9 1 80 53 15 1 80 32 13 1 101 57 11 1 70 59 22 1 75 59 23 1 51 17 28 1 35 5 0 1 17 0 9 1 34 39 0 1 22 0 6 1 0 8 5 1 14 0 37 1 21 11 13 1 21 0 13 1 35 0 1 1 40 29 5 1 59 24 25 1 0 0 0 0 0 0 0 0 78 16 3 1
31 0 7 1 11 0 6 1 32 11 0 1 31 3 2 1 0 0 0 1 14 0 0 1 33 8 7 1 8 8 13 1 18 28 0 1 6 14 3 1 36 0 31 1 6 0 0 1 29 0 0 1 0 0 0 0 15 0 0 1 21 11 0 1 14 7 30 1 9 0 0 1 0 10 0 1 12 0 0 1 12 33 0 1 29 0 17 1 13 18 0 1 68 5 0 1 45 13 0 1 73 43 12 1 86 49 16 1 84 51 20 1 96 81 29 1 97 57 21 1 102 54 36 1 90 56 30 1 99 48 25 1 0 0 0 0 107 50 33 1 104 54 6 1 101 61 21 1 82 50 0 1 101 38 15 1 77 55 0 1 68 70 0 1 84 42 11 1 117 34 19 1 84 35 6 1 68 44 5 1 76 36 15 1 98 48 17 1 105 75 30 1 97 43 13 1 55 40 15 1 70 13 4 1 20 7 0 1 29 14 0 1 20 6 0 1 23 11 10 1 20 2 8 1 0 0 0 0 0 0 0 0 9 0 11 1 31 18 0 1 57 27 26 1 96 39 45 1 0 0 0 0 64 49 13 1
52 0 0 1 34 5 7 1 32 25 15 1 9 0 11 1 0 0 0 0 17 0 10 1 18 0 0 1 15 0 0 1 6 0 0 1 1 0 0 1 3 13 0 1 5 0 11 1 0 25 3 1 8 4 0 1 12 0 8 1 16 6 0 1 5 20 0 1 6 10 0 1 0 24 0 1 0 0 0 0 26 0 0 1 15 18 0 1 10 20 0 1 37 0 0 1 30 4 0 1 51 0 0 1 37 25 0 1 62 17 0 1 73 45 13 1 62 50 7 1 66 33 4 1 57 50 26 1 108 56 9 1 98 49 30 1 96 74 33 1 95 45 24 1 97 63 26 1 102 47 8 1 98 45 15 1 82 52 31 1 71 66 44 1 113 61 4 1 80 15 12 1 105 39 9 1 90 22 13 1 61 26 18 1 86 35 21 1 77 76 34 1 90 49 32 1 72 18 36 1 48 31 0 1 30 11 0 1 33 0 11 1 14 24 10 1 0 0 0 0 0 8 0 1 12 19 0 1 25 23 19 1 16 5 0 1 51 2 16 1 40 19 18 1 96 13 13 1 106 47 0 1 92 14 0 1
122 63 12 1 116 30 25 1 111 61 37 1 94 77 20 1 113 70 36 1 118 51 45 1 108 58 36 1 53 27 13 1 39 14 16 1 0 0 0 0 12 19 5 1 26 0 0 1 21 0 0 1 10 9 1 1 0 0 0 0 0 0 0 0 20 5 4 1 16 0 4 1 34 5 0 1 0 14 17 1 17 0 0 1 22 37 0 1 42 19 26 1 0 0 14 1 14 22 0 1 2 16 3 1 5 23 0 1 0 0 0 0 16 14 12 1 47 4 0 1 14 22 15 1 70 54 16 1 68 27 40 1 88 56 22 1 91 50 17 1 97 15 24 1 86 31 0 1 86 45 38 1 81 28 11 1 93 34 23 1 85 59 4 1 69 58 24 1 93 50 37 1 93 54 4 1 80 42 11 1 93 23 2 1 88 54 47 1 100 54 62 1 98 46 53 1 66 40 33 1 65 38 11 1 30 28 29 1 21 0 0 1 8 4 3 1 6 1 0 1 23 8 16 1 11 15 0 1 32 0 0 1 7 7 0 1 43 18 11 1 51 22 15 1 74 32 26 1 73 24 48 1 102 62 0 1
0 0 0 0 109 58 41 1 75 46 26 1 119 24 25 1 106 43 20 1 110 64 28 1 101 69 36 1 89 72 34 1 84 45 27 1 92 44 47 1 0 0 0 0 65 49 19 1 0 0 0 0 0 0 0 0 22 19 21 1 31 8 0 1 30 0 0 1 24 4 0 1 7 0 0 1 0 14 0 1 14 14 24 1 5 0 39 1 21 8 6 1 16 8 0 1 0 0 20 1 17 7 0 1 2 15 0 1 22 17 22 1 25 0 0 1 26 33 0 1 20 9 8 1 46 11 3 1 53 24 10 1 61 37 0 1 0 0 0 0 0 0 0 0 72 72 1 1 71 41 13 1 103 57 19 1 85 46 11 1 84 35 14 1 65 38 4 1 84 41 50 1 83 22 3 1 84 12 30 1 91 31 18 1 110 19 10 1 77 29 12 1 97 47 37 1 82 18 31 1 49 9 0 1 22 20 0 1 0 0 0 0 12 17 0 1 4 0 4 1 0 0 17 1 2 19 0 1 21 0 10 1 21 14 5 1 74 27 11 1 58 14 7 1 68 23 20 1 74 0 0 1 98 51 39 1
135 53 25 1 137 44 45 1 131 44 33 1 125 55 0 1 101 87 24 1 118 62 21 1 123 59 0 1 105 51 42 1 111 38 34 1 114 67 36 1 120 57 33 1 102 49 23 1 109 65 47 1 99 47 40 1 93 61 24 1 61 22 12 1 0 0 0 0 62 12 6 1 62 10 13 1 38 10 0 1 10 0 0 1 0 0 0 0 29 0 0 1 31 1 1 1 4 0 16 1 0 18 0 1 10 1 21 1 0 0 24 1 9 0 9 1 0 0 0 1 2 0 0 1 8 0 0 1 22 0 6 1 22 15 0 1 54 6 14 1 41 29 25 1 54 51 14 1 71 19 17 1 41 43 20 1 70 44 51 1 46 30 30 1 49 16 0 1 83 38 37 1 91 34 13 1 77 36 0 1 64 39 6 1 95 52 0 1 74 27 3 1 52 59 20 1 86 19 29 1 61 46 15 1 15 10 8 1 17 17 7 1 7 0 10 1 0 0 0 0 11 4 9 1 19 0 5 1 14 0 0 1 49 27 8 1 76 19 14 1 38 32 8 1 80 10 0 1 59 17 0 1 127 48 36 1
134 56 19 1 100 51 43 1 129 59 3 1 0 0 0 0 137 42 27 1 103 50 28 1 116 45 9 1 124 44 22 1 78 59 23 1 112 29 31 1 0 0 0 0 96 24 40 1 92 47 31 1 88 42 35 1 0 0 0 0 78 41 25 1 96 39 14 1 73 36 25 1 62 35 45 1 97 48 37 1 0 0 0 0 31 13 0 1 11 12 3 1 20 8 5 1 21 12 0 1 14 0 5 1 27 13 4 1 0 10 16 1 1 14 2 1 19 0 0 1 0 0 0 0 18 26 8 1 28 20 0 1 0 0 0 0 0 0 0 0 0 0 0 0 35 6 0 1 74 24 3 1 93 34 0 1 0 0 0 0 72 75 7 1 63 66 9 1 59 27 6 1 78 31 15 1 75 20 19 1 57 59 37 1 89 56 5 1 0 0 0 0 90 51 21 1 60 41 5 1 60 8 18 1 30 12 35 1 20 0 0 1 0 13 6 1 8 30 3 1 12 16 0 1 33 0 13 1 51 17 13 1 70 27 30 1 41 25 9 1 36 12 0 1 55 12 11 1 76 31 2 1 75 54 47 1
124 52 32 1 133 59 0 1 127 39 35 1 116 41 18 1 117 50 23 1 124 36 20 1 100 36 3 1 133 30 43 1 128 40 6 1 130 45 6 1 123 41 30 1 0 0 0 0 109 47 20 1 100 52 19 1 112 48 10 1 101 24 30 1 90 21 0 1 64 23 19 1 79 25 2 1 80 26 0 1 82 29 27 1 0 0 0 0 57 1 26 1 36 28 12 1 52 0 0 1 21 32 0 1 72 5 2 1 11 18 0 1 5 18 0 1 16 0 0 1 8 0 18 1 22 19 0 1 0 22 0 1 0 0 0 1 0 18 14 1 3 0 0 1 5 10 0 1 46 0 5 1 45 9 0 1 64 60 31 1 66 33 21 1 79 30 0 1 72 16 28 1 53 48 21 1 70 33 35 1 76 41 19 1 57 37 19 1 0 0 0 0 73 26 23 1 52 37 36 1 32 40 14 1 31 0 11 1 15 2 3 1 20 0 21 1 0 0 0 0 12 7 30 1 0 0 0 0 32 4 44 1 44 26 0 1 60 11 14 1 35 33 0 1 33 16 0 1 45 25 16 1 42 0 21 1
137 57 25 1 127 70 40 1 0 0 0 0 147 57 24 1 122 45 22 1 122 49 0 1 0 0 0 0 123 37 0 1 130 52 23 1 91 29 32 1 102 33 0 1 0 0 0 0 111 33 7 1 103 38 34 1 105 52 34 1 89 55 18 1 93 23 14 1 0 0 0 0 0 0 0 0 97 33 5 1 68 5 26 1 83 33 0 1 67 38 0 1 66 52 25 1 57 34 32 1 43 26 0 1 30 26 0 1 7 2 0 1 24 0 0 1 11 27 16 1 2 0 10 1 22 11 14 1 5 0 0 1 12 0 0 1 18 7 0 1 30 6 14 1 30 0 0 1 47 16 0 1 0 0 0 0 0 0 0 0 34 25 34 1 66 7 17 1 0 0 0 0 60 52 2 1 75 17 0 1 79 42 19 1 70 6 0 1 75 59 23 1 0 0 0 0 47 17 27 1 37 30 2 1 12 0 16 1 46 9 0 1 14 6 5 1 2 29 22 1 3 18 0 1 0 0 0 0 0 0 0 0 0 0 0 0 38 27 27 1 76 14 24 1 70 47 0 1 55 28 6 1 57 65 30 1
118 74 5 1 93 72 5 1 102 44 17 1 114 60 25 1 140 53 13 1 98 39 14 1 107 50 0 1 127 52 19 1 115 61 25 1 123 41 11 1 102 19 19 1 104 60 28 1 97 41 0 1 82 44 0 1 90 63 3 1 104 27 30 1 82 50 22 1 97 30 21 1 91 57 4 1 96 13 9 1 92 5 1 1 0 0 0 0 78 36 0 1 88 38 30 1 77 35 34 1 68 28 8 1 48 17 0 1 41 15 0 1 26 7 0 1 3 12 0 1 1 0 0 1 2 0 22 1 0 0 0 0 0 0 0 0 14 12 24 1 0 0 0 0 5 0 0 1 0 0 0 0 6 9 3 1 7 0 0 1 0 11 27 1 13 41 0 1 36 27 9 1 57 10 9 1 0 0 0 0 0 0 0 0 57 35 11 1 54 51 19 1 57 4 10 1 48 18 33 1 63 0 16 1 13 9 0 1 7 31 27 1 6 0 0 1 27 0 0 1 35 8 0 1 30 28 12 1 5 0 44 1 24 1 0 1 51 36 29 1 60 26 24 1 48 26 20 1 73 30 0 1 50 31 0 1
150 49 0 1 117 39 9 1 105 33 6 1 135 55 24 1 105 59 30 1 113 40 22 1 130 83 15 1 110 60 25 1 117 41 39 1 93 50 24 1 86 30 0 1 94 43 10 1 124 58 19 1 0 0 0 0 91 44 0 1 93 36 25 1 100 37 7 1 93 50 26 1 107 19 0 1 0 0 0 0 75 34 0 1 100 10 1 1 0 0 0 0 78 38 20 1 59 13 6 1 53 32 2 1 42 5 11 1 27 24 21 1 37 8 7 1 34 19 6 1 30 11 12 1 10 24 0 1 10 19 20 1 13 0 15 1 0 0 29 1 16 0 0 1 13 0 11 1 5 0 14 1 39 26 7 1 30 0 11 1 29 2 30 1 22 0 7 1 59 10 13 1 63 32 5 1 37 15 20 1 68 33 0 1 72 58 0 1 39 44 22 1 44 26 0 1 49 1 16 1 36 0 0 1 1 0 7 1 38 0 0 1 9 0 2 1 25 0 7 1 0 19 0 1 1 29 11 1 23 0 0 1 20 0 4 1 38 20 8 1 41 28 11 1 36 10 0 1 27 8 0 1 51 15 0 1
122 41 25 1 130 44 6 1 120 56 22 1 120 46 11 1 113 42 19 1 124 57 12 1 113 37 2 1 0 0 0 0 81 60 8 1 101 38 0 1 88 53 36 1 96 43 10 1 81 53 3 1 0 0 0 0 99 47 2 1 104 36 20 1 77 26 23 1 90 45 5 1 65 30 27 1 100 30 15 1 96 26 9 1 73 38 0 1 78 0 14 1 86 26 19 1 71 35 0 1 56 39 6 1 66 13 5 1 36 41 0 1 42 0 0 1 74 17 15 1 67 12 1 1 34 0 0 1 25 0 0 1 40 18 9 1 25 9 9 1 13 8 22 1 43 8 9 1 13 0 15 1 9 26 0 1 8 7 3 1 0 0 0 0 0 0 0 1 28 15 18 1 44 10 3 1 13 0 0 1 0 0 0 0 52 47 13 1 28 31 28 1 52 0 34 1 51 37 19 1 48 10 19 1 27 0 17 1 30 0 0 1 3 20 0 1 0 0 4 1 6 10 4 1 0 6 12 1 20 10 21 1 17 0 7 1 28 10 10 1 31 0 7 1 56 17 0 1 31 0 29 1 0 0 0 0
115 21 35 1 117 53 19 1 135 54 17 1 108 39 0 1 83 46 5 1 90 35 18 1 113 36 11 1 89 35 21 1 107 33 10 1 96 43 12 1 98 60 25 1 102 58 11 1 104 29 0 1 104 36 14 1 73 47 24 1 68 67 16 1 75 10 36 1 59 44 4 1 78 12 15 1 85 34 11 1 58 37 3 1 59 30 0 1 83 0 25 1 72 31 4 1 76 22 12 1 69 32 2 1 56 21 16 1 47 40 25 1 59 22 0 1 72 38 8 1 68 38 8 1 25 21 0 1 55 0 10 1 22 4 0 1 15 20 16 1 5 2 0 1 5 7 16 1 9 0 0 1 10 6 16 1 8 0 3 1 0 0 12 1 0 0 0 0 3 5 0 1 17 0 0 1 30 20 12 1 41 37 11 1 53 23 8 1 31 0 29 1 42 15 24 1 32 42 36 1 38 27 0 1 9 0 0 1 15 0 19 1 0 19 8 1 0 0 0 1 0 0 4 1 16 0 7 1 30 5 0 1 0 0 0 0 22 0 0 1 35 25 0 1 52 0 24 1 38 16 11 1 0 8 23 1
113 45 13 1 120 46 14 1 102 43 20 1 125 40 18 1 125 39 25 1 0 0 0 0 86 18 10 1 95 44 19 1 98 50 3 1 0 0 0 0 114 41 16 1 101 35 13 1 101 24 18 1 96 31 0 1 87 13 0 1 78 47 12 1 77 36 21 1 72 28 0 1 106 17 29 1 56 37 0 1 56 17 27 1 56 28 0 1 68 3 12 1 68 34 19 1 86 22 30 1 31 31 0 1 69 25 3 1 29 24 14 1 49 24 0 1 59 39 0 1 50 22 1 1 0 0 0 0 51 22 5 1 19 27 16 1 23 0 0 1 6 9 0 1 38 16 13 1 14 6 0 1 19 0 14 1 0 0 0 1 11 0 14 1 20 9 0 1 4 0 18 1 38 29 0 1 23 14 0 1 8 0 9 1 0 2 27 1 26 0 3 1 36 17 0 1 46 33 20 1 0 0 0 0 11 36 53 1 3 5 0 1 7 0 0 1 20 0 0 1 0 8 11 1 0 0 0 0 39 4 29 1 26 3 2 1 19 42 0 1 43 10 0 1 24 0 0 1 34 11 0 1 37 30 0 1
138 30 7 1 117 53 0 1 0 0 0 0 102 49 0 1 114 54 4 1 67 28 8 1 99 32 9 1 92 32 21 1 103 16 27 1 114 37 21 1 79 25 28 1 82 22 18 1 92 21 11 1 56 24 6 1 89 64 9 1 0 0 0 0 91 26 16 1 74 29 0 1 62 40 6 1 63 32 13 1 52 41 3 1 63 14 11 1 61 16 13 1 70 29 10 1 74 10 2 1 50 5 0 1 64 23 4 1 49 22 16 1 58 51 3 1 37 11 30 1 57 28 14 1 40 10 18 1 0 0 0 0 21 8 0 1 29 15 2 1 25 0 0 1 14 5 4 1 14 5 0 1 25 0 20 1 22 0 10 1 9 0 13 1 4 4 3 1 0 23 4 1 24 0 0 1 8 14 18 1 26 0 0 1 5 0 0 1 12 0 0 1 0 0 0 0 30 13 12 1 33 16 0 1 21 28 20 1 1 1 16 1 23 23 0 1 0 0 0 0 0 14 27 1 0 17 1 1 18 0 14 1 44 9 16 1 56 13 0 1 36 18 0 1 35 0 1 1 39 0 0 1 0 0 0 0
89 49 52 1 103 19 26 1 110 46 18 1 95 45 0 1 121 24 8 1 97 32 0 1 74 11 0 1 90 42 26 1 77 28 26 1 73 8 7 1 97 34 23 1 86 19 5 1 80 14 14 1 83 40 0 1 0 0 0 0 97 35 6 1 62 12 13 1 87 22 10 1 89 44 20 1 86 20 10 1 73 27 14 1 74 34 21 1 92 28 10 1 60 23 15 1 50 22 6 1 50 13 0 1 63 10 0 1 53 19 17 1 64 20 0 1 63 29 4 1 47 18 14 1 23 6 11 1 48 7 17 1 38 28 2 1 15 31 26 1 0 0 0 0 68 15 12 1 46 18 0 1 38 0 2 1 2 0 12 1 10 4 0 1 26 9 27 1 15 0 3 1 6 13 10 1 30 0 4 1 11 0 18 1 0 0 0 0 0 4 0 1 22 14 3 1 0 0 0 0 32 9 39 1 14 0 0 1 19 29 7 1 4 14 15 1 0 26 20 1 2 0 11 1 7 11 28 1 26 0 20 1 29 22 0 1 43 17 10 1 0 0 0 0 20 24 26 1 25 0 0 1 30 6 5 1
92 38 13 1 116 54 7 1 117 26 12 1 89 55 3 1 0 0 0 0 121 44 19 1 99 34 0 1 87 67 12 1 90 33 0 1 79 42 0 1 68 37 1 1 88 32 6 1 91 0 0 1 58 37 28 1 82 51 10 1 71 10 14 1 75 0 7 1 71 28 0 1 73 46 21 1 73 50 5 1 68 48 16 1 72 30 17 1 86 38 22 1 52 29 23 1 67 7 3 1 0 0 0 0 57 0 5 1 46 23 0 1 68 20 4 1 65 21 0 1 34 10 15 1 20 30 12 1 36 15 5 1 32 12 8 1 33 0 15 1 58 1 21 1 41 12 30 1 39 24 16 1 32 40 14 1 29 4 0 1 0 3 18 1 9 0 0 1 25 0 7 1 36 31 0 1 28 26 0 1 22 2 0 1 0 0 0 0 15 1 5 1 14 24 0 1 0 0 10 1 20 0 0 1 31 7 0 1 37 14 1 1 13 2 0 1 10 18 15 1 7 18 0 1 7 4 0 1 37 4 29 1 0 0 0 0 34 1 2 1 29 26 0 1 39 12 0 1 24 4 0 1 38 36 0 1
81 37 16 1 116 22 33 1 94 39 18 1 104 34 27 1 101 38 32 1 88 52 23 1 106 51 11 1 96 29 25 1 90 17 21 1 0 0 0 0 71 27 26 1 70 15 0 1 74 33 19 1 81 37 0 1 89 52 14 1 0 0 0 0 78 36 0 1 54 8 5 1 60 24 0 1 66 29 1 1 54 20 9 1 0 0 0 0 0 0 0 0 45 27 3 1 49 3 0 1 20 15 0 1 45 21 5 1 55 35 15 1 54 11 15 1 64 10 23 1 46 31 5 1 64 11 25 1 23 0 4 1 46 10 17 1 52 44 26 1 56 28 0 1 43 32 16 1 0 0 0 0 18 0 0 1 0 14 6 1 14 0 0 1 17 20 25 1 9 32 0 1 0 0 0 1 0 0 0 1 11 0 15 1 0 0 13 1 19 1 0 1 8 0 24 1 0 0 4 1 4 0 13 1 15 38 5 1 11 10 0 1 13 4 14 1 20 0 0 1 0 0 11 1 0 3 10 1 53 3 0 1 32 32 5 1 21 11 0 1 20 15 5 1 40 17 0 1 5 13 3 1 29 4 7 1
103 58 33 1 84 38 0 1 87 46 16 1 105 30 26 1 85 55 15 1 81 37 1 1 85 6 7 1 88 40 13 1 89 0 0 1 70 15 20 1 84 26 0 1 87 51 24 1 66 33 8 1 74 32 24 1 68 20 8 1 56 32 19 1 74 5 25 1 60 23 0 1 68 31 14 1 48 12 0 1 57 41 18 1 62 12 0 1 44 7 9 1 56 18 3 1 46 38 0 1 52 0 11 1 58 18 0 1 34 23 0 1 66 14 0 1 42 17 21 1 60 9 0 1 76 0 38 1 59 19 4 1 53 20 21 1 60 6 29 1 30 15 6 1 43 20 0 1 0 0 0 0 45 7 31 1 29 0 16 1 24 11 30 1 32 20 0 1 2 0 0 1 6 4 8 1 13 11 0 1 0 3 0 1 4 8 0 1 10 14 0 1 0 0 0 1 34 8 33 1 16 16 8 1 8 13 0 1 12 56 9 1 0 6 1 1 0 4 0 1 0 0 0 1 4 1 0 1 42 4 35 1 45 0 5 1 30 0 0 1 15 13 0 1 36 9 17 1 47 6 7 1 54 21 22 1
101 43 28 1 100 25 17 1 100 24 35 1 96 32 0 1 93 13 9 1 0 0 0 0 83 18 29 1 38 10 2 1 50 47 28 1 69 44 0 1 82 27 4 1 78 14 10 1 77 20 21 1 66 45 16 1 57 11 0 1 73 28 16 1 54 18 13 1 40 11 23 1 86 14 16 1 58 21 0 1 48 22 7 1 52 16 18 1 72 14 6 1 53 43 18 1 42 32 21 1 27 8 0 1 48 4 27 1 37 17 0 1 39 17 9 1 49 11 0 1 54 27 0 1 56 3 9 1 68 14 0 1 34 43 18 1 25 23 0 1 40 0 14 1 29 12 0 1 35 10 15 1 17 16 27 1 36 0 22 1 38 7 15 1 9 0 5 1 0 0 0 0 34 0 27 1 14 4 9 1 0 15 10 1 0 31 15 1 40 0 19 1 13 15 21 1 18 8 1 1 15 17 0 1 10 0 0 1 9 0 6 1 27 9 2 1 9 16 16 1 25 5 17 1 26 0 13 1 14 10 0 1 35 31 0 1 29 14 8 1 34 24 18 1 48 1 0 1 0 0 0 0 62 28 22 1
96 6 4 1 91 29 0 1 80 26 9 1 83 16 23 1 75 19 9 1 79 22 5 1 55 9 0 1 102 12 16 1 89 35 13 1 74 12 20 1 0 0 0 0 73 15 0 1 65 0 20 1 71 42 0 1 56 26 13 1 60 18 25 1 43 0 14 1 29 22 11 1 57 17 0 1 66 0 20 1 80 3 0 1 0 0 0 0 0 0 0 0 32 16 18 1 31 16 16 1 37 0 5 1 0 0 0 0 35 0 6 1 0 0 0 0 34 10 35 1 31 7 32 1 52 8 2 1 57 0 0 1 15 15 25 1 36 37 2 1 37 3 0 1 40 0 10 1 51 33 25 1 36 20 1 1 14 3 4 1 27 1 37 1 0 0 0 0 1 0 3 1 26 0 3 1 18 15 4 1 0 0 0 1 26 7 16 1 27 28 2 1 0 12 16 1 19 0 18 1 5 0 0 1 16 0 0 1 18 12 0 1 0 0 13 1 0 0 0 1 4 4 0 1 0 0 0 0 25 9 0 1 51 5 0 1 24 0 0 1 25 0 7 1 18 12 1 1 0 0 0 0 45 22 4 1
92 8 22 1 108 31 8 1 95 17 11 1 82 28 8 1 75 4 0 1 77 18 15 1 78 18 15 1 0 0 0 0 63 7 11 1 47 44 10 1 0 0 0 0 85 33 22 1 0 0 0 0 56 32 0 1 49 39 0 1 73 36 9 1 64 2 0 1 0 0 0 0 42 17 12 1 70 13 13 1 56 25 3 1 39 9 14 1 43 16 16 1 61 9 13 1 24 15 0 1 52 24 0 1 15 28 14 1 0 0 0 0 40 26 14 1 27 15 0 1 35 0 19 1 24 0 38 1 9 11 0 1 31 3 17 1 45 18 0 1 46 9 8 1 50 0 4 1 38 11 0 1 26 0 0 1 46 0 37 1 28 0 5 1 15 0 33 1 14 23 14 1 43 16 0 1 1 0 11 1 8 5 4 1 0 0 0 0 3 0 18 1 0 0 0 0 0 0 0 1 0 0 3 1 5 0 4 1 12 21 13 1 0 0 0 0 4 28 2 1 40 10 16 1 32 0 14 1 49 0 0 1 27 0 18 1 18 9 9 1 42 7 0 1 39 16 7 1 23 3 7 1 52 6 28 1
89 38 5 1 84 16 0 1 74 22 27 1 85 25 12 1 71 3 8 1 88 3 0 1 85 21 16 1 88 53 0 1 72 27 0 1 87 36 17 1 0 0 0 0 70 17 27 1 45 29 11 1 60 28 35 1 53 20 18 1 49 21 0 1 50 22 14 1 53 15 0 1 43 30 9 1 60 19 0 1 71 27 4 1 56 9 0 1 26 27 0 1 27 30 0 1 32 26 0 1 61 24 0 1 14 8 0 1 32 15 0 1 40 0 6 1 33 18 4 1 45 2 0 1 38 16 11 1 43 10 17 1 49 14 0 1 24 4 8 1 44 19 0 1 18 0 9 1 30 0 0 1 25 6 18 1 15 0 19 1 0 0 0 0 33 18 0 1 12 3 13 1 26 21 0 1 34 0 12 1 41 9 6 1 18 0 0 1 11 0 4 1 0 14 0 1 4 10 6 1 0 11 17 1 10 0 6 1 15 6 2 1 15 0 7 1 0 20 19 1 0 0 0 0 16 3 0 1 17 0 0 1 39 7 0 1 57 0 32 1 31 9 0 1 53 1 9 1 49 11 24 1 12 16 7 1
105 60 8 1 81 26 9 1 116 33 0 1 74 35 2 1 73 34 14 1 51 31 9 1 71 8 13 1 0 0 0 0 52 15 13 1 67 11 4 1 70 31 16 1 91 26 27 1 51 12 36 1 54 16 21 1 62 8 21 1 44 32 1 1 47 13 10 1 62 14 0 1 52 0 17 1 36 33 0 1 49 12 19 1 49 22 26 1 31 7 1 1 25 0 0 1 21 31 15 1 37 0 0 1 48 18 5 1 29 9 7 1 44 0 0 1 41 18 0 1 36 10 0 1 27 7 24 1 36 16 0 1 27 17 0 1 22 9 15 1 25 21 26 1 10 7 0 1 8 16 0 1 30 16 0 1 31 9 16 1 21 0 6 1 0 0 0 0 37 0 2 1 0 26 32 1 14 0 10 1 13 17 0 1 21 17 0 1 28 0 19 1 35 17 1 1 0 0 0 0 24 16 7 1 16 19 0 1 19 12 6 1 20 16 0 1 10 0 2 1 16 6 18 1 30 14 1 1 25 4 0 1 21 5 12 1 26 0 10 1 37 10 0 1 27 30 0 1 34 31 10 1 44 32 6 1
90 36 6 1 101 37 20 1 81 2 23 1 73 38 1 1 93 26 0 1 0 0 0 0 107 13 0 1 0 0 0 0 35 0 32 1 0 0 0 0 0 0 0 0 63 33 7 1 82 1 4 1 63 23 11 1 56 16 3 1 63 35 0 1 0 0 0 0 81 41 14 1 47 5 0 1 24 15 19 1 58 22 0 1 33 22 10 1 31 0 21 1 26 3 0 1 19 18 3 1 41 23 7 1 0 0 0 0 28 0 17 1 16 10 8 1 32 0 0 1 15 0 0 1 22 17 0 1 54 1 0 1 13 1 0 1 31 21 0 1 28 15 6 1 24 7 4 1 35 0 9 1 29 13 10 1 50 0 3 1 41 9 39 1 9 0 20 1 35 0 0 1 33 0 19 1 0 0 0 0 13 12 9 1 28 3 0 1 0 25 0 1 13 3 1 1 21 0 0 1 16 18 0 1 0 0 0 0 27 24 0 1 12 10 15 1 8 5 7 1 27 6 7 1 48 12 5 1 15 5 0 1 42 41 0 1 22 0 1 1 0 0 0 0 0 0 0 0 44 46 22 1 31 25 8 1
73 18 19 1 78 23 9 1 90 9 0 1 65 20 13 1 64 6 19 1 77 8 0 1 59 8 14 1 46 25 4 1 80 23 32 1 84 27 6 1 56 15 5 1 64 37 21 1 85 25 0 1 52 32 8 1 0 0 0 0 44 0 19 1 54 19 0 1 64 22 0 1 0 0 0 0 30 0 20 1 19 26 11 1 14 28 3 1 34 0 14 1 40 31 3 1 30 0 7 1 48 19 13 1 24 18 26 1 64 12 5 1 44 37 0 1 30 0 0 1 38 25 10 1 0 0 0 0 2 21 0 1 14 18 1 1 26 0 8 1 34 31 0 1 23 2 0 1 20 16 0 1 14 25 0 1 0 0 0 0 21 0 0 1 5 15 11 1 23 3 0 1 29 8 22 1 26 28 3 1 0 0 0 0 23 0 16 1 0 2 5 1 13 0 0 1 0 0 0 0 15 0 0 1 0 0 0 0 0 19 12 1 7 27 0 1 19 39 0 1 13 8 1 1 39 17 22 1 0 0 0 0 50 28 0 1 41 17 8 1 32 15 0 1 0 0 0 0 50 7 26 1 55 13 0 1
97 27 2 1 61 18 0 1 68 4 9 1 79 7 22 1 100 26 5 1 67 27 9 1 67 20 0 1 93 7 39 1 85 27 22 1 68 11 15 1 56 27 38 1 62 20 0 1 50 0 21 1 36 17 0 1 35 9 27 1 67 12 5 1 31 11 17 1 39 23 10 1 27 14 0 1 58 13 2 1 22 27 10 1 65 0 1 1 51 0 0 1 33 1 0 1 0 0 0 0 36 12 0 1 7 0 4 1 29 0 2 1 16 21 21 1 25 22 11 1 33 0 0 1 18 10 15 1 27 17 2 1 41 20 0 1 29 0 2 1 29 12 0 1 31 19 4 1 6 7 20 1 30 40 31 1 37 15 0 1 22 5 0 1 33 0 0 1 54 0 0 1 18 4 0 1 26 0 9 1 0 0 0 0 32 3 0 1 18 7 0 1 0 0 0 0 13 16 7 1 6 32 0 1 3 0 5 1 21 4 0 1 12 0 0 1 3 7 32 1 29 0 0 1 22 21 0 1 29 6 0 1 18 3 30 1 56 3 0 1 5 29 9 1 28 6 0 1 43 18 1 1 41 0 21 1
93 28 0 1 73 44 34 1 77 42 20 1 69 59 27 1 78 42 15 1 55 25 19 1 60 26 19 1 45 33 12 1 61 40 0 1 0 0 0 0 64 7 13 1 50 24 0 1 45 4 20 1 41 0 0 1 52 13 0 1 50 2 23 1 57 33 22 1 56 1 20 1 45 16 0 1 0 0 0 0 54 21 0 1 60 1 23 1 28 6 16 1 42 1 2 1 38 21 0 1 18 3 0 1 46 0 0 1 36 22 8 1 36 14 0 1 30 36 3 1 18 12 0 1 0 0 0 0 20 0 3 1 4 9 6 1 37 12 0 1 26 25 0 1 20 19 5 1 18 0 5 1 14 0 20 1 7 17 18 1 40 0 0 1 42 7 7 1 32 7 2 1 24 15 13 1 43 4 11 1 32 16 31 1 0 0 0 0 21 0 12 1 29 5 29 1 48 10 13 1 9 0 11 1 15 0 0 1 16 0 8 1 0 0 16 1 21 15 0 1 18 19 9 1 24 27 0 1 12 0 10 1 28 0 24 1 43 3 18 1 5 15 0 1 25 5 2 1 28 35 0 1 24 9 0 1
81 30 32 1 72 11 0 1 67 34 0 1 75 37 29 1 89 15 10 1 70 0 17 1 48 9 0 1 70 33 34 1 73 32 0 1 0 0 0 0 59 1 13 1 48 0 0 1 39 24 8 1 69 15 19 1 57 32 0 1 48 22 0 1 38 17 0 1 32 1 7 1 38 17 5 1 33 0 0 1 27 9 3 1 57 23 0 1 0 0 0 0 0 0 0 0 9 3 25 1 23 8 0 1 41 6 0 1 23 13 0 1 21 0 14 1 4 3 0 1 36 1 0 1 0 0 0 0 23 17 16 1 22 26 24 1 41 19 20 1 30 14 2 1 19 16 2 1 15 0 9 1 10 30 0 1 23 1 8 1 28 16 2 1 31 26 8 1 22 6 0 1 17 0 20 1 40 16 18 1 4 0 9 1 5 27 4 1 35 4 0 1 29 11 0 1 13 0 0 1 32 7 0 1 42 22 0 1 25 0 0 1 20 20 15 1 10 7 0 1 13 23 9 1 22 7 4 1 0 0 0 0 21 6 16 1 18 18 0 1 2 7 19 1 26 0 0 1 8 20 1 1 23 0 2 1
71 8 8 1 67 6 16 1 60 24 5 1 48 7 7 1 71 8 1 1 31 27 3 1 37 35 7 1 49 8 10 1 60 22 9 1 54 0 5 1 51 5 0 1 33 2 0 1 39 29 7 1 42 0 9 1 38 18 35 1 9 14 10 1 43 8 4 1 29 15 2 1 56 9 0 1 55 0 2 1 49 0 7 1 29 3 6 1 27 0 10 1 24 5 2 1 35 14 0 1 43 30 0 1 0 0 0 0 0 0 0 0 35 0 4 1 49 3 6 1 25 12 2 1 39 6 0 1 27 2 5 1 0 0 0 0 23 5 0 1 33 19 8 1 26 26 0 1 43 19 0 1 28 0 8 1 0 0 8 1 9 0 14 1 10 2 0 1 4 0 3 1 16 8 0 1 7 5 0 1 15 7 8 1 25 12 20 1 0 0 0 0 22 4 0 1 23 0 0 1 26 8 13 1 0 0 0 0 0 0 0 0 3 7 18 1 14 25 2 1 13 14 2 1 46 31 6 1 0 0 0 1 14 0 3 1 12 12 26 1 9 17 17 1 14 0 11 1 28 1 0 1 0 0 0 0
72 29 13 1 79 32 7 1 65 41 14 1 52 52 0 1 60 51 17 1 65 32 0 1 64 0 2 1 39 6 6 1 0 0 0 0 49 21 0 1 41 18 0 1 54 18 8 1 56 0 13 1 17 0 10 1 56 4 0 1 49 7 6 1 35 19 5 1 42 13 0 1 46 9 13 1 24 2 0 1 29 16 0 1 32 2 22 1 60 7 2 1 45 0 0 1 25 5 0 1 26 13 22 1 23 0 0 1 29 10 0 1 0 0 0 0 48 0 0 1 47 7 0 1 27 0 12 1 0 0 0 0 25 10 29 1 12 0 4 1 44 19 3 1 0 0 0 0 39 0 1 1 0 0 6 1 31 0 5 1 18 0 0 1 10 0 0 1 14 0 0 1 2 3 1 1 23 14 8 1 8 1 13 1 9 15 0 1 0 0 0 0 8 6 0 1 24 18 2 1 33 15 14 1 13 0 0 1 3 17 2 1 13 9 12 1 30 21 0 1 22 10 15 1 23 35 0 1 0 0 0 0 26 0 12 1 17 0 0 1 0 0 0 0 30 0 0 1 21 11 0 1 36 26 14 1
63 15 0 1 60 26 8 1 76 0 2 1 97 46 4 1 0 0 0 0 0 0 0 0 31 14 0 1 68 15 4 1 21 3 1 1 43 3 0 1 64 23 13 1 48 14 25 1 70 9 15 1 71 31 8 1 0 0 0 0 0 0 0 0 38 2 0 1 31 21 6 1 51 17 7 1 41 17 0 1 40 9 0 1 25 17 0 1 32 0 0 1 36 20 0 1 37 0 0 1 0 0 0 0 50 0 9 1 48 34 8 1 25 25 0 1 0 0 0 0 25 0 0 1 7 0 26 1 48 29 6 1 35 0 0 1 25 0 24 1 0 0 0 0 36 0 2 1 0 0 0 0 0 0 25 1 0 0 0 0 25 0 25 1 9 21 7 1 7 7 0 1 18 9 0 1 19 2 8 1 34 5 13 1 12 0 10 1 13 10 20 1 19 32 0 1 44 4 10 1 0 19 0 1 32 8 4 1 21 17 3 1 27 5 6 1 6 3 4 1 27 0 10 1 12 11 0 1 7 0 1 1 14 4 0 1 1 17 17 1 1 4 3 1 18 6 0 1 18 3 10 1 22 29 0 1
56 6 35 1 75 40 17 1 54 11 0 1 0 0 0 0 55 26 7 1 45 13 13 1 69 29 0 1 62 21 0 1 32 3 17 1 61 14 0 1 51 0 1 1 30 0 10 1 50 28 3 1 49 7 0 1 65 9 4 1 44 12 28 1 30 7 0 1 40 0 4 1 63 22 0 1 31 0 10 1 40 2 0 1 41 13 3 1 0 0 0 0 45 21 4 1 16 13 8 1 37 29 20 1 29 7 0 1 43 9 4 1 20 29 0 1 20 35 18 1 8 0 0 1 5 9 0 1 19 0 7 1 32 0 21 1 27 0 0 1 47 14 0 1 0 12 0 1 9 2 0 1 52 3 2 1 23 7 19 1 14 23 5 1 7 0 12 1 21 15 0 1 0 0 0 0 36 0 5 1 0 0 0 0 11 0 9 1 0 9 3 1 25 20 1 1 13 5 20 1 0 0 0 0 48 20 0 1 15 20 0 1 21 13 2 1 27 30 3 1 31 0 0 1 6 14 4 1 27 1 0 1 19 3 0 1 0 0 0 0 12 5 0 1 0 0 0 0 22 9 0 1 40 21 0 1
65 28 0 1 33 13 1 1 56 29 15 1 60 26 0 1 35 7 16 1 40 12 0 1 59 11 12 1 70 0 0 1 15 13 1 1 50 31 6 1 41 12 0 1 30 10 16 1 40 11 0 1 54 7 7 1 26 31 18 1 37 6 2 1 16 46 4 1 35 27 1 1 32 9 0 1 25 25 0 1 32 9 2 1 33 3 5 1 56 0 11 1 34 14 16 1 42 0 0 1 33 16 11 1 48 0 0 1 32 57 11 1 0 0 0 0 0 12 0 1 44 0 14 1 18 9 8 1 9 0 22 1 0 0 0 0 41 0 0 1 0 0 0 0 39 1 0 1 36 25 0 1 21 15 22 1 35 32 1 1 16 16 11 1 13 0 0 1 19 0 0 1 2 5 0 1 29 10 29 1 11 14 19 1 14 8 0 1 25 0 0 1 29 0 0 1 30 7 4 1 36 12 19 1 21 34 6 1 43 0 22 1 0 0 0 0 7 19 0 1 1 16 22 1 12 0 7 1 28 12 0 1 32 3 9 1 29 11 0 1 8 10 0 1 18 0 5 1 34 23 25 1 31 6 7 1
0 0 0 0 52 29 25 1 81 15 12 1 64 0 40 1 18 6 0 1 56 13 0 1 36 2 0 1 56 0 0 1 34 8 15 1 36 23 34 1 46 2 0 1 48 25 17 1 54 0 0 1 41 17 0 1 26 16 5 1 28 4 8 1 44 0 0 1 40 29 0 1 44 11 6 1 60 10 7 1 59 23 7 1 28 19 0 1 0 0 0 0 12 15 8 1 32 2 18 1 28 9 14 1 31 6 0 1 24 9 7 1 0 0 0 0 59 19 0 1 22 17 11 1 0 0 0 0 5 0 16 1 35 0 18 1 37 0 1 1 49 0 2 1 24 9 0 1 7 0 0 1 9 28 13 1 2 15 0 1 7 7 7 1 27 17 0 1 30 38 13 1 12 0 0 1 17 1 0 1 27 6 11 1 22 2 2 1 5 24 0 1 0 0 0 0 48 12 27 1 0 7 10 1 30 20 25 1 0 0 0 0 0 0 0 0 14 0 7 1 24 0 0 1 2 19 25 1 2 16 11 1 23 15 0 1 0 0 2 1 0 6 15 1 14 13 15 1 24 24 0 1 33 10 12 1
70 35 0 1 63 13 8 1 41 5 6 1 54 24 0 1 28 21 15 1 32 0 5 1 36 16 26 1 15 9 0 1 54 22 2 1 39 28 15 1 48 5 0 1 57 17 0 1 49 5 5 1 47 25 0 1 0 0 0 0 15 0 0 1 12 2 2 1 40 31 20 1 65 22 0 1 13 24 0 1 59 18 21 1 37 0 23 1 0 0 4 1 40 15 15 1 24 8 21 1 29 9 0 1 36 7 5 1 28 13 13 1 14 14 24 1 38 5 4 1 0 0 0 0 1 0 21 1 23 0 14 1 11 5 25 1 3 0 47 1 16 2 16 1 19 0 8 1 23 0 8 1 34 12 0 1 38 12 0 1 0 0 0 0 15 0 7 1 37 15 8 1 24 3 0 1 9 14 11 1 27 6 2 1 10 0 16 1 0 4 32 1 28 0 5 1 20 32 1 1 28 0 0 1 11 0 0 1 31 12 6 1 25 0 5 1 41 22 0 1 0 0 0 1 27 7 0 1 0 0 0 0 44 8 0 1 13 0 1 1 17 4 20 1 35 3 0 1 13 7 29 1 24 28 0 1
44 14 0 1 53 12 0 1 38 20 16 1 29 14 0 1 56 5 0 1 43 26 15 1 55 24 22 1 63 17 0 1 38 0 18 1 11 3 28 1 46 36 6 1 34 0 0 1 44 41 11 1 40 38 0 1 47 10 0 1 13 2 30 1 0 0 0 0 43 0 0 1 35 2 7 1 48 13 13 1 15 8 0 1 0 0 0 0 24 14 6 1 35 24 0 1 32 0 10 1 15 15 0 1 40 22 6 1 22 19 19 1 25 17 22 1 34 10 26 1 45 0 8 1 63 0 14 1 14 14 0 1 4 16 34 1 26 21 0 1 35 2 1 1 1 0 14 1 3 0 0 1 15 0 1 1 38 15 4 1 0 0 8 1 13 10 20 1 26 0 5 1 29 29 13 1 0 4 0 1 19 9 10 1 31 20 24 1 31 0 9 1 46 13 0 1 28 20 6 1 26 34 0 1 29 8 3 1 15 5 9 1 0 0 0 0 13 6 13 1 0 0 3 1 30 0 0 1 21 6 0 1 2 8 8 1 17 11 0 1 15 5 0 1 30 14 8 1 13 8 0 1 24 0 0 1
51 3 7 1 46 1 25 1 35 0 8 1 49 11 15 1 36 0 6 1 70 28 3 1 43 22 10 1 42 0 0 1 38 0 4 1 42 0 21 1 39 9 6 1 40 37 0 1 35 14 20 1 45 17 25 1 48 3 0 1 41 20 8 1 21 0 0 1 41 0 1 1 0 0 0 0 38 0 0 1 49 16 5 1 37 21 1 1 57 3 3 1 28 0 29 1 0 0 0 0 12 0 5 1 18 14 15 1 19 26 0 1 36 0 0 1 26 0 9 1 0 12 2 1 31 0 11 1 0 0 0 0 0 0 18 1 46 0 0 1 45 10 9 1 38 0 4 1 9 17 9 1 22 14 0 1 0 28 0 1 20 0 0 1 0 41 0 1 18 4 3 1 13 18 15 1 34 4 0 1 28 9 0 1 0 2 4 1 14 0 0 1 8 0 12 1 1 17 0 1 23 31 0 1 8 19 0 1 12 0 5 1 24 34 0 1 14 26 0 1 16 1 0 1 20 5 5 1 28 0 5 1 25 0 0 1 23 6 24 1 15 37 10 1 25 0 0 1 0 13 17 1 14 0 18 1
55 9 47 1 45 5 6 1 28 19 0 1 53 9 11 1 56 4 27 1 16 0 0 1 61 0 3 1 47 15 0 1 29 11 2 1 29 0 0 1 39 34 4 1 46 0 0 1 0 0 0 0 26 17 6 1 29 12 2 1 28 19 21 1 43 23 1 1 0 0 0 0 0 0 0 0 26 17 16 1 44 4 7 1 43 0 0 1 15 0 0 1 17 7 17 1 19 24 0 1 0 0 0 0 25 7 0 1 52 2 6 1 33 2 8 1 11 28 6 1 11 4 0 1 19 8 26 1 0 0 0 0 0 0 0 0 14 10 5 1 14 19 3 1 24 2 0 1 0 22 14 1 0 0 0 0 31 0 2 1 0 0 0 0 15 0 0 1 0 0 0 0 10 6 0 1 19 0 0 1 35 13 0 1 26 0 0 1 35 0 0 1 48 2 2 1 14 0 0 1 30 7 12 1 20 26 1 1 42 5 1 1 17 20 20 1 0 7 7 1 0 4 24 1 27 4 0 1 0 0 0 0 4 0 3 1 0 0 0 0 1 9 21 1 2 20 3 1 4 0 2 1 24 0 6 1
35 32 24 1 41 0 14 1 76 0 8 1 42 4 23 1 32 15 0 1 52 30 11 1 22 15 3 1 16 0 9 1 64 3 0 1 29 17 0 1 25 8 6 1 31 4 0 1 32 0 4 1 0 0 0 0 33 27 8 1 39 25 9 1 34 0 8 1 49 25 0 1 45 0 12 1 32 0 0 1 19 23 0 1 30 0 15 1 0 0 0 0 11 15 23 1 35 16 0 1 34 5 0 1 13 6 21 1 28 5 14 1 25 0 0 1 11 0 17 1 29 19 15 1 23 0 9 1 24 0 25 1 2 27 4 1 30 0 0 1 34 7 15 1 22 7 9 1 37 9 16 1 0 0 0 0 26 0 9 1 26 0 9 1 21 0 0 1 6 15 22 1 1 10 0 1 9 2 8 1 28 0 13 1 8 5 0 1 16 2 13 1 37 21 21 1 31 12 13 1 0 0 0 0 16 0 0 1 3 8 8 1 15 0 9 1 27 15 3 1 16 12 39 1 8 0 1 1 25 33 13 1 0 0 0 0 24 10 14 1 7 0 6 1 23 0 0 1 47 10 24 1 28 0 10 1
24 31 5 1 49 5 13 1 34 0 21 1 38 28 40 1 42 19 21 1 22 0 4 1 36 2 20 1 36 3 0 1 30 0 8 1 44 11 7 1 29 12 14 1 44 6 23 1 42 23 0 1 33 1 0 1 45 19 0 1 47 3 12 1 28 12 4 1 24 0 0 1 31 0 8 1 39 0 26 1 47 8 10 1 26 19 0 1 9 12 0 1 8 7 9 1 29 13 2 1 21 10 1 1 43 0 0 1 27 20 5 1 0 0 0 0 24 18 0 1 29 9 9 1 33 0 5 1 23 5 16 1 20 5 4 1 0 0 0 0 24 19 0 1 32 28 2 1 26 5 21 1 33 8 25 1 10 14 0 1 23 21 0 1 7 0 14 1 26 0 8 1 10 0 0 1 33 12 15 1 7 18 0 1 37 8 28 1 18 1 5 1 22 24 0 1 9 0 0 1 10 0 15 1 41 18 0 1 12 3 0 1 30 7 35 1 3 16 6 1 18 0 0 1 32 17 15 1 41 0 0 1 30 0 15 1 21 0 11 1 31 30 23 1 14 2 1 1 22 15 12 1 31 10 0 1
16 14 34 1 30 0 17 1 43 16 17 1 45 17 17 1 53 12 10 1 20 5 34 1 59 0 9 1 35 5 0 1 0 6 0 1 27 18 6 1 30 0 0 1 24 0 17 1 0 0 0 0 29 1 0 1 50 12 9 1 23 17 9 1 20 26 6 1 23 15 11 1 17 17 0 1 38 5 8 1 51 21 16 1 10 3 0 1 32 0 23 1 17 10 10 1 24 9 11 1 45 0 0 1 34 0 8 1 40 0 0 1 3 0 0 1 47 7 20 1 13 0 0 1 15 10 24 1 24 10 18 1 20 0 35 1 1 2 17 1 44 0 0 1 19 0 1 1 42 15 4 1 17 8 3 1 11 0 6 1 21 15 0 1 29 36 11 1 1 6 9 1 26 15 12 1 36 0 35 1 14 0 2 1 13 0 9 1 12 0 0 1 6 0 0 1 16 10 0 1 38 8 0 1 27 15 0 1 29 4 15 1 7 15 0 1 1 0 5 1 22 13 14 1 0 3 11 1 23 8 0 1 26 9 7 1 17 4 14 1 3 26 10 1 10 3 1 1 28 21 7 1 7 3 14 1
54 0 20 1 0 0 0 0 0 0 0 0 29 0 16 1 34 0 14 1 3 10 21 1 46 11 7 1 41 22 3 1 52 0 27 1 46 11 0 1 27 32 0 1 45 17 19 1 23 0 19 1 7 13 0 1 20 6 0 1 7 0 5 1 30 0 19 1 17 10 24 1 29 0 0 1 13 0 7 1 19 9 16 1 26 18 0 1 13 0 1 1 1 0 0 1 40 21 0 1 27 0 16 1 38 0 11 1 26 0 15 1 32 0 6 1 20 6 0 1 45 12 11 1 7 0 8 1 28 0 6 1 5 12 18 1 33 0 5 1 30 10 0 1 32 0 5 1 22 21 17 1 45 2 13 1 0 26 19 1 32 0 10 1 31 6 0 1 0 0 0 0 18 8 0 1 11 14 5 1 34 19 12 1 36 21 0 1 31 3 0 1 21 6 8 1 9 17 13 1 44 1 0 1 24 1 21 1 0 3 22 1 4 0 0 1 0 0 0 0 0 4 0 1 0 3 12 1 27 0 8 1 0 0 0 1 7 0 9 1 26 0 17 1 18 0 0 1 30 33 0 1 37 0 8 1
40 4 0 1 39 5 33 1 47 16 0 1 55 8 2 1 35 4 2 1 24 21 0 1 0 0 0 0 24 0 0 1 29 8 15 1 47 35 1 1 20 7 0 1 40 19 6 1 13 2 0 1 0 0 0 0 27 6 17 1 22 12 13 1 44 13 0 1 7 10 1 1 22 26 0 1 33 18 24 1 28 0 0 1 29 26 5 1 55 0 0 1 21 13 0 1 18 6 1 1 20 0 6 1 16 2 0 1 20 0 15 1 6 24 14 1 8 37 0 1 0 4 0 1 0 28 0 1 7 7 0 1 19 16 0 1 15 1 17 1 39 0 7 1 32 0 7 1 15 18 0 1 2 13 8 1 14 2 16 1 0 0 0 0 17 0 28 1 2 9 25 1 23 19 0 1 5 6 0 1 17 20 14 1 13 14 0 1 13 4 0 1 5 16 0 1 33 0 0 1 19 0 3 1 8 14 0 1 24 7 23 1 0 0 0 0 8 18 0 1 9 8 19 1 13 0 13 1 3 6 32 1 13 0 8 1 15 27 8 1 0 21 6 1 13 3 0 1 10 15 16 1 23 17 24 1
20 24 13 1 38 35 0 1 61 0 0 1 49 9 2 1 27 14 0 1 42 0 0 1 35 7 0 1 35 30 0 1 18 0 2 1 23 14 0 1 33 0 12 1 0 33 26 1 31 0 18 1 28 6 14 1 10 2 0 1 25 12 31 1 54 0 0 1 30 0 0 1 35 0 0 1 0 0 0 0 35 23 0 1 16 33 0 1 0 0 0 0 20 18 0 1 25 0 11 1 3 0 21 1 50 0 8 1 50 0 14 1 27 7 17 1 29 0 22 1 0 0 0 0 8 24 2 1 12 22 29 1 16 0 6 1 20 21 14 1 25 5 0 1 40 10 2 1 14 3 0 1 20 0 0 1 31 30 0 1 7 4 0 1 17 17 5 1 7 9 5 1 7 13 27 1 23 28 8 1 13 7 0 1 22 17 7 1 8 8 20 1 14 0 0 1 12 21 0 1 23 0 3 1 18 0 13 1 31 19 0 1 1 7 29 1 23 0 24 1 14 6 11 1 0 0 0 0 22 0 0 1 10 0 0 1 11 0 18 1 0 0 8 1 4 0 25 1 14 7 29 1 38 34 16 1
18 11 25 1 40 6 0 1 43 0 0 1 46 23 10 1 20 19 14 1 26 5 0 1 51 17 12 1 34 11 34 1 45 8 1 1 21 20 18 1 45 17 13 1 46 0 13 1 47 0 0 1 41 13 11 1 20 21 13 1 31 15 11 1 17 9 0 1 8 0 21 1 30 0 0 1 12 2 9 1 27 6 24 1 49 0 0 1 32 0 8 1 34 15 0 1 23 22 5 1 40 18 12 1 37 13 0 1 37 14 7 1 0 0 0 0 7 28 2 1 15 0 0 1 0 0 0 0 25 16 0 1 25 23 2 1 0 17 19 1 0 0 15 1 30 0 2 1 0 22 5 1 26 0 7 1 0 0 15 1 16 16 0 1 0 27 0 1 8 8 0 1 24 0 20 1 18 13 23 1 0 0 0 0 0 0 0 0 41 19 17 1 17 1 20 1 18 7 5 1 6 27 0 1 13 2 9 1 13 2 0 1 31 9 3 1 28 0 17 1 17 0 7 1 28 31 16 1 0 0 10 1 0 0 0 0 35 0 0 1 18 2 6 1 16 0 16 1 2 0 10 1 33 0 0 1
0 0 0 0 32 11 9 1 22 25 19 1 0 0 0 0 37 17 11 1 39 6 13 1 39 0 0 1 23 14 0 1 49 9 11 1 40 0 5 1 34 0 0 1 24 0 0 1 0 0 0 0 28 27 11 1 41 0 18 1 6 0 12 1 22 45 1 1 4 0 0 1 22 24 21 1 19 12 0 1 13 0 19 1 26 5 2 1 13 0 13 1 4 7 0 1 24 0 1 1 14 13 8 1 0 0 6 1 15 8 0 1 40 0 7 1 0 2 14 1 20 0 13 1 9 28 18 1 24 21 9 1 1 0 8 1 14 14 12 1 0 1 0 1 29 3 10 1 36 0 1 1 32 15 11 1 1 0 0 1 0 0 0 1 21 22 4 1 23 21 20 1 23 0 0 1 14 4 0 1 43 12 25 1 18 15 16 1 18 15 15 1 46 25 0 1 8 26 11 1 9 19 3 1 25 1 0 1 31 6 14 1 27 13 3 1 0 0 0 0 6 21 0 1 0 0 0 1 9 8 15 1 32 8 0 1 17 0 3 1 0 28 20 1 19 12 42 1 19 0 1 1 0 0 0 1
16 29 10 1 43 5 4 1 5 10 7 1 25 11 10 1 34 3 7 1 41 29 6 1 60 19 15 1 23 0 14 1 21 5 18 1 0 0 0 0 37 12 13 1 38 15 5 1 35 6 17 1 31 6 0 1 29 8 18 1 26 0 0 1 12 0 0 1 20 24 9 1 16 0 2 1 10 0 0 1 4 0 9 1 4 28 0 1 4 17 0 1 22 0 23 1 18 21 15 1 32 12 0 1 38 12 1 1 10 4 6 1 6 0 10 1 0 0 0 0 26 14 22 1 0 0 0 0 0 19 31 1 0 0 31 1 17 5 8 1 1 24 0 1 28 10 0 1 17 30 1 1 26 19 4 1 0 0 0 0 12 1 8 1 0 0 0 0 36 0 0 1 11 8 0 1 0 6 32 1 0 12 11 1 0 0 0 1 24 13 23 1 9 12 2 1 0 0 0 0 12 0 19 1 26 10 4 1 21 0 32 1 20 15 0 1 13 0 1 1 19 4 10 1 14 0 16 1 22 0 0 1 5 8 20 1 0 0 2 1 4 4 10 1 6 0 0 1 40 0 11 1 5 26 0 1
16 13 8 1 36 17 0 1 14 0 2 1 36 18 21 1 0 0 0 0 0 0 0 0 52 4 8 1 16 20 5 1 32 15 14 1 0 0 0 0 37 19 0 1 30 13 8 1 20 23 7 1 38 10 3 1 0 0 0 0 37 0 2 1 37 10 5 1 0 0 32 1 29 0 5 1 34 31 0 1 10 0 0 1 10 12 1 1 0 0 0 0 20 5 19 1 0 0 16 1 27 0 2 1 32 31 4 1 13 17 0 1 18 28 17 1 24 11 0 1 11 0 25 1 12 8 1 1 27 3 0 1 9 0 3 1 26 0 17 1 0 29 22 1 30 0 5 1 11 8 10 1 33 0 0 1 19 2 16 1 4 5 2 1 19 3 0 1 0 0 0 0 15 0 0 1 33 0 13 1 11 6 5 1 0 0 0 0 2 7 13 1 31 9 15 1 17 31 0 1 31 2 0 1 21 0 20 1 8 15 0 1 22 0 3 1 6 0 0 1 24 13 0 1 0 1 0 1 41 0 0 1 1 10 1 1 19 0 12 1 3 15 17 1 23 0 24 1 0 0 0 0 11 10 0 1
43 0 16 1 30 1 14 1 0 0 0 0 26 21 18 1 39 26 8 1 42 19 22 1 42 22 0 1 10 11 32 1 36 0 0 1 0 0 0 0 48 4 0 1 25 14 0 1 28 13 0 1 31 4 0 1 44 0 22 1 24 17 9 1 6 4 0 1 33 20 0 1 21 15 16 1 9 34 0 1 11 0 0 1 16 0 18 1 12 4 0 1 35 10 0 1 0 12 0 1 24 19 9 1 34 11 8 1 28 16 13 1 0 0 0 0 0 10 21 1 27 0 8 1 21 0 21 1 0 27 22 1 24 10 10 1 2 8 4 1 14 13 10 1 32 0 0 1 11 8 0 1 21 13 6 1 0 0 0 0 8 14 15 1 23 4 0 1 54 23 23 1 0 13 0 1 19 22 6 1 32 3 6 1 10 0 10 1 10 5 25 1 1 0 9 1 19 0 16 1 28 0 0 1 27 0 0 1 35 0 15 1 30 0 18 1 13 19 20 1 0 0 0 1 8 0 0 1 12 0 17 1 1 13 42 1 0 0 0 0 21 2 7 1 0 0 0 1 40 8 18 1 0 0 0 0
50 3 10 1 25 0 31 1 19 0 11 1 23 0 0 1 25 3 23 1 53 4 2 1 0 0 0 0 31 0 0 1 0 0 0 0 17 0 7 1 0 0 0 0 25 23 0 1 38 1 0 1 0 25 11 1 5 30 11 1 25 0 2 1 29 0 4 1 19 0 8 1 11 4 26 1 33 22 19 1 15 6 4 1 34 16 3 1 41 6 0 1 24 9 25 1 33 0 32 1 33 18 0 1 4 15 9 1 26 0 9 1 18 0 7 1 16 16 0 1 11 0 5 1 4 0 4 1 41 27 0 1 4 11 0 1 17 0 5 1 18 10 0 1 15 0 16 1 13 3 10 1 0 6 6 1 11 0 0 1 10 8 0 1 23 5 0 1 0 0 0 0 29 0 8 1 16 0 7 1 2 6 9 1 28 1 40 1 22 5 1 1 1 5 29 1 0 26 0 1 31 9 19 1 16 13 15 1 26 7 0 1 27 16 0 1 5 0 10 1 30 8 17 1 4 13 0 1 28 29 20 1 33 0 0 1 8 12 2 1 12 12 8 1 9 29 0 1 0 6 0 1 19 6 0 1
18 17 8 1 23 12 0 1 0 0 0 0 0 0 0 0 28 0 11 1 41 19 2 1 32 0 25 1 34 20 0 1 16 0 0 1 42 13 19 1 17 39 2 1 44 0 7 1 24 14 3 1 62 17 0 1 22 8 0 1 14 1 11 1 17 14 0 1 58 10 0 1 26 18 24 1 38 0 0 1 15 19 11 1 11 0 12 1 49 0 0 1 20 14 16 1 24 29 0 1 26 3 3 1 28 19 0 1 30 29 5 1 0 5 0 1 12 0 12 1 0 0 0 0 20 3 0 1 0 0 0 1 25 0 0 1 8 2 0 1 0 16 7 1 1 0 5 1 21 0 6 1 0 10 0 1 14 0 0 1 21 0 7 1 14 9 0 1 29 0 18 1 0 1 0 1 0 0 0 0 21 0 8 1 53 7 0 1 10 0 0 1 0 0 0 1 18 12 3 1 0 0 0 0 5 24 0 1 6 10 4 1 28 3 24 1 0 0 0 0 0 0 0 1 26 23 31 1 4 10 15 1 8 14 0 1 12 4 8 1 6 9 0 1 13 10 6 1 21 0 0 1 24 27 0 1
57 9 6 1 41 0 18 1 0 0 0 0 44 1 2 1 30 9 11 1 28 15 16 1 21 8 5 1 56 0 0 1 35 33 0 1 0 0 0 0 25 22 2 1 32 9 5 1 32 12 15 1 0 0 0 0 21 6 10 1 22 14 4 1 24 10 7 1 24 6 10 1 24 4 14 1 11 14 13 1 6 0 0 1 38 8 25 1 0 0 0 0 31 0 0 1 29 2 0 1 28 0 0 1 0 0 0 0 12 0 20 1 17 15 5 1 16 0 0 1 24 17 0 1 15 2 0 1 8 11 0 1 17 9 0 1 10 12 0 1 24 3 19 1 28 5 18 1 15 1 7 1 10 0 7 1 19 4 4 1 32 0 16 1 15 33 0 1 26 10 2 1 25 11 13 1 0 2 0 1 26 0 7 1 30 3 6 1 20 0 7 1 5 0 0 1 0 0 0 1 18 0 0 1 0 0 0 0 48 18 18 1 13 0 0 1 0 16 1 1 15 8 0 1 5 0 0 1 0 12 13 1 36 0 7 1 0 0 17 1 6 0 13 1 18 8 9 1 9 12 21 1 15 8 0 1
7 13 0 1 36 39 9 1 0 0 0 0 48 28 14 1 11 27 0 1 0 0 0 0 12 24 22 1 47 0 11 1 16 0 19 1 24 22 11 1 15 9 0 1 42 37 0 1 16 4 0 1 23 3 14 1 34 16 1 1 0 0 0 0 7 5 4 1 17 30 0 1 19 0 0 1 0 32 22 1 5 39 18 1 20 8 2 1 23 0 0 1 22 4 0 1 28 2 0 1 17 9 0 1 0 4 1 1 0 0 0 0 0 6 7 1 20 0 0 1 0 17 14 1 14 24 0 1 6 4 10 1 19 3 12 1 38 1 19 1 18 0 2 1 8 13 2 1 0 0 5 1 34 0 0 1 18 0 0 1 27 0 14 1 24 0 4 1 25 4 6 1 16 19 1 1 35 18 2 1 21 1 4 1 0 9 0 1 17 0 1 1 30 18 8 1 17 0 10 1 15 10 0 1 0 1 4 1 1 6 0 1 16 0 13 1 35 13 0 1 27 0 19 1 7 0 0 1 17 18 5 1 18 2 16 1 11 12 14 1 1 0 20 1 26 1 0 1 12 0 0 1 23 13 24 1
56 0 15 1 44 22 5 1 32 0 0 1 32 30 27 1 0 0 0 0 38 9 13 1 23 19 1 1 47 22 20 1 27 0 13 1 53 0 8 1 35 2 4 1 18 4 0 1 19 12 9 1 30 23 1 1 0 0 0 0 14 13 7 1 29 0 17 1 35 35 0 1 25 0 17 1 23 22 2 1 1 7 0 1 19 3 27 1 41 1 0 1 12 6 22 1 23 16 0 1 23 3 0 1 25 4 0 1 28 18 2 1 23 6 9 1 4 11 0 1 37 0 10 1 0 0 4 1 9 0 8 1 0 22 0 1 4 5 0 1 3 14 0 1 19 0 11 1 2 11 0 1 8 2 1 1 24 0 4 1 30 9 0 1 16 5 14 1 34 0 4 1 19 0 8 1 16 1 2 1 1 0 18 1 25 15 0 1 24 16 17 1 0 0 0 0 6 0 2 1 17 0 12 1 0 0 0 1 0 0 0 0 0 0 0 0 17 1 0 1 28 3 0 1 28 0 4 1 39 22 0 1 6 21 14 1 23 14 5 1 19 10 2 1 10 31 18 1 36 4 0 1 38 5 24 1
44 0 0 1 58 2 0 1 39 30 2 1 45 26 0 1 25 7 24 1 42 1 2 1 35 17 21 1 33 22 6 1 40 8 15 1 23 13 0 1 11 15 19 1 19 16 0 1 11 0 0 1 11 10 18 1 20 8 4 1 21 23 0 1 13 0 0 1 36 21 0 1 26 0 9 1 36 14 0 1 20 0 7 1 24 0 13 1 30 0 17 1 22 16 0 1 17 0 0 1 14 5 3 1 40 15 0 1 5 33 15 1 13 7 45 1 25 0 0 1 0 0 1 1 8 11 7 1 9 5 23 1 0 0 0 0 0 0 24 1 30 9 0 1 15 0 6 1 17 5 0 1 36 14 22 1 27 0 0 1 13 3 0 1 11 11 3 1 3 5 0 1 0 0 0 0 26 4 1 1 20 14 28 1 15 19 9 1 15 31 17 1 27 0 0 1 39 12 11 1 13 8 7 1 6 15 0 1 0 0 2 1 7 0 0 1 20 9 25 1 20 13 6 1 12 18 0 1 2 0 21 1 38 8 4 1 28 15 10 1 0 32 6 1 13 0 2 1 11 0 0 1 4 25 29 1
20 10 4 1 55 7 2 1 41 15 0 1 50 19 0 1 75 8 3 1 30 21 34 1 14 12 5 1 39 35 0 1 0 0 0 0 8 11 10 1 47 14 0 1 20 0 0 1 30 0 0 1 0 0 0 0 0 0 0 0 20 11 0 1 14 0 17 1 5 8 0 1 26 0 10 1 7 3 12 1 19 0 16 1 18 8 0 1 15 1 8 1 26 0 0 1 36 0 0 1 14 0 0 1 33 0 18 1 34 8 11 1 22 19 0 1 18 0 0 1 19 5 0 1 17 0 0 1 26 22 25 1 9 18 15 1 16 27 20 1 1 0 28 1 26 10 0 1 21 11 15 1 9 0 9 1 29 15 5 1 34 0 0 1 0 28 4 1 19 0 29 1 26 0 0 1 37 0 11 1 2 0 0 1 36 0 0 1 0 9 8 1 0 11 20 1 31 0 0 1 31 17 0 1 43 10 0 1 9 32 9 1 28 0 0 1 25 0 26 1 17 27 14 1 0 5 0 1 5 20 0 1 18 12 0 1 0 0 0 0 8 0 16 1 31 6 0 1 3 0 13 1 6 9 11 1
45 16 4 1 61 19 0 1 44 5 29 1 0 0 0 0 39 0 0 1 63 18 19 1 58 44 0 1 34 15 0 1 45 8 19 1 15 2 8 1 10 11 0 1 35 6 0 1 45 0 0 1 11 0 0 1 15 1 0 1 14 14 0 1 19 17 21 1 32 14 0 1 10 7 20 1 16 0 0 1 21 15 2 1 26 0 0 1 17 0 6 1 20 0 0 1 20 0 19 1 33 20 2 1 32 5 6 1 28 21 10 1 22 0 9 1 21 24 0 1 24 5 0 1 43 26 19 1 21 1 0 1 5 2 8 1 10 0 0 1 18 26 0 1 0 4 25 1 11 3 0 1 9 0 12 1 4 11 1 1 0 0 5 1 7 0 8 1 0 16 4 1 7 29 0 1 2 2 1 1 30 4 15 1 0 0 0 0 0 13 0 1 15 16 18 1 16 13 31 1 21 0 0 1 30 0 0 1 26 14 15 1 2 0 16 1 22 6 0 1 0 0 0 1 41 0 17 1 0 0 0 0 0 0 0 0 17 0 0 1 5 15 0 1 0 0 0 1 20 0 12 1 45 0 0 1
62 5 15 1 80 26 6 1 65 27 0 1 57 26 23 1 45 20 6 1 53 16 0 1 30 25 0 1 27 12 0 1 25 26 13 1 20 0 16 1 7 22 0 1 0 0 0 0 37 0 22 1 38 17 0 1 13 17 0 1 8 20 0 1 36 0 6 1 0 0 0 1 3 0 0 1 23 0 0 1 0 0 1 1 30 3 8 1 26 0 0 1 0 0 14 1 36 11 2 1 5 0 22 1 0 0 0 1 30 38 5 1 20 0 19 1 11 0 20 1 13 27 15 1 17 0 10 1 16 0 3 1 31 3 0 1 11 7 2 1 34 20 6 1 7 0 5 1 4 22 30 1 12 7 27 1 24 34 3 1 2 10 10 1 8 27 0 1 24 19 0 1 23 0 15 1 9 3 0 1 2 0 0 1 0 3 0 1 9 1 5 1 7 7 19 1 16 12 15 1 0 0 16 1 15 33 7 1 41 0 25 1 9 0 14 1 11 6 3 1 26 15 0 1 16 7 6 1 28 15 10 1 5 0 0 1 0 0 0 1 0 0 0 0 24 20 16 1 35 0 3 1 0 2 1 1
0 0 0 0 0 0 0 0 0 0 0 0 63 27 11 1 77 0 15 1 38 6 23 1 61 29 0 1 47 30 0 1 42 26 0 1 51 7 19 1 25 2 0 1 28 0 4 1 14 13 0 1 33 8 10 1 5 19 32 1 7 1 4 1 7 0 0 1 13 7 0 1 21 14 0 1 9 3 0 1 8 10 13 1 27 0 0 1 6 1 17 1 18 0 10 1 0 1 4 1 25 3 13 1 33 0 3 1 0 12 13 1 18 15 6 1 38 13 0 1 21 1 19 1 17 0 0 1 12 0 19 1 10 0 0 1 17 0 0 1 18 0 0 1 11 7 9 1 25 0 11 1 10 13 0 1 29 0 3 1 10 0 7 1 20 7 5 1 0 0 0 0 13 15 4 1 25 4 11 1 19 23 23 1 0 0 5 1 23 3 5 1 9 4 0 1 8 0 13 1 0 36 4 1 20 0 7 1 19 36 7 1 21 20 0 1 27 0 11 1 19 0 10 1 7 4 8 1 0 0 0 0 42 12 4 1 12 0 22 1 0 0 0 0 10 8 0 1 7 0 3 1 17 6 0 1
67 31 8 1 69 22 17 1 64 17 12 1 54 21 9 1 72 7 7 1 0 0 0 0 34 24 17 1 57 30 0 1 0 0 0 0 49 0 6 1 42 2 5 1 25 6 0 1 17 18 0 1 0 12 0 1 20 26 24 1 26 0 18 1 0 0 0 0 10 15 12 1 34 8 0 1 0 0 0 0 0 0 0 0 0 0 0 1 19 20 0 1 34 9 4 1 18 14 32 1 0 0 12 1 15 10 0 1 0 22 0 1 41 0 27 1 27 11 0 1 17 0 0 1 20 0 0 1 17 9 0 1 29 0 0 1 9 41 0 1 27 7 0 1 0 8 3 1 6 7 7 1 35 16 11 1 2 0 4 1 4 4 10 1 48 27 2 1 21 8 11 1 14 9 3 1 0 9 18 1 9 0 0 1 11 0 0 1 10 12 0 1 40 16 37 1 0 7 0 1 0 10 20 1 16 7 0 1 20 10 15 1 27 16 14 1 0 0 0 0 26 13 0 1 0 24 36 1 16 12 9 1 0 0 12 1 0 0 0 1 19 0 0 1 12 0 0 1 0 0 0 0 2 12 10 1
69 19 31 1 83 34 18 1 58 24 26 1 0 0 0 0 0 0 0 0 63 0 10 1 40 7 0 1 62 43 0 1 36 8 8 1 54 0 4 1 20 0 0 1 22 14 0 1 6 0 0 1 0 0 0 0 30 0 20 1 12 12 0 1 42 0 30 1 6 5 5 1 22 0 3 1 10 7 23 1 1 3 0 1 32 1 0 1 15 6 10 1 13 16 0 1 20 0 15 1 8 14 30 1 12 17 0 1 5 1 0 1 0 0 0 0 31 4 2 1 26 0 0 1 13 19 0 1 14 1 2 1 0 0 0 1 0 0 0 0 0 0 7 1 0 0 0 0 0 0 22 1 33 0 0 1 24 0 17 1 24 15 0 1 20 22 27 1 0 38 1 1 24 0 0 1 0 0 0 1 0 0 0 0 17 11 0 1 32 0 7 1 7 11 0 1 17 0 2 1 0 0 0 0 26 0 0 1 4 14 0 1 0 6 11 1 41 0 0 1 0 0 0 1 32 16 10 1 13 14 0 1 26 13 12 1 36 9 0 1 0 19 11 1 13 1 0 1 33 3 21 1 2 13 0 1
85 0 16 1 51 34 8 1 66 39 0 1 42 26 1 1 59 17 25 1 46 13 8 1 37 0 0 1 29 31 16 1 39 9 17 1 26 7 0 1 31 12 19 1 42 0 17 1 33 14 0 1 0 5 31 1 0 10 5 1 30 16 13 1 11 17 0 1 15 2 0 1 27 14 23 1 0 0 0 0 7 0 9 1 3 17 0 1 0 6 0 1 0 0 10 1 0 0 0 0 0 0 0 0 0 0 7 1 0 0 0 0 14 7 0 1 20 0 8 1 22 14 4 1 14 0 21 1 36 2 0 1 16 7 17 1 0 18 18 1 23 0 5 1 10 0 0 1 21 7 15 1 16 0 0 1 4 0 17 1 5 11 0 1 3 4 49 1 22 0 17 1 0 19 0 1 15 0 0 1 0 0 0 1 25 26 0 1 3 10 2 1 15 0 17 1 28 9 3 1 30 7 0 1 7 8 0 1 0 0 0 0 29 29 13 1 3 11 9 1 0 0 0 0 21 0 7 1 14 22 0 1 6 15 18 1 9 5 15 1 27 12 0 1 0 20 0 1 14 0 0 1 18 0 12 1
90 33 10 1 70 1 0 1 51 19 8 1 0 0 0 0 0 0 0 0 51 0 18 1 51 0 2 1 16 5 1 1 44 0 7 1 55 20 11 1 38 0 35 1 26 3 0 1 33 22 0 1 15 11 2 1 17 21 0 1 7 7 10 1 30 0 18 1 0 14 14 1 16 15 4 1 17 38 12 1 24 0 0 1 24 11 0 1 20 8 25 1 25 13 0 1 0 0 0 0 0 0 0 0 10 3 0 1 9 0 0 1 34 0 0 1 30 0 0 1 34 5 3 1 0 5 0 1 1 0 16 1 15 0 37 1 37 32 0 1 0 0 0 1 15 9 0 1 22 0 0 1 21 24 10 1 29 3 13 1 3 0 0 1 8 15 0 1 9 0 0 1 18 9 0 1 28 0 21 1 8 19 0 1 27 1 4 1 7 2 0 1 0 0 4 1 0 13 12 1 15 0 1 1 28 2 1 1 17 21 26 1 11 17 0 1 8 8 0 1 8 1 11 1 24 3 0 1 23 4 12 1 11 3 22 1 5 2 12 1 15 18 36 1 2 0 26 1 9 0 0 1 30 0 0 1
79 31 19 1 89 9 0 1 79 9 10 1 83 29 15 1 37 8 21 1 60 14 0 1 59 22 5 1 0 0 0 0 31 13 0 1 25 0 14 1 38 18 5 1 32 21 21 1 23 0 26 1 26 18 4 1 11 0 0 1 33 13 16 1 22 0 3 1 4 20 0 1 0 0 0 0 22 0 0 1 17 0 0 1 0 0 0 0 26 15 12 1 3 15 0 1 28 3 0 1 0 0 0 0 35 17 21 1 6 16 9 1 22 0 15 1 0 0 18 1 6 19 29 1 17 0 0 1 19 0 8 1 0 9 16 1 0 0 0 0 8 0 9 1 22 0 0 1 26 4 10 1 24 0 0 1 8 0 3 1 40 0 14 1 0 23 0 1 2 7 0 1 26 1 0 1 24 0 7 1 29 4 4 1 15 4 9 1 30 0 0 1 15 9 0 1 21 0 0 1 6 0 6 1 0 9 0 1 8 2 12 1 30 0 28 1 16 0 15 1 0 1 0 1 20 0 17 1 25 4 0 1 1 24 0 1 11 0 6 1 27 17 17 1 3 30 15 1 26 0 2 1 23 1 0 1
0 0 0 0 80 42 7 1 0 0 0 0 69 33 10 1 73 36 32 1 48 31 16 1 49 28 12 1 0 0 0 0 37 11 0 1 31 21 11 1 38 6 4 1 26 14 4 1 31 27 0 1 0 0 7 1 0 0 0 0 29 0 0 1 0 0 24 1 18 11 0 1 24 17 24 1 8 0 0 1 31 20 0 1 32 20 0 1 32 2 11 1 0 0 0 0 15 12 9 1 18 0 13 1 11 11 18 1 26 0 0 1 17 6 31 1 5 13 6 1 12 14 0 1 18 19 0 1 27 9 7 1 23 0 8 1 19 23 0 1 0 0 0 0 15 5 16 1 19 17 21 1 0 31 24 1 27 0 1 1 0 0 0 0 9 0 8 1 0 0 0 0 3 0 27 1 17 20 21 1 3 0 16 1 6 12 11 1 11 0 12 1 19 0 3 1 24 0 1 1 7 31 0 1 15 0 14 1 6 5 0 1 36 6 0 1 6 25 0 1 7 0 0 1 14 15 10 1 0 27 5 1 0 21 9 1 4 26 25 1 7 0 4 1 0 0 0 0 46 8 18 1 8 0 14 1
76 44 13 1 85 29 23 1 77 29 13 1 81 17 0 1 0 0 0 0 62 19 14 1 51 30 16 1 0 0 0 0 73 6 0 1 21 32 0 1 51 8 10 1 10 18 0 1 39 22 0 1 18 14 8 1 11 9 21 1 17 0 1 1 8 19 0 1 20 20 13 1 6 6 17 1 0 0 0 0 23 0 19 1 18 13 0 1 22 0 0 1 35 6 0 1 47 0 10 1 4 9 0 1 12 0 0 1 27 21 7 1 30 0 5 1 18 0 0 1 41 0 12 1 1 15 5 1 0 35 0 1 17 10 0 1 19 0 0 1 26 0 0 1 12 32 4 1 14 0 27 1 19 0 7 1 15 5 9 1 20 11 18 1 5 29 8 1 0 0 19 1 10 19 5 1 22 0 13 1 29 5 0 1 11 1 22 1 21 0 1 1 26 9 0 1 16 10 15 1 2 7 11 1 3 0 0 1 0 25 22 1 0 12 13 1 14 0 1 1 37 6 0 1 0 27 3 1 1 7 0 1 24 13 9 1 5 19 1 1 28 0 0 1 0 0 9 1 0 0 0 0 19 0 25 1
86 30 0 1 72 54 0 1 77 23 2 1 64 24 11 1 82 28 2 1 50 36 13 1 49 36 19 1 65 15 13 1 55 22 0 1 30 22 23 1 39 18 0 1 0 0 0 0 35 0 0 1 22 7 11 1 18 13 8 1 0 13 2 1 7 1 30 1 20 9 5 1 37 8 0 1 6 0 0 1 6 0 4 1 0 0 0 1 22 8 10 1 17 3 0 1 18 9 11 1 8 1 0 1 11 5 6 1 28 37 0 1 17 11 19 1 28 13 10 1 24 0 4 1 10 26 10 1 15 13 0 1 7 2 26 1 8 0 23 1 20 1 7 1 0 0 0 0 8 17 0 1 7 47 22 1 35 0 33 1 30 0 12 1 5 0 0 1 7 0 34 1 3 18 25 1 0 0 0 0 9 0 1 1 9 12 0 1 0 22 1 1 18 25 0 1 39 13 0 1 8 6 0 1 18 16 13 1 15 16 22 1 4 33 3 1 26 0 0 1 7 13 21 1 0 0 0 1 13 10 0 1 15 8 0 1 13 0 0 1 0 12 0 1 6 18 0 1 3 0 0 1 12 15 0 1
88 10 31 1 92 57 13 1 92 41 10 1 64 23 12 1 80 23 0 1 62 40 24 1 38 10 1 1 66 17 22 1 52 0 17 1 43 24 18 1 0 0 0 0 5 13 6 1 37 0 0 1 39 23 4 1 33 24 0 1 11 0 0 1 0 3 0 1 30 23 0 1 29 11 0 1 0 3 4 1 9 0 0 1 21 26 13 1 6 23 0 1 3 2 16 1 18 0 2 1 12 29 0 1 27 0 10 1 19 10 13 1 7 14 0 1 7 10 0 1 26 29 12 1 0 0 0 0 5 20 11 1 10 4 1 1 31 0 9 1 5 3 0 1 23 7 0 1 23 5 0 1 42 0 8 1 20 17 6 1 3 12 13 1 17 5 0 1 5 2 25 1 21 0 24 1 21 0 0 1 12 7 15 1 21 6 0 1 20 8 4 1 0 14 41 1 13 10 7 1 0 3 4 1 17 15 13 1 36 0 0 1 32 28 20 1 20 1 11 1 17 0 10 1 0 0 0 0 27 0 0 1 46 0 0 1 28 13 0 1 7 14 16 1 15 27 8 1 22 0 16 1 0 6 19 1
0 0 0 0 92 19 8 1 75 47 24 1 87 41 20 1 56 22 3 1 65 40 0 1 74 13 5 1 41 21 30 1 43 10 2 1 12 11 17 1 38 6 0 1 31 5 0 1 36 0 0 1 18 0 0 1 29 0 7 1 9 15 5 1 21 26 17 1 0 0 7 1 13 14 0 1 15 12 4 1 19 6 0 1 32 7 0 1 22 21 0 1 0 0 0 1 39 10 0 1 0 6 0 1 24 27 9 1 0 0 0 0 0 25 0 1 14 10 14 1 10 0 18 1 0 0 0 1 42 0 9 1 0 2 13 1 18 4 12 1 13 18 0 1 0 27 0 1 12 1 13 1 0 26 39 1 22 15 11 1 1 0 0 1 7 0 0 1 11 0 15 1 13 6 0 1 21 30 0 1 13 14 11 1 0 2 14 1 16 0 25 1 20 7 8 1 15 4 16 1 20 0 0 1 20 0 8 1 17 17 1 1 9 24 0 1 12 7 34 1 15 1 0 1 17 1 0 1 12 0 0 1 20 0 0 1 0 14 0 1 2 0 26 1 19 31 9 1 23 26 0 1 16 0 7 1
79 55 14 1 81 38 1 1 76 34 9 1 92 33 4 1 88 33 4 1 57 21 24 1 0 0 0 0 52 38 12 1 53 3 0 1 52 10 6 1 21 9 12 1 12 34 11 1 16 24 19 1 23 9 0 1 14 9 8 1 28 0 0 1 27 4 0 1 5 24 0 1 15 0 0 1 0 5 4 1 9 2 16 1 28 18 22 1 12 0 0 1 0 0 0 0 18 0 0 1 5 0 6 1 25 13 0 1 16 19 2 1 18 0 13 1 9 0 0 1 2 0 0 1 13 0 27 1 30 7 0 1 3 11 15 1 14 20 0 1 7 30 9 1 14 0 29 1 0 0 0 0 26 37 9 1 13 0 0 1 3 0 16 1 10 15 0 1 16 18 6 1 22 8 10 1 14 0 0 1 8 12 10 1 37 0 0 1 27 10 20 1 25 22 0 1 21 17 9 1 10 0 4 1 0 0 1 1 0 10 1 1 28 0 0 1 21 32 22 1 0 3 0 1 28 18 0 1 17 0 22 1 11 0 0 1 15 0 4 1 6 0 30 1 13 7 0 1 5 12 10 1 21 10 0 1
70 31 23 1 100 65 10 1 93 45 20 1 91 33 4 1 65 28 6 1 66 0 31 1 86 18 27 1 52 0 22 1 47 4 25 1 32 20 9 1 0 0 0 0 24 10 11 1 15 15 0 1 0 0 0 0 32 0 8 1 9 0 21 1 22 12 0 1 18 19 0 1 15 0 10 1 21 9 0 1 13 6 0 1 8 6 0 1 21 5 4 1 0 0 0 0 9 35 23 1 7 0 0 1 29 14 1 1 12 6 0 1 32 22 8 1 0 0 0 0 0 0 0 0 11 0 11 1 21 23 1 1 0 0 0 0 0 0 0 0 29 13 20 1 29 20 0 1 9 17 0 1 10 17 0 1 16 0 4 1 14 20 0 1 0 21 12 1 8 12 7 1 39 0 0 1 49 0 19 1 0 0 0 0 0 12 19 1 0 0 0 0 0 0 0 0 17 33 0 1 18 15 0 1 3 0 6 1 18 7 8 1 18 0 2 1 3 4 0 1 3 11 7 1 16 8 15 1 1 11 0 1 16 3 0 1 3 24 13 1 19 11 0 1 20 19 2 1 17 6 0 1 16 0 0 1
105 22 17 1 73 45 27 1 72 36 0 1 66 57 10 1 75 12 16 1 73 2 32 1 0 0 0 0 55 22 0 1 25 5 12 1 43 21 0 1 41 24 11 1 28 7 5 1 24 10 0 1 10 9 0 1 12 0 0 1 21 0 16 1 0 9 0 1 25 7 10 1 1 2 0 1 13 12 30 1 20 15 0 1 29 6 0 1 0 33 0 1 28 8 7 1 3 8 0 1 3 8 20 1 27 24 26 1 20 0 0 1 30 13 0 1 30 9 32 1 11 14 0 1 24 7 1 1 19 11 2 1 15 6 0 1 17 0 5 1 21 21 0 1 0 31 0 1 40 6 29 1 10 0 18 1 2 19 32 1 0 0 0 0 24 5 0 1 0 0 0 0 15 0 14 1 0 0 27 1 35 10 0 1 19 0 15 1 13 0 0 1 39 0 26 1 22 9 1 1 1 0 3 1 23 0 21 1 27 0 15 1 35 21 12 1 25 10 6 1 17 13 0 1 13 7 5 1 18 6 4 1 26 8 7 1 1 2 8 1 0 0 0 0 0 6 0 1 13 3 0 1 27 47 7 1
118 29 20 1 112 24 11 1 91 31 0 1 74 37 0 1 70 24 6 1 0 0 0 0 73 24 4 1 0 0 0 0 57 34 6 1 18 11 22 1 39 1 7 1 25 4 25 1 32 4 6 1 23 9 0 1 0 0 0 0 21 32 33 1 10 0 0 1 26 49 21 1 24 3 3 1 15 0 0 1 5 13 0 1 21 6 4 1 0 16 0 1 18 0 0 1 14 18 0 1 33 10 0 1 7 15 0 1 0 0 0 0 21 0 17 1 13 4 15 1 11 11 0 1 0 0 7 1 9 12 0 1 9 10 0 1 25 4 3 1 15 0 14 1 24 17 16 1 28 14 9 1 2 8 7 1 18 4 27 1 7 6 4 1 28 3 0 1 21 0 7 1 8 0 0 1 21 21 0 1 16 11 0 1 22 5 0 1 0 0 8 1 0 0 9 1 14 26 11 1 21 2 17 1 1 6 0 1 9 8 6 1 22 4 11 1 15 16 0 1 31 15 6 1 0 0 0 0 6 1 0 1 0 0 23 1 0 2 27 1 30 0 0 1 8 14 0 1 0 0 0 1 30 1 0 1
92 32 20 1 95 51 30 1 115 37 1 1 79 18 4 1 51 23 29 1 45 0 4 1 0 0 0 0 41 18 10 1 76 22 10 1 23 2 0 1 27 2 6 1 0 0 0 0 41 0 0 1 4 0 0 1 6 12 0 1 14 27 0 1 21 4 0 1 0 7 25 1 32 0 12 1 34 0 3 1 0 12 8 1 15 6 0 1 0 3 0 1 0 11 0 1 32 29 13 1 28 2 1 1 12 2 6 1 0 0 0 0 23 0 0 1 32 8 0 1 0 0 0 0 26 0 0 1 0 0 0 0 14 16 0 1 19 0 0 1 39 6 0 1 29 0 18 1 22 0 0 1 25 19 0 1 17 0 0 1 11 20 0 1 10 4 0 1 12 18 0 1 26 0 16 1 28 0 16 1 0 12 16 1 16 0 26 1 7 0 0 1 0 0 0 0 0 2 7 1 2 17 7 1 8 9 19 1 16 0 17 1 0 0 0 0 29 30 26 1 1 10 0 1 14 22 0 1 9 16 0 1 5 14 8 1 41 13 18 1 0 4 0 1 14 3 12 1 6 3 7 1 6 0 0 1
82 53 0 1 69 60 15 1 91 25 29 1 66 16 12 1 65 45 0 1 53 14 0 1 50 25 0 1 22 3 0 1 29 3 4 1 18 0 2 1 28 11 13 1 42 0 8 1 24 7 19 1 28 15 15 1 49 8 9 1 10 23 26 1 7 0 16 1 9 27 14 1 0 16 35 1 23 0 2 1 18 9 13 1 23 6 34 1 27 0 2 1 2 1 23 1 25 0 0 1 2 21 25 1 0 0 0 1 0 0 0 0 0 13 0 1 15 5 6 1 30 9 30 1 0 5 0 1 3 0 6 1 11 2 3 1 44 0 0 1 4 5 4 1 29 0 0 1 36 7 0 1 12 0 0 1 0 0 0 1 41 0 1 1 0 0 0 0 5 20 2 1 31 34 19 1 26 0 17 1 32 0 0 1 25 0 0 1 15 0 11 1 16 6 0 1 14 0 9 1 1 0 5 1 1 0 20 1 27 9 5 1 20 0 45 1 0 0 0 0 15 9 0 1 18 0 9 1 0 0 16 1 12 14 9 1 12 0 6 1 0 0 0 0 13 17 6 1 13 0 2 1 10 3 0 1
0 0 0 0 65 48 35 1 85 29 15 1 74 29 14 1 65 30 10 1 60 15 6 1 65 34 24 1 58 9 17 1 19 17 0 1 18 8 1 1 29 30 12 1 15 3 0 1 2 4 0 1 17 14 16 1 38 10 0 1 6 6 16 1 9 5 0 1 10 0 8 1 21 21 18 1 24 0 12 1 13 0 19 1 40 0 0 1 18 0 0 1 3 13 0 1 0 18 14 1 16 29 7 1 13 0 0 1 0 0 0 0 13 0 0 1 11 0 22 1 20 0 0 1 23 9 0 1 33 0 0 1 6 24 13 1 0 0 0 0 18 0 20 1 22 0 7 1 0 0 0 0 10 0 10 1 0 17 0 1 27 14 17 1 0 0 0 1 35 13 9 1 12 0 21 1 20 14 1 1 37 2 0 1 16 15 24 1 9 18 18 1 0 0 0 0 10 0 1 1 41 0 23 1 21 15 15 1 28 0 0 1 32 8 25 1 20 1 0 1 11 0 2 1 12 13 1 1 27 24 8 1 8 4 8 1 13 0 24 1 25 6 9 1 8 0 21 1 14 0 0 1 0 5 9 1
83 44 8 1 60 16 19 1 83 63 5 1 60 35 22 1 57 30 5 1 88 26 1 1 65 24 18 1 50 23 3 1 22 0 18 1 27 11 9 1 0 0 0 0 12 0 8 1 30 23 13 1 11 10 0 1 12 0 3 1 16 0 0 1 15 15 0 1 0 6 0 1 17 0 0 1 0 0 0 0 25 0 0 1 11 8 13 1 33 0 16 1 0 13 15 1 14 0 13 1 35 0 1 1 12 7 8 1 10 8 4 1 0 0 0 0 17 18 14 1 24 7 0 1 17 4 11 1 23 12 0 1 0 11 0 1 47 1 5 1 8 16 11 1 3 0 0 1 4 0 0 1 8 0 19 1 21 0 0 1 0 0 4 1 28 0 2 1 0 0 0 0 3 0 10 1 36 0 0 1 9 3 0 1 6 4 18 1 15 9 25 1 6 0 22 1 21 12 19 1 37 4 0 1 13 13 13 1 17 1 18 1 34 1 9 1 0 0 0 0 0 0 0 1 14 28 43 1 35 0 7 1 0 16 11 1 20 32 11 1 0 0 0 0 2 22 2 1 0 2 8 1 9 9 4 1
90 3 36 1 58 17 13 1 60 30 8 1 73 11 17 1 40 13 16 1 44 21 7 1 48 32 21 1 40 15 0 1 60 10 12 1 25 7 23 1 9 0 3 1 12 30 6 1 26 4 0 1 9 0 13 1 0 0 2 1 31 0 0 1 16 11 5 1 25 17 0 1 0 0 0 0 17 32 3 1 1 0 18 1 43 13 17 1 11 0 12 1 8 1 3 1 0 0 0 0 9 2 0 1 17 15 0 1 0 0 0 0 24 9 0 1 39 10 0 1 42 16 3 1 6 0 0 1 0 16 3 1 39 10 31 1 27 7 4 1 0 4 25 1 40 19 11 1 0 0 0 0 17 10 6 1 12 0 21 1 34 0 0 1 22 26 0 1 34 26 0 1 13 9 2 1 6 18 3 1 8 8 0 1 22 10 0 1 2 11 7 1 4 31 0 1 47 9 3 1 32 13 0 1 35 3 0 1 0 8 0 1 12 0 0 1 12 42 0 1 0 2 5 1 3 0 0 1 0 16 11 1 16 16 4 1 12 18 0 1 0 20 0 1 0 0 0 0 6 0 0 1 0 0 0 1
87 3 9 1 71 49 8 1 62 9 7 1 56 49 14 1 44 18 24 1 0 0 0 0 50 1 0 1 41 20 0 1 41 0 0 1 52 5 3 1 26 2 8 1 0 0 0 0 23 17 18 1 13 16 0 1 14 1 0 1 10 3 0 1 7 0 0 1 17 0 14 1 5 0 0 1 9 5 5 1 0 0 0 0 28 0 5 1 0 8 9 1 31 10 16 1 29 2 0 1 24 0 12 1 13 17 0 1 11 11 7 1 1 31 10 1 32 0 13 1 13 11 17 1 5 14 16 1 36 0 12 1 23 0 0 1 19 16 0 1 14 0 23 1 15 0 13 1 8 15 0 1 19 5 5 1 0 0 2 1 0 1 9 1 1 20 0 1 0 0 0 0 20 0 16 1 18 0 5 1 31 0 7 1 7 0 6 1 18 21 12 1 15 4 15 1 20 30 1 1 12 8 3 1 1 0 20 1 43 8 22 1 0 0 0 0 41 0 5 1 32 30 0 1 13 21 0 1 26 8 0 1 42 0 20 1 7 0 5 1 0 0 4 1 16 39 0 1 0 9 12 1 16 9 21 1
82 30 39 1 0 0 0 0 64 15 25 1 49 28 0 1 28 7 11 1 48 28 1 1 35 9 2 1 17 0 10 1 30 0 2 1 26 0 6 1 33 17 12 1 12 11 2 1 29 15 4 1 0 0 0 0 0 0 8 1 4 35 0 1 0 0 0 0 5 1 11 1 0 8 26 1 8 0 10 1 27 11 0 1 16 10 0 1 22 2 0 1 23 0 5 1 0 0 0 0 0 24 0 1 24 7 0 1 11 0 0 1 27 0 10 1 0 0 0 0 15 6 10 1 2 0 0 1 3 13 11 1 5 8 0 1 7 1 3 1 29 27 0 1 18 0 16 1 23 15 0 1 22 0 25 1 10 12 0 1 13 0 1 1 19 0 8 1 11 0 2 1 23 13 10 1 30 7 5 1 0 0 0 0 1 11 0 1 22 0 0 1 3 16 4 1 2 10 0 1 30 3 0 1 0 0 0 0 10 0 33 1 24 6 0 1 10 29 0 1 26 0 0 1 5 2 0 1 21 15 0 1 16 1 7 1 21 0 11 1 0 0 0 0 7 26 6 1 14 8 1 1 6 0 24 1
55 9 26 1 0 0 0 0 34 8 3 1 50 31 1 1 37 0 4 1 34 10 15 1 30 0 0 1 10 12 14 1 26 3 0 1 32 0 0 1 0 0 0 0 22 4 8 1 36 2 6 1 12 5 15 1 18 0 0 1 8 14 0 1 0 16 0 1 22 7 12 1 23 0 0 1 0 27 0 1 25 11 15 1 34 2 16 1 15 0 24 1 14 7 0 1 4 9 14 1 24 1 15 1 41 0 0 1 15 0 0 1 12 4 5 1 22 8 0 1 13 19 0 1 6 10 0 1 24 0 0 1 5 2 19 1 18 3 18 1 24 22 0 1 7 12 0 1 13 0 27 1 31 6 0 1 6 0 0 1 0 10 8 1 0 0 4 1 18 9 0 1 3 7 0 1 14 7 17 1 33 0 0 1 6 32 1 1 28 0 2 1 13 0 27 1 17 15 7 1 5 0 2 1 19 1 9 1 0 4 0 1 1 15 1 1 35 10 0 1 22 1 2 1 18 12 8 1 10 13 1 1 13 3 5 1 23 0 22 1 29 13 6 1 16 0 3 1 11 6 0 1 20 14 0 1
72 15 1 1 16 21 0 1 62 30 0 1 36 0 48 1 14 0 0 1 18 8 0 1 14 0 7 1 33 4 7 1 18 1 0 1 23 12 0 1 45 36 9 1 25 11 0 1 2 30 10 1 3 9 21 1 19 0 14 1 26 24 0 1 27 0 0 1 2 0 3 1 40 12 7 1 18 3 0 1 11 0 0 1 16 9 0 1 29 0 27 1 2 20 0 1 39 15 0 1 18 34 0 1 24 14 0 1 16 4 0 1 29 37 19 1 20 0 0 1 12 0 29 1 22 8 4 1 6 0 0 1 31 0 0 1 22 0 0 1 28 5 13 1 7 9 0 1 27 13 0 1 17 19 24 1 19 2 17 1 0 18 30 1 3 21 8 1 24 8 15 1 10 13 9 1 0 4 11 1 0 0 0 1 0 10 13 1 5 0 6 1 0 0 0 0 16 22 0 1 8 0 0 1 7 20 0 1 7 0 4 1 9 3 0 1 9 0 0 1 3 0 11 1 2 13 0 1 35 7 26 1 20 2 1 1 23 14 2 1 9 0 0 1 6 0 0 1 0 2 7 1 9 17 0 1