2
16 223 89 64
91 24 2 1 68 29 40 1 51 15 19 1 32 20 0 1 32 2 24 1 40 32 3 1 89 0 3 1 0 0 0 0 34 11 0 1 83 28 38 1 48 13 29 1 79 13 23 1 90 33 37 1 77 32 0 1 83 37 36 1 0 0 0 0 139 41 22 1 105 27 5 1 159 67 30 1 0 0 0 0 0 0 0 0 121 33 4 1 121 35 0 1 184 79 14 1 186 84 10 1 160 85 13 1 191 95 38 1 190 99 12 1 152 82 32 1 143 61 16 1 0 0 0 0 157 71 15 1 166 85 0 1 205 126 62 1 188 113 40 1 159 79 28 1 156 70 0 1 161 38 0 1 167 83 20 1 187 106 22 1 174 55 18 1 168 89 22 1 188 100 36 1 156 86 1 1 145 90 0 1 158 65 0 1 142 57 4 1 164 91 10 1 153 88 18 1 162 83 0 1 158 99 2 1 171 84 24 1 179 119 19 1 139 66 0 1 103 38 0 1 137 69 0 1 194 73 16 1 164 64 10 1 0 0 0 0 0 0 0 0 140 64 0 1 142 55 0 1 158 85 10 1 0 0 0 0
148 88 30 1 0 0 0 0 53 0 21 1 59 16 4 1 54 0 0 1 63 7 10 1 113 52 46 1 61 36 0 1 49 15 19 1 70 28 0 1 54 44 13 1 46 16 0 1 48 32 22 1 60 0 3 1 67 21 10 1 108 42 0 1 108 42 0 1 116 53 7 1 156 77 0 1 141 72 33 1 143 63 25 1 142 72 1 1 156 73 0 1 167 98 4 1 188 99 26 1 216 100 41 1 177 103 16 1 176 89 10 1 145 51 21 1 136 23 0 1 167 68 30 1 175 120 6 1 225 123 17 1 208 129 38 1 163 62 14 1 133 57 0 1 177 65 0 1 141 74 7 1 175 87 15 1 188 79 2 1 178 58 0 1 156 90 21 1 173 87 0 1 159 77 8 1 178 83 0 1 166 91 28 1 191 114 31 1 181 94 32 1 173 90 21 1 133 83 15 1 166 57 25 1 185 100 33 1 148 59 8 1 108 74 12 1 136 66 0 1 144 95 13 1 173 89 35 1 138 65 5 1 138 69 2 1 149 67 0 1 170 71 44 1 165 78 20 1 174 79 31 1 132 82 0 1
162 100 55 1 146 101 65 1 131 60 53 1 101 54 19 1 105 30 0 1 112 39 30 1 114 72 27 1 66 55 5 1 58 49 0 1 86 65 32 1 49 31 0 1 50 0 5 1 64 29 0 1 56 15 0 1 0 0 0 0 0 0 0 0 101 40 22 1 143 53 17 1 142 65 13 1 131 82 16 1 141 59 43 1 159 75 0 1 162 78 0 1 182 103 30 1 191 116 23 1 170 93 20 1 175 91 0 1 152 92 21 1 154 97 4 1 169 91 14 1 163 80 21 1 185 112 19 1 177 108 17 1 188 96 42 1 140 40 0 1 119 42 0 1 142 80 8 1 175 76 6 1 176 71 18 1 154 70 32 1 167 39 0 1 176 98 31 1 189 96 0 1 178 73 27 1 144 84 38 1 144 98 22 1 165 79 27 1 155 64 16 1 140 78 17 1 136 66 20 1 0 0 0 0 0 0 0 0 176 82 23 1 147 60 13 1 164 80 10 1 141 43 12 1 188 127 19 1 166 76 6 1 146 40 0 1 162 74 1 1 134 66 31 1 155 94 8 1 132 86 12 1 174 38 11 1
161 115 68 1 190 122 94 1 164 134 83 1 161 100 65 1 136 52 43 1 143 87 24 1 115 66 36 1 77 51 0 1 103 49 24 1 70 42 11 1 43 0 17 1 21 9 1 1 61 38 16 1 76 39 15 1 0 0 0 0 0 0 0 0 102 14 0 1 171 94 29 1 162 71 33 1 112 51 13 1 138 30 1 1 169 92 0 1 191 97 32 1 204 132 35 1 160 73 7 1 157 72 0 1 0 0 0 0 176 63 26 1 213 82 38 1 0 0 0 0 154 87 22 1 170 89 0 1 192 123 17 1 138 75 8 1 105 53 10 1 144 69 25 1 160 72 0 1 162 112 23 1 176 88 14 1 171 79 0 1 153 53 33 1 165 65 12 1 172 98 24 1 0 0 0 0 192 70 39 1 192 113 58 1 0 0 0 0 148 92 36 1 150 106 33 1 142 79 0 1 0 0 0 0 174 118 20 1 139 92 0 1 121 44 0 1 148 101 0 1 198 116 12 1 0 0 0 0 153 85 32 1 155 92 12 1 144 74 4 1 0 0 0 0 142 57 0 1 154 81 20 1 159 68 0 1
174 108 61 1 0 0 0 0 201 123 91 1 182 118 55 1 150 84 47 1 0 0 0 0 113 57 6 1 101 52 0 1 134 109 56 1 95 55 0 1 64 4 0 1 32 0 0 1 37 34 0 1 72 15 3 1 50 3 0 1 38 0 0 1 47 0 8 1 139 47 8 1 128 58 35 1 99 41 0 1 137 60 0 1 197 104 51 1 213 149 54 1 198 117 39 1 162 106 4 1 132 77 4 1 176 88 25 1 203 103 21 1 190 93 6 1 175 103 13 1 169 56 3 1 164 82 18 1 194 77 14 1 135 94 11 1 136 50 5 1 129 64 12 1 0 0 0 0 158 87 50 1 156 90 0 1 140 68 14 1 169 99 19 1 180 90 55 1 161 99 29 1 180 112 36 1 181 121 53 1 207 124 49 1 190 97 39 1 152 69 21 1 0 0 0 0 157 81 15 1 165 92 4 1 180 80 3 1 153 62 4 1 142 51 0 1 172 66 9 1 146 70 8 1 162 70 0 1 174 93 38 1 173 77 2 1 0 0 0 0 159 76 0 1 175 82 0 1 177 92 29 1 167 91 0 1
191 139 59 1 178 108 52 1 197 132 45 1 176 103 42 1 179 96 29 1 141 88 33 1 143 54 2 1 120 92 46 1 163 135 81 1 79 54 0 1 53 23 7 1 69 12 18 1 30 0 16 1 37 11 0 1 55 13 1 1 82 10 33 1 114 35 53 1 110 35 20 1 128 83 2 1 124 34 0 1 160 74 47 1 199 113 45 1 0 0 0 0 147 56 0 1 150 74 0 1 152 54 0 1 169 69 2 1 169 104 15 1 173 90 2 1 170 110 1 1 194 79 0 1 163 112 6 1 178 108 28 1 177 78 11 1 132 76 0 1 171 70 1 1 183 80 31 1 150 77 35 1 152 59 0 1 158 58 7 1 179 103 25 1 215 116 26 1 176 100 50 1 206 115 30 1 0 0 0 0 187 120 9 1 170 77 7 1 133 40 0 1 116 56 0 1 158 74 0 1 141 80 29 1 150 81 12 1 145 91 4 1 153 69 12 1 180 82 21 1 168 105 2 1 176 95 6 1 185 114 55 1 178 86 0 1 185 93 30 1 204 85 38 1 180 102 9 1 203 115 7 1 196 108 27 1
163 120 45 1 166 102 64 1 170 100 35 1 180 96 40 1 195 117 33 1 0 0 0 0 157 102 39 1 140 109 67 1 195 133 46 1 129 66 19 1 101 41 18 1 81 43 0 1 64 41 0 1 0 0 0 0 97 40 41 1 103 52 27 1 147 59 43 1 95 41 0 1 139 54 20 1 144 78 26 1 166 107 35 1 190 122 34 1 137 57 5 1 103 28 0 1 149 65 0 1 174 120 33 1 192 106 45 1 176 121 19 1 168 74 51 1 194 117 3 1 175 95 35 1 163 77 20 1 175 89 20 1 157 75 24 1 155 64 9 1 0 0 0 0 159 93 27 1 183 68 12 1 157 61 30 1 145 76 15 1 186 91 24 1 182 92 45 1 180 115 19 1 180 81 22 1 0 0 0 0 147 84 15 1 152 67 6 1 157 66 24 1 129 85 0 1 163 93 8 1 165 109 9 1 160 81 0 1 147 87 1 1 161 84 25 1 164 60 28 1 184 78 24 1 183 79 24 1 193 109 38 1 215 117 33 1 203 115 37 1 167 105 12 1 194 116 17 1 193 85 14 1 0 0 0 0
167 115 70 1 0 0 0 0 155 97 12 1 173 113 60 1 200 141 37 1 164 126 26 1 183 136 47 1 158 110 30 1 194 152 88 1 148 89 48 1 142 96 66 1 101 65 24 1 0 0 0 0 106 33 21 1 126 40 28 1 106 57 34 1 102 55 0 1 94 22 0 1 118 78 10 1 161 96 36 1 165 90 30 1 0 0 0 0 0 0 0 0 166 79 5 1 207 103 47 1 152 58 10 1 140 96 2 1 139 67 7 1 147 78 0 1 189 102 3 1 217 99 55 1 192 113 26 1 165 77 14 1 138 86 0 1 149 89 3 1 177 105 34 1 174 103 25 1 175 78 31 1 196 63 19 1 170 105 9 1 177 81 5 1 173 86 13 1 190 116 27 1 199 88 34 1 181 92 12 1 0 0 0 0 153 76 25 1 141 79 26 1 151 81 19 1 0 0 0 0 187 87 14 1 190 90 10 1 164 101 14 1 148 98 0 1 154 73 17 1 164 97 0 1 176 111 12 1 187 100 6 1 188 96 0 1 150 81 12 1 155 73 0 1 151 96 42 1 162 76 19 1 147 94 0 1
173 123 45 1 171 138 52 1 195 146 67 1 174 139 33 1 198 115 36 1 204 143 67 1 177 114 48 1 164 119 49 1 199 132 63 1 148 134 63 1 156 117 38 1 111 63 13 1 68 16 0 1 119 74 49 1 145 63 34 1 80 1 37 1 101 9 2 1 72 0 34 1 128 54 27 1 160 95 29 1 161 106 6 1 140 77 43 1 147 80 11 1 135 41 0 1 113 10 0 1 146 54 0 1 160 66 44 1 115 60 0 1 137 61 0 1 188 109 6 1 195 107 59 1 179 107 33 1 131 62 1 1 129 73 8 1 160 64 21 1 178 110 23 1 175 107 37 1 189 95 38 1 180 86 0 1 184 94 0 1 162 80 0 1 169 74 29 1 219 129 56 1 185 100 36 1 194 87 19 1 153 111 2 1 155 83 0 1 132 61 11 1 134 56 15 1 191 73 20 1 170 85 19 1 150 83 0 1 184 68 0 1 174 84 0 1 163 75 14 1 169 102 24 1 190 112 18 1 194 103 33 1 188 156 21 1 195 93 16 1 179 96 6 1 181 90 30 1 0 0 0 0 155 99 23 1
191 136 84 1 194 135 81 1 163 126 50 1 0 0 0 0 208 148 43 1 201 168 81 1 155 127 7 1 160 120 52 1 196 155 72 1 144 111 50 1 168 80 32 1 0 0 0 0 103 67 0 1 140 93 35 1 135 84 15 1 66 6 5 1 0 0 0 0 109 47 0 1 126 97 33 1 157 99 20 1 137 91 14 1 116 67 3 1 89 56 27 1 91 41 2 1 68 0 0 1 116 16 0 1 137 65 5 1 141 62 0 1 0 0 0 0 176 78 0 1 155 109 23 1 162 101 47 1 180 93 5 1 180 84 16 1 0 0 0 0 182 127 27 1 184 103 7 1 178 107 11 1 194 120 46 1 202 85 37 1 206 95 5 1 212 120 39 1 203 146 12 1 200 119 38 1 190 103 18 1 186 77 19 1 0 0 0 0 0 0 0 0 167 78 30 1 180 97 15 1 187 109 23 1 205 108 0 1 176 99 6 1 173 67 0 1 165 65 0 1 180 100 17 1 193 104 36 1 171 107 16 1 190 119 10 1 196 123 22 1 182 142 13 1 213 109 48 1 180 88 40 1 0 0 0 0
180 121 59 1 179 118 61 1 177 94 61 1 173 134 14 1 208 152 59 1 204 128 62 1 149 122 31 1 176 124 74 1 150 109 85 1 155 97 31 1 151 110 35 1 163 100 22 1 167 96 21 1 0 0 0 0 160 91 43 1 129 51 0 1 140 66 0 1 129 37 0 1 156 78 11 1 182 107 40 1 152 85 20 1 0 0 0 0 121 63 12 1 132 86 46 1 143 50 23 1 84 29 0 1 129 27 0 1 111 40 0 1 125 32 0 1 151 70 28 1 151 101 40 1 187 103 46 1 197 108 38 1 188 96 23 1 163 127 50 1 170 81 24 1 183 94 0 1 174 88 34 1 193 118 13 1 165 97 24 1 169 74 21 1 238 176 62 1 239 135 58 1 242 136 13 1 0 0 0 0 171 123 19 1 183 96 32 1 0 0 0 0 228 141 43 1 161 106 22 1 163 108 20 1 174 112 19 1 161 109 26 1 0 0 0 0 0 0 0 0 173 102 20 1 182 90 25 1 186 104 41 1 209 146 49 1 203 135 38 1 196 125 32 1 171 86 55 1 134 72 0 1 0 0 0 0
200 141 39 1 204 122 69 1 176 119 52 1 159 78 17 1 192 137 37 1 186 140 38 1 169 132 13 1 168 98 43 1 173 96 18 1 152 104 40 1 183 110 45 1 165 114 44 1 150 106 20 1 166 98 20 1 150 95 53 1 158 98 28 1 0 0 0 0 115 77 0 1 176 106 37 1 163 96 41 1 152 91 36 1 144 67 26 1 147 65 39 1 185 76 73 1 163 96 50 1 135 63 48 1 130 67 44 1 139 37 18 1 113 69 0 1 167 50 22 1 181 106 46 1 136 97 16 1 127 85 11 1 0 0 0 0 204 110 46 1 194 126 42 1 148 111 2 1 201 103 13 1 176 123 16 1 192 109 8 1 191 113 12 1 197 105 43 1 154 95 0 1 185 89 0 1 153 100 3 1 161 75 25 1 183 98 4 1 174 115 43 1 181 94 0 1 152 85 0 1 137 58 10 1 163 74 11 1 167 91 20 1 171 79 13 1 188 120 26 1 203 105 29 1 190 98 7 1 175 129 45 1 203 103 26 1 168 109 5 1 149 60 20 1 143 71 1 1 134 55 0 1 140 89 3 1
0 0 0 0 182 133 87 1 169 134 61 1 166 121 35 1 172 135 72 1 167 105 56 1 143 123 25 1 166 99 48 1 118 80 12 1 148 97 18 1 149 87 47 1 165 114 30 1 173 86 43 1 0 0 0 0 170 119 61 1 154 126 40 1 141 87 15 1 164 87 42 1 167 88 37 1 183 98 34 1 162 121 0 1 124 68 32 1 136 45 12 1 129 72 20 1 123 68 15 1 135 89 18 1 146 50 19 1 134 66 16 1 0 0 0 0 152 74 44 1 170 88 6 1 118 51 4 1 133 77 28 1 161 81 0 1 184 88 35 1 179 103 36 1 191 91 15 1 206 114 12 1 179 91 25 1 188 107 25 1 180 101 17 1 205 85 32 1 186 114 27 1 180 117 37 1 0 0 0 0 173 94 31 1 164 114 23 1 179 102 23 1 177 75 0 1 145 86 0 1 159 91 7 1 177 116 47 1 188 101 41 1 183 90 0 1 0 0 0 0 226 135 64 1 195 105 12 1 180 112 14 1 184 88 22 1 134 61 5 1 127 61 5 1 140 71 0 1 132 93 22 1 176 95 32 1
193 166 69 1 169 91 38 1 177 104 61 1 176 91 21 1 169 105 67 1 187 106 46 1 178 98 24 1 141 113 28 1 179 95 31 1 170 147 48 1 170 125 52 1 177 131 31 1 0 0 0 0 159 103 11 1 165 96 50 1 140 95 16 1 103 88 10 1 186 103 58 1 181 109 53 1 167 100 20 1 178 85 29 1 154 86 58 1 121 52 16 1 134 60 3 1 115 53 34 1 0 0 0 0 0 0 0 0 102 34 26 1 78 50 0 1 129 110 6 1 151 95 8 1 119 26 13 1 134 22 0 1 166 70 17 1 0 0 0 0 160 116 3 1 164 82 0 1 185 85 0 1 172 93 32 1 195 81 29 1 195 142 29 1 175 121 20 1 191 109 0 1 210 121 22 1 183 145 19 1 0 0 0 0 157 93 0 1 0 0 0 0 164 98 20 1 0 0 0 0 188 114 38 1 199 113 87 1 232 131 43 1 191 108 37 1 195 146 7 1 205 113 37 1 199 103 31 1 162 93 12 1 144 74 11 1 127 81 21 1 161 102 7 1 154 82 31 1 163 95 27 1 138 101 51 1
195 136 56 1 0 0 0 0 0 0 0 0 152 111 18 1 169 95 17 1 0 0 0 0 152 110 55 1 186 106 46 1 144 112 61 1 0 0 0 0 184 127 56 1 191 154 52 1 150 80 41 1 159 111 33 1 184 86 42 1 144 83 15 1 142 81 0 1 0 0 0 0 197 100 31 1 168 111 0 1 142 89 19 1 146 80 29 1 109 28 0 1 99 60 0 1 94 64 0 1 131 51 12 1 99 35 6 1 111 62 6 1 110 32 0 1 163 96 15 1 154 98 34 1 105 38 13 1 111 65 15 1 182 106 8 1 199 122 63 1 176 93 20 1 170 108 5 1 0 0 0 0 188 126 6 1 211 99 35 1 227 122 34 1 199 83 0 1 161 109 8 1 161 90 3 1 173 109 31 1 164 100 45 1 0 0 0 0 172 92 16 1 173 100 23 1 179 117 52 1 196 94 17 1 183 85 16 1 176 96 21 1 200 110 31 1 203 134 14 1 155 95 7 1 123 54 6 1 150 80 6 1 131 82 1 1 147 68 9 1 168 80 0 1 131 77 3 1 106 53 0 1 117 57 2 1
0 0 0 0 180 124 34 1 169 98 20 1 153 112 11 1 144 84 32 1 170 108 33 1 166 109 40 1 149 103 40 1 163 111 46 1 162 112 34 1 0 0 0 0 174 100 63 1 136 73 14 1 125 88 8 1 138 73 17 1 114 81 21 1 136 65 3 1 168 90 43 1 166 75 33 1 144 83 0 1 0 0 0 0 148 62 41 1 100 58 10 1 92 53 3 1 0 0 0 0 138 66 0 1 107 53 21 1 149 56 25 1 117 83 19 1 162 76 26 1 132 77 19 1 105 50 22 1 175 94 18 1 158 87 20 1 180 75 42 1 175 114 40 1 164 86 24 1 181 99 5 1 184 100 19 1 180 121 37 1 194 139 67 1 208 94 25 1 135 81 10 1 155 90 0 1 162 53 0 1 163 103 0 1 180 82 23 1 196 95 36 1 193 98 23 1 167 121 16 1 170 93 12 1 178 101 20 1 205 133 25 1 209 145 44 1 197 118 26 1 144 77 0 1 129 73 12 1 166 100 21 1 142 105 0 1 150 65 11 1 0 0 0 0 99 27 0 1 133 37 0 1 107 79 3 1
160 116 43 1 187 122 36 1 193 111 44 1 0 0 0 0 190 108 55 1 162 103 61 1 187 98 63 1 145 92 39 1 175 77 30 1 157 91 35 1 194 118 56 1 194 102 33 1 155 97 39 1 125 66 24 1 145 91 37 1 0 0 0 0 0 0 0 0 150 95 49 1 149 109 31 1 150 87 3 1 159 84 32 1 142 66 42 1 0 0 0 0 90 56 4 1 94 45 10 1 94 42 16 1 68 61 28 1 59 44 0 1 88 43 1 1 107 50 10 1 149 91 14 1 127 66 0 1 136 69 19 1 0 0 0 0 137 71 13 1 170 67 16 1 0 0 0 0 185 117 0 1 188 130 4 1 202 109 19 1 237 123 58 1 202 100 40 1 171 66 0 1 144 76 0 1 0 0 0 0 157 74 0 1 174 71 0 1 147 71 1 1 156 69 4 1 173 136 41 1 163 118 23 1 175 116 9 1 190 109 40 1 212 141 54 1 165 95 9 1 130 57 8 1 137 71 3 1 120 86 11 1 134 41 0 1 123 43 0 1 109 48 8 1 99 32 12 1 129 58 29 1 109 43 17 1
175 126 24 1 188 100 37 1 198 104 69 1 171 126 65 1 190 148 74 1 167 144 61 1 193 93 30 1 184 116 62 1 173 95 63 1 158 115 47 1 189 92 63 1 0 0 0 0 160 74 26 1 129 48 0 1 135 78 14 1 153 75 28 1 134 87 44 1 164 86 20 1 156 95 28 1 134 76 13 1 137 53 0 1 125 81 6 1 129 48 3 1 98 57 18 1 98 47 4 1 108 45 31 1 89 66 32 1 94 62 6 1 0 0 0 0 123 74 0 1 162 114 45 1 142 41 0 1 142 77 0 1 102 75 7 1 133 59 6 1 0 0 0 0 0 0 0 0 166 102 0 1 175 131 0 1 221 110 3 1 195 119 12 1 0 0 0 0 194 80 0 1 171 75 10 1 164 83 0 1 144 78 0 1 175 80 0 1 155 86 8 1 170 103 18 1 154 88 2 1 152 77 27 1 151 73 3 1 164 101 23 1 186 111 19 1 145 52 7 1 133 61 0 1 141 99 25 1 159 69 3 1 151 45 0 1 144 71 20 1 117 45 14 1 142 57 31 1 129 43 5 1 0 0 0 0
177 131 38 1 186 121 66 1 165 105 24 1 181 125 25 1 167 113 49 1 156 114 58 1 190 157 49 1 0 0 0 0 196 120 57 1 193 77 23 1 167 98 37 1 166 110 27 1 0 0 0 0 166 79 23 1 133 87 27 1 143 67 29 1 144 80 41 1 149 78 5 1 158 107 51 1 147 80 6 1 144 66 0 1 130 54 23 1 0 0 0 0 97 35 5 1 0 0 0 0 131 48 39 1 102 68 17 1 119 58 60 1 47 4 7 1 133 84 40 1 184 126 69 1 141 81 20 1 165 78 10 1 136 63 11 1 130 63 9 1 154 82 42 1 129 70 18 1 151 69 11 1 230 136 45 1 208 122 36 1 214 153 40 1 226 130 31 1 174 95 0 1 161 90 0 1 204 50 0 1 168 76 0 1 150 118 23 1 178 78 36 1 0 0 0 0 189 112 0 1 161 59 2 1 172 73 16 1 178 104 30 1 169 126 35 1 115 62 0 1 0 0 0 0 186 76 25 1 137 58 8 1 116 73 2 1 0 0 0 0 133 40 15 1 130 46 14 1 117 70 11 1 107 20 28 1
174 116 45 1 161 125 53 1 163 81 36 1 146 94 52 1 170 79 38 1 175 93 20 1 172 131 51 1 172 105 32 1 180 119 54 1 149 102 34 1 175 133 22 1 0 0 0 0 167 125 37 1 173 84 52 1 103 82 21 1 151 68 45 1 152 83 24 1 132 86 43 1 150 118 28 1 143 95 0 1 145 52 7 1 161 69 24 1 133 96 19 1 125 63 4 1 77 43 0 1 60 25 0 1 71 6 0 1 65 18 13 1 54 13 24 1 88 51 0 1 155 116 47 1 139 60 0 1 124 67 8 1 115 91 22 1 120 52 13 1 152 80 20 1 124 79 4 1 145 72 23 1 223 139 40 1 223 126 65 1 0 0 0 0 201 100 4 1 182 88 29 1 181 61 23 1 168 85 20 1 146 98 7 1 179 110 12 1 165 88 16 1 148 98 15 1 175 105 15 1 147 75 0 1 176 77 27 1 165 88 1 1 144 76 18 1 137 59 8 1 163 69 19 1 0 0 0 0 149 47 29 1 124 59 5 1 119 60 2 1 135 48 2 1 120 55 30 1 0 0 0 0 0 0 0 0
193 124 48 1 187 90 37 1 157 105 23 1 192 89 34 1 187 136 33 1 173 97 28 1 180 135 30 1 185 94 16 1 0 0 0 0 177 126 18 1 0 0 0 0 158 87 7 1 149 69 4 1 153 81 0 1 129 67 17 1 135 82 28 1 146 55 19 1 146 84 33 1 149 109 42 1 150 88 33 1 142 98 8 1 177 62 28 1 168 116 50 1 148 65 20 1 135 55 7 1 0 0 0 0 69 41 0 1 97 12 8 1 52 0 0 1 84 47 0 1 144 70 63 1 132 66 0 1 148 50 23 1 0 0 0 0 97 42 0 1 107 43 6 1 122 40 0 1 176 91 23 1 200 118 50 1 216 134 31 1 185 125 24 1 149 61 0 1 185 87 3 1 182 119 32 1 168 86 25 1 168 99 12 1 149 85 7 1 180 101 23 1 183 90 41 1 128 42 0 1 117 35 11 1 166 84 11 1 163 76 0 1 146 70 0 1 160 102 12 1 201 100 33 1 153 62 34 1 149 69 0 1 146 61 0 1 112 52 0 1 140 41 0 1 115 67 0 1 107 37 1 1 123 55 0 1
191 143 54 1 182 124 58 1 170 115 57 1 172 128 36 1 174 124 52 1 180 118 31 1 173 108 46 1 151 93 53 1 159 106 26 1 161 108 17 1 158 73 5 1 118 61 0 1 134 81 0 1 140 74 33 1 138 100 0 1 141 109 19 1 175 90 6 1 150 97 28 1 0 0 0 0 0 0 0 0 144 108 38 1 183 90 34 1 141 98 32 1 176 111 40 1 0 0 0 0 118 50 31 1 108 66 18 1 84 38 28 1 33 12 3 1 0 0 0 0 162 58 36 1 91 53 6 1 124 67 15 1 137 70 46 1 128 29 16 1 75 24 19 1 110 28 6 1 157 84 4 1 169 113 24 1 187 129 41 1 166 112 3 1 166 86 0 1 166 84 18 1 185 105 34 1 185 83 26 1 0 0 0 0 171 100 27 1 0 0 0 0 150 59 10 1 109 31 0 1 153 55 0 1 177 69 29 1 169 70 25 1 147 84 28 1 0 0 0 0 189 114 32 1 138 98 26 1 144 58 25 1 166 36 17 1 137 73 6 1 118 44 6 1 117 29 8 1 100 51 0 1 0 0 0 0
175 115 72 1 159 110 45 1 188 120 49 1 154 113 38 1 169 101 60 1 166 98 60 1 157 96 63 1 172 123 78 1 168 101 49 1 174 114 22 1 128 100 31 1 150 110 0 1 131 61 13 1 0 0 0 0 142 95 23 1 0 0 0 0 135 94 37 1 129 55 17 1 134 73 0 1 138 79 0 1 136 72 1 1 159 96 42 1 157 105 26 1 152 81 20 1 178 81 26 1 145 71 26 1 109 75 18 1 103 70 10 1 0 0 0 0 138 96 43 1 0 0 0 0 102 28 35 1 94 79 26 1 138 86 44 1 117 75 2 1 66 30 1 1 108 39 0 1 0 0 0 0 130 51 4 1 175 105 49 1 174 85 23 1 160 80 36 1 192 104 28 1 0 0 0 0 192 110 29 1 162 121 16 1 147 94 14 1 152 62 11 1 114 43 0 1 144 59 11 1 166 97 24 1 144 88 13 1 153 92 11 1 166 88 34 1 172 96 19 1 0 0 0 0 156 52 16 1 138 73 1 1 135 58 1 1 138 53 21 1 125 73 0 1 129 56 4 1 154 67 19 1 146 74 6 1
178 125 36 1 184 103 47 1 164 144 45 1 199 118 54 1 154 123 69 1 206 131 56 1 170 118 27 1 184 122 66 1 181 90 37 1 176 85 59 1 153 96 38 1 147 72 43 1 133 73 20 1 143 94 31 1 154 84 0 1 137 86 12 1 126 78 4 1 159 82 5 1 127 55 2 1 159 69 0 1 123 90 9 1 175 76 25 1 178 99 30 1 144 88 18 1 155 98 33 1 153 118 46 1 145 102 23 1 161 81 71 1 153 75 11 1 130 101 61 1 0 0 0 0 64 44 0 1 146 56 34 1 150 81 25 1 129 82 39 1 112 44 4 1 120 68 0 1 0 0 0 0 132 74 14 1 220 122 57 1 164 96 48 1 154 60 0 1 175 102 51 1 208 136 42 1 0 0 0 0 156 53 17 1 133 42 11 1 0 0 0 0 110 33 18 1 180 95 32 1 187 111 53 1 134 49 16 1 113 42 0 1 180 80 41 1 172 104 50 1 122 47 0 1 145 60 10 1 113 52 0 1 132 23 0 1 120 22 0 1 156 63 2 1 133 61 16 1 155 68 2 1 150 79 18 1
191 121 29 1 190 126 70 1 175 84 49 1 131 60 26 1 0 0 0 0 158 74 10 1 150 82 34 1 173 87 57 1 141 104 28 1 134 72 12 1 143 90 39 1 170 97 55 1 0 0 0 0 138 85 34 1 0 0 0 0 154 78 23 1 128 89 43 1 141 102 22 1 147 72 16 1 142 63 0 1 148 63 0 1 145 66 19 1 181 94 35 1 163 79 15 1 163 48 0 1 153 79 0 1 169 89 29 1 163 126 36 1 161 99 41 1 155 81 50 1 140 86 24 1 140 82 48 1 163 97 80 1 178 101 53 1 127 84 35 1 127 87 14 1 131 61 42 1 134 69 12 1 168 63 20 1 179 108 52 1 136 51 0 1 0 0 0 0 168 85 39 1 201 138 50 1 157 93 37 1 154 113 6 1 139 80 3 1 0 0 0 0 204 117 34 1 187 108 33 1 139 68 0 1 164 92 8 1 168 105 50 1 180 104 20 1 141 94 25 1 158 93 0 1 151 82 17 1 166 93 34 1 169 124 17 1 0 0 0 0 168 105 36 1 0 0 0 0 172 74 17 1 184 115 16 1
193 127 86 1 0 0 0 0 154 95 36 1 137 62 14 1 168 74 60 1 155 102 46 1 142 80 32 1 151 85 29 1 127 84 41 1 140 87 39 1 140 99 37 1 137 100 8 1 0 0 0 0 146 82 36 1 150 84 26 1 131 77 5 1 144 78 3 1 160 68 24 1 174 96 19 1 148 87 32 1 119 80 6 1 166 79 29 1 184 90 32 1 161 72 37 1 0 0 0 0 151 94 24 1 159 104 18 1 153 112 52 1 179 91 38 1 106 85 27 1 91 35 0 1 141 99 36 1 140 84 22 1 76 68 3 1 89 39 0 1 139 45 8 1 146 41 39 1 149 78 4 1 109 48 0 1 138 78 0 1 125 64 0 1 144 83 0 1 195 116 40 1 199 138 27 1 158 102 0 1 0 0 0 0 176 124 0 1 177 113 47 1 202 136 53 1 184 128 16 1 170 115 6 1 162 110 18 1 161 69 21 1 140 60 0 1 115 61 0 1 168 81 20 1 180 127 30 1 152 104 21 1 0 0 0 0 167 103 0 1 153 89 0 1 169 100 7 1 171 123 21 1 143 116 30 1
148 94 44 1 151 78 48 1 153 76 3 1 0 0 0 0 155 93 59 1 145 76 41 1 0 0 0 0 0 0 0 0 0 0 0 0 125 42 11 1 134 57 24 1 126 72 21 1 132 73 37 1 138 105 27 1 151 71 6 1 139 82 17 1 146 116 32 1 154 107 12 1 153 117 21 1 136 84 26 1 129 99 9 1 162 68 22 1 169 113 35 1 178 83 24 1 0 0 0 0 164 99 22 1 179 123 8 1 211 121 64 1 166 118 11 1 114 59 12 1 111 34 0 1 110 22 0 1 83 28 2 1 99 56 0 1 0 0 0 0 131 77 25 1 0 0 0 0 155 103 21 1 135 56 14 1 140 70 6 1 163 99 16 1 0 0 0 0 187 94 33 1 140 88 7 1 129 65 0 1 171 89 39 1 204 150 49 1 173 119 27 1 0 0 0 0 150 107 20 1 177 103 20 1 0 0 0 0 164 95 0 1 155 81 0 1 159 78 2 1 0 0 0 0 137 73 12 1 141 83 0 1 165 83 3 1 151 81 2 1 172 78 0 1 146 73 0 1 160 114 22 1 152 79 0 1
136 87 37 1 152 94 52 1 157 104 45 1 158 107 44 1 139 87 25 1 115 78 35 1 143 66 16 1 123 66 34 1 161 109 35 1 139 28 0 1 0 0 0 0 121 84 30 1 153 95 28 1 118 78 15 1 150 103 27 1 162 99 39 1 181 129 59 1 161 123 48 1 148 93 16 1 170 107 50 1 0 0 0 0 159 84 29 1 174 106 41 1 183 113 15 1 170 109 22 1 172 115 7 1 0 0 0 0 183 130 39 1 197 156 36 1 180 110 29 1 151 109 37 1 138 91 5 1 103 49 0 1 111 56 0 1 125 53 8 1 111 60 0 1 0 0 0 0 156 88 49 1 124 116 25 1 145 91 5 1 160 69 0 1 0 0 0 0 166 94 26 1 163 95 5 1 149 97 0 1 164 113 18 1 181 111 0 1 151 127 0 1 174 95 60 1 163 106 4 1 183 101 31 1 186 105 62 1 151 73 7 1 166 54 7 1 0 0 0 0 172 121 20 1 171 83 0 1 186 107 13 1 186 106 34 1 196 100 45 1 158 116 23 1 161 97 0 1 149 96 24 1 195 69 17 1
179 121 66 1 137 74 45 1 158 95 23 1 156 95 65 1 139 108 29 1 0 0 0 0 0 0 0 0 131 83 10 1 0 0 0 0 122 102 18 1 158 83 28 1 135 78 33 1 155 100 35 1 158 127 48 1 155 106 65 1 175 94 41 1 163 119 20 1 150 63 29 1 150 99 8 1 177 86 29 1 147 77 22 1 156 77 20 1 177 113 28 1 150 98 11 1 181 83 16 1 163 100 0 1 170 115 36 1 0 0 0 0 171 142 6 1 182 101 35 1 0 0 0 0 118 55 5 1 124 47 14 1 78 46 1 1 135 54 5 1 113 40 4 1 114 39 7 1 105 38 17 1 149 62 32 1 159 73 45 1 109 52 0 1 135 51 0 1 142 88 24 1 144 109 31 1 159 86 55 1 134 53 6 1 132 58 0 1 143 55 17 1 147 89 36 1 150 80 0 1 179 105 6 1 186 102 25 1 175 96 13 1 156 67 19 1 164 106 39 1 171 106 27 1 145 84 22 1 149 94 17 1 161 97 8 1 0 0 0 0 168 88 12 1 165 67 4 1 0 0 0 0 172 102 24 1
189 137 89 1 0 0 0 0 140 104 38 1 180 109 37 1 135 70 26 1 126 78 44 1 129 85 20 1 117 54 13 1 151 84 28 1 125 94 13 1 0 0 0 0 188 110 58 1 173 138 66 1 221 139 70 1 203 121 70 1 0 0 0 0 161 99 27 1 142 91 20 1 142 85 18 1 148 98 15 1 168 98 17 1 136 87 36 1 153 79 25 1 160 101 17 1 165 77 31 1 176 122 2 1 144 119 22 1 184 97 0 1 158 87 1 1 175 84 18 1 148 107 25 1 162 83 4 1 145 96 21 1 136 65 0 1 140 98 48 1 126 53 26 1 101 36 10 1 115 28 0 1 100 48 17 1 160 88 38 1 151 74 16 1 0 0 0 0 133 72 22 1 131 58 0 1 164 66 22 1 153 90 1 1 145 78 0 1 153 61 10 1 161 69 0 1 172 85 16 1 150 72 0 1 147 88 0 1 144 47 0 1 148 75 0 1 133 75 0 1 155 85 10 1 168 94 4 1 134 66 0 1 159 75 0 1 153 96 3 1 148 73 8 1 0 0 0 0 172 84 10 1 159 78 9 1
179 120 87 1 161 118 56 1 171 109 70 1 148 87 42 1 143 91 37 1 140 56 0 1 146 69 40 1 155 67 33 1 138 79 33 1 162 87 3 1 161 137 27 1 158 122 50 1 179 141 52 1 193 137 39 1 147 123 37 1 132 80 7 1 141 74 30 1 161 73 36 1 157 108 19 1 146 108 52 1 168 85 15 1 135 76 26 1 167 104 11 1 165 97 15 1 168 111 27 1 191 127 26 1 186 100 21 1 139 87 7 1 161 117 32 1 0 0 0 0 164 82 47 1 150 75 41 1 144 59 19 1 131 61 12 1 124 66 7 1 0 0 0 0 148 85 32 1 0 0 0 0 120 24 0 1 148 66 0 1 142 89 23 1 92 23 0 1 107 10 13 1 123 34 20 1 131 66 3 1 0 0 0 0 144 68 14 1 135 61 0 1 145 64 11 1 162 83 12 1 162 57 18 1 138 54 0 1 138 45 15 1 137 90 28 1 172 73 16 1 146 49 0 1 98 65 0 1 171 71 16 1 157 79 10 1 149 72 0 1 0 0 0 0 163 83 43 1 181 101 22 1 158 100 44 1
171 121 73 1 180 108 90 1 198 107 54 1 118 78 18 1 117 90 8 1 132 96 28 1 146 91 63 1 167 115 46 1 119 83 50 1 0 0 0 0 202 145 70 1 157 118 58 1 112 65 9 1 117 89 45 1 118 82 23 1 145 71 4 1 123 89 10 1 168 106 8 1 157 70 39 1 171 88 43 1 0 0 0 0 120 68 21 1 149 73 10 1 156 110 1 1 165 101 6 1 138 107 14 1 183 78 9 1 159 126 28 1 159 98 26 1 135 81 2 1 162 94 27 1 151 63 35 1 0 0 0 0 113 52 8 1 118 91 6 1 162 57 11 1 143 94 60 1 121 71 2 1 128 69 0 1 133 58 9 1 166 72 16 1 0 0 0 0 111 25 0 1 117 40 0 1 175 92 34 1 181 89 13 1 125 53 9 1 127 79 0 1 0 0 0 0 110 63 0 1 152 75 0 1 156 114 25 1 0 0 0 0 169 101 0 1 142 93 35 1 162 70 20 1 0 0 0 0 139 85 20 1 155 73 21 1 158 105 2 1 149 73 9 1 145 79 37 1 0 0 0 0 131 91 17 1
178 123 98 1 165 82 16 1 154 82 23 1 127 102 16 1 152 78 58 1 145 78 29 1 169 108 28 1 120 123 30 1 179 111 65 1 186 113 79 1 167 79 22 1 112 70 16 1 152 97 33 1 128 96 28 1 142 68 35 1 125 75 29 1 149 76 41 1 136 96 26 1 130 99 12 1 157 85 43 1 139 83 48 1 112 80 35 1 136 81 35 1 161 110 20 1 0 0 0 0 152 107 34 1 170 77 27 1 177 98 21 1 204 92 3 1 149 93 27 1 185 65 20 1 0 0 0 0 104 71 0 1 111 29 0 1 147 71 7 1 144 50 2 1 135 34 14 1 0 0 0 0 127 72 22 1 123 58 12 1 145 69 0 1 144 73 17 1 139 50 12 1 133 80 12 1 178 92 16 1 127 93 0 1 139 60 0 1 167 108 0 1 176 94 13 1 133 71 0 1 144 70 12 1 0 0 0 0 161 74 4 1 171 66 15 1 142 72 31 1 138 61 29 1 116 68 12 1 143 54 0 1 124 51 0 1 119 46 0 1 127 61 0 1 118 53 0 1 156 22 10 1 135 69 0 1
167 108 64 1 147 107 11 1 143 77 26 1 153 93 23 1 174 109 22 1 183 122 48 1 181 139 41 1 128 61 12 1 136 85 28 1 135 86 27 1 145 49 23 1 136 93 32 1 131 66 14 1 139 86 33 1 149 90 58 1 132 89 21 1 161 88 31 1 135 107 33 1 144 89 38 1 0 0 0 0 126 92 38 1 129 50 15 1 122 68 46 1 143 84 34 1 168 122 66 1 147 98 27 1 165 77 40 1 183 111 38 1 167 106 25 1 159 82 32 1 160 81 32 1 184 110 26 1 142 73 9 1 147 77 11 1 136 88 10 1 137 76 25 1 118 50 0 1 116 42 0 1 126 35 15 1 132 64 25 1 125 73 38 1 0 0 0 0 127 83 20 1 152 73 0 1 148 54 0 1 143 66 0 1 0 0 0 0 187 134 35 1 145 108 51 1 190 121 47 1 180 104 64 1 188 128 33 1 134 91 0 1 148 74 0 1 128 59 8 1 155 51 0 1 144 53 0 1 162 88 28 1 152 62 4 1 154 55 13 1 113 87 11 1 134 93 25 1 135 34 0 1 0 0 0 0
0 0 0 0 140 84 0 1 122 95 10 1 156 114 52 1 151 87 22 1 127 68 21 1 99 60 23 1 92 57 12 1 134 81 8 1 113 55 15 1 127 83 1 1 0 0 0 0 134 77 12 1 133 90 44 1 141 78 14 1 115 83 9 1 0 0 0 0 157 92 20 1 150 83 35 1 135 67 44 1 147 74 25 1 115 52 19 1 90 49 16 1 153 67 31 1 152 79 37 1 149 93 15 1 176 102 44 1 170 98 25 1 0 0 0 0 145 83 16 1 156 110 39 1 188 103 40 1 167 84 19 1 135 73 0 1 132 77 0 1 0 0 0 0 132 69 7 1 104 47 0 1 101 25 12 1 131 60 14 1 124 58 0 1 158 67 5 1 151 81 23 1 0 0 0 0 146 82 27 1 166 81 50 1 151 95 46 1 146 53 14 1 112 57 8 1 111 34 0 1 123 48 0 1 118 38 10 1 101 48 0 1 130 65 0 1 129 65 0 1 132 66 22 1 181 76 29 1 184 118 43 1 174 93 11 1 164 83 30 1 164 90 18 1 168 70 5 1 166 101 38 1 160 101 11 1
134 107 44 1 142 101 40 1 162 86 28 1 126 107 26 1 130 67 34 1 91 54 0 1 111 55 0 1 130 45 12 1 149 84 23 1 142 90 26 1 130 57 10 1 138 88 22 1 161 59 42 1 144 90 36 1 137 83 25 1 126 80 39 1 159 70 43 1 136 81 35 1 126 88 28 1 124 86 54 1 119 57 19 1 135 50 14 1 163 88 38 1 140 75 29 1 161 84 24 1 171 85 37 1 0 0 0 0 179 115 41 1 0 0 0 0 158 79 11 1 156 94 16 1 186 106 21 1 160 92 13 1 149 74 19 1 148 59 0 1 0 0 0 0 125 70 0 1 131 69 9 1 146 94 37 1 173 88 59 1 0 0 0 0 146 103 49 1 178 71 1 1 127 63 14 1 176 86 28 1 172 99 23 1 129 39 0 1 117 16 12 1 101 60 10 1 109 43 0 1 106 38 20 1 137 49 41 1 113 59 20 1 135 39 3 1 128 92 7 1 120 81 19 1 132 63 8 1 153 69 18 1 174 99 39 1 139 80 17 1 128 95 17 1 156 91 0 1 179 98 27 1 182 102 21 1
173 122 66 1 161 96 28 1 126 62 40 1 117 62 29 1 133 75 8 1 116 64 21 1 128 87 10 1 113 84 54 1 149 97 9 1 132 81 7 1 145 85 12 1 134 101 34 1 141 92 22 1 128 99 48 1 167 124 57 1 141 109 49 1 165 110 37 1 124 78 32 1 126 76 34 1 110 73 36 1 151 86 55 1 157 97 45 1 166 91 16 1 127 80 49 1 0 0 0 0 129 64 21 1 134 80 15 1 0 0 0 0 147 74 37 1 151 69 0 1 134 64 28 1 152 106 40 1 162 118 26 1 149 103 13 1 187 77 4 1 180 110 41 1 149 123 49 1 178 144 68 1 175 119 62 1 178 85 41 1 156 91 28 1 142 66 6 1 136 89 28 1 118 62 58 1 129 87 0 1 0 0 0 0 105 27 0 1 142 55 29 1 107 63 8 1 113 35 15 1 135 42 4 1 144 63 18 1 141 45 25 1 0 0 0 0 139 65 48 1 154 82 34 1 0 0 0 0 164 90 8 1 154 82 27 1 174 112 25 1 163 112 24 1 165 78 23 1 132 85 9 1 169 67 19 1
155 95 61 1 132 53 30 1 131 49 14 1 112 55 14 1 133 63 20 1 123 91 7 1 115 42 0 1 108 59 2 1 147 67 29 1 0 0 0 0 131 67 19 1 143 101 41 1 145 92 43 1 0 0 0 0 136 77 43 1 112 53 0 1 132 73 44 1 137 90 44 1 135 107 24 1 143 81 46 1 0 0 0 0 117 82 47 1 123 61 53 1 145 88 12 1 118 53 15 1 162 88 14 1 129 64 32 1 135 69 19 1 148 89 19 1 119 51 23 1 149 58 0 1 173 96 31 1 164 62 34 1 201 120 18 1 171 134 42 1 162 100 27 1 155 107 28 1 150 100 21 1 118 37 1 1 86 27 16 1 0 0 0 0 120 68 10 1 136 61 7 1 141 57 18 1 143 57 27 1 115 56 19 1 0 0 0 0 99 31 16 1 124 72 33 1 131 49 0 1 135 73 19 1 142 67 29 1 117 53 11 1 112 50 0 1 120 53 2 1 132 67 6 1 130 81 0 1 93 18 0 1 127 53 10 1 144 89 14 1 160 81 5 1 156 50 1 1 139 94 2 1 117 59 7 1
137 108 13 1 0 0 0 0 128 82 22 1 0 0 0 0 128 71 23 1 125 78 19 1 111 86 1 1 137 50 11 1 146 96 13 1 140 106 41 1 0 0 0 0 0 0 0 0 155 96 38 1 145 128 31 1 130 89 13 1 117 48 1 1 142 84 41 1 126 81 40 1 127 90 49 1 0 0 0 0 110 74 37 1 129 64 44 1 113 44 7 1 114 38 14 1 123 49 21 1 122 40 14 1 0 0 0 0 125 43 18 1 102 23 9 1 90 14 0 1 93 33 9 1 99 63 13 1 98 67 12 1 158 66 21 1 176 62 25 1 149 55 5 1 128 91 32 1 0 0 0 0 130 83 7 1 107 70 4 1 103 68 10 1 165 119 25 1 153 99 37 1 156 70 21 1 139 75 53 1 124 69 33 1 70 1 9 1 0 0 0 0 132 68 30 1 133 60 4 1 141 78 11 1 118 53 0 1 116 42 10 1 94 0 0 1 143 47 14 1 147 77 18 1 161 71 17 1 139 67 0 1 134 84 22 1 182 87 29 1 183 79 27 1 132 82 33 1 148 56 22 1 156 52 5 1
109 81 23 1 119 100 50 1 153 112 54 1 148 73 42 1 111 86 21 1 124 68 24 1 122 47 6 1 142 72 7 1 146 108 39 1 129 78 31 1 144 88 40 1 0 0 0 0 147 73 18 1 0 0 0 0 115 53 22 1 101 65 0 1 134 99 28 1 124 103 12 1 123 68 27 1 136 70 22 1 113 64 0 1 132 87 31 1 135 82 25 1 120 67 3 1 119 48 0 1 103 45 10 1 94 31 8 1 140 44 11 1 85 40 0 1 83 25 3 1 111 37 14 1 131 58 0 1 117 54 0 1 149 90 21 1 160 105 32 1 166 66 45 1 177 106 34 1 165 94 11 1 171 72 23 1 168 86 16 1 175 102 33 1 144 45 0 1 0 0 0 0 134 81 31 1 173 102 41 1 161 99 67 1 101 37 14 1 104 40 4 1 95 42 20 1 120 84 11 1 148 84 11 1 137 81 0 1 0 0 0 0 86 41 0 1 138 57 23 1 131 81 46 1 130 78 18 1 105 57 0 1 134 45 25 1 180 59 15 1 0 0 0 0 124 34 31 1 107 53 0 1 141 59 16 1
140 72 31 1 95 58 31 1 102 23 10 1 80 33 15 1 89 59 0 1 115 54 5 1 146 70 29 1 170 94 41 1 0 0 0 0 123 95 51 1 164 137 58 1 131 96 24 1 0 0 0 0 0 0 0 0 133 48 7 1 122 76 4 1 120 105 35 1 157 95 31 1 143 68 26 1 125 82 39 1 142 90 55 1 136 90 19 1 118 85 26 1 113 77 21 1 122 73 30 1 99 66 20 1 98 38 7 1 108 31 23 1 87 47 0 1 115 46 8 1 104 41 23 1 103 59 1 1 140 84 39 1 173 96 26 1 122 52 0 1 111 39 1 1 102 38 0 1 106 63 0 1 187 77 33 1 163 96 30 1 98 52 3 1 106 48 0 1 105 59 0 1 132 95 43 1 182 112 54 1 142 96 43 1 103 56 29 1 101 40 0 1 92 40 4 1 128 57 23 1 118 49 13 1 0 0 0 0 103 49 0 1 107 32 0 1 107 42 17 1 142 54 13 1 0 0 0 0 137 60 9 1 138 92 31 1 134 70 35 1 139 54 21 1 130 65 42 1 123 63 3 1 131 49 34 1
133 98 42 1 110 60 23 1 109 43 5 1 96 49 0 1 79 53 0 1 98 76 18 1 171 103 38 1 0 0 0 0 114 73 25 1 135 77 42 1 142 78 52 1 150 95 10 1 119 72 55 1 119 55 23 1 130 77 34 1 120 51 0 1 108 45 0 1 98 63 43 1 122 84 40 1 138 62 38 1 0 0 0 0 119 95 38 1 129 60 39 1 95 70 7 1 107 43 2 1 102 20 15 1 89 49 2 1 112 68 31 1 114 65 9 1 94 44 24 1 121 81 30 1 141 62 50 1 135 78 27 1 122 49 0 1 130 36 0 1 103 33 0 1 0 0 0 0 108 86 0 1 147 83 31 1 142 93 56 1 106 51 0 1 90 27 7 1 97 52 20 1 154 111 45 1 139 118 51 1 149 82 36 1 106 20 0 1 113 24 11 1 0 0 0 0 122 48 30 1 122 56 5 1 135 68 0 1 123 58 13 1 119 83 9 1 161 82 12 1 145 109 38 1 156 50 41 1 134 50 24 1 117 87 8 1 160 41 7 1 150 67 24 1 175 62 12 1 136 39 20 1 143 73 9 1
91 35 2 1 105 47 19 1 113 29 24 1 91 66 13 1 88 21 0 1 125 66 48 1 157 89 91 1 140 98 47 1 143 50 43 1 107 69 33 1 104 64 33 1 128 88 24 1 111 43 58 1 128 55 0 1 93 61 6 1 0 0 0 0 131 28 6 1 112 62 2 1 104 45 0 1 141 65 20 1 114 76 23 1 123 61 42 1 96 57 17 1 136 33 17 1 93 39 33 1 109 44 15 1 0 0 0 0 99 65 9 1 147 59 48 1 106 75 37 1 117 54 21 1 127 72 7 1 126 81 29 1 115 56 0 1 102 75 0 1 108 50 10 1 126 82 0 1 148 107 20 1 0 0 0 0 113 76 16 1 148 64 34 1 122 26 0 1 109 35 0 1 119 79 4 1 145 82 28 1 0 0 0 0 118 36 15 1 106 49 8 1 148 93 23 1 125 68 29 1 0 0 0 0 148 93 31 1 117 78 25 1 116 61 1 1 148 118 47 1 157 85 25 1 126 53 0 1 142 75 0 1 142 72 0 1 118 64 0 1 148 77 6 1 130 43 0 1 129 54 4 1 150 54 16 1
90 57 35 1 72 37 13 1 108 66 5 1 110 70 12 1 82 35 0 1 96 48 10 1 105 105 34 1 137 84 24 1 105 41 18 1 102 39 0 1 0 0 0 0 0 0 0 0 129 93 37 1 125 103 7 1 114 58 0 1 119 54 5 1 109 47 30 1 121 66 19 1 105 63 0 1 111 44 16 1 140 84 16 1 111 48 11 1 75 25 0 1 58 39 0 1 80 31 16 1 110 80 51 1 118 48 61 1 66 40 0 1 104 54 9 1 101 55 0 1 0 0 0 0 0 0 0 0 144 90 5 1 129 46 2 1 0 0 0 0 119 72 18 1 121 69 20 1 174 106 30 1 145 91 0 1 130 63 0 1 169 93 32 1 144 67 18 1 94 48 0 1 80 75 2 1 136 62 49 1 138 85 43 1 100 85 31 1 114 82 52 1 138 83 64 1 114 60 23 1 97 46 0 1 112 47 4 1 133 44 0 1 107 62 46 1 173 95 30 1 140 64 0 1 109 43 5 1 138 102 13 1 141 94 16 1 163 80 9 1 148 69 27 1 163 59 10 1 0 0 0 0 137 81 18 1
89 50 13 1 89 74 24 1 88 30 37 1 84 29 15 1 69 48 4 1 105 64 29 1 154 101 82 1 151 68 56 1 114 80 22 1 132 64 38 1 76 51 10 1 109 55 0 1 0 0 0 0 0 0 0 0 110 80 27 1 98 49 20 1 106 60 22 1 129 67 10 1 91 44 9 1 50 26 0 1 88 53 19 1 107 66 33 1 80 53 0 1 95 45 19 1 115 47 26 1 0 0 0 0 0 0 0 0 109 31 0 1 115 50 14 1 96 74 0 1 132 75 7 1 137 75 45 1 118 78 1 1 120 63 45 1 133 90 27 1 133 59 29 1 146 68 38 1 157 108 47 1 0 0 0 0 99 26 2 1 148 91 46 1 117 89 15 1 106 47 26 1 102 13 0 1 130 75 36 1 140 95 44 1 0 0 0 0 101 69 11 1 83 50 12 1 95 32 5 1 0 0 0 0 122 44 23 1 0 0 0 0 143 67 21 1 134 85 9 1 91 28 1 1 95 27 12 1 136 107 24 1 146 113 11 1 153 113 6 1 139 83 20 1 159 110 16 1 170 76 18 1 159 103 3 1
91 49 28 1 109 56 43 1 62 21 14 1 85 68 2 1 95 58 49 1 130 119 73 1 178 145 122 1 138 128 61 1 103 80 25 1 140 47 38 1 98 55 0 1 102 58 19 1 101 68 39 1 112 75 49 1 124 66 29 1 117 76 57 1 116 38 35 1 106 85 18 1 118 64 7 1 120 34 7 1 70 35 0 1 95 9 0 1 0 0 0 0 76 39 4 1 76 21 9 1 93 46 0 1 126 88 55 1 117 71 43 1 145 72 39 1 135 80 18 1 138 108 27 1 138 97 32 1 117 54 0 1 133 61 18 1 103 63 15 1 107 39 0 1 148 103 29 1 172 99 52 1 109 55 0 1 96 39 0 1 111 53 19 1 167 69 46 1 127 79 5 1 114 46 5 1 0 0 0 0 110 44 15 1 124 55 0 1 131 77 19 1 99 62 10 1 0 0 0 0 118 41 15 1 128 84 14 1 115 72 23 1 162 107 43 1 121 64 27 1 88 37 0 1 149 88 15 1 164 95 11 1 141 77 3 1 155 107 6 1 146 61 0 1 135 55 0 1 147 61 17 1 0 0 0 0
95 60 21 1 107 60 37 1 83 29 16 1 46 51 24 1 124 79 41 1 132 111 78 1 142 128 81 1 79 66 36 1 50 40 9 1 90 53 17 1 55 34 12 1 89 50 23 1 0 0 0 0 93 57 11 1 103 57 32 1 116 70 23 1 137 66 19 1 0 0 0 0 140 71 8 1 126 57 11 1 79 48 0 1 0 0 0 0 98 45 12 1 101 53 23 1 50 30 9 1 51 52 0 1 106 46 35 1 129 78 41 1 111 71 18 1 117 55 10 1 126 87 43 1 123 85 25 1 97 53 0 1 111 72 20 1 105 47 5 1 86 48 0 1 121 65 48 1 153 88 40 1 74 48 10 1 123 31 3 1 106 48 11 1 118 65 26 1 115 55 14 1 96 37 5 1 96 64 0 1 109 31 11 1 115 35 0 1 140 73 14 1 153 53 26 1 98 17 0 1 81 6 0 1 113 49 13 1 143 96 35 1 157 92 28 1 145 76 30 1 160 77 6 1 155 101 27 1 152 99 34 1 184 120 4 1 160 83 0 1 0 0 0 0 160 62 0 1 152 76 0 1 129 76 0 1
62 50 19 1 84 41 6 1 99 66 37 1 73 62 30 1 85 74 22 1 111 88 36 1 0 0 0 0 0 0 0 0 93 79 6 1 116 70 43 1 0 0 0 0 60 43 0 1 67 39 25 1 79 41 22 1 89 45 0 1 68 26 0 1 89 62 16 1 117 55 9 1 129 63 0 1 108 40 0 1 124 82 32 1 122 71 22 1 132 51 25 1 147 54 51 1 114 44 27 1 95 51 0 1 96 44 27 1 126 63 11 1 102 67 10 1 128 68 18 1 144 78 38 1 122 77 1 1 138 71 30 1 108 77 0 1 126 67 7 1 109 38 0 1 0 0 0 0 117 63 29 1 105 41 0 1 126 55 19 1 0 0 0 0 129 67 29 1 146 50 23 1 120 39 6 1 109 61 17 1 117 43 25 1 122 71 24 1 143 61 53 1 117 60 13 1 123 55 7 1 120 27 0 1 125 73 46 1 118 81 55 1 114 29 5 1 108 30 10 1 152 89 22 1 157 102 34 1 176 111 9 1 156 73 0 1 153 94 5 1 135 77 4 1 149 94 4 1 158 97 24 1 116 96 0 1
74 38 6 1 80 40 36 1 79 51 33 1 72 47 34 1 0 0 0 0 107 53 45 1 107 76 25 1 89 54 21 1 0 0 0 0 87 47 20 1 88 42 18 1 66 38 23 1 69 15 16 1 89 34 32 1 68 43 42 1 58 45 15 1 43 31 13 1 75 16 15 1 59 44 12 1 76 18 16 1 77 38 40 1 83 12 20 1 97 45 5 1 123 69 20 1 116 56 32 1 127 73 24 1 0 0 0 0 136 77 17 1 75 66 16 1 133 67 49 1 136 29 21 1 114 75 27 1 144 91 5 1 97 41 12 1 112 72 34 1 109 57 13 1 128 49 24 1 98 24 0 1 120 54 13 1 114 60 0 1 117 55 8 1 0 0 0 0 103 52 0 1 97 81 5 1 140 75 16 1 118 31 0 1 119 53 16 1 118 53 3 1 135 67 3 1 160 92 18 1 134 90 21 1 160 68 19 1 142 58 20 1 117 71 25 1 129 73 0 1 118 68 13 1 142 80 37 1 150 83 22 1 126 82 19 1 161 82 26 1 151 96 14 1 152 116 19 1 153 77 34 1 108 76 7 1
101 52 38 1 76 69 43 1 69 46 22 1 88 47 34 1 71 44 23 1 89 22 20 1 96 51 50 1 63 56 23 1 88 73 25 1 85 56 13 1 88 30 13 1 51 47 8 1 0 0 0 0 58 36 30 1 72 41 14 1 66 24 16 1 59 46 0 1 65 41 0 1 75 20 0 1 0 0 0 0 76 59 0 1 60 22 14 1 101 36 16 1 88 45 0 1 111 12 16 1 80 25 0 1 0 0 0 0 100 36 11 1 109 62 5 1 114 72 0 1 83 7 6 1 99 23 0 1 120 40 0 1 112 63 13 1 121 58 1 1 89 17 5 1 103 48 1 1 123 56 25 1 124 60 40 1 147 78 21 1 116 75 27 1 117 57 0 1 113 87 12 1 153 106 26 1 110 35 0 1 93 52 0 1 128 86 16 1 120 43 0 1 106 53 6 1 117 73 0 1 125 40 2 1 143 74 21 1 156 82 39 1 156 103 16 1 123 57 10 1 122 45 0 1 138 77 36 1 132 75 2 1 129 63 16 1 107 47 0 1 105 57 11 1 140 65 21 1 133 79 14 1 136 62 0 1
75 38 26 1 77 58 33 1 96 61 10 1 73 53 11 1 82 24 8 1 84 35 26 1 74 72 41 1 81 57 28 1 86 58 46 1 68 14 23 1 62 22 0 1 67 30 0 1 95 13 14 1 60 22 0 1 46 29 0 1 59 17 17 1 55 32 19 1 61 15 8 1 69 13 0 1 78 0 0 1 79 26 22 1 50 38 27 1 90 34 0 1 101 51 7 1 85 33 0 1 0 0 0 0 96 58 44 1 109 101 26 1 113 69 21 1 116 29 0 1 73 22 0 1 108 62 2 1 133 65 31 1 121 51 30 1 114 60 0 1 111 59 24 1 103 51 0 1 138 80 46 1 0 0 0 0 144 92 44 1 139 92 21 1 109 50 0 1 115 40 2 1 141 75 6 1 112 38 30 1 107 36 0 1 132 55 27 1 129 73 18 1 110 71 27 1 129 84 32 1 103 49 28 1 106 53 2 1 96 40 0 1 95 40 2 1 100 62 0 1 110 33 0 1 124 83 33 1 121 48 0 1 139 54 25 1 140 84 31 1 113 78 23 1 146 86 31 1 142 74 37 1 126 86 39 1
74 46 36 1 80 54 5 1 96 37 21 1 61 32 21 1 86 18 39 1 0 0 0 0 96 49 48 1 86 55 25 1 85 61 33 1 75 27 9 1 0 0 0 0 50 18 22 1 79 21 13 1 54 33 0 1 45 22 11 1 69 32 11 1 49 31 0 1 51 43 0 1 66 35 16 1 71 14 7 1 79 34 12 1 98 39 22 1 62 49 26 1 79 60 5 1 90 51 3 1 115 59 26 1 118 56 48 1 135 77 23 1 81 34 0 1 92 44 14 1 131 71 25 1 142 87 66 1 108 70 25 1 99 55 0 1 107 33 20 1 133 83 33 1 105 96 20 1 129 79 33 1 0 0 0 0 122 91 44 1 124 113 34 1 129 58 6 1 121 84 4 1 114 93 17 1 0 0 0 0 135 55 40 1 145 80 21 1 139 68 24 1 140 61 14 1 103 60 0 1 73 43 28 1 80 13 4 1 49 0 22 1 88 0 9 1 100 43 0 1 110 49 0 1 112 51 8 1 0 0 0 0 141 99 30 1 121 77 46 1 141 74 10 1 115 72 0 1 125 70 21 1 0 0 0 0
66 29 28 1 78 38 35 1 69 50 32 1 83 15 24 1 86 26 0 1 67 11 27 1 59 36 15 1 77 49 31 1 106 68 44 1 86 46 20 1 68 44 18 1 82 23 4 1 58 30 6 1 58 27 0 1 59 35 1 1 76 12 13 1 57 22 22 1 55 29 9 1 71 31 11 1 72 28 24 1 81 39 15 1 77 17 0 1 79 54 6 1 96 39 6 1 69 38 6 1 94 45 28 1 95 20 26 1 87 35 0 1 87 23 0 1 98 55 26 1 150 100 47 1 128 51 27 1 108 16 9 1 123 66 6 1 90 94 28 1 140 75 46 1 101 51 22 1 95 32 0 1 69 30 11 1 0 0 0 0 110 61 12 1 119 46 10 1 130 69 35 1 135 66 18 1 134 67 5 1 109 49 7 1 114 81 21 1 100 73 0 1 108 36 5 1 63 26 0 1 74 8 5 1 76 53 16 1 76 46 0 1 110 38 0 1 114 79 18 1 135 81 25 1 99 67 23 1 124 67 15 1 0 0 0 0 86 41 0 1 98 17 15 1 105 39 6 1 88 40 34 1 129 50 19 1
75 34 30 1 80 28 10 1 77 30 26 1 76 19 17 1 0 0 0 0 0 0 0 0 71 14 14 1 63 35 0 1 0 0 0 0 93 48 27 1 52 29 24 1 74 60 19 1 91 32 18 1 81 63 0 1 86 56 12 1 96 53 11 1 88 40 18 1 78 19 0 1 67 6 0 1 78 47 11 1 75 54 18 1 68 45 0 1 71 43 5 1 0 0 0 0 0 0 0 0 97 50 18 1 101 39 0 1 90 25 7 1 0 0 0 0 128 70 32 1 110 39 10 1 119 47 14 1 148 57 15 1 142 42 32 1 0 0 0 0 103 60 32 1 95 65 0 1 100 53 14 1 90 34 10 1 111 65 7 1 130 63 33 1 112 58 8 1 121 83 1 1 113 55 26 1 104 55 11 1 93 27 0 1 0 0 0 0 93 62 9 1 137 63 57 1 94 38 10 1 90 17 0 1 58 6 7 1 93 49 4 1 95 34 26 1 88 60 16 1 126 45 0 1 138 54 5 1 103 69 10 1 123 41 34 1 0 0 0 0 89 59 0 1 107 32 13 1 105 60 1 1 99 48 7 1
91 51 6 1 0 0 0 0 49 24 33 1 51 11 20 1 55 36 1 1 0 0 0 0 69 13 22 1 86 14 8 1 67 38 27 1 90 67 23 1 70 59 17 1 84 56 33 1 84 70 36 1 125 49 14 1 91 49 27 1 94 54 50 1 89 97 37 1 42 28 0 1 62 17 0 1 82 28 13 1 89 41 8 1 85 16 27 1 87 30 37 1 79 24 31 1 72 52 3 1 59 27 0 1 79 51 0 1 116 21 4 1 0 0 0 0 75 62 13 1 125 57 21 1 118 62 31 1 132 71 24 1 114 39 19 1 87 59 13 1 128 76 4 1 88 77 41 1 124 93 22 1 0 0 0 0 159 115 72 1 184 134 73 1 0 0 0 0 150 92 66 1 128 64 21 1 109 74 42 1 127 62 34 1 105 17 0 1 118 52 23 1 128 88 65 1 109 51 13 1 85 47 19 1 0 0 0 0 93 44 3 1 77 51 11 1 81 53 0 1 97 47 49 1 94 55 37 1 71 20 9 1 70 42 9 1 99 27 7 1 105 45 0 1 111 53 7 1 107 44 17 1 0 0 0 0
87 62 21 1 76 25 39 1 60 37 31 1 67 18 29 1 67 22 14 1 0 0 0 0 62 16 0 1 53 15 2 1 69 40 0 1 81 23 24 1 53 10 0 1 73 28 26 1 76 36 25 1 74 27 24 1 58 29 0 1 50 39 0 1 53 24 9 1 0 0 0 0 78 10 17 1 93 35 17 1 84 31 0 1 75 27 16 1 0 0 0 0 83 60 12 1 73 7 0 1 65 0 1 1 100 41 15 1 136 41 59 1 124 77 9 1 136 61 51 1 171 105 59 1 152 80 35 1 111 56 20 1 0 0 0 0 140 83 36 1 151 107 62 1 148 124 84 1 156 109 49 1 149 78 30 1 124 79 24 1 130 68 40 1 116 49 19 1 101 50 1 1 71 30 14 1 96 54 18 1 138 46 30 1 97 49 0 1 75 24 15 1 105 41 0 1 122 71 17 1 89 16 1 1 106 48 39 1 88 48 35 1 91 33 23 1 76 44 6 1 108 23 21 1 79 42 31 1 50 5 0 1 67 37 11 1 103 60 19 1 129 47 25 1 101 43 15 1 99 33 1 1 82 48 17 1
88 77 30 1 64 33 44 1 76 5 0 1 73 29 11 1 70 40 32 1 63 30 21 1 72 16 0 1 0 0 0 0 40 0 17 1 54 13 4 1 0 0 0 0 59 33 2 1 71 62 4 1 70 43 51 1 84 57 9 1 67 28 0 1 50 39 18 1 73 10 7 1 60 21 29 1 61 36 20 1 74 47 29 1 77 52 6 1 67 60 24 1 86 21 5 1 59 43 23 1 106 69 44 1 113 63 30 1 92 57 17 1 71 41 36 1 83 35 0 1 82 34 0 1 93 47 5 1 84 14 0 1 72 41 0 1 82 24 0 1 0 0 0 0 111 43 0 1 108 53 19 1 0 0 0 0 92 29 10 1 0 0 0 0 79 28 0 1 104 58 3 1 99 48 27 1 112 36 31 1 92 38 1 1 104 32 27 1 108 0 19 1 103 30 0 1 120 59 7 1 124 71 20 1 93 45 25 1 90 51 22 1 84 24 26 1 0 0 0 0 64 48 54 1 49 9 3 1 78 13 2 1 68 19 11 1 98 51 0 1 104 79 40 1 122 72 15 1 80 29 0 1 121 22 0 1
127 74 36 1 66 35 25 1 63 10 0 1 89 39 8 1 74 37 19 1 55 34 4 1 91 48 10 1 54 20 30 1 46 17 0 1 40 35 13 1 63 12 5 1 76 46 0 1 52 57 0 1 78 52 15 1 83 41 31 1 76 24 13 1 60 24 0 1 46 26 1 1 69 22 7 1 54 29 10 1 78 37 13 1 0 0 0 0 0 0 0 0 72 39 14 1 92 45 12 1 89 30 30 1 99 31 7 1 91 19 0 1 80 43 0 1 65 44 0 1 75 26 5 1 80 31 6 1 62 8 0 1 84 11 9 1 89 38 15 1 0 0 0 0 103 35 0 1 92 47 0 1 98 33 0 1 90 36 0 1 69 50 3 1 106 55 9 1 97 62 12 1 96 48 35 1 139 57 29 1 105 52 30 1 120 52 23 1 112 59 33 1 121 47 0 1 64 20 0 1 106 51 0 1 101 61 8 1 86 56 0 1 91 39 5 1 93 24 36 1 78 33 31 1 51 39 0 1 79 7 0 1 45 24 16 1 84 45 3 1 99 69 13 1 131 48 25 1 100 67 20 1 115 80 1 1
0 0 0 0 80 35 23 1 54 46 44 1 76 31 16 1 50 27 8 1 68 23 5 1 57 41 29 1 0 0 0 0 73 10 0 1 60 35 4 1 82 40 20 1 67 47 22 1 60 28 0 1 49 40 24 1 73 44 12 1 65 32 0 1 46 35 7 1 0 0 0 0 61 42 13 1 55 21 7 1 32 75 2 1 58 55 13 1 81 32 13 1 71 1 17 1 76 33 4 1 84 35 5 1 61 33 32 1 68 30 0 1 63 30 11 1 59 35 25 1 85 19 0 1 0 0 0 0 85 35 12 1 95 44 14 1 90 37 4 1 74 47 15 1 90 36 15 1 118 44 0 1 114 60 17 1 90 38 24 1 121 28 9 1 78 50 12 1 93 36 0 1 120 44 1 1 0 0 0 0 143 52 8 1 138 62 50 1 0 0 0 0 87 23 4 1 0 0 0 0 59 22 24 1 121 58 18 1 100 40 21 1 72 13 19 1 59 23 12 1 81 37 7 1 64 6 26 1 23 19 0 1 53 16 0 1 87 37 13 1 111 45 3 1 136 65 11 1 134 55 36 1 0 0 0 0
50 39 15 1 89 58 48 1 82 37 23 1 80 37 22 1 59 60 21 1 87 38 23 1 82 40 6 1 56 15 9 1 40 15 4 1 43 34 9 1 68 13 18 1 75 4 28 1 56 47 7 1 50 17 24 1 61 29 43 1 45 30 14 1 72 33 7 1 57 26 8 1 60 26 6 1 0 0 0 0 73 36 14 1 77 47 0 1 49 38 10 1 0 0 0 0 68 28 0 1 0 0 0 0 71 33 12 1 79 25 11 1 78 36 12 1 76 63 12 1 93 14 8 1 0 0 0 0 96 29 20 1 58 7 0 1 65 49 0 1 87 39 23 1 102 36 6 1 101 49 19 1 77 57 14 1 87 60 0 1 91 50 21 1 80 36 5 1 90 40 1 1 121 43 0 1 114 62 16 1 88 52 11 1 90 53 0 1 91 69 0 1 79 16 30 1 64 5 0 1 98 36 0 1 105 48 20 1 78 56 30 1 58 11 9 1 89 31 9 1 87 36 19 1 98 33 0 1 45 0 2 1 65 40 8 1 98 58 11 1 115 41 44 1 104 37 31 1 140 74 36 1 133 80 1 1
54 18 20 1 98 68 39 1 84 46 43 1 49 29 15 1 0 0 0 0 83 53 19 1 58 49 27 1 61 29 24 1 65 51 0 1 61 0 17 1 36 44 0 1 40 29 0 1 33 22 8 1 79 25 26 1 56 39 33 1 41 32 18 1 66 13 0 1 90 50 26 1 40 25 17 1 56 0 4 1 47 8 0 1 83 11 0 1 30 37 0 1 43 38 10 1 73 24 4 1 91 7 0 1 62 34 1 1 77 46 19 1 88 66 6 1 66 38 7 1 0 0 0 0 99 43 16 1 83 39 0 1 60 27 5 1 76 41 6 1 85 15 17 1 79 53 0 1 110 54 5 1 104 96 38 1 82 59 4 1 92 53 13 1 83 43 0 1 0 0 0 0 90 47 28 1 108 56 25 1 95 55 11 1 94 27 0 1 79 39 3 1 117 47 35 1 76 54 0 1 82 56 12 1 104 46 27 1 109 61 0 1 104 17 0 1 95 53 0 1 89 51 14 1 103 35 5 1 63 19 0 1 109 33 0 1 136 62 9 1 144 64 32 1 115 59 12 1 120 77 4 1 128 97 16 1
76 48 35 1 104 43 26 1 68 44 20 1 63 37 13 1 55 38 2 1 64 41 23 1 49 19 24 1 62 30 17 1 56 15 14 1 37 0 1 1 0 0 0 0 0 0 0 0 53 16 18 1 60 56 27 1 39 34 23 1 45 7 5 1 51 29 0 1 66 33 18 1 93 25 22 1 42 18 0 1 46 20 16 1 62 21 1 1 41 24 0 1 61 25 0 1 55 20 0 1 52 16 8 1 0 0 0 0 97 39 26 1 74 45 22 1 73 36 0 1 59 33 0 1 76 39 19 1 73 29 0 1 62 58 2 1 72 39 23 1 62 19 15 1 77 43 15 1 90 48 37 1 99 61 15 1 88 39 14 1 73 26 0 1 0 0 0 0 101 49 1 1 108 50 14 1 89 44 2 1 104 25 19 1 78 37 0 1 0 0 0 0 115 46 0 1 100 16 25 1 111 22 0 1 78 34 10 1 88 24 0 1 89 23 0 1 82 44 4 1 104 24 16 1 94 42 10 1 0 0 0 0 113 67 23 1 143 93 59 1 154 91 38 1 137 84 17 1 111 69 14 1 125 77 5 1
102 72 57 1 67 78 45 1 80 60 49 1 46 40 12 1 90 38 33 1 0 0 0 0 0 0 0 0 78 13 25 1 66 20 35 1 50 25 20 1 48 23 0 1 40 30 17 1 45 22 0 1 55 38 11 1 49 0 1 1 33 28 1 1 0 0 0 0 49 14 3 1 88 10 10 1 49 7 0 1 64 16 0 1 32 41 13 1 70 36 0 1 79 46 0 1 76 48 7 1 87 52 22 1 92 18 0 1 82 37 32 1 71 36 6 1 66 54 13 1 70 36 0 1 98 26 11 1 0 0 0 0 54 38 0 1 67 53 1 1 94 33 39 1 0 0 0 0 95 48 13 1 80 20 0 1 95 11 0 1 71 26 0 1 0 0 0 0 82 46 14 1 103 56 17 1 96 48 3 1 108 54 35 1 85 30 2 1 76 32 2 1 87 32 8 1 88 33 0 1 0 0 0 0 55 41 4 1 47 23 0 1 94 14 9 1 77 38 0 1 91 32 33 1 134 36 13 1 84 81 7 1 89 52 12 1 0 0 0 0 143 67 27 1 129 66 8 1 138 65 26 1 126 74 26 1
36 32 0 1 89 60 20 1 67 48 40 1 46 37 21 1 103 46 20 1 76 55 28 1 47 23 3 1 81 26 40 1 30 11 0 1 68 13 14 1 0 0 0 0 62 36 19 1 43 10 16 1 57 25 0 1 45 20 0 1 36 15 2 1 40 0 14 1 47 26 0 1 57 23 3 1 51 4 10 1 52 18 10 1 52 32 0 1 24 16 12 1 84 37 0 1 75 35 36 1 57 8 10 1 54 24 0 1 77 22 9 1 82 33 0 1 74 32 14 1 89 24 2 1 88 24 0 1 95 24 0 1 0 0 0 0 92 32 48 1 101 59 49 1 87 74 27 1 84 39 0 1 88 34 0 1 87 27 11 1 55 25 5 1 99 69 1 1 73 62 7 1 103 54 0 1 83 51 0 1 111 38 31 1 99 38 24 1 0 0 0 0 0 0 0 0 80 52 0 1 95 42 13 1 86 27 18 1 59 14 24 1 97 49 8 1 110 45 8 1 84 46 28 1 126 65 31 1 125 70 41 1 110 36 0 1 105 54 5 1 127 44 16 1 0 0 0 0 0 0 0 0 110 75 59 1
38 15 9 1 84 35 32 1 91 45 16 1 0 0 0 0 65 15 8 1 56 21 8 1 61 30 35 1 60 23 26 1 55 24 0 1 28 13 19 1 62 28 19 1 63 30 28 1 40 4 23 1 59 13 21 1 38 37 19 1 31 7 2 1 33 16 11 1 43 14 0 1 69 15 0 1 66 25 1 1 53 24 17 1 80 42 8 1 0 0 0 0 43 26 17 1 70 8 0 1 34 0 0 1 68 24 10 1 72 23 3 1 79 64 22 1 85 43 0 1 68 41 12 1 73 41 17 1 106 33 18 1 98 57 41 1 0 0 0 0 74 14 1 1 88 43 28 1 89 43 32 1 121 43 0 1 93 20 12 1 81 74 20 1 146 63 40 1 105 59 22 1 98 41 34 1 105 22 11 1 92 24 8 1 72 31 0 1 93 45 2 1 88 37 22 1 94 38 18 1 105 46 24 1 65 21 11 1 51 21 6 1 0 0 0 0 115 19 18 1 120 63 23 1 0 0 0 0 100 36 14 1 88 32 0 1 71 44 22 1 100 33 2 1 112 10 13 1 114 76 14 1 108 50 17 1
58 29 9 1 0 0 0 0 0 0 0 0 64 18 1 1 0 0 0 0 62 8 8 1 73 34 13 1 53 16 0 1 54 21 2 1 76 13 14 1 56 36 20 1 61 20 7 1 71 34 21 1 45 17 8 1 57 0 18 1 40 0 8 1 16 14 2 1 60 27 0 1 43 26 0 1 33 8 0 1 49 15 0 1 68 22 18 1 41 37 11 1 60 19 3 1 85 40 0 1 86 22 8 1 68 58 15 1 76 31 21 1 92 29 23 1 62 38 0 1 62 28 0 1 38 48 0 1 52 32 0 1 61 29 28 1 0 0 0 0 49 17 0 1 0 0 0 0 82 44 2 1 89 46 29 1 104 67 43 1 72 36 6 1 137 37 33 1 95 79 9 1 110 28 45 1 105 30 17 1 86 46 24 1 96 54 0 1 91 63 5 1 112 60 12 1 78 64 23 1 92 31 53 1 0 0 0 0 77 5 16 1 73 18 0 1 0 0 0 0 121 77 29 1 115 45 21 1 95 17 0 1 0 0 0 0 98 41 27 1 88 17 0 1 98 45 29 1 72 49 14 1 129 13 18 1
83 24 41 1 83 47 16 1 61 0 17 1 72 29 20 1 0 0 0 0 59 31 33 1 60 43 20 1 58 8 5 1 47 5 0 1 38 17 17 1 44 48 22 1 54 24 19 1 53 1 8 1 56 10 15 1 68 20 0 1 45 21 0 1 49 21 12 1 53 7 4 1 32 18 29 1 69 15 17 1 65 24 17 1 69 28 14 1 47 26 0 1 74 52 1 1 87 46 24 1 47 47 32 1 48 29 0 1 44 6 4 1 53 4 0 1 50 16 6 1 61 12 0 1 52 37 10 1 80 51 21 1 106 74 14 1 0 0 0 0 88 44 12 1 84 63 0 1 64 51 0 1 101 64 48 1 96 58 45 1 68 61 8 1 0 0 0 0 85 63 33 1 104 49 38 1 80 48 29 1 79 62 27 1 101 22 0 1 100 70 19 1 93 31 19 1 75 56 10 1 58 9 0 1 77 28 22 1 48 57 0 1 73 17 11 1 60 53 0 1 126 44 24 1 128 53 11 1 90 67 0 1 88 26 7 1 93 46 17 1 88 41 1 1 94 34 1 1 66 34 0 1 96 40 16 1
48 8 16 1 80 21 25 1 47 32 22 1 74 55 30 1 81 50 23 1 76 45 11 1 79 32 35 1 74 48 13 1 69 41 35 1 0 0 0 0 64 41 24 1 69 30 13 1 57 13 12 1 78 35 14 1 67 25 10 1 52 0 11 1 58 20 40 1 28 21 8 1 46 26 8 1 37 8 0 1 50 15 4 1 0 0 0 0 63 22 15 1 65 46 17 1 66 50 27 1 59 35 22 1 94 13 0 1 80 43 12 1 95 60 26 1 83 42 38 1 129 72 61 1 108 61 32 1 104 49 29 1 84 56 26 1 78 40 9 1 67 7 0 1 73 39 10 1 0 0 0 0 81 31 16 1 104 51 13 1 89 35 0 1 76 18 16 1 90 24 3 1 106 29 8 1 94 47 26 1 96 18 15 1 66 28 0 1 105 33 0 1 69 45 0 1 0 0 0 0 49 17 9 1 0 0 0 0 41 18 0 1 71 0 0 1 0 0 0 0 141 77 40 1 137 64 5 1 93 30 0 1 118 67 32 1 101 22 4 1 89 33 21 1 84 53 17 1 65 21 0 1 79 38 0 1
4 5 3 1 81 33 33 1 86 44 9 1 65 53 26 1 55 25 7 1 68 45 20 1 74 27 23 1 58 37 23 1 57 46 15 1 52 37 17 1 58 19 7 1 70 14 0 1 26 36 0 1 43 25 16 1 58 34 0 1 47 28 17 1 48 20 4 1 24 0 0 1 48 8 6 1 42 37 0 1 45 30 0 1 52 23 12 1 21 27 6 1 0 0 0 0 51 11 26 1 53 44 12 1 59 22 9 1 62 0 19 1 97 30 32 1 65 14 2 1 58 38 5 1 63 45 20 1 0 0 0 0 74 18 5 1 54 20 0 1 66 34 6 1 97 68 39 1 100 77 44 1 101 85 30 1 75 47 4 1 93 53 0 1 75 41 1 1 74 40 36 1 82 57 8 1 97 50 17 1 92 10 10 1 96 23 0 1 57 32 0 1 89 32 0 1 86 41 0 1 66 33 0 1 67 26 24 1 30 6 11 1 32 0 0 1 104 51 3 1 140 53 34 1 137 27 5 1 84 32 0 1 131 50 21 1 114 54 33 1 85 38 9 1 118 56 25 1 126 67 48 1 153 77 66 1
0 0 0 0 0 0 0 0 59 36 28 1 0 0 0 0 42 15 19 1 81 15 11 1 66 27 12 1 62 31 35 1 52 28 27 1 52 6 0 1 27 12 10 1 77 23 7 1 65 34 0 1 50 18 5 1 0 0 0 0 47 0 5 1 51 15 6 1 0 0 0 0 53 0 5 1 40 18 10 1 37 14 0 1 29 10 0 1 0 0 0 0 62 10 17 1 55 41 11 1 52 14 9 1 79 20 16 1 78 19 9 1 78 26 13 1 61 27 18 1 49 50 39 1 80 33 2 1 50 17 13 1 78 26 9 1 63 34 0 1 114 28 6 1 118 75 20 1 120 65 38 1 103 55 26 1 64 27 1 1 83 30 0 1 80 26 17 1 89 43 26 1 107 40 7 1 0 0 0 0 74 32 0 1 90 15 3 1 63 34 20 1 92 42 0 1 63 33 30 1 86 28 0 1 0 0 0 0 0 0 0 0 67 29 3 1 109 65 51 1 127 52 25 1 86 49 18 1 148 68 25 1 0 0 0 0 0 0 0 0 76 3 0 1 84 23 0 1 75 2 1 1 79 23 10 1
58 28 13 1 39 16 0 1 67 20 0 1 51 42 10 1 43 45 0 1 64 18 13 1 66 33 2 1 76 38 13 1 19 23 20 1 60 39 15 1 48 8 24 1 41 12 29 1 11 35 9 1 21 4 17 1 27 12 20 1 7 20 23 1 37 20 11 1 40 22 4 1 48 2 4 1 28 24 9 1 24 21 7 1 30 7 0 1 31 19 5 1 65 12 2 1 64 32 6 1 37 52 24 1 75 32 0 1 71 42 8 1 60 32 16 1 101 39 11 1 89 56 31 1 84 50 19 1 76 53 28 1 62 30 0 1 90 41 0 1 70 34 2 1 86 30 16 1 0 0 0 0 83 27 18 1 0 0 0 0 90 22 0 1 85 72 27 1 76 21 26 1 85 0 20 1 0 0 0 0 67 22 1 1 0 0 0 0 88 29 0 1 96 42 10 1 52 30 2 1 82 10 0 1 77 45 11 1 52 28 0 1 108 55 22 1 86 53 44 1 110 42 10 1 109 49 0 1 81 27 0 1 119 43 23 1 82 36 22 1 53 22 6 1 76 29 10 1 81 4 0 1 89 8 12 1
53 10 0 1 44 14 20 1 42 28 3 1 51 49 0 1 82 24 14 1 80 19 15 1 33 30 0 1 41 40 0 1 72 33 8 1 63 31 0 1 51 0 0 1 0 0 0 0 38 25 24 1 52 14 17 1 37 7 14 1 43 4 13 1 51 17 18 1 51 0 20 1 25 22 25 1 28 24 8 1 57 3 3 1 38 4 0 1 34 39 0 1 68 39 10 1 45 3 0 1 47 7 2 1 48 38 10 1 56 47 15 1 40 11 0 1 0 0 0 0 68 57 19 1 39 31 2 1 0 0 0 0 78 41 21 1 113 46 29 1 121 68 32 1 98 57 17 1 119 53 56 1 84 48 36 1 90 52 8 1 101 49 16 1 105 26 37 1 0 0 0 0 0 0 0 0 97 13 13 1 73 47 16 1 64 43 4 1 89 70 31 1 95 29 15 1 52 11 0 1 66 25 11 1 52 39 0 1 73 50 1 1 92 73 18 1 93 35 2 1 26 13 0 1 51 11 0 1 93 10 0 1 130 71 0 1 113 35 8 1 61 21 10 1 56 31 0 1 69 14 0 1 108 57 11 1
0 0 0 0 41 25 14 1 53 0 9 1 67 44 22 1 57 47 3 1 45 39 37 1 39 17 18 1 77 25 31 1 76 11 21 1 24 31 22 1 55 37 8 1 42 19 20 1 80 41 16 1 59 12 22 1 0 0 0 0 22 13 0 1 11 25 0 1 53 29 1 1 39 24 15 1 68 32 16 1 48 18 0 1 43 0 0 1 57 0 15 1 73 44 21 1 45 0 0 1 32 10 2 1 57 36 10 1 57 41 17 1 79 32 47 1 87 58 25 1 0 0 0 0 84 40 19 1 107 47 27 1 80 53 34 1 0 0 0 0 70 47 14 1 91 61 41 1 75 50 23 1 85 63 0 1 67 35 0 1 89 36 4 1 64 28 0 1 86 35 11 1 88 25 33 1 81 48 0 1 76 28 2 1 96 14 3 1 65 35 3 1 52 15 1 1 109 87 22 1 77 24 6 1 69 57 30 1 88 69 49 1 61 56 15 1 66 38 3 1 43 10 2 1 30 6 0 1 75 38 0 1 89 36 23 1 76 57 22 1 95 28 5 1 123 73 26 1 97 64 33 1 116 54 0 1
30 11 4 1 49 15 8 1 30 0 19 1 45 0 3 1 49 0 16 1 24 15 14 1 23 0 9 1 22 4 0 1 41 4 20 1 32 31 13 1 0 0 0 0 59 21 21 1 54 7 24 1 39 11 15 1 47 5 24 1 49 0 9 1 0 0 0 0 22 20 27 1 75 15 16 1 61 31 0 1 45 0 1 1 34 1 1 1 48 7 0 1 0 0 0 0 41 27 0 1 0 0 0 0 48 28 0 1 65 14 1 1 0 0 0 0 71 31 7 1 0 0 0 0 39 46 36 1 102 34 32 1 62 35 0 1 0 0 0 0 84 36 17 1 126 50 36 1 0 0 0 0 68 43 0 1 91 37 25 1 122 81 39 1 91 43 4 1 61 8 0 1 70 20 0 1 73 41 24 1 81 39 28 1 51 17 29 1 78 56 24 1 101 48 58 1 0 0 0 0 62 28 0 1 119 73 34 1 70 71 36 1 60 13 0 1 36 19 4 1 35 0 0 1 28 0 22 1 110 61 24 1 86 24 25 1 50 2 31 1 55 18 0 1 142 65 26 1 140 59 63 1 124 61 9 1
0 5 0 1 50 25 3 1 44 3 6 1 30 0 14 1 45 26 25 1 54 26 13 1 47 8 11 1 38 0 0 1 47 19 0 1 38 0 5 1 27 44 6 1 38 22 12 1 48 0 8 1 28 36 26 1 0 0 0 0 42 17 10 1 40 28 8 1 69 12 12 1 62 31 10 1 35 0 0 1 46 2 17 1 47 0 5 1 32 21 0 1 0 0 0 0 44 11 0 1 53 25 0 1 45 28 0 1 47 18 0 1 48 25 15 1 83 48 0 1 78 44 19 1 78 3 7 1 86 44 5 1 91 41 0 1 87 26 21 1 83 54 31 1 101 84 35 1 0 0 0 0 112 41 51 1 108 64 69 1 84 71 37 1 66 19 15 1 84 40 13 1 82 59 19 1 72 38 0 1 58 40 1 1 73 64 49 1 98 61 28 1 76 45 43 1 60 4 0 1 84 46 24 1 96 62 39 1 75 1 23 1 5 0 0 1 34 14 0 1 44 11 3 1 66 39 9 1 0 0 0 0 48 29 14 1 0 0 0 0 42 8 9 1 72 25 16 1 94 52 26 1 124 64 25 1
25 28 12 1 47 13 2 1 39 0 0 1 23 7 8 1 47 17 9 1 17 3 8 1 49 0 1 1 45 4 0 1 29 14 0 1 46 19 0 1 39 0 7 1 68 9 6 1 39 17 0 1 36 0 5 1 41 15 25 1 50 26 13 1 35 3 33 1 32 5 1 1 46 0 5 1 56 0 10 1 31 18 16 1 49 16 0 1 46 33 0 1 30 36 8 1 53 14 0 1 71 19 13 1 0 0 0 0 62 28 12 1 64 21 0 1 61 21 8 1 54 10 0 1 68 8 8 1 64 23 6 1 0 0 0 0 68 32 14 1 88 66 5 1 0 0 0 0 62 47 29 1 78 38 36 1 86 47 36 1 70 52 4 1 55 40 21 1 75 43 20 1 0 0 0 0 0 0 0 0 79 46 14 1 76 28 6 1 60 12 2 1 51 5 10 1 77 39 0 1 71 68 26 1 60 33 8 1 39 26 0 1 3 15 15 1 41 14 25 1 57 12 0 1 55 34 23 1 71 44 39 1 26 15 0 1 37 16 8 1 32 7 4 1 20 29 0 1 65 9 0 1 122 44 27 1
50 32 12 1 50 38 47 1 87 35 24 1 59 27 4 1 84 35 28 1 56 32 29 1 34 4 0 1 0 0 0 0 50 4 0 1 52 29 8 1 58 22 32 1 50 23 0 1 66 15 7 1 54 15 12 1 61 14 14 1 37 28 0 1 53 23 0 1 37 38 0 1 59 3 1 1 40 12 17 1 0 0 0 0 80 39 23 1 66 33 11 1 74 30 19 1 57 41 10 1 92 52 42 1 75 34 41 1 92 30 31 1 102 90 12 1 87 71 9 1 66 25 10 1 64 39 27 1 66 36 30 1 75 38 33 1 86 69 36 1 118 55 44 1 0 0 0 0 72 45 0 1 77 39 11 1 79 60 0 1 95 48 8 1 103 57 24 1 99 55 14 1 74 40 2 1 80 0 5 1 107 60 27 1 37 27 0 1 39 0 1 1 56 52 0 1 70 60 37 1 80 35 23 1 20 38 13 1 35 20 15 1 23 15 0 1 21 3 6 1 64 18 0 1 82 60 34 1 65 56 31 1 50 45 24 1 60 0 12 1 55 5 0 1 55 32 0 1 91 14 2 1 122 67 33 1
143 103 104 1 0 0 0 0 101 56 62 1 0 0 0 0 0 0 0 0 80 39 38 1 90 32 27 1 75 37 0 1 23 34 25 1 58 47 0 1 37 34 22 1 70 6 0 1 48 26 6 1 60 33 19 1 45 38 18 1 37 23 0 1 41 12 8 1 30 17 0 1 66 31 0 1 42 19 3 1 66 35 11 1 43 17 4 1 41 30 38 1 66 32 2 1 77 48 0 1 80 21 0 1 45 35 8 1 78 23 0 1 62 39 12 1 53 22 0 1 0 0 0 0 120 41 20 1 51 16 6 1 106 106 46 1 114 63 27 1 106 50 27 1 98 54 0 1 72 46 0 1 70 37 18 1 84 30 32 1 88 43 15 1 85 26 25 1 66 32 31 1 72 25 0 1 64 22 28 1 52 6 21 1 62 41 19 1 55 61 7 1 87 56 38 1 80 42 13 1 27 18 0 1 14 0 0 1 1 0 3 1 19 7 17 1 20 5 0 1 38 1 3 1 66 46 10 1 74 7 0 1 53 32 17 1 46 12 0 1 31 18 0 1 75 30 6 1 79 35 16 1 89 43 34 1
145 121 106 1 135 96 71 1 0 0 0 0 121 86 33 1 80 53 22 1 80 41 42 1 87 44 48 1 56 51 38 1 86 42 26 1 58 49 0 1 0 0 0 0 66 53 29 1 72 58 33 1 79 36 44 1 75 29 20 1 70 49 3 1 0 0 0 0 68 14 29 1 72 43 36 1 93 52 26 1 86 25 32 1 76 30 0 1 79 40 22 1 102 47 19 1 96 46 42 1 61 0 14 1 72 33 0 1 85 29 29 1 73 42 34 1 44 60 5 1 99 54 25 1 86 54 26 1 79 46 43 1 105 64 27 1 48 55 6 1 70 41 17 1 102 27 23 1 88 48 33 1 103 57 19 1 84 64 14 1 72 62 19 1 0 0 0 0 55 38 44 1 71 27 25 1 48 16 7 1 32 31 0 1 0 0 0 0 96 49 31 1 76 46 31 1 0 0 0 0 23 0 0 1 10 0 0 1 25 12 30 1 6 29 26 1 12 0 27 1 20 0 14 1 81 15 30 1 42 5 0 1 43 8 1 1 36 0 6 1 41 28 16 1 55 57 2 1 75 39 30 1 35 24 4 1
86 55 37 1 116 69 34 1 110 77 43 1 101 79 36 1 121 53 43 1 104 53 29 1 104 49 38 1 93 63 23 1 82 31 38 1 42 29 34 1 0 0 0 0 0 0 0 0 66 40 25 1 58 34 36 1 45 34 28 1 53 31 0 1 66 28 16 1 63 15 13 1 69 34 0 1 56 34 13 1 87 53 15 1 90 46 22 1 92 49 9 1 74 51 31 1 68 21 0 1 0 0 0 0 64 37 20 1 75 44 20 1 91 45 13 1 77 48 0 1 68 17 45 1 92 76 32 1 86 57 16 1 98 73 30 1 65 16 0 1 50 45 26 1 98 75 48 1 61 36 35 1 29 22 0 1 31 10 0 1 47 10 15 1 42 24 21 1 0 0 0 0 31 0 0 1 57 28 11 1 81 21 35 1 92 69 10 1 57 26 26 1 12 0 0 1 0 1 0 1 15 0 5 1 18 11 22 1 0 13 37 1 0 0 0 0 21 4 0 1 49 3 0 1 70 41 30 1 35 41 0 1 0 0 0 0 35 0 24 1 52 56 30 1 99 53 27 1 77 32 10 1 78 11 0 1
98 35 43 1 115 76 30 1 83 39 22 1 88 39 5 1 107 88 31 1 111 68 50 1 101 81 41 1 94 91 19 1 86 43 14 1 74 83 29 1 73 60 6 1 89 45 23 1 92 39 27 1 84 40 12 1 72 35 20 1 77 63 27 1 86 55 10 1 56 36 0 1 76 68 22 1 91 62 11 1 94 28 35 1 115 64 23 1 113 84 57 1 84 55 39 1 84 50 0 1 0 0 0 0 122 73 34 1 108 66 56 1 102 61 5 1 89 48 24 1 98 63 36 1 78 60 58 1 82 65 43 1 100 61 45 1 77 61 9 1 98 48 0 1 45 37 16 1 22 20 30 1 0 0 0 0 44 26 11 1 0 0 0 0 18 6 0 1 29 0 24 1 47 4 3 1 21 37 17 1 0 0 0 0 20 5 18 1 35 22 0 1 0 0 0 0 0 0 0 0 0 0 0 0 0 0 0 0 4 14 18 1 28 0 25 1 0 4 0 1 38 7 4 1 51 5 9 1 58 27 4 1 88 10 11 1 68 27 0 1 85 33 36 1 65 15 39 1 39 25 0 1 47 10 0 1
121 56 62 1 107 81 19 1 78 48 17 1 116 62 30 1 104 69 43 1 85 75 22 1 75 43 22 1 86 39 12 1 106 54 36 1 113 82 40 1 90 59 37 1 77 67 41 1 93 65 24 1 0 0 0 0 68 63 26 1 104 47 29 1 98 28 23 1 89 30 28 1 115 45 15 1 101 72 31 1 0 0 0 0 100 64 25 1 90 72 20 1 96 53 17 1 83 38 8 1 98 60 43 1 102 60 33 1 82 67 42 1 58 15 23 1 0 0 0 0 96 39 19 1 66 35 44 1 0 0 0 0 44 33 38 1 69 26 3 1 51 19 17 1 44 26 29 1 35 17 7 1 16 13 0 1 20 0 12 1 35 5 0 1 41 3 12 1 22 0 28 1 0 0 0 0 50 30 24 1 0 0 0 0 28 11 4 1 22 0 2 1 20 14 0 1 21 0 0 1 9 0 5 1 29 5 18 1 23 24 50 1 0 0 0 0 12 0 7 1 35 0 11 1 42 42 24 1 54 36 0 1 59 24 8 1 83 49 14 1 89 37 0 1 68 12 32 1 58 8 1 1 53 27 13 1
85 79 54 1 110 72 40 1 89 42 12 1 105 54 38 1 123 71 55 1 87 35 30 1 104 46 16 1 0 0 0 0 99 68 57 1 122 79 36 1 96 47 27 1 87 57 16 1 99 69 14 1 80 43 35 1 96 50 12 1 94 53 13 1 90 49 17 1 25 16 5 1 77 36 12 1 83 36 15 1 67 37 5 1 73 57 24 1 71 36 7 1 101 74 40 1 73 60 32 1 93 77 45 1 81 58 36 1 0 0 0 0 61 50 15 1 80 35 0 1 50 12 7 1 61 29 0 1 66 16 0 1 36 15 27 1 32 30 0 1 23 2 0 1 18 5 11 1 21 25 0 1 0 0 5 1 24 4 0 1 8 0 0 1 31 4 13 1 0 0 0 0 24 28 0 1 24 2 0 1 26 2 0 1 27 29 0 1 44 12 1 1 31 32 13 1 0 0 0 0 43 7 0 1 11 0 6 1 10 8 8 1 17 0 18 1 13 22 0 1 19 0 0 1 27 32 12 1 103 32 15 1 53 30 18 1 73 43 17 1 83 24 31 1 56 38 0 1 56 4 3 1 55 19 15 1
110 53 39 1 119 59 35 1 99 75 17 1 98 57 13 1 0 0 0 0 90 21 42 1 0 0 0 0 0 0 0 0 76 50 17 1 78 47 15 1 76 36 24 1 78 32 3 1 83 49 4 1 71 60 0 1 81 50 18 1 97 89 25 1 98 43 17 1 89 32 8 1 120 78 33 1 96 52 20 1 83 50 20 1 69 55 36 1 0 0 0 0 111 55 37 1 104 71 37 1 78 69 17 1 83 42 11 1 71 66 15 1 86 46 1 1 76 37 18 1 97 40 20 1 82 40 5 1 0 0 0 0 25 6 19 1 7 9 0 1 9 0 9 1 23 0 6 1 4 7 0 1 7 7 0 1 24 10 0 1 46 7 0 1 29 12 12 1 0 0 0 0 27 0 0 1 10 0 0 1 0 0 0 1 0 0 0 0 16 19 0 1 27 0 28 1 22 10 16 1 36 23 0 1 18 10 10 1 33 27 10 1 0 0 0 0 0 0 0 0 8 26 0 1 40 16 0 1 89 27 39 1 84 36 41 1 62 43 0 1 51 4 1 1 33 26 0 1 44 12 14 1 55 18 0 1
73 65 6 1 92 39 38 1 60 62 0 1 92 59 0 1 64 41 14 1 106 59 25 1 109 63 38 1 95 93 40 1 59 18 0 1 92 43 17 1 109 50 17 1 94 72 22 1 80 59 22 1 64 37 32 1 65 57 18 1 78 40 21 1 78 29 7 1 105 78 38 1 116 85 57 1 82 60 28 1 94 30 15 1 59 62 54 1 0 0 0 0 93 59 12 1 102 52 25 1 99 68 25 1 114 58 10 1 96 63 35 1 88 50 11 1 0 0 0 0 85 31 47 1 75 62 16 1 39 35 15 1 24 1 12 1 24 21 9 1 0 7 7 1 6 23 0 1 33 13 0 1 15 0 0 1 17 5 10 1 28 19 15 1 14 31 27 1 0 19 11 1 36 5 2 1 13 12 6 1 9 6 25 1 0 7 6 1 19 11 5 1 30 44 0 1 53 24 13 1 27 0 8 1 0 0 0 0 7 2 0 1 39 11 9 1 33 21 15 1 0 0 0 0 43 0 19 1 69 55 21 1 55 38 12 1 55 19 2 1 0 0 0 0 8 8 0 1 30 4 16 1 51 3 0 1
79 55 0 1 105 76 25 1 0 0 0 0 78 92 24 1 103 87 26 1 92 75 27 1 84 65 38 1 97 63 35 1 0 0 0 0 109 46 20 1 104 76 34 1 132 46 39 1 97 38 33 1 97 75 41 1 107 79 37 1 66 59 30 1 93 75 28 1 105 32 50 1 104 58 26 1 84 40 17 1 97 50 26 1 75 65 46 1 104 61 21 1 0 0 0 0 87 74 17 1 100 90 47 1 83 78 35 1 86 75 32 1 79 43 26 1 67 35 14 1 95 40 30 1 65 67 17 1 70 14 0 1 15 23 0 1 1 0 9 1 12 19 0 1 19 18 1 1 2 0 0 1 11 0 16 1 9 18 0 1 22 6 23 1 5 5 17 1 0 1 19 1 3 17 10 1 27 0 14 1 8 0 0 1 0 0 0 1 8 6 4 1 16 22 9 1 78 43 31 1 54 19 19 1 5 19 7 1 1 0 4 1 20 0 16 1 10 32 17 1 35 21 45 1 0 0 0 0 25 0 0 1 47 0 8 1 49 21 12 1 40 6 8 1 36 8 7 1 35 23 13 1 34 0 0 1
122 69 10 1 65 73 26 1 102 33 11 1 90 52 13 1 93 60 20 1 99 67 20 1 108 50 28 1 109 78 85 1 0 0 0 0 105 70 58 1 99 45 37 1 112 69 40 1 102 61 12 1 112 62 31 1 0 0 0 0 82 58 29 1 83 69 12 1 98 79 33 1 95 64 40 1 100 65 22 1 100 27 6 1 92 72 39 1 117 83 22 1 104 85 49 1 105 60 44 1 94 67 43 1 100 45 46 1 99 82 53 1 92 77 10 1 88 59 35 1 85 58 38 1 0 0 0 0 71 40 33 1 37 26 23 1 53 7 5 1 35 0 1 1 17 0 8 1 0 0 0 1 20 0 0 1 8 0 0 1 1 34 15 1 0 0 10 1 0 0 0 0 0 16 5 1 0 28 15 1 0 0 0 0 0 0 0 1 0 14 0 1 18 6 12 1 59 61 46 1 32 23 23 1 24 11 0 1 25 16 0 1 11 17 21 1 18 14 17 1 43 0 15 1 33 13 13 1 34 13 14 1 38 18 9 1 0 0 0 0 0 0 0 0 46 34 36 1 23 10 9 1 51 15 0 1
94 62 42 1 86 48 15 1 74 40 12 1 94 63 7 1 96 46 19 1 63 32 21 1 80 69 20 1 129 62 40 1 117 70 49 1 109 57 30 1 98 49 37 1 83 58 29 1 93 37 43 1 98 81 34 1 108 95 35 1 101 50 38 1 134 56 31 1 103 44 11 1 90 63 28 1 95 69 32 1 97 57 26 1 121 71 47 1 110 92 39 1 102 99 38 1 121 86 61 1 87 55 49 1 0 0 0 0 53 73 28 1 88 88 50 1 88 58 49 1 103 64 31 1 84 86 28 1 105 45 51 1 48 28 22 1 41 28 0 1 40 27 25 1 39 11 9 1 7 14 0 1 16 5 0 1 0 0 17 1 19 2 18 1 8 2 13 1 0 0 28 1 17 0 22 1 0 0 5 1 0 0 0 0 3 0 0 1 6 0 12 1 16 6 11 1 58 37 34 1 46 37 14 1 0 0 0 0 27 12 0 1 37 27 33 1 25 21 36 1 30 0 8 1 13 0 0 1 0 0 0 0 25 1 0 1 37 26 15 1 30 7 0 1 0 28 0 1 59 19 6 1 57 34 15 1
94 81 52 1 96 54 15 1 81 81 9 1 103 57 11 1 94 53 38 1 81 55 44 1 108 87 66 1 122 112 79 1 98 64 49 1 97 57 0 1 85 22 3 1 92 70 17 1 92 36 19 1 120 61 12 1 106 49 29 1 102 41 21 1 125 69 20 1 98 50 3 1 115 81 46 1 88 85 51 1 121 80 56 1 104 82 51 1 117 61 32 1 116 75 22 1 105 58 27 1 120 51 32 1 91 50 22 1 0 0 0 0 110 65 68 1 107 51 23 1 82 38 25 1 85 39 41 1 82 60 29 1 69 31 11 1 68 20 9 1 28 13 0 1 48 3 0 1 38 0 0 1 15 0 14 1 9 0 0 1 13 0 0 1 0 0 0 0 0 7 19 1 0 0 0 0 0 0 3 1 15 15 3 1 5 0 4 1 4 0 31 1 18 0 0 1 55 28 15 1 45 20 8 1 46 4 20 1 26 0 0 1 0 7 9 1 32 27 30 1 35 27 7 1 26 40 0 1 16 2 13 1 29 24 13 1 38 14 32 1 45 22 0 1 31 12 0 1 33 16 0 1 0 0 0 0