2
98 217 60 71
35 40 0 1 79 31 0 1 86 40 34 1 94 70 39 1 97 67 38 1 83 44 17 1 97 78 32 1 98 44 32 1 0 0 0 0 102 73 34 1 114 87 41 1 105 41 8 1 89 67 46 1 107 91 46 1 139 76 64 1 111 73 56 1 82 65 43 1 98 63 33 1 98 42 1 1 95 53 13 1 64 51 15 1 72 57 19 1 89 45 2 1 85 18 0 1 96 49 17 1 92 49 7 1 64 18 27 1 76 37 25 1 89 45 38 1 91 39 40 1 99 54 33 1 98 57 34 1 88 71 48 1 0 0 0 0 67 42 3 1 51 41 9 1 59 28 8 1 58 20 18 1 62 27 11 1 24 20 15 1 37 2 0 1 3 2 0 1 11 12 11 1 37 11 5 1 22 8 0 1 6 11 12 1 31 7 20 1 44 5 20 1 13 2 8 1 25 11 27 1 31 30 29 1 10 1 14 1 0 0 0 0 0 0 0 0 23 10 3 1 49 0 8 1 22 9 0 1 0 0 0 0 14 17 14 1 5 0 24 1 0 0 0 1 38 0 12 1 49 44 0 1 54 54 29 1 0 0 0 0 98 53 34 1 69 31 7 1 34 18 1 1 50 3 9 1 64 3 0 1 0 0 0 0
88 32 9 1 90 33 46 1 85 69 61 1 91 68 40 1 95 94 49 1 118 39 39 1 105 80 32 1 89 44 36 1 101 45 45 1 100 55 32 1 0 0 0 0 71 28 11 1 116 63 46 1 101 108 52 1 95 53 5 1 66 34 0 1 88 44 1 1 0 0 0 0 66 36 11 1 65 56 19 1 75 55 7 1 87 46 18 1 79 39 35 1 85 64 29 1 98 64 22 1 98 62 37 1 101 48 13 1 93 60 44 1 85 50 20 1 87 86 21 1 91 63 31 1 82 49 28 1 99 56 24 1 80 47 1 1 82 22 13 1 50 52 20 1 55 33 9 1 53 20 0 1 59 0 10 1 42 24 0 1 14 14 0 1 3 18 0 1 9 0 16 1 12 5 0 1 27 5 4 1 11 5 0 1 11 21 14 1 0 0 0 0 28 3 28 1 8 6 0 1 7 3 9 1 6 0 8 1 1 7 39 1 0 0 0 1 21 0 0 1 0 0 0 0 39 4 0 1 27 22 10 1 21 25 50 1 16 0 21 1 12 1 9 1 27 7 3 1 49 0 1 1 91 35 33 1 74 59 9 1 45 46 18 1 68 7 18 1 44 27 0 1 63 19 0 1 57 26 8 1 58 28 9 1
63 51 1 1 106 62 26 1 106 45 41 1 99 61 24 1 99 68 16 1 80 54 29 1 80 59 19 1 0 0 0 0 79 64 27 1 0 0 0 0 74 29 26 1 72 56 34 1 114 71 50 1 105 74 47 1 80 31 12 1 84 37 21 1 96 70 12 1 82 41 29 1 68 37 0 1 0 0 0 0 102 62 26 1 104 51 29 1 69 24 17 1 101 81 35 1 121 84 24 1 0 0 0 0 111 55 38 1 116 60 11 1 83 49 28 1 84 60 34 1 80 40 33 1 103 59 56 1 98 66 30 1 115 64 37 1 72 65 40 1 68 51 37 1 71 57 23 1 58 22 5 1 42 21 2 1 8 12 6 1 42 0 16 1 13 0 0 1 21 0 9 1 34 2 6 1 7 2 0 1 25 0 8 1 0 0 0 0 17 20 13 1 3 5 10 1 5 7 0 1 1 4 7 1 41 0 0 1 0 9 3 1 0 1 17 1 24 29 23 1 34 15 7 1 26 14 20 1 36 4 14 1 29 9 19 1 6 26 0 1 17 44 18 1 20 29 0 1 39 12 26 1 70 28 32 1 71 1 19 1 38 6 0 1 27 12 13 1 30 0 21 1 23 0 4 1 62 0 0 1 5 21 8 1
103 72 23 1 107 81 25 1 65 41 29 1 106 66 24 1 92 54 23 1 85 52 4 1 84 52 12 1 98 48 41 1 91 60 14 1 91 79 20 1 106 60 31 1 97 64 49 1 84 55 58 1 110 46 45 1 99 58 28 1 94 38 30 1 86 76 33 1 117 62 24 1 94 62 28 1 101 45 42 1 134 48 57 1 126 73 39 1 98 67 40 1 96 78 12 1 92 59 48 1 97 26 31 1 90 27 0 1 105 62 18 1 113 36 49 1 92 67 39 1 105 53 33 1 118 80 42 1 123 84 40 1 112 96 50 1 90 58 16 1 66 27 25 1 68 55 19 1 76 60 19 1 36 42 3 1 3 1 8 1 7 7 0 1 0 6 0 1 32 7 4 1 0 0 0 0 1 0 6 1 15 11 4 1 19 0 41 1 16 15 15 1 0 0 0 1 0 12 25 1 10 17 2 1 2 4 20 1 0 18 0 1 0 0 0 1 6 18 5 1 0 0 0 0 50 23 6 1 24 0 0 1 0 0 12 1 21 12 9 1 41 6 18 1 55 9 6 1 35 19 34 1 35 21 9 1 52 16 0 1 63 27 12 1 22 2 0 1 51 39 19 1 40 0 22 1 32 0 0 1 33 19 10 1
69 42 24 1 78 47 0 1 48 46 23 1 71 33 2 1 94 40 30 1 93 15 29 1 101 75 40 1 93 33 21 1 64 38 16 1 77 71 20 1 107 77 28 1 105 57 30 1 114 62 35 1 124 75 50 1 120 111 47 1 99 80 64 1 104 60 76 1 119 65 3 1 123 60 45 1 109 70 40 1 115 85 45 1 0 0 0 0 94 63 9 1 104 57 29 1 122 45 25 1 110 63 37 1 98 67 26 1 77 26 22 1 108 61 42 1 101 67 26 1 105 65 65 1 140 80 38 1 94 48 64 1 86 88 54 1 101 58 59 1 96 48 40 1 80 35 16 1 99 25 34 1 88 46 24 1 41 7 0 1 7 2 32 1 16 11 0 1 9 0 0 1 6 5 5 1 17 12 0 1 2 8 28 1 3 27 10 1 1 0 0 1 0 0 0 0 11 24 2 1 5 21 7 1 29 10 3 1 11 16 0 1 2 3 7 1 18 0 9 1 59 29 35 1 50 14 5 1 28 7 0 1 0 0 0 1 29 10 38 1 32 2 12 1 63 18 12 1 50 13 8 1 48 0 2 1 46 39 12 1 49 30 9 1 23 16 11 1 52 21 26 1 32 20 16 1 35 8 0 1 72 40 5 1
96 84 34 1 106 57 34 1 98 42 20 1 71 41 33 1 72 8 0 1 68 39 10 1 89 88 41 1 0 0 0 0 81 25 26 1 88 69 9 1 101 23 19 1 79 60 27 1 91 69 22 1 125 56 57 1 102 64 42 1 85 57 20 1 86 69 21 1 79 56 11 1 113 59 25 1 0 0 0 0 121 49 12 1 92 77 18 1 123 91 40 1 83 87 18 1 112 50 27 1 0 0 0 0 105 67 17 1 110 57 38 1 112 75 47 1 93 95 18 1 127 82 47 1 118 65 61 1 96 56 25 1 65 62 31 1 105 63 48 1 96 65 53 1 73 60 38 1 86 66 45 1 99 40 40 1 55 21 41 1 19 17 26 1 9 0 4 1 35 0 0 1 7 0 1 1 0 0 18 1 4 1 22 1 0 0 0 0 12 20 19 1 6 11 29 1 16 0 0 1 0 0 0 1 3 0 0 1 6 2 24 1 0 0 0 1 0 0 0 0 27 22 28 1 42 13 0 1 14 10 5 1 35 0 0 1 39 11 26 1 69 21 28 1 38 12 0 1 19 0 8 1 35 22 20 1 54 0 21 1 28 22 30 1 24 19 5 1 44 3 2 1 28 12 0 1 41 18 0 1 75 43 16 1
77 63 9 1 92 41 29 1 95 68 49 1 104 71 60 1 95 79 56 1 77 54 26 1 108 59 34 1 104 43 33 1 109 55 38 1 116 80 26 1 75 44 26 1 82 34 23 1 128 82 64 1 108 75 25 1 123 70 34 1 72 37 0 1 0 0 0 0 91 37 11 1 94 52 21 1 88 62 58 1 100 49 21 1 0 0 0 0 106 30 37 1 0 0 0 0 107 66 46 1 120 78 26 1 108 79 40 1 110 57 25 1 117 96 44 1 106 85 39 1 105 72 21 1 113 57 46 1 96 32 38 1 79 51 32 1 116 76 41 1 122 67 38 1 72 38 22 1 69 62 32 1 67 49 29 1 85 61 60 1 50 24 30 1 45 14 11 1 15 9 6 1 8 4 13 1 22 1 10 1 24 6 0 1 18 5 26 1 12 0 28 1 10 4 0 1 9 0 0 1 10 1 20 1 0 0 0 1 0 8 0 1 0 0 0 0 0 0 0 0 55 0 0 1 55 18 9 1 19 39 0 1 1 0 0 1 35 26 0 1 22 10 6 1 59 21 14 1 26 17 7 1 24 18 0 1 36 9 24 1 40 12 36 1 48 11 28 1 43 2 12 1 40 0 0 1 48 9 0 1 81 33 15 1
80 47 28 1 74 31 16 1 116 73 49 1 118 64 61 1 90 51 19 1 88 8 0 1 48 22 0 1 86 44 39 1 0 0 0 0 117 51 31 1 89 66 0 1 0 0 0 0 85 82 41 1 79 36 8 1 88 59 29 1 50 30 0 1 80 61 17 1 0 0 0 0 83 60 44 1 0 0 0 0 0 0 0 0 112 63 58 1 112 86 48 1 101 76 65 1 128 74 28 1 106 62 42 1 0 0 0 0 0 0 0 0 0 0 0 0 119 86 46 1 94 63 60 1 99 58 29 1 110 51 15 1 115 48 40 1 121 49 15 1 85 43 51 1 85 38 22 1 87 39 56 1 105 42 33 1 80 44 44 1 66 55 40 1 42 17 21 1 24 5 20 1 26 5 0 1 7 0 0 1 9 22 0 1 0 10 6 1 28 5 0 1 0 0 0 0 0 0 0 0 5 24 18 1 19 6 19 1 0 0 0 0 14 1 9 1 16 17 23 1 0 0 0 0 0 0 0 0 14 4 26 1 28 18 11 1 14 15 0 1 12 16 13 1 41 0 0 1 26 0 0 1 0 0 0 0 45 26 2 1 29 20 45 1 0 0 0 0 8 0 0 1 25 4 7 1 0 0 0 0 76 64 21 1
0 0 0 0 80 33 24 1 0 0 0 0 61 31 25 1 57 25 0 1 66 20 9 1 71 55 44 1 94 47 6 1 73 65 22 1 112 41 31 1 86 71 12 1 81 27 19 1 101 61 32 1 99 41 20 1 81 57 43 1 64 62 31 1 95 68 25 1 114 83 29 1 79 60 38 1 87 43 52 1 107 88 38 1 96 56 56 1 73 58 20 1 87 67 37 1 98 30 15 1 113 52 14 1 138 81 51 1 131 104 45 1 110 72 80 1 100 81 62 1 125 56 22 1 79 38 7 1 89 65 26 1 94 74 37 1 125 81 44 1 99 49 35 1 57 52 43 1 102 51 31 1 81 58 30 1 71 50 40 1 91 54 33 1 0 0 0 0 55 29 23 1 28 21 19 1 41 14 16 1 29 0 13 1 0 19 0 1 15 0 1 1 9 1 0 1 17 0 2 1 0 0 8 1 24 17 0 1 18 11 0 1 32 7 3 1 0 0 0 1 31 0 0 1 8 0 0 1 26 0 20 1 10 5 0 1 0 0 9 1 14 0 0 1 43 22 0 1 18 5 0 1 20 10 0 1 24 0 0 1 0 0 0 0 44 4 0 1 38 27 16 1 16 28 1 1 75 3 0 1 104 53 21 1
72 41 36 1 90 41 49 1 80 59 51 1 62 45 7 1 78 19 15 1 83 61 28 1 100 67 39 1 73 56 38 1 95 51 51 1 85 61 19 1 70 60 26 1 66 59 1 1 95 42 32 1 0 0 0 0 86 42 20 1 63 47 30 1 75 62 41 1 65 72 16 1 72 47 27 1 94 65 46 1 89 69 55 1 114 62 54 1 82 45 21 1 85 60 0 1 97 83 33 1 126 77 55 1 113 61 64 1 109 49 46 1 114 61 39 1 96 60 46 1 73 54 32 1 0 0 0 0 88 55 39 1 69 65 40 1 0 0 0 0 107 73 34 1 82 59 32 1 69 49 20 1 98 32 13 1 62 31 0 1 100 46 35 1 73 31 46 1 81 43 30 1 87 29 29 1 47 17 6 1 30 24 5 1 28 2 0 1 37 13 16 1 30 0 0 1 1 0 19 1 0 0 0 1 13 0 3 1 6 12 0 1 40 28 0 1 17 0 0 1 15 0 26 1 47 10 5 1 39 29 0 1 26 20 8 1 35 16 11 1 22 22 0 1 33 0 24 1 17 1 0 1 28 0 0 1 27 23 0 1 34 7 0 1 35 21 5 1 67 19 12 1 41 10 0 1 75 17 5 1 116 72 37 1
75 28 0 1 103 45 48 1 74 52 24 1 52 33 15 1 95 43 9 1 92 82 54 1 72 58 15 1 0 0 0 0 95 40 10 1 80 50 13 1 85 70 9 1 102 43 0 1 104 78 32 1 91 58 17 1 73 36 25 1 0 0 0 0 0 0 0 0 117 71 56 1 0 0 0 0 94 52 31 1 110 88 46 1 0 0 0 0 0 0 0 0 90 57 18 1 106 56 39 1 127 75 65 1 0 0 0 0 0 0 0 0 0 0 0 0 142 106 38 1 116 61 43 1 0 0 0 0 92 80 48 1 0 0 0 0 142 115 60 1 120 99 79 1 100 85 46 1 104 50 6 1 106 80 40 1 88 46 13 1 0 0 0 0 0 0 0 0 113 50 22 1 52 52 9 1 54 25 21 1 42 43 0 1 24 16 1 1 28 0 14 1 53 0 0 1 29 0 0 1 0 0 0 1 49 8 2 1 23 4 23 1 30 0 15 1 10 45 28 1 78 51 43 1 92 75 44 1 84 80 46 1 72 55 49 1 79 66 63 1 72 49 67 1 67 46 26 1 61 55 4 1 21 2 4 1 3 0 0 1 24 6 0 1 0 0 0 0 52 9 0 1 68 30 21 1 91 45 0 1 142 64 50 1
70 42 26 1 69 34 36 1 67 28 34 1 58 28 0 1 77 26 22 1 84 38 26 1 45 34 5 1 65 15 16 1 83 48 0 1 62 55 8 1 95 43 24 1 93 85 41 1 147 90 51 1 107 83 45 1 0 0 0 0 77 72 32 1 92 69 24 1 91 69 28 1 92 61 39 1 100 52 44 1 130 90 49 1 126 76 41 1 88 66 31 1 119 80 64 1 111 91 44 1 112 104 45 1 124 70 58 1 116 82 37 1 107 63 31 1 98 76 47 1 79 52 25 1 84 44 5 1 92 56 30 1 130 98 45 1 141 112 50 1 104 74 51 1 81 65 38 1 73 55 21 1 100 45 17 1 101 47 19 1 105 23 24 1 92 92 38 1 91 61 27 1 80 48 37 1 45 49 37 1 53 53 29 1 41 14 4 1 17 5 0 1 12 20 0 1 47 37 3 1 0 7 5 1 12 21 0 1 17 8 24 1 10 28 24 1 36 12 15 1 14 7 4 1 37 8 0 1 5 16 0 1 0 0 0 0 11 28 0 1 31 0 0 1 20 3 14 1 45 19 22 1 0 0 0 0 40 9 0 1 0 4 0 1 13 0 0 1 53 8 4 1 72 69 0 1 111 83 37 1 131 74 21 1
0 0 0 0 54 48 23 1 83 40 4 1 59 51 20 1 64 50 39 1 63 63 26 1 66 45 14 1 88 39 12 1 0 0 0 0 98 90 41 1 111 64 41 1 86 78 29 1 117 68 51 1 108 63 17 1 101 33 39 1 87 72 29 1 91 60 49 1 121 64 10 1 93 66 27 1 105 100 32 1 115 87 25 1 87 65 23 1 96 86 36 1 104 53 18 1 94 45 29 1 108 76 54 1 143 71 39 1 112 65 12 1 90 77 19 1 114 60 23 1 97 60 26 1 0 0 0 0 117 79 36 1 137 102 56 1 113 92 63 1 87 51 26 1 100 75 51 1 101 69 34 1 98 48 16 1 101 54 2 1 125 64 33 1 100 65 23 1 98 37 19 1 91 50 51 1 87 54 44 1 59 47 32 1 52 30 2 1 19 2 13 1 0 0 0 0 23 11 1 1 17 12 6 1 42 27 14 1 21 6 0 1 5 0 22 1 7 7 16 1 20 0 0 1 11 0 5 1 0 0 0 0 8 4 17 1 0 0 0 1 27 0 0 1 69 16 0 1 70 29 2 1 39 52 32 1 63 11 40 1 28 0 6 1 23 2 3 1 45 5 5 1 0 0 0 0 152 72 36 1 147 57 12 1
75 53 28 1 0 0 0 0 94 34 3 1 41 27 9 1 0 0 0 0 75 29 17 1 77 33 6 1 96 60 27 1 85 50 22 1 99 60 38 1 58 56 4 1 74 50 30 1 104 56 26 1 93 43 0 1 107 46 24 1 94 62 34 1 110 73 70 1 0 0 0 0 114 68 75 1 126 83 48 1 133 76 76 1 114 72 53 1 116 83 60 1 139 62 47 1 140 90 29 1 114 67 42 1 129 95 34 1 0 0 0 0 129 68 16 1 112 95 58 1 98 82 8 1 142 86 51 1 91 65 32 1 70 34 19 1 71 53 9 1 87 43 23 1 82 64 47 1 106 81 46 1 84 58 13 1 83 59 34 1 117 59 23 1 103 85 25 1 85 25 7 1 86 42 19 1 76 42 22 1 45 40 18 1 32 0 0 1 27 22 19 1 15 22 1 1 47 0 0 1 16 0 4 1 0 18 0 1 7 0 0 1 0 0 0 0 25 0 0 1 27 16 3 1 44 0 0 1 14 13 0 1 31 7 21 1 1 28 4 1 0 0 19 1 32 15 9 1 24 6 17 1 60 53 39 1 60 42 23 1 37 5 0 1 47 11 0 1 27 0 5 1 74 47 28 1 131 90 57 1 92 48 0 1
46 40 33 1 61 50 13 1 65 32 13 1 55 46 32 1 68 45 41 1 68 30 22 1 56 29 32 1 104 45 33 1 93 47 65 1 112 75 12 1 86 41 31 1 83 36 26 1 77 62 20 1 81 61 24 1 105 64 34 1 127 67 18 1 91 84 44 1 0 0 0 0 0 0 0 0 102 54 31 1 103 91 28 1 115 74 21 1 100 91 44 1 103 72 35 1 107 67 45 1 99 36 27 1 85 62 0 1 82 45 5 1 106 64 12 1 122 91 42 1 113 83 19 1 111 62 13 1 151 62 46 1 0 0 0 0 114 77 61 1 94 98 36 1 144 62 59 1 120 61 38 1 114 69 48 1 97 68 28 1 93 68 10 1 0 0 0 0 81 37 31 1 87 60 14 1 58 33 19 1 82 41 53 1 92 55 2 1 48 31 0 1 47 0 0 1 17 8 18 1 0 0 0 0 0 0 0 0 8 0 14 1 6 2 6 1 7 7 4 1 0 32 3 1 0 7 19 1 0 0 28 1 0 0 0 0 12 11 19 1 12 0 0 1 21 0 0 1 10 10 0 1 36 12 25 1 65 54 21 1 55 31 26 1 23 9 0 1 82 42 0 1 0 0 0 0 142 94 35 1 102 27 0 1
17 0 15 1 34 13 37 1 48 13 0 1 39 17 0 1 53 1 0 1 74 31 26 1 41 0 29 1 53 8 3 1 80 29 0 1 80 40 0 1 69 52 35 1 86 60 1 1 71 71 27 1 91 66 23 1 92 93 11 1 120 70 36 1 100 57 41 1 110 69 50 1 108 87 35 1 115 58 22 1 120 79 36 1 107 70 7 1 84 74 32 1 81 70 17 1 101 65 26 1 104 69 38 1 104 57 47 1 0 0 0 0 106 71 32 1 114 86 39 1 116 52 18 1 92 58 28 1 92 55 8 1 126 76 20 1 0 0 0 0 105 59 58 1 132 46 36 1 0 0 0 0 87 60 50 1 0 0 0 0 108 51 23 1 66 31 21 1 67 42 0 1 78 66 2 1 62 68 26 1 94 68 22 1 67 36 31 1 83 47 30 1 0 0 0 0 19 9 0 1 0 0 0 1 11 0 0 1 8 21 6 1 16 0 10 1 2 0 15 1 0 3 0 1 0 7 0 1 24 11 5 1 22 7 21 1 27 17 16 1 0 0 0 0 1 0 4 1 29 0 14 1 6 24 33 1 45 34 16 1 58 33 19 1 71 19 23 1 96 52 49 1 139 84 33 1 121 68 8 1 108 34 15 1
0 0 0 0 8 0 3 1 0 8 0 1 40 3 0 1 22 17 31 1 29 18 0 1 27 11 0 1 37 22 12 1 45 12 12 1 40 3 2 1 49 27 5 1 63 26 27 1 66 38 11 1 55 55 17 1 82 57 14 1 62 48 13 1 95 49 4 1 118 63 28 1 122 78 46 1 96 104 33 1 132 66 28 1 112 79 51 1 118 81 49 1 113 72 40 1 122 74 41 1 101 76 49 1 109 87 34 1 116 64 43 1 121 45 28 1 95 78 37 1 105 76 34 1 137 78 40 1 106 78 33 1 83 88 23 1 100 44 24 1 113 61 30 1 99 64 11 1 0 0 0 0 95 36 10 1 94 41 31 1 98 67 28 1 104 47 11 1 87 71 19 1 103 55 50 1 99 42 64 1 111 56 43 1 96 69 45 1 79 49 35 1 0 0 0 0 51 0 0 1 22 2 0 1 6 3 2 1 9 20 14 1 25 0 10 1 11 12 16 1 4 2 0 1 0 0 0 0 21 13 19 1 15 20 8 1 0 0 0 0 26 0 23 1 17 0 9 1 50 0 0 1 28 3 0 1 60 6 6 1 69 30 0 1 87 41 27 1 114 64 30 1 103 70 21 1 117 51 3 1 137 78 27 1
1 11 0 1 13 0 0 1 11 0 0 1 0 0 0 1 20 25 23 1 30 23 2 1 29 5 13 1 16 18 0 1 29 15 0 1 17 0 0 1 19 0 4 1 20 0 0 1 23 14 25 1 48 6 0 1 31 10 3 1 38 25 14 1 40 3 0 1 0 0 0 0 70 49 26 1 0 0 0 0 0 0 0 0 97 63 35 1 102 71 34 1 112 60 56 1 132 68 52 1 135 69 22 1 101 43 11 1 105 34 13 1 63 56 0 1 112 44 12 1 96 17 6 1 118 87 8 1 83 45 0 1 109 43 21 1 103 66 0 1 0 0 0 0 115 87 43 1 124 62 49 1 108 51 20 1 72 59 0 1 80 55 20 1 95 88 12 1 85 79 34 1 88 61 28 1 85 58 27 1 82 71 43 1 72 54 14 1 74 50 38 1 74 64 43 1 47 19 14 1 17 0 0 1 0 0 0 0 14 8 15 1 0 5 26 1 21 6 0 1 14 3 15 1 8 0 0 1 0 0 0 0 14 14 9 1 40 2 7 1 20 18 22 1 30 6 0 1 0 0 7 1 47 0 18 1 51 18 15 1 63 44 22 1 82 58 69 1 93 49 0 1 103 45 0 1 0 0 0 0 138 56 18 1
0 7 0 1 3 0 0 1 11 4 0 1 0 0 17 1 1 10 11 1 16 11 0 1 18 5 39 1 0 0 13 1 0 4 7 1 2 0 0 1 6 9 24 1 21 0 0 1 33 12 0 1 0 0 0 0 27 9 18 1 21 19 0 1 34 28 0 1 45 21 0 1 47 20 1 1 44 23 21 1 67 53 23 1 64 54 32 1 96 39 41 1 93 75 44 1 108 48 48 1 88 82 47 1 101 60 61 1 94 35 6 1 115 54 19 1 69 60 19 1 103 67 30 1 98 79 32 1 103 44 20 1 99 45 19 1 128 34 18 1 111 34 20 1 93 45 31 1 0 0 0 0 86 43 14 1 103 45 36 1 88 48 29 1 99 63 8 1 125 56 0 1 68 55 24 1 96 31 25 1 82 27 25 1 0 0 0 0 0 0 0 0 72 64 21 1 31 31 5 1 36 12 0 1 27 4 8 1 13 0 2 1 0 0 0 1 6 18 0 1 0 38 11 1 17 0 6 1 14 1 4 1 37 22 25 1 60 31 3 1 0 0 0 0 76 4 10 1 21 16 0 1 50 14 21 1 58 29 23 1 136 69 29 1 109 61 52 1 103 58 11 1 111 35 1 1 139 69 0 1 143 57 17 1
4 0 19 1 0 16 10 1 24 0 4 1 16 16 4 1 0 6 0 1 3 0 3 1 19 0 25 1 7 0 4 1 0 0 0 0 8 7 0 1 28 1 13 1 11 6 0 1 0 0 4 1 13 0 0 1 18 0 17 1 14 16 4 1 36 0 8 1 0 0 0 0 9 0 5 1 45 9 5 1 67 19 0 1 0 0 0 0 43 24 18 1 67 29 11 1 90 60 26 1 96 28 2 1 89 74 53 1 91 42 15 1 119 51 12 1 113 60 18 1 110 60 11 1 96 29 15 1 137 59 16 1 112 62 20 1 117 49 1 1 103 62 40 1 113 59 52 1 0 0 0 0 83 40 31 1 0 0 0 0 0 0 0 0 86 57 52 1 114 46 49 1 80 49 22 1 99 46 29 1 82 64 34 1 87 68 52 1 80 36 0 1 57 54 27 1 49 44 20 1 50 12 0 1 0 0 0 0 0 18 0 1 8 0 0 1 34 17 7 1 13 24 35 1 22 31 28 1 0 4 0 1 20 0 0 1 43 22 8 1 55 61 23 1 95 37 35 1 46 35 10 1 101 47 22 1 101 53 54 1 109 83 61 1 102 60 34 1 101 22 0 1 81 63 9 1 133 63 18 1 119 65 51 1
42 0 18 1 16 10 11 1 29 14 0 1 11 0 0 1 38 7 0 1 0 0 0 0 17 0 8 1 26 5 10 1 6 0 0 1 16 1 39 1 0 8 22 1 20 0 0 1 10 11 0 1 3 0 0 1 36 15 0 1 0 7 0 1 8 25 0 1 52 16 0 1 31 0 14 1 0 4 7 1 40 0 30 1 21 3 0 1 16 0 28 1 41 30 19 1 41 37 20 1 59 45 32 1 69 41 20 1 0 0 0 0 94 66 50 1 84 59 42 1 81 67 17 1 99 45 21 1 0 0 0 0 102 80 57 1 107 66 35 1 0 0 0 0 73 60 24 1 84 61 32 1 108 52 12 1 78 24 30 1 86 48 33 1 84 57 11 1 58 31 26 1 104 26 0 1 68 45 16 1 93 36 0 1 101 55 2 1 71 56 17 1 94 50 22 1 59 49 20 1 26 35 0 1 12 16 11 1 17 37 0 1 18 0 0 1 20 0 14 1 3 12 0 1 24 0 11 1 0 7 0 1 29 0 0 1 22 13 0 1 62 38 19 1 0 0 0 0 96 62 16 1 103 19 26 1 81 58 36 1 72 32 18 1 95 54 12 1 82 11 15 1 89 18 0 1 131 37 15 1 105 34 36 1
53 20 2 1 25 32 2 1 24 0 0 1 30 6 11 1 0 1 0 1 17 0 7 1 9 0 1 1 1 0 18 1 0 0 0 0 30 0 0 1 10 0 11 1 3 0 0 1 0 6 5 1 0 7 0 1 15 20 14 1 23 32 2 1 0 0 0 0 0 0 0 0 0 9 17 1 26 0 0 1 36 36 0 1 16 0 6 1 14 10 0 1 25 0 0 1 34 2 0 1 45 8 0 1 41 7 0 1 42 31 1 1 71 29 37 1 74 35 35 1 58 15 0 1 80 34 24 1 47 57 13 1 81 50 13 1 103 50 21 1 105 61 0 1 86 48 24 1 92 69 23 1 68 32 27 1 86 45 13 1 82 57 20 1 79 47 34 1 84 70 6 1 84 46 0 1 83 51 16 1 83 29 17 1 112 52 27 1 64 56 24 1 74 59 19 1 81 28 18 1 37 14 20 1 9 0 0 1 3 20 0 1 10 3 9 1 26 0 0 1 0 0 0 0 0 0 31 1 0 11 23 1 12 13 0 1 19 0 8 1 35 14 16 1 67 40 23 1 98 25 31 1 84 23 0 1 79 10 0 1 69 15 3 1 78 45 6 1 85 30 1 1 80 29 0 1 126 35 35 1 101 57 0 1
92 58 5 1 109 54 27 1 111 50 34 1 104 61 65 1 121 77 32 1 104 60 38 1 85 29 11 1 48 44 38 1 32 0 12 1 61 5 12 1 46 4 0 1 0 0 0 0 39 9 20 1 32 7 0 1 35 0 30 1 13 18 4 1 35 7 0 1 26 0 6 1 33 6 19 1 35 19 0 1 17 0 0 1 6 18 0 1 1 9 0 1 21 0 31 1 10 0 9 1 0 6 0 1 4 6 0 1 6 12 4 1 29 2 22 1 32 47 24 1 0 0 0 0 52 48 53 1 88 63 47 1 101 55 13 1 81 52 32 1 62 31 33 1 68 56 3 1 73 58 11 1 0 0 0 0 0 0 0 0 0 0 0 0 94 36 27 1 89 47 6 1 72 40 0 1 109 29 9 1 101 29 4 1 84 49 6 1 114 68 14 1 90 46 33 1 90 43 17 1 38 27 37 1 31 29 0 1 40 12 0 1 0 0 0 1 18 0 13 1 0 0 0 1 18 0 0 1 31 13 2 1 15 0 2 1 69 27 0 1 68 45 6 1 68 47 8 1 117 28 8 1 82 47 15 1 79 15 0 1 83 48 28 1 74 23 25 1 44 5 0 1 66 21 15 1 104 42 0 1 112 27 30 1
100 39 34 1 99 49 25 1 111 71 24 1 105 57 24 1 109 54 40 1 97 76 31 1 87 43 18 1 0 0 0 0 93 48 42 1 66 57 29 1 47 68 25 1 72 34 18 1 51 46 16 1 25 21 11 1 30 22 31 1 0 7 24 1 0 0 0 0 19 7 16 1 0 20 0 1 3 1 0 1 0 16 0 1 19 1 4 1 13 0 2 1 11 0 14 1 34 0 30 1 0 5 0 1 9 0 23 1 17 0 2 1 8 8 3 1 20 7 12 1 41 36 0 1 33 34 6 1 66 19 13 1 56 54 12 1 83 17 34 1 131 58 17 1 85 35 42 1 95 34 9 1 88 37 21 1 73 39 17 1 81 66 5 1 82 44 28 1 89 55 30 1 0 0 0 0 100 1 14 1 60 30 8 1 87 60 5 1 95 59 14 1 70 50 21 1 67 46 33 1 59 16 10 1 0 0 0 0 27 0 0 1 0 10 0 1 25 0 0 1 17 11 7 1 0 19 0 1 28 0 0 1 25 5 10 1 0 0 0 0 60 24 39 1 61 35 11 1 53 69 1 1 79 37 29 1 78 47 24 1 67 30 16 1 69 7 5 1 71 0 0 1 72 42 0 1 69 30 33 1 100 56 42 1
137 61 30 1 125 58 6 1 126 90 17 1 150 72 6 1 150 61 25 1 119 57 15 1 138 54 25 1 0 0 0 0 117 52 8 1 109 56 5 1 113 53 35 1 119 47 47 1 102 42 48 1 106 57 22 1 94 52 51 1 79 20 7 1 70 26 16 1 59 19 23 1 49 7 25 1 31 0 6 1 4 0 0 1 53 1 24 1 14 0 0 1 8 14 10 1 0 0 0 0 22 0 27 1 32 24 14 1 8 16 0 1 0 5 8 1 10 0 0 1 0 2 13 1 21 15 0 1 24 16 2 1 3 4 3 1 33 29 36 1 47 45 19 1 66 47 7 1 74 51 13 1 75 32 19 1 0 0 0 0 62 42 2 1 70 39 0 1 87 42 30 1 80 44 8 1 89 27 0 1 81 28 7 1 71 36 25 1 76 50 18 1 83 31 27 1 60 45 31 1 76 33 19 1 13 0 0 1 0 0 0 0 8 6 11 1 8 0 0 1 27 0 16 1 26 2 12 1 31 1 3 1 14 19 12 1 80 26 29 1 43 0 0 1 40 30 0 1 67 32 15 1 115 57 69 1 87 76 43 1 61 6 0 1 51 19 0 1 63 0 2 1 70 29 0 1 0 0 0 0 0 0 0 0
118 57 13 1 127 55 31 1 115 64 22 1 141 81 7 1 132 67 40 1 115 59 37 1 99 62 28 1 103 40 24 1 98 52 0 1 105 42 0 1 121 36 26 1 87 43 32 1 113 42 11 1 80 44 32 1 59 20 41 1 89 44 38 1 82 33 32 1 54 64 32 1 80 51 44 1 56 10 25 1 50 41 11 1 0 0 0 0 50 34 0 1 26 16 2 1 5 10 25 1 10 0 19 1 7 10 8 1 2 10 2 1 8 0 12 1 25 4 18 1 11 5 14 1 9 16 0 1 19 0 0 1 6 22 2 1 3 0 0 1 45 12 0 1 50 26 3 1 41 21 23 1 0 0 0 0 81 40 40 1 82 27 37 1 66 50 0 1 64 40 20 1 83 36 10 1 73 54 0 1 71 52 44 1 81 25 54 1 71 40 44 1 58 61 34 1 56 18 10 1 45 41 14 1 26 0 21 1 0 0 0 0 13 0 11 1 8 0 0 1 5 0 0 1 22 12 5 1 53 25 14 1 42 24 24 1 54 24 28 1 22 0 0 1 73 29 12 1 64 10 9 1 77 47 24 1 0 0 0 0 59 19 4 1 76 37 30 1 124 56 27 1 119 65 24 1 131 77 57 1 139 114 49 1
142 56 12 1 136 75 20 1 0 0 0 0 99 51 21 1 117 40 0 1 99 59 22 1 131 60 12 1 123 37 10 1 117 63 10 1 104 57 10 1 139 51 29 1 114 44 34 1 123 46 17 1 95 29 0 1 131 46 0 1 98 45 11 1 91 41 3 1 94 38 0 1 92 39 29 1 75 27 5 1 88 21 29 1 82 31 0 1 86 46 4 1 70 17 13 1 0 0 0 0 43 8 0 1 22 0 0 1 19 0 0 1 34 8 5 1 8 8 0 1 0 0 22 1 18 8 0 1 0 0 0 0 0 0 0 1 27 4 7 1 30 4 27 1 3 0 8 1 24 0 22 1 42 38 11 1 65 36 27 1 68 29 31 1 78 51 21 1 73 26 12 1 51 41 22 1 77 30 36 1 83 22 27 1 48 20 22 1 89 42 19 1 99 42 10 1 38 41 22 1 28 43 13 1 56 17 26 1 9 0 17 1 14 0 23 1 0 0 4 1 20 9 14 1 26 0 7 1 0 0 0 0 41 9 18 1 37 41 12 1 0 0 0 0 11 1 1 1 65 18 14 1 44 13 13 1 69 22 30 1 59 34 0 1 121 51 55 1 95 63 43 1 99 70 32 1 104 66 35 1 120 49 28 1
145 59 2 1 128 75 44 1 136 43 8 1 138 61 13 1 105 69 3 1 126 49 17 1 120 53 30 1 114 34 30 1 117 64 4 1 103 13 29 1 78 12 0 1 113 34 0 1 99 62 1 1 86 55 0 1 98 37 21 1 77 24 30 1 112 30 13 1 0 0 0 0 83 29 3 1 63 37 10 1 55 25 31 1 52 36 0 1 73 37 29 1 67 30 25 1 37 11 56 1 31 6 23 1 30 36 0 1 17 3 14 1 0 0 0 0 0 32 2 1 19 19 22 1 17 26 14 1 8 1 2 1 33 31 16 1 8 0 0 1 3 9 0 1 24 15 10 1 18 24 3 1 17 10 0 1 31 46 11 1 0 0 0 0 60 18 10 1 38 14 0 1 44 35 0 1 65 37 10 1 50 34 6 1 45 29 9 1 69 47 13 1 87 43 0 1 49 27 26 1 57 14 7 1 52 12 31 1 18 0 15 1 0 8 1 1 4 0 0 1 31 18 19 1 0 0 0 0 25 0 9 1 40 0 7 1 76 21 17 1 51 8 7 1 43 41 21 1 58 27 38 1 59 23 13 1 82 41 8 1 55 10 0 1 93 40 7 1 63 33 17 1 82 18 1 1 86 31 0 1 80 26 6 1
122 45 21 1 113 53 36 1 108 48 19 1 106 53 33 1 117 56 13 1 96 52 8 1 0 0 0 0 136 50 39 1 124 59 28 1 108 20 21 1 107 26 2 1 132 55 5 1 0 0 0 0 95 42 0 1 114 41 28 1 85 38 46 1 82 60 16 1 101 62 43 1 111 40 22 1 95 42 0 1 73 42 9 1 99 50 0 1 71 42 0 1 77 30 36 1 66 4 0 1 56 52 8 1 0 0 0 0 35 24 2 1 28 8 0 1 3 12 2 1 0 0 0 0 0 9 0 1 0 0 0 1 0 28 0 1 9 14 0 1 0 28 14 1 0 22 21 1 0 0 0 1 0 28 35 1 21 0 0 1 19 5 9 1 39 7 0 1 0 0 0 0 0 0 0 0 42 15 37 1 70 21 0 1 60 27 0 1 70 21 18 1 75 21 1 1 49 12 7 1 45 31 0 1 8 8 8 1 0 0 0 0 0 0 0 0 0 0 0 0 31 0 12 1 21 10 12 1 16 20 0 1 32 0 18 1 39 23 22 1 69 42 29 1 56 48 14 1 34 45 0 1 61 46 8 1 0 0 0 0 31 29 18 1 32 4 6 1 71 0 0 1 90 30 3 1 74 38 4 1 60 45 15 1
116 59 40 1 128 50 25 1 109 61 9 1 113 61 22 1 121 57 8 1 122 39 7 1 121 87 10 1 116 43 26 1 96 90 13 1 101 60 0 1 105 52 23 1 87 44 25 1 119 40 21 1 97 49 15 1 93 41 6 1 102 59 8 1 93 46 28 1 97 82 1 1 90 24 14 1 82 18 2 1 68 29 20 1 67 9 0 1 85 36 0 1 58 36 1 1 100 22 5 1 58 16 7 1 56 16 4 1 37 20 0 1 35 10 11 1 20 12 24 1 18 0 0 1 9 22 1 1 26 24 0 1 1 0 8 1 0 0 0 1 6 0 5 1 0 0 0 0 0 0 0 0 23 0 5 1 38 7 11 1 23 0 5 1 20 12 0 1 24 0 0 1 57 23 29 1 91 14 16 1 53 34 0 1 78 27 0 1 61 35 14 1 73 34 3 1 42 25 1 1 53 28 8 1 7 0 0 1 16 37 18 1 15 0 14 1 4 13 15 1 9 5 1 1 17 0 33 1 7 8 4 1 17 0 0 1 36 11 0 1 54 24 1 1 39 17 0 1 0 0 0 0 20 9 0 1 52 19 0 1 60 14 10 1 36 8 19 1 44 42 0 1 78 35 15 1 88 28 0 1 59 9 1 1
120 39 0 1 107 68 4 1 100 54 7 1 141 73 24 1 117 56 21 1 108 56 17 1 123 30 0 1 111 36 40 1 99 16 25 1 89 31 0 1 108 53 21 1 91 69 40 1 0 0 0 0 88 24 23 1 92 38 29 1 96 26 12 1 108 28 0 1 74 36 19 1 69 45 7 1 79 37 33 1 0 0 0 0 79 56 9 1 55 32 5 1 99 10 0 1 76 20 4 1 0 0 0 0 79 28 16 1 50 18 23 1 51 4 12 1 45 21 5 1 36 8 3 1 21 31 1 1 0 0 0 0 27 0 0 1 0 0 0 0 22 0 17 1 5 9 10 1 18 2 13 1 0 0 0 1 7 0 3 1 0 21 0 1 0 2 0 1 16 44 5 1 4 0 17 1 44 5 0 1 37 25 26 1 60 14 16 1 77 26 51 1 45 39 9 1 40 29 25 1 28 27 18 1 17 0 11 1 14 10 5 1 4 0 5 1 36 0 8 1 0 0 0 0 21 0 15 1 31 7 7 1 14 24 27 1 12 2 0 1 19 15 0 1 31 2 12 1 2 23 10 1 49 4 0 1 50 3 7 1 35 9 24 1 22 37 5 1 43 35 2 1 55 25 15 1 46 19 0 1 59 17 0 1
118 56 7 1 123 39 13 1 102 34 28 1 128 56 41 1 105 35 19 1 94 28 25 1 117 28 0 1 96 46 32 1 86 10 14 1 78 29 39 1 95 31 10 1 86 47 32 1 0 0 0 0 77 44 19 1 0 0 0 0 84 30 7 1 91 37 15 1 0 0 0 0 95 47 6 1 94 26 8 1 87 45 6 1 71 12 2 1 58 27 0 1 64 25 5 1 90 30 0 1 0 0 0 0 71 21 23 1 0 0 0 0 74 12 15 1 58 28 17 1 36 8 12 1 50 13 0 1 33 8 12 1 23 24 35 1 0 0 0 0 0 0 19 1 10 3 0 1 0 0 0 0 0 0 0 0 0 0 0 0 0 0 0 0 32 0 5 1 9 16 2 1 15 12 0 1 26 10 24 1 17 6 0 1 20 29 13 1 56 16 4 1 48 4 25 1 41 0 40 1 49 14 0 1 33 10 0 1 32 0 0 1 4 21 0 1 0 0 0 0 0 14 0 1 20 7 13 1 21 0 23 1 31 22 1 1 10 12 0 1 0 0 0 0 47 14 5 1 35 14 0 1 42 43 0 1 0 0 0 0 65 47 0 1 40 17 0 1 58 4 0 1 56 22 3 1 81 18 1 1 59 27 7 1
129 22 27 1 96 49 9 1 127 53 12 1 110 59 13 1 101 45 23 1 110 46 12 1 90 40 0 1 90 36 4 1 67 27 27 1 76 58 34 1 93 23 0 1 95 75 5 1 0 0 0 0 91 21 27 1 94 36 17 1 71 45 0 1 91 29 8 1 58 27 14 1 76 41 34 1 72 45 11 1 79 23 21 1 73 0 5 1 83 41 9 1 54 6 15 1 63 12 11 1 51 26 17 1 73 47 9 1 56 11 0 1 64 27 0 1 54 30 10 1 47 18 13 1 66 2 14 1 59 16 0 1 42 15 3 1 0 0 0 0 36 7 20 1 0 0 0 0 2 0 0 1 2 2 2 1 8 0 0 1 12 0 4 1 29 22 0 1 6 15 1 1 13 0 4 1 0 0 0 0 18 1 6 1 29 18 11 1 17 18 4 1 46 10 23 1 42 7 19 1 27 29 19 1 22 24 15 1 0 0 9 1 6 0 4 1 27 0 0 1 32 0 0 1 12 4 9 1 21 7 17 1 9 2 6 1 23 13 0 1 36 0 11 1 38 9 0 1 21 0 1 1 22 0 26 1 29 13 22 1 39 15 23 1 45 24 0 1 48 20 26 1 78 17 18 1 85 20 6 1 63 34 3 1
99 28 21 1 124 42 17 1 108 54 13 1 104 31 20 1 94 28 0 1 110 18 4 1 74 56 9 1 100 27 0 1 100 37 0 1 79 58 14 1 82 58 28 1 87 46 25 1 93 28 17 1 82 35 2 1 94 35 27 1 86 54 11 1 83 15 0 1 81 26 8 1 67 20 5 1 75 21 0 1 80 12 38 1 69 26 0 1 71 6 6 1 66 42 0 1 44 25 5 1 60 5 0 1 0 0 0 0 66 21 8 1 72 36 12 1 0 0 0 0 36 29 8 1 49 7 17 1 31 2 28 1 0 0 0 0 66 24 2 1 36 1 3 1 46 23 0 1 19 8 0 1 18 0 0 1 0 0 12 1 0 0 0 1 37 7 7 1 7 0 0 1 0 0 0 1 0 0 0 0 6 17 6 1 29 8 1 1 6 0 0 1 24 9 0 1 0 0 0 0 22 0 24 1 43 6 12 1 22 0 15 1 0 5 0 1 25 0 21 1 17 0 2 1 26 22 0 1 24 16 17 1 24 29 22 1 23 14 0 1 16 18 28 1 36 4 10 1 40 21 0 1 24 13 0 1 21 17 0 1 36 15 10 1 0 0 0 0 52 29 22 1 64 39 9 1 74 24 26 1 56 25 0 1
117 41 18 1 113 40 27 1 114 39 23 1 131 51 24 1 0 0 0 0 98 63 0 1 97 24 1 1 0 0 0 0 81 47 4 1 85 37 10 1 100 55 39 1 83 12 30 1 68 40 0 1 86 51 0 1 0 0 0 0 94 30 2 1 59 28 1 1 43 8 0 1 76 7 0 1 63 12 0 1 68 38 4 1 69 30 15 1 65 21 19 1 35 49 16 1 71 22 30 1 80 27 13 1 61 27 0 1 69 40 1 1 37 15 11 1 63 33 11 1 0 0 0 0 58 27 20 1 40 18 0 1 59 14 3 1 39 10 29 1 0 0 0 0 51 17 29 1 0 0 0 0 31 6 0 1 0 1 0 1 0 19 3 1 0 28 6 1 12 0 11 1 22 0 1 1 37 13 0 1 0 0 0 1 0 6 1 1 15 0 0 1 4 15 0 1 12 2 0 1 28 0 7 1 11 10 29 1 15 24 0 1 24 9 13 1 33 0 0 1 11 0 0 1 5 15 15 1 35 11 21 1 37 3 23 1 14 18 4 1 27 19 0 1 37 20 0 1 0 0 0 0 30 0 29 1 56 8 11 1 0 0 0 0 52 18 15 1 64 28 8 1 69 24 3 1 67 27 0 1 79 46 19 1
104 57 1 1 105 41 34 1 125 39 0 1 105 23 5 1 86 45 0 1 113 64 0 1 80 41 0 1 68 30 0 1 65 39 0 1 94 18 7 1 79 12 9 1 86 22 6 1 74 27 10 1 78 23 18 1 85 42 32 1 72 20 17 1 82 30 4 1 57 5 13 1 78 6 0 1 75 27 29 1 67 31 9 1 62 27 26 1 0 0 0 0 50 23 0 1 28 14 0 1 64 8 0 1 51 18 0 1 58 15 1 1 45 2 12 1 54 0 13 1 80 12 6 1 23 3 8 1 48 11 51 1 36 8 0 1 53 44 3 1 0 0 0 0 75 5 19 1 59 5 0 1 4 22 9 1 4 9 18 1 4 23 18 1 0 7 14 1 32 6 25 1 9 20 0 1 15 0 23 1 8 9 0 1 25 0 5 1 0 10 0 1 16 0 2 1 5 3 6 1 0 0 0 0 28 0 9 1 18 0 0 1 0 22 10 1 14 2 0 1 13 5 21 1 3 0 29 1 29 14 32 1 28 8 17 1 29 9 8 1 20 5 0 1 0 0 0 0 42 0 0 1 34 2 0 1 19 3 0 1 58 31 6 1 29 32 28 1 57 40 0 1 50 10 0 1 65 51 13 1 159 90 81 1
130 62 8 1 84 23 7 1 108 31 12 1 78 39 3 1 0 0 0 0 107 30 10 1 106 42 8 1 89 34 29 1 65 33 0 1 92 7 1 1 68 16 25 1 84 30 15 1 59 16 0 1 67 20 0 1 69 33 0 1 85 44 13 1 76 41 23 1 0 0 0 0 66 12 17 1 99 40 21 1 82 25 13 1 74 10 23 1 59 14 11 1 59 14 0 1 60 42 8 1 62 41 0 1 59 1 0 1 60 38 9 1 55 14 11 1 33 12 0 1 48 16 0 1 48 22 0 1 43 17 1 1 44 0 7 1 54 30 16 1 22 25 21 1 40 16 0 1 44 25 24 1 29 8 15 1 0 30 5 1 32 27 20 1 11 0 0 1 1 0 40 1 7 33 15 1 0 8 2 1 16 20 0 1 26 23 19 1 0 6 16 1 8 12 24 1 0 0 0 1 8 16 32 1 6 11 9 1 10 8 31 1 31 7 0 1 9 0 15 1 28 0 11 1 27 23 0 1 18 0 23 1 28 16 8 1 30 0 4 1 22 30 5 1 38 22 0 1 39 6 4 1 20 28 0 1 78 13 22 1 36 38 0 1 49 38 4 1 0 0 0 0 37 20 15 1 73 44 10 1 131 75 47 1
102 42 19 1 124 34 10 1 103 16 9 1 99 23 45 1 116 28 25 1 98 38 22 1 105 34 2 1 82 31 26 1 76 17 11 1 93 19 0 1 68 6 4 1 95 48 10 1 57 31 10 1 92 27 11 1 83 41 9 1 74 45 9 1 62 0 2 1 63 14 2 1 47 19 0 1 57 35 0 1 72 17 0 1 59 32 0 1 47 5 0 1 28 38 19 1 42 23 0 1 36 34 14 1 0 0 0 0 29 3 28 1 40 13 1 1 46 21 0 1 47 15 0 1 70 19 16 1 50 21 2 1 47 7 16 1 0 0 0 0 39 33 0 1 34 0 33 1 61 5 8 1 17 15 6 1 40 0 4 1 14 30 0 1 0 2 2 1 0 0 0 0 3 0 0 1 4 28 17 1 6 0 0 1 8 12 0 1 0 9 20 1 0 19 0 1 0 15 7 1 13 0 11 1 13 0 25 1 8 0 0 1 0 16 8 1 4 20 10 1 0 0 0 1 17 9 0 1 4 18 0 1 40 4 32 1 32 0 0 1 41 0 2 1 37 16 0 1 25 14 5 1 46 23 17 1 49 33 56 1 67 33 19 1 20 0 0 1 48 28 0 1 66 7 25 1 82 41 21 1 110 77 57 1
123 32 4 1 86 35 22 1 92 22 35 1 87 11 9 1 78 18 21 1 58 33 1 1 88 0 21 1 80 27 10 1 78 32 24 1 64 51 0 1 74 24 0 1 82 8 12 1 78 22 11 1 77 44 0 1 45 53 22 1 53 11 13 1 45 10 0 1 64 19 16 1 59 21 3 1 64 3 3 1 0 0 0 0 45 6 0 1 57 21 3 1 57 26 7 1 47 21 17 1 43 0 0 1 0 0 0 0 59 12 19 1 16 0 15 1 18 40 30 1 54 15 0 1 25 11 0 1 17 32 0 1 59 22 16 1 45 30 11 1 48 2 0 1 0 0 0 0 3 22 8 1 14 24 19 1 29 0 19 1 7 0 23 1 11 10 26 1 17 0 0 1 0 2 12 1 22 0 5 1 0 0 0 1 6 3 0 1 17 11 16 1 0 3 0 1 14 0 0 1 7 0 16 1 0 0 0 0 7 0 26 1 16 0 0 1 14 0 13 1 18 16 31 1 16 15 22 1 20 0 0 1 0 0 0 0 34 25 0 1 21 0 0 1 47 10 3 1 34 0 2 1 69 34 32 1 26 0 1 1 39 24 0 1 52 4 0 1 55 29 32 1 56 0 12 1 76 18 0 1 40 27 0 1
97 0 15 1 98 6 5 1 86 23 10 1 114 36 18 1 74 5 0 1 68 27 2 1 75 21 21 1 65 40 0 1 71 31 17 1 51 9 34 1 52 28 22 1 66 33 19 1 68 26 12 1 0 0 0 0 50 19 0 1 74 7 0 1 45 25 11 1 45 0 22 1 74 18 1 1 58 28 9 1 66 10 10 1 45 22 0 1 43 45 0 1 49 24 1 1 46 18 0 1 54 0 11 1 47 10 16 1 36 14 20 1 31 6 14 1 36 10 0 1 34 0 0 1 0 0 0 0 25 0 11 1 28 12 27 1 0 0 0 0 33 5 22 1 51 8 12 1 32 0 0 1 39 0 3 1 0 0 16 1 0 0 0 0 40 6 32 1 18 8 23 1 18 26 17 1 17 0 8 1 29 0 0 1 37 25 4 1 11 12 24 1 33 0 0 1 0 0 4 1 0 0 0 1 0 23 0 1 0 15 6 1 7 0 9 1 8 10 15 1 35 28 2 1 42 0 12 1 17 15 6 1 19 26 7 1 33 45 10 1 0 13 6 1 41 11 36 1 51 12 0 1 46 41 17 1 38 21 32 1 15 6 7 1 44 2 0 1 58 17 2 1 69 30 30 1 61 27 0 1 59 17 0 1
76 29 0 1 0 0 0 0 80 24 23 1 63 2 12 1 75 15 2 1 0 0 0 0 56 3 4 1 101 9 34 1 85 35 31 1 94 9 7 1 69 9 0 1 59 0 0 1 59 22 14 1 74 14 8 1 70 26 12 1 49 26 8 1 59 13 17 1 55 11 4 1 46 5 0 1 50 4 18 1 35 35 6 1 39 10 7 1 54 38 23 1 54 1 0 1 34 12 0 1 27 12 13 1 38 23 12 1 27 13 12 1 19 18 0 1 33 0 16 1 53 18 0 1 67 29 21 1 34 18 0 1 49 0 10 1 29 22 0 1 45 20 9 1 48 18 7 1 8 12 2 1 27 12 0 1 25 5 15 1 24 9 17 1 7 1 0 1 42 0 6 1 14 18 0 1 0 24 4 1 0 0 10 1 4 2 7 1 2 13 28 1 1 0 0 1 9 0 30 1 4 15 0 1 26 0 0 1 39 3 0 1 30 8 0 1 9 0 0 1 11 2 0 1 11 0 0 1 0 0 0 0 21 0 6 1 2 0 1 1 29 17 0 1 44 21 0 1 39 38 13 1 59 13 30 1 34 15 24 1 0 0 0 0 43 9 4 1 62 21 0 1 29 29 0 1 49 12 0 1 62 13 0 1
102 27 23 1 104 51 44 1 70 41 3 1 90 30 8 1 70 28 7 1 84 32 29 1 90 36 0 1 68 37 0 1 0 0 0 0 74 18 10 1 45 27 18 1 84 29 4 1 79 3 21 1 53 15 0 1 87 15 7 1 48 24 14 1 58 5 0 1 33 20 12 1 46 35 0 1 54 18 25 1 51 26 13 1 63 30 2 1 44 24 0 1 42 0 17 1 29 5 7 1 22 0 1 1 0 0 0 0 40 17 37 1 32 0 2 1 26 9 6 1 34 0 2 1 32 11 0 1 34 16 7 1 43 10 6 1 29 9 12 1 1 0 11 1 28 11 0 1 24 35 9 1 22 11 0 1 21 28 0 1 15 0 0 1 9 0 7 1 1 12 0 1 62 5 0 1 32 3 0 1 0 30 24 1 3 6 0 1 25 0 4 1 0 21 0 1 9 14 2 1 0 0 0 1 0 0 0 0 15 0 0 1 6 4 0 1 13 0 2 1 47 0 11 1 3 16 14 1 43 12 0 1 36 0 16 1 33 0 3 1 37 0 0 1 32 17 15 1 64 31 21 1 0 0 0 0 51 23 9 1 42 27 6 1 46 3 0 1 42 20 3 1 53 1 0 1 36 0 0 1 28 10 0 1
101 27 3 1 87 0 18 1 0 0 0 0 92 36 11 1 85 28 37 1 94 12 0 1 63 34 11 1 53 22 11 1 0 0 0 0 69 38 21 1 77 54 9 1 92 18 22 1 74 39 15 1 47 31 37 1 63 9 15 1 36 10 50 1 54 18 0 1 48 0 0 1 45 15 28 1 24 35 35 1 39 24 17 1 47 16 0 1 40 22 8 1 0 0 0 0 37 0 0 1 48 20 6 1 37 21 20 1 38 35 28 1 17 4 22 1 17 2 19 1 35 24 8 1 21 0 19 1 14 39 8 1 35 0 15 1 45 5 10 1 42 0 0 1 27 13 0 1 37 0 10 1 19 1 0 1 16 22 7 1 38 2 26 1 42 2 10 1 20 27 9 1 26 10 17 1 22 37 6 1 13 8 26 1 26 4 8 1 18 0 7 1 40 8 0 1 0 0 0 0 0 0 5 1 21 11 3 1 0 0 4 1 30 18 11 1 6 3 4 1 4 0 0 1 23 0 0 1 10 0 0 1 0 0 0 0 23 7 0 1 21 0 0 1 30 3 0 1 63 28 1 1 24 27 26 1 17 10 17 1 31 7 1 1 28 15 0 1 45 11 13 1 55 22 19 1 51 9 6 1 20 52 0 1
55 26 17 1 86 34 20 1 102 38 1 1 44 0 4 1 58 31 0 1 70 15 0 1 85 23 7 1 66 24 0 1 56 33 10 1 0 0 0 0 53 4 0 1 61 38 12 1 47 36 21 1 53 37 10 1 69 12 0 1 61 15 31 1 42 7 23 1 60 12 28 1 47 4 0 1 0 0 0 0 38 10 0 1 49 7 13 1 39 0 15 1 36 2 12 1 27 26 21 1 37 3 0 1 15 13 0 1 27 5 15 1 15 0 0 1 44 8 0 1 40 27 0 1 0 0 0 0 55 1 0 1 50 13 0 1 36 0 6 1 35 13 22 1 15 15 3 1 0 0 0 0 0 0 0 0 42 4 11 1 34 5 9 1 32 0 19 1 23 16 11 1 47 0 13 1 13 0 9 1 25 3 4 1 0 0 0 1 33 8 3 1 0 12 0 1 7 19 14 1 21 26 0 1 7 0 21 1 32 2 0 1 0 21 18 1 19 1 8 1 33 6 9 1 11 16 32 1 25 2 0 1 47 19 1 1 36 22 0 1 37 21 2 1 37 0 7 1 35 37 11 1 40 15 16 1 19 25 10 1 11 17 0 1 43 10 3 1 76 26 10 1 0 0 0 0 62 17 0 1 67 35 0 1
91 22 3 1 76 35 7 1 75 11 5 1 82 6 13 1 0 0 0 0 73 12 0 1 56 5 0 1 54 0 38 1 82 32 24 1 40 30 10 1 45 9 15 1 58 0 7 1 73 4 26 1 65 14 8 1 55 0 11 1 49 25 13 1 59 14 8 1 39 17 0 1 47 32 12 1 50 30 23 1 29 19 15 1 21 19 3 1 33 7 7 1 0 0 0 0 53 4 29 1 53 25 0 1 46 13 0 1 11 41 0 1 33 0 16 1 59 0 0 1 53 0 0 1 0 0 0 0 26 7 25 1 11 3 14 1 17 28 0 1 25 21 18 1 45 9 8 1 0 0 0 0 6 30 8 1 37 0 3 1 6 0 0 1 24 0 0 1 30 1 0 1 36 0 1 1 17 12 0 1 20 0 22 1 0 0 0 0 11 0 0 1 36 16 6 1 22 0 0 1 0 0 0 0 36 39 2 1 0 1 0 1 0 4 9 1 19 9 16 1 38 0 61 1 25 0 13 1 32 0 0 1 35 2 0 1 67 0 21 1 38 27 0 1 13 7 2 1 28 10 15 1 25 17 29 1 34 2 39 1 0 0 0 0 50 0 0 1 36 0 0 1 33 36 3 1 40 13 6 1 62 29 21 1
102 11 0 1 70 41 9 1 63 0 3 1 84 0 38 1 75 31 23 1 73 31 14 1 81 41 1 1 58 21 21 1 82 23 22 1 54 15 4 1 70 21 32 1 73 19 8 1 77 39 21 1 58 6 22 1 44 52 29 1 38 12 41 1 55 0 15 1 64 4 0 1 49 0 24 1 32 21 17 1 58 0 13 1 0 0 0 0 41 0 0 1 43 28 2 1 42 14 12 1 46 12 3 1 43 0 1 1 0 0 0 0 31 0 6 1 32 21 21 1 22 14 6 1 22 11 0 1 22 10 0 1 9 18 2 1 27 0 16 1 15 2 0 1 21 22 17 1 7 8 20 1 11 19 0 1 39 12 17 1 10 6 11 1 23 8 3 1 30 0 0 1 43 0 0 1 31 16 0 1 14 0 0 1 25 17 0 1 23 2 9 1 0 13 0 1 17 16 0 1 11 16 31 1 11 0 1 1 6 0 11 1 16 0 0 1 0 17 0 1 33 0 0 1 19 12 0 1 30 26 0 1 24 34 0 1 30 7 0 1 36 0 1 1 50 28 0 1 25 12 0 1 24 20 18 1 17 9 0 1 32 18 0 1 50 7 10 1 47 7 0 1 44 17 3 1 87 24 0 1 93 50 28 1
84 20 16 1 63 22 0 1 72 27 9 1 69 11 35 1 94 42 6 1 54 27 7 1 0 0 0 0 58 50 0 1 65 24 0 1 0 0 0 0 67 4 0 1 39 0 4 1 40 13 0 1 64 14 18 1 50 26 0 1 19 0 7 1 0 0 0 0 0 0 0 0 57 9 20 1 66 9 6 1 48 21 1 1 53 0 14 1 22 13 0 1 11 17 0 1 19 9 1 1 43 1 18 1 19 0 0 1 29 10 3 1 36 21 12 1 21 19 10 1 34 8 0 1 0 0 4 1 20 3 7 1 34 10 0 1 30 7 0 1 23 4 6 1 0 0 0 0 11 17 7 1 23 10 1 1 16 6 13 1 0 0 0 0 5 13 25 1 26 6 0 1 14 4 3 1 15 25 20 1 33 7 0 1 0 10 5 1 38 2 14 1 12 0 9 1 7 5 0 1 26 8 0 1 30 0 1 1 0 3 13 1 17 26 8 1 29 0 5 1 0 19 0 1 21 21 0 1 25 26 20 1 29 18 16 1 37 0 0 1 19 9 0 1 11 0 0 1 0 19 0 1 14 4 0 1 44 0 2 1 31 2 27 1 64 15 0 1 0 0 0 0 27 0 1 1 52 29 36 1 69 34 25 1
80 35 27 1 65 19 15 1 69 18 0 1 60 30 15 1 76 12 11 1 57 28 13 1 65 13 0 1 66 18 17 1 43 11 16 1 39 19 1 1 76 0 0 1 59 18 0 1 29 14 1 1 53 1 1 1 55 11 0 1 61 1 0 1 49 21 6 1 40 0 21 1 41 31 0 1 53 0 0 1 61 9 8 1 35 10 9 1 40 0 15 1 45 7 0 1 54 2 0 1 0 0 0 0 0 0 0 0 13 0 29 1 17 19 5 1 46 9 18 1 34 0 10 1 24 23 0 1 45 7 0 1 7 20 28 1 29 5 9 1 0 0 0 0 13 1 7 1 18 0 8 1 24 0 0 1 19 0 9 1 0 0 0 0 27 0 25 1 36 17 0 1 12 0 11 1 23 14 16 1 14 0 16 1 18 3 0 1 38 0 11 1 32 14 1 1 5 21 0 1 30 0 15 1 10 0 13 1 13 17 9 1 9 0 0 1 15 12 4 1 13 17 13 1 0 0 0 1 21 9 0 1 21 0 14 1 10 0 0 1 16 25 1 1 23 8 6 1 24 10 0 1 31 24 0 1 38 15 0 1 25 17 12 1 43 24 0 1 19 0 11 1 40 0 0 1 69 28 8 1 66 6 19 1
73 18 6 1 74 17 9 1 44 10 0 1 0 0 0 0 51 43 0 1 57 32 0 1 55 16 32 1 62 31 5 1 62 34 12 1 69 31 2 1 52 32 1 1 39 10 1 1 50 19 8 1 43 29 0 1 49 7 0 1 55 6 22 1 41 7 15 1 38 0 0 1 53 2 9 1 46 9 24 1 48 0 17 1 40 16 10 1 31 0 11 1 39 0 0 1 13 30 0 1 0 0 0 0 43 8 10 1 40 9 0 1 0 0 0 0 24 13 24 1 56 1 13 1 28 38 1 1 42 0 6 1 44 3 0 1 21 17 1 1 41 14 0 1 25 0 19 1 39 11 0 1 17 13 0 1 46 3 10 1 24 14 19 1 21 5 0 1 28 0 22 1 24 20 7 1 1 18 8 1 34 18 5 1 0 10 0 1 3 0 9 1 19 9 23 1 2 43 13 1 33 3 2 1 16 0 12 1 0 11 17 1 26 0 16 1 0 8 8 1 17 0 13 1 23 0 0 1 29 3 0 1 5 10 0 1 3 22 25 1 26 0 0 1 27 8 8 1 16 6 11 1 17 0 9 1 14 18 0 1 22 20 0 1 36 6 8 1 42 8 19 1 59 21 0 1 59 32 13 1 64 20 37 1
79 16 0 1 58 41 3 1 89 31 8 1 73 51 10 1 64 5 11 1 56 7 0 1 60 11 0 1 51 5 0 1 0 0 0 0 26 5 13 1 36 0 6 1 42 16 23 1 37 28 4 1 55 10 12 1 35 25 0 1 56 0 0 1 21 14 2 1 53 11 4 1 33 10 0 1 37 12 10 1 41 0 0 1 45 21 0 1 49 23 5 1 7 2 0 1 31 0 5 1 24 15 0 1 41 26 0 1 24 14 16 1 35 13 0 1 32 27 11 1 37 11 0 1 50 13 0 1 26 23 0 1 15 30 17 1 33 11 0 1 33 11 3 1 23 14 22 1 30 0 7 1 9 0 29 1 0 0 0 0 18 5 8 1 27 0 5 1 13 0 29 1 51 19 12 1 22 0 1 1 15 0 0 1 22 6 4 1 0 29 22 1 20 0 3 1 19 0 0 1 0 19 15 1 8 26 3 1 0 0 0 0 41 14 17 1 49 6 0 1 9 0 11 1 35 17 7 1 24 3 0 1 26 3 0 1 33 0 5 1 0 0 11 1 46 8 0 1 0 0 0 0 29 24 0 1 8 7 9 1 27 1 0 1 14 0 9 1 0 0 0 0 69 0 29 1 40 16 12 1 57 27 13 1
73 37 0 1 102 18 6 1 84 31 12 1 71 24 28 1 48 17 11 1 70 18 8 1 73 24 5 1 44 20 0 1 25 0 0 1 51 10 12 1 51 3 0 1 72 24 16 1 48 20 14 1 56 7 26 1 39 0 0 1 60 1 14 1 28 8 16 1 80 8 0 1 49 0 27 1 58 5 25 1 44 25 2 1 33 22 5 1 42 26 8 1 35 1 8 1 39 20 17 1 24 0 3 1 17 0 4 1 0 0 0 0 26 20 0 1 39 18 0 1 28 0 22 1 24 12 0 1 0 0 0 0 44 13 22 1 13 1 7 1 14 0 12 1 29 0 25 1 35 11 2 1 0 0 0 0 10 15 0 1 21 27 13 1 22 17 14 1 31 21 11 1 15 7 5 1 4 0 8 1 43 0 23 1 2 0 32 1 24 0 0 1 24 13 21 1 8 6 33 1 7 11 0 1 24 1 11 1 39 19 0 1 14 4 0 1 46 0 13 1 0 7 0 1 14 21 19 1 21 0 11 1 22 9 16 1 36 7 19 1 21 0 0 1 23 0 15 1 29 10 0 1 32 20 7 1 25 7 0 1 26 0 0 1 17 30 10 1 22 22 7 1 39 17 0 1 78 11 25 1 47 12 28 1
0 0 0 0 72 35 23 1 60 18 14 1 60 29 15 1 65 21 29 1 65 41 0 1 40 8 0 1 53 8 0 1 59 6 0 1 29 17 0 1 41 37 10 1 51 41 0 1 61 21 9 1 0 0 0 0 14 3 1 1 0 0 0 0 37 3 0 1 29 4 13 1 48 0 19 1 5 6 0 1 45 9 0 1 51 18 0 1 53 12 14 1 23 0 13 1 29 0 0 1 32 11 0 1 35 8 0 1 48 24 2 1 40 21 4 1 0 0 0 0 32 0 0 1 35 1 0 1 35 15 7 1 27 23 0 1 17 2 6 1 25 25 6 1 13 8 12 1 27 2 7 1 26 1 13 1 32 18 0 1 28 0 0 1 17 0 0 1 29 6 21 1 0 4 0 1 11 10 21 1 19 4 4 1 3 19 5 1 0 12 0 1 26 25 0 1 10 10 0 1 13 21 15 1 2 0 31 1 16 26 0 1 33 10 8 1 36 0 3 1 0 0 0 0 34 15 15 1 5 39 23 1 5 0 0 1 10 20 0 1 16 39 0 1 27 14 0 1 0 0 0 0 18 14 8 1 21 2 17 1 19 0 0 1 32 0 0 1 50 19 3 1 33 7 0 1 64 27 0 1 62 20 0 1
94 20 16 1 43 36 4 1 62 9 18 1 45 3 0 1 55 0 10 1 28 24 8 1 0 0 0 0 29 13 17 1 32 6 0 1 44 7 0 1 67 0 0 1 51 13 18 1 28 1 3 1 41 6 0 1 55 1 0 1 22 30 0 1 55 18 0 1 50 15 4 1 40 0 34 1 38 0 0 1 36 0 11 1 37 40 8 1 21 0 0 1 10 0 25 1 0 0 0 0 43 5 2 1 34 16 6 1 14 5 15 1 29 6 8 1 22 6 0 1 36 5 20 1 22 0 0 1 29 15 0 1 26 11 17 1 24 0 11 1 0 0 0 0 39 0 0 1 21 6 9 1 0 0 0 0 41 5 6 1 0 0 0 0 9 14 3 1 11 0 0 1 4 15 2 1 14 22 0 1 4 20 17 1 23 0 0 1 22 0 5 1 9 2 9 1 0 0 0 0 0 0 0 0 29 2 6 1 33 3 0 1 25 0 8 1 26 14 0 1 0 0 0 0 27 28 4 1 42 0 5 1 18 0 0 1 38 13 0 1 0 0 0 0 4 3 0 1 0 3 2 1 25 11 0 1 0 0 0 0 24 36 0 1 43 16 44 1 46 3 2 1 21 17 0 1 33 4 4 1 45 19 0 1
52 22 9 1 52 20 34 1 60 23 11 1 65 5 0 1 63 10 7 1 53 21 3 1 64 5 21 1 48 0 17 1 27 37 9 1 52 26 0 1 59 15 1 1 49 18 21 1 61 28 0 1 50 0 2 1 25 6 0 1 0 0 0 0 36 4 0 1 31 13 7 1 40 18 14 1 43 25 35 1 61 12 0 1 35 2 14 1 52 10 6 1 28 19 13 1 17 7 0 1 14 21 0 1 28 0 17 1 10 1 26 1 24 30 4 1 27 3 1 1 32 9 19 1 11 0 6 1 25 13 4 1 38 23 0 1 22 12 14 1 20 8 0 1 0 0 0 0 15 0 0 1 39 0 0 1 51 0 13 1 16 0 0 1 22 0 8 1 32 23 16 1 35 19 0 1 26 17 0 1 5 4 23 1 16 8 11 1 19 16 26 1 11 31 0 1 30 0 28 1 12 27 5 1 24 0 9 1 19 8 5 1 0 0 0 0 19 2 15 1 2 12 0 1 31 2 0 1 30 4 13 1 40 0 9 1 13 23 24 1 24 18 0 1 36 7 0 1 1 16 0 1 0 16 18 1 15 14 33 1 30 3 0 1 40 11 22 1 23 0 21 1 19 27 0 1 38 32 6 1 47 8 9 1
74 21 36 1 0 0 0 0 49 18 17 1 60 0 0 1 52 12 0 1 66 3 3 1 69 0 26 1 48 32 11 1 32 46 22 1 31 17 14 1 31 26 4 1 16 0 0 1 34 0 0 1 25 10 0 1 20 23 0 1 30 20 0 1 29 21 9 1 50 0 9 1 28 12 0 1 38 20 1 1 50 19 11 1 34 20 10 1 34 11 0 1 33 9 5 1 32 0 13 1 26 16 0 1 21 6 0 1 41 34 2 1 34 53 14 1 28 13 10 1 27 0 0 1 12 16 14 1 20 0 19 1 26 2 0 1 20 0 20 1 20 16 3 1 32 11 13 1 2 0 1 1 38 20 16 1 41 8 0 1 31 0 0 1 3 7 0 1 17 17 0 1 5 5 0 1 20 5 3 1 33 33 0 1 10 1 12 1 3 7 0 1 23 21 23 1 3 0 5 1 15 0 0 1 7 0 2 1 8 20 6 1 41 0 22 1 23 7 6 1 2 1 10 1 24 26 0 1 22 22 7 1 21 20 12 1 0 0 2 1 7 0 0 1 2 17 12 1 13 23 0 1 21 17 0 1 21 2 3 1 47 6 20 1 19 10 13 1 1 18 0 1 36 18 10 1 34 6 17 1 63 8 13 1
25 0 0 1 76 0 0 1 68 18 2 1 75 5 14 1 61 0 0 1 0 0 0 0 33 21 0 1 57 23 2 1 66 7 0 1 12 27 0 1 0 0 0 0 24 24 23 1 19 13 14 1 58 11 0 1 27 0 0 1 30 0 0 1 29 4 3 1 28 7 0 1 0 0 0 0 42 10 14 1 49 0 0 1 20 12 0 1 37 0 13 1 56 22 4 1 20 0 5 1 21 20 10 1 28 0 0 1 18 28 12 1 3 6 29 1 39 13 1 1 26 0 0 1 14 9 16 1 41 13 27 1 24 19 18 1 0 0 0 0 18 21 1 1 0 0 0 0 27 10 5 1 14 0 10 1 13 0 0 1 25 0 6 1 40 0 0 1 11 21 1 1 16 0 8 1 29 14 0 1 7 0 0 1 46 18 13 1 26 0 10 1 33 25 0 1 15 0 0 1 0 0 0 1 17 0 9 1 9 4 0 1 38 16 18 1 0 0 0 0 13 11 12 1 33 14 12 1 14 11 4 1 38 0 0 1 8 0 5 1 17 1 3 1 23 19 0 1 0 0 0 0 34 0 12 1 25 0 7 1 31 13 7 1 59 29 28 1 29 24 11 1 38 13 27 1 35 6 6 1 34 23 16 1
0 0 0 0 60 20 18 1 52 34 0 1 58 26 10 1 57 52 29 1 48 0 11 1 58 25 22 1 34 13 5 1 43 0 5 1 37 15 15 1 48 0 0 1 46 31 5 1 52 0 0 1 38 26 1 1 24 8 10 1 44 0 0 1 31 5 19 1 20 0 0 1 24 2 7 1 42 14 17 1 23 1 9 1 25 35 25 1 32 13 0 1 50 0 14 1 0 0 0 0 36 5 0 1 22 15 0 1 51 4 0 1 1 15 0 1 23 0 5 1 0 0 0 0 21 0 4 1 24 5 0 1 31 3 4 1 33 17 26 1 10 0 13 1 18 17 16 1 5 0 19 1 0 0 0 0 2 4 0 1 0 19 44 1 0 10 0 1 17 26 22 1 19 12 20 1 10 7 24 1 29 13 14 1 34 3 22 1 13 16 2 1 24 24 7 1 34 0 0 1 0 6 10 1 36 0 0 1 40 8 0 1 0 0 0 0 9 11 0 1 3 0 8 1 16 12 0 1 15 0 0 1 28 0 14 1 10 35 0 1 8 0 0 1 28 0 3 1 27 21 12 1 0 0 13 1 19 16 34 1 0 0 0 0 65 55 36 1 0 0 0 0 51 32 21 1 10 41 32 1 21 26 9 1
73 0 27 1 38 21 0 1 48 18 19 1 37 26 14 1 47 4 8 1 37 35 12 1 38 0 14 1 43 22 11 1 28 3 8 1 32 19 0 1 54 29 14 1 17 16 11 1 27 10 5 1 24 5 11 1 23 0 14 1 18 12 0 1 29 30 0 1 38 5 0 1 42 23 2 1 35 29 0 1 37 31 30 1 35 3 0 1 25 12 1 1 23 5 18 1 41 0 0 1 30 0 11 1 28 9 0 1 41 13 0 1 39 5 8 1 9 15 12 1 0 19 3 1 12 0 1 1 18 2 12 1 29 37 6 1 21 0 0 1 8 0 9 1 5 15 21 1 0 0 0 1 21 18 3 1 0 0 0 0 7 10 0 1 0 0 0 0 26 0 0 1 11 6 21 1 5 6 0 1 43 5 5 1 19 0 10 1 31 4 14 1 0 0 0 0 20 8 11 1 20 7 23 1 40 27 0 1 4 25 0 1 20 19 0 1 0 0 0 0 24 0 6 1 0 0 0 0 20 0 0 1 4 14 13 1 0 0 16 1 30 0 0 1 35 16 0 1 21 3 4 1 9 21 0 1 11 0 0 1 32 10 8 1 17 20 32 1 17 4 0 1 29 12 0 1 33 8 6 1 0 0 0 0
50 0 0 1 56 1 15 1 54 9 25 1 20 21 7 1 47 9 0 1 35 4 17 1 20 20 0 1 39 23 12 1 35 20 0 1 20 3 0 1 54 0 0 1 23 19 0 1 36 28 0 1 42 4 15 1 33 8 20 1 0 0 0 0 39 0 20 1 23 0 6 1 30 25 20 1 43 0 0 1 42 2 0 1 18 0 16 1 31 21 0 1 19 23 23 1 25 0 0 1 27 17 0 1 36 12 0 1 36 21 0 1 20 8 11 1 25 1 0 1 28 9 3 1 0 0 0 0 18 29 0 1 40 5 0 1 0 0 0 0 14 0 15 1 7 7 20 1 8 0 14 1 0 24 25 1 14 0 13 1 14 15 14 1 0 9 0 1 0 11 18 1 30 22 10 1 2 0 0 1 34 9 2 1 32 9 7 1 32 0 20 1 29 16 6 1 32 0 21 1 22 0 10 1 13 0 10 1 25 20 13 1 19 7 2 1 1 1 3 1 19 5 3 1 6 20 0 1 31 8 2 1 6 0 8 1 29 25 15 1 31 15 19 1 29 6 0 1 9 32 0 1 27 16 0 1 42 0 5 1 0 0 0 1 22 17 5 1 23 16 2 1 0 0 0 0 9 0 0 1 38 2 22 1
57 28 5 1 28 16 5 1 40 21 16 1 0 0 0 0 30 12 31 1 37 9 12 1 28 0 10 1 33 2 6 1 43 0 0 1 26 3 0 1 43 0 0 1 41 7 0 1 36 0 22 1 41 0 0 1 43 0 0 1 13 2 4 1 13 21 0 1 0 0 0 0 25 0 16 1 16 30 15 1 34 5 18 1 19 0 14 1 16 0 0 1 15 8 14 1 36 0 7 1 47 0 12 1 0 0 0 0 52 13 3 1 33 15 9 1 0 0 0 0 48 19 0 1 47 24 2 1 37 15 0 1 19 2 19 1 34 26 20 1 25 0 6 1 26 0 0 1 14 6 25 1 36 0 10 1 12 16 0 1 11 29 6 1 56 1 10 1 8 20 9 1 0 0 0 0 25 0 0 1 17 7 20 1 0 0 0 0 12 0 2 1 15 0 9 1 22 14 7 1 0 0 0 0 37 1 0 1 30 0 0 1 0 0 0 0 31 0 0 1 0 0 0 0 32 35 17 1 17 2 29 1 0 24 0 1 12 12 0 1 6 0 6 1 22 15 13 1 24 30 11 1 34 4 0 1 11 9 19 1 22 10 9 1 14 8 4 1 7 0 0 1 22 0 10 1 19 12 0 1 3 10 1 1