4
665 1509 79 65
113 79 67 1 102 88 68 1 94 80 48 1 31 80 62 1 78 56 62 1 23 48 90 1 7 102 40 1 0 83 7 1 10 49 34 1 41 81 76 1 65 86 28 1 33 65 71 1 65 65 61 1 4 43 21 1 0 0 0 0 7 29 54 1 7 76 21 1 28 15 32 1 0 75 21 1 0 44 57 1 5 24 7 1 16 41 17 1 14 53 48 1 0 53 71 1 0 46 81 1 0 51 13 1 0 55 30 1 0 0 0 0 21 105 81 1 50 72 86 1 70 85 103 1 72 35 101 1 98 100 73 1 90 55 47 1 72 67 40 1 0 0 0 0 72 80 45 1 36 49 64 1 65 68 58 1 67 73 66 1 0 0 0 0 0 0 0 0 52 85 72 1 71 75 65 1 70 39 26 1 83 51 84 1 72 57 114 1 59 97 87 1 64 90 52 1 50 46 49 1 59 61 72 1 76 102 89 1 89 81 97 1 59 120 48 1 83 94 42 1 81 74 116 1 47 75 33 1 4 50 48 1 62 83 50 1 80 55 49 1 73 106 69 1 71 40 112 1 20 53 24 1 21 35 47 1 20 52 29 1
102 83 68 1 82 69 71 1 56 81 58 1 53 68 61 1 52 73 37 1 24 91 85 1 13 48 42 1 24 21 68 1 10 65 66 1 61 77 15 1 86 94 75 1 80 71 94 1 46 97 56 1 47 76 33 1 34 51 20 1 0 33 57 1 0 24 33 1 0 0 0 0 13 9 27 1 0 0 0 0 0 19 51 1 3 71 47 1 0 49 39 1 12 45 32 1 0 55 74 1 20 50 51 1 7 105 61 1 49 77 72 1 56 105 66 1 52 79 105 1 52 31 83 1 68 98 69 1 43 37 72 1 0 0 0 0 65 58 81 1 40 73 55 1 34 44 52 1 42 79 50 1 45 68 70 1 53 74 48 1 38 121 39 1 124 91 123 1 60 81 42 1 84 69 71 1 69 63 57 1 64 84 71 1 78 72 56 1 43 79 36 1 0 0 0 0 72 67 65 1 84 84 64 1 123 79 82 1 77 91 43 1 69 93 28 1 29 66 70 1 46 51 37 1 35 8 29 1 11 83 62 1 0 0 0 0 52 101 76 1 112 91 34 1 86 104 53 1 0 0 0 0 44 0 25 1 0 0 0 0
80 111 36 1 54 91 59 1 0 0 0 0 35 61 92 1 0 0 0 0 49 84 75 1 0 40 18 1 6 63 40 1 0 25 34 1 57 47 59 1 93 100 94 1 131 131 88 1 57 79 69 1 19 97 38 1 0 0 0 0 44 33 15 1 0 29 42 1 49 46 57 1 26 35 44 1 5 66 63 1 0 45 43 1 5 20 10 1 30 23 36 1 10 73 22 1 30 53 70 1 38 74 65 1 51 60 41 1 14 99 86 1 70 63 35 1 72 91 44 1 24 56 40 1 54 71 43 1 0 0 0 0 56 83 82 1 77 73 73 1 122 89 78 1 0 0 0 0 90 59 97 1 85 77 92 1 0 0 0 0 69 53 23 1 91 73 55 1 55 88 61 1 59 106 46 1 82 88 90 1 63 52 80 1 59 65 68 1 36 81 66 1 59 64 90 1 62 71 46 1 50 90 79 1 71 93 79 1 97 73 51 1 61 48 58 1 0 82 18 1 55 49 62 1 41 54 48 1 66 21 47 1 74 84 50 1 58 80 87 1 104 73 66 1 55 120 62 1 100 112 37 1 84 98 73 1 68 57 84 1
59 62 55 1 23 83 42 1 36 48 62 1 6 132 5 1 28 67 60 1 18 58 70 1 0 0 0 0 0 70 61 1 65 101 51 1 79 91 76 1 137 116 67 1 96 50 51 1 45 66 59 1 48 93 57 1 40 59 86 1 75 98 1 1 0 0 0 0 24 58 18 1 0 42 25 1 15 38 33 1 19 52 28 1 24 35 0 1 0 24 4 1 0 88 46 1 28 78 55 1 16 65 46 1 78 31 94 1 65 77 63 1 65 83 24 1 87 83 12 1 62 78 45 1 0 0 0 0 63 103 60 1 68 66 68 1 84 31 65 1 48 69 81 1 109 57 80 1 118 80 92 1 70 45 41 1 0 0 0 0 38 70 82 1 61 70 51 1 0 0 0 0 33 86 56 1 63 58 68 1 86 72 63 1 63 61 44 1 69 69 55 1 72 72 60 1 118 86 79 1 51 75 48 1 30 91 106 1 44 55 39 1 48 55 55 1 15 49 65 1 68 38 53 1 10 33 62 1 48 18 46 1 38 78 66 1 86 86 56 1 77 104 61 1 115 100 87 1 119 98 86 1 104 105 98 1 38 103 74 1
80 79 84 1 29 85 89 1 50 96 70 1 0 0 0 0 0 56 0 1 5 41 41 1 33 50 63 1 23 45 55 1 95 104 78 1 71 124 88 1 118 112 79 1 33 54 71 1 44 51 28 1 63 105 42 1 61 88 39 1 66 92 106 1 55 98 73 1 40 44 40 1 26 57 43 1 64 105 50 1 42 94 64 1 0 0 0 0 36 23 19 1 15 102 64 1 58 37 81 1 36 57 60 1 52 81 39 1 44 54 27 1 41 28 55 1 31 87 82 1 42 81 77 1 15 68 64 1 0 0 0 0 99 82 83 1 52 100 51 1 119 32 66 1 57 90 67 1 84 71 90 1 58 62 35 1 64 53 72 1 30 36 57 1 45 38 82 1 68 57 56 1 83 66 52 1 76 102 56 1 68 119 79 1 46 40 78 1 89 76 81 1 90 78 92 1 36 65 44 1 39 72 46 1 35 68 55 1 0 38 39 1 35 6 24 1 35 80 44 1 20 60 49 1 37 33 79 1 43 73 69 1 42 85 66 1 61 115 44 1 78 78 84 1 126 121 70 1 64 91 102 1 127 116 62 1 77 98 93 1
18 86 73 1 23 86 93 1 53 57 53 1 41 79 27 1 3 31 37 1 22 90 21 1 0 48 52 1 68 71 60 1 126 97 114 1 0 0 0 0 133 125 91 1 20 59 42 1 15 49 47 1 26 70 56 1 67 74 72 1 121 123 128 1 121 102 33 1 0 0 0 0 0 0 0 0 92 107 122 1 130 122 75 1 69 88 41 1 32 66 54 1 0 0 0 0 0 44 39 1 16 37 47 1 0 0 0 0 0 0 0 0 43 67 48 1 62 93 84 1 80 79 29 1 70 59 71 1 83 97 55 1 66 67 64 1 32 68 61 1 82 60 73 1 71 84 88 1 31 52 46 1 93 42 49 1 46 24 46 1 87 69 47 1 41 27 30 1 93 84 53 1 64 91 15 1 0 0 0 0 105 36 42 1 76 81 99 1 37 93 54 1 38 82 106 1 8 78 58 1 35 74 54 1 12 49 57 1 37 88 52 1 0 0 0 0 51 76 29 1 0 0 0 0 58 47 82 1 4 88 33 1 0 0 0 0 0 0 0 0 110 99 50 1 101 78 73 1 75 55 19 1 44 102 46 1 49 54 105 1
85 66 56 1 45 83 84 1 42 92 35 1 0 0 0 0 0 38 43 1 15 54 28 1 44 41 69 1 85 104 74 1 105 147 70 1 151 158 127 1 0 0 0 0 40 68 84 1 54 71 44 1 59 89 71 1 0 0 0 0 0 0 0 0 178 127 103 1 153 133 97 1 0 0 0 0 188 129 109 1 104 137 93 1 0 0 0 0 61 33 0 1 0 50 28 1 13 41 32 1 0 55 60 1 0 64 51 1 42 55 49 1 65 55 81 1 34 62 93 1 46 91 53 1 100 84 41 1 64 84 82 1 0 0 0 0 60 75 81 1 60 56 80 1 42 55 76 1 42 62 72 1 62 65 56 1 31 79 59 1 33 75 57 1 82 48 57 1 73 62 76 1 34 62 81 1 62 59 98 1 80 73 93 1 52 19 45 1 85 75 29 1 30 53 68 1 15 76 57 1 51 89 59 1 40 49 52 1 42 99 41 1 35 94 68 1 33 80 46 1 101 64 103 1 92 68 73 1 94 50 64 1 0 0 0 0 29 80 77 1 68 100 81 1 65 87 74 1 94 125 71 1 40 88 79 1 73 60 70 1
63 79 84 1 40 90 58 1 36 82 70 1 12 60 37 1 0 52 46 1 71 70 56 1 88 58 96 1 159 92 82 1 125 146 114 1 98 98 89 1 0 0 0 0 45 98 71 1 118 70 62 1 118 114 82 1 192 118 94 1 161 108 96 1 0 0 0 0 185 194 96 1 221 212 132 1 153 170 117 1 158 128 139 1 0 0 0 0 43 56 52 1 0 65 52 1 0 32 64 1 7 43 58 1 0 37 46 1 16 8 92 1 17 46 48 1 32 68 18 1 63 51 61 1 55 64 52 1 70 61 98 1 82 45 97 1 36 38 70 1 36 122 73 1 76 68 50 1 40 63 33 1 63 75 36 1 46 52 88 1 80 91 64 1 55 62 69 1 79 82 51 1 58 56 43 1 72 68 65 1 3 93 73 1 50 44 53 1 0 36 10 1 0 66 54 1 23 19 98 1 51 63 20 1 26 71 90 1 47 108 42 1 69 93 26 1 0 0 0 0 78 88 33 1 75 116 105 1 62 86 65 1 56 88 54 1 0 0 0 0 109 96 84 1 140 117 95 1 85 115 89 1 69 93 89 1 63 93 83 1
81 96 50 1 25 37 57 1 42 54 34 1 26 46 54 1 64 81 34 1 59 63 55 1 129 96 78 1 161 130 55 1 99 133 97 1 57 122 86 1 98 88 69 1 95 105 80 1 128 122 86 1 146 132 95 1 178 67 58 1 130 110 71 1 133 125 96 1 136 135 138 1 117 179 77 1 98 119 136 1 128 94 96 1 0 0 0 0 39 67 50 1 30 40 81 1 0 73 44 1 0 40 31 1 0 57 44 1 0 0 0 0 18 29 41 1 0 27 68 1 19 95 66 1 58 43 36 1 59 60 40 1 54 72 63 1 50 80 72 1 46 30 47 1 40 75 55 1 0 0 0 0 28 80 54 1 73 82 98 1 89 115 103 1 76 96 79 1 0 0 0 0 82 112 76 1 84 54 84 1 12 62 58 1 6 37 37 1 42 48 27 1 33 81 76 1 24 59 44 1 84 32 35 1 72 100 55 1 59 111 104 1 58 49 72 1 63 76 67 1 66 96 69 1 71 109 27 1 114 93 88 1 63 51 101 1 61 77 56 1 117 83 106 1 92 111 86 1 105 116 41 1 98 64 86 1 92 73 42 1
0 0 0 0 29 43 58 1 49 62 89 1 56 81 46 1 33 49 51 1 106 67 98 1 0 0 0 0 132 154 119 1 0 0 0 0 82 72 44 1 87 166 105 1 147 119 112 1 130 121 117 1 142 124 79 1 102 149 109 1 98 123 126 1 130 116 71 1 121 109 114 1 128 159 65 1 83 138 70 1 73 102 61 1 131 134 112 1 93 82 91 1 50 76 63 1 5 75 34 1 18 78 55 1 0 50 38 1 3 79 51 1 5 40 19 1 0 41 35 1 19 72 61 1 49 48 30 1 27 53 35 1 53 56 30 1 50 65 31 1 0 0 0 0 0 0 0 0 69 81 89 1 48 99 92 1 57 73 71 1 63 91 70 1 69 55 79 1 0 0 0 0 12 100 53 1 0 0 0 0 4 29 68 1 14 32 23 1 52 73 76 1 46 60 36 1 93 86 73 1 52 89 48 1 0 0 0 0 37 90 62 1 86 96 87 1 0 0 0 0 86 73 72 1 0 0 0 0 102 43 95 1 0 0 0 0 107 94 55 1 0 0 0 0 103 145 102 1 108 60 88 1 122 89 67 1 72 89 43 1
34 75 54 1 32 33 57 1 14 62 70 1 52 40 75 1 80 75 42 1 135 137 60 1 164 147 112 1 166 158 147 1 129 107 66 1 100 122 48 1 144 147 113 1 177 137 167 1 141 119 103 1 115 133 68 1 94 117 54 1 120 73 99 1 127 137 99 1 87 106 64 1 91 107 85 1 71 138 85 1 107 76 122 1 99 134 87 1 143 105 55 1 112 71 62 1 23 88 9 1 36 80 95 1 29 89 52 1 0 21 38 1 11 23 36 1 7 26 64 1 18 96 97 1 8 76 62 1 11 58 46 1 17 76 55 1 14 47 67 1 80 49 86 1 39 68 94 1 75 99 39 1 82 93 35 1 100 112 65 1 66 34 52 1 40 68 71 1 42 76 61 1 30 75 67 1 44 70 23 1 40 59 58 1 35 38 62 1 84 95 53 1 58 65 32 1 96 111 23 1 54 87 61 1 100 70 61 1 69 74 73 1 58 59 79 1 60 47 48 1 21 92 79 1 0 0 0 0 116 79 62 1 71 123 75 1 0 0 0 0 107 121 56 1 97 97 109 1 119 117 118 1 35 102 105 1 82 67 59 1
47 33 32 1 0 0 0 0 50 79 32 1 42 64 88 1 69 71 107 1 171 131 102 1 187 151 113 1 156 170 135 1 147 138 115 1 134 116 100 1 170 168 127 1 215 200 114 1 135 130 128 1 100 87 34 1 103 116 73 1 126 142 98 1 161 129 87 1 104 105 102 1 112 121 55 1 115 92 79 1 112 140 81 1 126 94 114 1 0 0 0 0 100 121 57 1 111 94 66 1 89 73 23 1 19 83 60 1 1 50 38 1 0 0 0 0 0 38 59 1 0 59 19 1 0 68 7 1 83 79 48 1 0 37 38 1 0 0 0 0 68 62 67 1 90 61 110 1 71 101 81 1 57 57 48 1 42 75 81 1 59 84 55 1 24 47 62 1 31 60 55 1 28 78 20 1 3 78 41 1 24 48 60 1 47 72 47 1 50 73 52 1 47 44 56 1 43 83 36 1 71 101 56 1 82 26 24 1 53 78 77 1 0 0 0 0 69 66 45 1 47 48 60 1 59 84 43 1 71 74 82 1 75 86 45 1 77 87 41 1 114 88 68 1 109 127 116 1 113 77 99 1 70 73 91 1 27 88 48 1
0 49 66 1 39 65 67 1 53 88 66 1 137 102 102 1 123 102 89 1 183 156 97 1 163 163 91 1 132 125 76 1 144 95 71 1 155 109 123 1 190 140 124 1 219 189 122 1 120 98 144 1 65 55 52 1 0 0 0 0 168 157 82 1 191 183 83 1 166 133 105 1 110 98 109 1 97 117 103 1 158 159 106 1 145 141 95 1 135 119 92 1 0 0 0 0 75 97 67 1 62 89 61 1 53 37 88 1 0 0 0 0 0 0 0 0 0 74 4 1 36 56 8 1 11 3 56 1 41 71 27 1 53 55 33 1 30 45 63 1 55 63 102 1 51 65 70 1 0 0 0 0 57 44 27 1 0 0 0 0 32 15 47 1 13 32 42 1 31 39 25 1 27 110 65 1 89 81 98 1 61 62 61 1 46 70 48 1 73 82 54 1 58 43 81 1 64 93 66 1 24 90 67 1 79 107 69 1 83 97 65 1 53 61 52 1 74 78 49 1 88 37 27 1 119 103 34 1 61 65 70 1 52 85 43 1 42 86 54 1 0 0 0 0 92 72 56 1 113 74 75 1 51 85 55 1 67 73 49 1
0 67 75 1 49 31 8 1 101 134 59 1 120 148 95 1 195 131 104 1 0 0 0 0 138 122 86 1 0 0 0 0 81 90 25 1 93 83 67 1 139 161 83 1 198 154 97 1 186 131 81 1 114 127 65 1 156 125 81 1 151 141 83 1 152 159 131 1 179 161 106 1 155 111 88 1 127 151 110 1 166 157 100 1 168 132 133 1 163 169 119 1 144 136 122 1 85 91 86 1 61 86 86 1 60 64 57 1 49 47 70 1 17 51 96 1 0 38 38 1 12 53 47 1 16 72 95 1 12 76 59 1 0 46 51 1 0 46 20 1 17 38 60 1 0 69 54 1 62 86 82 1 63 53 58 1 37 83 59 1 21 91 75 1 57 83 39 1 37 63 60 1 69 88 55 1 50 108 52 1 83 78 41 1 73 34 52 1 0 0 0 0 44 62 70 1 0 0 0 0 0 0 0 0 60 71 69 1 55 51 77 1 38 69 71 1 65 64 43 1 66 63 73 1 89 92 69 1 54 104 68 1 92 71 47 1 0 0 0 0 60 45 67 1 61 119 108 1 93 97 80 1 106 76 82 1 64 92 50 1
9 52 64 1 66 13 90 1 89 102 70 1 161 187 61 1 0 0 0 0 159 159 127 1 163 90 61 1 67 101 54 1 69 71 48 1 43 65 41 1 146 127 74 1 148 113 141 1 190 186 116 1 152 112 51 1 132 83 75 1 120 61 87 1 159 83 108 1 0 0 0 0 109 126 87 1 177 147 142 1 182 151 98 1 166 169 162 1 162 157 119 1 175 134 126 1 165 125 124 1 100 81 77 1 66 71 41 1 47 75 88 1 70 97 62 1 9 77 33 1 11 62 10 1 0 64 58 1 0 56 40 1 13 38 85 1 1 8 39 1 15 55 50 1 64 23 57 1 21 86 44 1 21 83 40 1 36 58 55 1 74 80 80 1 41 87 70 1 79 65 111 1 78 45 51 1 89 123 47 1 90 95 47 1 19 100 64 1 96 100 49 1 69 71 63 1 54 104 84 1 0 0 0 0 54 43 35 1 0 0 0 0 36 84 41 1 0 0 0 0 117 85 75 1 93 100 75 1 107 52 97 1 85 78 79 1 23 60 0 1 73 50 66 1 96 76 105 1 129 122 33 1 95 104 86 1 66 94 68 1
0 0 0 0 36 48 63 1 104 96 58 1 158 116 91 1 224 159 76 1 202 209 116 1 126 131 97 1 58 120 54 1 0 0 0 0 108 95 51 1 146 117 99 1 180 161 96 1 163 161 86 1 135 147 118 1 124 121 105 1 119 74 102 1 130 99 107 1 122 138 75 1 144 131 125 1 179 125 129 1 0 0 0 0 153 150 90 1 117 95 65 1 156 141 92 1 0 0 0 0 91 94 88 1 75 87 50 1 55 91 39 1 24 104 67 1 6 89 40 1 17 36 42 1 16 39 25 1 0 56 72 1 18 19 31 1 0 0 0 0 0 0 0 0 0 30 44 1 26 57 106 1 33 39 38 1 51 44 56 1 72 44 61 1 66 96 73 1 0 0 0 0 86 82 54 1 75 76 115 1 70 58 31 1 60 78 86 1 74 38 45 1 77 57 26 1 0 0 0 0 89 35 36 1 50 4 39 1 8 70 46 1 24 68 46 1 59 62 54 1 36 73 55 1 85 125 81 1 105 123 78 1 117 118 43 1 66 49 66 1 44 75 21 1 48 24 69 1 79 103 90 1 0 0 0 0 95 98 79 1
38 70 83 1 66 81 100 1 111 88 23 1 168 130 149 1 0 0 0 0 217 178 127 1 126 124 132 1 115 125 93 1 126 136 96 1 147 106 92 1 125 132 141 1 157 150 106 1 126 121 102 1 108 112 92 1 126 87 100 1 129 137 118 1 182 122 134 1 172 136 137 1 162 115 104 1 0 0 0 0 132 136 111 1 123 137 86 1 135 135 82 1 0 0 0 0 111 76 84 1 28 109 73 1 20 87 80 1 45 85 69 1 4 38 68 1 48 93 15 1 51 75 78 1 0 0 0 0 74 20 53 1 18 48 12 1 0 15 38 1 0 100 76 1 0 22 73 1 8 53 64 1 60 69 45 1 45 83 72 1 33 88 43 1 56 77 63 1 82 117 81 1 52 68 38 1 95 65 20 1 63 57 98 1 0 0 0 0 34 71 33 1 72 66 46 1 65 66 31 1 30 59 52 1 38 83 52 1 60 70 93 1 85 87 65 1 55 42 51 1 77 71 66 1 63 100 86 1 116 97 59 1 101 115 104 1 47 69 43 1 25 71 67 1 70 53 38 1 56 71 74 1 80 77 74 1 111 100 40 1
32 35 33 1 81 61 78 1 111 94 91 1 166 110 143 1 255 184 152 1 178 146 104 1 169 69 55 1 89 112 67 1 143 118 107 1 142 115 88 1 114 137 145 1 153 184 116 1 98 106 105 1 96 113 92 1 96 86 57 1 151 134 105 1 175 190 90 1 196 163 118 1 168 153 124 1 103 144 128 1 119 142 75 1 113 100 95 1 116 107 88 1 38 98 75 1 0 0 0 0 33 39 9 1 0 44 37 1 0 48 57 1 28 67 61 1 44 71 49 1 67 98 57 1 53 71 66 1 33 62 14 1 0 65 37 1 0 51 68 1 11 15 47 1 18 45 44 1 0 0 0 0 0 0 0 0 23 52 24 1 35 57 55 1 88 55 59 1 77 73 58 1 40 78 43 1 56 51 59 1 59 48 52 1 91 60 29 1 0 0 0 0 84 28 82 1 61 80 70 1 56 102 37 1 71 69 52 1 62 60 65 1 31 68 39 1 43 50 48 1 58 84 8 1 80 90 63 1 111 105 83 1 162 123 98 1 87 97 63 1 81 51 50 1 16 60 51 1 57 82 55 1 107 115 83 1 71 77 76 1
75 70 29 1 98 71 66 1 133 71 80 1 172 174 108 1 209 173 148 1 0 0 0 0 0 0 0 0 191 135 102 1 207 153 105 1 175 115 137 1 153 143 84 1 175 137 162 1 0 0 0 0 143 104 70 1 102 120 75 1 0 0 0 0 201 125 130 1 214 176 141 1 189 138 110 1 171 191 134 1 135 121 141 1 92 118 59 1 25 49 81 1 0 0 0 0 17 11 62 1 25 67 22 1 2 6 25 1 50 45 85 1 40 92 28 1 78 117 96 1 125 83 105 1 102 90 36 1 60 115 56 1 0 50 58 1 0 73 44 1 31 69 29 1 0 0 0 0 0 81 69 1 20 43 26 1 50 41 81 1 3 68 52 1 78 36 57 1 55 89 62 1 59 60 97 1 68 92 48 1 59 82 66 1 94 79 68 1 69 90 79 1 84 92 44 1 96 98 95 1 72 88 62 1 62 25 55 1 65 28 98 1 77 89 97 1 59 63 46 1 82 60 9 1 116 127 110 1 117 105 33 1 139 105 148 1 102 105 106 1 0 0 0 0 27 30 59 1 0 0 0 0 92 82 54 1 73 97 107 1
59 56 59 1 98 127 58 1 136 99 131 1 171 150 90 1 153 108 112 1 102 102 80 1 108 135 69 1 189 145 97 1 197 173 110 1 201 152 150 1 210 138 124 1 240 124 133 1 159 158 110 1 176 128 99 1 174 119 60 1 201 136 153 1 194 110 97 1 194 162 133 1 180 156 103 1 159 142 113 1 99 121 107 1 98 104 93 1 70 51 33 1 0 58 71 1 20 89 20 1 0 79 21 1 19 68 48 1 38 73 100 1 95 131 79 1 143 153 97 1 174 138 110 1 124 111 45 1 111 48 63 1 30 51 61 1 15 29 6 1 32 44 72 1 0 44 71 1 42 48 67 1 23 42 40 1 0 0 0 0 13 58 80 1 49 66 84 1 37 58 40 1 42 71 67 1 83 69 14 1 53 95 41 1 34 55 44 1 70 52 51 1 79 64 65 1 65 91 70 1 64 99 54 1 55 86 66 1 70 67 44 1 35 89 57 1 69 64 75 1 41 70 56 1 77 54 119 1 117 119 72 1 88 96 76 1 61 119 59 1 76 105 59 1 21 63 58 1 80 86 113 1 105 108 49 1 0 0 0 0
93 117 38 1 120 135 79 1 164 146 145 1 204 144 83 1 0 0 0 0 142 120 78 1 118 121 118 1 0 0 0 0 0 0 0 0 0 0 0 0 217 156 134 1 171 143 126 1 193 172 137 1 209 181 108 1 0 0 0 0 158 126 96 1 0 0 0 0 145 139 84 1 139 146 101 1 101 106 51 1 62 58 37 1 53 44 53 1 2 69 48 1 19 75 50 1 0 0 0 0 78 44 81 1 75 75 51 1 151 130 112 1 144 118 106 1 168 149 79 1 175 174 98 1 0 0 0 0 57 74 44 1 12 82 9 1 0 0 0 0 21 51 54 1 11 87 34 1 0 62 42 1 34 45 21 1 8 17 13 1 9 47 55 1 0 0 0 0 54 50 72 1 68 82 62 1 0 0 0 0 37 67 38 1 32 26 80 1 58 72 55 1 0 0 0 0 77 83 59 1 87 53 96 1 50 69 42 1 0 0 0 0 47 84 74 1 69 31 40 1 50 70 70 1 54 95 60 1 77 95 82 1 44 105 47 1 119 82 64 1 73 113 69 1 81 90 98 1 48 63 63 1 0 0 0 0 93 69 72 1
56 65 42 1 114 106 90 1 191 191 140 1 175 181 105 1 97 130 66 1 71 108 114 1 164 144 87 1 204 213 114 1 208 174 136 1 175 164 123 1 153 158 100 1 0 0 0 0 227 158 123 1 198 185 140 1 0 0 0 0 185 123 94 1 0 0 0 0 105 96 85 1 91 90 39 1 61 101 72 1 56 60 69 1 15 39 51 1 30 51 24 1 17 71 52 1 81 105 83 1 114 101 93 1 113 133 56 1 175 130 86 1 117 131 110 1 0 0 0 0 183 159 121 1 114 129 115 1 68 97 91 1 64 48 62 1 29 58 58 1 80 133 32 1 0 0 0 0 57 64 104 1 75 108 61 1 0 64 44 1 0 0 0 0 23 99 20 1 49 76 57 1 67 63 87 1 73 44 60 1 39 54 86 1 28 72 57 1 52 56 67 1 80 70 85 1 36 68 61 1 40 77 59 1 49 75 46 1 69 72 55 1 48 75 52 1 0 0 0 0 100 45 65 1 75 46 40 1 97 140 87 1 145 74 102 1 104 60 48 1 58 70 88 1 65 42 59 1 25 61 83 1 50 78 55 1 0 0 0 0
61 113 47 1 134 94 64 1 186 149 126 1 169 138 142 1 119 122 109 1 75 67 65 1 138 134 134 1 225 147 122 1 0 0 0 0 177 152 75 1 188 183 131 1 167 149 120 1 226 169 123 1 184 153 137 1 183 137 106 1 117 103 64 1 85 95 84 1 49 88 60 1 72 80 73 1 18 56 52 1 28 66 82 1 0 0 0 0 0 0 0 0 49 69 98 1 73 122 67 1 112 90 92 1 0 0 0 0 128 146 117 1 114 160 107 1 139 103 149 1 120 101 96 1 55 74 108 1 41 69 93 1 45 119 31 1 11 96 72 1 97 143 57 1 55 159 110 1 0 0 0 0 46 103 37 1 0 73 56 1 14 18 51 1 48 41 4 1 36 56 76 1 59 67 61 1 20 62 78 1 56 75 104 1 35 43 54 1 78 76 105 1 36 66 64 1 0 0 0 0 0 54 77 1 58 79 25 1 38 97 43 1 43 73 67 1 34 64 91 1 29 61 88 1 84 99 73 1 93 129 130 1 0 0 0 0 114 92 85 1 83 60 60 1 41 71 77 1 0 0 0 0 68 72 35 1 78 109 66 1
106 48 57 1 135 108 114 1 0 0 0 0 123 140 106 1 47 88 57 1 131 61 23 1 204 174 80 1 204 177 137 1 169 155 162 1 135 118 120 1 148 136 83 1 154 118 90 1 174 149 100 1 115 173 120 1 127 118 106 1 122 135 115 1 148 112 62 1 57 136 81 1 90 92 82 1 41 58 72 1 0 0 0 0 19 97 87 1 81 116 77 1 113 77 110 1 165 139 32 1 148 173 87 1 173 112 100 1 115 87 71 1 85 95 95 1 91 102 95 1 98 80 84 1 106 62 70 1 0 0 0 0 111 93 67 1 49 87 91 1 121 141 104 1 182 147 133 1 103 105 91 1 58 40 81 1 17 62 78 1 0 81 37 1 0 47 40 1 0 56 13 1 62 45 63 1 44 86 84 1 77 71 77 1 48 90 65 1 83 92 77 1 58 58 43 1 74 67 79 1 0 0 0 0 64 71 60 1 48 60 56 1 18 67 66 1 49 72 51 1 109 36 61 1 98 83 65 1 0 0 0 0 48 81 83 1 68 85 52 1 97 123 33 1 65 81 81 1 74 78 46 1 56 42 34 1 70 76 35 1
97 76 97 1 160 189 144 1 181 147 141 1 0 0 0 0 92 91 28 1 121 93 98 1 207 164 110 1 205 180 142 1 237 144 143 1 107 102 129 1 0 0 0 0 98 106 107 1 113 82 88 1 106 130 95 1 125 114 71 1 163 126 106 1 157 90 85 1 72 119 80 1 96 72 101 1 21 76 65 1 78 85 44 1 65 56 46 1 0 0 0 0 158 165 80 1 174 169 97 1 144 129 110 1 147 150 109 1 108 120 76 1 78 118 84 1 126 100 87 1 123 121 54 1 102 85 78 1 104 117 111 1 112 126 133 1 124 93 76 1 105 91 46 1 145 115 85 1 0 0 0 0 0 0 0 0 65 39 51 1 47 71 48 1 0 0 0 0 0 41 0 1 4 31 37 1 3 61 44 1 47 69 76 1 60 39 52 1 31 82 55 1 0 0 0 0 65 106 54 1 48 104 97 1 72 98 32 1 38 91 96 1 85 41 53 1 0 0 0 0 75 102 64 1 94 86 74 1 84 119 73 1 74 83 48 1 80 95 92 1 65 64 54 1 95 91 114 1 52 64 21 1 72 57 65 1 47 65 57 1
147 142 95 1 176 209 103 1 173 144 93 1 0 0 0 0 86 107 102 1 143 158 142 1 0 0 0 0 169 172 102 1 148 100 116 1 84 97 64 1 96 110 86 1 78 63 56 1 95 115 68 1 108 86 54 1 100 110 88 1 174 123 86 1 174 146 130 1 139 102 91 1 73 88 56 1 73 45 62 1 80 68 52 1 97 84 66 1 169 194 102 1 185 186 116 1 155 168 86 1 181 137 109 1 125 138 86 1 143 134 103 1 109 108 69 1 99 107 76 1 145 107 79 1 121 125 97 1 149 167 118 1 139 148 113 1 112 117 87 1 120 136 64 1 110 111 49 1 108 86 76 1 133 112 78 1 87 82 96 1 75 102 65 1 50 50 37 1 10 87 0 1 5 69 13 1 8 35 85 1 13 29 79 1 69 51 36 1 51 63 25 1 59 67 65 1 38 15 94 1 41 63 64 1 47 80 73 1 53 62 33 1 42 32 46 1 20 64 48 1 61 65 42 1 89 80 95 1 98 90 71 1 75 119 71 1 97 49 47 1 95 67 110 1 0 0 0 0 103 47 51 1 7 75 46 1 47 53 16 1
132 139 101 1 178 167 129 1 159 131 76 1 134 135 90 1 151 93 104 1 175 169 145 1 165 147 136 1 199 137 161 1 101 90 74 1 112 109 86 1 151 87 99 1 123 107 74 1 120 142 108 1 145 105 126 1 0 0 0 0 136 133 94 1 163 110 103 1 146 88 90 1 90 89 44 1 0 0 0 0 43 60 72 1 136 117 71 1 142 140 82 1 208 128 111 1 0 0 0 0 104 124 80 1 111 145 105 1 172 135 85 1 0 0 0 0 151 135 119 1 143 173 98 1 162 120 117 1 144 184 97 1 129 111 126 1 113 121 77 1 118 95 105 1 157 120 73 1 112 93 131 1 112 116 110 1 102 129 128 1 82 86 106 1 64 56 64 1 0 63 53 1 18 78 22 1 1 62 53 1 23 57 65 1 70 84 60 1 28 85 48 1 73 70 73 1 54 69 57 1 76 34 24 1 0 0 0 0 58 6 79 1 48 26 21 1 63 61 34 1 66 59 37 1 65 82 100 1 88 52 67 1 106 102 60 1 74 93 74 1 52 65 32 1 39 62 71 1 78 43 57 1 70 61 40 1 44 102 26 1
150 145 79 1 211 119 104 1 120 156 143 1 77 125 71 1 90 68 72 1 172 138 168 1 0 0 0 0 170 141 123 1 127 135 67 1 138 136 99 1 135 150 103 1 182 166 82 1 198 148 110 1 0 0 0 0 186 161 111 1 160 158 103 1 130 113 116 1 78 95 62 1 80 83 93 1 103 82 66 1 94 98 110 1 130 114 132 1 169 85 67 1 165 156 93 1 161 132 106 1 138 112 41 1 131 112 110 1 0 0 0 0 161 94 80 1 165 127 121 1 130 133 100 1 129 131 72 1 102 126 84 1 104 120 76 1 109 128 45 1 133 87 70 1 59 133 39 1 87 59 67 1 61 100 68 1 119 114 91 1 67 87 74 1 44 96 68 1 0 0 0 0 16 29 74 1 0 44 40 1 0 61 22 1 8 65 44 1 69 24 44 1 0 0 0 0 43 68 42 1 83 72 75 1 100 59 53 1 57 81 115 1 0 88 25 1 34 48 40 1 69 23 57 1 69 79 67 1 70 82 48 1 111 67 87 1 0 0 0 0 102 78 67 1 92 54 106 1 86 51 126 1 0 0 0 0 53 85 48 1
167 126 135 1 195 201 140 1 163 160 118 1 131 66 79 1 76 93 83 1 191 140 118 1 213 160 134 1 181 178 134 1 148 116 107 1 190 161 110 1 177 153 140 1 208 154 148 1 126 178 73 1 0 0 0 0 171 154 114 1 135 120 86 1 91 126 82 1 92 79 34 1 71 60 97 1 77 91 71 1 117 95 71 1 153 138 92 1 208 171 139 1 173 197 123 1 174 162 131 1 204 172 91 1 234 142 125 1 217 187 117 1 175 146 121 1 142 124 68 1 152 87 77 1 0 0 0 0 117 115 75 1 100 113 97 1 107 109 74 1 0 0 0 0 53 46 45 1 15 118 106 1 78 78 57 1 123 70 81 1 76 87 94 1 122 104 74 1 50 102 80 1 50 84 50 1 0 67 68 1 0 0 0 0 0 0 0 0 25 33 54 1 40 77 59 1 69 73 57 1 109 73 74 1 41 89 34 1 65 125 29 1 66 83 56 1 14 58 20 1 25 53 55 1 47 78 33 1 95 85 36 1 26 61 23 1 101 60 82 1 139 64 81 1 41 72 87 1 60 73 54 1 73 76 79 1 70 74 67 1
212 156 107 1 203 195 130 1 164 147 100 1 117 115 87 1 102 115 53 1 201 145 141 1 210 185 156 1 188 184 114 1 0 0 0 0 139 138 86 1 148 154 114 1 144 140 126 1 130 154 93 1 137 179 124 1 107 82 109 1 91 128 74 1 94 100 94 1 87 101 111 1 94 87 68 1 109 125 87 1 161 157 125 1 0 0 0 0 223 166 166 1 212 144 143 1 185 149 100 1 221 159 106 1 206 168 124 1 255 226 152 1 168 169 109 1 168 119 118 1 70 92 36 1 0 0 0 0 174 116 83 1 185 145 138 1 97 151 55 1 68 112 55 1 43 59 55 1 94 84 50 1 66 97 63 1 153 106 74 1 153 138 87 1 142 122 100 1 140 144 90 1 55 99 35 1 53 39 46 1 55 88 75 1 0 0 0 0 8 0 14 1 0 0 0 0 57 61 65 1 51 58 37 1 36 75 101 1 47 61 47 1 64 43 76 1 25 61 72 1 71 53 51 1 68 56 51 1 41 78 82 1 86 105 86 1 113 64 100 1 36 85 98 1 93 102 47 1 99 74 69 1 65 78 98 1 48 58 73 1
110 181 123 1 211 205 133 1 201 138 108 1 138 160 109 1 0 0 0 0 202 200 132 1 190 164 121 1 120 94 127 1 117 128 71 1 108 116 84 1 110 128 106 1 130 107 103 1 0 0 0 0 142 115 76 1 114 119 135 1 93 130 88 1 94 107 44 1 93 131 97 1 0 0 0 0 150 133 79 1 148 132 93 1 224 186 115 1 177 185 170 1 164 142 119 1 145 122 94 1 129 143 101 1 129 150 100 1 226 205 168 1 212 168 156 1 154 139 97 1 131 131 76 1 120 67 85 1 162 144 119 1 130 166 114 1 50 106 104 1 84 69 93 1 73 117 60 1 115 101 103 1 140 152 84 1 134 132 97 1 146 146 151 1 168 116 98 1 107 141 47 1 64 89 49 1 43 71 99 1 44 77 67 1 0 0 0 0 0 37 66 1 26 61 27 1 11 75 69 1 13 98 73 1 60 36 113 1 0 0 0 0 49 80 97 1 39 84 32 1 52 59 52 1 76 81 62 1 0 0 0 0 53 87 122 1 92 60 77 1 101 49 69 1 92 76 111 1 84 17 81 1 38 93 78 1 67 81 93 1
168 165 95 1 0 0 0 0 199 204 187 1 0 0 0 0 238 143 134 1 0 0 0 0 177 173 128 1 139 144 135 1 100 111 67 1 143 127 94 1 96 144 54 1 125 90 76 1 103 115 42 1 88 110 99 1 106 99 99 1 95 119 65 1 122 70 90 1 133 119 81 1 133 111 73 1 127 122 90 1 155 150 103 1 198 165 139 1 198 171 158 1 192 193 138 1 164 118 107 1 133 97 102 1 157 123 106 1 199 164 155 1 0 0 0 0 200 166 111 1 206 152 92 1 206 116 78 1 153 156 106 1 111 142 75 1 123 72 49 1 110 111 102 1 122 108 61 1 187 144 103 1 0 0 0 0 164 111 115 1 160 168 92 1 217 109 76 1 165 126 91 1 90 96 72 1 150 127 82 1 95 125 85 1 58 81 69 1 27 63 62 1 7 57 70 1 38 54 54 1 65 94 85 1 26 61 82 1 78 98 64 1 54 74 85 1 39 77 50 1 98 49 28 1 32 60 51 1 23 85 58 1 81 80 81 1 97 91 77 1 70 19 71 1 80 63 50 1 87 88 46 1 72 54 90 1 80 106 73 1
119 111 138 1 140 117 105 1 189 169 150 1 196 181 132 1 0 0 0 0 203 169 141 1 158 131 142 1 0 0 0 0 140 112 127 1 144 135 106 1 146 130 154 1 126 130 101 1 118 88 76 1 125 169 92 1 138 145 144 1 102 112 96 1 116 89 60 1 33 111 109 1 114 62 68 1 89 110 105 1 159 132 92 1 145 192 88 1 189 140 151 1 168 153 114 1 108 135 84 1 97 106 66 1 120 131 76 1 133 139 113 1 180 147 136 1 180 175 136 1 209 163 151 1 182 169 97 1 139 76 118 1 93 89 104 1 98 101 124 1 130 96 63 1 126 115 107 1 192 144 143 1 184 170 133 1 154 124 117 1 184 142 86 1 0 0 0 0 0 0 0 0 129 157 126 1 129 125 133 1 98 110 90 1 79 91 79 1 78 85 37 1 0 0 0 0 31 37 76 1 30 49 32 1 33 51 33 1 6 84 70 1 76 63 29 1 42 80 77 1 53 45 61 1 23 78 63 1 76 88 58 1 85 95 54 1 54 108 73 1 29 50 53 1 48 49 83 1 77 73 63 1 66 72 81 1 42 71 50 1
113 112 72 1 0 0 0 0 201 190 136 1 166 178 120 1 172 184 78 1 162 162 119 1 159 165 80 1 160 122 155 1 213 135 90 1 187 155 177 1 188 123 102 1 157 128 65 1 125 84 82 1 85 107 75 1 105 97 71 1 80 103 76 1 63 39 33 1 83 108 57 1 68 90 92 1 109 122 105 1 119 108 83 1 124 154 94 1 133 130 96 1 151 154 118 1 148 99 82 1 111 107 78 1 141 94 68 1 140 137 89 1 171 90 144 1 166 148 116 1 0 0 0 0 160 107 115 1 90 111 96 1 77 69 51 1 81 105 61 1 109 76 53 1 148 126 61 1 184 137 130 1 208 167 133 1 180 127 134 1 191 175 119 1 229 144 121 1 208 148 147 1 204 148 146 1 149 120 103 1 131 99 65 1 140 94 50 1 56 124 49 1 0 0 0 0 18 30 68 1 0 0 0 0 17 57 42 1 27 105 53 1 84 63 76 1 30 54 52 1 39 62 39 1 61 77 69 1 89 92 70 1 102 52 80 1 48 51 33 1 31 43 71 1 51 70 49 1 63 74 58 1 45 77 51 1 25 65 27 1
175 116 104 1 161 113 98 1 130 157 100 1 0 0 0 0 159 143 110 1 79 92 112 1 116 126 72 1 123 107 117 1 171 158 142 1 145 156 91 1 156 120 77 1 112 135 141 1 122 167 117 1 101 95 81 1 123 111 26 1 87 94 61 1 58 77 62 1 98 62 68 1 100 96 130 1 0 0 0 0 127 126 89 1 107 131 76 1 95 71 62 1 110 93 74 1 141 120 117 1 140 168 135 1 152 115 110 1 131 127 103 1 132 123 62 1 152 108 111 1 141 140 154 1 128 99 89 1 0 0 0 0 149 128 120 1 117 132 109 1 149 146 78 1 116 114 113 1 0 0 0 0 206 168 113 1 152 176 115 1 187 193 166 1 224 163 135 1 184 163 149 1 158 164 82 1 129 129 77 1 118 123 78 1 138 136 90 1 70 71 81 1 56 58 62 1 19 89 45 1 0 0 0 0 0 74 79 1 13 48 41 1 37 97 55 1 50 54 97 1 63 92 87 1 23 119 72 1 0 0 0 0 64 124 96 1 0 0 0 0 47 58 29 1 0 0 0 0 48 53 80 1 22 82 49 1 38 62 59 1
154 107 103 1 138 146 65 1 123 143 118 1 90 112 97 1 92 78 93 1 114 126 96 1 132 108 111 1 184 104 112 1 89 133 117 1 99 89 80 1 123 112 115 1 120 145 123 1 143 126 105 1 105 126 94 1 129 134 124 1 135 150 95 1 126 124 83 1 80 112 116 1 0 0 0 0 194 174 134 1 177 140 150 1 114 101 114 1 95 93 62 1 75 97 67 1 114 97 115 1 130 116 84 1 155 133 106 1 114 157 89 1 165 165 103 1 0 0 0 0 0 0 0 0 67 91 69 1 0 0 0 0 172 164 72 1 180 149 112 1 210 137 94 1 188 176 77 1 175 141 105 1 188 161 100 1 150 204 118 1 229 200 142 1 194 176 126 1 140 179 145 1 0 0 0 0 122 103 38 1 101 128 67 1 160 67 116 1 84 127 76 1 21 87 23 1 37 67 64 1 22 20 53 1 20 49 20 1 0 8 25 1 26 15 61 1 9 66 50 1 49 64 85 1 0 0 0 0 70 104 40 1 59 65 34 1 53 47 55 1 39 28 46 1 50 63 120 1 0 0 0 0 36 69 74 1 0 71 73 1
148 144 95 1 138 121 73 1 109 71 71 1 62 95 112 1 106 90 69 1 136 102 115 1 131 111 64 1 136 117 77 1 80 113 72 1 77 105 73 1 94 61 83 1 137 157 133 1 141 162 129 1 167 102 133 1 180 157 122 1 156 141 126 1 141 135 112 1 144 142 122 1 196 167 137 1 212 209 148 1 162 164 146 1 140 114 59 1 124 96 69 1 98 81 70 1 115 101 99 1 126 93 86 1 0 0 0 0 151 105 60 1 183 129 103 1 133 116 71 1 0 0 0 0 61 36 66 1 0 0 0 0 194 140 64 1 204 106 86 1 214 148 123 1 145 153 125 1 152 148 109 1 168 125 97 1 188 136 97 1 221 175 138 1 234 180 150 1 109 141 67 1 61 110 80 1 89 93 73 1 158 108 96 1 116 144 128 1 0 0 0 0 40 60 74 1 32 53 24 1 42 34 58 1 22 82 38 1 6 63 53 1 28 30 37 1 23 68 72 1 42 61 33 1 11 81 97 1 0 0 0 0 66 73 29 1 39 63 61 1 59 90 39 1 22 64 69 1 40 56 59 1 24 67 36 1 2 81 80 1
125 103 85 1 92 96 62 1 92 96 70 1 93 90 90 1 123 94 82 1 115 161 109 1 128 97 103 1 87 107 76 1 97 87 42 1 112 116 65 1 0 0 0 0 152 173 107 1 159 145 110 1 162 158 111 1 182 151 175 1 174 160 94 1 152 109 129 1 136 158 148 1 184 177 153 1 192 169 129 1 165 206 124 1 133 131 71 1 97 95 69 1 92 70 57 1 89 99 96 1 123 67 81 1 102 72 36 1 125 95 63 1 146 173 106 1 0 0 0 0 0 0 0 0 84 68 81 1 68 115 118 1 156 104 50 1 0 0 0 0 0 0 0 0 205 150 96 1 178 158 103 1 165 119 89 1 165 152 122 1 245 186 137 1 213 165 141 1 142 158 104 1 0 0 0 0 143 75 83 1 0 0 0 0 121 171 58 1 73 116 57 1 50 30 36 1 0 0 0 0 0 76 45 1 0 35 15 1 18 66 50 1 0 64 36 1 1 45 64 1 16 83 44 1 33 92 41 1 0 0 0 0 42 43 53 1 54 48 59 1 10 74 63 1 0 37 49 1 51 46 54 1 0 78 37 1 0 61 37 1
119 87 76 1 93 110 69 1 99 124 78 1 108 98 70 1 96 93 95 1 144 139 166 1 167 153 101 1 121 106 68 1 109 100 85 1 134 122 64 1 151 146 113 1 149 212 110 1 135 117 106 1 172 133 90 1 150 194 117 1 175 122 146 1 115 113 152 1 153 120 86 1 182 170 131 1 183 137 115 1 161 103 94 1 124 86 40 1 97 127 99 1 94 115 91 1 108 87 80 1 0 0 0 0 115 102 55 1 128 132 113 1 155 142 146 1 138 141 120 1 98 80 68 1 14 43 45 1 45 97 56 1 149 127 98 1 163 125 76 1 182 165 99 1 200 162 96 1 180 117 90 1 0 0 0 0 0 0 0 0 172 111 112 1 168 163 115 1 151 162 96 1 128 123 54 1 140 135 104 1 168 89 119 1 127 110 71 1 90 68 60 1 54 105 50 1 53 61 94 1 29 89 34 1 12 72 54 1 0 56 30 1 0 41 51 1 19 48 50 1 13 48 53 1 46 41 69 1 74 98 66 1 0 0 0 0 38 67 32 1 60 102 71 1 62 65 61 1 21 67 50 1 20 83 73 1 29 54 85 1
95 87 70 1 92 99 49 1 108 101 61 1 155 149 81 1 0 0 0 0 195 153 105 1 177 115 108 1 118 96 107 1 150 132 110 1 158 162 105 1 181 153 96 1 142 172 111 1 183 165 101 1 177 156 135 1 152 145 122 1 111 110 127 1 114 95 81 1 113 111 93 1 190 124 87 1 152 127 88 1 124 151 120 1 107 114 115 1 127 129 58 1 161 86 83 1 194 127 105 1 0 0 0 0 126 124 106 1 157 146 87 1 159 116 103 1 91 101 94 1 75 76 42 1 57 74 21 1 163 126 63 1 144 116 120 1 167 140 117 1 152 142 84 1 191 140 144 1 183 150 121 1 189 166 96 1 177 134 80 1 127 125 84 1 101 102 117 1 111 156 87 1 113 112 95 1 171 152 107 1 194 118 101 1 131 117 102 1 0 0 0 0 56 84 82 1 68 60 61 1 40 28 41 1 17 52 73 1 25 32 33 1 0 56 17 1 6 40 34 1 30 38 53 1 3 97 37 1 23 26 68 1 0 0 0 0 0 0 0 0 31 102 79 1 3 28 30 1 26 26 65 1 13 77 19 1 7 56 29 1
37 76 81 1 46 60 51 1 70 68 73 1 125 172 86 1 213 173 119 1 165 168 107 1 121 119 55 1 137 143 118 1 0 0 0 0 159 117 140 1 0 0 0 0 140 104 97 1 146 127 99 1 0 0 0 0 141 146 128 1 0 0 0 0 113 105 58 1 110 109 87 1 119 122 63 1 159 147 123 1 177 156 83 1 130 123 114 1 136 126 108 1 148 136 105 1 201 144 99 1 187 116 127 1 186 139 100 1 148 115 121 1 128 90 127 1 92 97 70 1 96 100 66 1 131 152 84 1 187 156 129 1 0 0 0 0 0 0 0 0 167 145 119 1 168 152 82 1 170 141 96 1 162 173 86 1 116 131 85 1 110 128 72 1 78 113 42 1 90 120 92 1 137 114 101 1 0 0 0 0 198 137 113 1 0 0 0 0 94 90 64 1 83 114 102 1 0 0 0 0 0 54 75 1 47 50 58 1 33 34 54 1 37 29 58 1 41 62 37 1 11 82 53 1 36 77 62 1 73 46 22 1 60 66 54 1 14 91 20 1 23 78 17 1 8 46 47 1 23 35 28 1 18 57 46 1 0 67 55 1
78 45 61 1 52 54 33 1 100 97 82 1 98 131 107 1 99 147 121 1 175 139 120 1 143 96 62 1 128 161 123 1 0 0 0 0 138 178 165 1 131 96 102 1 159 118 94 1 139 100 75 1 127 112 96 1 119 109 81 1 130 82 110 1 105 115 110 1 150 103 124 1 175 161 66 1 194 178 100 1 207 157 149 1 187 136 110 1 116 103 132 1 122 123 93 1 184 153 129 1 216 148 140 1 203 184 111 1 125 115 57 1 96 113 87 1 141 111 85 1 157 125 122 1 198 182 133 1 232 192 167 1 228 219 107 1 221 176 101 1 156 136 85 1 148 92 84 1 84 145 91 1 95 122 99 1 101 147 64 1 104 111 39 1 114 116 88 1 162 144 108 1 187 157 105 1 126 170 46 1 179 125 39 1 98 104 106 1 132 137 102 1 115 97 40 1 72 69 63 1 0 57 40 1 12 62 41 1 0 56 7 1 0 0 0 0 0 43 46 1 11 89 36 1 19 49 64 1 14 58 56 1 1 65 15 1 17 39 51 1 0 46 26 1 20 52 39 1 12 71 58 1 0 24 16 1 0 62 47 1
34 56 81 1 37 34 62 1 29 61 78 1 66 62 80 1 73 135 69 1 119 113 69 1 135 90 127 1 0 0 0 0 169 205 145 1 160 149 75 1 159 146 103 1 111 118 74 1 107 102 74 1 107 88 98 1 96 99 47 1 0 0 0 0 110 96 94 1 208 135 165 1 188 205 142 1 228 186 123 1 225 159 92 1 130 104 120 1 120 110 54 1 148 143 92 1 205 173 139 1 204 163 122 1 176 123 101 1 121 111 97 1 102 119 41 1 135 142 152 1 255 211 147 1 246 170 143 1 196 197 141 1 202 175 106 1 211 164 79 1 149 123 118 1 144 112 69 1 58 60 80 1 94 100 67 1 88 96 36 1 76 107 79 1 122 145 92 1 143 179 137 1 228 144 123 1 156 186 124 1 136 110 102 1 103 153 135 1 103 145 88 1 52 128 103 1 15 75 69 1 0 103 93 1 0 0 0 0 28 86 76 1 71 69 46 1 77 28 46 1 77 80 50 1 75 131 74 1 0 0 0 0 22 35 38 1 19 47 64 1 28 82 42 1 0 48 23 1 0 65 18 1 0 68 45 1 0 42 26 1
44 57 38 1 57 68 72 1 52 58 57 1 27 50 46 1 64 119 103 1 74 98 75 1 0 0 0 0 77 136 58 1 153 147 64 1 154 135 97 1 190 183 145 1 170 135 127 1 132 122 99 1 0 0 0 0 70 82 66 1 65 104 75 1 90 112 102 1 154 167 149 1 227 150 92 1 0 0 0 0 170 129 76 1 169 100 159 1 143 117 108 1 186 135 115 1 165 142 158 1 220 178 116 1 0 0 0 0 113 136 82 1 132 119 95 1 175 130 124 1 0 0 0 0 215 181 91 1 220 206 142 1 225 178 143 1 0 0 0 0 116 132 61 1 84 115 87 1 86 76 47 1 114 108 118 1 135 119 64 1 152 97 123 1 158 153 107 1 208 197 123 1 0 0 0 0 143 130 88 1 145 139 99 1 132 120 76 1 98 93 60 1 0 0 0 0 6 27 43 1 0 28 46 1 46 89 24 1 92 59 46 1 95 90 73 1 116 116 69 1 132 115 93 1 128 88 121 1 43 26 80 1 0 64 26 1 16 16 33 1 6 64 12 1 0 91 39 1 12 14 32 1 0 26 31 1 48 55 42 1
65 80 53 1 15 75 70 1 13 72 76 1 0 0 0 0 105 101 90 1 76 45 65 1 14 64 56 1 0 0 0 0 101 134 61 1 189 104 88 1 0 0 0 0 230 180 109 1 155 77 64 1 80 97 93 1 83 78 66 1 70 57 100 1 82 141 92 1 168 129 114 1 130 137 64 1 115 139 87 1 97 100 96 1 111 118 104 1 181 148 106 1 171 124 103 1 199 136 57 1 177 159 117 1 166 149 101 1 150 129 96 1 123 128 101 1 162 116 50 1 218 199 120 1 231 197 134 1 204 174 118 1 174 180 139 1 143 181 125 1 169 173 68 1 125 122 90 1 128 155 71 1 163 144 115 1 167 151 90 1 190 124 94 1 0 0 0 0 216 183 126 1 186 184 159 1 0 0 0 0 124 102 44 1 109 123 75 1 47 84 52 1 37 54 96 1 0 29 27 1 0 40 46 1 41 93 101 1 102 116 109 1 106 106 104 1 0 0 0 0 0 0 0 0 154 114 125 1 77 82 150 1 13 33 76 1 0 0 0 0 0 47 20 1 9 67 0 1 18 73 36 1 30 65 75 1 44 24 52 1
59 68 90 1 70 54 40 1 56 73 53 1 74 104 98 1 71 87 62 1 37 45 70 1 0 0 0 0 26 44 54 1 21 85 57 1 131 123 105 1 156 143 124 1 130 166 107 1 151 162 122 1 123 97 83 1 114 115 82 1 102 109 65 1 97 124 84 1 112 100 92 1 117 116 33 1 70 106 69 1 110 62 62 1 102 87 48 1 126 95 74 1 170 124 88 1 155 166 101 1 166 151 100 1 183 193 138 1 135 96 103 1 135 115 79 1 163 161 95 1 158 185 122 1 252 207 129 1 0 0 0 0 182 148 123 1 221 168 113 1 0 0 0 0 152 166 113 1 135 158 94 1 177 137 107 1 153 150 102 1 138 182 93 1 195 116 113 1 148 190 123 1 201 196 126 1 153 123 125 1 134 119 121 1 179 131 106 1 91 79 88 1 59 21 58 1 17 52 70 1 8 56 52 1 0 0 0 0 118 130 105 1 163 101 102 1 146 138 122 1 196 149 114 1 134 158 110 1 110 83 93 1 50 65 49 1 0 70 75 1 20 41 15 1 0 31 25 1 14 97 87 1 21 44 63 1 47 36 0 1
45 56 22 1 0 0 0 0 54 78 51 1 94 90 97 1 102 91 92 1 69 89 63 1 33 76 31 1 28 59 52 1 26 44 59 1 59 111 87 1 128 115 113 1 147 158 135 1 155 131 112 1 146 110 123 1 124 138 98 1 137 150 103 1 116 141 109 1 41 105 79 1 79 73 52 1 56 69 83 1 18 143 125 1 77 80 86 1 117 101 127 1 150 101 133 1 147 162 117 1 183 148 112 1 145 146 108 1 163 125 55 1 197 147 77 1 206 147 109 1 0 0 0 0 230 216 188 1 223 226 90 1 193 178 113 1 222 215 132 1 238 155 133 1 227 168 124 1 158 114 127 1 160 166 73 1 155 199 134 1 125 193 86 1 168 156 118 1 0 0 0 0 168 173 112 1 0 0 0 0 172 129 118 1 123 116 100 1 99 50 85 1 57 84 50 1 46 77 66 1 94 111 43 1 153 75 116 1 168 132 117 1 165 160 87 1 190 137 90 1 173 181 115 1 120 129 99 1 61 111 75 1 0 0 0 0 0 36 57 1 0 0 0 0 37 2 23 1 0 51 63 1 0 0 0 0 19 91 61 1
70 91 38 1 49 39 47 1 81 56 43 1 90 74 89 1 65 61 98 1 18 52 72 1 35 22 55 1 4 68 53 1 0 0 0 0 16 95 50 1 23 89 77 1 81 72 48 1 0 0 0 0 134 111 104 1 141 110 137 1 133 126 126 1 94 122 75 1 108 77 87 1 86 75 54 1 14 86 91 1 0 0 0 0 63 56 63 1 75 92 53 1 110 81 75 1 158 79 103 1 107 115 106 1 0 0 0 0 83 83 69 1 135 98 95 1 117 150 99 1 168 152 96 1 0 0 0 0 228 192 176 1 255 174 122 1 0 0 0 0 255 178 167 1 240 162 115 1 194 109 89 1 156 148 46 1 155 154 94 1 160 153 105 1 149 158 127 1 205 194 135 1 152 133 127 1 139 180 89 1 148 128 102 1 66 114 86 1 63 91 90 1 70 92 84 1 111 80 91 1 117 130 116 1 0 0 0 0 202 144 103 1 163 131 123 1 163 119 98 1 0 0 0 0 0 0 0 0 91 55 103 1 81 80 72 1 65 93 50 1 54 46 50 1 26 11 69 1 1 21 44 1 12 9 26 1 43 87 33 1
0 0 0 0 69 108 67 1 30 66 113 1 99 66 71 1 74 75 80 1 40 42 72 1 57 54 41 1 45 79 68 1 16 31 54 1 22 73 3 1 8 51 74 1 7 2 60 1 17 62 19 1 76 72 19 1 139 107 99 1 145 138 91 1 127 126 100 1 130 110 88 1 154 105 97 1 114 70 93 1 78 114 106 1 34 80 74 1 74 95 68 1 119 76 85 1 0 0 0 0 135 82 75 1 0 0 0 0 69 64 81 1 81 77 87 1 123 133 63 1 121 98 82 1 200 175 123 1 219 204 110 1 245 204 150 1 227 205 159 1 234 212 206 1 0 0 0 0 198 133 121 1 172 150 139 1 0 0 0 0 118 103 57 1 159 138 114 1 124 151 112 1 123 117 82 1 161 110 114 1 114 98 122 1 74 85 57 1 62 113 53 1 0 0 0 0 167 137 56 1 0 0 0 0 0 0 0 0 124 143 77 1 168 154 106 1 194 127 131 1 115 128 92 1 0 0 0 0 110 97 96 1 63 73 88 1 73 22 75 1 0 0 0 0 30 48 82 1 7 27 21 1 0 51 46 1 51 53 63 1
43 46 48 1 62 43 53 1 67 37 76 1 55 52 61 1 0 0 0 0 51 88 70 1 51 73 69 1 62 58 74 1 28 72 67 1 70 42 34 1 13 64 62 1 0 31 52 1 46 32 28 1 0 0 0 0 94 140 103 1 123 137 127 1 122 149 127 1 156 111 124 1 137 177 148 1 142 121 112 1 125 111 100 1 64 128 105 1 90 108 126 1 0 0 0 0 116 89 116 1 129 121 76 1 93 115 59 1 142 119 61 1 97 129 89 1 130 130 91 1 168 148 81 1 152 168 91 1 180 147 87 1 201 130 98 1 200 193 112 1 197 172 127 1 197 148 145 1 158 166 145 1 147 127 131 1 0 0 0 0 147 134 76 1 103 122 102 1 130 150 92 1 146 130 67 1 148 117 65 1 61 108 27 1 67 100 54 1 39 74 51 1 79 113 71 1 127 139 64 1 107 119 143 1 158 80 88 1 124 108 73 1 160 109 64 1 159 118 81 1 99 96 105 1 54 134 84 1 47 106 81 1 58 58 56 1 23 70 22 1 16 46 56 1 0 0 0 0 0 62 34 1 30 39 37 1 24 35 69 1
74 67 44 1 57 55 68 1 79 64 68 1 75 65 102 1 67 85 79 1 0 0 0 0 98 98 75 1 102 137 61 1 104 111 120 1 118 73 64 1 70 47 50 1 0 0 0 0 28 63 97 1 0 0 0 0 89 117 94 1 86 140 76 1 117 104 74 1 66 47 82 1 98 63 99 1 154 132 49 1 130 144 95 1 167 158 137 1 87 150 89 1 0 0 0 0 0 0 0 0 0 0 0 0 144 151 76 1 167 90 103 1 170 164 123 1 0 0 0 0 146 154 119 1 127 159 110 1 184 173 122 1 191 158 136 1 166 134 138 1 101 178 123 1 135 121 67 1 131 140 98 1 0 0 0 0 131 106 112 1 160 90 95 1 121 135 93 1 0 0 0 0 119 121 116 1 150 78 58 1 87 40 80 1 76 92 22 1 62 96 51 1 102 91 76 1 84 138 66 1 143 89 62 1 129 112 90 1 0 0 0 0 183 168 136 1 0 0 0 0 138 144 101 1 77 74 53 1 68 68 70 1 31 90 39 1 47 33 24 1 6 98 29 1 27 61 24 1 34 50 36 1 0 0 0 0 87 57 63 1
28 76 66 1 32 83 72 1 28 72 79 1 16 66 64 1 72 61 53 1 46 68 83 1 57 101 89 1 87 120 90 1 100 106 68 1 67 88 98 1 55 94 44 1 55 55 84 1 33 79 59 1 104 76 63 1 88 133 131 1 91 109 77 1 43 66 51 1 19 45 66 1 0 63 11 1 26 20 104 1 87 91 135 1 136 109 72 1 137 115 105 1 167 148 121 1 189 143 57 1 123 119 83 1 155 107 100 1 106 138 95 1 138 168 123 1 112 80 128 1 141 133 87 1 166 157 82 1 222 183 115 1 0 0 0 0 0 0 0 0 100 113 109 1 81 94 50 1 76 127 74 1 95 114 131 1 126 131 108 1 139 123 90 1 135 80 84 1 143 118 84 1 155 90 98 1 100 113 61 1 30 70 67 1 32 63 55 1 40 90 54 1 87 96 108 1 118 84 66 1 147 86 123 1 109 94 105 1 166 197 106 1 157 189 117 1 200 148 106 1 106 107 68 1 65 96 76 1 81 61 80 1 52 48 68 1 18 54 51 1 0 30 31 1 0 0 0 0 0 0 0 0 43 67 46 1 71 95 80 1
42 96 93 1 4 74 44 1 0 0 0 0 45 28 67 1 50 26 52 1 24 49 57 1 86 78 35 1 67 116 85 1 115 72 83 1 125 103 94 1 137 111 99 1 0 0 0 0 82 69 100 1 0 0 0 0 0 0 0 0 60 107 63 1 27 69 17 1 20 61 72 1 0 51 20 1 0 51 26 1 55 74 105 1 87 117 131 1 106 143 133 1 134 147 85 1 164 94 92 1 90 92 63 1 47 52 58 1 89 91 32 1 89 89 71 1 114 83 106 1 143 126 108 1 144 127 130 1 190 153 117 1 184 170 131 1 197 165 122 1 136 118 101 1 152 76 63 1 66 125 115 1 116 105 105 1 91 93 87 1 89 99 50 1 137 91 89 1 0 0 0 0 151 123 107 1 0 0 0 0 24 31 47 1 0 0 0 0 71 66 24 1 99 87 70 1 133 120 68 1 0 0 0 0 114 96 96 1 181 165 132 1 205 170 123 1 124 148 112 1 0 0 0 0 65 94 113 1 73 40 94 1 70 124 34 1 4 67 18 1 0 62 45 1 12 59 55 1 42 36 50 1 37 55 38 1 76 116 48 1
97 83 93 1 78 67 37 1 19 49 42 1 24 30 44 1 0 65 27 1 58 55 61 1 48 73 85 1 90 67 98 1 145 120 114 1 133 157 94 1 169 132 102 1 131 118 79 1 49 90 96 1 0 0 0 0 71 82 63 1 72 46 42 1 72 94 34 1 30 54 54 1 0 56 40 1 0 53 12 1 3 46 81 1 42 93 50 1 139 109 70 1 154 79 78 1 86 132 68 1 77 86 87 1 20 42 38 1 70 46 68 1 105 99 86 1 111 91 60 1 0 0 0 0 147 103 116 1 202 132 116 1 0 0 0 0 180 205 105 1 159 107 119 1 0 0 0 0 0 0 0 0 164 122 74 1 99 116 93 1 99 129 59 1 90 97 102 1 161 109 54 1 0 0 0 0 33 67 34 1 29 73 52 1 10 76 35 1 33 58 35 1 123 136 85 1 168 142 87 1 171 150 96 1 169 147 128 1 179 154 126 1 178 135 93 1 116 104 108 1 0 0 0 0 79 85 97 1 63 74 50 1 30 42 24 1 23 60 56 1 0 30 79 1 0 0 0 0 59 49 45 1 79 77 76 1 64 35 28 1
121 82 94 1 0 0 0 0 48 103 76 1 53 72 52 1 39 73 31 1 59 66 69 1 86 83 93 1 104 93 97 1 0 0 0 0 117 115 135 1 142 111 111 1 148 112 103 1 23 116 58 1 38 40 59 1 0 0 0 0 62 70 30 1 59 88 82 1 5 68 66 1 3 53 24 1 46 51 53 1 32 9 27 1 32 6 71 1 89 111 89 1 114 100 72 1 115 74 81 1 51 27 40 1 0 0 0 0 46 83 71 1 58 96 92 1 86 46 53 1 113 69 96 1 130 117 119 1 194 113 102 1 126 155 133 1 0 0 0 0 168 107 85 1 129 117 65 1 111 133 96 1 163 130 84 1 126 125 88 1 138 140 94 1 0 0 0 0 99 105 100 1 96 49 78 1 28 103 48 1 34 55 88 1 42 72 71 1 75 91 78 1 0 0 0 0 142 116 103 1 0 0 0 0 136 129 128 1 0 0 0 0 145 152 109 1 106 111 77 1 92 104 58 1 0 0 0 0 80 87 84 1 49 58 82 1 0 0 0 0 0 0 0 0 18 100 55 1 63 100 77 1 57 80 42 1 113 54 49 1
99 134 75 1 76 100 74 1 47 71 39 1 32 99 55 1 0 0 0 0 0 0 0 0 103 59 33 1 108 79 60 1 115 114 89 1 0 0 0 0 122 106 73 1 101 117 88 1 25 98 91 1 3 1 54 1 56 76 20 1 22 33 86 1 30 75 75 1 36 97 58 1 36 88 64 1 8 51 72 1 17 37 77 1 77 63 48 1 102 87 96 1 122 111 126 1 92 103 89 1 0 0 0 0 14 44 32 1 46 51 26 1 57 85 72 1 91 55 62 1 102 106 89 1 121 115 82 1 167 89 97 1 149 133 124 1 0 0 0 0 121 86 104 1 106 116 43 1 82 79 65 1 163 147 87 1 153 155 110 1 157 139 139 1 142 159 95 1 109 116 72 1 86 51 86 1 50 80 95 1 47 100 45 1 71 91 46 1 91 61 58 1 131 102 60 1 144 141 107 1 84 108 117 1 105 110 98 1 183 130 110 1 176 139 91 1 121 106 92 1 84 91 85 1 79 85 63 1 35 64 58 1 11 29 48 1 57 52 40 1 34 58 81 1 57 89 81 1 63 74 92 1 63 131 62 1 0 0 0 0
0 0 0 0 66 134 106 1 67 124 65 1 23 69 66 1 24 76 65 1 0 0 0 0 68 112 54 1 73 101 96 1 57 73 59 1 105 54 38 1 107 121 86 1 135 107 76 1 82 78 77 1 30 85 61 1 52 72 67 1 7 85 53 1 51 79 37 1 31 59 68 1 29 95 45 1 45 59 75 1 93 40 84 1 81 93 118 1 113 121 103 1 141 119 87 1 122 52 65 1 74 80 100 1 105 102 62 1 64 77 66 1 70 82 115 1 65 79 59 1 95 65 99 1 165 143 122 1 209 113 105 1 0 0 0 0 149 98 122 1 0 0 0 0 115 84 57 1 117 96 93 1 142 151 88 1 123 168 61 1 121 101 61 1 0 0 0 0 59 119 88 1 37 77 64 1 64 81 46 1 32 91 61 1 0 0 0 0 100 127 101 1 147 139 74 1 135 118 78 1 87 98 70 1 100 105 82 1 174 133 118 1 147 138 73 1 113 136 29 1 97 111 68 1 98 96 83 1 65 114 6 1 26 55 50 1 25 34 47 1 48 55 83 1 68 101 47 1 79 67 25 1 76 108 68 1 109 50 51 1
63 104 33 1 80 84 53 1 54 77 41 1 35 59 65 1 0 68 81 1 11 70 59 1 64 70 96 1 15 76 71 1 48 66 88 1 127 110 76 1 124 104 112 1 93 67 92 1 77 79 71 1 36 55 48 1 1 71 39 1 0 53 11 1 0 0 0 0 35 81 57 1 28 80 56 1 136 63 47 1 98 134 139 1 152 102 88 1 113 105 94 1 86 104 81 1 110 54 54 1 44 66 47 1 74 38 55 1 56 78 75 1 53 73 95 1 59 75 37 1 112 109 88 1 119 113 105 1 182 128 145 1 159 118 84 1 110 116 51 1 78 70 102 1 65 101 88 1 71 71 112 1 93 96 69 1 143 96 84 1 87 118 103 1 90 134 80 1 52 55 38 1 27 67 20 1 46 69 40 1 38 66 80 1 100 98 74 1 105 119 81 1 120 139 95 1 109 87 75 1 140 127 89 1 157 142 141 1 187 142 155 1 168 134 86 1 70 141 63 1 121 118 86 1 139 121 88 1 89 90 59 1 32 46 61 1 28 43 25 1 19 47 17 1 68 93 127 1 91 28 78 1 79 85 30 1 97 84 97 1
20 101 38 1 14 53 49 1 0 0 0 0 0 25 79 1 0 0 52 1 53 66 17 1 0 0 0 0 29 62 47 1 85 95 44 1 108 96 52 1 106 99 103 1 69 108 42 1 15 67 33 1 4 4 46 1 14 63 52 1 12 81 25 1 33 74 19 1 35 52 39 1 54 97 82 1 0 0 0 0 144 163 124 1 138 116 78 1 74 75 91 1 81 108 64 1 45 89 86 1 49 47 55 1 15 43 84 1 0 0 0 0 50 91 84 1 91 69 46 1 117 103 54 1 161 146 99 1 185 173 121 1 196 126 113 1 111 130 78 1 88 91 73 1 94 67 84 1 66 96 17 1 65 96 70 1 88 111 84 1 104 113 80 1 45 51 33 1 13 38 2 1 81 82 52 1 47 64 61 1 105 70 106 1 0 0 0 0 87 117 77 1 80 70 76 1 108 117 91 1 118 138 92 1 140 129 104 1 175 148 132 1 184 190 138 1 129 142 106 1 155 189 84 1 0 0 0 0 100 122 68 1 80 64 64 1 28 66 69 1 15 11 105 1 80 127 54 1 72 86 51 1 73 85 95 1 74 77 74 1
31 26 36 1 25 34 64 1 0 47 6 1 0 39 26 1 0 40 42 1 16 67 37 1 0 0 0 0 30 60 49 1 68 84 109 1 100 66 65 1 88 51 79 1 0 0 0 0 0 0 0 0 40 25 36 1 7 39 40 1 6 94 35 1 20 54 50 1 43 69 68 1 79 99 94 1 149 160 102 1 137 163 138 1 83 96 70 1 52 70 44 1 56 57 70 1 98 31 64 1 48 63 53 1 29 0 4 1 50 81 79 1 59 113 40 1 51 56 110 1 107 72 63 1 115 199 136 1 173 150 137 1 151 162 105 1 0 0 0 0 156 139 93 1 131 92 87 1 124 113 120 1 135 78 78 1 151 125 93 1 124 91 89 1 77 108 59 1 45 100 57 1 53 84 91 1 66 64 85 1 72 40 51 1 117 142 66 1 92 83 64 1 111 104 115 1 126 89 121 1 130 127 106 1 137 153 108 1 107 109 102 1 136 135 85 1 164 136 142 1 100 133 88 1 129 132 92 1 36 108 62 1 1 64 70 1 0 71 21 1 8 77 24 1 77 90 49 1 79 79 51 1 85 83 75 1 79 67 70 1
1 61 43 1 3 12 2 1 0 42 32 1 50 40 38 1 0 43 33 1 0 0 0 0 3 72 35 1 41 54 71 1 75 83 34 1 49 85 55 1 43 78 16 1 1 41 44 1 31 32 69 1 0 46 27 1 0 0 0 1 5 86 52 1 50 60 64 1 33 43 76 1 88 123 122 1 109 146 105 1 138 119 95 1 102 86 86 1 54 39 48 1 57 65 55 1 70 120 87 1 76 70 69 1 24 57 38 1 73 54 62 1 93 105 75 1 101 103 104 1 112 91 74 1 120 100 76 1 114 114 91 1 141 124 86 1 64 82 97 1 158 125 89 1 0 0 0 0 159 121 138 1 186 144 138 1 160 124 129 1 111 120 128 1 144 148 79 1 78 82 88 1 90 106 88 1 108 114 59 1 159 78 79 1 60 102 77 1 83 90 92 1 102 102 117 1 99 86 42 1 139 132 109 1 0 0 0 0 148 106 83 1 145 151 89 1 100 137 141 1 129 116 104 1 106 96 99 1 0 0 0 0 0 61 59 1 0 49 29 1 47 78 35 1 66 45 45 1 75 42 44 1 32 67 68 1 79 67 48 1
0 41 43 1 0 39 49 1 37 46 76 1 54 51 23 1 24 35 44 1 6 34 59 1 22 33 55 1 0 0 0 0 0 82 46 1 24 59 32 1 0 57 47 1 5 52 71 1 0 19 21 1 16 22 75 1 0 23 23 1 12 42 66 1 0 52 67 1 0 0 0 0 64 31 48 1 86 103 66 1 60 117 97 1 34 68 54 1 22 71 60 1 31 107 64 1 21 61 49 1 6 56 38 1 58 79 60 1 76 57 69 1 66 103 62 1 74 76 128 1 103 104 106 1 95 113 79 1 65 102 44 1 56 60 31 1 0 0 0 0 100 95 33 1 150 122 97 1 234 191 138 1 241 181 172 1 214 181 133 1 190 146 86 1 131 119 118 1 91 119 73 1 104 120 111 1 127 120 74 1 122 122 97 1 94 85 64 1 140 75 74 1 135 94 97 1 146 155 115 1 120 78 120 1 105 144 96 1 134 108 62 1 141 169 81 1 123 118 129 1 98 109 75 1 62 112 51 1 33 51 72 1 0 36 45 1 53 74 61 1 0 0 0 0 17 84 27 1 97 60 66 1 70 86 71 1 77 69 46 1
66 104 89 1 0 0 0 0 0 0 0 0 29 72 33 1 8 19 76 1 4 40 47 1 0 53 31 1 0 38 50 1 51 26 66 1 0 24 21 1 14 31 53 1 0 39 105 1 0 22 18 1 21 60 51 1 26 7 62 1 30 26 70 1 18 59 83 1 46 58 85 1 21 61 42 1 31 49 58 1 64 79 39 1 0 0 0 0 31 17 20 1 43 18 21 1 49 70 79 1 52 85 59 1 48 67 18 1 0 0 0 0 44 74 23 1 81 45 87 1 109 79 77 1 132 63 91 1 70 91 38 1 77 62 59 1 43 50 78 1 84 85 64 1 102 99 143 1 230 141 138 1 230 209 161 1 180 222 129 1 0 0 0 0 166 124 113 1 155 129 112 1 146 127 133 1 171 139 121 1 157 181 102 1 102 104 104 1 160 141 133 1 174 166 116 1 131 175 109 1 108 169 98 1 123 86 96 1 125 138 134 1 125 132 122 1 116 114 106 1 122 98 57 1 83 91 37 1 20 81 32 1 4 92 70 1 0 0 0 0 42 81 58 1 0 0 0 0 73 99 79 1 72 47 72 1 100 75 31 1
82 102 34 1 21 109 73 1 93 87 48 1 92 84 63 1 13 74 76 1 0 0 0 0 0 0 0 0 0 43 44 1 9 29 49 1 19 78 14 1 3 24 61 1 0 0 0 0 13 75 0 1 0 0 29 1 13 44 29 1 0 69 41 1 17 27 54 1 0 49 44 1 12 60 60 1 32 75 19 1 0 43 25 1 3 36 60 1 69 76 16 1 42 49 12 1 46 47 59 1 23 25 65 1 59 60 60 1 46 58 39 1 52 33 32 1 56 74 69 1 77 48 61 1 0 0 0 0 64 80 66 1 0 0 0 0 8 43 41 1 41 87 86 1 117 132 136 1 218 179 151 1 197 195 150 1 192 158 142 1 108 124 126 1 138 147 92 1 201 168 109 1 190 148 100 1 184 138 125 1 204 160 133 1 251 168 80 1 175 112 100 1 154 117 94 1 170 108 61 1 122 55 74 1 59 174 60 1 84 95 100 1 150 83 126 1 128 100 157 1 81 83 80 1 56 55 86 1 17 127 49 1 20 56 78 1 66 71 52 1 53 93 35 1 55 74 53 1 122 63 39 1 60 90 55 1 0 0 0 0
147 191 85 1 0 0 0 0 99 99 114 1 114 101 98 1 46 72 79 1 20 78 54 1 30 76 57 1 14 45 56 1 0 70 60 1 45 43 76 1 30 25 30 1 0 0 0 0 7 46 16 1 8 24 43 1 0 82 18 1 0 51 48 1 8 17 25 1 13 40 50 1 0 19 50 1 0 52 37 1 22 63 51 1 8 49 51 1 6 70 18 1 11 58 55 1 35 63 34 1 46 53 27 1 60 57 22 1 61 91 60 1 3 47 70 1 20 16 19 1 58 87 74 1 0 0 0 0 69 94 59 1 25 60 49 1 39 78 44 1 24 69 56 1 66 144 108 1 181 195 119 1 178 191 122 1 140 114 92 1 138 96 88 1 135 140 121 1 217 96 106 1 223 157 148 1 217 160 79 1 182 128 151 1 187 161 108 1 141 133 53 1 183 177 112 1 181 177 121 1 123 124 90 1 121 103 97 1 88 66 71 1 109 74 73 1 80 121 61 1 131 61 123 1 27 65 59 1 3 45 35 1 0 0 0 0 95 75 67 1 74 79 54 1 72 53 21 1 109 61 76 1 95 61 64 1 68 87 105 1
178 192 137 1 171 187 131 1 142 137 107 1 153 136 116 1 76 156 87 1 103 77 72 1 84 76 64 1 38 67 78 1 48 36 39 1 22 54 33 1 0 7 36 1 0 74 20 1 0 0 0 0 0 26 45 1 32 43 41 1 0 21 16 1 0 74 97 1 6 28 49 1 0 6 32 1 0 55 37 1 18 42 44 1 0 34 13 1 0 45 30 1 7 48 76 1 24 62 65 1 36 79 37 1 0 0 0 0 70 83 79 1 22 60 31 1 0 54 56 1 31 47 44 1 69 41 31 1 0 0 0 0 57 95 46 1 10 71 22 1 68 85 84 1 0 0 0 0 0 0 0 0 174 165 74 1 172 154 100 1 146 125 74 1 150 143 80 1 146 125 107 1 0 0 0 0 113 143 114 1 88 88 43 1 68 128 84 1 131 129 117 1 210 129 88 1 136 157 143 1 188 174 143 1 109 128 127 1 98 96 112 1 95 88 48 1 68 70 97 1 0 0 0 0 11 45 61 1 0 77 87 1 90 54 84 1 33 77 63 1 111 63 58 1 75 82 76 1 56 66 74 1 57 30 95 1 104 107 83 1
146 166 105 1 0 0 0 0 159 199 155 1 193 194 146 1 184 169 147 1 174 123 113 1 94 126 91 1 90 124 118 1 46 63 79 1 20 33 54 1 0 37 72 1 0 58 29 1 0 27 64 1 0 30 42 1 18 27 38 1 12 71 51 1 20 109 50 1 54 68 42 1 22 30 26 1 0 27 50 1 0 36 10 1 0 33 16 1 0 52 56 1 0 15 52 1 18 73 28 1 42 39 34 1 8 53 68 1 57 50 86 1 26 84 57 1 21 23 40 1 46 69 94 1 0 45 62 1 56 37 33 1 0 0 0 0 0 0 0 0 0 0 0 0 118 157 87 1 188 117 123 1 184 159 132 1 0 0 0 0 156 148 99 1 151 125 82 1 152 133 74 1 173 155 122 1 107 121 103 1 70 80 74 1 74 84 96 1 0 0 0 0 109 133 57 1 156 132 75 1 114 141 62 1 163 121 99 1 130 116 77 1 69 111 72 1 85 53 44 1 60 44 62 1 5 48 34 1 39 55 70 1 39 37 60 1 78 45 101 1 50 105 12 1 0 0 0 0 0 0 0 0 43 47 20 1 102 88 79 1
205 162 140 1 227 252 180 1 230 192 143 1 255 255 170 1 251 225 140 1 217 148 141 1 0 0 0 0 144 130 97 1 38 59 66 1 34 69 44 1 0 84 49 1 0 48 76 1 5 35 61 1 33 46 51 1 5 0 20 1 0 32 46 1 57 117 76 1 117 107 82 1 59 61 30 1 0 0 0 0 43 85 19 1 0 17 78 1 0 36 29 1 11 60 3 1 0 74 49 1 12 32 43 1 0 67 102 1 0 67 22 1 0 39 41 1 0 33 13 1 0 35 46 1 2 58 43 1 23 73 64 1 0 0 0 0 0 0 0 0 87 75 94 1 113 102 89 1 158 124 70 1 149 128 107 1 197 131 102 1 178 137 153 1 183 120 126 1 116 147 120 1 177 131 112 1 117 116 122 1 0 0 0 0 80 93 56 1 97 120 63 1 101 114 64 1 82 103 62 1 59 89 60 1 155 93 119 1 142 125 116 1 0 0 0 0 79 140 71 1 46 61 45 1 38 77 64 1 62 61 9 1 47 6 55 1 30 67 45 1 59 60 70 1 79 71 76 1 81 91 102 1 53 86 62 1 101 61 93 1
248 206 179 1 255 235 202 1 253 243 196 1 255 178 121 1 255 198 159 1 202 182 152 1 172 159 104 1 107 142 105 1 37 62 50 1 0 0 0 0 0 53 47 1 8 49 63 1 20 108 80 1 66 85 19 1 29 70 22 1 0 0 0 0 60 107 84 1 113 126 110 1 86 138 68 1 60 141 82 1 50 93 44 1 0 37 43 1 17 20 25 1 5 59 0 1 0 52 35 1 0 31 40 1 11 44 27 1 0 21 8 1 0 49 64 1 0 54 10 1 0 28 21 1 0 0 0 0 0 65 28 1 0 47 90 1 54 51 73 1 84 95 61 1 83 125 53 1 131 111 117 1 215 151 127 1 199 181 144 1 147 139 114 1 152 103 121 1 100 140 95 1 182 125 74 1 117 102 31 1 115 97 109 1 95 122 97 1 123 128 99 1 128 133 99 1 81 105 71 1 0 0 0 0 0 0 0 0 113 113 113 1 91 135 119 1 70 94 89 1 49 86 72 1 60 82 50 1 0 60 74 1 31 57 45 1 56 63 64 1 53 85 72 1 0 0 0 0 101 57 93 1 58 64 88 1 63 7 47 1
184 214 151 1 254 196 207 1 255 255 164 1 255 249 148 1 255 244 186 1 0 0 0 0 119 87 108 1 89 94 70 1 13 69 30 1 0 0 0 0 0 42 61 1 0 0 0 0 76 88 47 1 68 61 65 1 31 45 51 1 53 103 71 1 64 116 86 1 128 79 94 1 141 134 97 1 114 135 53 1 124 115 77 1 105 63 30 1 0 0 0 0 11 76 59 1 5 36 50 1 17 47 18 1 0 0 0 0 10 49 25 1 0 0 0 0 17 40 41 1 2 32 56 1 11 54 54 1 6 37 0 1 14 77 74 1 45 45 49 1 59 73 56 1 63 50 55 1 72 86 120 1 155 96 107 1 159 170 123 1 74 144 141 1 124 166 86 1 146 180 115 1 118 100 95 1 120 128 63 1 106 113 84 1 139 108 63 1 0 0 0 0 99 106 128 1 74 73 11 1 101 87 65 1 139 119 81 1 131 125 115 1 0 0 0 0 43 119 59 1 38 69 56 1 0 0 0 0 36 55 39 1 28 36 66 1 0 0 0 0 54 57 68 1 36 79 44 1 50 65 19 1 28 69 52 1 0 0 0 0
199 224 138 1 243 214 167 1 255 255 177 1 240 255 145 1 255 228 153 1 150 153 141 1 130 127 79 1 41 63 58 1 6 68 69 1 28 50 49 1 20 75 78 1 83 108 47 1 77 85 97 1 125 89 78 1 79 67 31 1 95 108 46 1 114 125 102 1 157 140 101 1 163 142 100 1 154 149 103 1 142 154 144 1 150 116 95 1 104 107 72 1 62 105 60 1 3 76 17 1 0 0 0 0 0 26 61 1 0 8 48 1 2 42 51 1 12 70 30 1 0 57 18 1 17 26 53 1 28 18 86 1 0 63 20 1 0 0 0 0 77 85 77 1 28 79 35 1 81 70 85 1 115 140 97 1 160 136 59 1 100 103 72 1 167 156 118 1 122 99 101 1 126 132 144 1 0 0 0 0 89 132 91 1 91 116 85 1 102 94 86 1 90 93 95 1 42 114 45 1 0 0 0 0 126 135 127 1 140 141 138 1 116 96 124 1 0 0 0 0 65 63 49 1 20 65 39 1 35 36 47 1 10 18 62 1 72 47 44 1 32 2 81 1 55 80 47 1 62 40 52 1 0 0 0 0 91 48 95 1
231 173 117 1 255 237 166 1 255 231 144 1 255 255 189 1 221 215 189 1 191 164 104 1 113 91 79 1 41 62 12 1 11 36 61 1 92 89 64 1 130 132 54 1 152 141 102 1 86 131 110 1 114 103 54 1 118 35 48 1 68 96 102 1 149 139 123 1 167 149 96 1 136 155 107 1 186 157 136 1 167 166 126 1 122 148 110 1 149 118 85 1 110 114 63 1 61 66 65 1 27 67 64 1 34 48 24 1 17 47 72 1 3 61 16 1 9 58 33 1 0 54 28 1 0 0 0 0 0 0 0 0 41 36 46 1 45 40 65 1 79 76 69 1 78 49 49 1 70 108 32 1 0 0 0 0 83 98 66 1 124 72 43 1 159 141 90 1 173 144 117 1 124 153 97 1 143 104 76 1 134 114 54 1 98 78 53 1 89 123 103 1 88 74 49 1 79 67 61 1 140 149 122 1 166 174 124 1 195 166 132 1 163 149 96 1 129 86 99 1 65 104 76 1 75 61 73 1 30 4 67 1 25 82 18 1 80 47 76 1 39 82 88 1 54 45 77 1 45 81 69 1 77 91 58 1 108 54 80 1
250 183 170 1 255 221 127 1 239 220 199 1 0 0 0 0 222 234 175 1 195 142 106 1 115 133 115 1 15 51 66 1 0 0 0 0 134 122 95 1 130 107 103 1 132 118 112 1 167 168 133 1 108 101 115 1 123 114 57 1 108 111 79 1 92 128 115 1 0 0 0 0 122 135 74 1 0 0 0 0 144 170 127 1 197 155 146 1 130 135 122 1 39 101 67 1 55 61 50 1 34 44 23 1 22 43 47 1 0 72 44 1 0 0 0 0 0 0 0 0 0 72 48 1 15 62 32 1 0 0 0 0 0 40 62 1 0 0 0 0 21 59 55 1 47 59 33 1 0 0 0 0 0 0 0 0 30 66 47 1 90 109 83 1 0 0 0 0 134 131 118 1 93 89 77 1 111 112 89 1 92 111 88 1 135 111 107 1 0 0 0 0 87 82 61 1 0 0 0 0 172 160 117 1 239 163 148 1 215 193 147 1 0 0 0 0 125 136 142 1 110 109 40 1 25 47 48 1 41 62 9 1 6 33 68 1 48 85 57 1 36 84 90 1 76 45 60 1 46 63 72 1 33 48 60 1 57 102 83 1
226 183 119 1 227 177 89 1 211 195 128 1 0 0 0 0 165 181 166 1 140 140 99 1 89 94 56 1 13 97 64 1 64 95 55 1 120 126 84 1 147 178 104 1 156 143 136 1 140 154 180 1 152 144 89 1 0 0 0 0 0 0 0 0 137 152 87 1 159 140 103 1 144 124 119 1 126 139 92 1 0 0 0 0 150 123 97 1 54 113 79 1 33 66 40 1 0 64 44 1 4 51 43 1 26 31 69 1 48 69 43 1 14 95 36 1 12 37 13 1 9 47 55 1 32 61 0 1 7 15 36 1 20 34 15 1 0 16 40 1 7 48 43 1 0 0 0 0 7 61 89 1 69 109 32 1 60 55 87 1 66 91 93 1 97 132 95 1 54 115 72 1 54 130 84 1 61 65 83 1 115 95 90 1 140 104 91 1 113 70 52 1 100 122 46 1 0 0 0 0 135 163 112 1 198 164 137 1 169 175 120 1 88 129 108 1 122 90 88 1 64 106 87 1 0 0 0 0 2 79 48 1 51 87 39 1 0 0 0 0 0 77 64 1 40 68 30 1 27 53 72 1 23 60 44 1 38 15 42 1
166 140 113 1 134 123 107 1 130 137 93 1 98 131 58 1 75 104 66 1 84 80 71 1 12 31 35 1 28 53 49 1 21 48 53 1 104 101 103 1 161 112 86 1 133 87 76 1 167 166 77 1 148 119 96 1 0 0 0 0 133 109 116 1 161 111 102 1 127 128 85 1 0 0 0 0 86 194 81 1 144 115 115 1 0 0 0 0 67 73 57 1 28 63 75 1 0 55 51 1 0 59 63 1 0 0 0 0 0 88 80 1 22 37 25 1 4 25 43 1 0 37 57 1 31 49 0 1 0 49 51 1 11 43 29 1 0 25 45 1 0 25 48 1 13 53 40 1 13 72 26 1 47 81 99 1 58 63 92 1 95 44 63 1 0 0 0 0 83 89 85 1 71 95 51 1 0 0 0 0 0 0 0 0 97 135 111 1 121 115 114 1 129 70 73 1 107 89 76 1 115 112 78 1 128 144 89 1 0 0 0 0 0 0 0 0 111 93 56 1 97 120 82 1 119 100 71 1 69 92 62 1 50 65 56 1 20 47 60 1 0 0 0 0 29 61 30 1 60 59 91 1 0 0 0 0 33 62 46 1
181 118 99 1 121 134 99 1 163 92 128 1 108 108 42 1 141 82 67 1 81 103 52 1 20 86 53 1 11 44 46 1 0 0 0 0 127 91 80 1 131 149 87 1 138 142 81 1 0 0 0 0 155 182 123 1 173 142 112 1 152 115 94 1 130 80 60 1 120 141 102 1 102 133 105 1 157 145 94 1 161 181 109 1 88 80 110 1 23 107 101 1 7 31 58 1 8 55 44 1 0 50 46 1 20 78 59 1 22 53 47 1 0 67 32 1 0 61 49 1 0 0 0 0 16 40 23 1 43 59 1 1 0 0 0 0 17 0 19 1 7 47 74 1 0 38 46 1 13 74 86 1 37 72 58 1 34 53 68 1 0 0 0 0 65 67 72 1 69 101 66 1 69 86 51 1 100 81 94 1 142 101 67 1 110 150 38 1 117 104 86 1 121 87 88 1 109 102 71 1 86 101 51 1 111 80 73 1 117 134 103 1 110 133 80 1 0 0 0 0 68 98 82 1 0 0 0 0 68 104 51 1 61 41 35 1 0 46 66 1 51 54 6 1 14 41 80 1 38 57 27 1 22 30 15 1 0 57 73 1
157 88 105 1 162 101 105 1 130 93 76 1 97 122 71 1 79 114 74 1 37 99 41 1 12 64 60 1 6 60 64 1 0 0 0 0 129 130 69 1 158 131 119 1 0 0 0 0 150 158 89 1 186 172 95 1 155 131 98 1 143 110 89 1 134 124 96 1 137 144 111 1 193 152 75 1 171 171 110 1 166 140 74 1 96 127 81 1 10 3 40 1 0 49 18 1 0 36 50 1 0 0 0 0 22 55 63 1 3 59 96 1 5 38 11 1 8 71 49 1 13 18 67 1 34 59 73 1 15 71 58 1 0 41 53 1 15 39 75 1 0 25 46 1 6 19 32 1 0 0 0 0 73 81 30 1 44 82 83 1 76 99 43 1 26 47 72 1 53 84 88 1 66 61 65 1 48 80 56 1 99 122 56 1 88 141 74 1 0 0 0 0 86 120 89 1 124 109 64 1 83 85 70 1 0 0 0 0 75 86 86 1 78 117 48 1 79 114 81 1 37 98 96 1 0 0 0 0 40 88 40 1 83 64 38 1 40 68 40 1 6 56 51 1 12 48 55 1 0 35 33 1 0 48 31 1 0 0 0 0
101 89 93 1 39 94 78 1 54 113 69 1 67 101 49 1 23 55 40 1 13 43 26 1 49 29 50 1 61 35 49 1 61 70 67 1 129 112 129 1 155 115 146 1 0 0 0 0 210 157 107 1 173 127 71 1 183 149 155 1 0 0 0 0 175 124 115 1 190 135 120 1 163 173 116 1 158 174 146 1 0 0 0 0 0 0 0 0 5 54 58 1 0 0 0 0 0 39 45 1 15 63 29 1 0 0 0 0 49 85 9 1 0 0 0 0 50 63 65 1 8 49 38 1 0 45 52 1 0 14 49 1 1 81 58 1 0 52 32 1 2 66 76 1 20 30 46 1 0 74 20 1 45 56 49 1 22 77 60 1 43 54 68 1 45 50 32 1 26 26 41 1 26 22 71 1 65 77 87 1 71 111 36 1 86 112 115 1 128 109 91 1 63 53 89 1 68 77 63 1 40 72 59 1 33 45 43 1 48 34 58 1 0 39 58 1 39 19 18 1 82 38 68 1 0 0 0 0 21 69 8 1 34 57 92 1 6 62 79 1 75 42 52 1 35 97 43 1 22 41 72 1 10 30 35 1 35 35 29 1
86 92 48 1 51 48 56 1 44 52 72 1 18 57 42 1 0 61 10 1 0 37 2 1 18 58 42 1 65 58 50 1 122 71 42 1 112 131 111 1 181 152 155 1 180 187 114 1 172 132 118 1 167 133 86 1 187 134 107 1 216 207 133 1 241 192 186 1 217 192 134 1 219 136 135 1 215 137 97 1 151 133 93 1 63 119 61 1 35 82 37 1 35 80 52 1 34 53 39 1 19 66 77 1 59 44 67 1 42 38 75 1 13 55 90 1 6 31 3 1 8 24 58 1 26 68 14 1 22 42 34 1 0 76 67 1 8 47 27 1 0 44 39 1 29 27 46 1 0 0 0 0 15 35 37 1 43 61 53 1 0 0 0 0 35 64 50 1 0 58 22 1 39 68 49 1 79 74 72 1 76 38 67 1 115 66 61 1 58 74 85 1 28 50 62 1 0 0 0 0 0 22 65 1 8 0 66 1 20 56 32 1 52 79 98 1 43 24 51 1 42 104 42 1 36 83 60 1 25 93 57 1 0 0 0 0 54 81 49 1 28 80 58 1 23 74 59 1 47 69 62 1 26 66 41 1 51 65 55 1