2
79 1810 77 62
25 0 91 1 36 18 73 1 12 10 106 1 0 0 0 0 34 9 96 1 20 36 94 1 37 0 76 1 0 32 70 1 32 33 77 1 26 31 82 1 35 47 84 1 17 31 82 1 62 52 117 1 35 9 100 1 0 74 71 1 63 11 86 1 0 10 87 1 58 0 84 1 41 0 69 1 0 0 0 0 69 51 39 1 9 0 64 1 0 0 0 0 24 33 74 1 18 45 68 1 31 37 89 1 20 33 103 1 6 0 53 1 26 36 79 1 21 20 55 1 36 41 105 1 11 29 116 1 3 0 49 1 50 38 88 1 36 0 52 1 55 33 57 1 0 20 73 1 0 46 48 1 33 18 91 1 0 19 72 1 42 7 92 1 25 0 67 1 27 16 75 1 0 42 96 1 19 26 138 1 34 3 76 1 46 32 128 1 3 47 73 1 0 0 0 0 0 0 0 0 0 23 101 1 41 29 78 1 62 28 117 1 33 26 91 1 48 1 69 1 15 17 60 1 6 0 128 1 0 45 76 1 15 10 96 1 0 30 84 1 26 45 91 1 1 43 86 1
0 0 71 1 9 33 123 1 27 34 82 1 0 0 0 0 14 16 71 1 23 9 90 1 0 1 106 1 25 65 106 1 37 1 89 1 0 26 58 1 25 10 41 1 12 23 126 1 20 11 117 1 15 22 143 1 37 29 76 1 24 22 75 1 27 6 85 1 0 18 62 1 25 17 69 1 42 30 95 1 11 36 90 1 0 0 0 0 62 22 28 1 34 40 96 1 9 30 82 1 0 0 18 1 0 1 112 1 37 30 94 1 0 51 58 1 0 0 0 0 43 33 93 1 14 8 76 1 38 55 81 1 19 20 98 1 23 81 77 1 17 33 53 1 12 0 76 1 13 22 88 1 54 1 94 1 27 35 123 1 12 25 62 1 31 30 86 1 12 43 58 1 3 12 94 1 24 20 95 1 0 0 0 0 11 17 121 1 15 17 85 1 2 17 121 1 45 11 70 1 25 10 95 1 20 0 87 1 24 39 65 1 36 30 101 1 0 0 0 0 5 46 62 1 0 9 65 1 0 0 92 1 16 13 72 1 0 0 0 0 31 10 106 1 0 14 80 1
43 23 83 1 3 2 79 1 61 16 50 1 0 24 108 1 26 0 87 1 0 28 71 1 0 0 0 0 10 59 112 1 0 0 0 0 62 0 112 1 8 27 74 1 6 15 66 1 3 26 94 1 0 28 96 1 32 8 92 1 30 0 111 1 0 0 0 0 0 0 48 1 36 20 66 1 46 35 65 1 13 27 63 1 14 18 87 1 7 19 92 1 48 20 57 1 45 39 65 1 52 20 89 1 0 0 0 0 8 25 151 1 10 18 86 1 45 3 78 1 27 15 95 1 0 21 120 1 15 7 102 1 27 0 90 1 7 5 95 1 47 40 109 1 28 29 80 1 0 42 105 1 23 17 72 1 51 0 65 1 15 0 81 1 34 0 104 1 0 0 0 0 57 29 38 1 35 22 105 1 41 16 87 1 0 34 72 1 2 19 71 1 0 0 0 0 0 32 103 1 6 19 83 1 40 9 86 1 42 30 70 1 36 28 60 1 0 44 61 1 14 19 88 1 28 6 63 1 10 19 122 1 8 17 69 1 30 14 94 1 33 29 91 1 49 0 86 1
29 14 100 1 0 15 35 1 14 20 75 1 6 33 81 1 19 3 97 1 0 0 0 0 29 47 87 1 39 66 55 1 41 0 81 1 21 37 104 1 26 53 84 1 49 25 63 1 71 44 74 1 54 26 92 1 0 0 0 0 50 0 56 1 0 33 105 1 19 0 85 1 11 54 114 1 29 1 117 1 0 0 0 0 44 29 62 1 14 49 88 1 26 0 90 1 18 41 100 1 28 0 94 1 30 28 93 1 48 95 72 1 38 96 144 1 34 79 106 1 40 22 136 1 18 13 76 1 76 3 89 1 17 20 42 1 2 60 70 1 31 17 100 1 38 40 89 1 0 0 0 0 2 44 61 1 21 1 115 1 28 44 82 1 14 34 67 1 44 0 94 1 0 0 0 0 14 11 78 1 23 33 95 1 0 0 0 0 15 0 113 1 74 2 62 1 39 30 86 1 20 11 49 1 0 38 81 1 47 22 89 1 14 28 86 1 13 25 74 1 40 43 77 1 47 0 118 1 36 0 76 1 23 40 55 1 0 0 0 0 18 17 88 1 42 18 69 1
48 26 95 1 73 42 89 1 40 56 34 1 0 0 0 0 0 0 0 0 32 27 117 1 35 0 81 1 16 47 99 1 30 0 77 1 0 49 75 1 0 38 94 1 0 0 0 0 55 3 41 1 15 43 64 1 0 45 88 1 56 26 91 1 25 0 32 1 3 43 74 1 9 43 75 1 46 0 91 1 2 25 86 1 22 20 43 1 32 34 79 1 0 0 44 1 19 51 101 1 4 20 105 1 90 32 115 1 20 62 109 1 61 107 140 1 100 79 165 1 31 38 116 1 49 11 82 1 2 0 67 1 10 4 91 1 36 36 59 1 0 44 78 1 6 0 64 1 47 52 67 1 28 40 89 1 0 44 71 1 28 45 63 1 0 0 0 0 43 31 19 1 36 36 89 1 14 20 97 1 42 26 79 1 0 0 0 0 16 20 84 1 38 14 36 1 0 0 0 0 32 8 95 1 7 46 94 1 0 0 0 0 57 14 48 1 28 26 96 1 0 0 0 0 9 39 92 1 29 26 111 1 47 76 130 1 6 18 91 1 18 1 84 1 9 4 108 1
72 49 62 1 58 0 108 1 56 52 56 1 19 2 88 1 46 36 88 1 14 15 104 1 37 4 74 1 0 0 91 1 15 34 79 1 44 41 58 1 62 5 61 1 13 0 50 1 27 15 122 1 83 3 96 1 7 46 94 1 53 0 75 1 0 0 0 0 16 29 88 1 24 19 61 1 27 22 91 1 13 0 83 1 0 0 0 0 66 71 100 1 66 55 135 1 62 77 78 1 44 78 95 1 0 20 106 1 46 7 48 1 43 54 87 1 68 76 102 1 47 58 92 1 26 44 70 1 37 0 98 1 12 0 88 1 0 0 0 0 16 34 84 1 0 0 0 0 59 32 85 1 23 0 88 1 32 20 103 1 27 31 90 1 46 10 68 1 27 20 37 1 43 5 69 1 8 0 66 1 3 0 58 1 0 0 0 0 39 42 55 1 9 36 62 1 25 37 68 1 55 11 98 1 46 71 96 1 13 24 91 1 0 0 0 0 3 12 112 1 3 0 107 1 14 22 82 1 16 11 42 1 15 14 87 1 11 0 96 1 56 7 85 1 0 0 0 0
31 37 104 1 0 0 0 0 38 26 100 1 0 40 79 1 2 6 73 1 38 9 79 1 0 1 82 1 17 7 94 1 38 23 59 1 0 0 0 0 0 41 94 1 53 28 61 1 35 44 108 1 40 7 96 1 45 28 100 1 26 39 72 1 35 13 112 1 52 26 53 1 0 49 98 1 5 5 67 1 0 58 81 1 0 0 0 0 5 33 94 1 47 35 139 1 101 50 139 1 50 36 74 1 51 31 48 1 29 22 94 1 28 30 68 1 8 21 76 1 0 0 0 0 46 31 79 1 51 37 81 1 29 23 115 1 0 23 124 1 14 13 88 1 12 0 76 1 65 5 96 1 55 0 74 1 28 51 59 1 25 0 75 1 35 0 71 1 16 18 85 1 19 0 95 1 13 46 101 1 44 15 60 1 19 22 70 1 77 31 109 1 20 0 63 1 51 35 77 1 16 60 86 1 6 9 77 1 9 31 79 1 49 21 79 1 33 3 71 1 9 53 104 1 10 18 40 1 33 32 84 1 25 35 96 1 13 11 133 1 8 2 82 1 0 8 116 1
65 60 63 1 26 64 120 1 0 0 0 0 0 0 0 0 23 12 89 1 30 69 70 1 45 68 116 1 17 39 65 1 43 41 48 1 61 3 99 1 21 0 60 1 39 19 79 1 11 6 38 1 44 0 97 1 7 38 41 1 21 0 82 1 20 0 61 1 12 27 83 1 19 23 71 1 32 14 63 1 18 53 75 1 31 20 108 1 38 17 50 1 48 7 66 1 47 70 106 1 77 31 96 1 25 19 69 1 40 17 93 1 0 0 0 0 0 64 63 1 28 0 120 1 30 34 116 1 25 0 67 1 45 45 75 1 50 18 108 1 24 0 78 1 17 30 66 1 12 17 83 1 40 27 51 1 0 0 0 0 34 32 91 1 7 0 87 1 40 37 65 1 42 0 73 1 10 50 76 1 0 0 0 0 51 23 73 1 0 0 0 0 34 1 106 1 50 13 89 1 43 34 73 1 11 67 65 1 1 41 50 1 0 0 0 0 3 47 67 1 60 47 77 1 0 7 65 1 58 0 77 1 31 0 93 1 17 38 77 1 54 24 92 1 40 15 86 1
97 74 137 1 30 13 130 1 81 52 133 1 47 42 126 1 17 22 117 1 68 114 98 1 91 45 106 1 44 46 86 1 25 27 106 1 29 39 72 1 36 17 57 1 26 8 92 1 23 5 61 1 28 12 87 1 12 39 78 1 0 9 78 1 46 7 89 1 0 0 0 0 5 2 84 1 43 23 85 1 0 0 0 0 63 13 99 1 37 17 100 1 26 50 65 1 5 39 61 1 0 0 0 0 51 23 94 1 22 22 94 1 0 0 101 1 22 42 65 1 63 27 102 1 32 13 97 1 64 26 66 1 0 34 58 1 0 35 91 1 45 22 77 1 63 12 95 1 0 2 74 1 33 14 73 1 2 41 66 1 49 0 62 1 0 0 0 0 22 8 84 1 43 34 106 1 39 24 113 1 12 23 72 1 31 25 53 1 28 54 33 1 0 0 74 1 47 42 52 1 22 0 107 1 0 26 75 1 26 17 86 1 47 10 101 1 28 36 97 1 29 27 118 1 0 11 94 1 35 46 75 1 26 0 119 1 8 12 94 1 40 21 43 1 70 0 106 1
79 79 129 1 89 77 119 1 48 77 122 1 54 32 86 1 0 0 0 0 73 57 132 1 0 0 0 0 82 86 112 1 58 36 92 1 36 44 69 1 13 0 108 1 23 4 65 1 1 8 82 1 0 32 109 1 7 29 106 1 19 22 92 1 14 16 79 1 13 46 47 1 42 7 92 1 2 0 107 1 50 52 127 1 37 13 81 1 47 37 77 1 0 0 0 0 22 8 61 1 45 16 85 1 6 0 88 1 42 15 65 1 6 43 82 1 0 23 79 1 42 61 42 1 0 47 138 1 17 43 53 1 53 34 93 1 49 47 70 1 10 0 112 1 0 0 0 0 0 0 0 0 29 0 53 1 23 0 42 1 0 9 90 1 26 32 115 1 7 41 91 1 19 36 72 1 17 22 97 1 34 14 56 1 35 19 85 1 0 0 51 1 23 28 61 1 35 0 103 1 0 0 0 0 30 34 115 1 0 0 0 0 27 31 69 1 44 9 82 1 27 9 74 1 34 15 56 1 39 24 94 1 30 67 66 1 0 0 0 0 37 23 106 1 14 13 62 1
136 87 131 1 96 100 142 1 0 0 0 0 31 61 112 1 84 63 121 1 92 125 128 1 138 131 193 1 102 151 166 1 65 72 70 1 49 38 158 1 0 0 0 0 0 0 0 0 4 1 86 1 17 35 59 1 27 9 77 1 56 1 101 1 19 32 63 1 0 10 79 1 38 0 74 1 23 30 74 1 58 74 91 1 42 29 136 1 24 13 95 1 25 18 68 1 0 0 0 0 25 33 56 1 37 13 86 1 26 40 109 1 18 21 73 1 36 25 96 1 0 9 85 1 0 0 0 0 56 21 77 1 56 32 82 1 12 26 79 1 0 25 73 1 40 3 112 1 0 0 0 0 41 39 66 1 48 0 93 1 0 43 99 1 23 9 92 1 39 5 89 1 57 66 122 1 52 44 59 1 47 21 63 1 21 10 78 1 38 7 97 1 53 16 98 1 42 20 76 1 73 27 104 1 0 45 113 1 14 50 116 1 0 31 97 1 66 10 86 1 62 49 57 1 1 0 97 1 17 5 90 1 24 6 59 1 9 12 65 1 6 28 84 1 63 12 85 1
108 82 138 1 169 125 161 1 0 0 0 0 41 69 133 1 75 64 131 1 134 81 150 1 102 112 171 1 117 117 167 1 79 49 114 1 41 22 79 1 41 0 60 1 67 20 93 1 2 15 71 1 0 0 0 0 29 59 95 1 3 25 58 1 9 0 93 1 7 17 110 1 0 57 126 1 17 34 86 1 0 0 0 0 9 1 78 1 38 30 105 1 44 7 66 1 7 50 87 1 9 45 128 1 35 30 75 1 54 39 84 1 0 20 79 1 40 0 84 1 18 6 101 1 0 15 120 1 22 17 88 1 35 3 115 1 21 41 63 1 20 0 67 1 33 56 81 1 3 3 112 1 0 0 76 1 43 31 84 1 0 0 0 0 39 29 65 1 61 35 82 1 96 52 122 1 0 0 0 0 36 13 104 1 33 21 114 1 32 62 85 1 23 35 103 1 41 17 106 1 42 30 80 1 29 27 105 1 81 47 94 1 17 0 72 1 0 0 0 0 29 44 75 1 0 0 0 0 12 0 86 1 21 0 53 1 15 32 50 1 13 9 90 1 34 23 63 1
84 134 116 1 75 102 158 1 55 82 102 1 61 9 77 1 72 87 79 1 0 0 0 0 100 44 93 1 0 0 0 0 85 58 99 1 0 61 75 1 36 29 71 1 35 30 138 1 0 0 0 0 2 20 81 1 0 0 0 0 26 33 123 1 0 0 0 0 15 17 93 1 0 0 0 0 39 45 61 1 31 55 85 1 28 44 80 1 2 32 119 1 22 17 113 1 15 14 121 1 44 26 71 1 45 8 48 1 40 0 70 1 55 7 70 1 0 0 0 0 0 0 0 0 36 34 96 1 13 0 85 1 4 18 119 1 35 58 77 1 48 0 88 1 0 5 74 1 0 0 0 0 0 25 98 1 15 29 84 1 15 0 120 1 42 0 77 1 57 31 117 1 107 130 173 1 77 67 106 1 28 44 93 1 6 6 60 1 29 13 87 1 39 45 109 1 0 0 0 0 59 47 97 1 43 24 78 1 0 0 0 0 40 24 76 1 29 28 68 1 0 0 0 0 16 26 91 1 28 51 109 1 2 16 70 1 10 5 66 1 37 0 82 1 61 21 65 1
0 0 0 0 78 82 131 1 35 38 78 1 62 53 55 1 44 71 109 1 41 32 113 1 97 95 105 1 98 96 144 1 31 24 130 1 64 31 108 1 11 27 126 1 27 29 83 1 7 59 77 1 0 37 106 1 0 20 106 1 5 0 94 1 43 0 56 1 46 13 106 1 0 13 73 1 45 7 46 1 23 0 67 1 41 0 96 1 0 0 0 0 0 16 109 1 18 17 59 1 27 17 53 1 21 27 54 1 0 0 121 1 14 3 112 1 0 0 0 0 5 13 79 1 26 0 95 1 0 0 0 0 51 14 37 1 57 19 87 1 17 15 81 1 54 14 111 1 22 22 92 1 69 21 77 1 11 34 147 1 0 13 97 1 25 16 98 1 0 49 113 1 50 43 119 1 35 46 122 1 0 0 0 0 56 49 58 1 28 11 60 1 58 47 105 1 83 72 155 1 68 52 134 1 40 43 78 1 63 32 50 1 54 21 86 1 0 0 0 0 0 0 0 0 21 7 77 1 25 0 89 1 0 17 88 1 3 25 86 1 48 7 93 1 18 53 84 1
22 47 81 1 37 73 148 1 37 1 81 1 5 21 81 1 0 0 0 0 39 84 107 1 69 64 113 1 132 109 105 1 46 81 106 1 27 42 73 1 45 27 76 1 44 47 74 1 0 34 86 1 11 17 71 1 17 2 120 1 13 0 73 1 24 0 104 1 78 18 72 1 24 11 75 1 17 45 73 1 71 35 36 1 23 4 78 1 23 42 98 1 38 0 111 1 20 11 66 1 16 13 126 1 28 43 88 1 37 24 54 1 19 9 86 1 23 21 100 1 33 23 98 1 19 0 52 1 27 1 68 1 12 19 80 1 9 0 79 1 0 9 80 1 3 32 73 1 32 23 60 1 46 0 108 1 58 8 107 1 38 46 78 1 22 0 104 1 0 0 0 0 46 16 56 1 32 64 51 1 56 18 103 1 0 52 103 1 41 51 54 1 62 83 98 1 84 95 127 1 22 72 122 1 9 39 68 1 17 48 66 1 63 65 107 1 0 0 0 0 29 30 119 1 0 0 0 0 71 0 83 1 48 15 120 1 33 38 79 1 44 22 90 1 40 0 44 1
0 19 77 1 5 22 38 1 17 9 90 1 49 13 46 1 0 109 89 1 79 80 108 1 56 49 114 1 39 52 93 1 46 57 87 1 6 47 62 1 41 50 94 1 51 29 83 1 0 0 57 1 47 5 81 1 1 2 40 1 33 37 50 1 17 7 88 1 45 2 62 1 54 9 87 1 34 22 124 1 0 0 91 1 28 26 74 1 2 0 65 1 30 23 119 1 22 22 136 1 22 23 69 1 14 0 82 1 50 10 81 1 46 20 61 1 0 0 0 0 59 28 67 1 60 45 57 1 14 27 102 1 39 46 57 1 22 16 107 1 6 52 87 1 49 14 95 1 0 0 0 0 21 32 116 1 54 40 71 1 3 10 92 1 71 34 67 1 16 35 78 1 64 81 76 1 15 0 99 1 32 15 70 1 14 8 45 1 47 34 87 1 0 0 0 0 77 58 114 1 48 64 89 1 62 57 119 1 52 65 118 1 73 77 121 1 88 95 100 1 26 26 122 1 0 0 0 0 0 0 39 1 81 54 97 1 0 0 57 1 18 33 70 1 75 0 72 1
0 0 66 1 0 28 79 1 32 13 65 1 81 35 92 1 34 29 81 1 23 41 93 1 85 48 86 1 0 0 0 0 7 44 95 1 25 0 43 1 55 31 74 1 58 29 104 1 11 34 80 1 28 4 96 1 16 21 87 1 10 17 49 1 31 7 126 1 38 28 82 1 7 10 75 1 48 19 104 1 0 14 57 1 46 1 65 1 28 0 79 1 0 0 0 0 16 8 93 1 18 50 107 1 14 16 117 1 50 24 106 1 34 14 112 1 20 5 91 1 15 8 94 1 0 30 87 1 0 0 0 0 32 23 107 1 35 2 78 1 45 20 69 1 34 0 101 1 10 8 56 1 13 11 73 1 30 10 71 1 20 10 72 1 0 0 0 0 0 25 99 1 30 0 102 1 16 31 86 1 0 49 63 1 0 0 0 0 33 80 117 1 0 0 0 0 55 52 88 1 56 53 107 1 83 46 151 1 116 108 111 1 116 71 137 1 114 104 138 1 43 42 73 1 0 0 0 0 16 35 52 1 36 19 95 1 34 0 70 1 0 0 0 0 38 16 54 1
0 0 0 0 6 53 128 1 28 19 90 1 8 12 61 1 21 9 95 1 18 5 64 1 22 42 100 1 27 16 101 1 0 24 76 1 31 0 67 1 18 0 92 1 0 1 58 1 13 7 71 1 0 22 71 1 28 9 104 1 30 31 78 1 23 0 75 1 36 86 77 1 0 0 48 1 0 0 0 0 29 17 111 1 4 31 80 1 42 44 77 1 10 11 91 1 8 10 115 1 62 0 80 1 35 48 68 1 14 5 58 1 15 0 73 1 42 11 61 1 62 0 93 1 40 26 60 1 39 26 86 1 0 0 0 0 17 18 109 1 27 39 96 1 53 21 79 1 29 35 36 1 26 6 54 1 39 23 64 1 14 27 97 1 33 43 123 1 0 28 95 1 26 56 80 1 13 36 78 1 37 70 92 1 9 27 104 1 28 25 101 1 12 95 99 1 77 61 113 1 109 99 152 1 122 72 142 1 98 84 104 1 112 77 108 1 92 24 70 1 17 43 68 1 25 29 83 1 0 0 0 0 0 30 123 1 16 25 106 1 0 0 0 0 13 0 99 1
33 22 78 1 0 0 0 0 28 19 104 1 0 0 0 0 27 24 81 1 0 16 89 1 0 0 0 0 0 0 0 0 20 36 57 1 43 4 97 1 37 39 79 1 56 13 105 1 13 0 93 1 38 69 30 1 57 34 60 1 19 50 57 1 20 25 88 1 57 53 109 1 32 15 108 1 57 36 92 1 0 0 0 0 14 0 42 1 54 16 66 1 41 60 103 1 38 14 87 1 19 23 97 1 15 40 132 1 39 26 101 1 50 0 59 1 10 57 79 1 18 24 54 1 42 26 115 1 17 1 84 1 29 9 76 1 35 0 74 1 44 41 98 1 0 32 68 1 30 0 102 1 0 29 106 1 21 18 117 1 25 24 83 1 73 8 76 1 0 0 0 0 48 23 73 1 37 13 74 1 19 4 83 1 53 26 86 1 49 31 100 1 54 35 84 1 57 33 94 1 85 23 97 1 33 71 94 1 14 55 106 1 44 61 71 1 55 0 120 1 0 0 0 0 16 12 79 1 0 78 79 1 47 27 74 1 45 35 70 1 40 45 75 1 43 60 92 1
5 0 138 1 21 31 82 1 0 0 61 1 0 17 87 1 15 30 84 1 0 22 74 1 44 24 79 1 20 1 50 1 0 12 64 1 32 0 53 1 25 37 95 1 26 59 110 1 10 24 89 1 29 26 99 1 13 29 118 1 27 50 122 1 0 0 0 0 29 21 86 1 28 43 76 1 38 50 91 1 7 59 86 1 0 0 0 0 0 0 0 0 48 38 83 1 22 9 90 1 9 3 76 1 6 14 73 1 19 33 78 1 30 0 63 1 21 18 113 1 10 26 81 1 12 30 60 1 44 0 66 1 15 32 98 1 44 28 80 1 45 0 58 1 0 0 0 0 5 13 120 1 51 32 75 1 24 27 55 1 16 22 83 1 41 24 52 1 12 7 78 1 30 0 88 1 18 13 94 1 8 18 117 1 28 15 47 1 15 48 76 1 6 72 61 1 87 55 54 1 62 40 91 1 0 0 0 0 61 94 117 1 95 101 140 1 0 0 0 0 52 70 101 1 14 47 86 1 0 0 0 0 37 18 114 1 11 51 26 1 0 0 66 1 29 0 94 1
7 26 80 1 14 18 71 1 23 23 112 1 6 12 88 1 22 12 96 1 42 23 113 1 15 50 76 1 0 0 0 0 24 40 99 1 53 61 75 1 35 30 113 1 38 24 78 1 35 20 64 1 3 51 76 1 29 19 84 1 14 39 95 1 0 46 90 1 46 0 86 1 22 28 100 1 9 0 48 1 0 0 0 0 18 27 88 1 10 60 73 1 65 13 97 1 28 39 80 1 51 44 76 1 15 10 70 1 0 47 92 1 20 0 75 1 0 0 0 0 0 0 71 1 47 42 82 1 19 45 96 1 11 29 95 1 31 21 63 1 0 0 0 0 0 0 0 0 0 43 53 1 30 0 93 1 43 0 72 1 17 0 95 1 24 27 87 1 0 0 52 1 45 33 37 1 0 0 0 0 15 0 72 1 0 20 89 1 48 0 76 1 33 25 116 1 0 0 0 0 19 12 93 1 41 18 72 1 52 93 118 1 0 0 0 0 67 0 98 1 15 40 84 1 38 49 122 1 48 43 116 1 14 29 103 1 20 27 55 1 30 0 96 1 29 34 84 1
56 13 57 1 47 38 52 1 28 16 73 1 0 0 0 0 33 3 112 1 75 45 111 1 86 9 72 1 21 21 80 1 46 15 87 1 50 0 96 1 50 28 111 1 0 2 93 1 16 23 83 1 48 42 47 1 51 21 49 1 44 21 57 1 28 52 39 1 0 0 0 0 20 14 67 1 27 4 67 1 1 17 103 1 5 10 92 1 0 0 0 0 33 38 147 1 66 33 111 1 49 94 113 1 50 41 46 1 49 47 52 1 28 9 64 1 25 0 97 1 7 41 95 1 0 2 60 1 30 0 64 1 29 33 40 1 18 15 112 1 14 2 148 1 0 0 50 1 18 0 77 1 56 9 81 1 0 0 0 0 0 0 0 0 0 45 78 1 26 32 98 1 16 0 80 1 34 7 64 1 22 37 81 1 23 7 66 1 49 0 100 1 10 30 97 1 5 12 92 1 62 44 57 1 42 12 95 1 8 0 83 1 43 25 79 1 31 21 66 1 75 41 99 1 10 15 91 1 41 26 66 1 1 0 82 1 64 15 74 1 7 27 49 1 8 28 91 1
46 34 112 1 37 0 83 1 24 29 69 1 0 0 0 0 38 48 50 1 28 18 65 1 0 66 76 1 38 24 123 1 21 42 81 1 32 42 53 1 23 17 79 1 16 9 78 1 0 17 54 1 34 69 88 1 51 8 101 1 66 25 76 1 3 55 96 1 17 14 71 1 40 30 92 1 35 19 77 1 46 43 96 1 40 47 113 1 25 26 100 1 28 28 129 1 67 88 134 1 111 95 180 1 82 78 128 1 21 0 124 1 50 46 71 1 26 0 107 1 16 19 56 1 59 2 76 1 25 27 98 1 1 17 107 1 0 0 0 0 13 44 94 1 64 37 51 1 39 0 83 1 45 42 70 1 55 38 122 1 41 0 93 1 38 0 60 1 26 35 83 1 0 0 0 0 0 28 58 1 20 0 90 1 31 0 86 1 0 25 100 1 2 8 56 1 18 1 73 1 27 28 102 1 28 10 77 1 58 29 79 1 0 0 0 0 16 22 85 1 22 57 109 1 46 36 56 1 47 16 61 1 57 50 111 1 5 36 68 1 60 60 68 1 0 0 0 0
18 26 80 1 55 0 65 1 0 14 70 1 0 25 82 1 28 9 104 1 17 21 105 1 36 31 44 1 57 36 77 1 8 31 88 1 28 5 82 1 35 0 68 1 39 45 66 1 10 21 79 1 20 25 102 1 56 11 84 1 35 47 97 1 24 21 86 1 0 0 0 0 40 36 96 1 36 53 118 1 36 55 97 1 0 37 88 1 38 60 62 1 22 35 100 1 100 66 140 1 94 134 126 1 64 70 93 1 0 0 0 0 62 0 60 1 3 8 98 1 47 15 71 1 3 38 51 1 0 36 69 1 28 36 92 1 4 25 76 1 26 39 87 1 11 49 119 1 26 33 52 1 15 38 98 1 8 1 67 1 34 26 77 1 28 11 60 1 21 48 100 1 46 19 63 1 32 78 72 1 37 20 53 1 18 27 109 1 26 28 36 1 25 0 40 1 0 14 58 1 27 25 111 1 15 39 85 1 7 0 117 1 27 0 100 1 0 17 107 1 15 29 62 1 0 19 76 1 44 10 61 1 1 44 99 1 67 29 97 1 52 10 98 1 12 13 85 1
0 0 0 0 48 36 113 1 3 23 91 1 22 46 77 1 64 7 82 1 45 38 69 1 63 15 63 1 63 3 86 1 0 0 0 0 0 0 0 0 5 28 125 1 44 33 73 1 42 49 74 1 57 19 105 1 41 20 80 1 19 34 67 1 42 21 97 1 58 0 76 1 65 33 106 1 62 45 107 1 49 51 70 1 54 24 129 1 90 66 96 1 57 41 140 1 36 53 127 1 114 122 142 1 81 16 143 1 9 4 77 1 44 37 119 1 29 14 58 1 24 12 78 1 5 3 89 1 30 27 103 1 0 57 87 1 28 0 61 1 20 53 62 1 0 16 98 1 0 32 87 1 40 13 95 1 51 27 96 1 48 20 49 1 22 0 140 1 11 17 55 1 0 0 0 0 6 9 102 1 6 13 110 1 36 14 65 1 49 19 82 1 36 30 93 1 12 22 76 1 28 43 85 1 0 0 0 0 0 1 86 1 42 0 86 1 0 0 0 0 0 34 99 1 0 0 0 0 53 53 75 1 0 0 0 0 23 25 71 1 27 7 39 1 36 16 99 1
0 0 0 0 57 31 96 1 0 0 0 0 33 18 115 1 0 47 55 1 59 28 82 1 0 32 100 1 18 15 73 1 11 6 102 1 75 40 82 1 29 10 109 1 20 2 64 1 15 0 89 1 18 18 89 1 0 0 0 0 24 28 68 1 10 21 58 1 21 27 91 1 0 0 0 0 56 73 90 1 9 4 134 1 0 0 0 0 27 42 103 1 40 58 87 1 62 54 99 1 69 44 83 1 0 79 63 1 41 49 63 1 22 0 78 1 31 10 92 1 0 0 0 0 44 20 90 1 20 55 82 1 0 0 0 0 46 0 79 1 41 46 100 1 11 37 83 1 62 7 90 1 37 0 93 1 11 39 115 1 50 23 84 1 0 0 0 0 37 21 84 1 18 23 85 1 59 18 105 1 0 0 0 0 0 11 73 1 50 10 74 1 50 19 124 1 33 23 104 1 32 27 62 1 8 0 82 1 44 41 73 1 0 0 0 0 34 7 94 1 9 50 83 1 6 45 85 1 34 28 85 1 56 40 87 1 41 36 82 1 39 21 90 1 0 0 0 0
30 25 109 1 14 18 58 1 44 26 66 1 0 0 0 0 16 13 114 1 18 17 73 1 36 0 88 1 0 0 0 0 4 17 53 1 37 0 127 1 46 0 71 1 17 17 54 1 14 33 87 1 35 35 71 1 43 5 78 1 25 47 72 1 0 0 0 0 43 6 104 1 67 24 98 1 45 52 99 1 59 45 91 1 28 47 68 1 53 53 93 1 52 77 106 1 16 13 128 1 0 0 0 0 1 25 92 1 41 16 71 1 0 7 101 1 33 19 86 1 23 0 100 1 2 31 44 1 65 33 92 1 37 16 88 1 50 7 67 1 27 53 94 1 0 35 62 1 42 0 92 1 27 25 65 1 54 31 29 1 0 0 0 0 11 63 112 1 39 73 96 1 38 0 53 1 44 49 41 1 41 33 103 1 21 48 85 1 19 16 78 1 52 29 103 1 32 46 96 1 37 62 61 1 1 11 85 1 22 30 77 1 64 78 67 1 57 47 135 1 0 0 0 0 51 0 84 1 28 1 89 1 22 22 57 1 30 21 86 1 30 29 131 1 38 14 107 1
39 7 111 1 34 48 105 1 22 14 82 1 20 0 67 1 26 38 81 1 15 3 82 1 41 27 65 1 3 2 81 1 31 37 60 1 3 20 105 1 0 0 0 0 8 4 37 1 44 5 74 1 21 23 59 1 27 42 75 1 18 55 91 1 36 26 98 1 0 0 0 0 41 28 75 1 21 6 49 1 1 49 60 1 15 26 105 1 13 16 75 1 0 29 57 1 50 0 76 1 0 6 70 1 50 74 52 1 42 34 97 1 0 24 82 1 29 26 78 1 2 43 79 1 41 32 89 1 40 2 89 1 38 22 113 1 29 55 106 1 47 0 59 1 23 22 83 1 0 8 72 1 38 0 76 1 0 0 0 0 6 76 96 1 4 3 86 1 15 45 80 1 18 23 96 1 39 0 27 1 23 14 95 1 0 0 0 0 0 15 87 1 0 5 110 1 31 0 59 1 6 0 94 1 26 36 114 1 16 41 46 1 52 0 80 1 51 45 135 1 57 57 59 1 38 47 68 1 7 0 79 1 21 0 99 1 27 31 76 1 29 41 88 1 24 12 84 1
33 41 110 1 0 34 80 1 23 35 101 1 0 0 0 0 67 39 114 1 48 29 112 1 51 10 104 1 24 26 77 1 39 2 80 1 16 20 61 1 35 8 97 1 48 28 69 1 0 0 0 0 22 18 38 1 0 0 113 1 0 0 0 0 32 23 88 1 44 23 93 1 0 0 0 0 17 21 38 1 47 28 78 1 33 33 65 1 30 4 106 1 46 26 81 1 0 5 86 1 0 6 103 1 52 0 123 1 2 49 92 1 30 4 58 1 19 0 113 1 26 0 70 1 61 0 65 1 12 0 124 1 36 30 90 1 37 20 115 1 47 26 84 1 25 38 62 1 59 47 41 1 48 17 91 1 23 21 103 1 43 14 78 1 0 17 109 1 27 0 79 1 0 0 0 0 0 16 54 1 0 0 0 0 23 0 83 1 12 50 78 1 3 30 83 1 42 57 56 1 54 7 68 1 47 0 107 1 14 0 108 1 7 19 95 1 56 45 104 1 53 33 69 1 23 32 100 1 0 13 56 1 27 43 68 1 50 31 106 1 38 0 59 1 14 4 61 1
30 38 107 1 39 20 96 1 62 34 60 1 54 57 108 1 87 75 135 1 22 62 128 1 72 17 90 1 0 39 111 1 21 0 88 1 5 22 84 1 24 9 104 1 0 0 0 0 0 0 0 0 15 38 65 1 9 3 109 1 9 16 30 1 22 14 95 1 4 0 116 1 0 0 0 0 41 9 54 1 38 21 71 1 6 25 108 1 22 31 75 1 70 53 57 1 30 13 63 1 63 12 35 1 38 49 119 1 43 49 82 1 46 0 65 1 15 35 79 1 31 0 101 1 49 9 104 1 45 29 89 1 13 18 98 1 41 29 93 1 0 0 0 0 52 42 59 1 12 33 124 1 15 18 100 1 3 11 91 1 32 25 79 1 25 5 84 1 52 0 106 1 2 26 80 1 48 0 86 1 0 0 0 0 43 20 82 1 1 52 78 1 17 5 66 1 63 24 110 1 8 66 93 1 38 17 99 1 47 34 104 1 0 0 27 1 50 19 106 1 10 9 89 1 12 71 76 1 35 23 74 1 58 53 97 1 0 0 0 0 22 48 76 1 33 27 75 1
19 22 87 1 48 23 62 1 0 26 53 1 27 74 76 1 58 38 78 1 15 17 109 1 7 27 81 1 45 0 72 1 39 12 103 1 0 0 0 0 24 12 74 1 0 0 0 0 56 24 67 1 51 0 128 1 18 33 96 1 0 81 78 1 0 6 78 1 31 27 66 1 29 15 72 1 68 25 140 1 32 12 56 1 26 0 55 1 31 0 63 1 15 43 104 1 36 49 78 1 33 0 82 1 45 16 83 1 34 26 94 1 31 0 131 1 0 0 0 0 36 22 85 1 14 9 91 1 44 27 58 1 2 28 82 1 43 9 90 1 4 30 82 1 29 0 61 1 45 2 104 1 33 35 106 1 0 21 101 1 35 17 78 1 16 15 86 1 6 38 76 1 14 0 67 1 54 36 83 1 0 0 0 0 2 22 71 1 24 44 105 1 34 40 126 1 51 15 75 1 46 23 116 1 15 22 42 1 5 64 56 1 0 60 104 1 26 31 68 1 0 9 96 1 31 17 108 1 10 11 92 1 48 7 65 1 64 0 84 1 46 54 64 1 0 0 0 0
36 57 87 1 16 33 82 1 52 0 98 1 46 13 88 1 45 31 111 1 52 0 96 1 0 16 82 1 32 17 97 1 39 17 84 1 6 25 82 1 6 27 73 1 52 51 42 1 0 24 113 1 37 43 51 1 0 11 68 1 0 0 0 0 18 34 94 1 0 5 67 1 32 21 90 1 19 36 106 1 6 23 65 1 13 26 81 1 0 8 89 1 50 61 62 1 0 0 74 1 56 31 79 1 8 7 100 1 0 0 85 1 0 0 0 0 8 17 103 1 65 11 66 1 0 0 0 0 53 13 71 1 21 68 114 1 39 0 46 1 0 33 90 1 0 0 78 1 51 44 89 1 45 22 122 1 46 61 67 1 33 0 58 1 19 19 102 1 43 53 83 1 44 23 83 1 25 68 68 1 34 41 81 1 22 0 91 1 40 0 78 1 27 56 106 1 43 13 102 1 29 60 69 1 77 37 54 1 63 70 117 1 32 33 81 1 35 44 70 1 23 26 86 1 0 0 0 0 49 43 91 1 17 19 107 1 54 0 116 1 32 19 81 1 54 37 83 1
22 23 99 1 54 25 73 1 0 0 0 0 7 24 95 1 55 42 79 1 36 27 78 1 32 54 100 1 40 12 97 1 25 8 63 1 0 0 0 0 16 16 72 1 0 0 0 0 52 28 100 1 9 39 53 1 0 0 0 0 42 0 56 1 12 27 113 1 44 27 84 1 7 44 38 1 23 3 75 1 35 11 68 1 53 36 81 1 50 29 72 1 0 23 110 1 0 0 0 0 18 3 88 1 6 21 88 1 32 19 103 1 40 22 69 1 0 0 0 0 0 0 0 0 68 59 80 1 81 72 139 1 37 22 133 1 0 0 82 1 0 0 0 0 8 55 74 1 8 0 65 1 23 0 104 1 19 5 84 1 63 0 99 1 27 5 111 1 42 16 104 1 8 18 118 1 4 0 97 1 18 11 102 1 64 26 109 1 0 50 104 1 17 21 81 1 23 17 70 1 48 35 116 1 22 26 122 1 61 57 95 1 47 30 109 1 27 49 92 1 0 36 73 1 65 23 75 1 45 51 93 1 29 13 72 1 16 5 81 1 34 31 62 1 27 22 63 1
0 0 0 0 5 26 69 1 24 36 59 1 20 30 97 1 0 0 0 0 36 63 97 1 16 45 66 1 0 0 91 1 0 36 52 1 6 22 66 1 0 24 135 1 0 0 22 1 0 0 0 0 16 23 118 1 12 33 68 1 8 38 39 1 41 27 104 1 1 26 42 1 42 38 74 1 57 25 108 1 0 8 72 1 52 0 105 1 44 6 125 1 13 36 108 1 5 31 93 1 6 58 104 1 0 0 0 0 28 17 92 1 55 14 91 1 0 40 110 1 72 34 90 1 29 40 74 1 34 42 84 1 68 65 109 1 48 37 57 1 38 42 82 1 26 29 79 1 49 34 129 1 21 45 98 1 20 1 102 1 45 0 103 1 24 0 73 1 0 40 42 1 48 18 72 1 27 53 56 1 38 28 118 1 0 0 0 0 32 26 84 1 29 29 61 1 32 39 107 1 0 0 0 0 51 0 86 1 40 45 70 1 47 19 72 1 0 16 75 1 30 23 108 1 0 0 74 1 52 0 112 1 50 36 90 1 34 44 82 1 57 0 62 1 36 35 120 1
0 1 89 1 30 12 68 1 42 26 79 1 0 13 99 1 15 46 55 1 32 38 80 1 0 0 79 1 33 38 79 1 17 32 69 1 0 0 107 1 36 32 89 1 0 0 0 0 36 41 80 1 30 17 82 1 20 41 95 1 0 0 0 0 9 39 84 1 12 21 79 1 0 16 85 1 46 48 82 1 47 47 75 1 9 0 58 1 47 35 67 1 17 19 77 1 0 0 0 0 22 16 86 1 33 0 44 1 48 46 69 1 0 0 0 0 0 33 99 1 36 15 110 1 24 67 95 1 27 54 109 1 69 21 55 1 20 45 119 1 32 0 112 1 33 0 80 1 2 0 76 1 5 6 75 1 28 10 109 1 55 42 118 1 61 41 42 1 31 7 108 1 47 24 76 1 28 0 94 1 13 9 125 1 6 5 113 1 43 0 74 1 8 3 92 1 6 17 91 1 5 41 80 1 0 0 0 0 54 54 96 1 18 1 68 1 57 44 86 1 47 36 85 1 63 0 87 1 25 22 104 1 31 30 73 1 18 0 63 1 36 31 91 1 45 0 64 1
18 28 76 1 4 33 56 1 0 0 106 1 43 0 70 1 0 47 88 1 42 12 63 1 38 16 93 1 8 15 73 1 27 17 50 1 8 15 108 1 0 0 0 0 0 30 43 1 5 32 105 1 17 23 89 1 4 4 153 1 45 21 83 1 19 0 73 1 19 4 56 1 31 31 73 1 26 11 66 1 32 11 94 1 0 41 97 1 28 12 81 1 14 75 84 1 27 5 64 1 38 7 66 1 37 31 67 1 31 4 103 1 31 10 74 1 0 70 56 1 38 0 68 1 60 40 102 1 6 34 70 1 43 37 63 1 0 26 38 1 46 3 78 1 16 26 75 1 18 45 99 1 21 20 55 1 25 49 127 1 46 44 72 1 55 27 112 1 32 19 87 1 42 22 78 1 9 17 65 1 0 53 75 1 21 41 68 1 45 23 78 1 50 0 91 1 12 0 80 1 7 33 76 1 0 15 73 1 39 32 77 1 19 33 123 1 31 10 135 1 13 21 96 1 32 0 81 1 27 24 60 1 28 9 79 1 23 26 53 1 21 16 119 1 44 51 78 1
37 48 94 1 17 31 76 1 0 0 0 0 33 24 93 1 28 6 90 1 48 6 93 1 17 0 65 1 21 7 119 1 61 18 102 1 0 8 127 1 0 0 0 0 33 27 100 1 27 31 49 1 13 0 111 1 50 22 81 1 0 0 77 1 0 39 75 1 32 47 93 1 0 0 0 0 43 16 113 1 3 11 89 1 38 11 86 1 3 0 57 1 24 0 108 1 31 55 93 1 4 0 113 1 20 5 52 1 18 26 96 1 0 0 0 0 51 11 75 1 3 12 73 1 0 0 0 0 43 61 74 1 0 38 75 1 52 29 104 1 64 27 84 1 21 46 82 1 34 32 102 1 0 6 59 1 0 61 48 1 13 0 92 1 0 0 0 0 11 0 95 1 27 26 77 1 26 2 109 1 55 63 64 1 54 8 60 1 36 24 54 1 11 67 93 1 43 9 59 1 9 0 67 1 42 0 97 1 23 36 100 1 15 34 60 1 81 48 71 1 0 21 98 1 33 8 93 1 40 0 60 1 54 16 24 1 48 54 107 1 18 20 65 1 0 0 0 0
0 0 100 1 51 13 55 1 0 0 0 0 59 10 105 1 9 36 116 1 32 36 89 1 15 0 113 1 39 31 107 1 8 22 107 1 22 59 80 1 14 44 67 1 6 0 102 1 31 33 66 1 26 16 95 1 25 20 86 1 0 0 0 0 32 37 112 1 39 31 105 1 0 30 118 1 1 22 63 1 43 0 114 1 52 24 85 1 14 14 82 1 42 0 69 1 41 18 78 1 23 0 82 1 33 67 82 1 40 0 86 1 51 26 100 1 24 8 93 1 0 0 0 0 25 40 52 1 37 30 107 1 53 62 81 1 132 66 119 1 32 58 124 1 2 21 69 1 0 0 0 0 67 13 74 1 67 0 135 1 62 24 40 1 46 40 105 1 33 30 53 1 0 0 70 1 51 0 52 1 41 23 84 1 0 0 0 0 30 0 97 1 33 45 80 1 36 46 67 1 34 26 103 1 24 22 76 1 15 30 65 1 39 0 94 1 1 2 86 1 50 27 82 1 14 14 82 1 54 0 93 1 37 24 98 1 0 0 0 0 31 45 60 1 16 32 79 1
0 0 88 1 21 16 90 1 0 47 100 1 18 0 93 1 27 15 54 1 0 80 103 1 74 49 77 1 33 29 65 1 27 0 126 1 22 18 65 1 58 17 92 1 20 25 95 1 0 0 0 0 0 0 69 1 62 38 96 1 0 47 98 1 41 0 88 1 12 11 99 1 38 30 87 1 26 0 97 1 33 14 81 1 0 22 97 1 48 28 109 1 0 19 45 1 34 23 107 1 22 5 112 1 38 40 79 1 39 20 99 1 34 6 55 1 26 16 101 1 30 54 104 1 70 48 115 1 83 73 145 1 0 0 0 0 85 101 149 1 84 63 122 1 30 42 122 1 65 22 88 1 2 0 79 1 23 78 96 1 0 0 0 0 6 32 65 1 14 78 50 1 58 30 69 1 22 43 129 1 16 29 68 1 44 15 81 1 51 35 71 1 38 29 103 1 31 0 132 1 21 0 119 1 54 32 86 1 33 35 74 1 59 49 106 1 46 50 88 1 35 45 86 1 0 52 50 1 0 4 99 1 22 64 63 1 21 23 81 1 0 0 0 0 38 47 92 1
69 53 119 1 28 0 106 1 0 0 0 0 25 30 112 1 2 36 118 1 38 0 97 1 61 12 83 1 39 2 89 1 32 17 92 1 0 0 0 0 0 1 75 1 26 0 98 1 38 23 44 1 29 11 81 1 29 0 70 1 45 18 81 1 0 31 97 1 68 0 115 1 11 14 104 1 2 30 77 1 35 10 111 1 0 0 0 0 19 28 72 1 0 25 90 1 33 25 84 1 9 27 70 1 37 0 94 1 0 0 0 0 29 22 107 1 8 61 109 1 39 42 101 1 85 86 119 1 99 115 187 1 126 172 188 1 0 0 0 0 72 79 119 1 89 89 147 1 104 105 152 1 111 87 133 1 98 69 124 1 55 26 109 1 28 17 114 1 20 6 57 1 14 37 80 1 46 41 94 1 54 39 86 1 13 8 57 1 42 25 106 1 14 0 101 1 0 0 0 0 0 27 82 1 7 12 80 1 0 62 91 1 20 62 87 1 26 21 81 1 51 47 70 1 0 21 82 1 63 29 71 1 29 5 89 1 35 44 46 1 3 3 118 1 36 37 104 1
42 23 68 1 22 33 96 1 0 0 0 0 24 28 107 1 52 0 54 1 0 26 54 1 5 0 86 1 23 54 53 1 36 16 80 1 20 25 90 1 0 27 92 1 31 22 49 1 43 11 71 1 6 24 97 1 41 31 86 1 41 23 77 1 49 26 94 1 23 32 82 1 0 0 0 0 21 14 74 1 0 0 0 0 0 0 0 0 41 0 81 1 6 32 120 1 22 0 65 1 37 24 98 1 29 26 84 1 0 0 109 1 0 58 93 1 12 0 119 1 19 46 81 1 110 88 124 1 126 92 134 1 96 154 143 1 0 0 0 0 93 65 104 1 127 144 155 1 153 120 192 1 147 129 192 1 118 111 159 1 59 57 137 1 33 33 60 1 49 38 49 1 32 10 96 1 0 45 104 1 47 0 113 1 7 32 79 1 19 20 74 1 15 14 131 1 58 0 98 1 7 0 70 1 8 6 58 1 13 52 44 1 53 39 82 1 22 26 73 1 33 15 51 1 31 0 65 1 28 43 78 1 12 6 95 1 62 0 104 1 58 25 96 1 66 33 59 1
38 40 93 1 69 41 72 1 4 46 75 1 5 70 86 1 46 21 51 1 0 45 108 1 16 33 71 1 0 0 80 1 13 8 115 1 65 36 86 1 0 0 0 0 39 18 54 1 33 31 85 1 34 16 69 1 11 0 84 1 4 47 126 1 25 54 88 1 36 24 121 1 29 19 74 1 35 7 82 1 22 9 71 1 2 20 75 1 44 34 101 1 0 0 0 0 38 47 83 1 11 23 90 1 0 5 100 1 26 17 87 1 10 19 50 1 5 13 72 1 51 26 75 1 29 42 109 1 73 77 100 1 66 77 116 1 35 77 136 1 28 54 108 1 75 80 110 1 115 80 159 1 164 126 193 1 103 147 173 1 40 46 112 1 32 45 95 1 31 21 77 1 2 0 101 1 43 41 106 1 6 24 79 1 0 0 0 0 64 35 92 1 3 0 69 1 0 0 0 0 24 50 92 1 24 33 82 1 24 29 106 1 12 21 116 1 51 42 111 1 60 32 70 1 28 0 92 1 0 0 0 0 15 23 81 1 0 0 0 0 10 0 86 1 29 3 65 1
27 0 158 1 45 64 64 1 53 31 81 1 0 44 125 1 18 35 111 1 9 50 99 1 0 0 0 0 12 25 66 1 0 0 0 0 43 11 67 1 0 0 0 0 12 28 96 1 15 16 111 1 43 39 87 1 0 0 0 0 40 30 94 1 0 19 101 1 45 12 70 1 40 31 131 1 39 51 64 1 36 0 73 1 20 20 57 1 15 51 61 1 32 37 91 1 19 27 79 1 27 28 106 1 31 11 74 1 3 22 64 1 22 0 84 1 46 31 87 1 18 0 108 1 14 35 87 1 48 0 89 1 39 3 107 1 89 68 125 1 14 57 68 1 44 44 102 1 0 0 0 0 75 2 120 1 0 0 0 0 38 17 58 1 0 17 81 1 0 46 81 1 32 10 130 1 17 20 102 1 19 19 119 1 58 40 76 1 7 51 89 1 2 56 85 1 11 16 81 1 69 2 75 1 0 69 103 1 2 0 107 1 34 0 86 1 50 0 97 1 5 38 88 1 11 13 85 1 10 17 74 1 33 0 101 1 20 23 78 1 10 0 93 1 16 53 50 1
68 31 62 1 71 37 98 1 12 1 127 1 22 15 77 1 0 0 0 0 41 70 61 1 28 15 55 1 23 28 63 1 0 15 78 1 46 15 70 1 61 38 80 1 39 94 91 1 15 46 97 1 46 48 71 1 38 6 64 1 0 0 0 0 33 43 86 1 7 20 83 1 24 20 104 1 41 43 93 1 32 16 72 1 19 2 116 1 50 15 98 1 43 37 95 1 13 35 46 1 0 0 0 0 12 24 77 1 13 14 43 1 9 0 136 1 13 22 88 1 37 6 99 1 7 35 96 1 26 23 93 1 0 0 0 0 22 0 117 1 54 0 109 1 56 0 59 1 11 43 90 1 0 25 68 1 0 22 77 1 6 0 60 1 89 42 84 1 39 17 59 1 30 24 77 1 0 0 0 0 36 53 104 1 0 0 0 0 13 15 95 1 39 35 76 1 14 57 92 1 0 0 0 0 20 26 124 1 2 0 73 1 0 6 66 1 32 4 113 1 46 49 68 1 31 39 78 1 45 0 51 1 21 18 66 1 0 0 87 1 0 0 54 1 39 0 86 1
12 16 89 1 34 26 81 1 14 34 75 1 62 7 77 1 0 0 0 0 0 0 0 0 0 38 114 1 0 16 71 1 0 0 0 0 40 29 108 1 0 0 0 0 61 40 84 1 0 0 0 0 41 36 106 1 0 0 81 1 40 0 94 1 34 21 100 1 34 2 74 1 0 16 68 1 29 14 106 1 36 10 96 1 39 3 116 1 52 0 88 1 12 34 100 1 35 0 57 1 0 0 0 0 0 0 0 0 30 46 69 1 35 0 78 1 32 19 104 1 13 0 85 1 0 4 68 1 29 50 94 1 47 33 103 1 44 5 80 1 0 0 0 0 43 13 71 1 11 58 101 1 9 36 91 1 25 37 73 1 35 28 60 1 17 17 95 1 0 0 0 0 35 24 69 1 0 0 0 0 0 0 0 0 39 15 79 1 14 73 80 1 57 23 61 1 0 0 0 0 14 27 72 1 7 27 72 1 22 9 53 1 0 0 0 0 6 46 115 1 36 11 88 1 8 0 65 1 9 15 57 1 0 17 63 1 52 4 56 1 0 0 0 0 11 17 83 1
0 0 0 0 0 0 0 0 0 51 81 1 35 17 131 1 0 0 0 0 7 0 58 1 9 0 76 1 41 36 53 1 0 0 105 1 8 48 65 1 65 22 67 1 14 15 94 1 45 21 116 1 12 36 93 1 0 40 101 1 9 11 101 1 39 42 97 1 46 6 115 1 44 11 82 1 0 0 115 1 63 0 99 1 19 30 63 1 15 26 72 1 4 35 91 1 23 27 92 1 26 0 31 1 0 0 57 1 0 0 0 0 38 5 58 1 22 35 51 1 5 15 96 1 1 0 57 1 30 8 103 1 44 26 103 1 0 0 0 0 59 0 81 1 56 23 68 1 27 19 78 1 0 0 0 0 44 52 101 1 19 29 83 1 14 34 111 1 18 26 79 1 18 19 122 1 0 5 74 1 4 23 106 1 0 0 0 0 23 22 90 1 8 0 62 1 0 0 0 0 15 59 55 1 0 10 123 1 30 40 74 1 9 24 127 1 42 24 92 1 10 7 120 1 15 53 88 1 33 2 57 1 0 32 63 1 0 0 0 0 0 0 0 0 23 39 65 1
41 14 88 1 26 16 115 1 32 42 117 1 5 8 91 1 0 0 100 1 0 0 0 0 57 51 83 1 0 48 105 1 0 17 68 1 0 38 98 1 0 0 0 0 0 59 97 1 46 6 89 1 28 30 90 1 25 20 84 1 0 0 0 0 6 14 85 1 0 20 121 1 7 40 26 1 37 45 80 1 32 47 76 1 62 29 122 1 34 33 59 1 11 26 78 1 6 0 82 1 30 8 68 1 54 5 75 1 5 23 63 1 6 45 106 1 0 0 0 0 11 0 98 1 0 48 123 1 8 0 73 1 25 0 86 1 33 55 69 1 48 27 106 1 0 0 0 0 22 37 74 1 50 59 93 1 37 3 47 1 14 24 33 1 44 35 67 1 69 26 60 1 19 4 124 1 26 30 115 1 40 34 85 1 11 12 76 1 35 15 62 1 60 32 82 1 20 36 91 1 0 0 0 0 0 0 0 0 4 9 69 1 7 18 62 1 49 13 88 1 20 37 85 1 66 76 111 1 28 27 94 1 0 22 102 1 0 0 84 1 34 0 84 1 19 25 128 1
0 0 0 0 18 0 76 1 19 31 101 1 52 21 105 1 24 32 119 1 5 34 91 1 29 20 76 1 49 16 60 1 28 45 43 1 15 21 43 1 51 33 141 1 0 0 0 0 2 36 80 1 0 9 82 1 51 20 99 1 9 0 115 1 0 0 0 0 41 21 84 1 64 33 116 1 33 41 60 1 8 0 69 1 21 28 64 1 0 0 120 1 14 45 73 1 4 52 51 1 41 7 73 1 0 34 68 1 3 41 100 1 0 7 102 1 25 25 102 1 34 58 50 1 14 0 22 1 33 36 86 1 19 36 52 1 14 46 88 1 36 26 109 1 37 29 79 1 43 15 89 1 0 26 59 1 0 0 0 0 8 0 68 1 6 43 102 1 38 22 113 1 84 82 137 1 33 9 83 1 0 0 0 0 33 24 73 1 0 0 0 0 7 6 102 1 0 9 120 1 62 3 60 1 9 0 96 1 13 58 82 1 1 0 66 1 0 36 84 1 75 9 90 1 41 40 88 1 45 5 113 1 7 32 99 1 0 27 79 1 0 0 48 1 17 20 58 1
36 0 84 1 61 0 129 1 46 8 89 1 36 69 104 1 1 36 93 1 0 53 98 1 25 22 78 1 24 0 74 1 9 35 23 1 42 3 71 1 0 23 70 1 20 0 85 1 40 20 77 1 0 0 0 0 0 48 74 1 27 1 100 1 7 48 99 1 33 41 55 1 47 16 88 1 49 50 131 1 38 74 93 1 7 0 92 1 0 24 69 1 60 23 75 1 26 63 98 1 42 22 104 1 36 48 70 1 44 0 129 1 0 0 0 0 43 0 90 1 47 7 115 1 61 28 80 1 0 31 96 1 49 64 65 1 18 2 130 1 36 17 113 1 23 19 102 1 6 17 76 1 0 32 121 1 47 14 57 1 0 57 84 1 0 35 78 1 57 10 78 1 17 46 57 1 62 8 90 1 28 0 117 1 24 0 127 1 56 70 50 1 36 56 121 1 0 0 0 0 15 44 97 1 53 29 99 1 67 48 74 1 40 14 102 1 14 0 77 1 6 0 78 1 34 29 131 1 0 0 0 0 37 4 64 1 52 11 40 1 0 42 97 1 0 63 80 1
8 20 83 1 49 0 81 1 6 37 71 1 0 21 135 1 0 0 0 0 10 22 64 1 0 32 102 1 40 28 67 1 4 2 107 1 0 31 85 1 9 47 71 1 19 3 78 1 20 42 56 1 54 0 83 1 12 25 53 1 50 16 124 1 19 30 69 1 43 57 85 1 0 0 0 0 8 66 89 1 51 22 90 1 15 10 76 1 44 30 105 1 85 0 86 1 0 0 0 0 35 48 121 1 8 29 76 1 49 30 69 1 49 0 85 1 20 6 80 1 6 57 74 1 36 63 94 1 31 0 93 1 27 14 65 1 27 13 129 1 53 76 131 1 82 57 114 1 24 0 76 1 0 18 109 1 57 29 85 1 34 56 76 1 18 0 110 1 0 0 0 0 37 45 77 1 51 0 75 1 13 40 70 1 42 0 56 1 109 139 104 1 150 113 169 1 133 104 154 1 80 79 144 1 55 60 87 1 12 42 34 1 15 6 81 1 0 29 112 1 15 28 138 1 0 0 0 0 47 1 50 1 20 10 88 1 39 22 111 1 6 14 73 1 21 0 109 1
32 21 71 1 11 21 49 1 24 10 80 1 35 20 57 1 0 0 0 0 61 29 74 1 45 7 90 1 0 43 52 1 0 0 0 0 24 33 95 1 34 30 59 1 37 29 78 1 32 11 97 1 1 22 105 1 61 51 125 1 40 28 102 1 10 23 64 1 8 21 85 1 0 0 0 0 19 9 66 1 0 0 0 0 36 9 98 1 0 12 82 1 22 0 69 1 61 18 98 1 0 0 0 0 45 28 64 1 0 24 69 1 38 19 76 1 21 20 63 1 8 38 41 1 22 10 80 1 19 37 104 1 0 20 82 1 20 18 83 1 30 56 97 1 0 0 0 0 0 0 0 0 0 71 108 1 13 52 97 1 0 20 95 1 39 22 84 1 0 39 111 1 30 35 104 1 41 29 117 1 45 30 97 1 0 0 0 0 152 144 198 1 170 194 174 1 154 125 123 1 116 139 147 1 79 96 123 1 53 26 60 1 44 35 79 1 40 18 102 1 19 39 108 1 33 38 60 1 38 30 122 1 33 15 105 1 5 22 94 1 0 0 0 0 18 20 88 1
32 22 74 1 23 16 86 1 53 0 36 1 24 67 109 1 23 0 59 1 21 40 81 1 0 0 95 1 45 30 98 1 0 0 45 1 28 0 84 1 28 0 66 1 4 41 51 1 44 43 81 1 48 10 93 1 0 0 0 0 0 0 0 0 5 40 114 1 0 25 61 1 0 13 83 1 35 25 110 1 0 0 0 0 29 55 42 1 17 0 88 1 36 47 115 1 52 21 62 1 43 63 84 1 7 14 67 1 25 34 80 1 23 37 130 1 64 15 106 1 0 42 121 1 28 30 71 1 59 20 102 1 27 28 90 1 64 50 116 1 24 47 96 1 15 55 85 1 3 32 121 1 4 9 111 1 6 25 101 1 0 0 0 0 0 0 0 0 0 0 0 0 49 37 97 1 52 46 90 1 102 84 120 1 135 124 166 1 163 118 205 1 187 172 189 1 0 0 0 0 162 148 153 1 123 134 213 1 59 31 96 1 105 30 76 1 9 19 81 1 50 34 63 1 18 0 88 1 51 21 98 1 17 19 84 1 31 17 102 1 27 0 60 1 20 23 109 1
21 0 122 1 0 5 99 1 28 40 82 1 25 0 80 1 14 28 61 1 56 13 70 1 9 0 106 1 0 0 0 0 0 53 83 1 18 20 92 1 11 18 75 1 9 8 96 1 17 51 97 1 48 29 90 1 6 45 74 1 15 21 71 1 22 15 107 1 17 0 52 1 0 0 0 0 81 37 84 1 65 22 88 1 13 19 79 1 21 21 68 1 35 10 88 1 77 52 66 1 88 45 61 1 12 48 131 1 26 37 97 1 54 11 64 1 0 0 0 0 0 0 0 0 60 11 112 1 18 6 72 1 25 26 79 1 38 25 103 1 40 33 81 1 24 26 76 1 14 46 103 1 18 60 124 1 16 27 56 1 12 21 75 1 51 47 96 1 59 53 85 1 27 25 99 1 94 84 98 1 128 134 167 1 119 122 158 1 192 161 149 1 161 181 185 1 197 169 202 1 154 132 153 1 133 149 169 1 35 81 131 1 61 26 89 1 47 6 68 1 0 0 0 0 0 0 0 0 7 15 52 1 29 20 104 1 43 11 85 1 78 31 84 1 13 19 77 1
30 29 125 1 50 3 67 1 0 24 72 1 34 25 62 1 25 60 93 1 19 34 129 1 3 43 69 1 26 16 99 1 31 3 81 1 0 0 0 0 8 0 75 1 0 15 73 1 47 0 62 1 24 89 75 1 16 39 103 1 0 0 0 0 43 7 95 1 33 0 76 1 0 0 0 0 24 34 103 1 78 16 64 1 0 0 0 0 1 30 63 1 49 20 114 1 48 33 72 1 24 43 83 1 26 29 97 1 29 25 74 1 30 16 76 1 4 0 76 1 0 0 0 0 24 52 104 1 73 0 96 1 3 8 64 1 23 18 67 1 3 30 52 1 10 1 87 1 34 26 96 1 21 59 49 1 13 0 110 1 16 31 83 1 0 9 56 1 54 0 87 1 23 41 79 1 75 87 105 1 179 167 214 1 155 206 207 1 221 171 243 1 170 203 210 1 186 184 250 1 149 136 151 1 56 105 157 1 48 77 137 1 89 65 138 1 82 42 116 1 0 0 0 0 30 59 138 1 0 0 0 0 58 59 63 1 12 9 88 1 0 12 83 1 32 17 48 1
22 29 65 1 16 14 71 1 13 0 74 1 0 0 0 0 39 14 84 1 70 19 60 1 17 5 54 1 39 29 73 1 0 43 103 1 38 15 73 1 0 10 110 1 9 11 113 1 0 31 125 1 64 58 80 1 57 50 74 1 6 11 86 1 38 30 83 1 40 33 108 1 18 35 93 1 17 28 102 1 9 0 81 1 0 0 31 1 19 24 87 1 71 0 96 1 0 0 0 0 73 34 57 1 0 0 0 0 21 36 115 1 7 0 59 1 11 28 103 1 14 30 73 1 56 30 82 1 63 54 56 1 39 40 136 1 7 11 46 1 5 24 136 1 35 27 109 1 0 25 109 1 0 0 0 0 33 34 81 1 15 8 91 1 0 17 71 1 42 19 96 1 33 0 52 1 75 79 141 1 134 145 188 1 227 183 162 1 217 177 255 1 219 228 224 1 196 218 206 1 158 157 174 1 92 78 123 1 0 0 0 0 64 99 108 1 62 46 132 1 53 50 122 1 66 78 102 1 39 29 81 1 38 17 60 1 45 0 86 1 0 0 100 1 43 0 26 1
18 28 58 1 37 1 109 1 26 24 100 1 44 1 70 1 17 0 52 1 47 14 89 1 0 0 0 0 4 8 113 1 0 0 0 0 17 12 69 1 0 14 69 1 10 13 78 1 60 38 88 1 29 26 67 1 45 62 62 1 0 0 0 0 0 43 83 1 42 0 58 1 26 0 93 1 17 19 128 1 41 9 55 1 24 13 71 1 31 6 70 1 41 52 56 1 0 0 0 0 46 52 107 1 0 0 0 0 18 53 78 1 37 37 87 1 12 13 70 1 36 33 126 1 0 55 89 1 0 0 0 0 42 30 89 1 18 18 76 1 27 50 73 1 35 0 76 1 43 7 65 1 63 54 101 1 0 0 0 0 6 12 60 1 53 19 93 1 18 0 76 1 0 23 64 1 86 54 101 1 115 95 150 1 185 202 127 1 0 0 0 0 0 0 0 0 195 215 207 1 112 127 135 1 101 129 139 1 86 87 179 1 91 82 189 1 2 74 119 1 31 74 103 1 45 39 89 1 33 3 101 1 10 43 98 1 14 0 101 1 0 0 0 0 54 38 81 1
40 0 83 1 54 12 96 1 30 39 59 1 0 0 0 0 0 40 104 1 52 49 64 1 37 0 82 1 0 24 91 1 10 37 97 1 11 49 97 1 26 35 88 1 43 27 75 1 28 68 98 1 40 21 98 1 23 8 69 1 18 25 99 1 37 59 93 1 31 4 83 1 34 14 119 1 30 7 75 1 5 67 71 1 80 27 97 1 84 54 43 1 6 66 81 1 45 63 189 1 77 71 115 1 64 55 98 1 71 40 88 1 19 52 88 1 59 40 106 1 58 39 76 1 18 67 79 1 39 0 121 1 12 29 87 1 24 23 82 1 37 23 66 1 0 0 86 1 6 10 96 1 0 69 76 1 4 0 87 1 3 30 110 1 48 0 117 1 11 0 75 1 35 2 53 1 25 22 34 1 66 70 154 1 172 120 141 1 220 194 205 1 0 0 0 0 0 0 0 0 179 151 179 1 87 140 166 1 143 132 170 1 143 65 128 1 63 65 120 1 98 58 117 1 0 0 0 0 24 26 79 1 1 0 108 1 51 44 83 1 0 0 57 1 0 22 89 1
0 42 103 1 58 16 115 1 30 42 98 1 63 8 101 1 14 0 80 1 19 6 83 1 5 28 74 1 0 0 90 1 56 0 76 1 0 40 114 1 22 20 98 1 0 0 0 0 1 0 85 1 2 3 90 1 26 28 42 1 0 0 0 0 0 18 74 1 0 25 92 1 54 29 94 1 21 38 73 1 59 12 115 1 58 21 112 1 0 14 53 1 37 27 107 1 41 37 107 1 42 0 105 1 20 12 93 1 32 57 127 1 73 100 128 1 81 104 155 1 61 58 118 1 39 52 82 1 52 84 77 1 72 42 105 1 0 0 0 0 36 0 59 1 0 41 87 1 18 25 92 1 16 5 107 1 32 11 77 1 39 14 66 1 3 0 88 1 9 0 52 1 23 13 64 1 47 35 79 1 88 51 102 1 113 82 157 1 0 0 0 0 208 193 243 1 184 151 170 1 0 0 0 0 180 118 179 1 150 169 153 1 63 134 136 1 77 0 126 1 36 40 104 1 34 39 89 1 16 0 56 1 0 0 0 0 41 2 110 1 28 13 77 1 47 11 69 1
26 0 76 1 29 11 122 1 0 0 0 0 0 30 104 1 15 30 93 1 8 49 88 1 22 55 49 1 74 3 80 1 0 0 0 0 47 16 71 1 34 0 120 1 6 0 100 1 0 0 0 0 24 26 117 1 56 53 80 1 58 56 92 1 55 36 87 1 32 17 112 1 20 23 81 1 46 0 76 1 31 56 95 1 0 0 0 0 60 11 87 1 21 5 102 1 21 57 113 1 54 14 82 1 24 0 97 1 77 0 107 1 102 69 152 1 93 92 109 1 0 0 0 0 106 42 114 1 115 86 130 1 92 44 124 1 20 29 100 1 37 12 97 1 5 11 75 1 51 19 120 1 32 47 65 1 17 16 68 1 0 14 51 1 0 0 65 1 24 27 63 1 0 0 0 0 46 51 58 1 25 25 114 1 101 62 100 1 175 173 169 1 166 171 148 1 104 104 115 1 101 74 124 1 0 0 0 0 197 117 192 1 116 83 162 1 48 75 113 1 50 39 76 1 0 0 0 0 42 50 76 1 33 83 94 1 12 36 97 1 17 32 54 1 4 9 81 1
1 4 100 1 18 61 97 1 0 14 73 1 38 0 86 1 3 27 102 1 0 0 65 1 0 24 71 1 20 16 93 1 31 42 92 1 8 7 90 1 0 28 75 1 0 0 0 0 22 38 98 1 44 26 92 1 80 21 90 1 45 57 79 1 60 55 79 1 8 31 117 1 33 0 66 1 0 0 0 0 17 31 96 1 37 0 53 1 47 12 102 1 34 30 117 1 25 23 78 1 17 8 76 1 0 0 0 0 86 113 153 1 141 132 147 1 122 115 162 1 121 108 164 1 0 0 0 0 85 100 156 1 78 64 82 1 82 30 82 1 9 38 99 1 28 0 88 1 47 5 101 1 7 0 97 1 28 9 91 1 0 29 59 1 17 8 74 1 15 0 62 1 25 45 106 1 23 5 65 1 49 67 93 1 60 84 108 1 125 112 145 1 116 105 176 1 70 37 105 1 0 0 0 0 182 151 220 1 85 136 160 1 94 99 152 1 47 37 85 1 24 39 99 1 0 50 109 1 31 30 92 1 26 4 116 1 19 23 60 1 24 32 92 1 36 39 91 1
42 13 86 1 0 0 47 1 0 43 99 1 37 30 87 1 31 36 64 1 8 30 82 1 13 0 50 1 40 36 96 1 0 0 0 0 18 35 116 1 0 53 105 1 56 0 86 1 52 0 91 1 4 3 92 1 68 24 98 1 35 33 92 1 14 8 78 1 0 0 0 0 27 0 67 1 0 15 69 1 50 79 90 1 18 43 39 1 32 43 96 1 4 12 73 1 53 10 82 1 70 68 66 1 41 85 114 1 123 123 150 1 131 134 190 1 112 129 144 1 0 0 0 0 107 103 149 1 126 84 133 1 80 76 145 1 60 16 82 1 20 28 93 1 7 61 75 1 54 32 90 1 59 0 34 1 26 66 78 1 28 0 0 1 28 9 44 1 0 0 29 1 4 13 80 1 49 74 95 1 89 73 121 1 69 78 125 1 101 111 144 1 90 127 98 1 126 64 110 1 142 100 105 1 117 116 140 1 115 157 154 1 66 21 118 1 3 26 62 1 29 31 58 1 24 12 64 1 23 22 78 1 0 29 110 1 48 32 97 1 39 40 95 1 9 62 66 1
29 27 86 1 0 0 0 0 50 36 97 1 0 0 59 1 3 26 75 1 23 24 88 1 34 8 103 1 63 12 130 1 7 0 76 1 50 21 74 1 50 0 59 1 0 0 0 0 0 0 0 0 23 0 62 1 15 1 76 1 0 12 87 1 0 43 78 1 37 24 80 1 35 0 100 1 29 44 76 1 0 0 0 0 45 14 130 1 34 61 54 1 0 0 86 1 34 8 36 1 48 33 75 1 46 86 100 1 61 130 107 1 84 68 87 1 62 79 125 1 64 46 83 1 73 82 137 1 95 95 165 1 76 50 111 1 45 44 103 1 68 38 77 1 0 0 0 0 21 46 46 1 3 67 81 1 2 0 54 1 39 14 41 1 4 0 49 1 0 4 55 1 54 0 85 1 45 72 108 1 46 81 136 1 98 59 128 1 86 80 111 1 63 81 126 1 71 70 169 1 98 96 140 1 64 76 89 1 38 53 120 1 55 45 72 1 45 44 109 1 55 44 57 1 0 15 59 1 30 45 56 1 15 12 80 1 76 27 59 1 58 67 129 1 0 0 0 0
14 29 66 1 0 0 0 0 21 9 76 1 0 18 60 1 6 14 90 1 45 20 63 1 0 0 64 1 0 0 0 0 26 36 85 1 0 0 0 0 28 48 86 1 20 33 78 1 36 36 75 1 28 4 67 1 0 0 0 0 40 19 100 1 19 69 67 1 34 0 83 1 7 0 71 1 0 0 0 0 11 0 81 1 35 15 135 1 33 47 75 1 31 0 81 1 24 52 55 1 0 0 0 0 35 44 92 1 49 0 119 1 74 36 122 1 53 54 93 1 33 46 125 1 60 32 118 1 0 0 0 0 7 58 93 1 0 0 0 0 7 36 78 1 22 0 84 1 46 0 107 1 15 7 100 1 45 42 59 1 3 0 128 1 65 47 45 1 11 2 51 1 45 0 90 1 61 79 55 1 94 54 104 1 68 42 94 1 55 82 65 1 0 0 0 0 52 53 95 1 56 58 80 1 32 42 110 1 58 51 50 1 85 53 93 1 54 76 91 1 29 56 87 1 35 39 68 1 29 40 105 1 15 57 81 1 14 12 57 1 15 37 89 1 70 27 92 1
23 33 116 1 4 14 80 1 12 25 116 1 45 5 75 1 32 12 87 1 28 16 112 1 0 0 0 0 23 6 97 1 18 18 80 1 0 23 85 1 0 0 94 1 0 0 0 0 0 0 0 0 12 43 85 1 41 28 103 1 10 24 84 1 14 26 70 1 0 13 107 1 33 28 62 1 71 0 116 1 0 0 79 1 7 21 131 1 16 9 79 1 8 0 67 1 50 45 59 1 37 32 94 1 47 49 59 1 63 61 97 1 1 23 145 1 37 30 124 1 0 0 0 0 0 0 0 0 27 75 83 1 12 49 94 1 35 17 71 1 39 56 85 1 10 0 99 1 43 80 118 1 32 21 101 1 38 60 113 1 0 0 0 0 0 6 71 1 0 0 0 0 0 0 0 0 0 9 68 1 79 27 113 1 0 0 0 0 28 82 100 1 28 77 98 1 0 0 0 0 37 48 51 1 0 63 117 1 32 21 64 1 52 66 98 1 89 2 102 1 73 39 70 1 76 37 112 1 0 85 86 1 59 41 66 1 18 63 105 1 27 28 78 1 27 0 101 1
11 11 99 1 14 5 113 1 24 0 54 1 0 0 0 0 52 53 83 1 52 41 102 1 20 63 105 1 28 4 68 1 6 26 59 1 9 59 104 1 0 34 91 1 14 31 100 1 0 49 51 1 20 60 69 1 39 38 105 1 12 0 61 1 9 4 121 1 41 0 58 1 0 32 85 1 25 35 95 1 20 49 77 1 31 5 60 1 0 0 0 0 35 16 68 1 30 21 109 1 20 27 95 1 0 0 0 0 0 56 111 1 26 8 109 1 0 6 71 1 55 65 96 1 18 32 53 1 79 23 75 1 27 39 96 1 14 18 79 1 8 4 58 1 10 0 44 1 4 44 60 1 22 27 60 1 43 11 51 1 22 15 67 1 3 23 39 1 21 4 83 1 11 25 87 1 27 40 94 1 0 0 0 0 27 19 50 1 30 0 98 1 28 31 124 1 38 71 103 1 46 0 59 1 0 0 0 0 0 0 0 0 26 47 141 1 0 12 110 1 25 95 106 1 44 40 110 1 19 66 110 1 40 25 99 1 57 29 72 1 29 18 98 1 10 13 111 1
0 17 90 1 0 14 92 1 18 0 104 1 23 0 73 1 26 56 77 1 37 22 87 1 11 13 97 1 17 0 74 1 60 0 79 1 31 41 76 1 45 0 95 1 32 4 68 1 0 0 0 0 9 26 108 1 69 23 75 1 0 0 0 0 75 48 89 1 14 15 98 1 67 40 85 1 54 10 67 1 23 10 25 1 14 30 49 1 0 0 0 0 46 25 53 1 28 34 97 1 0 0 0 0 15 20 61 1 0 56 74 1 37 66 58 1 17 50 69 1 13 16 78 1 13 16 71 1 63 15 77 1 42 42 85 1 3 50 102 1 27 26 40 1 0 18 101 1 22 14 120 1 0 10 54 1 3 11 82 1 39 0 55 1 49 25 125 1 0 30 61 1 0 29 90 1 0 11 56 1 18 37 79 1 65 44 104 1 74 31 87 1 37 12 83 1 46 21 105 1 6 35 91 1 36 48 106 1 47 14 71 1 0 0 0 0 39 36 120 1 49 68 130 1 111 50 84 1 61 9 106 1 61 24 101 1 46 33 38 1 16 32 88 1 27 7 74 1
32 42 83 1 46 40 95 1 18 12 109 1 0 0 0 0 0 36 120 1 23 36 105 1 17 38 101 1 4 3 106 1 55 19 100 1 20 14 88 1 11 64 98 1 18 17 59 1 31 11 86 1 41 26 103 1 0 37 47 1 5 13 82 1 31 45 122 1 44 33 83 1 0 1 65 1 0 0 0 0 30 36 61 1 0 0 0 0 0 0 0 0 36 20 90 1 0 26 95 1 0 21 109 1 37 22 73 1 37 26 102 1 0 0 0 0 65 41 119 1 7 13 108 1 23 35 90 1 34 34 78 1 0 6 58 1 46 0 77 1 0 0 0 0 8 34 90 1 55 36 129 1 11 14 120 1 14 0 73 1 34 0 102 1 27 22 95 1 19 0 55 1 47 44 92 1 33 34 57 1 0 4 99 1 52 8 102 1 19 2 89 1 0 0 0 0 17 27 92 1 11 61 78 1 41 23 90 1 0 0 0 0 0 0 0 0 84 89 137 1 0 0 0 0 87 84 112 1 60 17 97 1 45 42 109 1 0 0 0 0 26 12 103 1 48 22 75 1
3 1 108 1 0 8 65 1 17 40 74 1 45 66 71 1 5 20 49 1 25 29 84 1 29 4 104 1 27 17 74 1 24 0 131 1 33 24 87 1 37 7 70 1 35 12 80 1 66 19 56 1 4 25 64 1 55 20 78 1 40 3 98 1 0 0 0 0 20 8 115 1 0 0 0 0 4 33 93 1 36 20 83 1 35 19 91 1 10 48 85 1 50 13 91 1 51 44 46 1 57 4 83 1 8 0 81 1 0 0 0 0 36 0 43 1 0 47 55 1 0 0 0 0 37 28 94 1 0 23 80 1 5 44 95 1 5 0 60 1 0 0 0 0 7 45 73 1 34 35 125 1 25 44 70 1 10 25 52 1 1 4 118 1 7 12 98 1 14 11 89 1 14 9 76 1 51 0 88 1 12 40 117 1 0 0 78 1 0 0 0 0 0 54 113 1 0 0 91 1 18 35 78 1 36 17 112 1 51 15 59 1 58 47 164 1 71 64 114 1 66 37 106 1 74 43 78 1 69 108 106 1 84 36 153 1 92 90 167 1 135 75 125 1 3 23 66 1
34 24 116 1 29 35 59 1 23 33 57 1 48 0 85 1 0 0 96 1 5 0 97 1 11 29 79 1 37 16 116 1 36 16 77 1 78 48 51 1 38 42 142 1 37 20 84 1 44 33 101 1 40 71 114 1 88 41 93 1 60 8 88 1 83 47 141 1 18 27 87 1 33 0 81 1 39 0 78 1 23 20 100 1 71 26 109 1 1 34 112 1 35 22 72 1 59 32 92 1 18 0 71 1 33 27 125 1 27 6 120 1 3 23 89 1 15 33 72 1 48 19 105 1 27 56 55 1 23 25 71 1 16 31 51 1 0 0 0 0 54 24 100 1 47 37 85 1 4 30 105 1 26 27 72 1 38 57 88 1 11 11 80 1 45 11 89 1 73 13 82 1 52 35 87 1 2 46 83 1 32 29 69 1 1 18 61 1 0 0 0 0 30 7 72 1 34 14 83 1 10 40 79 1 20 6 97 1 50 24 111 1 22 34 104 1 31 49 127 1 68 62 105 1 122 125 141 1 111 131 155 1 106 105 165 1 153 185 190 1 107 85 178 1 52 46 163 1
47 16 81 1 43 31 100 1 7 6 74 1 51 8 107 1 33 22 147 1 0 0 77 1 0 0 0 0 21 4 120 1 33 28 94 1 44 6 58 1 40 23 116 1 82 70 91 1 65 50 103 1 83 59 125 1 104 109 144 1 96 77 119 1 90 102 161 1 85 68 107 1 0 0 0 0 64 3 84 1 15 35 122 1 27 22 100 1 34 0 61 1 18 21 62 1 10 31 103 1 33 67 97 1 1 3 84 1 0 54 72 1 30 33 89 1 34 52 77 1 16 45 119 1 0 0 0 0 38 7 72 1 39 47 92 1 29 6 73 1 0 53 80 1 23 13 71 1 0 0 0 0 18 50 88 1 47 22 87 1 0 0 0 0 32 33 119 1 0 6 106 1 59 27 64 1 37 15 89 1 38 3 92 1 0 0 0 0 36 36 84 1 0 25 116 1 30 12 76 1 31 9 96 1 48 30 73 1 70 26 72 1 58 19 101 1 29 26 98 1 84 74 141 1 0 0 0 0 135 128 186 1 165 143 166 1 147 92 180 1 69 52 140 1 80 47 94 1
16 0 98 1 36 27 108 1 6 0 81 1 39 22 108 1 6 19 90 1 26 29 86 1 0 0 0 0 49 0 92 1 47 0 90 1 30 39 95 1 19 48 99 1 49 36 81 1 0 0 0 0 81 111 135 1 165 143 179 1 116 104 172 1 124 130 181 1 126 126 114 1 70 58 48 1 40 19 82 1 0 0 0 0 7 0 105 1 17 9 62 1 0 0 0 0 65 15 47 1 0 0 116 1 48 0 131 1 78 48 57 1 45 16 71 1 0 38 82 1 32 8 29 1 2 31 123 1 54 18 75 1 43 25 69 1 0 0 0 0 29 49 92 1 17 16 96 1 16 38 69 1 14 10 132 1 7 31 93 1 22 0 69 1 12 21 85 1 23 11 98 1 0 0 0 0 33 25 78 1 45 0 75 1 45 49 82 1 0 34 72 1 0 0 0 0 21 20 100 1 44 35 83 1 0 0 0 0 0 0 0 0 0 0 0 0 35 19 70 1 67 75 97 1 99 122 131 1 122 82 138 1 120 125 155 1 129 79 120 1 57 62 111 1 55 51 76 1
24 15 55 1 17 34 107 1 15 6 90 1 18 13 81 1 17 0 79 1 10 30 94 1 46 48 88 1 30 0 122 1 0 0 0 0 70 10 65 1 27 32 111 1 58 72 126 1 93 64 149 1 118 118 158 1 135 167 179 1 133 128 162 1 176 172 226 1 142 170 210 1 99 69 114 1 10 15 80 1 42 41 91 1 0 0 0 0 39 18 105 1 37 26 131 1 9 31 116 1 51 17 73 1 31 0 101 1 16 36 68 1 10 8 72 1 16 10 103 1 45 24 64 1 33 22 116 1 18 4 85 1 40 7 103 1 55 44 96 1 4 62 102 1 45 49 69 1 0 17 77 1 40 28 103 1 40 27 88 1 0 0 0 0 0 78 108 1 40 0 77 1 7 43 90 1 48 25 66 1 0 25 47 1 0 0 0 0 0 0 0 0 31 39 47 1 8 10 55 1 50 34 84 1 48 23 84 1 42 9 102 1 24 38 98 1 68 40 52 1 0 71 82 1 72 51 89 1 64 5 82 1 0 0 0 0 0 0 0 0 38 37 70 1 22 15 89 1
16 42 47 1 4 0 92 1 26 34 62 1 0 3 110 1 44 40 95 1 27 0 94 1 23 0 103 1 0 0 0 0 23 34 44 1 35 26 43 1 35 29 61 1 92 55 129 1 96 102 154 1 130 160 142 1 131 111 131 1 0 0 0 0 0 0 0 0 130 143 153 1 0 0 0 0 57 43 83 1 0 0 0 0 23 0 120 1 0 0 0 0 47 106 144 1 29 11 126 1 55 3 86 1 31 31 92 1 90 55 120 1 57 67 150 1 36 20 86 1 8 18 81 1 20 66 82 1 48 49 58 1 0 9 93 1 9 29 79 1 34 0 118 1 13 36 69 1 0 0 0 0 46 49 52 1 0 0 0 0 4 0 80 1 27 58 63 1 32 0 69 1 37 0 57 1 15 0 43 1 0 31 68 1 0 0 0 0 1 10 83 1 24 22 80 1 55 21 105 1 54 30 120 1 33 20 117 1 0 0 77 1 53 28 102 1 64 1 82 1 3 1 72 1 12 14 126 1 16 57 84 1 40 37 63 1 50 34 89 1 0 5 65 1 46 67 91 1
45 39 61 1 19 21 78 1 52 20 106 1 20 37 79 1 0 4 113 1 0 9 70 1 0 0 0 0 30 0 86 1 21 21 40 1 7 1 89 1 43 52 109 1 33 32 104 1 59 80 118 1 0 0 0 0 119 113 138 1 163 132 148 1 166 154 214 1 149 141 159 1 93 88 141 1 61 50 102 1 44 5 70 1 55 42 103 1 107 95 145 1 129 82 126 1 45 20 68 1 26 13 60 1 65 89 132 1 103 112 142 1 101 64 130 1 0 0 0 0 58 15 64 1 25 23 99 1 24 60 76 1 23 62 84 1 0 2 38 1 0 0 0 0 45 16 83 1 12 56 44 1 30 19 84 1 31 33 89 1 42 2 92 1 31 46 78 1 0 46 83 1 20 41 140 1 38 36 82 1 0 0 108 1 43 19 104 1 42 1 92 1 57 34 64 1 42 10 103 1 32 19 64 1 17 6 78 1 0 22 92 1 13 10 91 1 68 7 60 1 69 48 69 1 22 8 65 1 58 0 80 1 38 1 69 1 31 16 68 1 0 31 111 1 50 50 95 1
0 39 91 1 53 7 87 1 46 32 95 1 21 0 96 1 10 1 53 1 0 21 90 1 30 0 54 1 0 41 66 1 16 0 64 1 0 0 0 0 0 0 0 0 30 5 67 1 101 21 81 1 56 61 126 1 45 70 96 1 0 0 0 0 119 172 192 1 139 169 173 1 88 178 178 1 79 88 92 1 41 30 112 1 89 33 119 1 44 62 107 1 50 79 117 1 31 17 102 1 15 70 83 1 40 58 111 1 83 96 119 1 80 89 126 1 56 7 83 1 40 0 88 1 7 29 116 1 45 59 87 1 25 16 78 1 32 35 43 1 44 3 72 1 9 0 82 1 52 11 108 1 2 7 121 1 67 0 78 1 12 24 85 1 0 0 83 1 26 4 133 1 25 28 107 1 3 46 115 1 97 47 92 1 29 0 94 1 0 0 0 0 32 37 76 1 32 63 90 1 15 29 79 1 14 14 63 1 0 0 0 0 6 14 72 1 19 46 95 1 10 16 70 1 42 16 65 1 15 4 87 1 20 27 68 1 44 27 116 1 3 28 111 1 2 39 85 1
2 58 110 1 12 11 118 1 44 29 74 1 0 32 119 1 0 36 84 1 48 15 102 1 28 12 71 1 0 0 0 0 25 44 101 1 1 8 55 1 11 0 88 1 28 0 73 1 24 31 73 1 0 0 0 0 64 20 111 1 0 0 0 0 127 47 118 1 146 118 166 1 130 118 173 1 103 106 128 1 73 79 85 1 95 79 135 1 60 58 131 1 51 37 101 1 99 102 115 1 59 61 130 1 152 141 177 1 94 140 103 1 106 73 106 1 66 82 101 1 8 24 53 1 9 37 100 1 40 0 67 1 0 0 85 1 38 5 95 1 24 4 70 1 23 0 63 1 0 0 0 0 15 3 71 1 28 3 107 1 26 19 52 1 39 0 55 1 35 38 94 1 0 0 0 0 11 11 72 1 25 23 72 1 20 17 49 1 20 58 78 1 39 0 71 1 0 34 109 1 15 27 105 1 30 10 98 1 0 0 0 0 33 10 106 1 17 9 85 1 0 0 0 0 23 12 76 1 0 0 0 0 33 1 64 1 0 34 98 1 37 38 64 1 80 28 82 1
31 15 87 1 0 0 0 0 69 22 110 1 36 27 94 1 13 38 51 1 0 0 0 0 0 41 74 1 0 0 66 1 24 29 43 1 2 2 31 1 13 0 67 1 3 29 31 1 0 40 131 1 97 60 67 1 61 72 77 1 94 89 103 1 63 71 110 1 64 61 148 1 104 50 119 1 76 50 122 1 39 76 67 1 102 82 95 1 51 119 98 1 47 54 56 1 54 64 124 1 132 49 144 1 142 118 181 1 81 120 155 1 86 72 135 1 55 38 118 1 22 12 45 1 31 12 69 1 0 0 0 0 14 46 65 1 5 39 97 1 18 37 79 1 15 10 86 1 39 30 84 1 18 20 101 1 5 39 66 1 23 7 79 1 36 7 80 1 56 6 119 1 28 55 92 1 0 10 76 1 0 0 0 0 65 44 84 1 25 5 67 1 9 39 85 1 2 67 110 1 0 41 59 1 46 0 55 1 40 11 64 1 29 0 88 1 13 43 64 1 14 4 152 1 0 0 136 1 13 0 110 1 24 31 81 1 12 0 53 1 0 34 69 1 26 41 91 1