2
1174 626 102 69
11 56 29 1 0 0 0 0 0 45 45 1 0 51 66 1 0 52 40 1 7 49 84 1 21 90 66 1 18 101 67 1 1 67 51 1 3 63 75 1 0 95 40 1 0 63 51 1 0 99 48 1 0 48 39 1 0 37 44 1 0 71 25 1 0 44 68 1 0 0 0 0 0 47 50 1 0 54 47 1 2 35 57 1 27 33 34 1 0 73 40 1 15 65 80 1 0 85 45 1 0 22 35 1 1 51 3 1 17 65 36 1 0 87 22 1 0 66 71 1 1 61 25 1 30 61 64 1 1 53 49 1 3 82 48 1 0 50 85 1 19 32 66 1 0 0 0 0 0 79 87 1 0 0 0 0 5 111 45 1 0 60 58 1 23 63 34 1 0 71 41 1 0 47 69 1 0 76 85 1 0 62 70 1 0 62 75 1 0 30 49 1 0 80 55 1 0 52 63 1 0 73 67 1 0 98 74 1 23 49 83 1 0 36 59 1 0 53 76 1 0 72 57 1 0 0 0 0 0 0 0 0 8 50 3 1 53 48 34 1 0 0 0 0 0 62 58 1 0 79 77 1 34 24 52 1 31 68 60 1 0 63 30 1 0 25 72 1 29 83 30 1 0 0 0 0
0 60 67 1 0 37 47 1 0 0 0 0 0 50 28 1 0 32 60 1 0 57 57 1 0 67 48 1 17 74 55 1 0 33 27 1 6 50 77 1 24 40 95 1 2 66 74 1 3 46 0 1 0 49 100 1 11 32 48 1 0 71 83 1 0 50 19 1 18 56 80 1 14 49 68 1 37 24 25 1 6 70 57 1 0 0 0 0 3 19 27 1 23 47 56 1 0 23 43 1 0 70 27 1 7 72 26 1 0 58 43 1 0 107 51 1 0 78 24 1 10 42 56 1 0 66 64 1 10 32 52 1 0 41 51 1 9 78 58 1 0 0 0 0 16 53 23 1 0 0 0 0 0 39 25 1 0 77 38 1 0 68 37 1 0 29 67 1 0 103 58 1 27 100 59 1 0 55 48 1 0 66 42 1 19 41 63 1 19 69 95 1 4 48 82 1 0 44 9 1 0 92 54 1 0 37 91 1 0 50 63 1 0 67 73 1 22 79 74 1 0 47 55 1 0 101 50 1 0 0 0 0 0 55 78 1 0 51 34 1 0 0 0 0 0 68 59 1 21 39 45 1 0 67 57 1 0 73 58 1 0 22 48 1 8 71 53 1 0 0 0 0 0 43 72 1
0 0 0 0 0 57 53 1 3 75 106 1 0 62 49 1 30 87 61 1 24 82 56 1 0 75 30 1 1 38 51 1 0 0 0 0 23 62 71 1 0 50 67 1 0 69 6 1 0 0 0 0 8 64 63 1 22 51 51 1 22 54 68 1 15 48 14 1 1 40 37 1 32 70 60 1 23 49 71 1 0 38 58 1 12 53 98 1 0 48 61 1 9 54 67 1 8 47 8 1 0 54 85 1 0 45 29 1 0 67 69 1 9 82 66 1 15 81 60 1 0 0 0 0 6 55 20 1 0 59 69 1 44 86 73 1 0 68 56 1 0 89 36 1 0 0 0 0 22 54 26 1 15 56 41 1 18 62 23 1 0 70 18 1 0 78 52 1 0 75 44 1 15 62 54 1 32 47 52 1 15 27 73 1 28 57 115 1 17 37 37 1 0 34 65 1 9 99 53 1 0 91 48 1 16 55 107 1 0 29 46 1 0 76 53 1 11 69 32 1 0 55 31 1 0 78 77 1 0 43 50 1 0 0 0 0 0 52 44 1 14 41 77 1 0 94 15 1 1 65 44 1 0 68 37 1 8 58 33 1 0 28 30 1 0 0 0 0 0 46 56 1 0 58 34 1
7 31 72 1 0 55 46 1 0 72 0 1 0 51 41 1 14 45 21 1 5 73 30 1 0 41 40 1 0 45 33 1 0 0 0 0 0 0 0 0 6 92 39 1 40 59 86 1 5 75 69 1 0 0 0 0 0 20 48 1 0 93 67 1 31 85 36 1 0 47 42 1 0 57 27 1 35 49 35 1 0 0 0 0 0 24 103 1 16 76 0 1 40 45 59 1 9 56 83 1 28 59 43 1 0 58 73 1 0 22 39 1 0 28 40 1 1 49 56 1 30 42 48 1 32 70 38 1 0 0 0 0 0 94 9 1 0 45 50 1 3 54 48 1 0 52 69 1 12 68 100 1 7 57 61 1 6 50 54 1 0 72 73 1 63 80 90 1 4 29 40 1 0 65 46 1 0 81 31 1 0 0 0 0 20 95 24 1 9 49 28 1 0 81 61 1 0 64 88 1 0 60 30 1 0 41 18 1 0 0 0 0 0 0 0 0 0 0 0 0 27 88 72 1 0 90 88 1 7 78 45 1 11 48 33 1 0 53 29 1 0 68 60 1 0 84 41 1 7 29 37 1 0 55 26 1 0 42 56 1 0 0 0 0 26 31 41 1 16 52 28 1 0 102 85 1
0 0 0 0 13 70 19 1 13 81 59 1 0 62 76 1 45 59 47 1 6 7 50 1 0 0 0 0 7 30 69 1 27 63 55 1 0 76 39 1 0 54 28 1 10 57 61 1 0 95 21 1 4 55 63 1 0 58 67 1 0 52 61 1 0 21 45 1 22 27 75 1 0 58 58 1 0 49 39 1 0 0 0 0 0 46 40 1 0 0 0 0 0 55 34 1 45 29 16 1 0 0 0 0 0 81 23 1 3 58 22 1 0 44 57 1 0 54 106 1 0 81 41 1 0 30 59 1 26 55 68 1 5 88 27 1 16 72 47 1 2 76 17 1 8 64 58 1 0 0 0 0 10 111 42 1 20 29 22 1 0 55 58 1 0 81 47 1 4 66 57 1 0 0 0 0 0 51 42 1 0 27 28 1 0 54 54 1 25 76 58 1 26 36 58 1 0 89 55 1 26 43 91 1 0 63 56 1 0 62 72 1 0 0 0 0 7 112 29 1 0 49 41 1 30 69 57 1 0 45 26 1 9 34 24 1 18 92 68 1 0 0 0 0 31 56 49 1 13 79 52 1 0 0 0 0 30 57 46 1 0 0 0 0 0 49 120 1 14 62 52 1 0 0 0 0
0 53 36 1 0 62 51 1 0 62 80 1 8 20 6 1 24 99 41 1 0 0 0 0 25 67 52 1 21 42 48 1 0 33 23 1 4 35 19 1 0 89 57 1 13 22 30 1 0 35 49 1 0 58 51 1 0 42 33 1 31 41 84 1 29 40 36 1 0 0 0 0 0 79 6 1 0 44 19 1 16 35 52 1 0 35 76 1 0 0 0 0 0 68 51 1 16 70 25 1 14 12 50 1 7 57 81 1 0 31 51 1 0 40 39 1 18 46 69 1 0 0 0 0 0 0 0 0 39 77 59 1 40 54 54 1 15 76 68 1 0 50 69 1 0 55 21 1 4 55 49 1 0 36 46 1 0 67 43 1 0 48 60 1 0 63 56 1 0 46 69 1 0 106 47 1 8 14 62 1 0 22 29 1 0 37 55 1 10 52 74 1 6 58 57 1 8 91 63 1 0 0 0 0 0 75 40 1 0 38 30 1 0 58 48 1 0 0 0 0 0 62 41 1 0 54 23 1 0 10 74 1 0 61 20 1 7 42 55 1 20 13 43 1 0 70 52 1 0 78 73 1 0 87 62 1 0 0 0 0 37 80 52 1 0 51 22 1 31 90 72 1 0 78 31 1
0 47 59 1 9 61 37 1 15 22 47 1 0 33 47 1 41 51 38 1 0 0 0 0 0 0 0 0 0 79 61 1 0 46 80 1 0 0 0 0 27 54 67 1 0 62 56 1 0 61 32 1 0 58 59 1 9 77 66 1 0 81 76 1 0 0 0 0 0 54 59 1 20 43 84 1 12 37 26 1 11 64 56 1 14 30 65 1 10 74 37 1 33 64 55 1 6 52 50 1 0 20 60 1 6 100 50 1 22 75 30 1 0 73 56 1 9 43 46 1 0 54 37 1 0 45 22 1 9 38 15 1 0 43 31 1 0 1 25 1 0 41 74 1 0 77 55 1 36 68 39 1 1 46 45 1 0 52 86 1 0 0 0 0 28 54 92 1 0 0 41 1 0 45 78 1 0 43 34 1 0 78 25 1 15 55 61 1 0 99 61 1 0 85 38 1 0 63 22 1 7 50 53 1 0 46 41 1 0 0 0 0 6 65 62 1 0 72 67 1 5 84 36 1 55 96 47 1 0 53 42 1 0 83 51 1 11 39 0 1 14 64 67 1 14 44 53 1 0 0 0 0 9 86 91 1 0 73 52 1 14 75 61 1 13 76 29 1 0 85 41 1 0 44 46 1
7 59 61 1 0 24 41 1 0 30 40 1 0 0 0 0 0 86 26 1 0 67 46 1 24 76 43 1 0 98 69 1 22 31 67 1 0 81 62 1 22 46 58 1 9 40 57 1 31 41 54 1 0 95 66 1 0 61 73 1 4 62 53 1 0 61 54 1 19 37 60 1 36 87 23 1 0 62 11 1 0 40 59 1 0 64 32 1 0 0 0 0 0 60 59 1 17 76 72 1 0 43 50 1 0 0 0 0 0 0 0 0 2 84 40 1 0 79 69 1 24 62 39 1 0 60 65 1 0 0 0 0 26 7 73 1 17 60 48 1 0 19 51 1 0 77 56 1 0 48 50 1 0 62 62 1 17 55 41 1 0 0 0 0 0 72 29 1 19 94 36 1 0 0 0 0 0 82 79 1 0 44 54 1 22 46 57 1 15 50 40 1 0 41 11 1 0 33 45 1 0 64 42 1 9 96 57 1 8 94 31 1 0 47 59 1 8 43 42 1 0 63 56 1 14 67 24 1 0 0 0 0 0 76 20 1 0 75 40 1 38 52 0 1 0 49 75 1 13 126 27 1 0 0 0 0 0 67 21 1 24 61 35 1 0 39 42 1 4 79 29 1 0 63 60 1
0 106 43 1 0 8 94 1 0 0 0 0 0 37 42 1 13 85 61 1 0 54 36 1 20 63 73 1 0 34 51 1 26 56 24 1 0 0 0 0 0 37 58 1 0 52 22 1 40 70 37 1 13 62 41 1 8 54 26 1 25 23 64 1 33 55 21 1 0 59 22 1 1 72 43 1 7 43 71 1 0 0 0 0 19 45 24 1 0 62 71 1 4 33 93 1 19 68 68 1 0 84 60 1 0 49 68 1 21 27 50 1 0 62 59 1 13 43 54 1 0 0 0 0 22 52 33 1 0 49 15 1 0 60 41 1 7 71 53 1 9 90 61 1 0 88 30 1 3 94 77 1 0 72 55 1 14 56 75 1 19 39 65 1 0 80 45 1 0 31 7 1 0 12 52 1 0 0 0 0 10 115 64 1 36 27 66 1 0 107 26 1 0 31 66 1 26 89 51 1 0 27 44 1 0 81 75 1 0 78 34 1 10 73 58 1 21 53 54 1 0 57 63 1 49 78 38 1 0 77 37 1 28 76 64 1 0 18 22 1 0 36 44 1 0 94 72 1 0 53 29 1 21 58 37 1 0 56 64 1 15 49 51 1 8 74 36 1 41 39 67 1 0 38 73 1
32 71 52 1 0 36 59 1 0 69 53 1 0 54 16 1 0 50 47 1 0 46 83 1 0 108 63 1 17 89 25 1 0 39 55 1 0 33 39 1 17 56 19 1 14 27 55 1 0 65 66 1 0 38 30 1 35 72 85 1 0 24 47 1 18 97 18 1 11 71 56 1 0 56 38 1 0 63 65 1 0 41 37 1 0 78 53 1 3 43 36 1 0 66 16 1 0 0 0 0 35 47 27 1 0 49 45 1 55 33 58 1 0 79 55 1 25 62 38 1 0 60 58 1 0 48 37 1 0 59 44 1 13 87 92 1 0 21 43 1 18 59 61 1 0 82 106 1 0 35 98 1 1 82 63 1 0 66 64 1 8 34 81 1 0 60 29 1 31 23 42 1 0 37 45 1 19 76 59 1 0 16 54 1 0 75 79 1 7 25 18 1 37 58 21 1 0 75 64 1 0 83 38 1 0 0 0 0 4 97 50 1 0 60 74 1 36 59 25 1 16 36 70 1 0 62 71 1 0 51 52 1 15 67 29 1 0 48 75 1 0 29 27 1 0 42 36 1 14 48 43 1 5 51 57 1 5 59 50 1 0 49 60 1 0 52 58 1 30 47 83 1 7 19 28 1
24 19 34 1 3 31 78 1 29 79 70 1 0 29 23 1 0 48 41 1 37 54 54 1 0 62 16 1 0 60 41 1 0 68 37 1 12 30 61 1 14 52 53 1 0 32 11 1 0 50 21 1 31 37 31 1 0 40 29 1 0 57 25 1 0 0 0 0 0 72 18 1 0 0 0 0 0 58 60 1 0 56 49 1 37 49 66 1 14 48 69 1 0 61 53 1 0 34 84 1 0 25 39 1 0 0 0 0 0 67 75 1 0 57 49 1 36 57 37 1 29 25 55 1 0 0 0 0 22 28 34 1 0 0 0 0 14 33 29 1 12 58 41 1 0 38 41 1 0 73 73 1 0 41 76 1 0 0 62 1 11 48 77 1 0 43 28 1 21 86 69 1 4 110 70 1 0 72 44 1 4 66 41 1 0 0 0 0 25 39 41 1 0 53 83 1 0 0 0 0 0 72 42 1 22 32 56 1 0 54 32 1 0 26 44 1 0 48 68 1 26 70 59 1 0 68 48 1 15 72 57 1 0 60 72 1 0 45 61 1 0 67 33 1 10 54 78 1 8 88 50 1 0 92 42 1 0 0 0 0 3 31 66 1 0 47 58 1 0 0 0 0 0 43 62 1
0 30 74 1 0 63 19 1 7 95 59 1 0 4 60 1 44 79 70 1 0 44 44 1 0 69 77 1 42 54 36 1 0 62 89 1 0 48 52 1 15 56 78 1 0 0 0 0 0 0 0 0 3 38 84 1 0 59 12 1 0 45 68 1 10 10 64 1 0 60 33 1 0 39 66 1 0 0 0 0 10 69 55 1 14 51 37 1 0 48 58 1 0 70 43 1 0 58 64 1 51 51 57 1 25 94 37 1 0 53 24 1 38 89 65 1 0 87 61 1 0 48 52 1 0 61 67 1 0 14 51 1 11 74 78 1 0 0 0 0 0 46 29 1 0 63 22 1 0 79 25 1 29 57 36 1 43 37 71 1 0 0 0 0 18 54 66 1 0 49 68 1 0 47 34 1 0 0 0 0 29 72 40 1 0 43 48 1 0 0 0 0 0 72 19 1 6 92 62 1 0 0 0 0 0 52 50 1 0 55 27 1 12 77 39 1 22 79 56 1 0 69 39 1 0 59 65 1 0 67 0 1 27 34 89 1 0 0 0 0 3 70 38 1 0 84 47 1 0 0 0 0 0 76 23 1 2 35 16 1 28 50 54 1 0 49 63 1 16 97 65 1 0 84 62 1
32 56 78 1 11 43 32 1 0 76 84 1 0 45 50 1 0 53 58 1 13 53 68 1 29 74 48 1 0 42 42 1 0 52 24 1 6 50 39 1 0 53 44 1 0 14 72 1 0 33 39 1 32 47 37 1 5 31 55 1 0 23 48 1 7 61 61 1 0 21 57 1 37 72 108 1 0 60 47 1 0 34 53 1 9 49 16 1 34 6 26 1 0 0 0 0 12 27 61 1 24 110 48 1 10 26 102 1 0 37 63 1 0 76 37 1 35 27 37 1 0 35 75 1 0 62 56 1 0 55 105 1 0 30 12 1 14 72 80 1 4 51 18 1 13 97 18 1 0 0 0 0 0 39 38 1 11 89 73 1 8 73 39 1 0 114 42 1 0 57 37 1 10 85 79 1 20 47 73 1 0 69 44 1 4 60 33 1 0 48 17 1 0 0 0 0 0 0 0 0 24 69 63 1 4 52 86 1 6 40 18 1 10 63 32 1 0 85 58 1 2 59 61 1 41 75 62 1 0 66 58 1 0 0 0 0 0 80 41 1 0 71 20 1 17 35 52 1 29 73 33 1 8 51 60 1 0 93 48 1 31 70 43 1 0 55 34 1 0 45 88 1 51 84 61 1
4 59 61 1 19 103 48 1 5 57 89 1 18 31 42 1 0 45 10 1 17 14 41 1 0 42 77 1 5 35 20 1 6 14 41 1 0 95 21 1 0 0 0 0 0 0 0 0 0 0 0 0 8 47 53 1 0 51 25 1 0 53 41 1 0 63 49 1 8 70 57 1 0 0 0 0 18 19 39 1 0 48 29 1 0 87 64 1 8 62 56 1 1 88 54 1 0 86 26 1 0 91 55 1 17 35 55 1 27 109 56 1 47 71 74 1 11 73 64 1 0 48 65 1 18 74 21 1 18 16 12 1 5 57 55 1 9 48 6 1 0 60 74 1 22 59 33 1 0 0 0 0 0 54 95 1 26 41 66 1 0 36 89 1 0 45 43 1 0 60 45 1 18 35 78 1 0 62 79 1 0 53 114 1 16 39 24 1 3 67 52 1 20 73 37 1 0 50 45 1 0 84 50 1 0 44 40 1 6 39 46 1 32 64 58 1 25 101 51 1 0 39 44 1 0 48 66 1 36 52 52 1 0 61 66 1 0 68 47 1 9 29 45 1 0 76 24 1 0 37 62 1 20 62 57 1 0 66 63 1 0 90 35 1 29 68 52 1 4 61 17 1 0 0 0 0
0 78 39 1 16 24 42 1 0 0 0 0 29 27 45 1 44 82 69 1 0 40 42 1 0 56 71 1 0 0 0 0 11 41 55 1 5 45 48 1 0 54 35 1 21 62 45 1 38 60 33 1 4 23 59 1 0 70 59 1 34 50 69 1 0 69 58 1 0 0 0 0 0 64 49 1 8 23 50 1 0 0 0 0 12 64 22 1 1 78 67 1 0 55 84 1 0 50 67 1 16 43 59 1 16 46 43 1 11 46 53 1 0 73 30 1 27 26 51 1 0 0 0 0 0 74 39 1 12 35 78 1 40 46 66 1 0 79 48 1 39 49 68 1 11 44 32 1 11 100 37 1 17 54 64 1 0 32 61 1 0 55 49 1 0 33 72 1 0 60 67 1 18 71 95 1 0 62 74 1 0 81 65 1 6 53 60 1 0 84 66 1 39 56 65 1 0 31 49 1 23 80 6 1 0 87 64 1 0 81 72 1 0 66 54 1 10 51 59 1 0 0 0 0 14 36 23 1 0 52 16 1 10 63 68 1 0 70 71 1 15 36 66 1 12 48 52 1 8 61 50 1 17 68 63 1 21 90 59 1 0 0 0 0 0 86 58 1 21 68 60 1 0 49 22 1
21 46 51 1 7 62 43 1 0 62 47 1 0 51 83 1 0 77 51 1 0 64 63 1 28 55 52 1 0 30 15 1 0 38 55 1 0 61 53 1 15 76 62 1 0 60 48 1 29 125 77 1 1 46 55 1 12 55 57 1 20 59 28 1 36 51 50 1 8 34 44 1 0 38 69 1 0 0 0 0 0 45 26 1 0 0 0 0 0 66 55 1 4 46 69 1 9 76 36 1 6 48 80 1 0 39 74 1 14 71 58 1 0 60 58 1 24 38 40 1 5 72 73 1 0 90 35 1 0 73 81 1 0 85 75 1 0 0 0 0 27 25 54 1 0 0 0 0 0 52 17 1 24 66 26 1 0 43 63 1 29 75 23 1 0 64 55 1 0 71 109 1 0 57 86 1 0 90 51 1 0 118 47 1 0 64 21 1 2 90 73 1 0 27 71 1 6 20 18 1 21 43 45 1 1 41 69 1 0 68 83 1 0 51 68 1 11 66 4 1 5 87 52 1 6 69 34 1 0 0 0 0 0 56 90 1 9 77 60 1 0 32 36 1 3 73 70 1 7 64 51 1 0 0 0 0 0 22 38 1 0 67 85 1 0 58 75 1 14 54 83 1 3 30 60 1
0 40 69 1 0 64 49 1 20 32 70 1 16 37 36 1 30 36 70 1 0 52 40 1 0 70 31 1 0 44 34 1 0 0 0 0 0 52 49 1 0 75 82 1 25 74 49 1 0 0 0 0 41 39 10 1 0 39 70 1 3 45 27 1 0 0 0 0 0 30 52 1 45 39 17 1 1 37 92 1 27 58 64 1 16 45 18 1 0 73 47 1 15 83 13 1 0 42 32 1 0 33 82 1 0 44 76 1 0 81 25 1 21 74 64 1 18 50 61 1 0 67 74 1 18 80 53 1 7 59 0 1 0 63 49 1 0 60 74 1 1 88 65 1 0 67 10 1 0 73 91 1 0 38 39 1 8 21 60 1 1 51 59 1 0 93 52 1 0 51 33 1 4 51 49 1 0 65 62 1 0 49 39 1 0 0 0 0 0 63 35 1 3 65 33 1 0 82 27 1 0 43 55 1 0 0 0 0 15 68 25 1 0 74 41 1 0 55 48 1 0 98 68 1 0 46 69 1 25 29 53 1 5 54 79 1 8 73 64 1 0 0 0 0 0 43 44 1 21 94 99 1 0 41 70 1 0 67 51 1 0 0 0 0 10 64 80 1 29 64 29 1 0 48 50 1
2 60 40 1 15 92 81 1 4 63 71 1 19 46 42 1 16 59 53 1 0 0 0 0 0 100 65 1 0 0 0 0 0 52 21 1 0 59 47 1 0 26 54 1 0 54 62 1 0 48 61 1 0 7 82 1 0 60 23 1 0 46 47 1 14 50 44 1 0 50 14 1 0 31 49 1 0 55 40 1 0 0 0 0 37 36 25 1 0 61 52 1 0 34 102 1 4 81 70 1 21 28 20 1 0 50 39 1 0 81 9 1 0 62 83 1 12 77 56 1 0 21 54 1 50 15 42 1 28 56 37 1 0 0 0 0 42 46 67 1 12 61 67 1 0 107 38 1 10 44 32 1 0 68 57 1 0 0 0 0 51 83 37 1 59 66 44 1 23 23 63 1 0 44 93 1 0 36 56 1 19 57 49 1 0 60 69 1 23 47 40 1 7 70 57 1 0 60 67 1 0 50 35 1 0 67 70 1 0 43 42 1 6 74 69 1 0 65 51 1 0 64 54 1 0 83 27 1 0 84 65 1 12 41 56 1 26 40 10 1 5 110 48 1 0 46 76 1 0 42 56 1 13 59 57 1 0 53 64 1 15 68 46 1 2 83 79 1 0 0 0 0 0 52 38 1
0 72 44 1 0 48 77 1 4 42 0 1 0 79 69 1 0 84 31 1 0 55 30 1 24 58 77 1 0 61 49 1 0 39 52 1 26 104 36 1 0 54 25 1 2 26 80 1 0 94 28 1 0 37 58 1 0 57 84 1 0 76 56 1 16 65 32 1 0 112 51 1 15 76 45 1 0 51 37 1 20 81 44 1 0 65 81 1 0 47 74 1 24 15 36 1 0 42 61 1 0 52 57 1 0 54 53 1 16 68 31 1 0 0 0 0 32 64 79 1 0 46 41 1 0 26 26 1 14 43 70 1 0 70 83 1 0 83 63 1 0 50 59 1 40 63 0 1 4 59 42 1 4 65 46 1 0 0 0 0 0 73 45 1 4 69 34 1 0 50 67 1 43 56 69 1 22 39 62 1 5 78 14 1 8 46 33 1 0 0 0 0 7 26 21 1 0 52 34 1 2 64 73 1 0 86 69 1 23 34 57 1 0 78 28 1 26 64 77 1 9 81 13 1 0 55 54 1 0 70 19 1 0 0 0 0 15 58 79 1 18 95 70 1 0 32 70 1 23 33 34 1 0 67 58 1 21 73 67 1 0 65 36 1 0 65 0 1 0 62 58 1 7 56 23 1
0 27 40 1 0 0 0 0 9 52 69 1 0 0 0 0 25 62 45 1 0 0 0 0 0 0 0 0 2 8 48 1 0 0 0 0 0 52 36 1 15 47 52 1 0 29 43 1 46 45 80 1 15 70 65 1 13 79 54 1 13 78 22 1 5 28 70 1 0 37 74 1 0 24 62 1 3 55 51 1 0 31 56 1 36 67 57 1 16 49 64 1 0 70 55 1 0 38 44 1 0 55 20 1 0 34 1 1 0 75 55 1 0 81 130 1 0 37 42 1 0 51 76 1 20 17 30 1 4 56 66 1 0 21 59 1 0 71 77 1 0 79 21 1 9 33 45 1 7 68 63 1 0 56 56 1 0 85 85 1 15 89 49 1 0 38 52 1 3 72 52 1 5 45 57 1 32 42 32 1 52 48 20 1 5 64 60 1 0 26 31 1 44 65 12 1 0 80 31 1 0 0 0 0 0 41 43 1 10 37 61 1 0 0 0 0 0 32 58 1 0 64 61 1 12 47 63 1 11 108 71 1 20 62 21 1 0 0 0 0 0 61 20 1 0 41 43 1 2 45 41 1 0 33 51 1 8 82 25 1 41 83 43 1 1 89 72 1 0 42 67 1 10 87 44 1
9 44 40 1 26 58 34 1 0 52 56 1 0 90 0 1 27 33 22 1 0 41 68 1 0 82 67 1 0 66 55 1 26 38 39 1 0 0 0 0 0 57 43 1 45 76 51 1 0 56 30 1 0 76 50 1 0 46 17 1 0 0 0 0 0 74 47 1 6 80 62 1 12 58 45 1 0 69 38 1 5 40 74 1 38 39 50 1 0 0 0 0 0 50 71 1 17 76 57 1 0 72 54 1 0 42 48 1 5 71 54 1 4 73 74 1 16 59 73 1 0 14 47 1 16 52 28 1 25 76 49 1 10 71 31 1 0 45 60 1 17 73 60 1 0 60 44 1 6 72 63 1 1 39 56 1 35 47 67 1 0 56 14 1 15 71 52 1 0 44 74 1 0 29 39 1 0 58 56 1 5 73 46 1 0 52 16 1 0 92 28 1 0 0 0 0 4 93 43 1 0 78 70 1 0 0 0 0 17 57 12 1 6 63 87 1 0 59 47 1 0 58 46 1 7 70 41 1 18 78 40 1 0 55 46 1 0 45 47 1 0 58 74 1 8 59 38 1 0 47 66 1 20 50 33 1 0 0 0 0 0 91 78 1 1 56 23 1 0 0 0 0 25 72 88 1
28 64 34 1 20 81 44 1 0 73 33 1 14 36 60 1 0 69 31 1 0 49 36 1 0 67 20 1 0 78 65 1 0 62 18 1 0 0 0 0 3 19 63 1 0 0 0 0 0 30 63 1 0 89 44 1 0 38 18 1 7 68 48 1 0 72 63 1 0 35 73 1 0 60 38 1 0 38 64 1 10 50 12 1 0 20 55 1 35 36 43 1 0 88 26 1 25 39 4 1 0 45 46 1 0 0 0 0 38 79 71 1 2 82 55 1 0 0 0 0 0 95 41 1 14 51 56 1 0 0 0 0 0 0 0 0 0 14 56 1 0 82 21 1 22 92 35 1 0 82 30 1 0 0 0 0 0 81 55 1 0 0 0 0 25 48 47 1 0 46 53 1 4 39 29 1 0 0 0 0 0 67 67 1 22 60 53 1 13 60 46 1 15 57 48 1 8 28 0 1 0 88 45 1 14 53 66 1 4 112 32 1 42 82 53 1 63 67 78 1 0 6 73 1 14 58 61 1 3 63 50 1 0 94 63 1 0 0 0 0 21 73 50 1 10 32 41 1 0 47 40 1 30 84 94 1 17 59 79 1 10 118 90 1 7 37 33 1 6 22 44 1 0 0 0 0
0 53 54 1 0 78 30 1 0 0 0 0 2 61 49 1 0 42 71 1 32 72 77 1 0 32 48 1 0 37 48 1 0 42 61 1 20 44 58 1 0 10 70 1 10 101 54 1 0 38 41 1 0 72 52 1 11 72 58 1 0 28 51 1 0 57 55 1 0 59 68 1 1 52 30 1 0 70 9 1 4 74 78 1 9 50 56 1 9 59 62 1 0 41 44 1 26 88 100 1 0 40 38 1 0 59 44 1 20 55 36 1 4 27 53 1 30 40 80 1 0 63 44 1 35 72 29 1 2 44 39 1 0 125 66 1 7 59 35 1 0 51 33 1 2 62 37 1 0 52 55 1 0 22 64 1 0 80 60 1 13 48 31 1 0 43 47 1 0 90 47 1 0 72 50 1 0 64 62 1 17 6 70 1 0 58 44 1 0 0 0 0 0 50 24 1 0 99 69 1 35 49 12 1 12 63 68 1 0 68 61 1 8 43 45 1 0 0 0 0 33 30 75 1 12 47 52 1 0 72 73 1 0 78 71 1 13 47 19 1 17 111 47 1 14 49 62 1 0 45 89 1 8 36 56 1 9 53 46 1 0 67 84 1 0 51 0 1 0 36 57 1 3 71 3 1
0 0 0 0 0 21 39 1 0 67 53 1 21 66 3 1 0 52 58 1 0 0 0 0 0 67 32 1 7 59 29 1 9 19 67 1 0 0 0 0 0 0 0 0 10 34 37 1 31 72 24 1 9 53 32 1 27 74 30 1 0 50 35 1 0 53 64 1 19 96 0 1 20 49 23 1 0 0 0 0 0 76 21 1 0 39 67 1 21 69 17 1 0 44 37 1 0 34 73 1 4 42 34 1 0 85 93 1 34 81 65 1 0 47 60 1 0 77 85 1 0 0 0 0 0 53 41 1 1 90 23 1 0 39 50 1 0 0 0 0 0 0 0 0 0 11 79 1 0 57 79 1 0 102 2 1 27 73 34 1 0 70 72 1 6 73 25 1 9 63 45 1 0 72 5 1 7 25 84 1 0 43 1 1 53 108 30 1 25 51 5 1 8 74 39 1 0 95 5 1 33 77 28 1 0 33 94 1 0 34 45 1 0 61 60 1 2 50 81 1 0 113 48 1 0 77 14 1 35 101 79 1 0 69 34 1 9 65 38 1 0 0 0 0 0 82 68 1 0 48 67 1 4 43 8 1 0 108 35 1 0 101 80 1 0 53 12 1 20 23 54 1 2 67 19 1
0 61 39 1 0 56 34 1 0 45 29 1 9 34 10 1 0 56 41 1 0 57 47 1 0 40 31 1 13 100 40 1 5 36 57 1 0 53 61 1 19 35 57 1 34 60 52 1 3 43 30 1 2 75 49 1 0 55 65 1 21 70 55 1 15 55 40 1 0 52 72 1 0 50 51 1 48 36 43 1 4 19 81 1 16 40 22 1 0 60 69 1 19 62 32 1 6 60 51 1 0 72 70 1 2 45 41 1 0 0 0 0 0 43 82 1 0 85 16 1 6 81 18 1 18 35 53 1 26 70 92 1 25 23 60 1 35 66 54 1 11 53 55 1 0 0 0 0 0 0 0 0 33 52 40 1 0 58 42 1 0 70 68 1 0 0 0 0 0 81 62 1 7 62 59 1 0 69 53 1 0 78 60 1 23 98 55 1 0 51 48 1 1 41 27 1 22 49 45 1 0 54 25 1 32 63 50 1 27 73 14 1 0 56 64 1 40 13 64 1 10 85 54 1 0 77 52 1 12 59 76 1 0 66 38 1 1 71 43 1 4 69 46 1 0 78 41 1 20 59 0 1 22 64 45 1 0 116 15 1 0 0 0 0 0 0 0 0 0 56 45 1 0 64 15 1
26 65 60 1 57 15 31 1 32 50 38 1 0 0 0 0 0 30 64 1 0 75 56 1 0 86 25 1 0 42 58 1 0 77 54 1 32 50 43 1 0 66 66 1 0 62 64 1 0 43 16 1 0 83 79 1 0 90 15 1 0 85 53 1 0 46 41 1 0 39 52 1 36 78 41 1 0 0 0 0 21 47 28 1 0 31 62 1 0 35 64 1 0 50 38 1 0 34 70 1 39 54 32 1 20 72 28 1 47 25 19 1 29 100 75 1 0 55 56 1 19 69 29 1 8 69 31 1 6 14 78 1 20 14 51 1 14 40 42 1 12 105 51 1 0 72 63 1 43 53 11 1 35 31 41 1 7 78 41 1 16 42 27 1 0 56 69 1 3 55 56 1 0 62 58 1 32 63 63 1 0 88 49 1 13 65 52 1 0 70 69 1 0 52 68 1 27 39 40 1 0 60 73 1 9 76 66 1 28 32 36 1 0 69 83 1 14 79 43 1 0 48 63 1 0 87 52 1 15 68 84 1 6 94 50 1 0 0 0 0 0 94 47 1 0 0 0 0 0 53 48 1 25 57 38 1 15 81 57 1 10 64 76 1 15 35 26 1 15 37 48 1 0 51 72 1
0 56 17 1 4 57 52 1 0 51 76 1 14 52 93 1 0 70 44 1 0 69 41 1 0 67 66 1 7 59 47 1 30 77 39 1 0 0 0 0 0 0 0 0 12 31 43 1 0 87 45 1 12 39 30 1 0 0 0 0 0 67 55 1 0 19 67 1 0 49 24 1 20 69 37 1 0 9 17 1 9 67 50 1 0 0 0 0 0 0 0 0 0 0 0 0 0 12 32 1 0 104 40 1 7 29 69 1 8 23 66 1 0 0 0 0 0 39 31 1 10 58 42 1 13 0 44 1 13 88 62 1 0 47 51 1 0 67 77 1 0 97 49 1 12 61 39 1 12 68 80 1 0 51 22 1 0 55 67 1 0 72 45 1 0 68 21 1 5 76 14 1 10 73 81 1 7 72 67 1 56 42 0 1 13 70 60 1 0 46 34 1 0 84 68 1 5 131 39 1 0 0 0 0 28 56 34 1 0 70 25 1 0 37 0 1 0 77 61 1 0 47 46 1 12 40 25 1 0 74 32 1 30 54 54 1 10 68 61 1 10 63 47 1 0 0 0 0 0 34 61 1 0 71 40 1 23 54 63 1 0 0 0 0 0 0 0 0 0 60 75 1 0 0 0 0
24 68 33 1 1 61 53 1 7 90 55 1 0 62 77 1 4 14 24 1 40 39 35 1 0 10 68 1 0 25 27 1 6 64 60 1 17 63 25 1 25 73 22 1 54 52 89 1 0 46 35 1 22 29 49 1 19 61 57 1 0 54 90 1 0 46 17 1 0 71 78 1 0 67 51 1 0 101 63 1 21 57 21 1 8 65 24 1 0 82 40 1 43 105 42 1 0 53 0 1 29 6 59 1 37 22 45 1 0 66 56 1 4 38 62 1 0 50 46 1 0 60 34 1 0 62 34 1 24 76 32 1 0 0 0 0 23 62 51 1 0 82 64 1 0 58 79 1 0 0 0 0 16 54 36 1 0 0 0 0 40 62 66 1 14 65 19 1 0 73 51 1 19 73 34 1 0 54 61 1 15 83 70 1 0 0 0 0 0 60 101 1 50 59 41 1 17 91 43 1 0 42 55 1 13 100 27 1 5 80 64 1 62 33 35 1 18 100 58 1 0 89 23 1 9 76 96 1 0 97 75 1 0 84 34 1 21 79 63 1 15 88 59 1 0 71 25 1 0 51 78 1 4 66 24 1 14 26 52 1 0 43 60 1 0 102 41 1 2 78 47 1 0 37 89 1
25 51 54 1 0 12 33 1 9 25 52 1 26 84 30 1 8 48 36 1 0 0 0 0 9 32 36 1 0 0 0 0 0 58 37 1 0 65 66 1 0 37 81 1 0 30 37 1 12 55 35 1 3 54 86 1 32 26 61 1 9 102 45 1 2 46 64 1 0 0 0 0 0 72 60 1 48 27 62 1 4 31 63 1 0 40 85 1 0 0 0 0 0 57 67 1 0 51 84 1 4 49 40 1 28 61 50 1 0 52 20 1 0 63 40 1 0 81 33 1 0 79 39 1 0 77 14 1 45 80 54 1 0 58 65 1 0 77 59 1 9 86 64 1 7 78 49 1 26 36 45 1 0 64 62 1 0 0 0 0 16 56 59 1 21 64 51 1 9 75 74 1 0 59 50 1 0 45 31 1 0 19 47 1 6 69 30 1 0 80 45 1 9 80 69 1 28 41 59 1 0 0 0 0 0 0 0 0 37 91 52 1 0 0 0 0 0 65 61 1 8 105 38 1 0 54 58 1 22 77 48 1 0 0 0 0 0 74 32 1 11 60 85 1 0 39 73 1 0 92 39 1 22 29 68 1 0 49 83 1 5 67 80 1 0 60 27 1 0 51 51 1 13 56 59 1
0 51 35 1 13 41 26 1 0 16 44 1 0 64 54 1 9 45 35 1 20 25 0 1 0 28 36 1 6 61 63 1 0 37 50 1 0 0 0 0 23 35 46 1 1 7 50 1 0 50 20 1 0 41 64 1 0 52 54 1 0 0 0 0 0 52 73 1 0 0 0 0 18 58 37 1 12 74 28 1 0 64 49 1 0 41 50 1 9 75 6 1 4 71 52 1 0 55 49 1 0 0 0 0 35 34 20 1 24 61 60 1 0 86 32 1 0 54 62 1 32 71 85 1 43 50 58 1 0 52 30 1 0 61 77 1 12 66 45 1 0 43 99 1 27 60 61 1 0 41 51 1 24 71 57 1 0 29 36 1 0 66 29 1 0 38 59 1 0 0 0 0 1 68 70 1 0 57 42 1 0 56 49 1 0 35 44 1 0 41 27 1 26 97 57 1 0 0 0 0 13 86 68 1 9 52 51 1 0 90 54 1 0 95 31 1 1 45 33 1 9 51 62 1 0 40 78 1 0 73 33 1 0 53 60 1 6 84 45 1 0 83 35 1 0 0 0 0 0 49 44 1 0 0 0 0 0 0 0 0 1 39 67 1 30 96 54 1 0 0 0 0 0 88 31 1
0 53 40 1 0 60 65 1 0 87 49 1 0 71 14 1 15 40 54 1 0 82 59 1 0 74 28 1 5 46 59 1 0 59 69 1 0 49 47 1 24 35 36 1 0 58 53 1 0 54 25 1 23 18 45 1 0 0 0 0 0 0 0 0 0 87 53 1 0 50 51 1 0 36 29 1 0 0 0 0 0 22 40 1 2 62 78 1 2 63 20 1 29 53 39 1 31 32 50 1 0 89 31 1 0 72 31 1 32 53 38 1 25 100 30 1 0 64 73 1 0 39 42 1 0 28 62 1 3 85 64 1 8 86 52 1 1 37 75 1 0 18 52 1 0 0 0 0 0 37 74 1 1 93 85 1 12 54 39 1 26 91 64 1 0 64 69 1 0 74 53 1 0 38 80 1 0 34 70 1 31 46 54 1 3 62 33 1 0 31 0 1 5 64 53 1 38 9 90 1 12 79 67 1 0 0 0 0 0 84 70 1 0 0 0 0 11 70 92 1 0 0 0 0 23 31 27 1 0 55 31 1 32 49 27 1 0 44 20 1 0 71 55 1 26 69 58 1 0 95 58 1 0 75 31 1 10 82 57 1 34 69 68 1 0 78 71 1 0 71 21 1 12 90 25 1
10 36 75 1 0 51 28 1 0 89 58 1 1 57 40 1 0 34 41 1 1 62 13 1 13 64 82 1 0 67 61 1 0 47 30 1 22 37 69 1 2 66 55 1 0 39 44 1 25 78 39 1 0 94 61 1 3 53 38 1 0 77 48 1 0 69 60 1 21 64 103 1 21 89 78 1 0 0 0 0 0 0 0 0 0 14 54 1 0 75 34 1 0 75 57 1 8 38 40 1 0 0 0 0 0 0 0 0 0 67 64 1 0 0 0 0 16 61 43 1 0 53 70 1 16 64 51 1 8 82 16 1 0 89 81 1 29 53 49 1 31 61 57 1 34 93 23 1 0 77 38 1 0 100 58 1 0 39 50 1 0 55 73 1 0 90 55 1 19 97 50 1 0 69 28 1 1 64 23 1 3 39 66 1 0 28 29 1 19 22 98 1 30 37 25 1 7 54 49 1 17 64 92 1 0 0 0 0 0 36 45 1 0 82 77 1 0 75 68 1 0 93 57 1 0 40 61 1 0 78 70 1 0 42 66 1 0 75 62 1 12 62 41 1 0 64 73 1 0 69 74 1 33 76 22 1 0 22 69 1 0 0 0 0 0 43 52 1 0 0 0 0 21 52 74 1
3 42 39 1 10 71 66 1 0 40 32 1 0 60 11 1 0 39 71 1 0 72 39 1 25 46 22 1 0 0 0 0 0 40 60 1 0 80 25 1 0 11 41 1 0 73 63 1 2 74 65 1 2 73 16 1 0 0 0 0 0 30 49 1 0 43 41 1 0 0 0 0 46 51 58 1 0 42 44 1 0 76 40 1 38 63 29 1 8 41 49 1 10 40 85 1 5 26 67 1 0 38 48 1 0 48 14 1 16 58 50 1 27 82 65 1 42 83 20 1 52 36 28 1 5 25 35 1 0 79 33 1 0 70 93 1 0 42 31 1 3 64 73 1 22 90 54 1 12 79 50 1 20 68 98 1 0 110 71 1 0 77 52 1 0 92 79 1 5 79 31 1 0 22 41 1 28 31 37 1 13 34 64 1 0 67 32 1 4 56 34 1 0 34 85 1 0 61 51 1 0 84 12 1 0 0 0 0 0 74 68 1 32 93 64 1 0 0 0 0 0 40 62 1 0 0 0 0 15 80 22 1 0 44 30 1 0 40 21 1 21 31 19 1 0 87 41 1 0 0 0 0 0 52 28 1 0 0 0 0 2 59 63 1 10 53 68 1 0 74 80 1 12 45 86 1
30 110 41 1 0 40 33 1 27 102 35 1 0 71 81 1 11 93 45 1 0 64 35 1 0 45 30 1 0 0 0 0 14 49 48 1 9 56 47 1 21 65 24 1 0 0 0 0 22 83 28 1 0 0 0 0 5 76 40 1 0 64 73 1 0 62 89 1 35 61 72 1 0 79 31 1 0 56 57 1 26 37 26 1 25 86 66 1 13 52 75 1 0 39 81 1 0 57 73 1 5 35 82 1 5 23 56 1 0 29 32 1 0 63 83 1 0 67 72 1 0 49 47 1 32 51 50 1 0 65 32 1 0 84 60 1 20 58 46 1 35 26 101 1 19 52 14 1 1 98 38 1 0 65 47 1 0 0 0 0 0 0 0 0 0 28 39 1 0 68 81 1 0 85 44 1 0 66 60 1 0 29 27 1 5 52 21 1 0 0 0 0 13 89 52 1 0 82 66 1 0 46 67 1 0 86 82 1 0 61 84 1 0 0 0 0 0 0 0 0 5 75 43 1 0 72 79 1 0 34 31 1 12 71 44 1 1 58 71 1 19 72 48 1 0 60 35 1 1 82 74 1 6 69 65 1 13 69 26 1 14 59 42 1 0 96 65 1 0 52 81 1 0 45 67 1
38 45 49 1 39 50 57 1 15 58 63 1 0 0 0 0 0 61 121 1 31 61 96 1 0 72 38 1 0 33 29 1 0 70 59 1 21 29 19 1 0 0 0 0 0 78 55 1 4 58 61 1 0 55 51 1 0 65 11 1 17 38 54 1 0 56 63 1 0 70 47 1 0 82 101 1 7 39 64 1 0 34 34 1 1 82 21 1 5 27 52 1 1 62 42 1 0 83 32 1 21 64 60 1 0 73 65 1 6 60 60 1 25 72 99 1 25 99 76 1 0 87 55 1 6 91 61 1 0 63 45 1 0 71 46 1 0 87 50 1 17 103 76 1 18 78 89 1 12 97 44 1 0 71 72 1 0 45 64 1 0 39 34 1 4 25 80 1 17 71 29 1 0 0 0 0 0 74 48 1 9 81 22 1 43 70 57 1 0 0 0 0 10 62 13 1 0 3 37 1 14 62 41 1 0 49 60 1 15 85 17 1 0 115 62 1 0 59 23 1 0 72 55 1 0 98 56 1 0 77 45 1 0 40 61 1 0 51 68 1 0 45 71 1 15 76 48 1 17 74 10 1 0 0 0 0 4 70 58 1 0 71 23 1 10 52 71 1 0 0 0 0 0 0 0 0
21 74 45 1 0 71 60 1 23 62 50 1 0 0 0 0 0 59 34 1 0 0 0 0 38 74 47 1 13 13 41 1 0 63 76 1 0 58 77 1 32 77 75 1 0 37 42 1 0 54 30 1 0 72 37 1 8 79 71 1 7 64 41 1 12 48 56 1 0 0 0 0 19 53 27 1 22 49 37 1 22 48 27 1 17 37 53 1 0 56 40 1 15 36 61 1 14 58 73 1 0 62 34 1 0 72 31 1 26 28 32 1 0 36 44 1 0 59 57 1 0 89 18 1 6 51 69 1 2 49 39 1 0 69 71 1 0 113 61 1 6 53 59 1 0 57 44 1 0 56 65 1 0 71 29 1 23 47 53 1 0 0 0 0 21 86 69 1 3 79 60 1 0 0 0 0 1 26 63 1 16 61 73 1 0 97 55 1 7 58 55 1 0 0 0 0 0 69 81 1 0 82 17 1 0 57 24 1 7 50 46 1 16 61 40 1 0 81 77 1 11 25 79 1 16 54 35 1 0 24 35 1 8 86 39 1 0 0 0 0 0 0 0 0 0 71 56 1 0 55 64 1 0 65 31 1 0 0 0 0 0 62 50 1 16 67 62 1 3 53 44 1 0 78 65 1
0 0 0 0 0 80 90 1 0 56 35 1 14 50 22 1 2 45 16 1 2 42 45 1 0 74 47 1 0 29 3 1 0 56 57 1 11 71 41 1 0 73 39 1 0 74 28 1 54 72 43 1 2 57 81 1 0 53 49 1 0 61 35 1 23 34 51 1 0 33 67 1 10 43 55 1 41 55 36 1 0 68 11 1 19 34 26 1 0 30 5 1 0 0 0 0 0 89 46 1 0 36 49 1 27 59 56 1 2 26 87 1 0 36 87 1 18 87 64 1 0 0 0 0 12 61 57 1 0 0 0 0 0 41 44 1 0 84 65 1 10 61 41 1 0 53 58 1 0 48 21 1 0 63 51 1 0 29 12 1 0 58 52 1 0 60 67 1 30 68 61 1 17 69 20 1 49 49 36 1 14 69 68 1 0 28 34 1 11 29 37 1 0 0 0 0 12 58 91 1 18 103 23 1 0 106 84 1 0 0 0 0 0 84 1 1 1 80 41 1 0 0 0 0 0 0 0 0 9 73 56 1 4 80 41 1 23 88 64 1 1 67 12 1 0 73 33 1 0 67 66 1 5 66 62 1 47 29 80 1 0 0 0 0 19 84 51 1 0 74 97 1 6 69 54 1
0 61 71 1 0 24 65 1 0 46 67 1 23 33 79 1 0 0 0 0 20 49 27 1 11 66 66 1 18 41 76 1 10 58 25 1 0 0 0 0 0 50 41 1 24 43 26 1 0 65 45 1 1 78 30 1 0 0 0 0 0 0 0 0 0 58 31 1 0 29 45 1 0 0 0 0 0 81 76 1 11 56 36 1 15 43 39 1 0 0 0 0 71 51 45 1 0 56 35 1 0 85 38 1 0 53 91 1 0 56 13 1 22 80 61 1 0 0 0 0 0 67 8 1 36 45 61 1 0 31 85 1 0 91 26 1 0 117 93 1 6 81 69 1 37 25 35 1 19 60 36 1 8 66 89 1 7 53 39 1 27 35 58 1 5 49 32 1 0 62 91 1 29 46 36 1 0 0 0 0 0 0 0 0 0 37 71 1 0 66 13 1 0 84 37 1 0 95 52 1 0 33 70 1 28 42 19 1 35 60 55 1 33 68 21 1 0 88 42 1 1 59 50 1 1 74 54 1 3 43 41 1 0 56 33 1 29 66 95 1 0 72 56 1 0 45 83 1 6 84 49 1 0 65 55 1 0 81 94 1 58 56 81 1 8 89 25 1 12 104 47 1 6 48 58 1
0 81 54 1 0 31 53 1 16 76 94 1 20 57 65 1 0 58 25 1 0 0 0 0 7 15 17 1 3 5 46 1 0 62 43 1 0 67 36 1 1 57 78 1 0 77 38 1 2 79 30 1 0 0 0 0 0 58 46 1 15 59 39 1 18 67 48 1 23 59 51 1 0 0 0 0 0 43 44 1 0 0 0 0 0 47 64 1 0 40 25 1 18 37 77 1 0 98 63 1 0 56 87 1 3 56 100 1 6 43 21 1 0 82 42 1 0 49 62 1 26 45 49 1 0 31 49 1 7 50 68 1 0 38 37 1 15 74 92 1 17 72 58 1 9 49 7 1 0 39 44 1 0 0 0 0 19 66 48 1 0 61 64 1 21 42 86 1 0 37 20 1 0 45 67 1 21 42 25 1 3 63 48 1 0 29 19 1 13 79 44 1 14 57 51 1 4 35 71 1 21 86 55 1 0 0 0 0 3 52 54 1 0 23 62 1 14 52 21 1 14 45 84 1 18 77 36 1 0 8 80 1 11 46 61 1 28 42 50 1 0 62 27 1 0 94 63 1 14 57 28 1 0 76 17 1 11 68 58 1 0 64 41 1 0 82 5 1 0 57 52 1 24 81 72 1
18 40 27 1 14 53 27 1 13 54 57 1 0 34 48 1 6 26 41 1 0 51 44 1 0 23 62 1 9 75 96 1 0 89 41 1 0 62 69 1 0 52 48 1 1 43 33 1 0 73 55 1 0 39 44 1 3 52 53 1 34 68 40 1 0 36 20 1 11 57 43 1 1 31 38 1 0 63 73 1 0 0 0 0 9 40 81 1 0 52 72 1 0 70 43 1 0 43 68 1 38 67 53 1 14 106 54 1 0 24 24 1 0 64 35 1 0 52 61 1 0 0 0 0 12 51 58 1 41 67 56 1 13 78 35 1 0 31 43 1 0 37 32 1 0 65 48 1 0 48 44 1 0 96 56 1 16 52 98 1 0 91 74 1 0 59 56 1 0 83 33 1 0 85 34 1 12 63 38 1 17 85 59 1 18 44 51 1 0 0 0 0 0 61 27 1 0 0 0 0 3 30 17 1 1 24 43 1 0 91 36 1 5 66 73 1 6 59 45 1 51 76 45 1 4 87 82 1 0 73 41 1 27 118 35 1 0 102 44 1 0 71 60 1 0 0 0 0 0 0 0 0 25 28 31 1 22 44 70 1 0 17 50 1 0 53 24 1 0 23 56 1 0 101 39 1
13 79 62 1 28 87 42 1 5 55 34 1 15 86 62 1 10 71 82 1 13 33 72 1 4 42 75 1 0 0 0 0 0 26 65 1 0 63 59 1 0 57 49 1 24 47 57 1 19 36 61 1 0 82 76 1 11 66 56 1 0 79 55 1 17 19 49 1 0 76 44 1 0 76 48 1 0 0 0 0 0 79 66 1 14 74 66 1 21 35 64 1 12 61 41 1 10 46 72 1 16 63 93 1 3 40 47 1 28 79 36 1 0 63 86 1 0 24 52 1 3 56 77 1 0 68 34 1 31 74 31 1 0 56 45 1 0 26 48 1 29 62 1 1 8 67 47 1 0 79 47 1 0 55 33 1 21 26 82 1 11 62 49 1 0 53 31 1 0 0 0 0 0 57 64 1 0 0 0 0 0 0 0 0 12 81 52 1 5 71 50 1 0 53 42 1 12 73 50 1 1 47 80 1 8 81 12 1 0 58 14 1 14 73 36 1 12 67 56 1 0 42 91 1 10 73 72 1 8 54 24 1 0 31 83 1 0 58 51 1 0 50 58 1 5 66 62 1 0 58 67 1 0 43 93 1 18 83 45 1 0 55 66 1 56 98 66 1 0 0 0 0 11 56 68 1
1 56 59 1 6 45 22 1 0 58 63 1 13 40 54 1 20 39 63 1 0 38 94 1 11 60 40 1 3 54 3 1 2 75 31 1 0 36 40 1 14 56 32 1 0 73 15 1 0 0 0 0 12 75 23 1 0 45 88 1 0 74 73 1 0 77 59 1 7 76 43 1 8 60 50 1 0 57 75 1 3 93 42 1 0 0 0 0 4 59 47 1 19 65 76 1 0 56 28 1 7 65 31 1 2 25 53 1 20 41 63 1 18 62 65 1 38 38 61 1 0 69 44 1 40 10 41 1 0 72 38 1 12 63 39 1 16 97 43 1 0 0 0 0 0 56 30 1 0 58 42 1 24 30 63 1 0 64 115 1 5 77 44 1 19 86 76 1 0 78 59 1 3 57 77 1 32 42 86 1 20 46 58 1 0 63 68 1 16 68 49 1 9 49 78 1 0 66 58 1 0 53 31 1 22 36 69 1 10 87 103 1 0 0 0 0 0 0 0 0 26 69 69 1 20 43 94 1 23 61 25 1 32 53 68 1 10 60 89 1 0 83 30 1 0 0 0 0 5 48 88 1 13 44 66 1 0 69 63 1 4 41 77 1 16 55 53 1 0 61 115 1 24 69 16 1
34 69 35 1 0 45 47 1 5 35 71 1 0 42 52 1 12 50 21 1 0 95 90 1 0 0 0 0 7 73 10 1 11 51 0 1 0 43 59 1 0 34 31 1 0 0 0 0 0 0 0 0 0 60 69 1 12 74 32 1 0 80 57 1 1 15 31 1 0 81 50 1 0 46 33 1 0 65 45 1 0 51 44 1 0 59 46 1 3 37 70 1 2 73 14 1 0 0 0 0 26 37 35 1 0 101 33 1 0 61 24 1 9 52 52 1 0 0 0 0 0 69 39 1 10 89 58 1 18 88 78 1 25 56 52 1 12 41 64 1 28 40 52 1 0 68 66 1 0 59 45 1 18 73 77 1 0 93 56 1 0 56 43 1 22 67 54 1 31 72 62 1 0 0 0 0 6 63 86 1 0 85 51 1 30 53 56 1 0 52 46 1 15 53 30 1 0 0 0 0 0 71 46 1 35 42 83 1 2 35 73 1 0 0 0 0 0 67 63 1 17 87 53 1 18 92 53 1 46 66 19 1 0 42 62 1 13 13 53 1 0 52 55 1 0 119 38 1 0 78 61 1 20 40 55 1 13 81 80 1 4 41 65 1 0 101 27 1 0 46 69 1 26 35 57 1
20 36 40 1 6 53 33 1 24 74 64 1 0 69 40 1 0 0 0 0 13 60 31 1 0 42 4 1 5 47 56 1 0 0 0 0 0 86 56 1 0 75 38 1 0 0 0 0 14 69 68 1 60 47 66 1 0 51 32 1 0 67 22 1 0 43 43 1 0 60 59 1 0 65 11 1 0 68 102 1 0 52 51 1 6 76 70 1 16 65 8 1 0 44 40 1 0 0 0 0 0 63 46 1 0 0 0 0 0 0 0 0 64 71 67 1 13 91 53 1 18 42 22 1 0 40 44 1 0 78 31 1 10 57 15 1 3 70 86 1 9 102 36 1 10 29 26 1 0 57 53 1 0 97 45 1 18 31 34 1 23 66 55 1 10 66 53 1 7 62 68 1 0 42 58 1 0 0 0 0 0 78 64 1 8 57 24 1 0 72 25 1 0 0 0 0 14 59 73 1 14 37 65 1 0 65 48 1 0 0 0 0 1 79 61 1 32 67 44 1 26 48 69 1 8 71 41 1 15 58 85 1 0 92 57 1 0 66 17 1 0 65 22 1 6 109 42 1 4 57 45 1 18 63 66 1 0 32 2 1 0 54 36 1 9 43 49 1 0 80 63 1 7 65 69 1
8 48 34 1 0 68 10 1 7 40 29 1 0 0 0 0 32 73 40 1 16 65 51 1 7 32 58 1 0 0 0 0 10 69 45 1 0 59 16 1 18 47 20 1 23 63 14 1 9 112 52 1 26 63 10 1 11 75 86 1 7 63 62 1 22 88 46 1 0 0 0 0 21 92 52 1 2 76 33 1 0 29 37 1 0 65 11 1 20 39 37 1 0 0 0 0 0 100 32 1 25 75 35 1 1 79 20 1 0 0 0 0 0 85 40 1 9 46 40 1 12 125 77 1 0 81 97 1 14 42 45 1 8 34 69 1 0 73 69 1 2 77 77 1 8 60 41 1 0 46 80 1 3 30 44 1 14 61 65 1 0 37 54 1 3 34 99 1 38 19 43 1 13 57 71 1 21 61 27 1 0 46 117 1 21 29 81 1 11 65 37 1 0 50 59 1 0 64 84 1 0 57 60 1 0 66 49 1 6 42 49 1 8 40 17 1 0 66 20 1 11 57 33 1 0 61 32 1 29 64 82 1 0 64 45 1 28 79 38 1 0 70 64 1 4 42 68 1 38 58 35 1 16 68 64 1 29 67 95 1 22 95 58 1 25 22 40 1 0 0 0 0 0 0 0 0
0 41 62 1 0 94 40 1 11 52 43 1 3 46 73 1 0 62 42 1 0 35 30 1 20 31 74 1 0 0 0 0 18 44 27 1 0 24 70 1 0 80 55 1 0 40 58 1 34 34 76 1 18 85 42 1 0 60 39 1 0 54 96 1 0 53 69 1 30 44 76 1 7 76 54 1 0 49 64 1 0 0 0 0 9 21 68 1 0 62 67 1 0 62 50 1 51 54 43 1 0 84 78 1 22 81 9 1 0 49 59 1 22 94 23 1 0 28 24 1 0 0 0 0 0 67 71 1 0 28 63 1 0 85 86 1 9 26 33 1 0 0 0 0 25 63 5 1 0 55 89 1 0 0 0 0 0 40 46 1 0 90 67 1 0 62 52 1 11 65 60 1 20 50 41 1 0 62 29 1 0 70 46 1 19 59 68 1 5 70 63 1 0 36 19 1 0 81 43 1 0 106 42 1 0 79 41 1 21 67 30 1 0 55 42 1 0 63 72 1 13 86 47 1 0 65 56 1 34 22 54 1 0 41 63 1 24 37 34 1 0 0 0 0 25 48 51 1 0 63 67 1 0 0 0 0 0 69 68 1 0 0 0 0 0 71 56 1 37 72 31 1 0 64 46 1
12 46 76 1 24 78 90 1 0 0 0 0 32 89 74 1 17 56 47 1 4 95 42 1 3 64 23 1 0 37 45 1 0 83 42 1 8 61 46 1 0 78 57 1 4 31 37 1 0 59 20 1 0 64 93 1 0 0 0 0 5 67 38 1 15 58 54 1 10 89 42 1 28 41 44 1 0 58 88 1 59 47 28 1 0 0 0 0 14 54 33 1 0 104 66 1 0 61 24 1 0 77 26 1 0 52 45 1 0 0 0 0 0 67 52 1 0 49 66 1 0 0 0 0 47 81 81 1 5 75 48 1 38 26 37 1 0 55 52 1 2 42 61 1 0 66 56 1 0 71 65 1 0 108 69 1 0 48 80 1 0 23 44 1 14 57 47 1 5 83 63 1 27 89 62 1 0 0 0 0 2 60 60 1 0 45 74 1 0 0 0 0 0 80 88 1 2 65 80 1 42 72 87 1 0 0 0 0 0 54 69 1 0 31 10 1 35 81 33 1 0 61 92 1 6 85 80 1 0 0 0 0 0 45 48 1 7 64 59 1 1 30 90 1 0 96 77 1 1 92 64 1 0 0 0 0 0 60 48 1 0 87 28 1 7 53 72 1 0 38 83 1 4 73 87 1
37 20 41 1 16 56 55 1 0 0 0 0 12 30 14 1 0 73 65 1 7 76 28 1 60 61 53 1 0 0 0 0 1 51 71 1 0 53 71 1 9 59 67 1 0 58 29 1 19 41 76 1 0 59 31 1 16 72 86 1 24 53 97 1 0 95 66 1 19 40 34 1 0 36 57 1 0 76 67 1 38 26 65 1 20 84 53 1 0 0 0 0 0 35 33 1 0 66 31 1 0 43 51 1 0 0 0 0 16 41 75 1 28 54 43 1 30 56 27 1 0 0 0 0 5 69 34 1 20 36 2 1 1 65 46 1 0 44 46 1 0 82 51 1 0 43 44 1 39 68 65 1 28 86 67 1 0 63 48 1 0 68 35 1 19 82 67 1 21 66 57 1 21 102 73 1 11 56 20 1 0 52 4 1 0 62 68 1 0 75 91 1 0 0 0 0 0 43 67 1 0 54 57 1 0 89 44 1 1 35 23 1 0 0 0 0 25 57 62 1 0 51 29 1 16 84 59 1 23 81 70 1 0 64 55 1 0 23 118 1 0 76 0 1 39 75 75 1 4 26 29 1 0 81 7 1 0 0 0 0 19 80 56 1 51 63 30 1 11 57 27 1 0 87 63 1
0 0 0 0 0 40 38 1 0 46 37 1 0 81 73 1 0 5 81 1 0 14 41 1 0 18 97 1 14 39 67 1 26 35 38 1 11 99 102 1 0 64 17 1 0 36 46 1 13 31 17 1 17 76 59 1 0 59 45 1 0 0 0 0 0 0 0 0 0 68 60 1 26 46 42 1 0 49 66 1 3 79 46 1 0 0 0 0 0 46 75 1 0 0 0 0 0 67 27 1 0 82 39 1 7 47 0 1 0 59 54 1 0 72 42 1 0 27 47 1 0 93 66 1 0 43 26 1 34 81 77 1 7 51 26 1 17 50 24 1 0 63 60 1 16 71 44 1 10 60 64 1 34 105 88 1 0 78 60 1 3 70 46 1 0 0 0 0 35 49 35 1 18 70 67 1 0 99 72 1 0 0 0 0 15 29 43 1 19 69 91 1 0 0 0 0 0 65 54 1 0 63 72 1 0 0 0 0 20 49 6 1 0 75 57 1 0 52 19 1 11 81 46 1 27 67 64 1 17 59 64 1 22 26 61 1 0 46 64 1 0 31 46 1 12 55 66 1 8 58 50 1 1 63 68 1 0 62 73 1 18 72 69 1 0 45 21 1 0 67 25 1 0 110 58 1
0 97 44 1 24 47 58 1 0 61 74 1 19 61 35 1 0 46 49 1 0 44 34 1 14 44 60 1 17 49 49 1 0 48 89 1 0 40 47 1 16 39 50 1 26 64 54 1 0 58 51 1 13 43 64 1 0 53 62 1 0 0 0 0 0 0 0 0 0 75 50 1 0 50 52 1 7 52 12 1 0 92 56 1 0 50 56 1 0 0 0 0 0 0 0 0 0 105 61 1 16 43 34 1 2 52 28 1 5 50 53 1 0 71 47 1 8 112 50 1 0 61 37 1 0 0 0 0 11 70 37 1 0 0 0 0 14 59 59 1 0 78 53 1 1 83 58 1 0 19 62 1 0 57 49 1 0 86 43 1 0 57 69 1 0 105 87 1 28 62 44 1 18 69 65 1 0 51 66 1 0 9 50 1 0 71 51 1 34 70 86 1 0 46 50 1 0 37 34 1 0 86 33 1 23 37 69 1 0 0 0 0 22 57 86 1 8 88 55 1 0 0 0 0 28 95 24 1 2 74 52 1 42 58 50 1 32 63 52 1 0 31 60 1 12 75 45 1 3 51 62 1 0 0 0 0 27 71 43 1 0 0 0 0 6 36 11 1 25 85 10 1 36 91 42 1
0 36 72 1 17 45 59 1 0 53 46 1 31 73 62 1 1 39 77 1 15 62 86 1 0 50 89 1 0 48 43 1 0 55 51 1 6 67 37 1 0 94 91 1 0 60 10 1 0 57 82 1 36 59 36 1 0 82 35 1 0 0 0 0 15 50 62 1 10 31 62 1 0 27 59 1 6 66 65 1 0 77 23 1 0 0 0 0 9 60 0 1 0 76 71 1 0 0 0 0 0 48 24 1 4 26 83 1 0 28 84 1 0 68 60 1 27 76 32 1 0 59 46 1 0 83 47 1 0 0 0 0 3 57 52 1 0 0 0 0 0 102 50 1 0 66 73 1 0 56 51 1 9 57 77 1 44 56 35 1 0 0 0 0 2 66 46 1 49 70 64 1 0 112 68 1 3 116 34 1 20 36 38 1 52 39 66 1 30 34 59 1 0 53 25 1 14 80 42 1 0 0 0 0 24 82 50 1 4 71 46 1 0 91 37 1 15 45 80 1 16 94 76 1 8 45 62 1 8 68 45 1 18 68 49 1 0 71 61 1 0 0 0 0 7 86 76 1 0 36 49 1 0 0 0 0 5 85 36 1 5 63 62 1 14 80 64 1 8 75 36 1 0 71 90 1
0 45 31 1 0 60 47 1 35 68 45 1 0 89 74 1 1 71 48 1 7 37 0 1 22 95 43 1 0 37 47 1 33 108 44 1 0 11 2 1 0 111 55 1 1 49 43 1 12 63 70 1 0 24 44 1 7 35 52 1 28 43 3 1 0 0 0 0 12 62 60 1 23 57 67 1 0 89 36 1 14 70 76 1 0 96 56 1 0 81 0 1 0 107 47 1 9 42 50 1 0 54 85 1 0 67 52 1 0 83 71 1 0 52 68 1 5 73 27 1 0 75 68 1 0 68 77 1 0 64 78 1 12 52 55 1 0 53 49 1 3 47 62 1 5 56 73 1 0 49 48 1 0 0 0 0 0 0 0 0 25 39 58 1 12 117 53 1 0 35 68 1 0 54 23 1 40 68 53 1 12 61 45 1 0 34 41 1 8 73 57 1 0 70 57 1 10 50 80 1 13 49 84 1 18 68 59 1 1 89 51 1 0 63 38 1 0 0 0 0 0 25 43 1 0 48 64 1 26 31 42 1 1 83 69 1 2 87 46 1 2 57 32 1 10 48 59 1 28 81 65 1 30 78 75 1 0 90 36 1 0 73 58 1 41 62 32 1 12 65 35 1 11 77 50 1
0 74 61 1 0 0 0 0 37 69 60 1 0 0 0 0 0 59 15 1 34 54 14 1 0 94 51 1 13 29 50 1 10 82 38 1 0 44 2 1 0 0 0 0 35 93 74 1 0 81 0 1 0 0 0 0 48 71 15 1 0 111 77 1 1 21 17 1 0 64 68 1 18 49 51 1 21 44 53 1 0 63 5 1 0 71 56 1 0 79 76 1 0 84 72 1 0 59 50 1 9 78 61 1 0 57 64 1 0 37 43 1 24 64 86 1 0 61 73 1 0 57 45 1 0 89 58 1 28 35 59 1 0 102 28 1 0 85 24 1 2 57 85 1 0 76 38 1 1 76 56 1 39 37 69 1 0 63 70 1 39 84 52 1 4 57 78 1 0 78 65 1 0 65 57 1 0 76 48 1 0 80 67 1 32 85 42 1 0 69 32 1 32 58 70 1 12 53 17 1 0 68 73 1 0 52 39 1 2 69 66 1 0 0 0 0 0 0 0 0 19 90 2 1 0 57 59 1 2 84 80 1 38 74 49 1 0 58 52 1 9 54 24 1 0 70 33 1 23 57 48 1 20 78 67 1 38 57 67 1 30 68 34 1 0 105 64 1 54 81 7 1 0 0 0 0
7 38 62 1 30 57 35 1 0 74 35 1 3 30 46 1 13 58 51 1 0 0 0 0 0 39 62 1 0 65 53 1 15 63 101 1 0 0 0 0 21 74 40 1 0 76 21 1 11 27 68 1 0 56 49 1 7 45 55 1 34 32 65 1 0 107 42 1 0 0 0 0 0 73 48 1 0 54 59 1 0 32 77 1 3 76 27 1 48 66 58 1 10 64 25 1 0 0 0 0 0 20 81 1 22 60 52 1 0 62 84 1 22 47 53 1 0 75 69 1 0 68 47 1 0 39 60 1 4 76 38 1 0 57 54 1 51 70 76 1 4 56 74 1 0 81 71 1 0 52 43 1 27 56 36 1 2 57 92 1 6 108 44 1 0 94 80 1 19 33 67 1 21 60 41 1 7 64 87 1 14 53 67 1 0 56 39 1 0 48 91 1 28 62 67 1 0 0 0 0 9 73 86 1 0 95 37 1 0 76 51 1 35 57 79 1 0 100 77 1 0 47 46 1 17 55 40 1 0 24 49 1 0 98 41 1 0 0 0 0 18 33 54 1 0 83 60 1 2 46 57 1 0 75 44 1 0 0 0 0 23 43 30 1 5 57 90 1 0 70 54 1 18 89 77 1
34 21 33 1 29 24 34 1 0 51 51 1 30 60 44 1 0 50 42 1 0 42 59 1 11 39 74 1 0 117 67 1 0 81 72 1 14 88 71 1 0 28 45 1 5 75 45 1 0 60 33 1 0 73 64 1 31 63 44 1 9 50 15 1 36 40 43 1 0 67 56 1 9 55 50 1 0 0 0 0 0 56 81 1 30 55 79 1 14 46 38 1 1 75 42 1 4 68 78 1 34 47 51 1 0 51 92 1 20 28 44 1 0 0 0 0 6 56 45 1 0 0 0 0 17 94 76 1 20 38 64 1 0 89 72 1 12 70 34 1 0 0 0 0 0 0 0 0 30 80 42 1 19 47 60 1 0 48 59 1 0 55 65 1 0 89 48 1 0 42 66 1 2 63 33 1 0 57 35 1 23 61 53 1 0 87 27 1 31 79 24 1 0 79 38 1 0 33 57 1 0 0 0 0 13 52 47 1 0 0 0 0 0 81 45 1 0 51 40 1 0 18 53 1 0 49 33 1 0 0 0 0 36 75 23 1 0 74 61 1 0 50 30 1 13 65 27 1 0 75 45 1 26 65 43 1 8 79 52 1 1 73 21 1 0 0 0 0 7 84 38 1 25 11 66 1
0 38 66 1 0 11 49 1 33 34 48 1 0 78 30 1 29 77 37 1 0 68 40 1 2 39 40 1 0 79 58 1 3 102 50 1 0 94 35 1 0 77 36 1 0 88 54 1 0 73 81 1 0 0 0 0 0 59 37 1 6 65 55 1 21 74 25 1 17 57 39 1 3 46 49 1 32 25 60 1 11 37 71 1 0 48 57 1 0 0 0 0 0 78 73 1 6 60 61 1 29 55 92 1 0 26 40 1 0 0 0 0 0 57 81 1 55 25 50 1 0 0 0 0 17 69 65 1 29 80 73 1 21 75 59 1 8 85 84 1 14 67 23 1 2 72 72 1 4 43 38 1 0 74 62 1 38 36 33 1 28 52 45 1 0 0 0 0 0 0 0 0 0 0 0 0 0 65 44 1 0 54 1 1 28 52 34 1 21 41 95 1 0 74 47 1 39 52 69 1 0 93 34 1 0 56 27 1 0 87 55 1 0 50 80 1 21 64 79 1 0 43 99 1 10 76 69 1 0 0 0 0 0 89 81 1 0 0 0 0 5 81 27 1 0 74 70 1 0 79 83 1 0 74 43 1 21 75 46 1 0 55 79 1 35 104 57 1 7 64 62 1 0 0 0 0
18 30 22 1 0 78 12 1 0 60 39 1 14 79 0 1 8 45 37 1 29 45 47 1 0 84 17 1 0 39 38 1 0 63 6 1 0 77 39 1 0 33 18 1 0 0 0 0 0 45 0 1 0 0 0 0 0 41 48 1 23 63 71 1 0 46 44 1 0 56 78 1 0 75 66 1 10 75 39 1 5 66 35 1 9 45 70 1 0 42 72 1 0 43 31 1 0 22 46 1 0 80 19 1 0 35 35 1 0 46 46 1 16 101 27 1 0 38 47 1 28 87 78 1 0 73 59 1 0 65 45 1 8 68 55 1 0 0 0 0 0 68 66 1 0 38 59 1 15 61 66 1 38 33 63 1 1 67 64 1 0 57 63 1 14 105 62 1 0 63 78 1 0 68 46 1 18 74 83 1 0 61 26 1 0 86 51 1 0 0 0 0 0 0 0 0 0 44 36 1 0 69 53 1 0 96 29 1 0 73 51 1 7 43 55 1 0 73 1 1 0 54 23 1 0 49 65 1 0 70 51 1 18 77 96 1 0 88 52 1 3 78 32 1 0 71 23 1 1 89 48 1 13 45 49 1 41 57 74 1 13 51 76 1 37 34 44 1 32 70 76 1 0 0 0 0
0 67 69 1 0 0 0 0 0 0 0 0 0 77 38 1 1 45 98 1 5 85 32 1 0 21 52 1 0 44 35 1 4 75 35 1 0 54 32 1 9 87 26 1 0 37 64 1 28 110 50 1 0 75 77 1 6 53 33 1 37 74 79 1 10 21 50 1 0 30 64 1 25 62 41 1 4 86 66 1 20 8 74 1 4 65 41 1 0 21 92 1 0 54 26 1 0 82 36 1 0 90 31 1 8 77 79 1 0 67 72 1 2 58 44 1 2 50 28 1 0 55 57 1 16 42 92 1 0 35 18 1 0 0 0 0 0 77 24 1 0 56 71 1 0 70 45 1 0 74 98 1 0 54 59 1 2 56 58 1 28 62 18 1 10 49 71 1 14 56 0 1 5 50 43 1 5 87 113 1 0 0 0 0 0 0 0 0 2 74 46 1 2 32 45 1 0 65 58 1 13 22 67 1 2 76 41 1 19 38 55 1 0 82 44 1 16 50 73 1 0 69 19 1 0 53 28 1 1 58 44 1 0 63 45 1 2 43 75 1 0 68 42 1 0 0 0 0 0 0 0 0 22 62 82 1 0 58 59 1 36 57 32 1 17 67 70 1 25 72 20 1 18 60 63 1
40 45 67 1 0 81 50 1 1 42 39 1 2 84 97 1 0 44 53 1 0 59 74 1 0 58 58 1 21 49 59 1 0 34 70 1 0 0 0 0 4 77 27 1 0 0 0 0 30 74 26 1 10 72 32 1 6 87 15 1 30 38 90 1 2 66 57 1 0 74 8 1 0 38 69 1 0 75 85 1 11 73 48 1 0 99 75 1 0 63 50 1 0 0 0 0 0 77 72 1 40 24 0 1 42 40 52 1 0 67 74 1 13 60 32 1 0 94 39 1 0 70 42 1 0 81 62 1 0 0 0 0 0 76 88 1 0 69 91 1 0 76 48 1 18 61 39 1 12 77 66 1 0 37 84 1 0 87 72 1 0 26 57 1 4 80 70 1 0 82 27 1 0 0 0 0 0 49 53 1 0 36 34 1 0 83 30 1 19 76 46 1 0 36 52 1 13 71 17 1 0 63 46 1 4 50 37 1 0 46 30 1 0 43 42 1 0 56 97 1 2 116 54 1 4 52 36 1 20 103 63 1 18 82 68 1 25 38 47 1 24 29 40 1 9 78 107 1 26 146 34 1 0 92 42 1 1 101 32 1 2 95 41 1 8 70 34 1 7 36 69 1 0 93 24 1
12 68 36 1 0 0 0 0 0 22 56 1 23 93 46 1 8 93 35 1 0 37 84 1 4 67 80 1 2 21 60 1 7 69 50 1 0 81 19 1 20 77 76 1 0 57 28 1 0 0 0 0 5 60 97 1 0 40 27 1 0 115 20 1 0 94 72 1 8 98 61 1 0 89 84 1 6 96 54 1 0 60 34 1 0 0 0 0 0 74 86 1 0 61 68 1 0 116 43 1 0 88 41 1 0 27 36 1 0 36 69 1 0 0 0 0 3 77 47 1 24 82 22 1 0 38 71 1 0 66 65 1 0 68 11 1 0 67 31 1 20 49 74 1 0 49 45 1 51 70 55 1 7 90 60 1 38 64 45 1 0 93 31 1 26 46 65 1 0 58 9 1 0 54 72 1 22 51 34 1 17 38 44 1 15 62 44 1 17 6 51 1 0 0 0 0 4 63 67 1 0 86 49 1 11 67 32 1 0 0 0 0 0 63 67 1 25 57 49 1 0 53 11 1 0 94 75 1 0 0 0 0 5 48 52 1 16 60 46 1 0 60 43 1 12 97 48 1 0 68 52 1 2 66 73 1 36 60 46 1 32 88 39 1 14 79 54 1 18 72 42 1 13 87 54 1
24 41 48 1 14 38 46 1 9 69 17 1 0 87 64 1 0 0 0 0 0 56 79 1 0 63 71 1 28 77 51 1 0 66 77 1 29 66 44 1 0 105 40 1 0 82 77 1 8 78 30 1 9 39 69 1 8 59 90 1 0 60 44 1 7 69 51 1 0 49 59 1 0 80 69 1 0 124 96 1 0 0 0 0 10 50 24 1 0 0 0 0 8 37 88 1 0 48 44 1 0 67 65 1 0 25 24 1 30 80 29 1 31 98 62 1 0 82 74 1 22 62 67 1 0 71 46 1 2 51 56 1 3 42 39 1 4 55 42 1 0 77 32 1 0 0 0 0 0 58 96 1 0 73 20 1 0 69 56 1 12 57 64 1 0 46 67 1 0 27 44 1 0 89 92 1 0 82 46 1 0 62 61 1 29 74 40 1 0 71 56 1 3 33 72 1 0 56 40 1 0 89 52 1 25 52 89 1 0 0 0 0 22 106 61 1 28 128 75 1 0 68 52 1 42 91 32 1 0 0 0 0 7 49 61 1 25 66 89 1 0 82 61 1 22 50 40 1 3 97 1 1 0 0 0 0 68 67 88 1 11 58 58 1 17 59 50 1 14 40 66 1 40 98 59 1
11 36 72 1 29 35 54 1 4 20 50 1 7 90 32 1 0 0 0 0 11 83 31 1 6 71 68 1 21 79 42 1 0 34 80 1 28 44 47 1 2 87 54 1 36 48 57 1 0 84 68 1 5 54 36 1 0 41 41 1 0 50 30 1 40 62 58 1 25 10 59 1 18 83 50 1 0 57 52 1 0 0 0 0 2 76 63 1 41 58 35 1 0 72 71 1 0 92 29 1 7 91 35 1 27 58 60 1 0 65 39 1 26 73 83 1 0 85 58 1 16 61 23 1 0 66 0 1 0 0 0 0 0 78 45 1 0 0 0 0 0 42 68 1 0 52 92 1 7 85 47 1 0 76 61 1 11 70 43 1 1 70 81 1 0 0 0 0 3 58 47 1 0 55 35 1 0 62 37 1 24 52 40 1 27 47 41 1 0 53 32 1 38 35 67 1 4 91 28 1 0 68 46 1 0 54 66 1 14 90 54 1 0 71 49 1 0 51 88 1 7 88 44 1 0 38 60 1 0 76 103 1 0 85 75 1 0 35 91 1 0 62 31 1 0 0 0 0 0 61 64 1 0 63 44 1 0 0 0 0 0 0 0 0 36 78 39 1 12 66 51 1 11 84 85 1
0 62 65 1 3 67 70 1 0 35 15 1 0 25 48 1 18 25 63 1 0 0 0 0 0 0 0 0 0 0 0 0 0 0 0 0 0 94 32 1 31 47 68 1 0 64 25 1 0 50 49 1 0 0 0 0 0 78 60 1 25 46 66 1 0 46 29 1 0 23 75 1 11 97 10 1 0 63 22 1 0 72 43 1 52 41 89 1 0 65 40 1 4 70 59 1 30 58 44 1 48 50 64 1 14 58 65 1 0 73 38 1 0 69 57 1 20 65 59 1 24 14 27 1 0 76 49 1 0 44 50 1 18 74 72 1 0 107 75 1 0 0 0 0 0 65 42 1 8 63 65 1 0 69 63 1 0 85 61 1 0 67 56 1 19 45 89 1 0 93 61 1 9 76 41 1 0 67 43 1 0 60 40 1 11 69 27 1 0 81 34 1 0 74 60 1 0 58 58 1 0 60 96 1 41 41 15 1 0 45 21 1 0 57 72 1 9 35 34 1 5 96 59 1 0 0 0 0 38 42 64 1 0 50 26 1 0 55 72 1 16 55 66 1 13 69 68 1 15 81 0 1 54 70 46 1 0 0 0 0 0 92 15 1 26 79 35 1 8 47 57 1 19 50 42 1
0 0 0 0 0 90 42 1 0 58 29 1 2 72 23 1 0 0 0 0 36 83 51 1 0 40 34 1 0 0 0 0 0 106 12 1 7 79 50 1 0 70 72 1 0 0 0 0 0 73 28 1 0 48 54 1 0 54 29 1 4 47 32 1 0 0 0 0 0 49 18 1 13 52 106 1 0 28 78 1 0 31 38 1 10 102 43 1 0 0 0 0 28 82 43 1 0 18 23 1 0 56 26 1 0 61 31 1 0 43 41 1 0 71 72 1 0 109 71 1 20 59 67 1 0 59 27 1 11 78 64 1 4 79 39 1 0 70 80 1 5 65 80 1 4 55 68 1 1 82 51 1 20 67 46 1 0 85 48 1 0 56 48 1 11 118 83 1 0 61 88 1 0 0 0 0 13 76 37 1 5 57 72 1 0 57 36 1 0 79 38 1 19 39 78 1 18 53 66 1 0 60 59 1 16 88 54 1 0 0 0 0 0 44 75 1 50 105 52 1 0 81 63 1 13 63 42 1 0 56 75 1 3 83 78 1 31 50 55 1 10 35 57 1 0 0 0 0 44 96 35 1 20 86 49 1 5 74 60 1 18 83 1 1 10 78 50 1 27 83 48 1 0 45 37 1
0 78 37 1 0 58 25 1 4 82 18 1 0 82 55 1 0 0 0 0 0 67 33 1 9 50 52 1 0 81 61 1 17 63 31 1 19 66 66 1 0 64 88 1 38 71 50 1 0 92 64 1 2 51 67 1 15 41 60 1 0 30 46 1 6 59 62 1 0 62 28 1 34 83 42 1 33 72 59 1 24 55 31 1 38 61 43 1 0 57 70 1 20 63 54 1 0 57 26 1 0 61 22 1 0 63 36 1 27 71 29 1 0 85 55 1 0 43 16 1 18 85 78 1 0 33 38 1 0 43 66 1 0 25 84 1 0 58 42 1 14 68 78 1 0 41 71 1 0 34 63 1 16 49 50 1 2 46 57 1 0 68 63 1 1 69 55 1 4 34 86 1 5 54 60 1 0 60 67 1 21 80 33 1 0 60 71 1 0 56 57 1 10 61 66 1 0 56 79 1 13 84 64 1 16 77 60 1 6 54 38 1 0 79 64 1 11 56 55 1 0 89 56 1 6 106 86 1 42 58 40 1 0 0 0 0 40 86 64 1 60 35 72 1 3 36 36 1 23 86 55 1 31 108 52 1 12 62 57 1 7 80 92 1 62 52 80 1 0 77 17 1 27 61 52 1
0 49 18 1 2 55 67 1 0 78 35 1 26 25 45 1 9 61 24 1 0 85 38 1 1 59 73 1 0 0 0 0 0 46 42 1 0 68 43 1 0 93 34 1 14 82 67 1 0 45 51 1 0 26 70 1 0 71 54 1 36 55 38 1 0 68 65 1 0 73 76 1 0 38 101 1 0 90 40 1 0 76 48 1 0 0 0 0 6 61 60 1 0 96 73 1 0 0 0 0 4 36 44 1 23 27 53 1 0 50 35 1 1 51 53 1 0 48 20 1 0 78 97 1 25 58 76 1 0 83 89 1 0 0 0 0 0 104 53 1 0 45 25 1 20 91 88 1 0 81 55 1 17 109 60 1 5 73 48 1 0 0 0 0 8 67 81 1 0 0 0 0 11 49 44 1 0 102 25 1 21 41 62 1 5 45 70 1 0 64 39 1 3 39 81 1 0 67 48 1 0 55 48 1 0 88 39 1 0 0 0 0 17 76 43 1 0 45 48 1 0 82 60 1 28 78 60 1 30 55 38 1 0 0 0 0 38 45 71 1 27 65 55 1 11 75 76 1 31 65 45 1 43 70 67 1 24 81 72 1 0 0 0 0 32 107 65 1 55 58 42 1 42 82 26 1
0 55 45 1 0 47 46 1 0 94 31 1 0 101 66 1 10 99 18 1 0 39 35 1 0 61 46 1 0 0 0 0 0 0 0 0 0 26 70 1 32 89 74 1 23 86 56 1 0 47 33 1 1 111 57 1 10 81 45 1 0 87 56 1 13 69 39 1 2 65 90 1 43 74 55 1 0 0 0 0 0 71 105 1 0 88 47 1 0 57 67 1 0 92 73 1 11 44 80 1 7 61 49 1 0 64 22 1 0 79 64 1 16 105 45 1 0 30 85 1 0 34 42 1 0 46 59 1 0 95 18 1 0 74 43 1 7 90 53 1 0 80 51 1 3 62 72 1 58 92 50 1 0 66 42 1 31 59 71 1 0 102 77 1 32 59 75 1 7 68 105 1 33 90 47 1 0 63 31 1 18 90 17 1 0 0 0 0 24 66 22 1 18 100 79 1 74 71 18 1 10 65 21 1 0 29 56 1 32 65 19 1 0 74 47 1 0 70 23 1 0 130 4 1 35 128 80 1 28 28 51 1 0 99 55 1 0 40 60 1 0 61 61 1 3 90 53 1 0 59 31 1 50 53 79 1 28 74 62 1 19 100 45 1 28 96 74 1 0 85 13 1 0 84 53 1
0 66 53 1 0 76 48 1 0 116 52 1 25 65 72 1 0 99 71 1 5 50 48 1 9 54 17 1 0 110 62 1 34 55 28 1 0 0 0 0 10 53 50 1 0 91 41 1 0 0 0 0 24 77 42 1 0 0 0 0 33 85 77 1 13 59 36 1 16 72 62 1 0 46 37 1 0 66 28 1 0 57 63 1 0 75 43 1 0 72 40 1 0 86 54 1 14 64 38 1 0 63 56 1 17 72 53 1 32 115 97 1 0 70 77 1 0 44 88 1 0 46 54 1 0 69 55 1 0 45 93 1 1 82 88 1 30 46 55 1 0 79 39 1 0 90 59 1 28 68 44 1 30 96 73 1 0 74 48 1 0 70 72 1 0 38 58 1 0 75 55 1 0 77 40 1 0 59 14 1 19 58 44 1 39 98 17 1 10 68 48 1 19 67 50 1 0 38 48 1 13 87 41 1 0 80 98 1 0 38 65 1 0 70 50 1 0 0 0 0 0 0 0 0 6 63 22 1 0 0 0 0 13 64 41 1 29 56 18 1 0 48 69 1 0 41 38 1 8 88 111 1 27 112 60 1 58 35 49 1 70 32 49 1 25 79 56 1 40 79 53 1 49 93 44 1
29 72 59 1 0 54 76 1 25 36 28 1 4 52 60 1 0 60 75 1 0 67 39 1 0 69 73 1 0 34 63 1 14 42 58 1 23 61 86 1 0 64 28 1 8 71 19 1 0 22 72 1 0 80 52 1 17 109 50 1 8 71 62 1 6 101 46 1 6 101 82 1 0 66 48 1 0 44 69 1 15 77 77 1 0 45 30 1 4 77 75 1 20 68 61 1 16 63 15 1 0 44 70 1 0 75 29 1 17 69 82 1 0 65 25 1 0 71 58 1 0 75 74 1 0 0 0 0 0 52 35 1 27 49 44 1 15 61 69 1 0 106 73 1 0 39 39 1 8 45 92 1 0 70 55 1 0 60 48 1 26 42 47 1 0 86 17 1 0 55 78 1 6 40 44 1 21 31 69 1 0 81 72 1 0 91 64 1 3 59 53 1 9 116 43 1 0 0 0 0 43 65 32 1 0 77 47 1 0 77 59 1 0 86 68 1 0 101 46 1 0 71 29 1 0 78 48 1 0 86 41 1 0 80 84 1 1 82 38 1 0 0 0 0 0 90 47 1 55 73 75 1 28 76 39 1 4 91 76 1 52 71 37 1 1 95 81 1 0 0 0 0 36 79 69 1
6 70 35 1 9 36 14 1 3 64 57 1 22 85 52 1 0 75 36 1 17 83 48 1 0 0 0 0 0 0 0 0 44 80 0 1 0 69 34 1 44 100 68 1 15 84 46 1 22 74 67 1 9 41 56 1 0 59 61 1 7 48 78 1 0 29 72 1 0 85 25 1 0 45 53 1 0 16 45 1 3 37 30 1 0 0 0 0 0 70 27 1 0 52 64 1 39 97 36 1 0 97 67 1 19 65 60 1 9 64 43 1 0 66 81 1 0 58 76 1 0 61 20 1 19 58 57 1 0 92 52 1 0 70 65 1 19 92 59 1 12 68 56 1 0 75 34 1 0 56 36 1 0 64 64 1 0 0 0 0 0 77 46 1 0 54 58 1 8 87 64 1 1 56 27 1 0 52 44 1 0 70 51 1 0 54 77 1 0 69 30 1 21 43 30 1 55 64 61 1 25 36 85 1 0 66 37 1 0 48 41 1 6 93 30 1 0 70 50 1 10 102 42 1 0 62 56 1 0 105 38 1 0 58 50 1 10 50 87 1 0 41 85 1 0 66 65 1 0 0 0 0 26 81 46 1 0 95 42 1 0 106 63 1 16 46 50 1 48 64 59 1 0 63 76 1
0 52 20 1 0 71 58 1 0 20 63 1 0 73 37 1 0 98 32 1 4 89 53 1 14 90 29 1 4 90 29 1 0 90 84 1 0 32 85 1 24 104 52 1 0 58 55 1 0 100 67 1 12 83 76 1 0 100 58 1 0 96 70 1 28 99 43 1 0 62 22 1 0 84 69 1 19 67 62 1 0 0 0 0 0 49 17 1 7 72 26 1 0 67 7 1 0 84 74 1 22 95 51 1 0 97 47 1 14 60 82 1 27 48 73 1 0 0 0 0 0 101 49 1 3 45 66 1 33 77 53 1 29 75 27 1 0 77 58 1 0 32 88 1 0 59 49 1 0 81 73 1 52 3 21 1 0 0 0 0 46 54 74 1 11 70 41 1 0 75 36 1 0 66 103 1 20 73 62 1 38 77 56 1 1 74 53 1 0 81 41 1 0 0 0 0 43 73 25 1 0 0 0 0 0 106 95 1 41 84 85 1 0 67 58 1 5 74 53 1 0 68 14 1 1 102 52 1 0 96 53 1 0 0 0 0 0 74 35 1 0 58 70 1 22 39 45 1 14 66 104 1 27 88 46 1 31 60 62 1 19 77 72 1 23 89 79 1 23 50 46 1 24 129 28 1
3 45 79 1 0 55 36 1 0 54 79 1 6 69 23 1 0 0 0 0 11 48 60 1 0 42 35 1 0 69 76 1 29 49 12 1 0 0 0 0 0 65 58 1 8 98 53 1 0 77 56 1 0 0 0 0 0 46 30 1 0 61 37 1 8 55 11 1 1 59 91 1 18 49 6 1 0 57 38 1 0 108 62 1 0 0 0 0 8 99 26 1 0 47 70 1 40 79 52 1 0 9 60 1 11 69 14 1 4 75 62 1 0 74 83 1 0 57 74 1 15 61 48 1 0 0 0 0 22 89 69 1 16 61 92 1 0 89 68 1 17 65 17 1 0 0 0 0 0 75 37 1 0 101 66 1 48 77 51 1 0 0 0 0 0 0 0 0 13 42 28 1 0 29 59 1 0 80 52 1 0 0 0 0 0 51 62 1 1 64 56 1 63 64 55 1 19 80 79 1 22 67 52 1 0 44 29 1 7 53 42 1 0 50 93 1 3 33 46 1 0 0 0 0 0 69 19 1 26 90 55 1 4 64 72 1 0 72 48 1 13 73 40 1 6 97 56 1 52 59 58 1 0 68 76 1 52 63 51 1 22 85 40 1 0 0 0 0 27 76 96 1 10 87 48 1
0 76 36 1 7 77 77 1 5 37 43 1 43 52 49 1 0 0 0 0 0 61 75 1 8 39 121 1 13 75 36 1 14 53 42 1 0 64 65 1 0 82 31 1 22 66 53 1 6 64 35 1 25 79 40 1 0 108 51 1 0 100 31 1 0 87 53 1 14 21 61 1 0 88 39 1 10 66 49 1 0 61 30 1 13 36 66 1 0 48 72 1 0 59 44 1 44 34 66 1 0 109 71 1 11 69 47 1 0 26 43 1 0 53 65 1 23 91 61 1 0 0 0 0 17 68 66 1 0 48 80 1 14 75 49 1 7 70 37 1 3 83 89 1 37 60 57 1 0 115 39 1 0 69 85 1 0 70 50 1 0 57 39 1 0 113 23 1 18 65 54 1 0 53 32 1 0 85 46 1 26 91 59 1 19 51 71 1 19 83 56 1 27 6 87 1 10 67 63 1 0 75 71 1 0 99 84 1 17 89 55 1 0 90 64 1 0 99 32 1 0 0 0 0 28 66 107 1 0 87 55 1 11 54 22 1 0 85 20 1 6 105 68 1 0 0 0 0 21 86 47 1 0 53 74 1 18 121 49 1 28 56 66 1 0 0 0 0 0 0 0 0 33 63 82 1
0 0 0 0 0 68 44 1 0 60 10 1 39 21 47 1 0 74 33 1 16 65 70 1 0 62 27 1 0 69 8 1 23 80 45 1 0 79 44 1 0 54 41 1 0 113 80 1 7 116 32 1 0 65 49 1 0 76 42 1 0 111 57 1 0 78 51 1 4 53 45 1 13 93 66 1 8 85 51 1 18 58 59 1 1 64 46 1 0 70 36 1 0 57 61 1 1 45 38 1 0 61 84 1 8 73 58 1 31 82 75 1 38 76 31 1 0 97 90 1 10 68 99 1 46 79 26 1 0 29 67 1 8 84 56 1 5 56 42 1 33 72 54 1 3 80 56 1 1 52 57 1 0 0 0 0 0 49 68 1 12 92 53 1 0 60 21 1 0 0 0 0 0 44 92 1 19 28 55 1 11 60 41 1 58 62 68 1 14 86 44 1 6 64 49 1 25 85 50 1 46 70 48 1 54 59 86 1 24 136 54 1 0 0 0 0 38 38 44 1 30 64 86 1 54 75 78 1 27 71 80 1 0 97 57 1 0 62 49 1 15 78 74 1 0 79 52 1 9 84 78 1 27 40 81 1 13 76 39 1 46 62 52 1 22 37 92 1 0 94 47 1 12 89 51 1
35 65 70 1 0 74 55 1 0 56 79 1 20 32 71 1 0 37 63 1 18 55 63 1 57 58 64 1 0 0 0 0 6 79 24 1 7 94 54 1 25 60 42 1 31 101 85 1 0 92 51 1 13 38 59 1 19 75 61 1 4 38 52 1 0 70 46 1 4 43 70 1 15 69 53 1 0 95 46 1 0 72 76 1 0 75 68 1 16 52 54 1 2 19 30 1 0 79 38 1 24 33 6 1 43 69 24 1 0 101 53 1 9 62 63 1 17 55 10 1 0 67 25 1 10 61 58 1 13 23 54 1 0 56 35 1 0 0 0 0 5 49 77 1 4 80 68 1 0 69 51 1 22 69 99 1 0 75 73 1 0 58 97 1 0 95 78 1 0 48 46 1 0 65 20 1 21 112 57 1 14 78 72 1 10 53 63 1 38 85 54 1 27 81 76 1 0 84 72 1 13 117 100 1 30 27 92 1 30 71 66 1 0 0 0 0 0 66 20 1 8 72 72 1 0 48 51 1 0 0 0 0 21 57 18 1 16 57 32 1 44 58 45 1 3 44 55 1 41 67 32 1 0 0 0 0 44 127 25 1 32 48 65 1 0 80 48 1 47 88 54 1 14 79 66 1
0 66 30 1 0 0 0 0 31 39 61 1 0 83 50 1 2 78 42 1 0 84 53 1 0 82 36 1 11 76 58 1 0 71 65 1 9 75 46 1 10 82 45 1 0 79 50 1 0 56 78 1 0 62 16 1 0 54 38 1 0 90 27 1 0 48 87 1 0 105 48 1 0 39 16 1 0 110 69 1 0 60 58 1 21 56 46 1 11 53 36 1 13 64 40 1 12 84 40 1 0 91 61 1 0 93 65 1 0 64 49 1 38 59 23 1 13 58 48 1 5 94 53 1 0 97 49 1 0 59 93 1 0 0 0 0 22 75 39 1 0 0 0 0 0 54 87 1 0 72 30 1 0 127 77 1 0 59 87 1 0 113 47 1 0 0 0 0 0 0 0 0 0 70 63 1 18 67 96 1 39 61 79 1 32 87 63 1 6 83 39 1 30 55 49 1 37 53 84 1 4 106 103 1 0 0 0 0 0 12 29 1 0 0 0 0 0 57 59 1 53 52 22 1 5 97 56 1 0 95 75 1 23 80 10 1 34 100 58 1 0 81 79 1 37 72 76 1 38 33 64 1 29 84 90 1 0 81 63 1 38 56 72 1 0 0 0 0 28 72 36 1 21 83 57 1
0 43 54 1 1 78 78 1 4 45 57 1 8 71 86 1 0 56 26 1 25 55 37 1 0 0 0 0 0 46 92 1 3 68 45 1 0 85 45 1 33 72 31 1 0 76 49 1 0 67 74 1 30 110 35 1 0 61 32 1 1 48 35 1 0 76 48 1 11 92 51 1 0 93 84 1 0 0 0 0 0 80 76 1 0 56 26 1 0 87 30 1 0 0 0 0 0 61 50 1 0 0 0 0 0 0 0 0 0 87 38 1 10 99 52 1 26 46 81 1 0 95 45 1 20 60 59 1 14 31 62 1 0 77 51 1 4 82 49 1 0 56 41 1 0 41 55 1 5 72 57 1 0 97 42 1 13 76 85 1 15 81 29 1 0 56 38 1 40 82 79 1 43 61 51 1 54 80 33 1 22 85 28 1 19 42 21 1 10 69 47 1 0 49 47 1 15 101 59 1 0 0 0 0 24 97 29 1 22 79 61 1 27 60 51 1 0 0 0 0 16 60 55 1 52 83 29 1 5 57 25 1 5 42 26 1 26 56 43 1 14 80 52 1 0 55 85 1 28 75 89 1 22 66 56 1 17 87 82 1 0 0 0 0 17 49 66 1 24 55 76 1 0 99 48 1
15 75 42 1 12 68 58 1 0 0 0 0 14 66 32 1 23 62 28 1 11 56 62 1 5 70 56 1 7 61 36 1 0 105 27 1 5 49 13 1 0 84 30 1 0 100 56 1 0 0 0 0 0 79 35 1 2 50 44 1 54 92 26 1 0 53 63 1 0 65 62 1 0 99 74 1 0 0 0 0 0 112 33 1 0 60 33 1 0 85 48 1 0 55 18 1 22 40 67 1 13 28 51 1 0 88 93 1 0 78 69 1 0 70 41 1 9 90 57 1 13 69 53 1 0 110 51 1 0 62 41 1 27 71 22 1 0 0 0 0 10 53 60 1 9 51 44 1 17 63 32 1 0 47 46 1 12 86 72 1 0 98 24 1 0 76 72 1 0 76 61 1 13 86 93 1 46 85 79 1 12 50 39 1 0 0 0 0 0 70 79 1 30 93 49 1 20 54 92 1 23 57 93 1 43 65 55 1 53 94 45 1 42 57 66 1 11 84 42 1 39 72 81 1 0 0 0 0 17 74 67 1 34 36 52 1 23 82 55 1 0 76 53 1 24 116 73 1 9 96 57 1 8 89 86 1 0 89 54 1 47 67 26 1 12 97 40 1 21 76 71 1 20 91 73 1
0 78 50 1 22 79 97 1 0 81 60 1 0 77 38 1 0 72 47 1 28 93 86 1 0 0 0 0 0 89 72 1 4 71 31 1 14 76 52 1 14 31 44 1 0 73 53 1 2 76 81 1 0 72 43 1 0 95 49 1 0 94 68 1 0 122 85 1 0 0 0 0 4 74 38 1 0 92 61 1 0 71 42 1 21 71 34 1 6 76 52 1 0 79 43 1 18 80 66 1 0 82 51 1 0 64 61 1 1 99 62 1 0 90 25 1 0 0 0 0 43 79 68 1 1 88 54 1 1 87 68 1 0 77 47 1 0 113 40 1 0 91 34 1 8 94 6 1 3 70 71 1 0 80 63 1 0 0 0 0 6 41 16 1 0 76 20 1 0 0 0 0 0 65 73 1 29 41 52 1 42 33 27 1 40 54 21 1 0 85 49 1 33 99 63 1 0 0 0 0 11 112 59 1 35 56 29 1 25 77 25 1 37 95 41 1 32 5 43 1 0 76 40 1 8 67 77 1 0 79 83 1 27 75 26 1 44 81 62 1 16 43 40 1 61 70 0 1 19 69 26 1 33 101 56 1 6 117 82 1 0 96 64 1 16 42 104 1 8 100 74 1 0 113 62 1
0 0 0 0 0 63 59 1 6 17 35 1 3 35 36 1 0 0 0 0 0 48 73 1 0 73 29 1 34 52 45 1 0 0 0 0 0 95 49 1 0 0 0 0 7 58 64 1 0 53 18 1 0 71 32 1 5 87 8 1 0 93 80 1 13 71 39 1 0 0 0 0 8 43 40 1 14 79 26 1 13 88 42 1 0 0 0 0 0 43 70 1 3 85 50 1 0 79 46 1 0 72 58 1 19 88 23 1 8 92 34 1 47 94 24 1 1 54 57 1 0 0 0 0 16 94 76 1 0 132 98 1 0 50 51 1 0 0 0 0 0 78 32 1 0 86 86 1 0 62 69 1 0 72 63 1 0 63 55 1 0 86 65 1 22 102 86 1 35 70 30 1 7 62 48 1 16 65 55 1 15 89 55 1 23 49 75 1 7 60 77 1 13 69 34 1 0 0 0 0 22 112 45 1 0 65 57 1 0 0 0 0 11 61 66 1 7 75 73 1 37 64 17 1 0 115 50 1 7 101 78 1 9 61 59 1 2 87 86 1 6 84 51 1 0 74 88 1 0 86 44 1 6 87 53 1 8 110 70 1 59 56 63 1 40 84 65 1 14 106 49 1 37 81 37 1
13 54 64 1 57 78 37 1 0 89 9 1 5 82 12 1 21 69 51 1 0 0 0 0 0 55 55 1 0 89 30 1 0 0 0 0 33 64 104 1 2 91 58 1 0 88 46 1 1 81 75 1 0 56 81 1 0 0 0 0 0 55 20 1 0 62 49 1 17 43 57 1 31 103 67 1 5 38 72 1 0 0 0 0 0 23 58 1 12 67 34 1 0 101 58 1 22 101 54 1 0 83 77 1 0 87 65 1 0 65 61 1 4 81 49 1 44 53 76 1 0 97 43 1 0 45 53 1 0 0 0 0 3 83 50 1 32 116 67 1 0 56 48 1 13 61 30 1 2 79 44 1 0 0 0 0 6 66 38 1 9 54 58 1 0 87 82 1 31 57 52 1 0 116 32 1 9 77 83 1 11 92 14 1 31 115 95 1 34 42 31 1 0 100 38 1 0 0 0 0 0 0 0 0 26 72 66 1 31 68 41 1 4 81 34 1 1 42 78 1 13 86 65 1 0 100 65 1 46 80 45 1 41 82 52 1 35 99 40 1 29 89 61 1 27 65 75 1 11 67 69 1 21 64 91 1 29 74 39 1 55 31 75 1 13 88 38 1 46 62 40 1 38 65 46 1
24 61 32 1 0 91 42 1 33 62 63 1 0 0 0 0 0 56 44 1 19 65 41 1 0 115 81 1 31 53 79 1 0 61 49 1 0 57 61 1 0 0 0 0 0 76 23 1 26 46 65 1 23 73 34 1 0 66 84 1 0 0 0 0 1 68 41 1 18 90 57 1 1 118 40 1 8 75 62 1 11 87 77 1 1 84 67 1 0 32 47 1 24 52 64 1 15 80 35 1 9 60 60 1 0 69 64 1 0 106 54 1 0 91 73 1 0 60 102 1 5 72 101 1 0 108 69 1 0 88 81 1 23 61 79 1 0 60 76 1 0 0 0 0 41 90 82 1 0 0 0 0 9 48 55 1 0 63 60 1 0 77 48 1 10 78 24 1 22 67 84 1 8 65 55 1 0 70 81 1 13 75 49 1 0 0 0 0 41 74 22 1 43 75 75 1 5 83 56 1 23 82 36 1 0 83 48 1 0 72 14 1 0 0 0 0 0 97 48 1 3 96 58 1 29 65 55 1 0 59 73 1 5 104 46 1 0 102 66 1 0 0 0 0 52 75 50 1 7 84 31 1 12 105 56 1 0 45 46 1 15 105 62 1 58 78 71 1 0 85 74 1 16 71 64 1
0 70 54 1 0 75 85 1 0 0 0 0 0 83 44 1 0 100 43 1 1 22 28 1 23 78 49 1 18 94 28 1 3 60 59 1 0 95 49 1 1 69 24 1 0 118 16 1 2 47 54 1 0 103 38 1 10 70 55 1 0 0 0 0 0 66 35 1 0 73 30 1 0 76 53 1 0 53 59 1 9 69 45 1 0 0 0 0 0 64 15 1 0 75 94 1 0 87 90 1 0 92 58 1 0 108 85 1 0 42 35 1 0 39 45 1 9 134 66 1 1 88 81 1 0 61 57 1 0 62 52 1 0 84 57 1 0 74 76 1 0 72 51 1 15 78 46 1 0 69 23 1 21 116 62 1 0 82 53 1 9 52 96 1 0 59 96 1 52 57 53 1 11 46 66 1 0 78 75 1 32 53 60 1 0 0 0 0 24 50 30 1 40 108 30 1 0 0 0 0 32 85 75 1 13 61 11 1 8 56 75 1 4 56 66 1 0 98 45 1 52 65 69 1 30 93 62 1 0 103 47 1 0 0 0 0 1 123 60 1 8 101 54 1 0 115 39 1 0 86 60 1 0 68 68 1 0 90 46 1 40 52 31 1 1 85 35 1 24 75 63 1 0 104 57 1
0 65 20 1 0 81 62 1 0 83 71 1 36 39 57 1 5 19 49 1 11 62 51 1 0 107 54 1 0 62 32 1 13 63 53 1 1 95 62 1 0 66 46 1 2 32 35 1 0 0 0 0 18 53 48 1 0 85 66 1 24 86 45 1 0 0 0 0 20 58 35 1 0 58 87 1 0 0 0 0 0 68 32 1 54 61 36 1 0 0 0 0 10 82 57 1 7 103 34 1 5 72 57 1 47 71 57 1 0 119 65 1 1 89 42 1 14 65 69 1 0 78 49 1 0 0 0 0 0 0 0 0 0 67 11 1 28 113 73 1 26 101 62 1 0 0 0 0 0 74 40 1 0 77 36 1 36 86 38 1 0 0 0 0 0 99 75 1 40 63 77 1 0 32 53 1 6 55 58 1 20 59 56 1 0 0 0 0 17 49 61 1 20 86 64 1 0 0 0 0 0 0 0 0 17 110 53 1 0 0 0 0 0 62 72 1 19 59 27 1 16 65 63 1 0 0 0 0 0 0 0 0 0 69 67 1 3 100 66 1 28 44 58 1 0 87 58 1 14 60 39 1 0 79 51 1 32 58 91 1 0 0 0 0 22 111 35 1 2 90 81 1 1 111 54 1
0 72 47 1 23 70 37 1 0 37 23 1 0 96 81 1 0 0 0 0 0 93 56 1 22 54 28 1 0 0 0 0 1 91 52 1 8 78 65 1 0 73 14 1 0 0 0 0 2 89 43 1 0 113 35 1 0 95 53 1 0 59 37 1 0 97 73 1 0 103 53 1 0 82 86 1 23 80 92 1 0 78 73 1 5 94 80 1 31 79 76 1 16 75 60 1 0 80 76 1 14 80 60 1 0 69 65 1 27 46 85 1 0 0 0 0 6 45 53 1 0 86 51 1 44 85 42 1 0 112 72 1 0 88 70 1 35 69 54 1 24 60 60 1 3 55 69 1 0 41 31 1 17 94 50 1 0 119 81 1 0 55 39 1 45 105 60 1 7 77 38 1 14 102 71 1 0 81 63 1 7 74 35 1 0 69 31 1 33 78 32 1 19 69 55 1 9 28 50 1 0 92 39 1 11 89 51 1 0 74 65 1 0 60 62 1 7 67 58 1 0 86 70 1 21 70 13 1 0 93 38 1 6 79 88 1 11 74 104 1 0 0 0 0 17 72 67 1 0 0 0 0 0 0 0 0 20 76 63 1 2 59 23 1 0 72 49 1 0 0 0 0 21 113 11 1
0 53 27 1 1 79 70 1 0 83 34 1 0 43 11 1 0 85 80 1 12 43 41 1 0 69 49 1 21 57 46 1 20 83 33 1 0 0 0 0 25 99 64 1 0 50 62 1 20 50 68 1 18 67 55 1 0 0 0 0 0 90 72 1 0 46 60 1 0 72 66 1 0 59 81 1 0 91 61 1 0 66 43 1 0 0 0 0 0 70 62 1 5 78 77 1 0 121 23 1 20 118 39 1 5 74 67 1 9 104 62 1 37 76 58 1 0 83 57 1 55 68 80 1 0 123 86 1 40 90 99 1 0 71 56 1 0 103 75 1 0 80 77 1 39 69 49 1 0 74 42 1 0 0 0 0 0 92 72 1 0 83 17 1 17 84 44 1 0 97 51 1 0 0 0 0 0 27 43 1 21 90 37 1 41 88 56 1 0 0 0 0 2 102 64 1 0 0 0 0 0 0 0 0 54 79 49 1 0 53 81 1 7 108 52 1 37 77 40 1 0 72 21 1 0 93 63 1 38 95 49 1 22 60 46 1 0 0 0 0 2 94 78 1 22 82 58 1 35 87 54 1 0 0 0 0 0 124 40 1 19 92 48 1 0 97 28 1 55 81 24 1 37 72 61 1
0 84 35 1 0 67 11 1 0 51 47 1 0 102 60 1 23 40 25 1 0 0 0 0 0 76 62 1 0 48 100 1 8 72 31 1 0 57 61 1 23 87 60 1 24 51 51 1 0 46 45 1 8 114 53 1 0 79 59 1 0 90 64 1 0 88 37 1 2 132 38 1 24 86 43 1 0 54 50 1 0 63 101 1 0 54 43 1 9 64 52 1 32 77 60 1 23 120 53 1 0 90 35 1 0 70 35 1 0 102 45 1 19 75 55 1 18 41 30 1 0 47 83 1 41 102 58 1 0 100 80 1 21 81 74 1 0 88 75 1 0 75 85 1 8 37 94 1 0 74 25 1 11 94 54 1 21 81 96 1 0 81 22 1 0 93 60 1 0 67 77 1 0 0 0 0 44 49 88 1 21 71 75 1 1 118 72 1 0 0 0 0 11 108 49 1 37 67 28 1 16 84 44 1 4 79 56 1 11 66 67 1 27 59 54 1 0 92 72 1 0 0 0 0 1 99 32 1 19 127 35 1 0 119 82 1 32 44 46 1 0 71 60 1 36 75 63 1 0 69 63 1 26 94 55 1 0 83 45 1 9 108 68 1 6 97 88 1 42 27 34 1 0 0 0 0
0 0 0 0 0 75 34 1 0 62 27 1 0 108 24 1 0 34 67 1 8 70 4 1 0 73 41 1 15 74 51 1 0 79 62 1 0 59 46 1 9 63 52 1 0 94 37 1 0 0 0 0 12 94 44 1 10 61 79 1 21 51 64 1 20 87 31 1 6 66 42 1 0 49 63 1 0 61 73 1 0 55 13 1 10 88 55 1 0 75 58 1 0 67 56 1 0 75 58 1 0 95 62 1 0 112 47 1 0 0 0 0 23 73 45 1 0 46 82 1 0 59 58 1 0 0 0 0 0 0 0 0 0 98 45 1 0 0 0 0 0 85 50 1 0 89 58 1 0 79 83 1 35 87 38 1 22 72 16 1 0 0 0 0 13 110 37 1 21 96 52 1 27 99 30 1 0 45 40 1 0 68 73 1 0 0 0 0 4 86 17 1 0 98 39 1 43 102 52 1 0 52 37 1 23 113 12 1 16 98 43 1 15 126 82 1 18 94 56 1 39 91 52 1 0 53 35 1 0 83 7 1 4 54 86 1 0 0 0 0 40 73 102 1 19 110 78 1 0 112 65 1 0 109 90 1 13 106 43 1 18 81 68 1 55 81 66 1 0 84 44 1 0 0 0 0
0 88 57 1 16 86 51 1 20 73 27 1 0 71 67 1 0 42 66 1 9 61 38 1 0 74 45 1 7 85 21 1 0 0 0 0 0 0 0 0 0 97 82 1 22 79 72 1 0 66 34 1 0 105 62 1 30 53 66 1 31 81 88 1 6 34 50 1 28 53 94 1 34 53 44 1 0 88 30 1 0 0 0 0 8 80 55 1 36 90 45 1 0 102 94 1 0 77 60 1 10 68 45 1 0 95 41 1 19 85 56 1 0 90 15 1 0 97 79 1 16 53 90 1 0 62 50 1 8 94 71 1 0 44 79 1 0 77 47 1 0 88 102 1 0 0 0 0 3 65 46 1 0 0 0 0 0 72 75 1 0 78 76 1 0 76 64 1 21 91 59 1 0 86 45 1 8 81 33 1 55 76 50 1 0 0 0 0 39 32 86 1 58 83 31 1 50 49 51 1 14 109 54 1 1 63 32 1 44 44 41 1 6 87 62 1 41 91 50 1 6 145 63 1 17 81 54 1 0 79 56 1 63 59 86 1 22 55 19 1 0 0 0 0 0 0 0 0 18 113 49 1 9 65 40 1 7 85 73 1 3 77 52 1 12 100 87 1 0 77 94 1 34 122 50 1
0 0 0 0 0 65 51 1 0 73 90 1 0 53 46 1 14 41 45 1 8 86 62 1 10 97 45 1 7 71 34 1 0 61 48 1 1 70 26 1 0 46 24 1 0 96 42 1 3 67 45 1 20 64 5 1 0 77 55 1 17 77 69 1 18 84 49 1 0 96 85 1 0 54 52 1 10 66 32 1 0 0 0 0 0 66 64 1 0 92 92 1 0 0 0 0 0 0 0 0 0 0 0 0 50 63 35 1 0 107 78 1 3 104 51 1 0 80 87 1 0 0 0 0 0 0 0 0 34 106 45 1 0 118 79 1 5 90 49 1 0 69 39 1 9 75 82 1 0 46 64 1 0 43 50 1 0 0 0 0 18 78 81 1 29 69 26 1 0 106 85 1 22 43 46 1 37 118 84 1 42 66 20 1 28 79 56 1 17 82 51 1 0 75 27 1 39 108 70 1 11 79 16 1 2 63 74 1 0 75 23 1 31 98 74 1 10 49 93 1 5 104 64 1 0 0 0 0 0 116 64 1 0 87 59 1 45 102 47 1 71 87 49 1 0 0 0 0 25 56 65 1 9 109 68 1 35 57 63 1 33 65 50 1 16 88 44 1 54 101 59 1 13 67 29 1
0 96 77 1 0 100 56 1 29 33 56 1 0 134 54 1 30 40 50 1 0 121 61 1 17 59 24 1 10 66 21 1 0 71 57 1 12 66 41 1 13 51 82 1 21 60 52 1 0 0 0 0 0 95 73 1 7 81 36 1 15 64 23 1 0 0 0 0 0 110 64 1 0 86 20 1 12 82 91 1 3 81 37 1 0 66 59 1 18 72 38 1 0 105 87 1 0 55 45 1 0 95 28 1 14 58 74 1 0 55 64 1 0 30 65 1 12 97 91 1 5 70 57 1 16 72 62 1 3 91 58 1 0 62 56 1 0 74 75 1 24 62 38 1 0 97 79 1 12 87 49 1 15 55 78 1 10 85 45 1 56 102 73 1 22 94 54 1 1 107 77 1 0 47 29 1 20 34 80 1 6 50 57 1 28 92 43 1 0 116 78 1 19 107 79 1 26 104 69 1 0 93 85 1 0 68 58 1 17 98 48 1 19 104 47 1 24 66 44 1 4 90 65 1 35 96 6 1 42 78 33 1 6 69 84 1 37 73 40 1 38 79 63 1 0 0 0 0 17 114 42 1 0 112 61 1 0 102 39 1 2 90 56 1 8 114 51 1 52 97 49 1 22 90 38 1
1 61 61 1 0 56 43 1 0 47 55 1 33 57 74 1 0 88 53 1 0 31 49 1 0 0 0 0 45 84 13 1 0 89 39 1 0 75 66 1 11 93 44 1 0 73 60 1 2 84 42 1 20 97 59 1 12 77 85 1 14 32 58 1 0 0 0 0 8 103 49 1 36 93 51 1 0 0 0 0 0 90 92 1 0 78 54 1 14 109 72 1 0 98 78 1 1 106 79 1 0 82 91 1 13 76 86 1 26 95 68 1 0 71 121 1 0 75 76 1 0 98 77 1 36 82 45 1 5 134 42 1 28 87 20 1 0 83 35 1 0 0 0 0 0 59 67 1 29 110 53 1 16 114 69 1 0 100 77 1 3 62 50 1 0 0 0 0 0 66 105 1 88 68 57 1 17 102 2 1 34 74 80 1 7 90 87 1 28 84 15 1 9 74 52 1 0 116 45 1 0 71 45 1 4 74 77 1 0 97 45 1 0 82 46 1 0 102 62 1 0 76 63 1 16 81 51 1 36 113 79 1 23 119 63 1 29 69 37 1 25 76 98 1 16 122 32 1 16 67 43 1 0 0 0 0 8 84 47 1 41 46 33 1 30 80 41 1 5 92 57 1 58 80 81 1
0 0 0 0 0 60 0 1 0 68 69 1 11 51 84 1 33 83 37 1 0 87 59 1 0 55 26 1 0 0 0 0 0 106 42 1 0 78 83 1 2 60 72 1 0 22 51 1 13 96 53 1 0 48 33 1 0 0 0 0 13 58 45 1 0 0 0 0 4 67 83 1 3 58 41 1 41 87 50 1 4 98 64 1 0 70 69 1 1 108 103 1 0 63 67 1 2 80 55 1 0 90 86 1 12 90 51 1 12 59 61 1 26 71 27 1 23 101 32 1 0 58 70 1 21 86 72 1 4 124 53 1 38 76 78 1 28 63 23 1 19 71 37 1 0 68 83 1 0 0 0 0 9 117 61 1 15 59 27 1 6 90 36 1 19 85 51 1 10 62 78 1 0 0 0 0 19 88 26 1 0 105 64 1 44 98 67 1 22 75 79 1 44 80 55 1 0 87 27 1 29 93 70 1 12 68 45 1 28 84 71 1 18 108 30 1 24 58 60 1 23 93 36 1 37 61 40 1 0 0 0 0 10 93 31 1 0 88 40 1 24 110 45 1 17 105 57 1 0 0 0 0 33 98 108 1 8 75 72 1 13 85 28 1 35 92 57 1 0 0 0 0 0 104 81 1
0 0 0 0 3 100 19 1 7 72 101 1 9 100 52 1 11 56 44 1 0 56 63 1 6 109 89 1 0 21 43 1 38 73 88 1 0 112 81 1 26 66 24 1 0 83 59 1 0 83 26 1 0 55 59 1 0 78 60 1 0 109 16 1 0 27 62 1 0 102 25 1 54 50 39 1 0 0 0 0 0 0 0 0 0 87 58 1 2 91 62 1 7 121 79 1 3 91 46 1 16 28 71 1 0 85 40 1 0 75 48 1 0 103 42 1 0 122 48 1 0 0 0 0 0 90 72 1 15 51 88 1 0 78 53 1 19 81 39 1 30 93 84 1 0 0 0 0 0 58 68 1 26 106 52 1 0 39 65 1 0 48 39 1 0 88 53 1 0 77 69 1 0 69 38 1 0 100 22 1 16 83 57 1 12 89 53 1 13 72 28 1 18 71 39 1 0 90 62 1 1 107 90 1 0 98 64 1 0 75 14 1 16 87 48 1 4 59 84 1 19 54 47 1 53 84 71 1 0 99 27 1 28 86 87 1 23 46 43 1 27 75 89 1 1 98 43 1 0 0 0 0 22 53 67 1 16 125 52 1 0 65 84 1 0 115 21 1 14 73 35 1 16 108 92 1
0 0 0 0 25 76 67 1 5 50 46 1 16 89 49 1 0 58 14 1 0 99 55 1 0 79 51 1 0 59 43 1 14 63 82 1 0 83 69 1 0 75 56 1 0 51 34 1 0 86 63 1 28 81 64 1 0 99 40 1 0 75 57 1 0 0 0 0 3 67 60 1 0 0 0 0 0 62 85 1 31 55 51 1 1 105 54 1 0 108 53 1 0 58 70 1 0 90 41 1 13 67 53 1 6 131 68 1 0 101 67 1 18 109 73 1 42 96 82 1 4 64 59 1 12 115 58 1 12 109 73 1 0 72 55 1 15 64 75 1 4 97 73 1 25 64 65 1 2 90 63 1 5 88 65 1 0 0 0 0 0 94 77 1 13 88 33 1 19 115 44 1 17 72 110 1 24 93 52 1 31 63 62 1 43 95 71 1 52 76 61 1 0 0 0 0 48 85 52 1 22 84 36 1 0 103 40 1 28 99 43 1 0 81 83 1 0 80 22 1 3 102 94 1 0 84 54 1 0 0 0 0 0 0 0 0 0 72 54 1 35 90 31 1 33 83 73 1 77 80 53 1 50 79 78 1 33 116 58 1 0 84 27 1 10 109 42 1 0 106 59 1 0 77 74 1
0 0 0 0 0 81 44 1 26 84 71 1 18 65 58 1 0 81 65 1 10 110 36 1 30 58 37 1 0 69 85 1 43 95 26 1 0 95 78 1 6 33 55 1 0 0 0 0 7 95 41 1 0 0 0 0 0 49 56 1 0 61 63 1 0 86 35 1 21 61 52 1 0 110 87 1 0 96 73 1 0 77 87 1 0 82 25 1 0 108 62 1 6 89 43 1 24 109 32 1 57 81 49 1 0 113 51 1 0 95 18 1 0 79 78 1 10 116 95 1 0 63 63 1 19 65 64 1 32 81 78 1 26 114 72 1 26 52 53 1 0 47 50 1 0 56 78 1 9 86 41 1 0 89 71 1 13 108 56 1 14 86 33 1 0 45 41 1 35 80 62 1 53 97 101 1 34 72 49 1 39 98 26 1 31 89 61 1 25 48 26 1 10 116 33 1 7 97 49 1 20 66 48 1 35 84 54 1 0 0 0 0 49 69 48 1 18 114 67 1 16 111 34 1 34 110 53 1 29 86 85 1 63 127 56 1 25 74 52 1 0 0 0 0 42 79 42 1 0 0 0 0 12 60 98 1 0 98 80 1 7 118 40 1 15 85 69 1 59 56 46 1 92 104 44 1
11 66 32 1 0 70 81 1 0 0 0 0 3 88 72 1 0 59 60 1 0 50 75 1 0 70 88 1 0 57 39 1 13 107 103 1 0 63 27 1 0 125 66 1 0 0 0 0 30 96 58 1 17 68 24 1 16 95 32 1 0 0 0 0 21 28 50 1 44 75 48 1 0 77 78 1 9 90 40 1 3 66 40 1 27 114 1 1 16 64 62 1 0 61 79 1 23 51 44 1 15 63 13 1 0 91 61 1 0 109 42 1 2 126 38 1 0 54 53 1 0 86 95 1 3 128 83 1 3 141 69 1 0 57 45 1 24 70 68 1 0 92 73 1 11 93 53 1 0 80 59 1 0 84 71 1 0 114 60 1 7 89 67 1 12 78 64 1 17 66 41 1 19 74 75 1 26 98 74 1 0 91 52 1 8 98 83 1 72 98 70 1 0 84 14 1 25 92 85 1 27 103 68 1 26 47 37 1 34 84 53 1 86 85 59 1 0 93 74 1 15 104 71 1 19 43 74 1 0 80 32 1 30 41 42 1 17 83 62 1 42 70 77 1 5 89 60 1 0 104 69 1 15 85 48 1 17 81 53 1 15 111 89 1 0 0 0 0 62 84 39 1 34 85 38 1
23 81 30 1 0 0 0 0 0 0 0 0 0 64 53 1 16 86 99 1 0 97 53 1 0 0 0 0 15 97 68 1 24 120 43 1 32 90 36 1 0 56 64 1 0 85 63 1 0 79 34 1 0 55 43 1 0 0 0 0 2 101 55 1 0 0 0 0 34 58 35 1 0 97 13 1 0 99 85 1 0 115 39 1 0 125 67 1 8 58 76 1 5 73 56 1 0 0 0 0 0 105 58 1 0 62 81 1 16 67 47 1 9 68 44 1 5 80 58 1 0 105 92 1 15 82 90 1 8 97 93 1 14 146 104 1 15 120 31 1 19 79 31 1 7 76 33 1 0 44 73 1 0 62 56 1 0 130 44 1 0 22 79 1 0 94 30 1 18 44 1 1 0 86 60 1 17 52 63 1 0 81 82 1 21 65 63 1 0 0 0 0 23 67 82 1 30 121 68 1 20 133 47 1 6 104 41 1 0 81 46 1 17 109 56 1 17 115 86 1 3 91 31 1 0 80 88 1 19 98 49 1 0 100 50 1 46 86 54 1 6 98 50 1 84 106 35 1 0 96 72 1 13 97 56 1 39 81 32 1 9 89 45 1 4 94 61 1 31 82 33 1 8 89 55 1
0 0 0 0 3 60 63 1 12 84 11 1 0 0 0 0 0 88 46 1 2 98 42 1 0 84 33 1 0 47 59 1 38 114 71 1 0 90 60 1 10 55 73 1 3 61 91 1 1 114 51 1 0 0 0 0 0 90 30 1 11 69 37 1 0 68 55 1 0 75 71 1 37 77 85 1 14 76 32 1 2 93 59 1 0 0 0 0 0 78 91 1 24 69 45 1 36 44 44 1 6 89 52 1 0 44 25 1 0 81 40 1 19 110 37 1 13 87 53 1 0 0 0 0 0 0 0 0 17 32 50 1 22 85 59 1 7 79 61 1 12 112 75 1 11 103 87 1 0 81 0 1 0 71 64 1 0 86 30 1 22 120 44 1 2 88 47 1 45 46 30 1 24 87 44 1 13 104 94 1 9 113 49 1 0 74 24 1 19 124 0 1 0 75 62 1 14 90 29 1 20 88 25 1 40 117 34 1 24 107 35 1 25 73 15 1 26 46 55 1 5 77 25 1 57 103 45 1 56 75 56 1 6 119 38 1 31 111 60 1 0 0 0 0 0 0 0 0 7 66 30 1 10 86 7 1 66 100 49 1 0 117 104 1 1 59 35 1 0 62 83 1 4 106 35 1
0 95 60 1 13 109 37 1 2 69 93 1 0 80 46 1 0 78 35 1 22 101 76 1 0 73 52 1 0 0 0 0 1 72 29 1 0 0 0 0 0 0 0 0 0 82 54 1 0 102 79 1 9 74 53 1 47 93 77 1 0 102 95 1 0 40 19 1 1 62 44 1 0 65 11 1 34 85 104 1 1 110 54 1 0 95 64 1 56 47 47 1 14 66 74 1 0 124 114 1 0 102 67 1 7 66 63 1 0 59 65 1 17 82 78 1 10 107 45 1 0 68 82 1 14 85 79 1 0 0 0 0 16 106 68 1 7 70 49 1 0 101 57 1 0 111 76 1 5 65 49 1 36 68 13 1 33 54 73 1 15 96 38 1 41 97 42 1 19 58 50 1 21 85 56 1 17 82 59 1 39 62 32 1 24 83 61 1 13 83 58 1 0 57 58 1 20 109 47 1 29 68 64 1 13 103 70 1 16 109 62 1 8 63 77 1 27 76 76 1 33 128 62 1 6 114 74 1 50 108 52 1 41 82 75 1 36 90 66 1 43 133 34 1 0 105 27 1 36 119 27 1 1 124 69 1 32 119 62 1 5 92 75 1 9 106 39 1 0 0 0 0 31 85 51 1
0 0 0 0 0 0 0 0 0 71 41 1 0 64 41 1 45 85 108 1 0 98 72 1 24 89 74 1 20 104 53 1 0 81 59 1 0 55 61 1 11 108 83 1 12 72 102 1 9 79 73 1 39 74 33 1 28 60 42 1 0 87 60 1 32 95 100 1 11 84 67 1 0 69 47 1 0 87 40 1 0 84 42 1 0 88 61 1 29 64 33 1 0 97 80 1 0 67 39 1 0 100 32 1 0 83 49 1 33 105 67 1 0 0 0 0 13 99 64 1 5 85 61 1 0 85 46 1 0 113 68 1 0 0 0 0 31 76 74 1 0 117 79 1 26 117 64 1 0 67 15 1 4 58 32 1 7 130 68 1 0 108 57 1 6 73 40 1 2 72 73 1 46 125 54 1 5 78 63 1 14 72 59 1 41 93 54 1 0 66 71 1 6 114 56 1 0 91 87 1 30 66 18 1 7 85 20 1 41 132 68 1 14 101 72 1 33 88 34 1 42 115 56 1 0 92 84 1 66 74 73 1 0 80 59 1 30 66 55 1 44 45 39 1 41 91 67 1 33 106 56 1 0 0 0 0 0 121 85 1 10 89 47 1 42 94 80 1 12 132 87 1 27 105 62 1
0 0 0 0 0 75 52 1 0 98 0 1 0 35 93 1 20 112 20 1 0 0 0 0 8 95 45 1 0 0 0 0 7 64 58 1 13 77 60 1 0 41 58 1 0 86 54 1 4 62 33 1 0 78 33 1 1 116 37 1 0 77 26 1 0 0 0 0 0 33 38 1 0 132 68 1 0 0 0 0 8 67 62 1 19 51 72 1 8 115 101 1 9 74 70 1 18 108 35 1 0 103 29 1 5 119 77 1 0 63 59 1 4 92 48 1 0 84 60 1 0 71 74 1 35 98 55 1 31 103 30 1 33 89 86 1 0 82 98 1 0 0 0 0 0 94 70 1 0 78 35 1 0 90 31 1 0 106 69 1 0 89 91 1 0 72 70 1 0 69 75 1 3 79 43 1 2 97 32 1 0 79 47 1 0 77 88 1 25 94 22 1 6 69 88 1 0 90 64 1 0 82 59 1 0 104 62 1 10 63 75 1 54 94 58 1 26 85 64 1 11 104 56 1 73 103 42 1 27 124 49 1 72 113 86 1 23 99 81 1 15 104 39 1 0 88 58 1 7 62 59 1 43 105 75 1 37 119 48 1 19 70 41 1 55 133 40 1 25 95 38 1 0 0 0 0