2
119 1575 64 61
11 0 53 1 12 0 76 1 23 36 71 1 38 21 77 1 60 8 104 1 97 91 117 1 81 120 156 1 120 113 165 1 146 169 146 1 187 124 187 1 93 102 153 1 89 70 185 1 0 0 0 0 0 0 0 0 151 135 174 1 0 0 0 0 49 25 101 1 7 38 89 1 0 0 81 1 48 24 60 1 17 0 101 1 43 1 63 1 8 0 89 1 0 16 76 1 38 7 76 1 22 14 85 1 0 0 0 0 41 49 83 1 31 17 96 1 19 11 96 1 5 0 57 1 22 11 54 1 11 22 97 1 0 0 65 1 0 14 47 1 0 0 70 1 47 61 107 1 111 107 155 1 136 154 177 1 151 155 164 1 109 83 107 1 118 115 133 1 186 112 178 1 107 147 205 1 153 159 187 1 130 137 178 1 78 59 90 1 36 47 98 1 36 0 79 1 12 0 43 1 16 20 100 1 13 43 93 1 46 48 106 1 35 28 115 1 52 27 94 1 20 33 66 1 0 0 89 1 33 22 84 1 6 35 96 1 30 42 70 1 0 0 0 0
0 0 0 0 32 37 103 1 33 52 73 1 11 0 102 1 31 27 84 1 38 26 62 1 49 47 95 1 85 77 111 1 0 0 0 0 168 149 208 1 0 0 0 0 0 0 0 0 150 155 179 1 182 165 220 1 103 144 111 1 18 59 133 1 15 0 84 1 0 0 0 0 12 12 104 1 30 31 73 1 0 21 91 1 12 9 71 1 27 8 93 1 17 31 80 1 30 64 101 1 9 37 85 1 0 3 91 1 2 9 69 1 42 33 52 1 0 0 48 1 0 5 99 1 0 14 40 1 4 20 59 1 28 9 90 1 37 25 92 1 36 16 48 1 53 11 101 1 107 74 105 1 84 69 110 1 183 174 146 1 133 125 121 1 71 77 100 1 79 100 100 1 92 90 128 1 135 161 177 1 137 154 182 1 78 56 88 1 52 10 65 1 32 37 71 1 46 31 64 1 40 15 112 1 48 45 73 1 57 20 103 1 20 30 113 1 16 32 65 1 56 6 84 1 26 8 78 1 8 22 75 1 40 35 27 1 0 49 94 1 0 0 0 0
58 0 36 1 22 39 50 1 47 20 77 1 16 3 62 1 25 11 92 1 3 48 80 1 55 65 51 1 86 93 120 1 0 0 0 0 0 0 0 0 188 201 232 1 159 172 192 1 144 169 145 1 109 94 122 1 96 59 109 1 3 0 101 1 41 39 90 1 0 0 0 0 9 27 102 1 20 16 121 1 3 38 54 1 39 30 68 1 26 12 100 1 0 0 0 0 19 47 75 1 25 6 71 1 0 0 0 0 39 28 110 1 0 11 103 1 0 29 89 1 0 24 49 1 0 35 108 1 0 10 80 1 15 6 28 1 65 0 92 1 30 20 67 1 30 66 114 1 48 23 96 1 77 2 66 1 100 82 153 1 171 147 143 1 69 82 146 1 31 54 93 1 41 15 103 1 47 154 115 1 0 0 0 0 69 42 81 1 56 11 87 1 0 0 0 0 14 28 89 1 17 2 117 1 38 11 83 1 21 29 76 1 0 12 89 1 0 0 0 0 0 0 79 1 13 0 78 1 24 20 48 1 13 33 39 1 0 0 67 1 17 0 62 1
0 0 0 0 0 0 0 0 0 0 0 0 27 0 70 1 27 23 90 1 64 60 81 1 7 77 73 1 52 84 128 1 160 117 183 1 148 163 131 1 174 150 180 1 153 177 155 1 149 160 154 1 90 103 144 1 76 70 141 1 28 25 140 1 19 37 89 1 18 0 125 1 0 61 50 1 15 31 44 1 0 0 117 1 30 28 76 1 5 43 74 1 3 10 79 1 39 5 110 1 22 0 105 1 16 36 107 1 25 0 92 1 24 22 93 1 0 0 0 0 0 0 70 1 2 30 54 1 0 0 0 0 9 28 90 1 31 3 69 1 26 0 75 1 1 3 57 1 49 16 78 1 50 20 94 1 0 0 0 0 117 90 108 1 128 146 156 1 58 59 129 1 22 0 47 1 0 0 0 0 1 42 98 1 1 28 77 1 26 50 119 1 13 40 85 1 10 9 121 1 33 38 42 1 31 2 69 1 0 0 0 0 0 47 110 1 63 50 77 1 49 8 85 1 0 0 0 0 0 0 56 1 13 25 101 1 43 0 51 1 44 2 52 1
0 0 0 0 0 0 41 1 0 0 0 0 0 0 56 1 0 57 97 1 0 0 0 0 53 2 73 1 48 47 115 1 116 109 171 1 145 160 176 1 117 164 147 1 151 121 140 1 132 159 180 1 145 136 148 1 89 107 161 1 67 13 126 1 54 14 62 1 43 44 102 1 4 36 78 1 23 47 122 1 24 24 67 1 46 8 80 1 8 45 70 1 11 50 68 1 0 90 57 1 17 0 88 1 42 38 82 1 20 37 67 1 0 0 0 0 73 0 108 1 22 3 44 1 0 0 90 1 0 0 0 0 0 14 93 1 21 0 77 1 44 40 68 1 60 18 82 1 0 0 0 0 56 23 77 1 53 39 78 1 80 43 99 1 141 175 184 1 86 138 123 1 58 56 121 1 22 52 97 1 54 41 131 1 31 23 113 1 0 0 0 0 32 31 88 1 40 30 88 1 58 15 72 1 29 27 125 1 50 54 82 1 0 0 0 0 0 0 0 0 0 3 105 1 25 27 113 1 68 61 94 1 82 87 141 1 26 19 67 1 3 0 66 1
32 6 51 1 2 0 57 1 0 0 61 1 18 0 55 1 0 0 0 0 55 39 113 1 14 10 95 1 73 33 36 1 0 0 0 0 150 126 173 1 161 161 185 1 140 139 172 1 140 184 151 1 137 98 164 1 64 28 124 1 32 2 108 1 0 6 125 1 2 18 109 1 0 22 82 1 9 34 112 1 13 3 93 1 23 0 96 1 20 16 105 1 0 0 0 0 50 0 104 1 19 0 103 1 15 14 99 1 37 55 80 1 2 5 66 1 38 31 135 1 19 33 77 1 6 25 34 1 17 36 55 1 23 2 79 1 23 22 74 1 0 0 0 0 85 75 135 1 66 40 57 1 64 29 78 1 62 53 122 1 22 92 131 1 76 32 135 1 79 101 132 1 47 79 115 1 0 0 0 0 55 72 125 1 0 0 0 0 0 26 105 1 35 57 101 1 0 0 122 1 15 41 83 1 22 35 141 1 34 41 112 1 6 47 94 1 21 15 63 1 37 2 91 1 41 39 89 1 99 112 122 1 0 0 0 0 40 59 122 1 6 62 68 1
0 20 82 1 41 19 93 1 23 34 85 1 0 0 43 1 0 0 0 0 9 17 82 1 41 7 13 1 19 27 69 1 109 90 17 1 103 98 141 1 188 124 208 1 125 134 187 1 118 154 156 1 0 0 0 0 26 31 79 1 29 40 143 1 36 38 114 1 16 17 42 1 0 39 109 1 40 10 76 1 47 12 95 1 0 14 76 1 0 0 0 0 16 26 111 1 0 24 87 1 35 24 126 1 0 46 66 1 35 19 99 1 35 9 46 1 42 0 112 1 21 19 87 1 5 35 72 1 7 8 88 1 9 22 97 1 7 47 57 1 89 90 74 1 119 163 160 1 138 155 161 1 111 135 156 1 72 86 92 1 37 36 92 1 0 21 63 1 76 75 93 1 63 0 86 1 16 24 102 1 25 32 117 1 50 2 23 1 19 0 68 1 48 49 63 1 32 42 92 1 29 25 61 1 3 35 79 1 44 19 96 1 44 62 85 1 13 46 105 1 8 30 62 1 49 28 54 1 70 110 89 1 85 91 146 1 29 35 52 1 3 0 100 1
38 15 71 1 12 4 68 1 0 28 89 1 0 0 102 1 24 3 60 1 17 15 57 1 24 0 67 1 0 0 0 0 38 64 71 1 79 76 133 1 0 0 0 0 127 105 206 1 0 0 0 0 82 112 146 1 39 52 88 1 65 18 89 1 45 25 79 1 39 13 120 1 24 3 79 1 23 75 94 1 48 8 94 1 50 44 100 1 0 33 87 1 20 25 80 1 43 36 68 1 35 14 86 1 19 30 98 1 45 2 74 1 21 38 81 1 23 38 110 1 0 7 84 1 21 63 98 1 0 0 0 0 18 28 83 1 67 49 142 1 0 0 0 0 0 0 0 0 218 170 225 1 161 163 222 1 75 99 113 1 118 78 74 1 53 6 83 1 74 33 140 1 53 36 124 1 43 59 104 1 0 0 0 0 0 28 64 1 45 47 74 1 34 17 71 1 50 57 77 1 15 6 82 1 13 9 87 1 50 34 96 1 29 29 118 1 74 25 101 1 62 71 101 1 73 44 72 1 129 133 105 1 118 118 149 1 77 42 132 1 18 8 103 1
40 15 109 1 0 0 0 0 0 2 65 1 0 0 72 1 58 1 53 1 28 47 86 1 27 48 56 1 0 6 56 1 34 8 61 1 41 56 86 1 84 119 141 1 83 72 94 1 66 79 103 1 45 32 65 1 0 11 65 1 0 0 47 1 52 25 78 1 19 21 98 1 18 8 114 1 50 0 75 1 0 0 0 0 0 0 0 0 36 39 81 1 44 1 74 1 20 29 85 1 0 32 64 1 40 15 59 1 4 48 113 1 0 16 66 1 28 24 111 1 22 0 84 1 35 56 75 1 21 34 98 1 28 60 32 1 105 104 161 1 220 224 248 1 169 216 220 1 184 208 188 1 194 225 239 1 125 133 185 1 48 79 141 1 50 67 95 1 64 75 166 1 81 58 151 1 0 4 93 1 35 38 51 1 33 40 115 1 20 0 85 1 15 11 67 1 33 38 85 1 0 26 106 1 60 44 88 1 58 43 90 1 49 28 103 1 157 136 133 1 131 183 168 1 102 145 162 1 119 110 143 1 161 143 219 1 126 117 165 1 48 46 68 1
23 29 63 1 0 0 0 0 11 12 110 1 26 18 66 1 16 17 55 1 52 0 74 1 30 16 79 1 0 6 73 1 23 51 82 1 14 15 87 1 0 0 0 0 22 72 112 1 0 55 94 1 44 13 90 1 3 26 80 1 28 9 81 1 41 0 121 1 51 38 122 1 0 0 0 0 24 40 84 1 0 0 0 0 30 48 64 1 21 0 87 1 39 26 90 1 22 4 83 1 0 23 75 1 39 11 84 1 0 0 94 1 0 0 78 1 30 13 68 1 35 43 95 1 31 47 41 1 52 77 102 1 0 0 0 0 166 184 201 1 249 226 213 1 234 218 255 1 231 231 233 1 199 221 255 1 180 180 211 1 47 0 90 1 57 75 81 1 121 133 193 1 90 118 122 1 31 29 108 1 24 42 109 1 7 38 74 1 22 7 80 1 54 26 95 1 6 4 73 1 46 52 99 1 15 14 79 1 9 58 103 1 70 61 137 1 183 138 155 1 249 188 222 1 158 180 173 1 197 176 208 1 211 194 201 1 152 127 154 1 68 69 106 1
25 61 109 1 0 0 0 0 0 1 68 1 56 0 81 1 5 2 77 1 23 57 44 1 0 0 0 0 64 79 124 1 54 49 104 1 21 34 31 1 9 63 92 1 24 34 73 1 19 2 90 1 37 8 96 1 0 11 110 1 26 27 46 1 0 22 87 1 31 40 112 1 5 25 108 1 46 16 77 1 22 6 87 1 7 6 90 1 44 39 74 1 0 43 88 1 18 0 81 1 35 5 88 1 54 31 82 1 51 10 84 1 67 0 124 1 50 38 64 1 24 35 114 1 49 44 84 1 44 38 48 1 0 0 0 0 207 222 232 1 0 0 0 0 195 196 222 1 218 232 207 1 243 186 198 1 140 160 196 1 56 100 112 1 72 75 121 1 116 135 167 1 116 118 141 1 33 56 90 1 85 41 63 1 0 0 75 1 0 0 0 0 0 0 0 0 57 21 81 1 32 9 61 1 22 13 89 1 33 19 92 1 0 0 0 0 0 0 0 0 172 220 225 1 222 224 197 1 206 218 190 1 209 173 200 1 200 174 208 1 71 84 131 1
0 0 0 0 41 0 44 1 29 33 61 1 22 29 14 1 34 0 93 1 24 22 32 1 18 49 114 1 59 29 115 1 43 50 115 1 43 3 71 1 40 48 92 1 32 33 68 1 28 6 110 1 37 6 75 1 21 0 94 1 44 0 90 1 19 0 115 1 36 22 103 1 24 36 40 1 15 31 105 1 49 0 92 1 23 26 54 1 61 15 88 1 0 27 108 1 19 64 91 1 43 11 45 1 33 40 115 1 43 33 115 1 0 4 107 1 0 0 0 0 32 49 28 1 11 30 65 1 22 44 83 1 107 109 137 1 169 220 193 1 233 218 201 1 201 195 226 1 222 215 217 1 179 174 171 1 54 77 115 1 114 118 177 1 134 139 171 1 83 65 104 1 59 81 167 1 38 57 69 1 6 13 80 1 18 11 89 1 46 29 118 1 20 0 91 1 27 11 51 1 37 48 95 1 19 0 65 1 22 32 84 1 75 31 107 1 125 79 145 1 134 133 146 1 159 166 200 1 203 209 217 1 205 244 233 1 158 157 206 1 89 83 126 1
0 0 0 0 31 22 68 1 10 8 54 1 25 3 120 1 58 0 88 1 18 0 87 1 64 48 132 1 55 26 123 1 37 59 97 1 0 66 74 1 48 8 77 1 0 0 0 0 31 7 99 1 34 21 66 1 27 0 100 1 0 19 88 1 29 10 51 1 36 17 121 1 0 2 121 1 17 0 62 1 24 49 100 1 40 22 91 1 25 32 93 1 7 0 78 1 4 28 53 1 39 35 111 1 42 7 86 1 15 32 86 1 11 20 65 1 38 0 86 1 3 0 68 1 50 21 90 1 0 38 88 1 72 65 141 1 196 178 184 1 0 0 0 0 255 237 237 1 181 233 199 1 132 146 176 1 47 61 108 1 103 86 143 1 173 186 208 1 64 86 94 1 13 0 68 1 47 21 89 1 60 5 93 1 12 54 116 1 61 50 76 1 0 7 28 1 24 8 79 1 28 29 76 1 5 0 95 1 21 43 57 1 9 6 73 1 21 18 61 1 133 128 100 1 215 207 190 1 194 206 209 1 147 158 189 1 92 82 107 1 72 32 73 1
20 9 83 1 61 18 93 1 2 42 84 1 18 30 85 1 0 54 90 1 23 29 111 1 55 48 68 1 16 21 89 1 29 32 90 1 32 52 99 1 0 0 0 0 31 25 66 1 23 8 83 1 25 20 80 1 37 24 62 1 15 0 87 1 0 0 0 0 0 0 77 1 25 26 96 1 21 16 70 1 22 23 103 1 32 18 82 1 28 36 96 1 0 0 0 0 25 22 92 1 0 0 0 0 45 47 96 1 28 36 69 1 0 0 55 1 2 0 35 1 0 0 69 1 30 6 88 1 59 46 74 1 84 48 84 1 180 185 196 1 231 224 255 1 191 198 247 1 202 214 218 1 0 0 0 0 44 64 115 1 85 98 167 1 138 173 151 1 96 47 140 1 28 0 42 1 0 30 71 1 0 0 0 0 30 39 86 1 34 21 79 1 0 0 50 1 0 0 0 0 26 12 59 1 0 0 119 1 0 0 0 0 33 51 116 1 0 0 0 0 60 117 130 1 159 202 165 1 120 124 193 1 68 90 122 1 0 0 0 0 9 42 93 1
14 33 87 1 34 9 87 1 38 22 97 1 36 0 84 1 27 0 65 1 33 0 90 1 59 7 111 1 0 18 90 1 28 76 112 1 0 0 0 0 25 77 110 1 3 13 99 1 8 53 35 1 50 7 59 1 13 0 97 1 23 35 76 1 13 0 89 1 3 39 42 1 27 0 86 1 55 31 38 1 0 6 39 1 12 31 70 1 8 24 69 1 24 13 88 1 0 0 0 0 75 80 82 1 22 41 83 1 15 27 34 1 6 0 44 1 0 0 64 1 0 7 28 1 0 0 0 0 53 35 64 1 84 64 88 1 123 74 172 1 173 201 202 1 228 203 191 1 119 154 188 1 84 118 123 1 17 14 89 1 75 41 117 1 59 108 75 1 27 55 120 1 24 28 116 1 20 30 63 1 37 31 70 1 38 0 96 1 0 0 69 1 9 21 34 1 1 0 11 1 0 0 0 0 22 18 77 1 38 1 81 1 42 5 76 1 25 33 82 1 20 6 80 1 50 73 100 1 41 61 103 1 32 57 71 1 39 28 99 1 19 14 85 1
12 43 78 1 26 33 82 1 12 29 91 1 37 0 97 1 12 19 70 1 18 37 85 1 23 33 68 1 0 0 0 0 34 0 104 1 31 4 86 1 3 12 88 1 27 73 65 1 29 22 100 1 32 45 99 1 12 8 83 1 0 9 81 1 0 0 0 0 0 0 0 0 61 0 101 1 0 0 0 0 23 17 85 1 0 0 0 0 9 11 97 1 50 19 67 1 51 43 101 1 74 38 131 1 19 18 81 1 24 32 66 1 0 11 70 1 0 0 55 1 31 11 63 1 11 1 36 1 22 65 57 1 114 87 152 1 120 135 199 1 186 145 214 1 149 139 147 1 137 135 181 1 49 107 94 1 0 0 0 0 26 43 96 1 42 43 58 1 0 0 0 0 70 88 111 1 43 47 97 1 47 30 135 1 0 0 0 0 15 24 61 1 0 3 70 1 0 0 0 0 38 15 78 1 59 0 70 1 0 0 0 0 19 0 91 1 0 3 108 1 10 22 63 1 0 9 71 1 34 49 80 1 42 0 81 1 26 32 117 1 12 6 66 1
62 12 87 1 20 42 70 1 60 41 89 1 40 0 73 1 61 23 123 1 0 0 0 0 38 11 86 1 8 0 82 1 46 3 71 1 22 30 91 1 43 0 85 1 34 0 88 1 28 0 111 1 26 24 103 1 17 43 98 1 36 0 98 1 15 33 119 1 0 0 0 0 0 38 87 1 0 34 127 1 31 6 70 1 0 0 0 0 5 42 70 1 18 22 106 1 0 31 96 1 23 19 53 1 0 0 0 0 0 19 79 1 0 0 50 1 23 0 28 1 0 0 43 1 0 0 0 0 38 0 51 1 63 77 123 1 72 54 112 1 104 97 89 1 75 99 133 1 88 105 170 1 11 37 81 1 58 38 111 1 44 46 98 1 20 29 73 1 46 42 155 1 30 47 133 1 28 32 75 1 7 27 76 1 18 5 82 1 22 74 118 1 31 10 50 1 13 7 77 1 0 0 57 1 0 0 70 1 5 0 82 1 3 6 76 1 54 0 98 1 57 11 115 1 9 13 67 1 7 51 101 1 64 25 51 1 0 25 110 1 28 48 122 1
10 0 68 1 4 0 64 1 48 21 77 1 4 11 97 1 0 0 0 0 0 0 0 0 30 19 119 1 0 58 76 1 0 0 94 1 31 16 74 1 36 55 137 1 59 58 99 1 35 32 102 1 37 6 75 1 0 0 0 0 34 16 61 1 58 24 86 1 0 67 47 1 52 49 109 1 43 45 76 1 48 32 125 1 21 4 112 1 37 16 101 1 12 43 49 1 41 50 70 1 29 34 91 1 17 0 85 1 0 0 44 1 0 34 76 1 10 1 29 1 0 0 0 0 0 0 60 1 49 51 115 1 36 15 80 1 0 17 95 1 0 63 60 1 11 29 108 1 27 63 50 1 61 39 71 1 11 29 77 1 27 12 81 1 54 1 98 1 48 29 73 1 0 0 0 0 49 0 107 1 26 29 68 1 12 26 106 1 0 31 75 1 26 39 57 1 0 7 46 1 2 27 44 1 0 0 81 1 11 0 83 1 24 29 85 1 0 31 98 1 15 19 83 1 24 20 87 1 33 29 117 1 17 50 103 1 14 2 97 1 25 0 79 1
4 17 58 1 0 29 73 1 1 31 90 1 62 64 84 1 40 3 120 1 58 37 103 1 31 38 76 1 24 27 114 1 0 0 0 0 50 53 92 1 31 0 53 1 8 13 80 1 57 48 110 1 23 29 99 1 14 16 87 1 39 19 76 1 30 38 63 1 16 8 56 1 26 29 76 1 70 67 97 1 40 79 95 1 71 73 98 1 36 63 110 1 0 0 0 0 72 16 73 1 34 17 67 1 37 1 100 1 0 50 66 1 0 0 44 1 8 0 54 1 0 20 58 1 13 11 78 1 47 47 82 1 13 47 78 1 23 34 67 1 4 0 110 1 26 36 122 1 0 0 0 0 45 6 94 1 3 11 87 1 73 46 108 1 24 57 54 1 107 79 119 1 0 0 0 0 83 63 116 1 86 82 95 1 33 43 99 1 0 0 0 0 17 8 95 1 0 0 87 1 9 28 36 1 31 0 92 1 43 5 128 1 31 70 78 1 7 57 141 1 33 22 99 1 3 15 78 1 12 31 89 1 41 58 46 1 41 37 98 1 15 23 83 1
13 24 91 1 17 0 83 1 0 0 84 1 28 20 128 1 31 29 133 1 0 0 0 0 35 23 118 1 42 56 70 1 4 88 108 1 52 44 71 1 8 49 108 1 31 38 83 1 72 35 111 1 76 66 112 1 69 59 104 1 56 70 90 1 24 11 71 1 50 26 86 1 0 0 0 0 67 54 106 1 65 95 121 1 80 48 93 1 49 10 94 1 0 0 0 0 3 47 120 1 57 6 75 1 18 21 112 1 22 39 108 1 11 0 65 1 2 0 62 1 10 32 70 1 4 21 62 1 29 15 72 1 42 0 96 1 43 50 66 1 0 29 72 1 8 47 70 1 19 35 111 1 26 20 108 1 20 66 97 1 104 110 159 1 152 103 122 1 225 180 208 1 0 0 0 0 161 185 206 1 67 74 111 1 65 38 50 1 0 0 0 0 26 39 75 1 0 0 90 1 16 0 129 1 0 8 76 1 37 32 91 1 59 14 59 1 6 7 116 1 16 30 103 1 10 40 109 1 19 41 68 1 41 22 97 1 0 0 0 0 11 35 107 1
38 7 116 1 8 29 79 1 0 25 76 1 0 0 0 0 6 14 68 1 17 42 81 1 55 33 88 1 11 17 97 1 25 34 79 1 34 53 77 1 20 42 96 1 87 97 142 1 76 126 104 1 110 99 175 1 0 0 0 0 88 111 67 1 29 60 113 1 73 52 96 1 78 41 93 1 103 81 102 1 59 88 95 1 0 0 0 0 30 22 96 1 6 34 98 1 1 47 88 1 8 21 88 1 20 45 71 1 62 27 115 1 41 40 114 1 17 52 73 1 5 15 48 1 31 27 37 1 14 31 109 1 33 10 75 1 28 31 85 1 4 21 56 1 0 0 0 0 41 49 63 1 33 48 103 1 0 0 0 0 156 136 173 1 166 233 218 1 208 223 193 1 218 185 229 1 146 176 183 1 88 64 123 1 29 59 125 1 23 0 61 1 1 17 106 1 42 42 148 1 52 40 128 1 20 10 70 1 48 0 115 1 40 43 109 1 17 16 115 1 0 10 95 1 0 31 90 1 33 0 81 1 38 3 108 1 9 4 78 1 20 13 64 1
79 32 102 1 26 32 120 1 0 79 75 1 0 0 0 0 46 6 105 1 16 15 74 1 25 18 53 1 12 29 91 1 16 41 97 1 30 24 75 1 24 21 86 1 92 101 118 1 108 110 131 1 89 64 162 1 67 64 124 1 34 31 65 1 13 35 96 1 112 116 97 1 110 49 126 1 106 49 121 1 0 0 0 0 95 70 140 1 71 77 84 1 11 37 76 1 4 11 66 1 0 0 0 0 4 45 104 1 23 70 105 1 62 67 92 1 0 0 0 0 11 35 62 1 0 31 73 1 0 0 0 0 4 27 124 1 37 4 76 1 0 0 0 0 0 8 92 1 42 8 83 1 0 11 74 1 51 119 107 1 163 132 178 1 167 183 183 1 213 183 213 1 205 178 225 1 80 84 102 1 0 35 56 1 12 1 77 1 67 16 35 1 41 5 86 1 57 30 91 1 32 24 80 1 18 34 98 1 43 27 130 1 9 13 124 1 25 42 116 1 19 42 116 1 19 29 81 1 27 36 99 1 18 13 112 1 53 49 69 1 14 15 110 1
0 0 0 0 37 29 96 1 10 33 80 1 16 45 99 1 0 0 66 1 0 37 110 1 37 22 90 1 9 44 131 1 0 0 0 0 14 34 79 1 45 68 115 1 0 0 0 0 72 70 149 1 11 52 142 1 66 17 77 1 20 15 72 1 31 41 58 1 73 113 98 1 131 170 168 1 0 0 0 0 82 127 173 1 39 68 135 1 56 54 106 1 0 1 93 1 46 23 61 1 23 45 106 1 45 12 69 1 30 35 105 1 11 12 86 1 33 43 54 1 0 6 94 1 12 12 114 1 14 0 75 1 23 30 97 1 11 41 118 1 42 0 71 1 31 7 104 1 62 10 43 1 6 64 60 1 57 104 127 1 137 112 203 1 138 135 170 1 159 105 168 1 191 137 180 1 92 96 113 1 0 0 0 0 66 73 68 1 29 27 62 1 45 26 89 1 0 6 48 1 0 32 74 1 27 38 106 1 0 25 87 1 22 49 99 1 46 20 103 1 19 6 44 1 0 0 0 0 27 57 74 1 0 0 0 0 49 39 146 1 21 15 91 1
0 12 81 1 42 29 104 1 0 0 0 0 6 23 105 1 3 9 82 1 0 0 0 0 22 10 74 1 31 41 92 1 14 10 107 1 0 0 0 0 43 72 119 1 95 122 151 1 74 31 90 1 1 2 68 1 35 33 51 1 7 60 151 1 60 67 135 1 0 0 0 0 124 147 158 1 147 159 203 1 80 85 90 1 27 46 98 1 31 52 89 1 0 57 48 1 79 114 148 1 88 54 116 1 0 56 86 1 0 23 73 1 44 38 102 1 56 73 98 1 0 0 0 0 38 1 81 1 0 0 61 1 36 3 78 1 14 42 88 1 53 14 103 1 11 1 83 1 19 36 76 1 27 33 75 1 48 51 117 1 39 47 138 1 110 70 155 1 44 50 94 1 64 49 120 1 81 62 102 1 113 64 139 1 69 111 100 1 20 65 111 1 45 38 78 1 30 44 111 1 54 113 102 1 91 59 87 1 28 76 56 1 5 20 122 1 26 10 80 1 49 52 62 1 1 0 99 1 11 15 97 1 32 7 105 1 66 38 104 1 47 8 73 1
38 13 54 1 40 0 71 1 2 35 86 1 33 35 69 1 0 7 72 1 0 0 81 1 0 0 0 0 0 0 0 0 0 0 0 0 39 58 78 1 0 0 0 0 44 40 66 1 33 58 63 1 8 8 79 1 33 22 100 1 66 88 120 1 0 0 0 0 123 123 164 1 134 135 161 1 106 49 170 1 96 54 139 1 17 50 105 1 37 31 130 1 80 44 133 1 144 165 226 1 128 124 191 1 35 28 124 1 0 0 0 0 71 59 138 1 95 112 207 1 127 100 153 1 0 0 0 0 0 24 100 1 22 20 95 1 0 0 0 0 2 0 47 1 0 0 67 1 37 0 87 1 0 22 104 1 0 0 0 0 22 10 91 1 26 53 96 1 34 30 75 1 73 67 121 1 134 80 147 1 131 111 159 1 56 42 113 1 0 8 108 1 36 70 130 1 126 142 135 1 152 122 193 1 138 121 158 1 0 0 0 0 4 13 64 1 0 0 66 1 27 45 105 1 19 22 99 1 0 0 0 0 63 31 89 1 0 0 0 0 21 0 106 1
0 0 0 0 28 26 109 1 0 0 53 1 0 0 0 0 14 30 106 1 0 42 95 1 14 23 77 1 7 18 79 1 0 0 79 1 48 22 117 1 47 22 127 1 0 0 0 0 0 0 0 0 45 38 114 1 27 9 79 1 107 102 120 1 136 164 168 1 0 0 0 0 0 0 0 0 100 146 172 1 33 14 72 1 47 86 112 1 112 166 147 1 161 157 176 1 117 176 166 1 77 85 130 1 0 0 0 0 86 63 144 1 141 142 130 1 165 185 202 1 149 147 185 1 54 39 120 1 38 1 101 1 12 15 100 1 2 2 56 1 29 17 86 1 2 20 52 1 24 31 69 1 6 34 97 1 16 1 59 1 10 46 120 1 81 58 148 1 107 100 126 1 0 0 0 0 105 98 116 1 34 75 114 1 53 46 130 1 119 94 111 1 154 180 189 1 175 157 210 1 98 125 168 1 139 141 148 1 105 85 105 1 26 14 77 1 0 43 67 1 33 23 82 1 50 8 79 1 47 22 107 1 5 6 72 1 22 38 93 1 64 30 101 1
33 54 124 1 0 0 109 1 41 40 66 1 6 24 58 1 0 3 97 1 2 15 114 1 30 3 71 1 50 39 99 1 10 1 95 1 40 12 86 1 0 83 62 1 0 0 0 0 31 41 98 1 3 7 54 1 3 0 74 1 0 0 0 0 0 0 0 0 104 98 119 1 36 39 101 1 58 74 85 1 119 50 156 1 142 84 128 1 221 201 225 1 191 186 225 1 214 191 220 1 108 115 116 1 107 108 146 1 63 35 85 1 112 115 104 1 148 163 192 1 109 130 157 1 133 115 140 1 58 35 102 1 3 54 68 1 7 0 29 1 14 3 87 1 0 0 0 0 5 0 65 1 10 22 114 1 28 60 82 1 45 84 95 1 90 121 159 1 192 194 230 1 201 156 219 1 106 132 185 1 87 86 159 1 86 72 124 1 113 134 135 1 0 0 0 0 217 201 218 1 182 160 184 1 129 117 161 1 56 95 155 1 38 35 59 1 26 12 111 1 31 0 62 1 11 19 96 1 17 40 80 1 61 32 92 1 9 36 67 1 0 53 106 1
26 65 89 1 10 16 75 1 53 1 66 1 2 16 95 1 15 0 72 1 0 0 0 0 5 48 73 1 29 0 90 1 39 37 82 1 33 0 102 1 19 0 103 1 10 22 33 1 34 0 64 1 0 18 62 1 0 38 72 1 23 76 92 1 28 65 135 1 22 39 96 1 54 54 71 1 20 33 62 1 57 82 139 1 146 103 196 1 211 175 214 1 159 198 191 1 138 179 255 1 155 180 208 1 132 145 179 1 72 137 152 1 104 112 136 1 127 136 185 1 155 166 173 1 110 122 161 1 79 55 105 1 26 0 48 1 0 0 55 1 0 0 0 0 0 0 65 1 60 0 45 1 19 20 90 1 60 37 97 1 49 44 102 1 80 115 180 1 166 130 215 1 174 158 178 1 108 119 146 1 53 49 123 1 67 119 142 1 0 0 0 0 0 0 0 0 166 169 225 1 151 137 174 1 120 155 171 1 91 83 104 1 0 0 0 0 32 35 52 1 8 0 81 1 2 47 72 1 25 0 71 1 37 0 96 1 56 17 80 1 56 43 116 1
7 53 63 1 8 24 70 1 7 31 99 1 23 59 51 1 0 0 0 0 0 12 101 1 26 0 72 1 44 0 98 1 59 8 100 1 70 0 71 1 18 3 58 1 0 10 110 1 9 0 56 1 0 41 66 1 4 21 66 1 40 23 81 1 26 11 73 1 37 5 69 1 29 16 116 1 24 8 118 1 39 94 97 1 105 111 100 1 42 94 131 1 74 38 98 1 95 43 99 1 129 135 150 1 91 135 103 1 0 0 0 0 207 210 205 1 147 131 131 1 192 106 171 1 0 0 0 0 9 21 101 1 25 26 127 1 20 35 50 1 32 34 66 1 26 9 43 1 11 13 93 1 32 4 76 1 6 23 73 1 69 73 125 1 95 124 125 1 184 154 198 1 187 152 134 1 0 0 0 0 98 83 118 1 145 148 195 1 188 201 186 1 217 195 208 1 211 226 217 1 214 202 220 1 151 148 201 1 118 119 121 1 55 60 81 1 48 27 88 1 40 30 95 1 45 28 91 1 36 47 85 1 12 73 96 1 19 32 73 1 37 69 152 1
0 21 115 1 54 36 88 1 0 44 78 1 0 0 0 0 4 57 70 1 31 17 60 1 17 44 123 1 33 0 112 1 0 0 0 0 0 9 97 1 24 0 87 1 19 1 93 1 22 0 76 1 37 24 80 1 0 23 91 1 56 8 79 1 42 10 101 1 13 19 64 1 15 6 78 1 76 62 108 1 45 92 142 1 0 64 86 1 35 30 67 1 50 39 86 1 76 51 132 1 95 104 149 1 0 0 0 0 116 133 150 1 208 166 204 1 118 139 153 1 152 126 189 1 103 118 117 1 20 38 60 1 45 13 130 1 43 25 83 1 49 13 110 1 0 0 0 0 21 34 76 1 34 5 85 1 31 3 99 1 54 67 136 1 104 109 115 1 191 159 172 1 161 114 176 1 135 129 151 1 159 114 144 1 196 179 255 1 238 255 209 1 229 190 199 1 219 233 190 1 220 219 214 1 205 119 234 1 136 113 144 1 40 42 129 1 54 13 81 1 55 24 123 1 0 32 59 1 6 19 64 1 4 41 81 1 0 0 0 0 126 149 212 1
9 43 53 1 12 21 98 1 21 32 54 1 0 6 88 1 36 48 102 1 0 0 0 0 0 24 100 1 12 14 101 1 51 22 77 1 0 0 0 0 0 0 0 0 9 21 65 1 17 0 35 1 0 33 92 1 0 28 88 1 0 0 0 0 0 0 64 1 21 0 47 1 45 21 74 1 108 113 124 1 82 133 129 1 85 63 83 1 0 46 78 1 4 33 63 1 0 77 122 1 132 121 146 1 87 134 150 1 0 0 0 0 111 119 156 1 144 153 194 1 126 165 198 1 75 60 89 1 56 36 138 1 56 63 153 1 15 45 90 1 29 55 94 1 35 12 65 1 27 25 60 1 0 43 117 1 39 0 61 1 15 44 89 1 129 98 154 1 137 114 132 1 121 132 134 1 78 106 163 1 140 79 152 1 190 232 189 1 199 190 242 1 187 243 212 1 217 196 207 1 196 203 209 1 179 203 240 1 108 136 146 1 26 15 76 1 29 38 71 1 17 0 40 1 0 0 0 0 0 0 0 0 31 55 62 1 132 113 194 1 209 255 207 1
27 38 91 1 0 8 100 1 0 68 116 1 0 0 0 0 0 6 94 1 58 22 39 1 38 20 127 1 28 14 85 1 34 0 90 1 0 0 0 0 57 12 116 1 0 0 0 0 19 33 120 1 40 0 39 1 39 39 113 1 33 24 80 1 7 11 92 1 16 0 74 1 17 15 103 1 0 0 0 0 60 57 91 1 60 2 99 1 1 0 69 1 0 11 40 1 21 5 117 1 72 71 148 1 127 84 132 1 101 150 177 1 126 103 102 1 128 88 159 1 83 151 138 1 43 96 118 1 51 102 110 1 86 55 76 1 37 11 78 1 45 21 86 1 58 47 97 1 0 7 53 1 13 30 77 1 0 0 0 0 0 51 74 1 111 67 147 1 98 83 135 1 0 0 0 0 0 0 0 0 208 136 167 1 190 138 184 1 122 117 156 1 181 203 232 1 218 171 195 1 216 209 216 1 176 180 208 1 92 84 152 1 26 65 102 1 47 48 78 1 6 6 35 1 0 13 35 1 0 1 41 1 29 25 70 1 146 128 134 1 166 166 172 1
15 42 97 1 45 17 89 1 58 25 120 1 25 29 80 1 24 1 88 1 9 33 76 1 40 27 117 1 0 0 0 0 0 0 0 0 0 53 102 1 63 47 86 1 38 12 44 1 24 58 95 1 6 0 92 1 25 0 49 1 0 13 88 1 0 0 71 1 0 0 85 1 26 10 97 1 29 43 59 1 52 47 108 1 2 26 52 1 18 8 77 1 0 13 100 1 39 32 56 1 42 78 120 1 118 88 132 1 79 72 123 1 102 69 151 1 119 101 143 1 77 93 155 1 118 112 187 1 79 131 120 1 0 11 60 1 29 2 101 1 41 52 91 1 55 72 102 1 32 0 50 1 15 39 98 1 0 32 78 1 0 27 69 1 70 107 165 1 57 69 111 1 68 79 70 1 173 93 163 1 132 113 140 1 86 62 104 1 95 51 148 1 156 166 140 1 214 255 236 1 159 196 166 1 126 157 183 1 85 68 108 1 0 0 0 0 0 0 62 1 10 0 49 1 0 0 75 1 0 0 0 0 53 34 87 1 113 90 135 1 126 174 196 1
19 15 126 1 40 12 70 1 0 0 0 0 19 75 108 1 51 16 121 1 37 15 72 1 48 32 105 1 102 105 114 1 71 145 111 1 54 55 90 1 24 0 77 1 0 0 0 0 0 0 0 0 58 0 79 1 29 35 77 1 0 11 77 1 0 0 0 0 22 16 105 1 6 4 106 1 50 37 101 1 47 34 92 1 64 52 131 1 53 41 105 1 0 34 53 1 14 13 54 1 34 54 75 1 33 10 119 1 52 41 63 1 55 38 104 1 86 71 145 1 133 154 203 1 119 127 186 1 71 52 136 1 38 42 86 1 29 40 97 1 0 5 31 1 39 22 18 1 50 2 20 1 0 0 0 0 47 106 117 1 20 4 56 1 83 56 86 1 0 0 0 0 53 71 53 1 165 105 117 1 144 115 153 1 68 33 83 1 74 40 95 1 77 66 128 1 161 103 199 1 0 0 0 0 0 0 0 0 50 15 66 1 32 0 84 1 23 18 93 1 71 31 139 1 84 24 140 1 0 0 0 0 6 0 34 1 72 83 118 1 38 29 96 1
50 7 92 1 20 8 33 1 31 57 111 1 43 56 106 1 59 53 118 1 21 48 70 1 135 96 133 1 126 126 175 1 140 136 128 1 78 16 127 1 23 35 81 1 0 23 95 1 27 43 96 1 0 0 89 1 0 0 55 1 55 53 106 1 38 4 70 1 60 13 101 1 57 23 90 1 27 38 86 1 6 43 110 1 100 64 110 1 0 0 0 0 0 17 73 1 0 17 135 1 51 21 55 1 46 37 80 1 23 34 100 1 51 64 139 1 115 131 160 1 172 119 191 1 136 163 150 1 0 0 0 0 15 0 42 1 32 40 98 1 0 0 95 1 2 7 24 1 45 24 27 1 63 41 154 1 134 98 161 1 48 77 79 1 38 8 87 1 58 32 118 1 49 0 55 1 106 81 110 1 81 74 176 1 0 0 0 0 14 15 100 1 41 16 134 1 0 0 0 0 46 84 88 1 0 0 0 0 54 38 121 1 56 99 101 1 142 151 154 1 111 132 159 1 136 87 145 1 11 45 66 1 0 24 71 1 0 0 0 0 60 36 70 1
32 14 95 1 47 46 57 1 29 31 65 1 63 40 85 1 40 5 85 1 28 35 106 1 92 59 134 1 120 112 183 1 122 157 182 1 79 88 103 1 0 24 53 1 0 0 107 1 53 27 109 1 0 0 0 0 0 64 65 1 32 52 92 1 46 40 88 1 36 43 87 1 69 31 83 1 29 23 69 1 23 0 118 1 69 44 108 1 16 65 89 1 0 3 92 1 0 0 0 0 31 1 82 1 54 10 81 1 6 0 88 1 0 0 0 0 66 100 152 1 114 120 170 1 70 90 164 1 0 61 105 1 39 37 51 1 14 21 112 1 63 14 99 1 66 60 143 1 119 65 137 1 57 29 92 1 66 37 99 1 34 54 131 1 0 60 61 1 16 49 89 1 0 0 0 0 32 0 107 1 38 53 111 1 24 32 70 1 0 0 0 0 14 37 97 1 52 29 96 1 104 54 115 1 81 121 174 1 130 165 156 1 216 176 190 1 194 159 199 1 171 139 165 1 146 146 138 1 111 98 137 1 54 87 104 1 41 38 102 1 109 76 129 1
57 70 99 1 88 58 116 1 59 65 103 1 16 33 78 1 108 64 106 1 97 98 155 1 103 80 135 1 127 122 141 1 149 111 148 1 105 106 120 1 61 46 98 1 8 33 94 1 34 0 100 1 43 0 68 1 52 0 77 1 33 56 102 1 0 37 46 1 5 21 61 1 22 35 62 1 33 18 86 1 7 57 82 1 14 10 58 1 20 42 47 1 8 2 56 1 24 25 90 1 41 22 51 1 76 32 87 1 15 23 66 1 16 14 24 1 69 22 137 1 85 67 128 1 61 0 99 1 6 0 74 1 46 10 67 1 59 25 98 1 33 56 77 1 148 122 169 1 88 126 150 1 70 43 109 1 0 24 50 1 0 17 32 1 0 12 83 1 0 0 0 0 37 0 67 1 0 5 67 1 0 0 0 0 31 0 81 1 41 16 76 1 0 48 91 1 31 29 118 1 84 64 117 1 137 176 183 1 221 171 242 1 198 218 239 1 172 158 209 1 172 155 161 1 222 232 212 1 219 157 183 1 138 161 169 1 124 114 174 1 135 141 125 1
170 138 190 1 154 174 188 1 124 151 152 1 171 145 178 1 135 179 187 1 187 153 193 1 132 156 201 1 150 164 161 1 144 124 177 1 72 109 155 1 0 0 0 0 54 38 62 1 49 57 113 1 59 39 79 1 45 41 105 1 74 29 83 1 30 46 69 1 72 69 111 1 86 76 86 1 76 65 150 1 93 40 99 1 50 9 103 1 9 24 104 1 0 38 78 1 0 46 88 1 38 0 102 1 31 30 78 1 54 27 101 1 13 25 76 1 5 13 98 1 36 4 82 1 52 28 68 1 19 37 108 1 0 0 0 0 39 17 64 1 44 41 107 1 0 0 0 0 84 22 120 1 0 0 0 0 9 6 65 1 20 15 67 1 0 0 73 1 32 0 106 1 1 0 51 1 45 33 70 1 45 26 98 1 13 32 72 1 0 0 0 0 33 30 134 1 1 6 121 1 41 52 93 1 110 108 137 1 0 0 0 0 155 101 114 1 130 121 137 1 167 185 183 1 228 200 214 1 237 255 229 1 191 229 237 1 190 167 180 1 95 93 149 1
0 0 0 0 246 221 255 1 242 234 226 1 236 210 217 1 214 236 234 1 236 237 231 1 233 237 251 1 183 178 220 1 78 96 143 1 78 72 146 1 27 54 131 1 47 60 140 1 14 27 93 1 43 31 110 1 94 41 138 1 45 59 135 1 77 0 105 1 84 124 190 1 0 0 0 0 198 163 141 1 0 0 0 0 96 86 96 1 10 15 108 1 3 9 82 1 0 0 0 0 7 29 67 1 18 17 41 1 62 25 62 1 46 44 56 1 30 6 70 1 23 2 81 1 27 33 118 1 39 39 52 1 0 13 78 1 26 26 82 1 16 20 107 1 0 0 0 0 25 0 72 1 32 17 74 1 12 46 103 1 35 60 100 1 0 27 109 1 0 8 106 1 0 0 89 1 28 0 129 1 24 34 77 1 39 4 85 1 18 14 82 1 26 0 59 1 17 31 127 1 69 23 115 1 69 65 115 1 133 111 145 1 88 133 149 1 71 74 121 1 97 94 133 1 132 118 205 1 0 0 0 0 226 191 229 1 160 160 131 1 65 67 92 1
228 185 231 1 202 235 255 1 231 212 208 1 185 214 154 1 0 0 0 0 190 220 185 1 219 184 214 1 224 195 200 1 111 146 129 1 0 0 0 0 75 57 101 1 71 42 125 1 0 0 0 0 22 3 70 1 0 0 0 0 24 49 109 1 93 66 147 1 151 131 176 1 118 147 161 1 0 0 0 0 106 110 144 1 0 0 0 0 0 0 0 0 41 0 118 1 0 0 76 1 56 14 101 1 68 0 61 1 0 60 88 1 39 6 53 1 41 0 84 1 6 39 55 1 0 0 0 0 24 28 56 1 0 0 54 1 14 46 62 1 21 19 94 1 9 8 107 1 3 11 66 1 0 18 60 1 11 0 108 1 52 25 136 1 35 19 108 1 4 4 124 1 24 22 115 1 0 67 118 1 0 27 99 1 26 58 77 1 21 70 53 1 12 26 52 1 56 65 99 1 92 64 118 1 91 86 105 1 142 155 187 1 127 115 148 1 72 72 122 1 92 111 113 1 0 0 0 0 134 106 123 1 182 220 216 1 165 164 178 1 126 132 132 1
204 166 226 1 208 245 255 1 255 255 232 1 232 208 200 1 193 209 167 1 215 205 213 1 235 232 244 1 215 238 208 1 158 154 162 1 29 33 108 1 76 70 92 1 70 68 118 1 53 61 109 1 0 35 64 1 16 36 62 1 50 79 114 1 156 150 223 1 0 0 0 0 0 0 0 0 109 133 104 1 96 154 172 1 101 59 163 1 33 28 56 1 0 11 74 1 0 6 58 1 77 0 90 1 0 8 86 1 11 60 69 1 8 34 92 1 36 32 55 1 1 5 74 1 12 37 76 1 0 18 67 1 7 8 61 1 41 42 116 1 46 21 95 1 0 53 78 1 46 54 85 1 14 20 58 1 2 56 114 1 29 43 99 1 26 0 84 1 34 17 103 1 53 40 99 1 0 2 65 1 33 72 70 1 96 93 112 1 49 76 110 1 0 0 0 0 0 37 69 1 123 131 180 1 0 0 0 0 103 119 118 1 105 126 142 1 129 114 143 1 106 149 182 1 169 187 190 1 117 123 151 1 152 132 125 1 171 176 191 1 142 131 174 1
101 121 172 1 151 153 157 1 224 229 255 1 200 197 196 1 160 140 135 1 197 215 227 1 198 187 255 1 178 146 241 1 131 138 152 1 46 48 143 1 80 58 117 1 20 40 120 1 62 50 128 1 0 0 0 0 25 49 96 1 48 72 91 1 121 101 133 1 97 97 175 1 73 66 123 1 0 0 0 0 30 35 99 1 16 40 72 1 23 30 101 1 27 5 90 1 0 3 65 1 35 19 81 1 29 35 104 1 0 24 106 1 27 9 72 1 5 0 75 1 22 67 33 1 28 19 76 1 27 27 115 1 18 0 90 1 63 19 113 1 6 59 96 1 10 43 107 1 43 50 66 1 0 0 0 0 0 0 0 0 31 9 82 1 48 21 116 1 11 10 104 1 36 17 138 1 31 0 59 1 48 43 82 1 118 144 168 1 0 0 0 0 0 26 52 1 5 47 89 1 47 55 119 1 121 144 199 1 56 70 128 1 0 0 0 0 170 142 128 1 170 165 208 1 207 182 220 1 162 221 199 1 184 199 224 1 162 207 240 1 173 176 201 1
51 53 70 1 177 169 209 1 170 137 176 1 92 142 137 1 116 134 124 1 186 191 197 1 122 154 174 1 99 70 136 1 81 100 144 1 60 47 121 1 66 13 46 1 39 47 83 1 0 20 39 1 25 25 51 1 30 16 25 1 60 17 104 1 39 79 112 1 86 111 104 1 23 55 70 1 0 0 0 0 22 14 27 1 17 12 89 1 8 13 93 1 0 0 94 1 18 8 59 1 38 0 86 1 35 32 104 1 35 40 76 1 42 31 102 1 43 22 69 1 39 21 78 1 10 42 122 1 23 27 76 1 0 0 0 0 36 13 72 1 52 0 104 1 0 0 0 0 0 0 0 0 5 16 77 1 25 59 106 1 8 11 121 1 14 32 86 1 31 49 107 1 62 54 116 1 37 24 66 1 71 48 80 1 153 102 151 1 108 83 183 1 0 11 79 1 26 24 89 1 64 26 125 1 89 60 114 1 14 55 95 1 0 0 0 0 136 168 175 1 133 149 178 1 186 200 197 1 0 0 0 0 195 179 146 1 125 131 133 1 132 118 148 1
0 2 57 1 145 130 147 1 139 115 147 1 64 93 111 1 105 115 94 1 102 143 132 1 0 0 0 0 21 16 45 1 67 24 86 1 48 25 59 1 70 37 93 1 5 21 50 1 8 22 94 1 57 15 82 1 103 18 94 1 19 44 77 1 22 28 125 1 44 64 110 1 28 33 75 1 8 30 57 1 11 36 115 1 0 26 87 1 31 52 89 1 0 9 87 1 47 22 106 1 0 0 58 1 20 36 119 1 19 27 136 1 4 12 71 1 25 31 88 1 19 21 79 1 58 1 72 1 15 21 105 1 28 11 85 1 4 45 63 1 74 16 91 1 11 0 75 1 10 0 102 1 22 36 92 1 28 33 92 1 0 0 0 0 30 0 77 1 27 17 88 1 82 85 127 1 88 97 163 1 99 128 154 1 142 102 159 1 101 109 120 1 76 85 112 1 0 0 0 0 19 0 72 1 45 42 76 1 20 0 79 1 84 38 107 1 64 96 162 1 109 87 129 1 106 126 157 1 167 146 159 1 197 138 139 1 41 55 81 1 6 17 87 1
0 24 21 1 31 27 85 1 55 33 114 1 31 94 131 1 69 71 101 1 92 74 98 1 23 0 78 1 21 59 99 1 33 12 63 1 0 0 0 0 20 8 59 1 0 0 0 0 33 0 71 1 43 42 95 1 53 75 98 1 85 40 107 1 12 47 111 1 19 30 93 1 0 0 0 0 25 0 66 1 37 53 71 1 34 38 111 1 32 30 103 1 0 2 71 1 57 10 92 1 30 50 69 1 13 9 113 1 23 0 98 1 32 26 79 1 49 49 92 1 32 37 95 1 1 0 50 1 18 7 88 1 0 0 62 1 25 26 61 1 23 31 123 1 0 14 47 1 53 35 92 1 28 21 99 1 3 29 121 1 24 27 90 1 22 34 106 1 0 48 95 1 26 68 92 1 26 31 110 1 99 69 112 1 0 0 0 0 138 113 116 1 48 35 113 1 74 19 79 1 44 0 53 1 19 0 74 1 35 43 97 1 71 93 104 1 101 90 145 1 54 45 67 1 112 70 114 1 101 122 179 1 0 0 0 0 98 81 141 1 67 59 120 1
5 10 57 1 0 29 89 1 63 34 106 1 9 16 100 1 3 20 51 1 8 9 116 1 66 49 105 1 35 36 101 1 56 17 101 1 6 17 88 1 0 45 67 1 0 18 83 1 9 5 48 1 32 4 76 1 31 49 39 1 60 61 89 1 0 0 0 0 15 12 79 1 18 15 67 1 23 42 42 1 23 10 110 1 14 3 84 1 0 0 0 0 0 0 0 0 37 18 77 1 25 48 102 1 23 0 85 1 0 0 65 1 0 2 70 1 34 40 75 1 38 64 61 1 0 0 0 0 55 0 75 1 0 43 123 1 31 28 119 1 0 33 98 1 58 20 89 1 21 35 62 1 0 41 81 1 9 18 54 1 21 40 72 1 44 25 65 1 60 43 100 1 77 86 153 1 24 69 107 1 68 103 86 1 113 113 115 1 90 88 138 1 29 11 77 1 0 8 62 1 0 14 59 1 0 34 60 1 0 35 71 1 62 79 112 1 131 141 166 1 78 30 128 1 48 29 99 1 0 0 0 0 154 144 197 1 105 111 142 1 97 16 81 1
29 16 57 1 0 0 99 1 63 30 120 1 51 21 102 1 0 57 72 1 0 20 94 1 0 0 0 0 0 0 0 0 39 26 68 1 38 17 95 1 0 0 75 1 11 36 48 1 29 2 85 1 45 13 62 1 0 0 0 0 0 0 0 0 38 52 86 1 6 51 92 1 16 66 96 1 22 24 92 1 58 20 79 1 32 15 65 1 0 21 96 1 20 7 90 1 24 22 89 1 5 32 103 1 60 32 88 1 0 0 0 0 46 76 95 1 49 68 101 1 43 69 80 1 24 60 102 1 7 20 55 1 21 47 115 1 31 16 109 1 0 4 38 1 4 18 76 1 39 21 90 1 5 43 71 1 52 37 62 1 0 0 0 0 0 22 75 1 29 37 78 1 81 73 150 1 46 72 147 1 121 139 149 1 178 133 175 1 0 0 0 0 51 2 43 1 18 23 75 1 0 0 0 0 0 0 0 0 21 10 81 1 62 50 94 1 104 127 124 1 0 0 0 0 72 21 41 1 41 36 76 1 47 1 74 1 35 48 126 1 31 69 99 1
31 0 80 1 14 0 81 1 39 9 110 1 24 6 75 1 33 8 103 1 66 17 92 1 5 41 106 1 0 0 0 0 87 112 137 1 38 37 83 1 25 30 70 1 0 33 127 1 30 23 83 1 43 0 85 1 42 39 84 1 51 31 102 1 3 8 76 1 68 25 78 1 7 8 88 1 13 23 92 1 0 0 0 0 34 40 115 1 44 0 98 1 10 34 138 1 42 41 135 1 21 36 129 1 0 0 0 0 92 134 132 1 105 72 143 1 69 87 106 1 134 86 177 1 97 57 116 1 28 26 99 1 82 56 78 1 0 29 73 1 0 0 0 0 35 21 94 1 48 38 74 1 8 10 87 1 19 35 92 1 8 11 72 1 3 51 95 1 36 7 74 1 26 44 105 1 0 0 0 0 0 0 0 0 59 50 96 1 31 18 32 1 12 8 103 1 27 0 86 1 79 83 132 1 118 147 166 1 117 125 119 1 135 145 207 1 162 112 165 1 101 97 133 1 0 49 109 1 40 21 99 1 0 8 61 1 59 30 76 1 104 108 119 1
0 0 0 0 26 57 96 1 45 18 100 1 72 16 99 1 22 25 69 1 75 38 91 1 30 0 43 1 12 47 102 1 100 74 115 1 61 77 138 1 50 51 96 1 22 19 98 1 47 21 83 1 8 34 103 1 20 15 80 1 9 40 87 1 45 3 116 1 32 0 76 1 0 0 108 1 35 0 98 1 19 3 91 1 25 11 80 1 39 8 111 1 0 0 0 0 12 51 101 1 7 5 64 1 0 0 0 0 122 103 156 1 67 78 166 1 100 84 79 1 141 179 166 1 164 182 211 1 102 131 194 1 48 45 125 1 54 67 65 1 59 20 82 1 0 0 0 0 7 11 80 1 26 0 64 1 37 60 76 1 7 9 73 1 18 42 80 1 36 0 87 1 35 20 87 1 24 9 93 1 4 23 72 1 43 25 56 1 0 25 81 1 52 29 160 1 128 111 140 1 143 184 185 1 0 0 0 0 120 105 117 1 107 123 160 1 0 0 0 0 66 62 117 1 95 54 125 1 10 11 116 1 29 51 99 1 76 20 83 1 101 84 127 1
43 2 118 1 0 28 98 1 86 82 94 1 23 9 84 1 40 24 43 1 60 59 92 1 10 16 79 1 0 18 65 1 11 10 81 1 51 20 123 1 24 0 108 1 9 22 60 1 47 27 129 1 43 33 58 1 9 24 51 1 12 9 81 1 48 11 105 1 9 21 58 1 41 59 101 1 5 30 82 1 2 32 131 1 50 27 88 1 40 43 122 1 8 39 90 1 0 0 0 0 44 2 128 1 19 65 115 1 0 0 0 0 74 74 110 1 136 125 150 1 0 0 0 0 159 167 215 1 161 217 222 1 125 65 172 1 0 0 0 0 42 21 59 1 0 0 0 0 39 35 120 1 30 0 91 1 44 34 75 1 60 30 97 1 0 0 0 0 40 35 90 1 23 6 70 1 10 74 99 1 21 50 111 1 44 15 97 1 0 0 0 0 57 47 71 1 120 110 157 1 164 118 170 1 151 168 187 1 75 53 121 1 0 0 0 0 23 49 98 1 104 125 155 1 190 172 205 1 89 163 159 1 0 0 0 0 55 58 137 1 57 71 125 1
33 47 115 1 85 95 110 1 133 89 166 1 0 0 0 0 0 0 0 0 0 0 0 0 0 0 0 0 37 57 119 1 40 10 67 1 29 15 92 1 0 0 0 0 14 21 127 1 36 31 103 1 26 18 106 1 41 43 75 1 35 0 82 1 0 0 0 0 0 12 107 1 28 0 88 1 71 46 84 1 9 60 117 1 0 0 71 1 19 19 93 1 31 24 64 1 40 48 77 1 60 40 84 1 26 4 110 1 47 54 85 1 28 18 90 1 102 59 109 1 174 174 219 1 181 200 193 1 193 188 216 1 122 84 143 1 18 15 107 1 14 37 88 1 33 60 91 1 53 24 69 1 56 41 77 1 50 68 145 1 106 110 157 1 19 12 69 1 36 44 109 1 0 42 112 1 36 57 79 1 35 31 113 1 73 16 91 1 20 42 115 1 38 72 99 1 138 164 176 1 180 137 217 1 131 111 120 1 31 49 100 1 3 30 105 1 125 148 181 1 94 173 208 1 142 135 137 1 96 101 154 1 0 0 0 0 114 102 154 1 95 70 128 1
50 53 115 1 65 69 119 1 0 0 0 0 65 89 97 1 0 0 0 0 20 23 80 1 0 28 111 1 47 27 76 1 0 0 98 1 0 9 85 1 10 31 80 1 19 0 117 1 26 21 100 1 0 0 0 0 42 45 59 1 23 9 91 1 55 35 46 1 12 24 74 1 44 0 84 1 0 16 74 1 27 1 39 1 7 56 64 1 24 9 95 1 22 61 62 1 41 49 108 1 91 66 119 1 92 119 154 1 101 115 179 1 53 61 92 1 51 74 40 1 133 106 145 1 176 178 172 1 162 182 214 1 97 81 150 1 70 32 95 1 26 22 50 1 29 12 69 1 37 43 57 1 49 51 105 1 154 112 177 1 108 114 121 1 23 31 91 1 48 42 109 1 11 36 99 1 0 0 60 1 39 31 78 1 29 42 101 1 8 32 60 1 42 54 123 1 68 56 140 1 84 101 103 1 41 11 84 1 46 26 82 1 44 59 130 1 134 114 177 1 153 135 183 1 105 112 149 1 35 62 87 1 0 0 0 0 119 128 165 1 0 0 0 0
21 53 112 1 42 0 65 1 60 86 104 1 32 0 38 1 5 8 74 1 15 47 76 1 46 45 105 1 45 0 67 1 0 14 71 1 14 6 54 1 0 13 69 1 0 0 0 0 39 58 106 1 45 19 77 1 0 18 115 1 51 0 108 1 26 15 75 1 0 0 0 0 0 3 70 1 25 56 109 1 13 0 56 1 47 25 93 1 32 38 94 1 10 44 82 1 35 28 104 1 96 108 115 1 165 171 176 1 171 224 221 1 105 126 184 1 108 135 106 1 117 114 131 1 130 123 115 1 141 156 145 1 115 146 167 1 134 106 129 1 36 21 85 1 15 3 63 1 62 0 74 1 58 107 144 1 104 122 177 1 88 91 135 1 87 117 189 1 69 80 123 1 26 55 98 1 10 0 58 1 45 13 89 1 31 43 92 1 25 0 60 1 36 19 76 1 41 66 115 1 20 46 107 1 69 57 131 1 20 36 113 1 16 66 99 1 0 0 0 0 132 81 137 1 150 134 171 1 71 55 122 1 72 88 121 1 135 133 113 1 100 86 120 1
38 16 84 1 17 0 86 1 10 13 63 1 24 17 81 1 0 0 0 0 0 0 0 0 44 0 107 1 41 16 84 1 32 34 89 1 24 49 106 1 12 20 112 1 0 32 85 1 9 35 101 1 0 13 98 1 21 0 65 1 21 12 103 1 7 31 85 1 55 54 72 1 22 54 107 1 9 6 69 1 19 30 90 1 0 26 98 1 3 61 95 1 10 0 70 1 0 59 77 1 95 112 99 1 141 145 151 1 142 172 181 1 200 193 199 1 190 175 186 1 181 198 187 1 214 222 239 1 229 222 255 1 216 202 226 1 185 190 196 1 58 80 145 1 69 27 93 1 17 0 82 1 75 125 130 1 169 130 194 1 150 141 149 1 147 176 215 1 172 146 186 1 100 96 158 1 0 0 0 0 15 0 74 1 21 20 43 1 30 47 91 1 52 4 95 1 41 25 97 1 46 20 104 1 70 33 110 1 88 73 116 1 66 75 131 1 63 30 112 1 42 64 126 1 102 136 168 1 101 136 111 1 85 56 105 1 32 53 80 1 20 27 70 1
44 33 83 1 5 17 76 1 2 33 72 1 36 15 55 1 4 5 72 1 34 6 72 1 36 5 109 1 21 48 108 1 71 46 108 1 1 21 117 1 34 6 84 1 38 19 145 1 0 0 0 0 62 9 58 1 11 14 66 1 16 29 78 1 16 35 61 1 0 30 68 1 0 37 68 1 32 43 103 1 0 0 0 0 0 0 0 0 47 52 114 1 53 20 73 1 46 31 104 1 0 0 0 0 90 133 97 1 150 132 129 1 162 174 191 1 242 198 198 1 0 0 0 0 0 0 0 0 225 214 201 1 156 200 196 1 183 176 225 1 75 89 90 1 20 29 93 1 6 71 80 1 111 100 154 1 142 117 224 1 0 0 0 0 177 192 185 1 211 234 204 1 0 0 0 0 79 53 81 1 14 0 90 1 24 0 132 1 10 52 74 1 15 41 73 1 0 8 68 1 2 40 121 1 40 26 99 1 29 33 77 1 15 35 117 1 55 68 135 1 21 49 111 1 123 113 155 1 89 85 146 1 57 44 60 1 17 42 69 1 3 17 71 1
0 47 87 1 24 39 80 1 2 32 85 1 40 31 97 1 28 0 111 1 25 27 95 1 27 59 82 1 42 22 98 1 43 19 122 1 21 18 75 1 0 0 0 0 15 35 73 1 3 11 87 1 46 32 110 1 52 0 86 1 41 37 59 1 24 73 77 1 0 0 0 0 40 26 126 1 32 47 87 1 48 37 96 1 57 57 120 1 27 0 99 1 33 22 105 1 43 29 93 1 108 121 149 1 115 124 160 1 148 196 156 1 182 178 210 1 216 222 221 1 227 200 197 1 179 172 188 1 195 229 182 1 161 184 209 1 146 214 175 1 59 76 124 1 54 49 84 1 59 99 143 1 168 167 203 1 135 129 208 1 130 169 177 1 0 0 0 0 181 215 184 1 171 127 153 1 0 0 0 0 36 6 96 1 48 40 117 1 40 20 92 1 21 0 64 1 24 24 77 1 21 50 98 1 46 0 113 1 17 28 111 1 40 54 60 1 0 0 0 0 47 46 88 1 29 40 100 1 75 31 76 1 16 3 71 1 0 0 0 0 50 45 79 1
22 24 73 1 25 63 79 1 0 0 80 1 20 43 97 1 47 8 102 1 15 0 111 1 30 36 59 1 23 43 92 1 0 42 81 1 0 0 116 1 22 40 81 1 2 34 81 1 0 0 0 0 0 0 0 0 33 45 57 1 80 40 90 1 33 21 84 1 0 0 0 0 37 27 72 1 15 30 58 1 21 17 80 1 27 19 80 1 45 59 60 1 0 10 83 1 0 0 0 0 112 89 115 1 83 115 147 1 171 172 199 1 149 189 194 1 209 225 216 1 146 114 163 1 145 94 172 1 148 146 201 1 145 143 180 1 123 131 201 1 54 79 107 1 2 42 109 1 31 61 91 1 54 71 116 1 111 104 142 1 149 170 154 1 194 209 228 1 197 170 211 1 128 146 125 1 45 46 61 1 50 0 108 1 30 0 126 1 7 22 55 1 9 0 66 1 74 0 90 1 0 0 0 0 0 0 0 0 22 20 100 1 40 58 85 1 0 0 0 0 46 35 87 1 32 34 118 1 44 30 116 1 30 23 85 1 0 0 0 0 94 44 103 1
56 56 97 1 22 0 108 1 30 36 84 1 39 48 114 1 25 54 80 1 39 67 96 1 66 0 87 1 38 20 108 1 12 5 83 1 14 44 79 1 0 60 81 1 65 44 102 1 0 0 0 0 50 40 122 1 18 16 89 1 43 35 45 1 75 71 133 1 25 38 128 1 0 36 71 1 7 6 94 1 7 0 33 1 0 10 68 1 33 18 104 1 37 8 68 1 8 6 108 1 16 46 71 1 6 28 95 1 85 31 122 1 121 95 179 1 189 184 183 1 216 185 217 1 153 153 165 1 91 88 167 1 86 92 127 1 153 162 183 1 94 108 121 1 28 11 58 1 37 23 108 1 41 16 142 1 66 108 135 1 132 119 175 1 161 137 189 1 121 114 162 1 114 132 137 1 89 75 87 1 37 14 97 1 8 9 82 1 23 30 103 1 3 8 98 1 28 0 86 1 23 28 115 1 25 16 114 1 23 23 61 1 37 22 61 1 80 81 147 1 103 134 169 1 69 36 106 1 35 0 79 1 27 42 102 1 12 0 62 1 0 0 0 0
14 37 52 1 24 49 105 1 26 18 114 1 0 0 58 1 16 54 56 1 23 54 80 1 33 35 115 1 70 32 118 1 43 58 70 1 38 63 117 1 28 70 114 1 35 2 70 1 27 26 122 1 58 43 124 1 26 0 97 1 19 43 129 1 58 84 130 1 38 27 143 1 0 0 0 0 0 0 48 1 0 21 70 1 18 0 79 1 15 13 76 1 14 52 46 1 0 24 80 1 20 22 49 1 7 0 65 1 31 0 78 1 106 74 109 1 188 201 190 1 177 219 216 1 225 213 226 1 210 231 219 1 127 164 182 1 151 198 197 1 61 92 121 1 0 38 83 1 31 15 54 1 77 51 104 1 54 93 123 1 75 89 173 1 117 76 147 1 99 146 192 1 149 126 190 1 100 99 132 1 11 43 70 1 51 10 64 1 26 36 88 1 0 25 80 1 15 0 75 1 33 24 116 1 55 12 90 1 15 76 55 1 49 82 83 1 0 0 0 0 81 91 163 1 49 112 95 1 18 74 100 1 68 66 135 1 0 0 0 0 32 49 96 1
0 0 0 0 31 56 66 1 3 65 83 1 41 59 98 1 23 70 60 1 45 50 111 1 79 94 166 1 124 66 136 1 76 73 151 1 149 154 154 1 139 172 170 1 90 64 131 1 120 86 145 1 118 132 212 1 78 71 128 1 97 65 155 1 13 38 116 1 53 65 83 1 0 0 86 1 33 9 89 1 19 0 81 1 0 0 0 0 0 3 36 1 7 0 19 1 25 31 48 1 27 0 48 1 5 6 85 1 2 4 54 1 66 64 89 1 183 161 152 1 196 200 213 1 206 216 237 1 185 176 236 1 145 132 181 1 58 105 114 1 34 48 89 1 28 57 52 1 20 53 72 1 37 84 70 1 39 8 85 1 46 58 119 1 27 44 76 1 67 46 107 1 103 32 150 1 44 23 115 1 35 15 76 1 52 12 67 1 0 0 0 0 40 15 102 1 24 28 73 1 0 0 99 1 61 25 116 1 16 0 84 1 16 23 100 1 73 81 102 1 63 53 112 1 0 0 0 0 53 45 116 1 88 85 162 1 0 0 0 0 0 0 0 0
0 0 0 0 0 0 0 0 73 37 100 1 120 145 186 1 146 142 172 1 49 102 105 1 48 68 134 1 36 74 90 1 105 111 153 1 176 165 181 1 169 179 189 1 113 128 180 1 120 142 181 1 168 169 237 1 112 129 133 1 125 154 188 1 0 0 0 0 13 17 120 1 46 46 89 1 27 19 54 1 9 0 59 1 0 0 0 0 0 0 27 1 0 8 60 1 34 31 49 1 0 4 71 1 12 31 73 1 47 18 87 1 76 56 103 1 92 118 106 1 0 0 0 0 186 185 212 1 156 156 192 1 26 7 113 1 60 79 68 1 76 78 103 1 28 57 81 1 50 52 82 1 78 85 117 1 93 54 112 1 39 39 123 1 8 38 69 1 0 0 71 1 8 29 48 1 25 21 108 1 30 19 108 1 0 11 67 1 0 0 0 0 16 24 81 1 31 0 63 1 22 59 74 1 40 0 52 1 0 0 0 0 4 39 111 1 38 4 92 1 37 33 78 1 13 41 78 1 0 0 0 0 61 31 85 1 22 52 98 1 23 53 114 1
28 26 87 1 88 88 105 1 69 126 196 1 194 155 245 1 215 195 165 1 0 0 0 0 80 78 87 1 95 43 126 1 172 155 211 1 206 191 214 1 153 145 211 1 183 180 201 1 174 180 218 1 0 0 0 0 165 133 193 1 88 78 98 1 0 0 0 0 112 86 96 1 36 64 114 1 9 44 70 1 0 0 0 0 6 14 92 1 12 34 101 1 0 0 0 0 6 0 75 1 20 44 80 1 67 21 81 1 40 0 89 1 68 59 110 1 106 127 152 1 135 171 202 1 154 104 159 1 0 0 0 0 61 64 81 1 112 136 149 1 149 156 173 1 158 132 171 1 123 93 136 1 86 61 97 1 86 84 95 1 58 65 85 1 0 20 122 1 63 12 115 1 0 26 112 1 38 35 104 1 33 0 90 1 0 25 66 1 22 0 45 1 68 29 79 1 0 24 86 1 0 0 0 0 0 0 0 0 26 44 97 1 0 31 76 1 22 14 68 1 34 13 55 1 19 46 107 1 34 44 93 1 30 7 79 1 17 38 65 1 52 34 132 1
27 69 110 1 26 78 44 1 114 111 151 1 207 170 187 1 122 129 195 1 54 82 113 1 67 38 122 1 121 96 175 1 114 153 171 1 186 212 186 1 212 225 201 1 165 171 198 1 190 193 223 1 208 215 224 1 203 198 229 1 144 158 172 1 122 124 143 1 120 104 180 1 81 103 153 1 61 9 91 1 59 25 105 1 0 19 23 1 0 0 71 1 12 35 5 1 51 0 75 1 23 47 81 1 15 21 93 1 20 6 47 1 87 83 132 1 174 226 234 1 228 162 253 1 0 0 0 0 41 93 144 1 98 111 136 1 139 119 192 1 137 123 199 1 98 109 127 1 31 29 40 1 71 13 67 1 31 48 103 1 28 50 87 1 73 39 94 1 55 40 87 1 44 17 86 1 12 0 32 1 54 20 84 1 40 39 53 1 28 0 61 1 0 17 52 1 7 44 23 1 46 32 106 1 36 26 72 1 19 39 62 1 50 29 94 1 37 22 70 1 0 0 0 0 0 29 94 1 16 0 59 1 15 29 114 1 25 14 102 1 0 40 89 1
0 4 83 1 72 56 87 1 83 111 144 1 131 154 157 1 131 142 172 1 0 0 0 0 72 66 147 1 64 89 148 1 112 91 147 1 113 191 154 1 0 0 0 0 195 191 186 1 142 122 166 1 174 160 186 1 211 205 214 1 211 188 228 1 185 156 185 1 0 0 0 0 77 70 121 1 45 46 119 1 59 50 121 1 27 26 98 1 14 1 86 1 37 0 94 1 0 6 35 1 12 0 53 1 17 23 102 1 1 0 94 1 77 49 109 1 186 193 237 1 146 145 194 1 75 52 82 1 34 60 77 1 139 118 157 1 137 124 146 1 94 88 124 1 10 35 58 1 7 0 60 1 0 26 57 1 57 65 87 1 30 24 97 1 27 32 71 1 37 28 96 1 47 44 67 1 5 33 59 1 0 0 0 0 18 32 89 1 0 17 67 1 9 0 58 1 17 0 64 1 36 13 98 1 23 11 82 1 0 0 0 0 0 0 0 0 77 69 113 1 12 40 110 1 0 0 90 1 0 26 79 1 0 0 0 0 0 22 100 1 50 26 105 1