5
742 1060 92 72
63 34 11 1 67 72 38 1 59 165 53 1 73 41 40 1 76 64 0 1 19 0 0 1 3 51 16 1 44 86 34 1 34 47 48 1 0 33 5 1 51 72 70 1 52 57 78 1 4 85 14 1 27 0 7 1 14 37 10 1 0 40 17 1 25 23 21 1 0 0 0 0 0 0 16 1 0 48 36 1 0 29 41 1 0 40 43 1 4 47 42 1 50 41 0 1 4 20 9 1 0 52 50 1 0 0 0 1 18 63 8 1 19 76 5 1 13 15 0 1 0 0 0 0 0 17 6 1 38 0 43 1 60 81 53 1 21 64 5 1 24 15 41 1 0 9 0 1 7 34 0 1 0 19 23 1 3 51 7 1 0 0 0 0 34 0 35 1 24 40 0 1 42 85 44 1 11 11 66 1 65 81 35 1 26 0 36 1 5 43 8 1 0 37 70 1 0 11 32 1 33 49 22 1 0 43 0 1 45 76 24 1 55 104 93 1 0 0 0 0 46 42 46 1 94 65 44 1 67 31 64 1 19 31 20 1 33 41 4 1 0 0 31 1 28 33 33 1 0 37 55 1 0 54 6 1 42 39 27 1 12 26 42 1 0 0 0 0 9 35 74 1 2 51 31 1 42 14 28 1 32 41 6 1 0 0 0 0
67 79 77 1 102 98 59 1 130 93 54 1 99 135 74 1 4 73 24 1 14 63 1 1 18 2 20 1 23 79 22 1 0 22 16 1 38 9 23 1 0 54 55 1 3 44 0 1 1 25 0 1 0 18 30 1 0 6 0 1 38 44 25 1 0 10 45 1 29 36 0 1 23 46 53 1 45 14 15 1 0 0 0 0 17 25 18 1 67 60 51 1 42 42 60 1 23 27 3 1 43 11 0 1 26 40 0 1 9 42 22 1 0 0 0 0 11 36 44 1 18 0 38 1 0 0 0 0 18 26 6 1 0 0 11 1 44 44 54 1 33 62 36 1 34 81 24 1 40 69 50 1 0 29 1 1 0 0 53 1 11 45 53 1 0 20 38 1 0 71 27 1 50 5 0 1 0 23 0 1 30 58 47 1 46 7 23 1 49 74 61 1 0 0 0 0 34 93 87 1 0 0 0 0 9 52 0 1 0 54 32 1 62 82 30 1 17 75 60 1 38 16 78 1 28 55 22 1 85 85 70 1 0 0 0 0 0 13 0 1 24 20 3 1 0 0 0 0 50 42 44 1 27 58 29 1 0 0 0 0 9 48 16 1 16 16 0 1 0 58 36 1 0 15 63 1 43 20 30 1 61 52 48 1 0 35 0 1
70 88 0 1 101 105 41 1 111 166 135 1 136 113 89 1 63 79 23 1 19 66 0 1 0 50 34 1 32 12 0 1 0 0 13 1 0 0 0 0 0 40 0 1 0 7 36 1 0 10 0 1 0 0 0 1 23 30 0 1 24 10 36 1 18 14 7 1 0 16 0 1 0 0 0 0 34 38 80 1 15 58 31 1 50 44 34 1 39 37 37 1 82 74 73 1 57 55 78 1 23 8 9 1 31 36 38 1 13 35 14 1 33 44 44 1 0 34 0 1 25 20 0 1 18 42 33 1 0 0 0 0 0 0 0 1 45 48 54 1 27 69 8 1 0 18 5 1 14 5 27 1 37 20 28 1 24 18 54 1 61 49 88 1 38 10 51 1 47 22 48 1 7 26 51 1 51 37 104 1 12 23 46 1 76 88 94 1 0 0 0 0 164 145 130 1 118 123 127 1 128 93 95 1 43 80 0 1 57 34 38 1 27 86 69 1 11 53 0 1 30 45 19 1 12 45 33 1 0 0 0 0 21 47 29 1 0 31 0 1 0 9 0 1 81 52 47 1 0 0 0 0 49 44 19 1 2 0 6 1 0 45 21 1 32 82 21 1 0 0 0 0 46 17 0 1 25 28 41 1 14 31 49 1 0 53 20 1
75 106 49 1 38 66 30 1 69 106 4 1 80 54 60 1 0 35 21 1 12 74 51 1 34 68 18 1 13 46 11 1 11 34 32 1 11 31 44 1 31 34 2 1 3 38 0 1 29 34 33 1 3 8 17 1 0 59 43 1 23 16 22 1 32 16 21 1 29 33 44 1 87 117 97 1 33 72 46 1 9 71 89 1 0 0 0 0 3 0 46 1 24 78 59 1 0 21 47 1 35 63 46 1 2 33 71 1 9 31 0 1 0 26 15 1 0 0 31 1 0 22 16 1 2 23 40 1 19 0 19 1 4 81 18 1 7 48 0 1 0 54 43 1 28 0 62 1 17 20 74 1 0 0 0 0 7 49 49 1 7 61 36 1 5 31 23 1 0 48 53 1 23 23 31 1 25 61 64 1 28 0 0 1 102 149 112 1 140 205 114 1 108 100 58 1 14 62 8 1 0 0 0 0 0 37 18 1 31 44 27 1 14 58 67 1 40 75 11 1 44 113 35 1 0 20 0 1 49 63 52 1 23 9 31 1 4 24 46 1 9 26 18 1 0 60 15 1 0 0 0 0 13 60 16 1 12 16 37 1 50 65 38 1 32 47 0 1 3 35 2 1 9 51 0 1 0 38 19 1 21 58 29 1 4 52 37 1
71 66 57 1 52 57 47 1 28 47 35 1 5 6 24 1 0 34 20 1 49 10 38 1 74 93 81 1 40 49 20 1 64 26 0 1 30 12 20 1 0 8 26 1 25 23 6 1 0 0 0 0 0 68 27 1 24 50 51 1 49 58 35 1 32 48 40 1 36 29 65 1 49 58 73 1 0 15 27 1 1 30 40 1 0 36 36 1 51 40 36 1 15 52 56 1 18 22 0 1 0 49 10 1 0 0 50 1 44 15 62 1 16 24 25 1 0 33 0 1 0 0 22 1 0 0 0 0 0 51 15 1 2 0 5 1 0 0 0 0 4 52 0 1 16 36 9 1 0 45 22 1 0 17 55 1 0 21 0 1 0 9 42 1 36 0 8 1 31 59 54 1 27 83 28 1 28 24 11 1 5 14 23 1 120 127 64 1 81 107 28 1 56 61 55 1 23 69 39 1 55 92 78 1 18 84 57 1 0 60 26 1 27 96 63 1 0 0 0 0 19 48 39 1 49 48 52 1 42 58 38 1 0 0 0 0 7 38 35 1 27 26 18 1 3 32 0 1 0 24 19 1 0 36 13 1 16 13 47 1 13 37 30 1 19 38 58 1 7 35 12 1 16 40 71 1 30 38 92 1 44 118 75 1 27 40 23 1
48 108 51 1 41 39 27 1 6 52 17 1 12 53 24 1 11 53 41 1 13 50 13 1 15 5 45 1 8 31 49 1 0 39 36 1 0 13 6 1 0 8 0 1 14 44 37 1 31 93 48 1 52 110 77 1 0 62 21 1 5 14 26 1 0 0 0 0 16 9 12 1 0 0 0 0 26 45 47 1 0 0 0 0 3 42 25 1 3 23 40 1 6 22 30 1 76 53 34 1 45 98 33 1 0 30 42 1 0 0 0 0 0 59 0 1 0 42 41 1 0 32 59 1 0 37 15 1 33 26 61 1 0 45 14 1 0 21 0 1 0 0 0 0 0 0 0 0 0 23 37 1 26 23 35 1 36 23 42 1 17 21 35 1 33 45 17 1 0 0 0 0 26 31 46 1 11 31 8 1 136 156 87 1 151 150 96 1 125 133 99 1 92 74 33 1 40 32 47 1 24 5 12 1 30 61 21 1 0 35 32 1 43 86 66 1 0 23 0 1 47 47 58 1 24 48 50 1 0 40 30 1 52 41 24 1 17 65 42 1 31 79 35 1 35 78 34 1 29 68 85 1 14 18 11 1 26 37 28 1 16 54 6 1 46 68 48 1 0 0 0 0 28 39 36 1 0 47 64 1 58 88 89 1 2 25 45 1
66 96 52 1 17 25 22 1 17 22 14 1 0 13 34 1 0 71 22 1 8 0 0 1 28 82 47 1 8 31 30 1 0 12 9 1 0 6 7 1 14 31 8 1 0 0 0 0 33 63 38 1 6 17 12 1 0 34 0 1 39 73 22 1 16 77 65 1 0 0 0 0 48 18 19 1 39 43 21 1 0 48 26 1 37 29 37 1 5 59 44 1 0 70 42 1 38 26 51 1 5 44 53 1 0 0 0 0 3 45 8 1 41 33 35 1 4 20 46 1 0 71 60 1 5 0 14 1 18 43 43 1 20 49 23 1 16 23 8 1 0 1 0 1 80 34 16 1 0 1 33 1 31 23 24 1 23 25 58 1 0 20 22 1 14 10 31 1 29 14 28 1 3 22 0 1 68 105 39 1 255 255 232 1 162 156 113 1 174 123 156 1 201 191 165 1 126 147 115 1 74 143 123 1 30 54 44 1 73 71 96 1 88 158 104 1 59 25 35 1 30 58 60 1 32 26 101 1 0 32 44 1 0 31 33 1 8 34 31 1 26 5 52 1 34 26 0 1 17 61 0 1 64 42 44 1 94 101 75 1 0 0 0 0 7 32 44 1 40 70 64 1 35 62 41 1 3 37 19 1 8 48 61 1 0 13 16 1
63 45 37 1 34 28 36 1 28 44 15 1 6 44 0 1 0 14 0 1 32 16 20 1 8 0 7 1 0 27 16 1 31 6 21 1 5 20 9 1 18 8 26 1 13 50 53 1 0 53 26 1 16 68 42 1 29 87 36 1 39 0 0 1 0 0 0 0 16 20 64 1 0 40 50 1 0 74 55 1 0 63 8 1 45 37 79 1 31 65 43 1 23 17 26 1 20 27 58 1 22 22 72 1 31 43 1 1 0 0 0 0 14 16 58 1 12 41 48 1 23 44 26 1 0 24 38 1 25 35 75 1 59 64 18 1 0 0 42 1 0 0 12 1 43 55 69 1 0 50 59 1 13 3 0 1 26 34 36 1 49 75 62 1 15 40 58 1 71 117 66 1 96 97 44 1 145 172 124 1 255 234 242 1 226 233 192 1 163 182 115 1 133 183 151 1 97 133 102 1 0 0 0 0 0 30 10 1 56 80 0 1 46 88 33 1 35 51 48 1 56 54 28 1 17 50 90 1 31 52 43 1 47 40 23 1 0 0 0 0 0 0 0 0 6 0 0 1 0 27 5 1 74 76 70 1 29 98 66 1 23 25 35 1 0 0 0 0 0 60 59 1 0 0 0 0 24 54 21 1 0 0 0 0 18 45 72 1
0 0 0 0 69 83 24 1 0 0 0 0 0 23 0 1 44 52 53 1 0 58 44 1 16 14 1 1 0 20 58 1 8 1 11 1 0 66 17 1 26 58 50 1 31 83 55 1 0 0 0 0 29 48 60 1 32 77 64 1 36 22 11 1 20 30 0 1 0 17 86 1 24 41 14 1 0 0 0 0 57 66 45 1 0 0 0 0 17 32 35 1 50 10 44 1 51 100 43 1 32 60 0 1 39 46 18 1 29 70 28 1 0 48 53 1 19 49 21 1 33 17 12 1 12 48 9 1 0 18 14 1 0 19 33 1 0 4 12 1 27 39 18 1 39 51 25 1 7 0 16 1 0 13 0 1 33 72 27 1 25 61 37 1 83 106 82 1 38 63 27 1 94 123 61 1 77 136 0 1 0 0 0 0 92 77 95 1 143 103 131 1 35 44 0 1 0 9 0 1 0 13 30 1 0 0 22 1 51 25 58 1 13 66 0 1 0 29 13 1 0 0 0 0 0 27 35 1 0 0 0 0 51 47 4 1 18 63 66 1 0 0 0 0 98 89 90 1 37 75 34 1 59 52 83 1 65 113 84 1 35 65 57 1 24 28 34 1 0 18 0 1 20 57 40 1 32 39 59 1 60 58 62 1 29 26 72 1
136 148 91 1 0 0 0 0 0 0 0 0 3 47 5 1 9 31 27 1 9 28 22 1 32 24 45 1 16 44 35 1 63 67 33 1 38 88 83 1 10 78 64 1 31 68 41 1 0 0 0 0 0 35 42 1 2 20 13 1 39 16 2 1 22 79 77 1 20 68 60 1 31 12 50 1 0 57 68 1 36 19 14 1 12 5 17 1 29 62 11 1 6 33 74 1 47 63 11 1 31 72 68 1 90 98 40 1 111 73 61 1 46 64 116 1 55 70 38 1 78 13 57 1 35 78 34 1 15 32 0 1 0 56 30 1 0 61 9 1 10 15 0 1 6 52 30 1 0 0 0 0 2 5 57 1 31 30 54 1 33 42 77 1 1 30 71 1 26 1 0 1 62 132 54 1 0 57 3 1 85 91 85 1 0 0 0 0 78 56 77 1 0 0 0 0 35 47 53 1 55 37 58 1 32 32 5 1 3 36 28 1 0 30 7 1 0 0 0 0 49 15 27 1 0 49 26 1 42 38 44 1 0 18 32 1 79 72 31 1 43 29 30 1 106 145 68 1 72 84 60 1 31 44 48 1 98 65 74 1 97 90 33 1 76 67 47 1 15 16 69 1 49 58 73 1 0 0 0 0 51 93 45 1 33 32 82 1
163 109 110 1 59 35 31 1 16 2 0 1 26 42 9 1 31 69 15 1 51 29 54 1 17 0 32 1 17 45 14 1 0 0 0 0 0 0 0 0 0 28 78 1 0 0 0 0 0 0 0 0 0 16 63 1 43 0 35 1 0 0 0 0 42 47 70 1 0 0 0 0 0 0 0 0 79 35 47 1 10 49 84 1 0 0 0 0 31 30 0 1 0 25 13 1 128 100 110 1 169 136 171 1 0 0 0 0 0 0 0 0 68 59 22 1 40 58 40 1 27 90 13 1 54 51 42 1 12 78 20 1 42 101 27 1 9 73 39 1 43 21 31 1 3 39 23 1 0 0 0 0 0 14 22 1 44 30 28 1 10 37 0 1 0 0 0 0 80 103 82 1 80 89 66 1 23 23 7 1 0 0 0 0 164 222 154 1 85 79 38 1 38 47 19 1 77 92 9 1 67 112 45 1 38 35 0 1 45 30 40 1 54 39 34 1 27 55 49 1 36 45 26 1 17 12 10 1 2 0 32 1 0 56 20 1 24 13 6 1 57 94 37 1 98 46 61 1 87 70 115 1 108 51 60 1 82 94 43 1 72 62 38 1 62 49 39 1 72 37 58 1 0 0 0 0 60 52 57 1 25 28 100 1 0 0 0 0
114 125 108 1 110 141 79 1 54 29 16 1 0 39 0 1 0 35 6 1 19 24 64 1 15 13 10 1 15 44 0 1 34 69 74 1 13 52 58 1 0 7 69 1 34 68 74 1 0 45 58 1 25 57 28 1 0 34 6 1 13 66 20 1 31 73 50 1 10 37 43 1 10 52 20 1 45 32 32 1 11 22 13 1 18 18 0 1 0 0 0 0 175 126 133 1 193 168 177 1 138 92 100 1 80 90 65 1 35 38 19 1 40 81 14 1 0 0 0 0 18 41 30 1 75 63 19 1 0 48 30 1 7 48 32 1 0 0 0 0 65 54 49 1 22 40 26 1 0 0 0 0 0 29 23 1 10 23 22 1 12 34 23 1 0 0 0 0 82 86 87 1 19 110 31 1 29 99 62 1 101 79 104 1 49 105 69 1 80 137 101 1 99 55 55 1 63 79 55 1 48 52 63 1 99 57 71 1 47 95 83 1 29 66 18 1 0 22 23 1 0 97 54 1 33 52 54 1 44 74 26 1 47 46 92 1 58 56 85 1 0 22 57 1 129 78 55 1 170 186 151 1 28 64 59 1 85 77 63 1 60 65 55 1 17 56 28 1 44 55 90 1 0 37 31 1 3 88 80 1 54 111 80 1 69 71 67 1
59 69 54 1 29 15 3 1 0 29 0 1 9 23 34 1 23 50 48 1 0 0 0 0 1 56 43 1 0 10 33 1 40 52 83 1 0 82 50 1 25 29 64 1 3 53 32 1 0 16 45 1 0 24 34 1 10 44 60 1 35 24 36 1 0 0 0 0 0 0 0 0 73 75 49 1 0 0 0 0 172 188 126 1 255 238 184 1 255 255 220 1 223 240 187 1 162 195 168 1 113 94 54 1 107 114 68 1 44 46 0 1 73 90 73 1 50 43 63 1 42 27 47 1 63 91 48 1 19 95 50 1 53 33 0 1 62 42 50 1 38 75 17 1 0 50 0 1 19 46 6 1 0 17 30 1 0 20 18 1 8 51 25 1 60 37 71 1 68 48 49 1 0 0 0 0 0 0 0 0 166 148 118 1 140 115 110 1 107 101 69 1 104 78 58 1 98 98 87 1 0 0 0 0 53 86 35 1 0 0 0 0 0 0 0 0 0 0 0 0 30 57 39 1 29 57 87 1 59 84 76 1 7 53 113 1 48 73 73 1 66 83 88 1 0 0 0 0 114 89 121 1 48 63 57 1 55 76 56 1 25 44 76 1 40 107 90 1 35 65 45 1 9 34 84 1 32 80 86 1 41 82 80 1 38 95 103 1
6 71 21 1 17 39 18 1 56 52 29 1 53 81 51 1 36 13 25 1 0 0 0 0 14 82 100 1 0 0 0 0 0 46 67 1 0 0 50 1 41 29 17 1 1 71 55 1 4 34 103 1 43 34 49 1 10 77 94 1 37 61 40 1 19 18 4 1 0 0 0 0 109 147 129 1 218 186 173 1 255 255 212 1 249 205 162 1 170 145 111 1 98 110 54 1 173 112 114 1 0 0 0 0 31 37 14 1 13 44 0 1 50 70 17 1 56 101 21 1 84 52 22 1 37 67 24 1 43 77 31 1 77 31 54 1 37 46 0 1 0 18 0 1 12 28 30 1 0 45 0 1 35 26 23 1 33 44 10 1 13 12 4 1 0 6 9 1 0 0 0 0 48 46 50 1 65 61 52 1 0 0 0 0 97 118 117 1 125 142 75 1 52 67 61 1 72 111 52 1 80 100 69 1 106 86 102 1 73 85 112 1 62 70 72 1 0 0 0 0 64 27 68 1 34 53 101 1 82 106 97 1 39 28 113 1 46 106 88 1 21 91 85 1 27 113 129 1 77 100 130 1 85 109 124 1 0 0 0 0 64 98 89 1 29 92 85 1 0 57 90 1 0 50 52 1 59 91 84 1 20 63 77 1 62 88 97 1
9 51 78 1 29 41 3 1 51 27 37 1 0 0 0 0 16 47 17 1 0 0 0 0 0 18 42 1 0 44 45 1 11 42 8 1 23 21 23 1 41 95 70 1 6 24 45 1 54 46 54 1 0 36 35 1 37 24 36 1 33 54 44 1 119 127 88 1 246 233 198 1 255 255 255 1 230 212 218 1 212 227 161 1 206 243 153 1 202 139 116 1 163 137 56 1 123 118 57 1 140 147 52 1 132 157 72 1 62 101 97 1 52 46 39 1 99 84 16 1 73 59 24 1 57 73 23 1 62 88 99 1 70 93 51 1 92 84 86 1 40 30 24 1 9 40 0 1 0 14 0 1 0 5 0 1 9 18 48 1 24 0 54 1 33 53 6 1 0 51 12 1 54 34 48 1 42 78 71 1 70 83 63 1 79 91 100 1 102 135 116 1 165 158 133 1 106 93 112 1 0 0 0 0 0 0 0 0 26 51 83 1 36 99 101 1 75 153 109 1 59 47 118 1 58 88 122 1 69 97 101 1 40 44 60 1 77 85 110 1 65 68 97 1 67 148 120 1 35 73 122 1 41 52 125 1 66 63 67 1 55 23 20 1 34 51 22 1 29 26 65 1 49 73 73 1 83 111 70 1 79 88 64 1 136 125 124 1
34 23 41 1 0 0 0 0 11 40 39 1 9 20 16 1 0 29 31 1 0 0 0 0 37 23 19 1 47 49 42 1 0 0 0 0 0 4 4 1 0 0 0 0 0 34 9 1 0 44 0 1 82 88 124 1 167 174 114 1 230 237 221 1 245 255 244 1 191 203 189 1 171 163 166 1 222 188 186 1 169 136 120 1 177 138 96 1 0 0 0 0 144 141 23 1 120 189 74 1 151 202 146 1 188 189 115 1 0 0 0 0 60 115 62 1 0 0 0 0 27 83 13 1 112 126 83 1 141 139 155 1 44 108 75 1 71 90 85 1 55 46 26 1 24 5 44 1 7 43 24 1 23 37 0 1 0 0 0 0 48 61 48 1 85 136 96 1 85 87 56 1 49 50 85 1 99 111 77 1 106 96 97 1 80 75 37 1 105 110 113 1 76 84 98 1 21 74 62 1 0 16 49 1 22 33 20 1 68 65 59 1 80 93 104 1 107 70 88 1 81 104 66 1 76 81 91 1 73 108 103 1 60 63 68 1 73 96 110 1 76 32 65 1 107 95 134 1 83 116 152 1 67 104 68 1 96 92 117 1 0 0 0 0 92 79 93 1 177 139 117 1 213 215 154 1 199 182 163 1 162 143 121 1 170 183 166 1
19 13 24 1 0 37 0 1 0 66 36 1 24 15 12 1 0 40 0 1 0 15 0 1 0 0 0 0 0 0 0 0 52 74 41 1 0 12 16 1 51 59 64 1 39 89 88 1 129 117 100 1 203 214 174 1 0 0 0 0 182 255 170 1 222 160 132 1 176 179 106 1 208 213 166 1 232 201 188 1 214 166 118 1 159 136 92 1 151 152 137 1 170 131 97 1 176 149 88 1 174 123 118 1 125 149 113 1 90 142 91 1 64 110 75 1 0 0 0 0 55 87 60 1 27 70 92 1 7 76 44 1 49 129 99 1 55 80 62 1 78 94 22 1 11 32 17 1 0 0 0 0 14 31 37 1 39 49 26 1 167 197 195 1 134 126 112 1 36 110 74 1 41 15 3 1 44 53 0 1 67 40 61 1 67 90 95 1 137 103 95 1 126 96 65 1 40 46 79 1 66 70 66 1 20 23 25 1 29 24 19 1 0 0 0 0 12 52 45 1 78 17 42 1 93 65 144 1 87 91 80 1 47 70 61 1 123 132 148 1 147 189 157 1 220 168 222 1 235 252 244 1 0 0 0 0 0 0 0 0 246 239 239 1 242 227 189 1 255 244 217 1 255 255 185 1 196 143 139 1 0 0 0 0 211 209 138 1
0 34 0 1 15 53 0 1 11 36 73 1 0 29 25 1 0 26 56 1 23 46 36 1 9 48 49 1 29 20 22 1 25 70 75 1 29 55 36 1 36 55 66 1 107 98 69 1 91 63 72 1 79 65 55 1 149 120 116 1 157 178 150 1 195 163 149 1 168 149 90 1 183 189 99 1 184 161 94 1 199 188 128 1 0 0 0 0 113 140 96 1 0 0 0 0 103 111 71 1 87 121 57 1 76 86 100 1 116 90 115 1 82 110 80 1 80 124 70 1 62 67 53 1 39 13 2 1 73 64 45 1 86 74 50 1 0 56 20 1 44 39 41 1 11 13 47 1 21 40 69 1 53 61 52 1 77 33 57 1 50 55 70 1 61 93 84 1 98 146 117 1 153 150 116 1 95 126 93 1 91 100 59 1 0 0 0 0 100 97 66 1 119 135 97 1 138 177 151 1 230 225 231 1 201 215 208 1 82 108 105 1 106 108 55 1 62 93 29 1 31 72 10 1 95 103 69 1 0 0 0 0 127 131 124 1 250 219 171 1 255 212 252 1 0 0 0 0 224 255 193 1 248 251 202 1 0 0 0 0 255 222 189 1 252 229 207 1 0 0 0 0 0 0 0 0 216 209 116 1 204 146 75 1 228 162 93 1
0 37 0 1 32 30 23 1 38 66 60 1 0 39 39 1 11 77 41 1 0 0 0 0 0 46 74 1 0 0 0 0 49 42 94 1 0 46 77 1 0 0 0 0 24 46 18 1 0 0 0 0 173 171 166 1 207 201 172 1 156 158 77 1 0 0 0 0 142 125 89 1 166 152 114 1 157 153 117 1 149 158 82 1 218 196 161 1 130 99 91 1 114 107 57 1 109 100 65 1 177 172 161 1 149 151 128 1 73 69 3 1 4 41 23 1 68 94 53 1 92 70 67 1 36 25 5 1 48 53 20 1 51 33 50 1 32 67 70 1 20 56 14 1 0 0 0 0 0 0 0 0 36 76 40 1 26 32 48 1 0 0 0 0 0 37 22 1 37 69 20 1 139 107 123 1 0 0 0 0 97 121 66 1 80 89 115 1 196 209 164 1 255 235 215 1 192 241 180 1 0 0 0 0 118 91 94 1 142 124 119 1 180 198 176 1 127 131 127 1 174 205 162 1 255 225 253 1 253 255 192 1 190 188 147 1 172 212 128 1 0 0 0 0 255 255 169 1 213 210 154 1 255 239 157 1 255 223 172 1 249 240 154 1 247 224 199 1 255 233 223 1 255 222 175 1 0 0 0 0 213 182 115 1 217 200 171 1
19 64 11 1 78 103 43 1 0 20 4 1 7 22 34 1 0 0 0 0 48 65 72 1 9 34 40 1 45 59 73 1 46 59 60 1 46 47 69 1 0 0 0 0 0 0 0 0 188 207 206 1 255 231 221 1 227 214 188 1 165 180 109 1 137 102 68 1 155 109 110 1 146 157 121 1 167 98 80 1 119 129 72 1 155 149 102 1 116 138 98 1 116 92 73 1 114 138 117 1 170 172 163 1 0 0 0 0 10 27 50 1 18 23 37 1 49 84 60 1 35 34 16 1 0 25 36 1 13 28 0 1 18 42 15 1 0 27 17 1 1 10 31 1 0 43 27 1 26 80 32 1 26 54 64 1 0 0 0 0 28 0 36 1 55 34 77 1 80 84 59 1 86 132 105 1 53 54 41 1 108 99 97 1 0 0 0 0 0 0 0 0 226 202 184 1 210 204 143 1 213 210 140 1 170 113 72 1 146 130 77 1 158 181 163 1 216 184 151 1 204 255 184 1 188 243 200 1 221 218 165 1 220 232 182 1 231 138 82 1 126 111 61 1 165 90 76 1 141 92 83 1 225 218 148 1 217 204 152 1 201 198 164 1 201 179 145 1 234 207 153 1 224 215 123 1 210 173 120 1 196 192 152 1 211 173 148 1
37 83 49 1 0 41 45 1 70 18 45 1 5 37 20 1 39 14 87 1 7 85 82 1 20 98 64 1 33 107 92 1 0 0 0 0 64 47 45 1 66 26 58 1 170 144 100 1 255 255 241 1 255 239 250 1 193 178 147 1 0 0 0 0 199 166 134 1 181 181 168 1 91 157 60 1 0 0 0 0 43 135 65 1 142 130 89 1 39 84 42 1 0 0 0 0 52 81 89 1 37 49 52 1 11 30 47 1 20 0 56 1 0 0 0 0 34 21 85 1 57 36 47 1 0 0 0 0 8 1 34 1 0 38 10 1 0 22 0 1 21 37 0 1 15 9 0 1 50 43 0 1 36 77 50 1 35 49 41 1 40 37 34 1 121 131 118 1 128 176 129 1 42 26 25 1 66 89 124 1 69 96 63 1 177 196 187 1 195 177 179 1 144 112 154 1 179 153 138 1 115 91 46 1 87 67 37 1 122 92 42 1 151 121 77 1 0 0 0 0 185 191 185 1 255 211 216 1 189 199 161 1 190 163 128 1 212 165 150 1 0 0 0 0 146 96 87 1 135 142 93 1 114 147 71 1 189 180 137 1 191 181 104 1 252 189 185 1 227 201 202 1 184 191 124 1 0 0 0 0 124 104 63 1 0 0 0 0
0 0 0 0 40 19 76 1 59 95 62 1 98 80 90 1 52 54 81 1 19 31 25 1 31 63 59 1 16 56 75 1 0 67 85 1 0 0 0 0 141 159 123 1 255 248 210 1 255 255 210 1 255 255 198 1 155 149 115 1 104 81 64 1 0 0 0 0 221 213 176 1 180 180 138 1 0 0 0 0 100 101 124 1 67 58 70 1 26 45 17 1 107 136 70 1 120 136 99 1 114 114 110 1 49 39 25 1 0 0 0 0 14 0 32 1 0 28 45 1 0 13 33 1 5 22 10 1 34 28 34 1 58 21 0 1 19 60 0 1 20 46 7 1 134 48 123 1 100 98 75 1 17 63 0 1 16 49 0 1 52 66 56 1 0 57 44 1 0 0 0 0 116 95 96 1 66 113 76 1 81 72 73 1 167 182 138 1 208 201 188 1 195 174 109 1 27 54 0 1 115 119 56 1 118 140 62 1 0 0 0 0 127 96 63 1 182 122 61 1 183 203 137 1 193 175 203 1 248 196 181 1 0 0 0 0 143 143 97 1 182 162 125 1 131 127 78 1 89 62 15 1 0 0 0 0 187 156 154 1 0 0 0 0 185 126 107 1 168 175 155 1 179 164 139 1 202 165 82 1 176 134 87 1 120 124 80 1
66 54 63 1 20 68 43 1 46 61 27 1 59 21 69 1 0 62 27 1 17 46 2 1 140 119 98 1 100 121 92 1 30 101 70 1 0 0 25 1 104 73 119 1 154 127 155 1 151 129 97 1 188 223 211 1 134 78 165 1 71 75 78 1 72 138 117 1 87 132 112 1 109 136 131 1 106 140 103 1 148 142 150 1 90 131 95 1 6 48 0 1 77 120 35 1 0 0 0 0 15 27 44 1 32 60 35 1 0 0 0 0 12 31 39 1 99 58 105 1 85 108 76 1 48 84 36 1 49 55 25 1 45 20 62 1 62 15 33 1 90 79 38 1 67 92 77 1 68 77 29 1 38 43 0 1 29 57 5 1 5 0 3 1 112 67 119 1 123 86 47 1 39 27 23 1 49 70 90 1 134 150 66 1 151 120 134 1 168 137 112 1 255 255 202 1 161 161 101 1 160 149 121 1 133 131 106 1 127 128 110 1 0 0 0 0 170 196 124 1 164 172 144 1 210 172 150 1 216 221 105 1 141 146 84 1 109 87 64 1 44 59 0 1 100 153 81 1 0 0 0 0 97 85 98 1 105 107 102 1 169 124 101 1 186 184 170 1 181 159 134 1 178 188 97 1 174 145 116 1 145 154 114 1 160 132 109 1
0 0 0 0 99 101 42 1 118 115 110 1 120 112 132 1 186 166 194 1 216 202 189 1 87 115 82 1 36 83 28 1 57 59 50 1 3 43 28 1 88 92 110 1 152 114 93 1 156 201 123 1 0 0 0 0 107 168 145 1 95 81 79 1 11 80 71 1 3 10 26 1 80 73 114 1 39 83 68 1 101 118 130 1 120 124 97 1 0 0 0 0 111 82 68 1 20 55 74 1 41 25 34 1 53 43 52 1 43 75 34 1 57 58 55 1 0 0 0 0 140 143 126 1 0 0 0 0 110 73 103 1 48 35 14 1 22 39 78 1 81 44 51 1 73 68 39 1 0 36 2 1 20 38 1 1 70 94 58 1 0 0 0 0 146 160 145 1 158 144 144 1 151 104 101 1 191 167 113 1 243 255 212 1 182 159 150 1 86 91 52 1 0 0 0 0 183 153 150 1 123 89 109 1 80 53 41 1 114 126 41 1 82 126 62 1 110 117 132 1 98 161 79 1 124 157 102 1 0 0 0 0 120 101 62 1 97 100 61 1 82 117 39 1 110 148 93 1 85 121 55 1 142 96 57 1 67 68 60 1 85 83 22 1 121 115 84 1 96 127 53 1 116 98 84 1 159 147 85 1 152 150 138 1 0 0 0 0
141 107 132 1 144 173 89 1 109 150 74 1 80 107 38 1 123 155 148 1 220 209 208 1 74 59 90 1 158 121 118 1 137 110 102 1 175 92 141 1 238 237 216 1 207 240 182 1 246 236 232 1 0 0 0 0 131 135 159 1 9 54 17 1 42 76 78 1 6 65 109 1 32 75 83 1 30 0 69 1 40 0 21 1 45 77 83 1 100 57 86 1 89 62 99 1 13 17 4 1 85 86 100 1 25 57 55 1 100 33 96 1 49 43 64 1 75 92 72 1 157 102 126 1 151 147 131 1 108 150 107 1 111 146 113 1 104 117 153 1 91 110 120 1 35 51 57 1 49 4 1 1 0 0 0 0 60 109 52 1 138 151 97 1 107 146 91 1 107 94 57 1 164 122 92 1 101 157 111 1 220 165 123 1 158 172 97 1 82 94 19 1 43 10 3 1 0 0 0 0 190 231 157 1 113 140 118 1 120 120 131 1 30 61 42 1 86 38 47 1 53 107 45 1 0 0 0 0 86 105 83 1 111 118 86 1 65 82 63 1 103 153 86 1 0 0 0 0 91 61 49 1 70 76 38 1 97 101 39 1 39 40 9 1 61 82 75 1 45 50 25 1 94 84 52 1 209 223 149 1 192 162 115 1 133 145 60 1
168 176 100 1 108 128 57 1 123 100 93 1 157 135 16 1 108 136 85 1 155 153 114 1 0 0 0 0 0 0 0 0 226 219 215 1 0 0 0 0 197 187 139 1 126 94 93 1 128 149 80 1 109 125 116 1 0 0 0 0 88 84 109 1 157 161 167 1 0 0 0 0 120 142 158 1 0 0 0 0 0 0 0 0 7 43 59 1 10 44 34 1 64 40 36 1 52 49 16 1 56 58 104 1 93 96 24 1 64 62 96 1 108 107 113 1 138 134 119 1 0 0 0 0 88 51 22 1 38 46 44 1 145 93 110 1 107 98 65 1 17 49 69 1 46 60 0 1 89 76 50 1 185 179 149 1 181 158 167 1 136 146 106 1 107 82 88 1 72 142 54 1 104 94 20 1 111 128 71 1 212 225 190 1 224 247 209 1 174 221 204 1 124 130 132 1 86 80 29 1 132 171 127 1 0 0 0 0 0 0 0 0 89 22 16 1 51 17 25 1 57 31 25 1 30 53 37 1 75 79 59 1 48 70 52 1 35 41 20 1 17 41 31 1 72 106 60 1 136 133 64 1 96 80 44 1 65 65 75 1 53 96 43 1 73 130 34 1 0 0 0 0 0 0 0 0 185 201 154 1 118 101 102 1 92 61 42 1
128 139 90 1 0 0 0 0 76 120 89 1 108 98 26 1 0 0 0 0 129 171 100 1 150 163 130 1 0 0 0 0 191 201 154 1 159 164 92 1 121 105 79 1 161 179 150 1 172 170 185 1 116 108 75 1 37 48 45 1 77 34 156 1 115 118 133 1 42 112 100 1 73 100 98 1 115 93 120 1 50 143 54 1 63 68 48 1 39 51 59 1 59 79 73 1 32 58 71 1 0 0 0 0 82 67 41 1 188 171 113 1 226 247 252 1 213 244 177 1 194 204 150 1 228 194 169 1 142 118 97 1 71 48 69 1 101 71 81 1 88 61 59 1 155 156 100 1 161 168 154 1 145 129 94 1 128 89 90 1 110 135 96 1 128 114 91 1 139 148 121 1 52 94 48 1 92 48 25 1 0 0 0 0 223 164 167 1 136 118 121 1 100 116 78 1 64 81 0 1 86 114 90 1 123 136 95 1 50 111 73 1 0 0 0 0 25 68 30 1 51 91 29 1 3 63 14 1 35 35 17 1 53 43 56 1 31 52 18 1 55 86 26 1 0 0 0 0 92 96 48 1 101 93 87 1 61 77 25 1 20 34 61 1 0 0 0 0 76 80 62 1 5 31 0 1 91 86 44 1 55 29 11 1 0 0 0 0
78 95 42 1 65 123 78 1 88 90 60 1 81 95 101 1 90 103 72 1 13 45 31 1 0 0 0 0 55 78 125 1 160 218 146 1 164 189 133 1 137 125 125 1 0 0 0 0 251 224 163 1 204 194 192 1 233 255 236 1 191 216 248 1 0 0 0 0 0 0 0 0 94 59 96 1 29 55 49 1 36 56 54 1 113 125 163 1 127 182 156 1 138 162 128 1 110 118 137 1 98 102 138 1 169 221 220 1 244 255 255 1 202 171 181 1 214 149 145 1 176 186 144 1 154 144 139 1 195 147 134 1 134 171 125 1 0 0 0 0 160 94 130 1 140 127 65 1 186 169 134 1 147 97 98 1 121 112 78 1 115 99 43 1 94 115 59 1 73 54 24 1 74 78 0 1 45 71 28 1 102 82 83 1 70 45 42 1 83 106 89 1 143 154 115 1 84 64 52 1 33 39 45 1 43 92 24 1 0 0 0 0 24 81 24 1 60 88 15 1 23 58 13 1 70 70 45 1 0 0 0 0 123 121 138 1 142 98 83 1 0 0 0 0 33 63 4 1 5 13 0 1 70 114 73 1 75 54 49 1 4 62 62 1 89 114 67 1 2 51 42 1 17 67 35 1 0 0 0 0 82 64 84 1 89 153 91 1
98 35 33 1 122 86 111 1 0 0 0 0 80 64 51 1 23 76 55 1 59 66 55 1 64 72 96 1 0 0 0 0 224 214 212 1 252 255 241 1 227 221 156 1 167 225 113 1 213 203 128 1 232 252 187 1 237 233 181 1 251 242 210 1 214 224 193 1 255 255 255 1 223 234 170 1 225 201 177 1 222 216 215 1 249 228 225 1 151 159 113 1 44 110 100 1 163 159 146 1 201 193 174 1 236 244 202 1 157 209 145 1 147 164 123 1 105 154 98 1 136 142 95 1 134 160 108 1 157 151 116 1 128 159 101 1 217 194 142 1 121 113 116 1 52 76 32 1 0 0 0 0 181 126 114 1 0 0 0 0 75 123 93 1 91 124 62 1 109 64 45 1 89 97 34 1 83 53 60 1 38 41 26 1 80 31 22 1 83 66 36 1 126 115 129 1 0 0 0 0 97 96 73 1 0 33 20 1 20 75 21 1 48 79 69 1 0 0 0 0 26 66 36 1 13 18 73 1 44 34 48 1 56 120 61 1 28 62 78 1 0 0 0 0 0 29 0 1 62 59 30 1 0 0 0 0 30 99 3 1 0 0 0 0 62 71 58 1 27 1 0 1 32 43 34 1 73 66 72 1 8 51 45 1 80 116 107 1
89 123 55 1 40 44 53 1 0 0 0 0 21 29 66 1 0 0 0 0 0 76 27 1 26 57 78 1 197 225 218 1 252 237 252 1 220 245 175 1 227 243 196 1 255 232 172 1 255 198 206 1 219 174 135 1 160 212 127 1 190 165 136 1 255 189 166 1 206 157 136 1 255 219 199 1 255 235 185 1 243 255 236 1 177 171 120 1 70 67 95 1 152 121 97 1 203 190 172 1 236 255 225 1 255 245 205 1 220 226 178 1 196 140 106 1 0 0 0 0 141 133 49 1 0 0 0 0 126 112 24 1 123 94 73 1 151 111 100 1 170 156 93 1 165 193 114 1 68 132 80 1 111 146 86 1 132 154 70 1 99 78 71 1 57 64 48 1 69 95 70 1 72 66 80 1 10 54 0 1 88 117 84 1 124 96 47 1 116 144 106 1 67 62 63 1 112 111 57 1 0 0 0 0 75 100 56 1 14 64 35 1 38 98 56 1 102 112 111 1 9 75 64 1 21 31 32 1 18 9 13 1 2 57 49 1 52 87 52 1 28 33 0 1 20 61 18 1 41 82 29 1 15 41 35 1 71 101 68 1 79 78 106 1 9 43 34 1 0 26 0 1 107 99 77 1 140 119 93 1 175 157 117 1 110 164 127 1
53 71 29 1 47 48 94 1 14 13 41 1 10 33 66 1 88 91 56 1 35 51 67 1 147 171 157 1 222 213 187 1 189 183 155 1 255 239 254 1 252 198 181 1 159 154 128 1 196 164 112 1 255 157 149 1 137 74 123 1 161 137 71 1 184 158 122 1 172 227 141 1 247 203 240 1 246 205 181 1 229 236 201 1 247 242 182 1 255 236 250 1 181 184 172 1 180 198 157 1 173 145 151 1 0 0 0 0 190 172 145 1 0 0 0 0 133 136 105 1 82 126 101 1 103 60 77 1 121 142 85 1 0 0 0 0 62 77 0 1 72 104 44 1 136 158 86 1 115 83 88 1 0 0 0 0 123 102 31 1 36 81 32 1 76 107 99 1 59 54 39 1 26 54 52 1 85 98 107 1 200 195 181 1 0 0 0 0 121 81 83 1 49 60 54 1 38 76 29 1 0 0 0 0 24 30 60 1 0 63 36 1 29 34 50 1 70 106 101 1 20 40 54 1 3 64 44 1 77 67 56 1 0 0 0 0 67 58 71 1 50 13 7 1 33 54 34 1 0 0 0 0 0 9 0 1 54 82 74 1 33 45 1 1 22 7 45 1 17 53 15 1 77 59 68 1 99 72 30 1 118 85 105 1 61 31 21 1
0 4 27 1 43 35 48 1 52 72 94 1 9 59 65 1 0 0 0 0 92 147 96 1 207 208 237 1 255 255 201 1 255 197 191 1 247 255 213 1 0 0 0 0 0 0 0 0 0 0 0 0 196 141 125 1 0 0 0 0 0 0 0 0 118 162 120 1 176 195 132 1 190 188 173 1 229 194 141 1 250 198 177 1 242 196 187 1 193 189 157 1 176 215 170 1 235 201 183 1 233 230 215 1 227 238 154 1 177 165 119 1 113 90 96 1 80 130 86 1 101 94 98 1 98 89 82 1 0 0 0 0 28 52 27 1 88 118 117 1 109 92 109 1 80 95 46 1 90 96 48 1 27 72 68 1 59 82 19 1 61 87 91 1 100 103 81 1 42 67 88 1 99 81 133 1 90 53 43 1 158 118 84 1 78 112 44 1 138 156 126 1 123 151 134 1 123 148 98 1 39 72 0 1 11 64 41 1 0 62 44 1 0 43 52 1 67 81 63 1 35 61 52 1 82 67 56 1 44 35 5 1 33 76 44 1 96 126 47 1 39 43 16 1 58 57 13 1 0 0 0 0 37 54 24 1 0 0 0 0 64 38 39 1 41 67 31 1 67 116 88 1 103 127 70 1 45 49 50 1 114 120 66 1 17 0 18 1
58 70 104 1 0 0 0 0 84 100 95 1 60 42 74 1 102 102 91 1 180 159 124 1 194 208 135 1 230 228 198 1 253 246 205 1 230 182 177 1 167 174 123 1 113 143 140 1 111 74 67 1 117 117 71 1 117 138 113 1 0 0 0 0 0 0 0 0 167 141 143 1 184 213 125 1 196 169 139 1 207 206 161 1 249 193 146 1 129 139 84 1 207 206 174 1 180 162 92 1 157 112 104 1 225 180 148 1 201 167 130 1 130 127 103 1 0 0 0 0 106 122 79 1 61 91 56 1 50 55 40 1 83 67 28 1 82 87 53 1 0 0 0 0 0 0 0 0 46 72 30 1 53 70 59 1 26 79 46 1 0 0 0 0 66 81 67 1 79 124 76 1 74 83 85 1 25 60 76 1 75 127 74 1 86 93 77 1 83 64 74 1 45 81 53 1 49 61 58 1 6 24 18 1 0 0 0 0 7 65 38 1 10 65 6 1 20 74 9 1 19 34 13 1 88 52 62 1 11 62 0 1 60 68 77 1 124 102 129 1 174 200 145 1 0 0 0 0 0 0 0 0 38 72 53 1 0 41 0 1 98 69 46 1 45 104 65 1 59 98 57 1 83 116 102 1 49 104 35 1 106 97 120 1 84 102 31 1
65 23 66 1 73 78 100 1 85 57 82 1 79 31 100 1 122 133 77 1 151 145 145 1 211 218 177 1 226 244 176 1 255 228 159 1 216 178 147 1 146 139 154 1 168 146 123 1 183 192 95 1 129 142 93 1 78 123 101 1 100 157 98 1 115 94 136 1 165 180 149 1 0 0 0 0 135 146 42 1 248 234 178 1 178 169 101 1 125 120 102 1 107 113 79 1 209 225 156 1 227 183 150 1 217 200 145 1 208 185 119 1 163 160 118 1 140 153 68 1 106 101 75 1 84 63 6 1 63 101 51 1 41 74 69 1 38 72 87 1 7 55 3 1 0 58 24 1 40 43 12 1 75 54 47 1 62 99 74 1 0 0 0 0 51 65 58 1 41 44 80 1 30 48 54 1 0 33 19 1 38 74 25 1 28 16 53 1 53 52 55 1 0 0 0 1 0 1 24 1 11 46 0 1 0 0 0 0 39 100 58 1 28 43 46 1 0 69 39 1 0 0 0 0 27 57 25 1 60 34 54 1 222 215 163 1 241 249 230 1 233 184 213 1 255 255 245 1 212 209 189 1 84 135 78 1 0 0 0 0 0 47 54 1 49 75 41 1 112 95 120 1 51 86 77 1 92 92 60 1 50 103 71 1 90 54 88 1
92 108 102 1 0 0 0 0 93 80 105 1 47 109 123 1 78 91 64 1 39 64 54 1 179 228 148 1 255 246 226 1 225 218 187 1 179 190 158 1 127 162 177 1 0 0 0 0 150 111 114 1 87 103 84 1 116 93 82 1 131 116 97 1 53 120 73 1 204 188 126 1 157 89 88 1 159 127 107 1 144 147 93 1 189 147 151 1 179 201 148 1 158 177 173 1 180 124 86 1 188 229 192 1 218 202 159 1 0 0 0 0 153 166 110 1 128 133 90 1 95 119 97 1 109 180 144 1 98 100 141 1 67 76 73 1 77 62 59 1 68 46 63 1 0 0 0 0 55 32 23 1 31 61 54 1 0 0 0 0 50 37 29 1 44 62 29 1 56 87 70 1 31 38 27 1 27 49 0 1 30 53 23 1 0 29 32 1 38 5 51 1 0 60 96 1 21 26 60 1 87 89 115 1 61 93 66 1 26 106 66 1 31 50 62 1 33 22 69 1 49 62 26 1 20 93 17 1 39 66 45 1 151 135 157 1 163 163 148 1 87 71 50 1 121 166 132 1 115 136 129 1 101 68 153 1 130 130 113 1 37 99 63 1 49 54 43 1 62 81 38 1 16 73 11 1 37 58 84 1 47 56 85 1 82 44 50 1
81 76 93 1 110 111 99 1 154 196 236 1 134 124 152 1 186 195 190 1 230 221 229 1 241 255 196 1 0 0 0 0 253 255 208 1 135 99 72 1 174 130 142 1 155 121 146 1 64 104 72 1 154 163 83 1 128 131 82 1 157 181 115 1 87 75 85 1 162 163 200 1 183 165 125 1 196 200 155 1 137 177 140 1 145 131 89 1 98 118 60 1 132 117 157 1 105 132 44 1 192 171 99 1 228 194 122 1 164 124 159 1 210 200 153 1 155 111 146 1 121 62 56 1 48 69 11 1 17 15 43 1 76 68 1 1 64 81 68 1 64 90 55 1 44 63 0 1 42 40 0 1 42 84 84 1 55 89 94 1 42 71 83 1 32 29 47 1 34 13 15 1 16 44 2 1 0 35 32 1 0 0 0 0 0 15 9 1 42 57 10 1 17 31 18 1 11 46 13 1 32 80 45 1 62 79 67 1 21 45 53 1 45 55 46 1 0 10 75 1 42 9 27 1 21 41 0 1 24 40 6 1 58 46 28 1 23 56 20 1 58 54 43 1 0 0 0 0 0 0 0 0 65 50 19 1 40 31 55 1 15 86 45 1 35 54 67 1 37 84 76 1 17 36 53 1 55 75 49 1 63 96 86 1 73 68 82 1
63 42 22 1 168 139 158 1 238 255 213 1 204 238 255 1 224 230 191 1 189 166 159 1 0 0 0 0 213 213 183 1 191 166 146 1 194 218 140 1 150 146 144 1 93 111 79 1 49 57 0 1 62 26 0 1 88 99 67 1 71 117 107 1 70 92 71 1 105 127 66 1 0 0 0 0 135 139 133 1 116 91 39 1 111 127 55 1 164 117 119 1 171 172 109 1 99 112 113 1 150 160 109 1 88 147 116 1 141 128 112 1 181 156 146 1 93 116 72 1 139 178 133 1 113 168 147 1 49 52 67 1 52 33 49 1 60 22 9 1 41 35 45 1 30 25 39 1 36 18 30 1 48 13 0 1 0 0 10 1 24 33 33 1 0 23 19 1 0 0 0 0 17 60 42 1 40 58 39 1 8 56 46 1 40 40 0 1 0 35 0 1 28 18 0 1 54 81 10 1 24 59 0 1 0 0 0 0 0 28 5 1 37 12 0 1 0 18 33 1 4 0 1 1 0 31 43 1 0 14 18 1 0 28 16 1 10 10 0 1 47 49 16 1 10 0 0 1 0 11 15 1 4 18 19 1 40 30 28 1 50 23 7 1 2 64 51 1 83 73 54 1 53 76 79 1 0 0 0 0 11 36 66 1 44 76 82 1
197 214 168 1 228 219 202 1 184 165 123 1 181 215 151 1 201 238 181 1 219 255 198 1 200 155 151 1 255 224 227 1 233 213 161 1 218 168 155 1 132 126 111 1 115 93 14 1 111 114 96 1 119 48 31 1 65 36 45 1 25 34 0 1 126 90 87 1 0 0 0 0 109 132 81 1 78 79 36 1 87 121 99 1 0 0 0 0 0 0 0 0 83 97 59 1 113 82 80 1 141 204 159 1 100 143 107 1 111 111 95 1 0 0 0 0 124 94 119 1 129 127 157 1 140 121 115 1 73 132 139 1 39 91 85 1 14 77 35 1 34 44 42 1 42 4 0 1 21 28 0 1 36 71 29 1 0 43 35 1 0 68 56 1 21 46 0 1 0 15 11 1 0 14 7 1 16 35 27 1 0 42 29 1 48 11 37 1 1 41 55 1 6 38 24 1 4 58 24 1 0 35 33 1 0 38 28 1 0 50 18 1 0 33 24 1 3 44 17 1 26 16 6 1 0 12 8 1 24 28 8 1 0 56 22 1 18 65 27 1 14 0 16 1 0 32 26 1 0 0 0 0 0 32 11 1 8 28 0 1 9 11 13 1 0 50 0 1 0 0 0 0 0 9 57 1 21 0 42 1 0 30 23 1 0 32 31 1
0 0 0 0 225 244 170 1 225 255 206 1 171 191 158 1 119 153 137 1 255 227 236 1 210 181 141 1 248 173 162 1 170 240 173 1 194 191 145 1 177 131 120 1 193 196 166 1 230 181 210 1 0 0 0 0 135 80 93 1 68 33 32 1 93 93 89 1 61 42 46 1 76 123 72 1 116 93 79 1 121 81 94 1 0 0 0 0 113 102 90 1 140 126 132 1 84 100 78 1 88 127 79 1 141 148 95 1 141 144 139 1 111 103 189 1 102 135 120 1 0 0 0 0 0 0 0 0 130 166 140 1 133 194 157 1 126 128 112 1 63 102 50 1 73 86 73 1 77 108 78 1 45 54 54 1 0 62 41 1 7 9 34 1 0 34 34 1 43 46 27 1 89 77 62 1 60 83 26 1 0 0 0 0 0 31 0 1 0 55 7 1 24 47 12 1 0 13 25 1 0 0 0 0 0 20 18 1 0 50 35 1 2 20 0 1 0 0 0 0 4 38 31 1 3 13 0 1 0 13 9 1 0 53 0 1 22 30 8 1 18 40 49 1 0 47 10 1 5 45 39 1 0 23 0 1 15 8 33 1 2 0 30 1 33 41 58 1 0 0 0 0 13 26 0 1 1 81 45 1 13 37 40 1 10 27 13 1
202 214 155 1 154 149 88 1 183 208 154 1 196 207 156 1 160 176 136 1 227 216 175 1 255 210 194 1 246 197 201 1 221 228 204 1 158 171 102 1 81 80 50 1 122 172 86 1 0 0 0 0 145 101 66 1 72 139 112 1 100 128 103 1 0 0 0 0 105 106 85 1 137 138 119 1 115 130 124 1 36 33 12 1 37 35 28 1 109 100 60 1 112 157 119 1 124 115 147 1 113 102 105 1 0 0 0 0 65 82 81 1 76 120 96 1 0 0 0 0 86 91 106 1 34 36 94 1 49 64 48 1 14 23 38 1 51 39 34 1 110 120 88 1 124 179 119 1 118 105 133 1 32 59 36 1 124 100 125 1 130 108 118 1 68 32 47 1 0 25 0 1 0 41 10 1 0 64 0 1 1 42 25 1 50 50 4 1 6 0 49 1 27 0 30 1 17 18 18 1 0 35 15 1 38 50 55 1 29 26 19 1 42 28 52 1 0 7 0 1 20 37 9 1 16 42 56 1 0 6 9 1 0 59 45 1 0 39 64 1 0 0 40 1 48 58 28 1 0 23 33 1 0 0 0 0 0 7 22 1 7 36 1 1 6 27 63 1 22 41 32 1 23 35 35 1 32 0 0 1 0 0 0 0 0 1 24 1
157 153 107 1 203 238 124 1 175 176 153 1 96 126 97 1 114 88 57 1 115 151 86 1 0 0 0 0 196 208 214 1 190 200 184 1 80 143 76 1 77 71 58 1 92 72 64 1 103 119 72 1 46 122 60 1 86 101 105 1 21 62 23 1 0 0 0 0 78 96 93 1 151 94 112 1 46 73 51 1 0 0 21 1 58 71 30 1 102 112 67 1 78 53 122 1 75 75 57 1 144 188 127 1 197 236 196 1 112 136 139 1 120 113 107 1 49 70 59 1 71 78 107 1 86 90 125 1 84 95 109 1 107 111 104 1 92 123 148 1 97 114 118 1 122 120 116 1 101 106 107 1 81 98 131 1 142 108 84 1 65 96 73 1 0 0 0 0 0 0 0 0 7 28 1 1 1 48 23 1 0 9 10 1 47 54 25 1 0 8 0 1 0 0 20 1 61 26 6 1 57 37 13 1 0 56 68 1 123 73 90 1 107 92 127 1 17 82 67 1 13 38 7 1 0 26 18 1 0 21 10 1 18 45 9 1 10 79 22 1 0 5 6 1 21 39 57 1 26 0 17 1 27 36 21 1 15 29 0 1 23 54 48 1 31 57 23 1 9 21 27 1 6 3 51 1 0 45 25 1 10 34 0 1 0 0 31 1
133 110 70 1 149 174 75 1 134 150 68 1 0 0 0 0 75 81 42 1 132 139 111 1 131 127 60 1 172 145 149 1 124 102 79 1 0 0 0 0 67 59 52 1 64 74 43 1 75 97 91 1 0 0 0 0 71 50 77 1 90 146 82 1 69 130 95 1 70 116 66 1 35 34 59 1 0 24 12 1 0 15 0 1 50 115 121 1 79 125 70 1 104 95 97 1 158 153 103 1 228 230 182 1 0 0 0 0 255 252 227 1 199 189 200 1 148 176 160 1 81 108 104 1 56 92 4 1 57 89 69 1 36 61 62 1 69 88 56 1 59 69 70 1 87 93 74 1 77 78 68 1 46 92 57 1 109 128 96 1 125 102 98 1 0 0 0 0 0 0 0 0 111 90 113 1 1 71 79 1 0 26 23 1 0 0 0 0 39 47 53 1 36 29 18 1 2 61 65 1 0 0 0 0 28 49 56 1 36 80 39 1 39 108 87 1 0 25 0 1 0 0 0 0 6 28 47 1 5 35 37 1 23 0 42 1 0 35 7 1 20 49 44 1 3 36 5 1 61 46 35 1 61 92 65 1 26 40 39 1 52 30 58 1 0 34 50 1 0 13 11 1 0 61 9 1 0 0 8 1 7 0 30 1 16 54 43 1
179 204 151 1 63 125 41 1 111 143 109 1 119 186 110 1 63 44 16 1 35 14 15 1 68 51 76 1 128 147 86 1 144 96 106 1 123 95 57 1 97 81 119 1 72 107 64 1 65 118 61 1 43 83 34 1 90 119 111 1 0 0 0 0 63 85 57 1 75 99 82 1 26 100 92 1 1 28 54 1 31 38 46 1 77 63 47 1 56 97 80 1 65 84 73 1 66 44 48 1 253 253 205 1 224 218 228 1 241 220 202 1 245 242 243 1 228 255 237 1 255 255 195 1 201 218 187 1 213 193 204 1 174 199 174 1 184 176 177 1 180 162 143 1 173 176 168 1 113 152 132 1 97 117 89 1 68 80 43 1 72 80 60 1 69 93 81 1 110 143 104 1 70 99 88 1 82 73 55 1 30 54 39 1 1 58 44 1 54 61 31 1 9 38 11 1 85 36 50 1 0 0 0 0 34 16 19 1 27 39 27 1 15 41 4 1 0 0 23 1 0 0 0 0 0 32 20 1 0 62 30 1 22 52 6 1 23 30 19 1 0 0 0 0 50 93 54 1 0 0 0 0 0 0 0 0 19 36 34 1 8 0 22 1 20 41 15 1 14 16 10 1 0 0 5 1 2 32 8 1 4 47 68 1 17 0 44 1
96 80 53 1 37 35 0 1 0 0 0 0 109 81 87 1 109 112 85 1 25 36 48 1 3 62 52 1 60 98 52 1 109 97 78 1 0 0 0 0 71 85 30 1 0 0 0 0 61 82 25 1 74 72 11 1 43 57 3 1 3 98 61 1 13 12 0 1 26 14 14 1 45 46 18 1 16 41 0 1 0 13 50 1 44 74 59 1 25 84 66 1 135 129 80 1 229 255 196 1 200 235 230 1 255 248 254 1 205 192 155 1 199 183 141 1 179 189 137 1 255 190 197 1 222 184 204 1 221 226 170 1 161 164 116 1 180 145 137 1 230 202 180 1 233 212 185 1 186 222 180 1 152 183 206 1 168 175 144 1 165 150 133 1 24 82 73 1 0 19 30 1 39 50 18 1 148 168 148 1 141 112 115 1 81 82 52 1 77 99 112 1 0 0 0 0 58 49 13 1 0 79 0 1 0 15 49 1 9 36 35 1 27 18 0 1 0 23 0 1 0 0 0 0 0 31 0 1 26 16 16 1 0 17 37 1 8 33 79 1 17 74 66 1 69 85 47 1 4 38 20 1 0 73 42 1 14 28 34 1 0 0 0 0 0 38 0 1 0 21 43 1 0 49 18 1 0 32 4 1 0 38 31 1 21 80 11 1
76 62 38 1 121 115 110 1 63 75 10 1 9 0 7 1 40 63 81 1 50 65 21 1 46 70 66 1 126 74 84 1 0 0 0 0 66 56 59 1 0 55 40 1 74 20 14 1 68 84 77 1 60 100 67 1 64 67 89 1 4 49 32 1 12 29 39 1 6 18 32 1 0 0 0 0 0 0 0 0 59 58 61 1 103 115 121 1 179 163 112 1 119 125 149 1 151 118 82 1 169 167 137 1 255 211 186 1 219 195 116 1 0 0 0 0 199 174 100 1 223 201 169 1 209 166 173 1 0 0 0 0 239 170 141 1 156 156 133 1 155 94 63 1 80 81 71 1 137 150 70 1 157 122 107 1 226 223 188 1 199 182 141 1 0 0 0 0 135 169 167 1 135 166 159 1 107 171 126 1 110 131 105 1 131 119 138 1 97 71 98 1 90 89 40 1 115 92 52 1 28 90 26 1 20 41 39 1 0 30 23 1 0 43 0 1 33 41 0 1 4 23 0 1 14 27 54 1 55 79 64 1 0 48 0 1 0 0 0 0 53 100 36 1 25 49 22 1 3 49 27 1 0 7 0 1 2 24 30 1 34 54 1 1 1 22 0 1 0 70 29 1 49 21 48 1 27 37 50 1 32 15 47 1 29 28 17 1
92 58 7 1 76 68 70 1 34 60 23 1 56 83 100 1 41 60 36 1 36 66 17 1 0 29 6 1 26 40 0 1 30 53 0 1 11 67 48 1 40 52 68 1 33 74 55 1 27 47 32 1 44 36 0 1 0 23 72 1 0 11 0 1 70 78 41 1 0 18 46 1 0 0 0 0 34 21 40 1 79 82 43 1 104 93 79 1 0 0 0 0 231 215 197 1 115 142 78 1 0 0 0 0 222 179 116 1 171 156 150 1 227 144 138 1 202 186 87 1 166 156 151 1 193 204 98 1 200 223 136 1 197 174 181 1 173 131 123 1 0 0 0 0 153 188 73 1 173 148 85 1 155 119 85 1 182 169 110 1 185 135 164 1 161 216 158 1 165 122 123 1 138 154 87 1 94 141 88 1 54 87 51 1 72 105 73 1 179 147 121 1 125 152 92 1 44 70 34 1 53 61 46 1 52 27 0 1 47 19 27 1 41 45 27 1 16 54 0 1 6 25 7 1 35 83 11 1 95 96 126 1 32 74 39 1 22 11 24 1 11 14 35 1 17 50 19 1 28 45 27 1 18 38 27 1 34 61 21 1 0 39 51 1 12 31 17 1 18 42 0 1 9 30 26 1 34 0 30 1 9 28 0 1 14 22 23 1
88 60 18 1 37 65 0 1 27 43 31 1 32 0 16 1 6 63 22 1 50 30 3 1 26 58 16 1 35 50 0 1 29 92 27 1 66 69 66 1 61 118 0 1 54 55 11 1 0 0 0 0 32 70 58 1 0 0 0 0 22 19 11 1 18 40 10 1 0 36 45 1 64 82 77 1 77 55 71 1 61 90 60 1 125 116 109 1 0 0 0 0 126 145 114 1 0 0 0 0 185 169 123 1 214 221 150 1 169 160 125 1 214 199 164 1 141 155 158 1 144 141 128 1 191 195 155 1 149 194 126 1 205 192 173 1 206 215 146 1 185 216 138 1 182 146 135 1 139 152 112 1 144 105 92 1 159 153 78 1 138 160 113 1 185 162 120 1 150 164 90 1 85 153 82 1 0 0 0 0 132 160 109 1 145 136 129 1 133 169 116 1 165 176 134 1 146 145 145 1 70 52 47 1 11 57 19 1 28 65 34 1 40 43 22 1 26 4 12 1 84 60 105 1 136 143 110 1 90 98 105 1 77 114 55 1 100 80 82 1 33 92 47 1 57 54 7 1 24 26 1 1 40 61 43 1 24 39 40 1 0 23 17 1 0 25 0 1 56 39 41 1 26 26 20 1 41 30 44 1 73 22 44 1 81 89 32 1
77 59 45 1 67 114 58 1 106 127 101 1 78 108 49 1 54 63 60 1 114 166 109 1 0 0 0 0 34 41 51 1 0 0 0 0 63 61 24 1 34 71 38 1 0 0 0 0 6 29 57 1 26 0 23 1 9 37 55 1 33 69 55 1 46 73 67 1 73 61 105 1 61 65 108 1 1 1 0 1 0 46 15 1 170 149 140 1 192 147 162 1 143 145 110 1 117 99 48 1 124 114 112 1 98 141 48 1 112 131 38 1 139 119 103 1 170 139 124 1 90 106 60 1 71 111 68 1 200 160 128 1 201 219 153 1 139 76 99 1 182 153 124 1 215 139 99 1 140 137 156 1 174 167 93 1 100 141 59 1 118 150 50 1 135 127 61 1 148 135 67 1 143 151 61 1 125 187 89 1 145 102 81 1 110 105 86 1 84 107 60 1 39 73 0 1 16 26 0 1 124 139 132 1 108 132 89 1 39 30 27 1 0 0 0 0 42 63 31 1 9 88 67 1 99 117 123 1 132 93 104 1 106 105 121 1 85 137 133 1 48 22 91 1 39 0 95 1 22 53 23 1 2 52 0 1 54 78 66 1 8 48 7 1 78 104 99 1 48 52 78 1 44 57 3 1 53 50 50 1 92 85 37 1 96 117 74 1
29 55 39 1 43 36 37 1 28 60 25 1 18 13 0 1 29 50 9 1 102 118 110 1 0 0 0 0 0 0 0 0 61 40 45 1 29 52 11 1 0 25 36 1 37 45 32 1 0 62 28 1 0 53 5 1 13 37 20 1 0 22 57 1 55 115 51 1 22 58 31 1 0 0 0 0 71 123 85 1 228 239 175 1 158 173 152 1 123 160 92 1 106 119 91 1 105 47 74 1 138 63 64 1 93 170 116 1 111 108 118 1 0 0 0 0 0 0 0 0 195 185 156 1 177 156 95 1 187 174 153 1 175 173 99 1 86 101 51 1 132 146 80 1 156 156 128 1 108 59 49 1 0 0 0 0 110 83 52 1 155 155 61 1 135 98 51 1 0 0 0 0 87 72 58 1 144 151 88 1 103 78 10 1 146 143 85 1 162 178 82 1 142 152 158 1 120 157 90 1 86 116 68 1 156 130 98 1 103 118 78 1 91 175 90 1 109 178 100 1 103 137 137 1 58 32 78 1 51 107 28 1 114 95 105 1 168 151 160 1 97 108 109 1 1 27 35 1 23 106 50 1 24 108 42 1 26 52 18 1 47 105 119 1 79 106 92 1 23 47 53 1 0 0 0 0 103 93 115 1 91 76 40 1 68 37 0 1
45 53 34 1 0 6 26 1 37 57 89 1 95 34 27 1 18 37 41 1 65 94 63 1 48 87 74 1 77 50 39 1 0 0 0 0 29 39 19 1 81 44 18 1 8 65 5 1 33 53 43 1 42 117 98 1 57 39 105 1 0 0 0 0 99 117 109 1 0 0 0 0 73 87 55 1 172 196 123 1 158 221 171 1 157 159 137 1 92 129 85 1 89 76 91 1 148 156 106 1 109 128 122 1 119 109 119 1 121 76 60 1 35 70 40 1 0 0 0 0 198 231 162 1 200 182 141 1 94 146 124 1 108 114 73 1 98 98 106 1 114 101 77 1 80 40 58 1 90 103 38 1 103 120 65 1 192 180 164 1 151 160 100 1 122 147 55 1 124 100 54 1 0 0 0 0 143 129 66 1 107 59 34 1 141 114 61 1 0 0 0 0 151 158 80 1 91 100 63 1 78 119 38 1 131 100 79 1 67 83 89 1 123 134 90 1 104 135 127 1 55 80 12 1 82 70 81 1 134 125 86 1 80 96 34 1 89 103 66 1 0 0 0 0 123 78 25 1 114 108 114 1 0 0 0 0 43 67 62 1 35 23 22 1 64 89 30 1 0 0 0 0 58 95 69 1 46 106 61 1 154 153 142 1 177 185 153 1
22 57 13 1 0 0 0 0 75 70 61 1 105 78 67 1 23 85 0 1 0 50 36 1 10 74 17 1 37 87 22 1 20 14 31 1 10 32 87 1 0 0 0 0 57 18 34 1 18 69 68 1 60 66 75 1 33 57 30 1 79 73 74 1 115 133 90 1 172 190 176 1 0 0 0 0 221 185 127 1 0 0 0 0 187 169 151 1 139 97 42 1 69 69 8 1 120 130 62 1 159 130 130 1 0 0 0 0 70 42 58 1 59 94 43 1 84 72 73 1 94 144 83 1 143 132 117 1 106 159 100 1 170 156 152 1 128 135 131 1 93 116 15 1 129 98 83 1 0 0 0 0 19 21 16 1 160 107 89 1 0 0 0 0 121 112 111 1 0 0 0 0 111 132 138 1 0 0 0 0 106 49 59 1 116 83 44 1 88 104 60 1 116 163 107 1 92 88 72 1 121 118 96 1 133 129 122 1 0 0 0 0 109 84 102 1 85 145 19 1 145 111 85 1 188 182 129 1 127 147 129 1 115 98 38 1 120 130 111 1 100 110 67 1 87 85 68 1 85 83 80 1 86 107 90 1 87 88 104 1 76 54 31 1 69 77 48 1 59 101 107 1 149 112 76 1 149 107 113 1 233 194 190 1 228 218 178 1
0 28 13 1 20 53 4 1 2 0 51 1 15 49 0 1 3 35 24 1 50 46 52 1 16 52 47 1 0 35 11 1 34 60 62 1 8 71 15 1 0 0 0 0 58 85 88 1 47 70 24 1 33 38 19 1 12 36 48 1 28 65 32 1 141 183 166 1 220 221 170 1 206 178 112 1 146 117 86 1 255 255 241 1 210 222 145 1 200 197 161 1 207 173 127 1 122 128 93 1 114 137 113 1 98 101 87 1 128 135 85 1 115 136 88 1 9 66 11 1 74 91 46 1 111 63 32 1 120 97 62 1 133 134 94 1 202 149 120 1 138 156 103 1 77 105 72 1 76 94 63 1 148 143 105 1 142 87 90 1 0 0 0 0 0 0 0 0 187 138 117 1 146 136 103 1 99 152 103 1 78 95 92 1 113 116 46 1 120 142 85 1 79 94 71 1 0 0 0 0 0 0 0 0 109 151 113 1 122 148 86 1 119 134 88 1 129 161 139 1 172 128 130 1 158 144 88 1 183 127 140 1 145 135 96 1 176 172 171 1 107 130 113 1 149 173 125 1 0 0 0 0 58 82 42 1 113 83 92 1 84 54 68 1 127 119 61 1 0 0 0 0 136 114 104 1 149 133 99 1 152 136 82 1 147 141 103 1
0 0 0 0 0 22 16 1 0 52 48 1 2 25 46 1 0 11 38 1 0 37 0 1 1 73 45 1 17 12 60 1 8 17 27 1 0 48 22 1 0 0 0 0 26 46 50 1 41 4 34 1 0 0 0 0 0 0 0 0 133 121 146 1 182 147 153 1 226 184 146 1 189 255 185 1 175 233 163 1 223 192 217 1 171 183 90 1 125 127 90 1 210 145 150 1 192 222 178 1 117 161 134 1 86 121 83 1 53 140 66 1 0 0 0 0 72 56 39 1 23 57 13 1 38 87 19 1 92 105 68 1 43 61 25 1 117 59 58 1 96 125 60 1 130 184 133 1 163 176 107 1 35 90 43 1 116 111 83 1 134 125 85 1 0 0 0 0 88 114 94 1 70 63 89 1 65 74 50 1 89 63 44 1 0 0 0 0 81 84 62 1 115 104 90 1 48 46 17 1 118 79 84 1 149 147 127 1 100 125 99 1 130 130 97 1 229 205 192 1 186 176 141 1 159 122 125 1 191 140 104 1 129 119 59 1 0 0 0 0 145 101 69 1 126 76 84 1 0 0 0 0 156 148 132 1 107 128 96 1 208 139 116 1 193 183 153 1 173 211 134 1 133 125 85 1 66 84 66 1 0 0 0 0 170 169 89 1
45 57 41 1 16 30 55 1 9 61 84 1 0 0 0 0 22 21 42 1 0 17 43 1 0 34 57 1 27 84 15 1 0 0 0 0 0 69 36 1 3 15 13 1 0 37 9 1 43 48 34 1 70 20 9 1 105 110 83 1 154 107 130 1 166 170 180 1 153 142 124 1 0 0 0 0 249 241 191 1 182 184 184 1 124 150 108 1 0 0 0 0 118 119 104 1 205 189 154 1 145 140 120 1 98 133 98 1 77 89 41 1 76 122 98 1 0 0 0 0 35 65 58 1 56 92 40 1 102 108 64 1 71 116 51 1 108 85 72 1 208 209 164 1 114 117 82 1 155 143 87 1 131 153 90 1 159 111 115 1 62 43 26 1 76 71 35 1 63 81 15 1 91 60 62 1 48 53 54 1 83 82 72 1 147 129 125 1 82 83 60 1 98 128 88 1 91 116 41 1 77 120 66 1 123 117 58 1 120 139 103 1 89 156 125 1 132 90 86 1 75 84 97 1 108 149 77 1 160 163 124 1 68 72 7 1 176 133 133 1 82 85 83 1 64 28 26 1 52 64 45 1 144 147 166 1 208 239 211 1 193 182 164 1 129 136 136 1 87 103 76 1 111 102 68 1 137 101 82 1 151 143 117 1 93 148 69 1
28 35 56 1 42 52 53 1 0 0 0 0 0 0 0 1 0 0 0 0 16 66 87 1 0 25 47 1 67 63 37 1 55 59 48 1 68 82 82 1 0 0 0 0 0 53 13 1 35 84 32 1 46 44 50 1 43 64 0 1 88 86 36 1 140 133 81 1 183 167 140 1 167 205 187 1 127 152 99 1 153 113 93 1 119 114 94 1 82 101 47 1 0 0 0 0 126 94 69 1 126 66 92 1 53 32 0 1 17 31 35 1 39 53 20 1 37 90 35 1 15 60 42 1 42 92 18 1 65 91 22 1 60 64 60 1 44 52 50 1 194 192 144 1 104 123 88 1 0 0 0 0 105 93 106 1 0 0 0 0 95 112 77 1 4 66 58 1 61 95 0 1 60 45 55 1 79 55 5 1 50 52 48 1 79 112 74 1 95 59 104 1 49 88 52 1 8 15 7 1 134 92 92 1 71 77 67 1 81 101 32 1 0 0 0 0 145 105 113 1 181 121 87 1 125 117 83 1 140 162 75 1 122 110 111 1 112 107 72 1 6 11 46 1 0 0 0 0 132 106 92 1 219 204 144 1 181 208 147 1 102 139 120 1 109 103 87 1 108 99 30 1 93 51 48 1 120 138 89 1 121 123 47 1 92 86 53 1
30 9 80 1 0 0 0 0 2 70 72 1 32 87 62 1 0 0 35 1 0 0 0 0 59 61 74 1 40 72 73 1 47 71 74 1 83 129 74 1 151 130 61 1 99 104 63 1 72 92 53 1 0 49 26 1 79 0 2 1 117 103 75 1 112 62 47 1 80 125 99 1 125 77 64 1 120 107 87 1 130 115 61 1 34 48 36 1 95 82 39 1 91 125 86 1 53 59 47 1 28 68 57 1 66 59 37 1 0 0 0 0 100 92 35 1 35 58 2 1 9 19 40 1 21 61 33 1 52 55 49 1 60 94 100 1 68 79 41 1 94 48 53 1 0 0 0 0 100 56 23 1 71 146 74 1 53 73 45 1 74 122 68 1 118 172 117 1 64 94 63 1 0 0 0 0 0 0 0 0 16 43 14 1 28 56 40 1 0 36 23 1 44 85 47 1 19 63 19 1 40 24 65 1 71 47 9 1 49 64 40 1 102 74 59 1 115 127 101 1 104 81 93 1 120 102 80 1 107 110 82 1 126 128 126 1 80 98 34 1 93 130 72 1 132 129 131 1 99 118 102 1 133 138 72 1 108 143 103 1 80 152 123 1 131 134 32 1 109 115 62 1 69 69 28 1 0 0 0 0 46 78 20 1 68 98 85 1
0 0 0 1 0 45 19 1 27 17 45 1 5 67 61 1 25 0 35 1 0 9 0 1 18 16 21 1 50 101 29 1 92 99 83 1 45 62 86 1 44 105 13 1 76 111 64 1 133 138 124 1 96 56 63 1 0 0 0 0 217 227 169 1 155 132 84 1 120 119 59 1 78 101 58 1 79 103 108 1 90 122 67 1 65 74 23 1 58 135 41 1 112 127 38 1 104 124 62 1 0 0 0 0 81 107 89 1 0 37 7 1 0 7 36 1 13 43 32 1 37 0 0 1 8 40 0 1 27 83 32 1 15 88 98 1 73 72 49 1 49 101 74 1 115 165 123 1 29 44 0 1 63 68 43 1 53 135 38 1 76 74 44 1 58 97 62 1 79 86 54 1 39 65 65 1 0 10 15 1 0 35 0 1 4 10 31 1 15 5 7 1 0 0 0 0 18 22 45 1 0 0 0 0 65 62 36 1 67 65 66 1 85 85 80 1 95 32 51 1 42 69 51 1 0 0 0 0 79 92 71 1 69 116 56 1 55 60 39 1 88 16 37 1 61 104 29 1 0 0 0 0 116 92 34 1 174 111 123 1 0 0 0 0 67 72 36 1 0 0 0 0 47 85 55 1 64 62 62 1 107 123 74 1 128 76 77 1
29 35 83 1 44 44 26 1 0 0 48 1 2 28 21 1 0 0 0 0 18 21 20 1 0 1 9 1 71 71 60 1 78 108 50 1 81 124 82 1 24 87 62 1 74 82 40 1 124 82 123 1 164 77 74 1 204 219 235 1 199 182 151 1 201 204 158 1 143 168 110 1 135 113 71 1 84 125 68 1 147 162 96 1 0 0 0 0 67 131 82 1 101 126 63 1 0 0 0 0 106 104 88 1 0 0 0 0 86 73 24 1 63 25 16 1 6 20 0 1 0 73 47 1 55 28 29 1 23 40 22 1 13 22 19 1 24 48 89 1 4 45 19 1 130 116 93 1 29 124 37 1 52 36 84 1 25 76 15 1 49 57 54 1 13 63 49 1 18 52 0 1 21 55 43 1 39 35 77 1 15 36 30 1 0 41 9 1 0 23 28 1 21 8 0 1 0 43 11 1 55 55 65 1 42 40 10 1 40 60 29 1 67 61 28 1 0 14 15 1 35 30 0 1 159 141 121 1 53 119 76 1 0 0 0 0 88 85 65 1 51 83 52 1 31 16 33 1 15 46 0 1 111 73 54 1 141 133 126 1 81 115 92 1 50 68 32 1 63 90 37 1 71 53 34 1 76 84 85 1 0 0 0 0 4 33 17 1
26 77 0 1 0 50 0 1 18 0 52 1 14 54 30 1 0 23 25 1 7 62 34 1 0 0 0 0 0 0 0 0 54 68 35 1 43 22 44 1 0 0 0 0 56 92 63 1 85 107 50 1 108 131 119 1 194 195 177 1 173 184 154 1 177 145 130 1 160 101 75 1 129 93 68 1 83 149 62 1 114 123 116 1 121 114 116 1 127 107 101 1 62 104 42 1 36 13 59 1 69 81 64 1 90 124 99 1 79 60 63 1 43 86 54 1 5 31 0 1 59 51 25 1 0 25 19 1 0 0 0 0 0 54 50 1 0 51 27 1 50 60 42 1 99 39 45 1 11 70 40 1 79 75 56 1 45 73 26 1 0 0 0 0 36 75 36 1 39 82 47 1 33 55 1 1 47 66 44 1 84 111 76 1 18 52 50 1 0 45 0 1 0 30 21 1 0 67 0 1 73 51 57 1 37 78 66 1 53 62 64 1 0 0 0 1 73 125 65 1 56 75 47 1 115 94 122 1 79 72 92 1 52 68 53 1 85 126 40 1 40 19 54 1 40 61 12 1 54 33 34 1 39 90 21 1 21 53 59 1 69 79 23 1 48 44 12 1 80 19 43 1 47 15 0 1 0 0 0 0 63 85 87 1 0 22 9 1
48 55 9 1 59 67 63 1 53 19 35 1 16 55 41 1 14 42 22 1 0 16 0 1 22 26 28 1 0 56 37 1 76 35 89 1 33 9 57 1 40 25 43 1 106 100 84 1 93 51 85 1 153 126 101 1 126 189 112 1 152 212 137 1 124 115 81 1 97 108 59 1 127 137 64 1 114 121 98 1 0 0 0 0 126 120 113 1 81 81 53 1 66 52 0 1 62 84 21 1 71 108 59 1 70 54 52 1 9 32 0 1 16 19 21 1 38 53 56 1 62 48 29 1 46 38 52 1 20 28 28 1 13 24 0 1 19 35 4 1 23 59 18 1 15 31 0 1 15 23 39 1 57 67 38 1 51 49 66 1 56 88 13 1 28 81 54 1 0 0 0 0 0 0 0 0 0 0 0 0 30 61 47 1 134 93 71 1 36 90 73 1 20 54 11 1 16 32 22 1 0 59 21 1 0 3 48 1 0 0 0 0 0 56 0 1 49 74 0 1 84 79 53 1 56 64 53 1 28 57 0 1 22 41 17 1 109 82 67 1 26 63 39 1 46 74 27 1 67 104 77 1 112 109 97 1 92 92 130 1 61 100 59 1 80 31 40 1 55 90 12 1 10 68 0 1 49 50 17 1 86 88 34 1 0 30 0 1
37 0 21 1 0 0 0 0 61 143 106 1 5 40 63 1 0 0 0 0 22 46 61 1 0 0 0 0 1 44 32 1 25 80 61 1 100 90 100 1 96 97 119 1 0 0 0 0 0 0 0 0 54 71 25 1 0 0 0 0 176 167 142 1 126 133 83 1 129 144 138 1 111 123 115 1 83 60 62 1 0 109 49 1 6 0 15 1 0 23 0 1 54 55 23 1 0 0 0 0 48 45 26 1 0 0 0 0 9 47 48 1 50 102 97 1 76 57 60 1 0 0 0 0 21 57 81 1 18 60 50 1 81 41 38 1 0 4 29 1 0 25 18 1 22 42 52 1 0 10 6 1 0 49 11 1 9 7 28 1 61 47 61 1 48 32 54 1 20 71 33 1 17 92 38 1 70 73 29 1 28 81 76 1 105 119 77 1 0 0 0 0 38 66 81 1 32 92 17 1 4 37 8 1 0 0 0 0 43 68 52 1 22 51 53 1 0 65 18 1 0 31 20 1 52 60 33 1 35 65 0 1 46 55 21 1 70 96 85 1 34 73 43 1 29 72 43 1 0 0 0 0 50 75 82 1 99 95 65 1 102 68 78 1 34 87 79 1 76 35 34 1 80 68 27 1 93 101 38 1 71 76 69 1 15 23 20 1
67 67 55 1 59 120 70 1 16 55 13 1 6 45 1 1 20 21 23 1 29 40 46 1 72 31 36 1 14 67 47 1 69 32 45 1 46 57 87 1 56 77 95 1 119 117 96 1 58 79 93 1 21 53 29 1 45 80 59 1 93 99 47 1 84 84 53 1 75 98 32 1 37 41 33 1 58 61 25 1 63 84 49 1 80 81 78 1 0 35 30 1 57 68 53 1 51 66 59 1 35 40 10 1 123 107 74 1 69 61 56 1 15 21 45 1 79 81 68 1 74 64 31 1 59 72 63 1 82 95 66 1 72 77 34 1 5 72 86 1 0 44 0 1 36 39 16 1 35 17 39 1 4 47 0 1 9 69 29 1 62 68 37 1 49 81 63 1 0 72 20 1 25 46 16 1 46 35 20 1 11 25 21 1 23 59 68 1 57 39 64 1 49 75 32 1 21 77 23 1 0 0 0 0 0 0 0 0 55 79 29 1 32 80 80 1 25 44 10 1 66 75 54 1 74 103 55 1 29 81 40 1 80 42 21 1 14 58 32 1 22 28 0 1 33 78 12 1 28 51 39 1 36 95 26 1 62 44 75 1 53 93 67 1 89 66 64 1 39 90 69 1 27 70 41 1 67 9 53 1 0 0 0 0 28 34 7 1
0 0 0 0 120 116 95 1 0 0 0 0 0 14 42 1 22 43 31 1 0 20 6 1 86 73 73 1 164 133 109 1 106 83 39 1 81 75 63 1 110 117 82 1 21 66 41 1 55 63 35 1 57 18 0 1 65 60 32 1 68 88 58 1 0 0 0 0 10 5 9 1 0 34 20 1 31 75 27 1 71 33 46 1 48 61 12 1 80 82 54 1 0 0 0 0 98 153 153 1 48 106 77 1 55 79 34 1 48 69 35 1 43 46 45 1 13 34 59 1 32 34 43 1 28 0 6 1 27 7 3 1 50 90 31 1 0 38 18 1 32 32 24 1 10 56 52 1 0 0 0 0 25 26 80 1 33 41 95 1 0 23 31 1 6 27 16 1 18 41 18 1 0 0 0 0 22 49 45 1 10 35 2 1 32 104 56 1 0 0 0 0 93 98 74 1 60 61 29 1 15 91 53 1 42 70 63 1 29 101 48 1 0 6 54 1 0 41 65 1 81 87 26 1 61 121 49 1 70 22 27 1 0 55 13 1 58 20 51 1 66 40 37 1 17 65 11 1 63 36 39 1 59 4 84 1 0 71 44 1 44 93 41 1 63 85 72 1 44 59 48 1 45 80 73 1 39 56 36 1 53 34 16 1 38 81 52 1
118 127 126 1 0 0 0 0 81 108 96 1 0 0 0 0 10 100 60 1 58 69 72 1 54 94 111 1 143 156 125 1 163 133 65 1 55 65 3 1 0 0 0 0 61 83 49 1 19 40 54 1 40 15 10 1 112 95 34 1 185 179 109 1 171 162 139 1 122 162 95 1 98 163 97 1 0 0 0 0 41 69 100 1 60 50 53 1 50 89 76 1 91 90 91 1 141 142 123 1 86 131 100 1 66 50 119 1 39 87 50 1 0 0 0 0 10 48 10 1 0 0 0 0 2 20 47 1 30 56 35 1 15 30 0 1 0 0 0 0 43 68 63 1 23 95 61 1 0 0 0 0 0 37 0 1 7 5 14 1 0 25 20 1 48 87 38 1 0 20 52 1 45 24 43 1 3 28 4 1 25 41 41 1 17 82 48 1 28 74 64 1 61 64 56 1 58 77 25 1 78 62 6 1 91 80 53 1 34 59 39 1 32 22 26 1 26 88 16 1 30 85 16 1 11 72 40 1 28 93 42 1 7 78 42 1 40 94 61 1 50 96 29 1 0 50 34 1 25 67 36 1 32 56 2 1 32 73 35 1 79 22 48 1 29 64 31 1 25 93 85 1 73 101 36 1 38 103 27 1 36 58 34 1 9 15 46 1
2 68 9 1 90 89 75 1 30 23 4 1 76 54 57 1 133 101 79 1 102 110 101 1 120 73 56 1 39 38 15 1 0 0 0 0 96 119 77 1 154 154 94 1 90 152 108 1 139 167 54 1 103 104 41 1 138 149 152 1 211 200 164 1 168 183 176 1 126 137 96 1 127 126 99 1 92 79 48 1 60 77 126 1 92 89 46 1 58 75 58 1 0 0 0 0 123 113 127 1 51 78 45 1 28 40 41 1 0 25 0 1 0 44 21 1 0 0 0 0 0 21 17 1 0 0 0 0 0 42 3 1 14 37 24 1 0 34 0 1 4 0 29 1 16 61 67 1 14 34 36 1 8 8 0 1 0 25 41 1 6 29 7 1 0 49 54 1 0 19 19 1 0 23 34 1 0 18 27 1 15 14 0 1 3 12 27 1 0 43 2 1 44 26 0 1 23 31 33 1 16 70 46 1 69 110 73 1 20 31 63 1 0 87 18 1 30 28 17 1 36 46 66 1 0 0 0 0 93 129 93 1 3 61 37 1 42 39 12 1 0 20 28 1 49 37 34 1 37 57 55 1 39 79 60 1 27 90 29 1 36 72 59 1 78 93 18 1 10 62 0 1 38 55 45 1 84 95 27 1 38 98 28 1 31 110 24 1
71 82 12 1 60 127 106 1 25 35 0 1 0 0 0 0 45 63 47 1 17 24 31 1 34 74 43 1 68 74 35 1 82 82 72 1 169 119 112 1 91 76 36 1 93 97 115 1 103 143 106 1 0 0 0 0 132 117 125 1 138 90 116 1 103 122 93 1 94 94 118 1 120 76 73 1 0 0 0 0 79 112 80 1 0 0 0 0 117 102 65 1 77 65 37 1 48 62 37 1 30 67 29 1 46 47 38 1 50 60 43 1 60 25 26 1 32 26 27 1 0 60 126 1 29 16 7 1 0 19 29 1 5 32 48 1 4 23 53 1 18 20 68 1 0 0 0 0 12 24 16 1 14 10 0 1 0 0 0 0 4 2 49 1 28 18 13 1 0 0 39 1 0 0 0 0 0 54 0 1 0 25 3 1 3 56 27 1 38 47 49 1 0 21 0 1 0 0 0 0 42 96 76 1 28 71 13 1 1 25 1 1 20 62 12 1 0 82 29 1 56 48 38 1 55 17 35 1 45 39 33 1 50 92 45 1 0 0 0 0 19 73 36 1 52 80 29 1 31 76 33 1 0 0 0 0 0 65 2 1 64 73 15 1 59 103 46 1 0 0 0 0 18 102 32 1 62 77 50 1 12 66 38 1 73 85 50 1
20 0 25 1 61 57 44 1 0 51 47 1 18 11 17 1 75 23 59 1 70 90 69 1 50 28 88 1 73 21 52 1 11 95 37 1 73 99 85 1 61 30 41 1 89 103 78 1 0 67 0 1 62 45 74 1 55 58 16 1 115 95 73 1 192 173 135 1 131 156 77 1 108 85 62 1 121 103 65 1 71 77 69 1 66 103 58 1 50 52 58 1 68 45 75 1 107 55 65 1 0 0 0 0 76 24 36 1 54 75 19 1 34 47 0 1 24 28 34 1 4 51 2 1 32 69 47 1 0 16 10 1 30 48 51 1 34 21 15 1 0 0 0 0 15 26 24 1 13 51 11 1 6 61 41 1 20 35 26 1 0 0 0 0 14 48 83 1 0 49 48 1 0 56 67 1 15 43 26 1 0 36 53 1 2 8 32 1 43 51 22 1 29 26 0 1 6 77 24 1 43 39 24 1 10 30 7 1 67 68 37 1 36 58 10 1 39 25 36 1 47 57 70 1 0 0 0 0 31 70 51 1 0 101 62 1 0 80 34 1 37 60 48 1 31 53 33 1 0 32 20 1 46 84 57 1 0 70 62 1 17 27 14 1 39 64 35 1 23 26 7 1 0 0 0 0 46 94 31 1 18 51 62 1 0 33 0 1
52 58 18 1 50 59 47 1 0 0 0 0 39 55 31 1 71 113 93 1 49 21 31 1 41 67 69 1 40 107 80 1 98 80 78 1 34 58 80 1 10 65 14 1 46 50 91 1 12 49 55 1 52 118 62 1 97 96 94 1 131 120 97 1 213 157 128 1 172 172 150 1 140 119 120 1 131 109 58 1 33 34 33 1 0 0 0 0 90 101 76 1 84 74 42 1 56 41 24 1 64 39 27 1 120 115 58 1 65 61 85 1 43 59 71 1 71 29 6 1 81 42 40 1 69 96 84 1 48 49 32 1 72 41 50 1 27 32 18 1 0 0 0 0 40 57 50 1 27 6 72 1 15 14 50 1 2 39 12 1 37 78 90 1 8 5 22 1 0 24 29 1 0 26 0 1 1 34 33 1 0 32 19 1 0 0 0 0 0 7 20 1 7 43 3 1 13 0 42 1 43 54 0 1 14 56 7 1 64 56 77 1 41 82 37 1 23 67 32 1 33 76 54 1 3 111 82 1 51 59 52 1 45 67 18 1 27 21 31 1 80 154 128 1 20 53 79 1 16 59 38 1 23 100 39 1 38 42 42 1 30 99 53 1 20 57 64 1 19 61 37 1 29 63 47 1 40 93 61 1 22 76 35 1 13 95 0 1
15 67 16 1 5 20 0 1 78 71 93 1 78 129 111 1 89 69 89 1 2 30 0 1 31 111 105 1 156 132 112 1 109 98 142 1 124 75 141 1 29 79 117 1 61 96 97 1 27 54 55 1 11 59 74 1 115 146 132 1 161 211 162 1 141 176 90 1 126 71 77 1 0 0 0 0 224 146 148 1 159 154 144 1 156 135 114 1 130 143 82 1 55 46 58 1 89 110 66 1 133 130 141 1 130 125 144 1 169 186 107 1 114 118 87 1 53 92 72 1 81 61 48 1 100 78 40 1 0 0 0 0 0 0 0 0 14 27 35 1 24 111 80 1 78 73 69 1 75 66 52 1 28 44 5 1 0 11 27 1 20 25 44 1 0 0 0 0 26 30 21 1 27 15 13 1 9 55 88 1 0 26 25 1 7 0 10 1 5 23 22 1 0 54 18 1 44 16 11 1 0 54 35 1 0 0 0 0 29 33 32 1 55 92 90 1 79 88 98 1 33 93 75 1 69 68 32 1 63 87 79 1 37 54 42 1 45 67 31 1 118 123 96 1 55 104 47 1 62 79 61 1 56 120 73 1 74 81 54 1 0 0 0 0 54 110 64 1 73 75 61 1 52 64 58 1 38 84 10 1 2 58 30 1 53 59 7 1
94 57 97 1 99 105 104 1 69 78 114 1 88 110 122 1 40 12 1 1 0 0 0 0 0 0 0 0 0 0 0 0 43 72 94 1 48 31 10 1 7 75 70 1 76 87 90 1 0 60 6 1 54 64 47 1 181 208 178 1 255 255 241 1 241 255 240 1 255 255 179 1 190 177 93 1 139 136 123 1 129 131 91 1 79 148 93 1 138 195 101 1 125 116 82 1 137 134 81 1 102 122 80 1 96 75 67 1 110 133 105 1 71 106 71 1 0 0 0 0 114 106 84 1 35 100 61 1 67 82 76 1 82 100 109 1 109 124 115 1 53 103 40 1 0 0 0 0 0 0 8 1 20 16 44 1 11 58 68 1 0 0 31 1 66 39 46 1 0 68 36 1 29 74 49 1 0 20 0 1 0 34 0 1 0 75 36 1 0 40 0 1 17 59 27 1 58 32 10 1 35 14 34 1 19 53 54 1 4 19 30 1 15 69 30 1 23 87 20 1 56 50 69 1 0 0 0 0 97 88 68 1 0 0 0 0 67 120 64 1 0 0 0 0 28 49 66 1 41 135 62 1 53 93 104 1 62 58 57 1 30 43 85 1 8 40 59 1 0 0 0 0 103 82 59 1 27 79 60 1 60 58 35 1 49 29 46 1
59 81 108 1 96 76 91 1 51 67 86 1 77 62 103 1 89 97 72 1 0 0 0 0 21 30 17 1 68 65 55 1 54 83 70 1 56 60 46 1 116 152 127 1 97 103 82 1 0 0 0 0 36 11 68 1 125 126 59 1 166 178 149 1 250 191 138 1 177 166 116 1 115 141 100 1 165 146 137 1 132 185 146 1 76 111 139 1 0 0 0 0 99 85 77 1 108 113 112 1 172 177 99 1 154 189 143 1 225 241 209 1 108 124 55 1 83 101 88 1 54 90 79 1 110 117 28 1 131 187 110 1 0 0 0 0 120 173 148 1 96 82 56 1 21 18 16 1 55 76 0 1 49 18 9 1 0 0 0 0 24 26 3 1 37 60 52 1 9 46 34 1 0 1 0 1 41 64 0 1 42 118 81 1 84 84 49 1 54 107 49 1 40 68 63 1 60 110 29 1 8 48 92 1 31 80 54 1 67 33 46 1 40 19 0 1 13 0 20 1 0 53 12 1 35 0 34 1 1 0 50 1 0 0 6 1 0 0 33 1 0 55 10 1 0 0 18 1 0 33 47 1 5 46 29 1 24 0 0 1 0 0 23 1 0 0 0 0 0 0 0 0 22 81 80 1 44 75 68 1 37 118 67 1 47 63 55 1
88 95 155 1 0 0 0 0 19 38 48 1 0 45 33 1 0 0 0 0 69 67 80 1 0 0 0 0 0 0 0 0 234 255 195 1 141 149 131 1 41 126 106 1 86 73 40 1 61 81 7 1 111 122 66 1 219 215 198 1 104 132 107 1 139 152 118 1 0 0 0 0 113 111 81 1 48 73 24 1 97 100 39 1 80 59 28 1 58 38 27 1 136 120 71 1 90 134 97 1 0 0 0 0 122 98 102 1 139 142 118 1 255 230 222 1 240 237 190 1 0 0 0 0 154 173 143 1 151 138 132 1 119 113 99 1 108 109 84 1 114 115 100 1 84 111 64 1 24 25 11 1 11 61 32 1 33 31 62 1 78 73 67 1 32 74 11 1 2 7 0 1 32 41 47 1 101 154 106 1 0 0 0 0 11 73 3 1 71 61 41 1 54 75 54 1 0 0 0 0 15 37 25 1 30 54 90 1 5 86 59 1 0 41 22 1 0 0 0 0 0 0 0 0 23 33 16 1 0 12 31 1 24 17 34 1 14 35 44 1 50 53 57 1 0 0 0 0 0 31 0 1 0 17 0 1 0 12 0 1 9 22 44 1 14 45 0 1 4 2 23 1 0 12 19 1 25 33 0 1 0 58 0 1 0 0 0 0
44 0 23 1 75 75 78 1 149 123 99 1 169 195 174 1 104 139 124 1 163 184 132 1 246 255 184 1 255 244 255 1 255 246 247 1 220 201 138 1 226 158 148 1 134 200 107 1 145 143 93 1 172 148 177 1 0 0 0 0 139 174 141 1 125 142 76 1 224 222 207 1 181 180 146 1 133 141 124 1 123 94 55 1 0 0 0 0 79 56 95 1 95 122 61 1 107 116 99 1 138 176 120 1 173 150 105 1 207 194 180 1 117 122 90 1 89 92 82 1 39 70 19 1 107 85 52 1 121 91 60 1 65 58 24 1 89 104 101 1 100 147 105 1 87 117 49 1 61 118 59 1 0 0 0 0 67 107 87 1 92 74 56 1 81 88 82 1 117 84 99 1 73 131 98 1 32 62 16 1 32 24 33 1 89 115 38 1 0 0 0 0 0 87 45 1 47 75 33 1 24 33 11 1 29 28 29 1 0 0 0 0 0 7 0 1 0 0 0 0 0 0 0 0 0 0 0 1 3 38 22 1 9 25 11 1 9 0 0 1 0 0 0 0 10 0 11 1 17 27 36 1 18 58 34 1 22 45 25 1 20 52 6 1 69 48 58 1 0 0 0 0 0 0 0 0 38 64 40 1 0 38 7 1 0 42 14 1
182 189 165 1 0 0 0 0 255 255 244 1 195 247 224 1 229 211 198 1 232 221 255 1 255 255 255 1 222 255 229 1 255 255 243 1 195 194 143 1 191 143 128 1 122 171 122 1 165 181 119 1 117 157 122 1 234 251 247 1 242 255 249 1 171 239 208 1 120 99 111 1 98 138 88 1 125 107 95 1 95 105 81 1 117 104 66 1 119 118 111 1 131 127 119 1 124 153 93 1 53 78 81 1 0 0 0 0 0 0 0 0 5 74 25 1 75 74 99 1 109 116 90 1 137 155 110 1 123 177 100 1 40 62 17 1 16 68 46 1 75 87 81 1 52 113 46 1 146 110 108 1 224 191 184 1 0 0 0 0 0 0 0 0 166 140 123 1 0 0 0 0 129 122 86 1 27 69 66 1 17 48 80 1 0 0 0 0 55 50 19 1 22 69 30 1 22 50 54 1 0 0 0 0 6 106 18 1 35 26 25 1 0 0 0 0 42 50 14 1 17 17 0 1 0 75 14 1 19 33 25 1 13 14 4 1 0 16 24 1 9 75 53 1 2 25 4 1 0 0 0 0 48 0 1 1 12 12 61 1 6 36 40 1 0 0 0 0 33 39 36 1 34 60 85 1 29 41 36 1 53 47 0 1 0 37 0 1
248 252 206 1 255 231 204 1 225 214 203 1 224 217 159 1 222 209 167 1 179 213 126 1 229 212 202 1 242 255 199 1 200 183 152 1 255 254 216 1 176 168 177 1 154 145 116 1 175 141 83 1 182 184 152 1 255 255 201 1 0 0 0 0 143 185 110 1 124 149 75 1 196 181 185 1 226 216 156 1 194 185 147 1 91 191 82 1 110 157 87 1 152 148 113 1 142 150 111 1 96 124 70 1 99 114 84 1 0 0 0 0 70 111 109 1 88 103 76 1 106 102 88 1 50 38 39 1 124 125 82 1 145 94 84 1 183 176 155 1 214 238 195 1 255 255 230 1 0 0 0 0 219 206 199 1 171 162 136 1 210 173 133 1 140 186 98 1 88 77 56 1 43 31 46 1 44 38 0 1 66 70 27 1 4 52 36 1 43 96 51 1 64 26 39 1 0 45 50 1 0 50 67 1 0 0 0 1 2 65 2 1 0 8 23 1 0 17 22 1 16 36 57 1 0 1 8 1 0 42 0 1 20 22 28 1 20 65 39 1 41 47 19 1 40 26 41 1 9 57 33 1 60 67 51 1 33 66 59 1 46 64 0 1 22 23 65 1 44 29 64 1 0 10 0 1 13 56 2 1 15 28 2 1 0 17 43 1
213 228 177 1 207 185 175 1 0 0 0 0 189 159 116 1 186 177 115 1 191 186 164 1 175 191 161 1 214 208 186 1 201 143 134 1 156 154 108 1 153 121 106 1 143 183 111 1 118 98 73 1 130 126 131 1 241 226 234 1 255 254 208 1 255 221 254 1 228 237 217 1 141 140 90 1 180 111 126 1 186 117 116 1 0 0 0 0 170 131 95 1 69 70 50 1 38 71 67 1 62 97 79 1 52 60 35 1 44 84 17 1 41 42 60 1 25 56 8 1 73 93 58 1 91 79 89 1 117 149 143 1 181 140 158 1 222 193 189 1 255 219 197 1 255 252 255 1 255 254 209 1 0 0 0 0 224 195 202 1 156 126 95 1 95 88 51 1 121 85 68 1 74 81 31 1 122 65 26 1 35 55 35 1 43 124 59 1 54 52 97 1 24 49 82 1 28 28 12 1 41 29 21 1 20 25 0 1 2 22 27 1 0 31 24 1 0 0 0 0 0 0 0 0 0 44 0 1 5 66 1 1 0 23 36 1 9 46 0 1 24 56 42 1 0 0 0 0 0 33 23 1 21 32 24 1 46 56 72 1 50 80 21 1 39 62 84 1 25 74 36 1 33 73 27 1 21 62 8 1 16 1 0 1 0 34 19 1
255 234 193 1 241 191 134 1 205 169 122 1 170 196 120 1 192 153 85 1 168 137 154 1 159 159 119 1 167 174 121 1 211 152 125 1 182 148 105 1 154 98 122 1 169 114 70 1 83 104 39 1 155 195 130 1 207 255 204 1 0 0 0 0 251 228 255 1 255 250 194 1 0 0 0 0 174 153 122 1 0 0 0 0 0 54 7 1 77 79 18 1 45 16 13 1 10 57 0 1 85 83 70 1 103 117 71 1 55 97 29 1 43 90 22 1 52 79 52 1 104 152 100 1 137 138 159 1 133 108 74 1 169 139 121 1 0 0 0 0 255 246 197 1 250 194 192 1 204 212 176 1 199 196 129 1 135 149 123 1 0 0 0 0 141 119 52 1 59 71 64 1 45 115 55 1 0 0 0 0 26 51 45 1 0 6 51 1 0 67 0 1 39 44 8 1 14 38 0 1 33 37 34 1 18 13 69 1 0 29 50 1 9 42 37 1 21 9 40 1 2 74 67 1 0 31 41 1 0 0 2 1 0 41 17 1 28 84 67 1 0 0 0 0 36 92 79 1 57 76 76 1 28 84 30 1 0 0 0 0 42 74 45 1 88 114 59 1 28 47 31 1 0 0 0 0 0 12 14 1 0 0 0 1 11 53 33 1
161 154 78 1 169 160 100 1 181 130 102 1 178 148 97 1 127 138 95 1 156 166 87 1 163 182 128 1 106 85 66 1 113 101 85 1 155 132 72 1 159 137 123 1 123 111 79 1 83 45 21 1 179 158 150 1 223 197 149 1 188 213 174 1 210 185 160 1 233 244 255 1 236 194 151 1 209 228 154 1 131 120 120 1 77 41 1 1 66 90 69 1 86 63 63 1 0 0 0 0 46 53 51 1 3 70 30 1 0 0 0 0 49 100 14 1 55 64 52 1 57 69 46 1 0 93 36 1 82 66 35 1 106 120 111 1 205 217 207 1 172 174 140 1 197 167 128 1 189 149 107 1 224 165 145 1 136 124 136 1 200 187 157 1 108 117 57 1 53 113 27 1 46 54 52 1 61 112 46 1 61 81 58 1 18 88 46 1 103 29 59 1 0 51 0 1 0 0 0 0 0 37 41 1 4 0 41 1 14 38 27 1 47 37 44 1 0 8 36 1 0 53 27 1 21 57 0 1 0 50 2 1 0 0 0 0 104 87 76 1 34 40 36 1 0 0 0 0 70 34 0 1 1 57 0 1 0 27 6 1 44 70 55 1 45 39 56 1 6 25 8 1 0 12 15 1 4 16 5 1 43 22 6 1 0 42 4 1
153 133 94 1 115 106 44 1 132 84 102 1 131 106 105 1 92 145 57 1 116 115 81 1 139 132 104 1 112 110 83 1 103 76 84 1 150 94 103 1 131 106 81 1 28 58 0 1 91 78 46 1 216 232 225 1 154 164 102 1 146 137 64 1 157 152 123 1 200 166 170 1 122 104 110 1 123 90 70 1 157 133 78 1 98 89 67 1 80 103 50 1 34 72 3 1 0 0 0 0 52 64 58 1 7 27 57 1 5 0 35 1 8 7 15 1 84 89 77 1 49 45 49 1 24 23 58 1 113 75 94 1 153 164 132 1 255 182 147 1 177 134 129 1 157 155 161 1 101 125 82 1 89 120 73 1 141 115 88 1 84 102 36 1 0 0 0 0 52 63 54 1 39 79 13 1 0 27 10 1 0 19 7 1 56 46 6 1 0 22 0 1 13 34 15 1 58 90 67 1 3 61 47 1 5 56 54 1 17 55 30 1 13 9 8 1 0 38 35 1 2 89 82 1 30 64 50 1 35 52 0 1 39 81 32 1 37 113 84 1 10 32 19 1 0 0 0 0 0 0 0 1 19 53 24 1 95 85 51 1 0 0 0 0 30 62 57 1 0 15 22 1 0 0 29 1 9 10 40 1 0 25 5 1 0 31 41 1
172 192 113 1 114 112 51 1 153 102 77 1 57 91 31 1 0 56 21 1 102 84 66 1 113 107 92 1 90 108 39 1 90 134 114 1 65 127 39 1 110 103 58 1 93 67 43 1 59 69 8 1 67 95 60 1 129 145 111 1 125 95 135 1 94 76 50 1 148 158 146 1 60 62 29 1 76 61 49 1 80 82 27 1 98 123 69 1 0 0 0 0 52 78 69 1 37 64 25 1 0 0 0 0 0 32 26 1 0 27 24 1 26 66 61 1 0 21 57 1 27 61 47 1 109 97 60 1 0 0 0 0 154 125 126 1 129 123 119 1 104 108 101 1 130 77 111 1 134 115 50 1 67 73 128 1 59 77 66 1 0 0 0 0 101 81 59 1 27 63 45 1 57 38 60 1 0 39 36 1 23 52 34 1 18 23 2 1 0 52 30 1 15 60 23 1 25 37 71 1 6 35 70 1 34 27 61 1 21 51 46 1 39 37 0 1 34 30 40 1 41 43 52 1 15 50 51 1 0 65 40 1 0 0 0 1 15 53 4 1 23 4 0 1 43 38 1 1 59 58 77 1 62 67 52 1 35 55 32 1 0 33 38 1 0 36 28 1 0 0 0 0 16 30 43 1 3 45 12 1 0 67 0 1 0 4 0 1
220 196 158 1 0 0 0 0 107 126 64 1 48 81 38 1 26 28 41 1 2 59 38 1 62 100 73 1 110 123 70 1 61 116 81 1 71 70 59 1 0 0 0 0 35 48 0 1 0 0 0 0 78 96 45 1 109 109 66 1 53 55 46 1 88 69 36 1 220 208 172 1 0 0 0 0 33 32 6 1 101 75 91 1 0 0 0 0 38 18 57 1 57 30 28 1 57 44 79 1 0 0 0 0 21 49 45 1 9 17 10 1 10 33 14 1 33 42 37 1 0 0 0 0 50 49 9 1 24 70 9 1 32 89 0 1 0 0 0 0 115 139 125 1 65 132 116 1 39 104 8 1 28 24 4 1 36 42 0 1 0 0 0 0 75 83 80 1 11 7 11 1 0 7 31 1 74 102 49 1 101 151 110 1 32 16 14 1 30 13 37 1 0 14 21 1 23 56 37 1 27 0 54 1 0 0 0 0 0 59 1 1 33 40 44 1 14 74 45 1 8 20 66 1 4 65 24 1 37 40 0 1 0 0 0 1 0 0 0 0 79 104 96 1 53 59 73 1 55 53 68 1 43 66 36 1 21 61 73 1 43 51 25 1 0 17 0 1 0 54 8 1 0 42 34 1 0 55 5 1 0 47 57 1 2 32 14 1
41 58 21 1 108 124 101 1 49 122 28 1 104 96 77 1 49 98 109 1 0 6 9 1 0 56 15 1 0 0 0 0 93 106 75 1 94 114 120 1 118 65 43 1 0 0 0 0 54 80 60 1 69 73 27 1 106 114 97 1 43 40 40 1 106 77 97 1 157 145 81 1 127 163 153 1 111 92 49 1 56 83 40 1 128 127 117 1 71 146 78 1 28 60 43 1 52 57 21 1 41 0 0 1 16 48 24 1 72 28 29 1 0 49 28 1 42 42 30 1 5 0 0 1 70 54 73 1 89 101 86 1 140 181 112 1 188 219 199 1 151 171 98 1 96 125 82 1 118 96 96 1 71 64 26 1 0 0 0 0 28 21 0 1 0 0 0 0 45 59 73 1 117 141 88 1 81 94 104 1 132 93 100 1 0 0 0 0 0 0 0 0 26 52 35 1 50 101 49 1 54 106 54 1 72 57 41 1 0 0 0 0 0 12 0 1 0 80 21 1 57 35 69 1 13 0 0 1 34 111 78 1 78 74 14 1 136 101 134 1 143 131 79 1 35 66 45 1 0 0 0 0 48 74 57 1 54 29 51 1 17 30 18 1 23 78 13 1 13 0 1 1 0 25 56 1 0 0 0 0 8 25 56 1 12 57 15 1
0 0 0 0 138 122 98 1 80 73 63 1 85 113 54 1 0 0 0 0 64 53 84 1 13 79 10 1 0 3 0 1 35 0 1 1 71 81 81 1 97 125 92 1 0 0 0 0 31 66 20 1 62 76 34 1 48 104 74 1 23 55 36 1 0 0 0 0 40 72 43 1 51 43 27 1 91 66 35 1 96 77 17 1 61 58 69 1 29 67 41 1 66 50 115 1 20 39 64 1 41 33 0 1 42 54 56 1 43 74 50 1 6 79 0 1 73 28 30 1 0 0 0 0 183 217 143 1 0 0 0 0 172 152 104 1 112 148 74 1 77 65 43 1 97 54 62 1 150 160 101 1 73 110 67 1 0 0 0 0 0 0 0 0 100 70 48 1 125 149 94 1 123 145 142 1 37 31 38 1 67 97 99 1 80 116 76 1 31 53 36 1 31 76 32 1 61 87 86 1 31 70 71 1 63 67 53 1 0 0 0 0 23 58 34 1 15 56 31 1 83 56 44 1 50 31 0 1 55 92 105 1 88 78 93 1 63 72 25 1 51 116 16 1 15 0 0 1 62 64 41 1 12 41 50 1 0 33 11 1 29 50 15 1 0 19 7 1 36 62 12 1 0 0 0 0 0 25 37 1 0 61 16 1 7 16 30 1
191 184 155 1 208 195 160 1 252 255 150 1 197 193 185 1 22 37 12 1 0 2 18 1 38 60 0 1 81 61 11 1 0 41 24 1 17 23 14 1 0 0 0 0 76 69 84 1 0 0 0 0 36 109 48 1 46 105 33 1 41 126 52 1 12 69 31 1 87 108 100 1 91 59 54 1 43 83 50 1 99 69 92 1 75 77 51 1 69 92 93 1 0 0 0 0 0 6 39 1 67 38 54 1 3 72 11 1 35 51 24 1 94 85 72 1 99 107 131 1 110 99 79 1 204 168 176 1 172 150 97 1 179 139 83 1 145 133 99 1 64 59 11 1 35 41 0 1 9 6 0 1 35 61 16 1 76 81 82 1 97 125 103 1 81 103 112 1 30 55 69 1 75 108 78 1 28 80 62 1 60 83 42 1 66 3 17 1 10 52 4 1 29 52 14 1 35 70 25 1 33 53 0 1 50 85 50 1 52 75 76 1 46 61 15 1 0 41 8 1 62 95 80 1 87 124 67 1 72 92 46 1 75 57 53 1 72 71 28 1 96 94 56 1 36 8 87 1 66 79 83 1 20 53 20 1 22 35 0 1 0 0 0 0 0 43 80 1 0 70 29 1 0 62 30 1 12 0 8 1 0 27 18 1 39 52 19 1
229 187 165 1 202 172 176 1 248 225 160 1 0 0 0 0 219 248 210 1 39 57 21 1 0 34 0 1 1 38 22 1 12 51 49 1 27 49 74 1 0 32 12 1 51 51 64 1 50 80 76 1 10 29 6 1 39 56 54 1 0 0 0 0 48 71 55 1 24 40 20 1 19 44 33 1 48 90 20 1 73 55 35 1 126 100 74 1 102 95 108 1 0 43 8 1 4 52 30 1 37 53 73 1 24 52 17 1 68 123 76 1 110 97 109 1 109 147 114 1 77 105 53 1 174 232 146 1 137 149 105 1 104 79 53 1 183 149 108 1 235 246 164 1 231 186 146 1 0 0 0 0 101 56 57 1 157 116 87 1 157 171 85 1 52 113 74 1 60 120 63 1 74 64 66 1 55 32 39 1 39 73 16 1 0 0 0 0 0 59 5 1 28 81 44 1 0 0 0 0 90 68 38 1 62 78 75 1 25 41 40 1 0 29 38 1 27 24 0 1 108 127 67 1 114 93 97 1 119 113 64 1 94 73 46 1 0 0 0 0 36 70 29 1 91 70 16 1 39 45 56 1 48 41 0 1 15 13 0 1 0 18 55 1 28 58 61 1 0 0 0 0 0 11 40 1 43 40 0 1 0 3 15 1 33 18 0 1
123 148 108 1 130 140 68 1 0 0 0 0 164 146 108 1 231 201 180 1 62 74 33 1 87 65 62 1 75 62 54 1 34 43 32 1 85 128 121 1 100 95 95 1 56 92 27 1 66 93 67 1 50 62 31 1 53 65 95 1 0 0 0 0 27 110 64 1 49 32 41 1 93 78 37 1 0 0 0 0 0 0 0 0 74 93 90 1 52 39 74 1 62 35 13 1 25 76 30 1 12 40 33 1 0 0 0 0 0 0 0 0 0 0 0 0 64 89 93 1 67 79 111 1 163 141 145 1 99 101 112 1 73 86 10 1 0 0 0 0 165 136 120 1 171 159 129 1 169 179 106 1 0 0 0 0 60 0 0 1 95 119 19 1 140 122 80 1 93 108 36 1 66 91 22 1 0 18 15 1 17 76 33 1 33 24 0 1 0 0 0 0 23 38 7 1 12 51 31 1 0 32 0 1 55 72 4 1 86 84 96 1 93 87 72 1 30 46 11 1 124 149 56 1 103 148 75 1 66 73 80 1 69 121 82 1 37 24 65 1 15 49 72 1 0 0 0 0 20 59 17 1 16 0 10 1 10 32 25 1 0 0 0 0 0 0 0 0 0 48 1 1 7 48 14 1 6 62 25 1 74 24 57 1 14 67 0 1
126 97 79 1 150 122 74 1 54 112 62 1 108 107 75 1 121 118 104 1 102 112 84 1 56 43 10 1 72 111 84 1 57 63 32 1 78 122 76 1 112 129 88 1 41 65 38 1 0 0 0 0 56 82 75 1 82 99 49 1 47 93 31 1 0 0 0 0 53 62 12 1 42 39 56 1 119 87 60 1 126 160 100 1 98 144 47 1 35 78 83 1 30 39 0 1 24 19 37 1 0 29 22 1 26 17 32 1 132 133 145 1 131 118 136 1 23 51 34 1 104 98 75 1 104 106 62 1 101 29 40 1 114 84 57 1 133 91 53 1 113 145 67 1 106 112 82 1 134 140 80 1 188 128 82 1 118 114 49 1 0 0 0 0 76 96 40 1 121 167 111 1 89 161 74 1 53 65 37 1 76 80 69 1 0 0 0 0 0 0 0 0 47 37 42 1 52 28 36 1 9 54 81 1 53 104 56 1 17 57 69 1 39 54 38 1 0 0 0 0 75 112 56 1 0 0 0 0 113 44 25 1 71 91 73 1 0 32 52 1 56 95 37 1 40 64 53 1 67 58 27 1 30 31 34 1 49 64 24 1 65 90 68 1 35 30 19 1 0 40 26 1 0 21 40 1 0 53 49 1 49 96 48 1 0 40 0 1
187 189 125 1 66 87 48 1 0 0 0 0 72 47 70 1 51 115 99 1 60 73 33 1 0 0 0 0 53 91 63 1 41 75 98 1 119 140 69 1 138 108 123 1 103 149 93 1 60 26 40 1 13 23 68 1 88 51 48 1 46 37 43 1 79 114 96 1 46 73 84 1 101 149 77 1 105 106 82 1 97 94 80 1 121 135 73 1 47 63 32 1 0 0 23 1 0 0 0 0 43 29 13 1 79 58 83 1 103 69 59 1 20 43 0 1 21 35 50 1 120 103 154 1 44 62 27 1 58 1 0 1 57 80 11 1 97 75 73 1 85 88 74 1 119 91 89 1 99 109 112 1 105 109 89 1 159 171 138 1 153 131 95 1 60 106 46 1 45 71 0 1 91 131 48 1 11 44 8 1 31 62 66 1 0 0 0 0 69 48 50 1 24 68 118 1 45 83 41 1 46 64 50 1 0 54 0 1 59 61 37 1 47 18 38 1 64 77 16 1 139 158 131 1 73 101 83 1 60 111 50 1 94 139 90 1 4 62 76 1 33 1 26 1 48 53 51 1 45 40 15 1 62 68 17 1 93 78 15 1 11 43 43 1 11 0 10 1 0 6 0 1 2 72 31 1 5 14 55 1 65 9 55 1 24 40 63 1
0 0 0 0 69 46 69 1 21 43 62 1 18 15 68 1 23 46 32 1 59 88 42 1 76 86 39 1 43 57 43 1 90 131 89 1 77 82 28 1 60 65 88 1 136 94 117 1 39 102 23 1 56 119 62 1 55 88 42 1 21 53 46 1 117 120 117 1 56 94 40 1 67 100 89 1 96 105 20 1 66 105 54 1 65 84 38 1 0 0 0 0 45 55 37 1 20 51 24 1 27 30 0 1 96 109 10 1 0 0 0 0 6 34 11 1 120 131 69 1 142 177 130 1 15 33 0 1 66 109 71 1 123 124 146 1 115 106 85 1 101 45 54 1 41 4 0 1 11 21 0 1 0 0 0 0 111 130 93 1 134 134 92 1 0 0 0 0 23 61 20 1 114 106 110 1 72 83 57 1 1 67 13 1 58 53 19 1 2 63 2 1 54 33 25 1 35 61 59 1 67 84 81 1 121 89 117 1 72 70 29 1 99 80 72 1 69 71 45 1 192 236 166 1 129 188 89 1 43 77 5 1 54 79 22 1 0 0 0 0 0 0 0 0 0 0 0 0 70 60 89 1 143 135 85 1 70 77 63 1 0 0 0 0 30 71 0 1 0 58 57 1 47 64 71 1 16 19 41 1 78 67 45 1 0 68 44 1
144 111 105 1 113 114 126 1 0 0 0 0 0 40 6 1 4 40 0 1 16 100 51 1 39 27 15 1 34 101 42 1 35 45 15 1 75 108 98 1 111 112 40 1 188 175 148 1 69 71 80 1 41 65 55 1 55 36 73 1 3 0 27 1 99 138 86 1 0 0 0 0 64 21 29 1 72 67 50 1 67 77 72 1 44 26 9 1 16 0 54 1 116 142 138 1 78 29 101 1 80 145 46 1 82 13 34 1 37 25 28 1 93 85 71 1 118 163 106 1 0 0 0 0 51 14 0 1 104 103 57 1 86 41 56 1 79 65 43 1 23 59 0 1 100 115 60 1 74 95 111 1 109 112 71 1 58 126 74 1 53 58 12 1 53 76 26 1 69 62 39 1 101 106 25 1 73 103 111 1 114 130 69 1 0 0 0 0 77 96 82 1 75 91 67 1 41 32 52 1 87 70 62 1 81 106 40 1 88 126 67 1 71 74 106 1 51 37 47 1 0 0 0 0 43 71 37 1 15 52 1 1 61 62 84 1 16 8 7 1 0 6 57 1 34 57 97 1 0 0 0 0 75 42 75 1 94 67 9 1 11 91 38 1 0 43 10 1 31 41 43 1 21 53 39 1 0 42 6 1 0 17 54 1 38 70 31 1
74 132 106 1 153 143 134 1 76 125 88 1 35 83 12 1 42 29 13 1 55 98 23 1 101 89 75 1 54 51 19 1 45 98 46 1 76 111 16 1 107 124 70 1 184 198 180 1 94 115 93 1 0 0 0 0 12 128 47 1 22 49 49 1 61 129 44 1 45 79 68 1 69 71 25 1 56 95 47 1 83 61 67 1 32 64 42 1 0 0 0 0 55 73 79 1 31 16 3 1 107 124 106 1 0 0 0 0 151 133 82 1 92 132 68 1 175 155 87 1 71 87 70 1 87 130 69 1 104 122 94 1 54 41 20 1 77 63 24 1 9 56 33 1 38 60 66 1 52 101 102 1 83 44 55 1 88 113 99 1 25 29 58 1 88 100 84 1 0 0 0 0 103 102 119 1 99 110 114 1 160 158 114 1 0 0 0 0 172 179 174 1 158 177 124 1 149 142 128 1 209 153 138 1 228 203 175 1 251 240 190 1 156 159 142 1 177 224 132 1 172 152 111 1 70 44 47 1 58 57 0 1 56 22 24 1 60 37 51 1 0 0 0 0 43 21 58 1 52 40 82 1 53 58 68 1 47 29 18 1 36 28 46 1 39 48 0 1 34 38 3 1 57 71 52 1 60 79 2 1 27 16 76 1 76 74 85 1
51 29 51 1 67 76 64 1 91 62 64 1 57 81 35 1 58 36 52 1 56 90 36 1 108 150 74 1 70 45 0 1 21 73 39 1 78 60 10 1 0 0 0 0 35 90 21 1 55 95 86 1 0 0 0 0 52 109 51 1 35 71 19 1 50 101 48 1 34 54 72 1 82 109 92 1 0 0 0 0 35 67 63 1 0 44 66 1 6 82 58 1 23 41 58 1 0 105 29 1 16 71 43 1 68 57 39 1 0 0 0 0 99 104 94 1 92 151 55 1 0 0 0 0 65 63 51 1 123 153 82 1 25 4 0 1 63 41 33 1 0 0 0 0 0 49 66 1 49 61 69 1 53 80 61 1 96 77 63 1 161 163 109 1 218 222 164 1 185 204 167 1 143 172 187 1 127 144 117 1 161 139 177 1 213 144 173 1 228 187 160 1 0 0 0 0 153 142 112 1 128 142 142 1 130 108 118 1 188 169 125 1 139 124 37 1 170 166 115 1 0 0 0 0 0 0 0 0 82 83 32 1 58 39 22 1 0 0 0 0 0 55 3 1 0 0 0 0 100 135 54 1 33 40 0 1 44 3 56 1 0 0 0 0 8 80 4 1 54 81 28 1 89 63 67 1 0 0 0 0 60 40 42 1 26 29 51 1