4
388 1453 121 68
95 128 120 1 158 100 82 1 135 68 85 1 0 0 0 0 102 81 75 1 48 94 51 1 93 105 91 1 95 96 73 1 39 115 74 1 38 79 104 1 56 79 88 1 82 79 78 1 92 96 87 1 77 70 85 1 75 94 63 1 0 0 0 0 60 75 93 1 87 79 74 1 72 75 83 1 42 41 62 1 54 57 20 1 31 79 32 1 0 16 0 1 0 39 55 1 5 60 8 1 6 9 1 1 45 50 39 1 20 91 99 1 66 85 46 1 48 50 42 1 70 53 55 1 83 115 72 1 65 114 39 1 81 98 86 1 107 104 34 1 100 90 61 1 87 109 30 1 99 128 62 1 74 71 51 1 89 71 51 1 84 65 64 1 78 98 96 1 117 70 96 1 114 90 35 1 90 59 63 1 75 71 53 1 28 75 35 1 66 71 50 1 79 75 88 1 74 72 57 1 71 68 71 1 40 56 70 1 57 47 72 1 47 54 35 1 38 43 66 1 0 92 34 1 9 68 54 1 28 82 40 1 27 81 46 1 21 84 67 1 62 60 51 1 69 38 57 1 66 44 89 1 73 119 90 1 83 92 69 1 73 70 84 1 110 89 60 1 40 44 44 1
68 88 97 1 108 86 77 1 62 87 84 1 90 88 76 1 51 104 65 1 68 103 72 1 62 100 65 1 94 124 95 1 85 123 90 1 6 87 61 1 80 86 47 1 15 123 66 1 66 71 60 1 58 102 47 1 60 72 77 1 82 89 63 1 51 88 78 1 88 97 58 1 59 112 50 1 11 44 60 1 27 58 53 1 0 52 51 1 0 31 0 1 18 31 32 1 0 48 10 1 67 72 34 1 84 97 66 1 42 96 52 1 51 107 36 1 54 101 48 1 20 56 47 1 54 55 75 1 33 60 79 1 78 100 79 1 0 0 0 0 156 125 69 1 132 106 68 1 103 117 100 1 136 96 57 1 0 0 0 0 99 89 86 1 0 0 0 0 72 99 59 1 75 77 37 1 76 97 80 1 52 91 59 1 100 72 56 1 71 49 58 1 76 73 56 1 70 55 47 1 59 54 70 1 21 67 63 1 25 93 46 1 6 81 26 1 0 0 0 0 26 68 30 1 21 57 71 1 0 0 0 0 0 0 0 0 46 50 50 1 53 69 77 1 51 76 25 1 23 68 79 1 81 71 118 1 77 119 58 1 79 79 88 1 0 0 0 0 75 47 44 1
30 81 32 1 56 99 68 1 87 110 85 1 47 103 86 1 90 134 71 1 82 144 101 1 54 104 89 1 75 64 63 1 94 81 64 1 63 76 46 1 113 80 58 1 83 106 55 1 14 96 72 1 0 0 0 0 75 106 26 1 0 0 0 0 0 0 0 0 48 43 76 1 0 0 0 0 21 41 45 1 0 27 32 1 0 44 59 1 0 49 72 1 33 55 38 1 9 42 16 1 82 62 50 1 31 88 72 1 54 44 84 1 46 96 52 1 46 63 53 1 93 110 120 1 0 0 0 0 17 93 62 1 58 90 53 1 0 0 0 0 106 122 100 1 122 154 87 1 116 107 83 1 112 132 98 1 122 98 90 1 123 114 99 1 54 84 60 1 68 90 70 1 57 72 69 1 45 70 95 1 78 69 49 1 86 46 65 1 0 0 0 0 27 54 97 1 30 35 41 1 54 84 55 1 41 65 22 1 74 63 29 1 40 47 50 1 41 92 47 1 44 38 38 1 39 80 55 1 27 53 105 1 19 92 72 1 0 0 0 0 51 49 81 1 87 55 49 1 51 90 37 1 92 110 60 1 80 68 78 1 83 85 80 1 74 75 44 1 41 52 43 1
45 127 92 1 0 0 0 0 79 52 58 1 48 113 77 1 77 75 100 1 98 108 82 1 52 96 75 1 60 111 51 1 68 113 52 1 51 91 92 1 0 0 0 0 62 96 36 1 12 79 49 1 50 23 39 1 62 115 62 1 49 106 65 1 64 81 84 1 41 93 65 1 35 31 37 1 5 53 22 1 0 48 31 1 0 71 63 1 0 37 9 1 1 24 76 1 0 15 45 1 0 39 47 1 79 121 30 1 81 96 93 1 49 90 44 1 15 74 95 1 0 0 0 0 17 102 88 1 28 99 15 1 65 63 56 1 84 112 8 1 102 141 53 1 81 66 48 1 119 128 69 1 127 92 78 1 100 151 120 1 117 116 99 1 91 115 72 1 89 89 70 1 79 49 75 1 71 22 51 1 63 93 10 1 54 53 71 1 88 22 42 1 30 70 46 1 0 0 0 0 25 60 80 1 17 70 86 1 17 79 3 1 58 84 38 1 72 70 41 1 39 81 47 1 75 72 60 1 42 49 67 1 62 95 61 1 71 64 84 1 19 25 43 1 47 71 90 1 68 61 47 1 49 90 33 1 89 41 48 1 76 85 92 1 72 35 38 1 0 0 0 0
80 104 75 1 30 76 68 1 18 71 41 1 33 99 43 1 86 174 92 1 72 108 99 1 53 74 37 1 70 78 39 1 0 0 0 0 78 62 66 1 0 0 0 0 57 86 26 1 63 97 74 1 67 66 79 1 65 77 48 1 88 113 38 1 70 87 69 1 0 0 0 0 0 0 0 0 0 51 44 1 18 26 46 1 1 14 64 1 21 59 35 1 10 30 11 1 3 70 36 1 0 61 57 1 55 79 111 1 78 98 40 1 81 72 88 1 89 117 36 1 41 86 36 1 72 62 69 1 51 86 27 1 92 81 52 1 53 64 35 1 57 73 77 1 122 82 78 1 137 106 65 1 144 104 73 1 162 115 114 1 118 89 73 1 0 0 0 0 89 88 112 1 59 43 93 1 43 46 60 1 33 76 52 1 38 80 59 1 46 10 26 1 50 56 17 1 0 0 0 0 0 0 0 0 25 41 46 1 67 66 82 1 34 61 82 1 79 61 63 1 79 83 85 1 62 57 55 1 35 88 59 1 21 26 72 1 51 83 0 1 15 20 106 1 43 68 72 1 66 77 36 1 28 63 97 1 31 59 89 1 43 43 15 1 61 58 73 1 47 61 83 1
0 0 0 0 66 79 109 1 29 94 24 1 79 102 29 1 87 104 88 1 74 87 98 1 91 61 62 1 76 75 53 1 33 61 90 1 68 74 57 1 67 53 55 1 82 75 57 1 0 0 0 0 105 104 81 1 52 60 77 1 60 88 40 1 16 44 36 1 17 43 65 1 14 44 57 1 8 40 45 1 0 79 66 1 24 25 60 1 0 38 22 1 9 25 53 1 0 72 32 1 7 64 19 1 54 74 54 1 80 103 44 1 80 91 50 1 86 90 55 1 24 82 28 1 32 62 101 1 52 80 56 1 48 63 85 1 0 0 0 0 0 0 0 0 85 100 72 1 100 108 55 1 138 82 139 1 152 111 77 1 0 0 0 0 79 87 39 1 62 49 68 1 0 0 0 0 46 63 44 1 19 82 41 1 41 93 80 1 62 51 78 1 67 71 7 1 64 109 61 1 0 74 71 1 21 61 45 1 37 99 24 1 37 51 58 1 32 51 76 1 43 75 91 1 47 107 58 1 0 0 0 0 58 64 50 1 58 69 84 1 47 68 67 1 42 79 44 1 0 0 0 0 93 69 48 1 34 96 90 1 13 85 54 1 0 0 0 0 35 23 21 1
53 100 69 1 106 112 52 1 68 79 53 1 34 102 74 1 73 108 65 1 62 142 73 1 69 78 79 1 23 88 97 1 54 101 61 1 55 75 79 1 40 62 75 1 52 113 68 1 68 76 31 1 60 77 76 1 89 74 66 1 68 16 41 1 2 55 21 1 0 9 6 1 20 47 62 1 10 31 51 1 0 84 21 1 11 11 58 1 42 38 28 1 0 26 32 1 0 0 0 0 37 82 62 1 96 119 64 1 107 112 95 1 85 92 86 1 56 44 71 1 0 57 60 1 0 0 0 0 31 89 42 1 40 72 57 1 53 69 40 1 40 98 46 1 113 101 61 1 68 77 86 1 78 45 72 1 77 110 72 1 118 81 44 1 109 112 68 1 98 85 87 1 0 0 0 0 0 0 0 0 37 70 77 1 37 41 31 1 30 39 75 1 0 0 0 0 31 42 34 1 36 80 3 1 41 88 73 1 32 70 35 1 18 79 65 1 48 80 68 1 74 54 103 1 61 52 78 1 49 65 34 1 41 89 49 1 38 38 83 1 36 31 13 1 45 104 68 1 76 67 51 1 45 71 87 1 19 75 79 1 61 38 22 1 63 15 79 1 14 27 79 1
35 78 56 1 99 94 51 1 39 110 94 1 41 142 82 1 41 103 58 1 94 124 76 1 103 121 73 1 73 80 42 1 0 0 0 0 75 88 39 1 0 68 26 1 53 90 78 1 45 84 65 1 16 25 44 1 12 53 40 1 17 30 57 1 48 61 40 1 0 0 0 0 30 29 30 1 0 60 6 1 26 49 26 1 0 42 0 1 17 56 53 1 28 78 32 1 0 0 0 0 49 90 102 1 96 115 94 1 80 122 84 1 81 75 58 1 48 52 0 1 16 75 37 1 32 52 75 1 19 26 38 1 0 83 55 1 49 133 67 1 62 78 29 1 73 85 60 1 97 91 99 1 75 70 89 1 78 91 59 1 61 64 46 1 53 56 80 1 66 91 66 1 70 31 53 1 13 32 50 1 0 0 0 0 20 62 80 1 23 81 68 1 56 62 37 1 16 53 19 1 51 51 51 1 0 59 1 1 15 43 49 1 36 55 21 1 46 66 90 1 65 87 64 1 0 0 0 0 71 83 81 1 85 95 85 1 93 74 50 1 89 82 75 1 0 0 0 0 121 73 70 1 115 100 70 1 91 99 47 1 59 63 70 1 40 67 36 1 52 84 50 1
87 88 90 1 79 113 96 1 73 77 36 1 80 102 46 1 52 73 67 1 104 110 82 1 93 99 87 1 74 128 46 1 57 57 61 1 45 84 45 1 63 68 48 1 44 96 54 1 19 44 18 1 9 44 41 1 17 37 0 1 15 50 41 1 15 56 73 1 25 35 50 1 26 50 66 1 0 0 0 0 66 89 20 1 23 25 31 1 0 81 84 1 58 108 80 1 68 73 102 1 29 80 49 1 80 96 60 1 92 89 44 1 78 66 80 1 33 70 39 1 13 51 32 1 0 32 57 1 32 83 35 1 28 38 30 1 53 66 59 1 53 70 71 1 86 113 96 1 76 83 58 1 73 115 86 1 34 18 81 1 69 20 16 1 0 0 0 0 67 95 66 1 0 86 73 1 0 0 0 0 37 51 47 1 30 50 42 1 47 94 85 1 28 75 80 1 14 59 64 1 58 41 34 1 30 63 50 1 26 46 82 1 84 46 93 1 65 69 61 1 99 100 79 1 102 96 65 1 81 133 110 1 67 80 98 1 118 126 105 1 120 97 65 1 131 86 86 1 98 90 48 1 104 104 47 1 121 128 42 1 0 0 0 0 64 91 69 1 56 75 61 1
82 117 50 1 82 76 73 1 87 57 68 1 101 108 59 1 96 102 66 1 64 85 67 1 62 75 111 1 85 113 100 1 64 82 59 1 59 85 76 1 35 27 52 1 20 51 22 1 0 0 0 0 6 76 0 1 0 61 18 1 13 50 60 1 47 83 60 1 0 0 0 0 95 89 55 1 0 0 0 0 29 87 49 1 39 43 74 1 24 59 51 1 59 80 67 1 59 89 32 1 37 82 41 1 59 79 48 1 63 43 66 1 48 88 41 1 70 23 34 1 35 34 53 1 0 0 0 0 30 19 37 1 0 0 0 0 26 47 9 1 35 49 55 1 58 64 60 1 66 78 104 1 91 117 84 1 52 60 49 1 34 105 70 1 59 89 36 1 0 0 0 0 67 63 63 1 48 17 63 1 36 41 51 1 5 62 20 1 13 53 46 1 46 71 8 1 33 52 45 1 78 63 65 1 0 0 0 0 66 49 62 1 74 98 38 1 58 86 67 1 126 91 93 1 151 94 91 1 102 138 76 1 160 125 126 1 141 101 110 1 0 0 0 0 84 99 110 1 124 68 83 1 147 126 96 1 164 126 116 1 164 118 105 1 113 110 89 1 68 100 94 1
78 107 62 1 66 103 76 1 93 88 45 1 68 93 108 1 81 39 68 1 84 68 38 1 0 0 0 0 0 0 0 0 65 76 94 1 44 41 62 1 22 45 8 1 0 0 0 0 0 0 0 0 32 80 43 1 36 77 64 1 44 57 52 1 61 97 56 1 62 55 40 1 0 0 0 0 16 32 77 1 58 82 53 1 73 66 54 1 39 26 61 1 43 79 30 1 21 36 61 1 44 69 81 1 54 65 82 1 87 58 64 1 78 83 27 1 0 0 0 0 56 68 57 1 14 55 30 1 22 42 31 1 12 64 26 1 0 39 75 1 47 52 43 1 60 58 80 1 76 87 75 1 91 90 92 1 45 88 29 1 26 37 88 1 36 55 34 1 26 49 30 1 15 57 59 1 32 42 53 1 68 98 62 1 40 74 42 1 13 59 63 1 51 66 51 1 40 81 72 1 100 59 57 1 65 97 81 1 107 91 76 1 83 56 85 1 81 103 125 1 114 127 43 1 128 153 105 1 77 100 89 1 163 134 93 1 0 0 0 0 0 0 0 0 145 53 97 1 144 101 44 1 165 107 80 1 157 174 79 1 172 116 80 1 168 68 76 1 0 0 0 0
109 110 69 1 66 108 60 1 0 0 0 0 49 71 22 1 30 52 88 1 24 93 4 1 67 124 28 1 71 90 40 1 25 57 30 1 60 28 6 1 13 39 2 1 0 25 20 1 0 46 43 1 1 33 69 1 50 66 38 1 31 78 20 1 70 89 46 1 55 98 19 1 85 102 32 1 0 0 0 0 46 50 24 1 21 25 70 1 71 9 59 1 41 51 42 1 6 70 83 1 36 54 67 1 27 46 85 1 91 63 35 1 48 82 82 1 48 80 78 1 29 102 16 1 60 66 13 1 8 43 87 1 33 72 52 1 57 81 50 1 33 48 39 1 64 62 69 1 111 98 57 1 67 86 69 1 24 54 92 1 0 0 0 0 0 0 0 0 9 60 54 1 47 63 69 1 47 89 17 1 74 66 64 1 20 50 50 1 11 71 50 1 10 7 43 1 70 23 27 1 61 80 75 1 0 0 0 0 91 112 55 1 104 110 89 1 92 131 53 1 51 88 86 1 84 129 84 1 100 99 77 1 131 154 75 1 167 147 72 1 127 124 109 1 141 95 100 1 116 91 84 1 162 143 88 1 138 112 90 1 129 157 62 1 0 0 0 0 159 138 104 1
94 83 66 1 67 95 50 1 0 0 0 0 21 70 29 1 25 70 15 1 25 91 28 1 38 68 64 1 34 54 39 1 35 26 58 1 0 70 60 1 18 26 25 1 7 16 21 1 9 53 46 1 0 0 0 0 26 82 74 1 48 80 84 1 91 88 24 1 31 88 49 1 0 0 0 0 46 29 48 1 21 57 66 1 15 81 55 1 0 0 0 0 73 28 87 1 58 56 26 1 29 9 60 1 35 45 70 1 40 67 55 1 64 82 82 1 59 67 43 1 45 51 91 1 77 76 19 1 0 81 44 1 0 0 0 0 11 76 61 1 85 67 65 1 78 71 81 1 0 0 0 0 74 93 51 1 1 89 92 1 0 0 0 0 14 51 57 1 17 61 61 1 6 24 33 1 13 57 84 1 67 72 67 1 53 105 46 1 0 0 0 0 10 19 40 1 12 53 67 1 53 101 38 1 38 88 70 1 28 101 50 1 74 75 76 1 34 58 81 1 129 99 89 1 103 97 92 1 113 125 123 1 87 117 104 1 90 131 83 1 76 76 88 1 96 153 84 1 90 120 50 1 125 83 27 1 123 123 115 1 179 151 88 1 146 126 100 1 0 0 0 0
105 109 81 1 77 83 36 1 72 93 76 1 46 112 62 1 50 75 89 1 32 103 55 1 0 64 23 1 0 64 12 1 12 32 39 1 0 41 41 1 3 49 51 1 0 34 48 1 6 38 41 1 9 18 42 1 41 72 39 1 0 0 0 0 39 74 27 1 68 72 59 1 24 68 74 1 22 27 27 1 24 108 30 1 38 71 66 1 55 50 33 1 9 71 46 1 61 66 23 1 34 70 58 1 21 86 70 1 23 69 36 1 16 5 86 1 64 35 52 1 23 59 68 1 29 81 56 1 43 69 56 1 72 44 96 1 55 73 14 1 15 56 35 1 42 52 53 1 0 0 0 0 64 35 52 1 85 113 97 1 41 59 86 1 21 73 76 1 0 41 60 1 53 78 70 1 16 78 40 1 39 104 46 1 40 66 109 1 42 32 24 1 9 29 67 1 0 26 54 1 1 34 67 1 13 43 62 1 29 90 42 1 0 0 0 0 38 112 79 1 104 75 53 1 124 104 91 1 128 139 79 1 105 70 71 1 56 79 55 1 64 83 52 1 54 110 29 1 87 79 49 1 119 88 37 1 129 157 60 1 185 131 98 1 148 186 86 1 159 126 132 1
103 76 70 1 67 86 83 1 96 60 71 1 44 94 61 1 55 42 51 1 0 46 62 1 17 93 25 1 17 41 21 1 17 27 51 1 9 28 28 1 17 3 21 1 0 66 33 1 0 47 10 1 0 72 8 1 57 69 48 1 55 97 72 1 42 49 49 1 32 85 59 1 66 26 38 1 63 57 47 1 62 51 58 1 44 59 83 1 41 80 90 1 30 79 108 1 35 86 42 1 43 44 60 1 28 67 55 1 0 25 62 1 0 0 0 0 34 71 47 1 0 0 0 0 36 89 64 1 63 39 92 1 57 83 77 1 3 101 45 1 48 58 13 1 35 64 38 1 36 4 23 1 28 130 25 1 24 78 91 1 32 65 45 1 0 74 55 1 11 40 40 1 0 67 65 1 23 64 72 1 43 134 81 1 36 57 27 1 45 85 61 1 22 79 34 1 20 0 30 1 0 65 35 1 5 78 43 1 0 63 50 1 40 78 42 1 59 27 74 1 69 55 40 1 113 158 108 1 138 114 101 1 0 0 0 0 80 86 46 1 52 87 85 1 96 67 69 1 129 83 96 1 103 136 107 1 150 141 68 1 174 122 148 1 0 0 0 0 160 130 134 1
86 37 51 1 53 80 56 1 28 45 49 1 14 104 44 1 16 54 46 1 13 45 26 1 21 22 3 1 1 72 47 1 11 19 35 1 0 0 0 0 15 62 29 1 9 59 47 1 0 28 31 1 0 69 26 1 64 73 18 1 79 77 95 1 51 69 68 1 85 66 30 1 46 111 64 1 81 64 81 1 58 64 46 1 58 92 37 1 53 85 41 1 68 72 8 1 0 0 0 0 0 0 0 0 100 71 61 1 28 28 18 1 35 54 0 1 40 26 56 1 47 63 32 1 1 60 32 1 28 56 35 1 31 28 37 1 56 82 80 1 26 43 42 1 4 36 40 1 20 37 46 1 0 63 48 1 2 22 38 1 51 72 45 1 0 0 0 0 3 83 13 1 26 78 46 1 14 59 89 1 44 93 68 1 48 76 52 1 45 59 83 1 0 0 0 0 0 30 24 1 0 69 90 1 47 80 59 1 29 36 41 1 0 0 0 0 50 46 45 1 83 51 46 1 105 90 57 1 107 141 75 1 94 84 63 1 72 103 51 1 101 134 64 1 115 119 92 1 105 110 91 1 134 158 76 1 181 154 117 1 153 154 80 1 183 105 88 1 149 123 110 1
36 61 42 1 36 55 82 1 61 70 31 1 0 49 31 1 0 20 43 1 0 29 75 1 12 27 52 1 15 35 41 1 31 20 68 1 32 39 45 1 0 48 44 1 8 86 57 1 0 28 21 1 28 20 33 1 10 46 66 1 78 81 71 1 118 114 85 1 113 104 69 1 77 96 50 1 71 75 55 1 54 91 53 1 34 112 92 1 62 110 46 1 0 0 0 0 99 64 71 1 87 92 89 1 76 116 111 1 79 71 64 1 17 67 30 1 30 72 39 1 0 0 0 0 0 30 8 1 0 0 0 0 1 30 35 1 14 23 7 1 0 38 21 1 13 56 71 1 0 0 0 0 0 56 42 1 0 51 42 1 38 71 33 1 10 6 56 1 52 42 57 1 31 88 46 1 47 95 59 1 33 85 62 1 0 0 0 0 56 56 42 1 31 88 74 1 80 21 71 1 1 60 44 1 0 0 0 0 50 34 55 1 90 50 63 1 74 81 54 1 47 57 46 1 28 63 26 1 51 109 56 1 70 86 27 1 88 79 72 1 81 121 62 1 144 112 122 1 110 133 127 1 104 81 139 1 144 138 131 1 193 176 109 1 177 172 113 1 199 173 156 1
2 26 56 1 32 60 29 1 6 27 46 1 0 25 10 1 0 51 42 1 0 26 40 1 0 61 56 1 0 22 42 1 2 13 33 1 0 31 61 1 0 87 44 1 0 51 37 1 19 29 62 1 16 0 63 1 14 86 12 1 67 70 32 1 103 85 108 1 79 71 54 1 0 0 0 0 57 111 76 1 78 95 39 1 80 63 67 1 44 77 64 1 70 79 50 1 119 91 47 1 107 92 140 1 137 82 124 1 104 119 54 1 72 73 70 1 74 66 102 1 64 58 62 1 19 50 65 1 28 57 27 1 6 58 49 1 53 64 47 1 67 65 53 1 8 53 72 1 8 58 68 1 0 0 0 0 12 93 70 1 51 54 69 1 45 89 57 1 16 64 78 1 45 79 64 1 67 50 75 1 70 59 46 1 56 53 101 1 50 81 64 1 68 73 81 1 33 80 31 1 8 64 45 1 39 81 82 1 65 67 62 1 87 74 88 1 0 0 0 0 77 82 30 1 48 76 54 1 53 95 54 1 71 76 64 1 78 77 69 1 105 107 102 1 116 74 104 1 121 95 52 1 77 97 77 1 143 109 126 1 181 160 95 1 183 177 131 1 184 192 109 1
0 0 0 0 0 0 0 0 18 35 43 1 15 12 42 1 9 38 0 1 0 38 13 1 0 19 71 1 0 58 34 1 0 48 18 1 0 40 59 1 1 32 31 1 1 27 17 1 0 0 23 1 18 43 14 1 40 66 61 1 35 84 36 1 43 81 70 1 68 101 63 1 9 58 54 1 47 4 63 1 33 54 0 1 40 102 38 1 44 60 59 1 11 77 80 1 58 44 59 1 68 130 74 1 0 0 0 0 89 96 65 1 72 104 60 1 122 72 43 1 99 84 64 1 98 53 88 1 56 95 54 1 68 67 66 1 61 93 91 1 33 106 58 1 0 0 0 0 45 57 35 1 0 54 46 1 38 81 38 1 59 88 40 1 95 81 102 1 82 84 77 1 0 0 0 0 99 93 68 1 53 140 53 1 0 0 0 0 64 92 91 1 85 92 36 1 34 96 60 1 0 72 104 1 65 92 52 1 62 133 42 1 69 99 54 1 63 58 45 1 35 61 53 1 34 48 54 1 29 49 109 1 37 26 86 1 83 50 62 1 88 80 60 1 90 76 78 1 0 0 0 0 106 107 56 1 132 92 73 1 124 167 114 1 189 182 111 1 203 148 113 1
18 50 66 1 0 55 71 1 0 36 13 1 0 31 24 1 0 33 0 1 0 32 43 1 1 71 48 1 0 65 29 1 10 45 28 1 0 52 35 1 3 21 14 1 44 53 63 1 2 65 38 1 25 72 22 1 45 100 47 1 75 92 73 1 49 87 79 1 52 55 38 1 27 65 96 1 19 75 63 1 0 87 68 1 42 75 67 1 55 65 57 1 0 0 0 0 0 0 0 0 48 113 42 1 0 0 0 0 55 83 99 1 56 94 95 1 84 81 67 1 91 90 88 1 145 92 77 1 78 67 98 1 59 93 50 1 24 69 74 1 13 62 38 1 32 67 43 1 54 69 58 1 36 66 84 1 46 81 64 1 0 0 0 0 110 85 73 1 88 96 91 1 106 110 117 1 79 137 86 1 0 0 0 0 120 88 83 1 96 106 71 1 51 135 67 1 103 62 82 1 34 70 46 1 33 90 100 1 64 37 64 1 76 122 85 1 65 78 60 1 60 57 17 1 17 66 33 1 45 81 48 1 65 67 38 1 63 73 87 1 28 94 51 1 77 110 97 1 60 88 98 1 54 85 67 1 0 0 0 0 172 165 90 1 178 176 120 1 177 135 133 1
67 47 60 1 6 46 77 1 0 65 41 1 0 11 62 1 4 2 51 1 0 23 10 1 26 13 26 1 0 35 31 1 0 0 0 0 0 0 0 0 0 36 58 1 69 41 37 1 74 65 90 1 0 0 0 0 88 82 80 1 111 50 94 1 68 108 97 1 61 61 86 1 31 73 73 1 93 80 56 1 59 111 80 1 83 36 40 1 47 67 64 1 64 59 54 1 10 43 44 1 85 60 70 1 74 80 78 1 44 66 18 1 75 61 67 1 81 76 87 1 103 97 90 1 61 106 84 1 0 0 0 0 32 65 60 1 32 68 69 1 43 27 25 1 37 59 53 1 59 100 37 1 65 83 44 1 23 45 77 1 10 87 112 1 104 128 78 1 85 122 70 1 0 0 0 0 103 85 77 1 71 89 67 1 102 115 64 1 81 84 78 1 102 101 82 1 74 51 93 1 0 0 0 0 55 98 64 1 4 76 56 1 0 82 53 1 9 75 37 1 29 79 28 1 46 75 90 1 72 59 27 1 47 92 52 1 74 67 40 1 0 0 0 0 87 106 75 1 99 99 116 1 87 95 89 1 76 92 107 1 0 0 0 0 0 0 0 0 166 182 98 1
21 48 95 1 33 60 64 1 5 58 55 1 0 0 0 0 0 11 41 1 0 35 24 1 0 35 31 1 7 25 8 1 9 46 30 1 15 111 11 1 50 97 76 1 60 99 69 1 0 0 0 0 77 81 55 1 72 78 94 1 63 77 78 1 0 0 0 0 0 0 0 0 93 67 46 1 114 82 88 1 90 85 79 1 64 69 40 1 44 77 97 1 35 87 32 1 52 64 60 1 0 0 0 0 36 50 64 1 18 54 47 1 48 91 76 1 65 63 57 1 0 0 0 0 87 111 42 1 60 112 53 1 94 86 90 1 66 82 72 1 39 71 43 1 52 60 60 1 90 66 80 1 40 111 90 1 18 75 31 1 57 68 36 1 79 119 34 1 102 79 78 1 140 136 72 1 98 76 63 1 40 94 76 1 56 88 44 1 90 109 64 1 114 106 30 1 102 100 51 1 35 73 91 1 59 58 65 1 60 52 46 1 46 60 62 1 0 0 0 0 60 68 55 1 48 57 83 1 24 55 12 1 34 53 57 1 0 0 0 0 0 0 0 0 0 0 0 0 73 81 94 1 105 112 69 1 95 93 104 1 107 107 55 1 137 111 94 1 170 130 89 1
55 68 65 1 26 65 62 1 0 45 46 1 0 50 40 1 19 60 25 1 8 21 47 1 40 6 49 1 31 50 50 1 46 103 64 1 82 63 64 1 89 91 42 1 94 41 82 1 69 88 56 1 82 98 54 1 60 73 53 1 0 0 0 0 81 115 80 1 94 52 76 1 96 94 70 1 79 96 79 1 75 106 61 1 64 90 43 1 56 68 53 1 51 71 56 1 50 83 68 1 0 0 0 0 17 69 74 1 31 55 98 1 28 124 43 1 106 79 24 1 75 79 70 1 62 68 56 1 77 128 79 1 75 112 70 1 58 73 48 1 40 99 55 1 31 74 31 1 82 80 56 1 46 72 88 1 32 41 63 1 44 39 76 1 0 0 0 0 70 105 91 1 98 69 97 1 46 100 55 1 92 127 89 1 91 49 78 1 64 71 52 1 107 111 54 1 98 34 34 1 58 80 39 1 86 113 52 1 42 92 36 1 92 81 51 1 0 0 0 0 62 83 75 1 0 0 0 0 74 41 17 1 35 79 67 1 0 0 0 0 49 36 65 1 62 65 54 1 74 57 77 1 90 77 62 1 73 80 87 1 95 103 82 1 77 92 66 1 93 130 75 1
4 58 8 1 0 61 49 1 5 2 54 1 26 59 43 1 25 55 36 1 0 41 57 1 57 69 56 1 66 92 19 1 75 117 87 1 104 115 73 1 96 101 56 1 0 0 0 0 108 55 86 1 91 90 83 1 126 62 89 1 65 105 88 1 74 105 33 1 120 121 69 1 76 87 102 1 72 98 88 1 61 76 43 1 72 54 69 1 0 0 0 0 71 25 83 1 62 63 49 1 52 83 31 1 39 63 61 1 12 87 46 1 39 24 69 1 0 0 0 0 62 85 82 1 103 61 85 1 52 106 68 1 91 104 30 1 60 61 53 1 34 58 77 1 62 74 81 1 86 40 79 1 96 27 70 1 98 89 64 1 71 68 26 1 45 71 56 1 43 53 75 1 80 98 92 1 62 64 56 1 54 85 60 1 63 20 65 1 56 98 107 1 79 92 93 1 80 71 71 1 56 96 85 1 68 79 60 1 39 90 67 1 81 77 64 1 51 86 65 1 14 64 92 1 44 60 74 1 2 54 62 1 17 35 110 1 73 21 59 1 29 94 53 1 58 85 72 1 75 39 53 1 121 100 61 1 94 82 114 1 78 59 70 1 41 89 98 1 93 69 62 1
37 35 77 1 0 0 0 0 28 40 82 1 105 92 56 1 72 74 42 1 0 0 0 0 82 83 82 1 88 107 67 1 92 109 95 1 112 43 105 1 76 108 62 1 124 40 72 1 77 107 64 1 90 52 91 1 69 86 60 1 105 87 80 1 76 94 68 1 54 64 68 1 40 59 54 1 69 54 61 1 73 75 93 1 0 0 0 0 60 76 64 1 0 0 0 0 87 69 54 1 35 57 71 1 59 87 76 1 45 64 58 1 58 80 89 1 72 94 28 1 99 70 107 1 0 0 0 0 79 76 93 1 61 86 71 1 87 95 70 1 49 87 101 1 0 0 0 0 0 0 0 0 0 0 0 0 70 95 44 1 98 101 90 1 19 64 68 1 75 45 44 1 48 52 57 1 79 55 41 1 34 22 71 1 48 59 65 1 32 53 57 1 101 89 34 1 74 48 76 1 94 83 44 1 60 46 72 1 64 118 63 1 80 105 53 1 81 58 66 1 15 44 53 1 43 81 64 1 2 89 59 1 0 0 0 0 11 60 31 1 63 63 64 1 65 52 67 1 85 94 70 1 104 100 69 1 52 81 118 1 81 127 20 1 61 70 29 1 112 90 105 1
55 62 57 1 28 65 77 1 68 66 39 1 73 74 26 1 0 0 0 0 92 122 98 1 98 105 107 1 83 101 62 1 85 70 62 1 104 91 78 1 108 101 55 1 64 78 78 1 75 56 61 1 86 41 43 1 0 0 0 0 72 48 67 1 40 96 40 1 52 78 97 1 53 77 43 1 37 42 86 1 24 130 108 1 37 90 58 1 0 0 0 0 49 82 59 1 77 59 55 1 54 104 80 1 74 74 67 1 0 0 0 0 0 0 0 0 65 61 70 1 71 64 66 1 43 102 96 1 72 71 77 1 68 90 119 1 35 71 51 1 50 101 79 1 59 68 59 1 33 116 24 1 88 79 80 1 76 95 86 1 25 91 27 1 21 63 83 1 35 77 53 1 0 0 0 0 24 51 79 1 41 95 63 1 103 69 111 1 0 0 0 0 63 58 60 1 71 68 44 1 59 79 68 1 0 0 0 0 121 110 80 1 77 85 42 1 32 76 67 1 12 73 38 1 33 78 73 1 49 56 54 1 42 47 98 1 21 58 33 1 35 93 57 1 102 36 79 1 75 76 19 1 113 98 59 1 61 52 76 1 43 70 89 1 28 107 68 1 54 118 74 1
120 72 67 1 111 91 67 1 103 93 54 1 0 0 0 0 91 86 69 1 100 110 81 1 116 80 50 1 0 0 0 0 57 44 58 1 77 81 51 1 82 90 72 1 75 63 49 1 55 104 54 1 89 88 64 1 72 86 80 1 56 93 62 1 81 88 53 1 48 66 58 1 53 88 64 1 59 57 39 1 71 52 70 1 96 84 73 1 0 0 0 0 86 55 77 1 0 0 0 0 75 49 79 1 38 107 42 1 66 79 50 1 73 102 28 1 100 82 79 1 92 97 81 1 71 79 51 1 99 81 70 1 94 70 96 1 31 38 35 1 55 87 74 1 97 85 101 1 76 70 63 1 90 71 86 1 49 90 74 1 0 0 0 0 60 78 68 1 17 21 94 1 43 69 15 1 17 42 38 1 32 54 32 1 75 39 76 1 71 68 40 1 69 59 53 1 23 48 69 1 36 65 15 1 71 128 47 1 137 102 57 1 82 106 77 1 87 88 61 1 83 98 44 1 29 106 76 1 82 73 57 1 36 72 71 1 3 90 74 1 44 73 46 1 57 70 23 1 16 91 73 1 120 87 69 1 65 55 73 1 54 39 96 1 45 68 52 1 73 75 56 1
95 76 63 1 82 68 86 1 0 0 0 0 89 113 68 1 72 89 63 1 108 65 23 1 63 66 40 1 73 60 56 1 23 76 130 1 50 38 54 1 66 43 71 1 87 65 18 1 87 101 25 1 25 85 52 1 31 45 51 1 92 78 56 1 67 71 57 1 77 94 50 1 52 26 42 1 64 23 50 1 35 101 37 1 43 40 64 1 0 0 0 0 111 54 49 1 0 0 0 0 36 80 38 1 74 120 54 1 81 56 75 1 0 0 0 0 72 90 46 1 52 67 76 1 66 78 89 1 102 78 79 1 56 120 60 1 52 84 53 1 0 0 0 0 121 81 52 1 0 0 0 0 111 95 115 1 84 109 91 1 85 60 27 1 86 91 51 1 0 0 0 0 0 23 36 1 17 41 60 1 0 78 47 1 0 0 0 0 70 83 47 1 41 98 30 1 82 36 110 1 0 0 0 0 0 0 0 0 115 130 98 1 90 108 112 1 99 107 109 1 121 91 74 1 48 71 67 1 14 63 63 1 53 81 67 1 75 14 40 1 13 67 46 1 49 69 42 1 80 110 68 1 68 48 78 1 27 73 64 1 46 38 76 1 127 65 91 1 96 104 66 1
96 80 78 1 95 82 61 1 144 124 68 1 48 71 44 1 56 80 38 1 56 60 65 1 29 70 10 1 0 59 38 1 0 0 0 0 48 73 35 1 56 19 51 1 17 83 69 1 0 0 0 0 35 69 54 1 63 68 47 1 85 91 50 1 79 53 91 1 0 0 0 0 39 54 81 1 38 77 48 1 60 25 34 1 55 69 106 1 57 101 103 1 76 72 48 1 54 61 81 1 63 74 61 1 46 52 80 1 30 117 39 1 61 87 35 1 69 70 58 1 51 51 47 1 96 87 67 1 77 73 67 1 72 89 27 1 51 74 42 1 86 102 75 1 88 92 74 1 0 0 0 0 119 149 88 1 115 124 89 1 131 92 100 1 54 93 52 1 37 70 89 1 0 0 0 0 22 78 64 1 17 67 70 1 0 63 41 1 28 71 73 1 23 57 22 1 85 87 78 1 41 80 40 1 54 44 60 1 94 87 90 1 90 97 67 1 80 128 52 1 83 113 70 1 24 89 39 1 59 90 71 1 85 44 35 1 56 90 53 1 18 77 83 1 15 65 41 1 25 69 29 1 84 82 55 1 58 74 70 1 45 38 70 1 60 33 36 1 53 84 84 1
79 86 33 1 100 75 53 1 45 83 36 1 45 104 24 1 34 60 49 1 23 61 50 1 26 62 63 1 67 87 15 1 67 31 25 1 28 52 24 1 23 52 44 1 46 71 64 1 40 25 39 1 57 35 72 1 0 0 0 0 96 58 65 1 77 85 82 1 81 62 38 1 45 52 52 1 26 79 72 1 62 86 35 1 63 64 30 1 28 82 77 1 54 64 47 1 44 48 95 1 76 72 82 1 67 50 64 1 21 69 70 1 47 42 19 1 63 28 49 1 89 58 88 1 88 60 78 1 104 78 59 1 0 0 0 0 64 76 57 1 42 106 72 1 64 92 28 1 87 95 120 1 129 101 78 1 109 107 113 1 74 132 67 1 24 82 71 1 49 92 74 1 67 65 25 1 35 87 56 1 27 75 80 1 3 89 51 1 61 60 58 1 0 0 0 0 44 82 28 1 30 48 88 1 131 71 52 1 97 106 38 1 103 112 100 1 0 0 0 0 93 75 70 1 0 0 0 0 69 106 45 1 74 96 64 1 0 0 0 0 46 101 71 1 20 69 6 1 56 29 76 1 53 51 34 1 46 64 9 1 39 44 64 1 36 78 126 1 76 55 83 1
0 0 0 0 78 57 68 1 0 0 0 0 41 78 48 1 33 71 25 1 0 0 0 0 20 78 28 1 0 0 0 0 5 18 44 1 20 76 63 1 0 17 41 1 16 77 60 1 27 83 45 1 0 0 0 0 42 54 37 1 18 47 47 1 36 54 89 1 40 69 68 1 59 38 71 1 56 52 57 1 45 84 61 1 61 65 36 1 0 45 63 1 31 72 46 1 56 64 49 1 0 0 0 0 44 72 44 1 44 62 41 1 22 54 37 1 28 55 29 1 0 83 68 1 57 57 54 1 104 113 60 1 84 123 127 1 47 115 81 1 24 60 54 1 97 74 25 1 94 91 50 1 135 123 106 1 88 100 88 1 94 109 63 1 59 95 60 1 65 115 77 1 81 76 65 1 72 103 91 1 50 76 29 1 0 0 0 0 0 0 0 0 36 45 35 1 27 71 26 1 25 59 46 1 98 63 67 1 80 47 105 1 124 104 64 1 93 79 71 1 88 78 55 1 0 0 0 0 59 87 0 1 41 79 65 1 84 94 41 1 54 101 78 1 82 88 31 1 40 62 97 1 24 100 35 1 0 0 0 0 14 47 68 1 8 36 62 1 90 88 58 1
69 77 85 1 57 32 85 1 61 34 73 1 0 38 58 1 0 69 72 1 0 71 31 1 37 31 50 1 0 0 0 0 5 60 79 1 29 65 51 1 0 0 0 0 0 87 42 1 9 23 69 1 15 73 22 1 18 9 44 1 28 44 7 1 9 33 63 1 18 40 56 1 0 0 0 0 66 74 55 1 62 59 16 1 33 75 28 1 19 72 69 1 30 19 16 1 37 69 68 1 62 36 42 1 49 62 27 1 64 78 27 1 84 89 78 1 31 78 48 1 39 44 28 1 34 54 44 1 70 94 72 1 122 103 41 1 98 98 67 1 85 116 42 1 52 104 64 1 156 133 90 1 153 96 131 1 0 0 0 0 126 132 85 1 123 127 122 1 144 96 75 1 159 116 72 1 84 105 29 1 77 56 78 1 92 80 85 1 32 76 60 1 0 55 56 1 0 18 67 1 0 63 62 1 30 72 32 1 41 55 57 1 82 75 59 1 113 109 63 1 53 93 50 1 76 92 43 1 94 98 81 1 69 53 45 1 43 94 61 1 69 40 53 1 82 91 54 1 53 99 72 1 51 63 52 1 0 0 0 0 46 63 45 1 62 51 62 1 44 46 30 1
55 58 50 1 42 55 54 1 38 41 62 1 23 72 44 1 11 35 52 1 53 70 32 1 30 71 29 1 33 72 41 1 39 104 36 1 46 58 41 1 16 35 30 1 10 59 48 1 0 53 49 1 4 41 13 1 7 62 56 1 0 25 11 1 0 64 80 1 35 73 17 1 0 53 47 1 29 65 37 1 0 0 0 0 27 17 73 1 71 26 47 1 29 1 95 1 62 83 45 1 30 82 49 1 49 79 68 1 97 82 59 1 65 81 57 1 0 0 0 0 50 62 59 1 18 44 42 1 79 53 64 1 92 101 72 1 0 0 0 0 39 133 69 1 78 118 70 1 150 131 81 1 165 115 79 1 168 105 126 1 174 172 104 1 158 149 123 1 136 124 118 1 90 127 47 1 0 0 0 0 59 117 64 1 96 134 84 1 47 94 18 1 0 67 53 1 5 26 69 1 11 0 41 1 0 0 0 0 37 58 48 1 34 57 58 1 41 68 51 1 49 68 86 1 43 54 52 1 67 68 93 1 86 75 40 1 66 44 86 1 33 44 49 1 12 122 0 1 51 51 31 1 9 62 92 1 6 91 69 1 20 39 59 1 34 72 16 1 44 59 64 1
36 88 49 1 49 35 50 1 11 51 88 1 38 64 0 1 0 66 38 1 40 30 25 1 17 91 91 1 24 45 62 1 67 87 68 1 0 0 0 0 33 59 83 1 13 38 53 1 17 47 72 1 23 8 88 1 0 62 41 1 15 20 24 1 9 39 38 1 0 29 27 1 2 60 58 1 25 93 22 1 23 52 77 1 56 51 45 1 85 51 82 1 75 70 51 1 82 61 47 1 101 105 124 1 0 0 0 0 97 86 92 1 105 87 70 1 92 50 89 1 0 0 0 0 64 97 47 1 64 102 69 1 63 97 71 1 81 123 77 1 71 61 55 1 84 71 39 1 140 86 67 1 158 112 88 1 129 71 84 1 106 158 126 1 187 143 36 1 165 129 108 1 114 85 68 1 76 113 80 1 62 83 60 1 128 152 108 1 85 95 57 1 53 64 34 1 12 60 83 1 28 49 45 1 4 14 56 1 0 43 26 1 42 30 60 1 39 62 38 1 64 81 69 1 31 67 37 1 52 70 111 1 0 0 0 0 0 0 0 0 25 68 67 1 33 94 58 1 55 43 98 1 39 54 89 1 0 110 49 1 26 79 55 1 0 0 0 0 39 0 40 1
39 49 63 1 42 75 56 1 18 96 53 1 34 44 64 1 17 22 52 1 47 69 29 1 0 0 0 0 30 83 46 1 29 60 69 1 20 39 46 1 57 55 29 1 24 65 70 1 43 47 43 1 12 41 50 1 48 28 44 1 12 69 67 1 11 24 0 1 0 0 0 0 27 74 47 1 80 103 48 1 45 89 55 1 69 95 55 1 75 61 68 1 0 0 0 0 73 123 77 1 91 84 94 1 88 90 91 1 85 106 55 1 72 98 94 1 87 48 103 1 101 81 89 1 100 91 86 1 115 79 78 1 0 0 0 0 94 87 32 1 55 77 59 1 41 95 48 1 73 113 40 1 88 124 68 1 131 76 55 1 148 113 81 1 133 71 74 1 0 0 0 0 136 90 72 1 71 103 117 1 148 117 91 1 137 122 67 1 125 84 115 1 71 91 81 1 50 82 46 1 7 83 36 1 25 34 68 1 29 44 45 1 8 48 22 1 37 36 76 1 58 87 90 1 52 101 42 1 45 67 46 1 9 83 49 1 0 0 0 0 47 43 55 1 42 63 54 1 23 78 59 1 60 77 63 1 47 67 23 1 18 15 58 1 61 46 25 1 0 0 0 0
35 58 63 1 50 64 63 1 41 113 83 1 43 42 41 1 57 95 35 1 95 89 64 1 53 99 25 1 0 0 0 0 46 9 30 1 25 50 19 1 2 70 59 1 23 41 21 1 0 41 3 1 63 60 16 1 64 73 63 1 55 27 46 1 3 81 37 1 48 110 45 1 100 85 109 1 0 0 0 0 112 85 71 1 83 68 66 1 78 60 56 1 0 0 0 0 23 65 73 1 46 57 40 1 9 71 57 1 54 67 55 1 50 57 24 1 99 49 87 1 0 0 0 0 99 115 42 1 107 105 42 1 50 93 19 1 37 89 46 1 44 95 12 1 46 117 96 1 39 74 73 1 93 120 108 1 91 122 52 1 109 49 43 1 35 63 44 1 40 78 77 1 102 109 95 1 119 113 81 1 159 94 56 1 144 113 86 1 92 114 98 1 116 80 71 1 76 77 68 1 37 109 82 1 0 0 0 0 32 71 74 1 18 49 31 1 43 52 66 1 44 39 26 1 74 81 40 1 0 0 0 0 58 64 55 1 30 50 18 1 35 97 97 1 77 71 59 1 74 36 60 1 74 102 40 1 0 32 81 1 63 50 49 1 0 0 0 0 8 67 51 1
30 62 77 1 37 73 61 1 42 37 52 1 69 44 84 1 82 66 68 1 90 93 95 1 68 120 82 1 61 63 95 1 54 64 64 1 21 34 42 1 0 0 0 0 42 72 38 1 0 66 48 1 23 39 12 1 58 30 51 1 69 88 33 1 83 63 80 1 66 59 42 1 109 127 70 1 150 137 82 1 156 95 80 1 103 61 77 1 19 63 68 1 0 54 50 1 21 66 34 1 13 56 62 1 43 45 47 1 18 62 50 1 14 49 83 1 46 53 49 1 104 67 66 1 81 65 34 1 38 62 67 1 56 81 65 1 9 33 28 1 51 59 64 1 66 65 36 1 84 156 57 1 105 75 113 1 105 89 88 1 54 74 70 1 50 23 40 1 107 76 72 1 140 112 109 1 171 131 67 1 136 112 64 1 115 97 73 1 116 99 66 1 0 0 0 0 103 99 70 1 61 74 54 1 82 104 48 1 64 72 40 1 42 55 68 1 28 91 84 1 57 81 67 1 17 63 31 1 51 37 49 1 77 77 58 1 100 63 52 1 86 111 48 1 96 85 69 1 44 82 52 1 0 45 35 1 0 0 0 0 15 46 47 1 12 80 50 1 0 30 9 1
35 51 42 1 68 95 42 1 43 83 65 1 49 38 75 1 0 0 0 0 88 67 92 1 89 80 96 1 76 85 81 1 54 102 97 1 44 66 79 1 34 59 56 1 31 60 94 1 32 77 34 1 60 85 51 1 56 73 54 1 80 76 75 1 43 48 40 1 68 63 83 1 87 92 72 1 139 121 134 1 162 133 103 1 61 55 90 1 73 74 59 1 64 47 50 1 48 48 39 1 0 78 24 1 6 60 54 1 0 0 0 0 10 32 27 1 29 20 9 1 0 0 0 0 64 68 63 1 96 102 98 1 56 77 56 1 62 83 76 1 94 90 101 1 54 136 69 1 112 88 83 1 83 139 43 1 82 114 64 1 53 100 53 1 59 35 55 1 61 86 73 1 152 162 141 1 155 159 123 1 152 135 126 1 111 119 70 1 0 0 0 0 113 64 83 1 68 98 79 1 61 107 42 1 0 0 0 0 69 83 48 1 50 67 71 1 69 90 72 1 25 93 120 1 0 0 0 0 60 46 49 1 92 71 41 1 111 86 86 1 126 53 104 1 96 110 86 1 33 68 79 1 31 6 48 1 40 78 9 1 42 57 77 1 40 56 35 1 65 51 22 1
0 0 0 0 0 0 0 0 43 34 73 1 32 65 106 1 74 117 47 1 0 0 0 0 40 68 39 1 78 45 21 1 101 86 93 1 71 89 53 1 123 85 74 1 63 86 54 1 57 115 98 1 40 69 6 1 83 117 78 1 15 40 66 1 20 55 68 1 30 35 32 1 0 0 0 0 111 87 71 1 162 124 112 1 159 130 99 1 106 50 86 1 56 69 83 1 59 84 33 1 37 74 44 1 43 49 51 1 10 50 20 1 63 65 83 1 30 58 52 1 44 17 74 1 26 61 61 1 82 55 99 1 73 118 93 1 70 70 103 1 43 79 42 1 0 0 0 0 0 0 0 0 116 130 73 1 0 0 0 0 36 88 53 1 46 91 32 1 0 0 0 0 126 122 82 1 170 155 132 1 160 157 130 1 184 155 70 1 131 105 72 1 119 61 74 1 89 105 82 1 0 0 0 0 85 87 42 1 52 67 20 1 21 46 66 1 29 71 51 1 79 121 53 1 64 68 84 1 52 73 57 1 0 100 54 1 97 62 64 1 83 116 103 1 93 111 70 1 55 84 77 1 32 78 30 1 18 49 25 1 0 66 96 1 46 69 73 1 71 74 59 1
78 107 87 1 58 56 76 1 56 49 89 1 0 0 0 0 0 0 0 0 68 108 99 1 45 71 35 1 66 76 40 1 57 66 35 1 0 0 0 0 61 135 87 1 0 0 0 0 65 90 98 1 93 73 57 1 74 54 98 1 67 77 83 1 3 47 46 1 11 44 31 1 15 62 56 1 65 70 61 1 123 125 55 1 135 114 143 1 140 115 111 1 138 131 94 1 69 97 54 1 0 0 0 0 91 48 2 1 32 82 66 1 29 55 67 1 42 78 20 1 0 49 22 1 32 79 45 1 0 47 11 1 42 65 32 1 39 82 58 1 49 65 62 1 36 94 52 1 0 0 0 0 86 101 67 1 89 94 45 1 44 93 74 1 37 86 73 1 38 88 57 1 63 93 69 1 0 0 0 0 166 127 81 1 106 118 101 1 100 113 57 1 67 109 56 1 64 91 46 1 68 74 50 1 32 95 81 1 61 104 37 1 53 60 47 1 39 80 114 1 72 101 100 1 82 123 87 1 0 0 0 0 54 49 34 1 46 70 72 1 82 116 92 1 0 0 0 0 2 138 56 1 34 44 28 1 13 26 35 1 16 22 50 1 24 78 60 1 40 71 36 1
21 0 69 1 0 0 0 0 58 91 35 1 46 77 75 1 12 83 35 1 29 93 97 1 0 0 0 0 28 45 68 1 29 41 70 1 58 58 77 1 0 0 0 0 138 71 106 1 91 117 98 1 67 153 67 1 60 105 31 1 55 80 78 1 42 67 66 1 18 77 55 1 0 0 36 1 57 61 44 1 84 79 86 1 120 103 67 1 142 92 84 1 139 97 73 1 89 113 87 1 75 114 59 1 0 0 0 0 33 88 75 1 44 93 79 1 2 76 44 1 42 36 13 1 0 28 50 1 31 86 41 1 81 87 54 1 69 88 17 1 67 62 45 1 38 33 61 1 40 87 27 1 57 67 34 1 93 103 41 1 63 70 85 1 79 109 59 1 26 75 58 1 50 94 83 1 49 102 56 1 92 85 123 1 123 127 76 1 88 115 75 1 81 89 35 1 75 73 77 1 30 60 40 1 61 111 100 1 58 87 33 1 45 94 72 1 64 79 51 1 77 82 93 1 62 118 59 1 59 79 50 1 39 15 65 1 7 48 16 1 28 50 48 1 61 88 65 1 37 41 75 1 0 0 0 0 43 37 66 1 37 76 62 1 32 72 69 1 29 58 75 1
64 69 85 1 0 0 0 0 18 65 33 1 7 79 92 1 32 61 63 1 26 59 52 1 2 68 70 1 60 42 92 1 54 72 59 1 42 57 44 1 0 0 0 0 83 105 53 1 0 0 0 0 95 89 32 1 65 143 92 1 0 0 0 0 49 104 22 1 34 63 16 1 0 70 44 1 0 0 0 0 35 49 16 1 38 57 76 1 96 95 80 1 120 87 100 1 136 125 65 1 86 101 57 1 63 76 63 1 77 108 75 1 46 67 33 1 28 57 59 1 0 36 51 1 0 65 59 1 18 90 32 1 23 51 23 1 9 79 71 1 12 103 40 1 0 67 47 1 3 6 0 1 0 36 29 1 75 95 36 1 0 0 0 0 40 58 60 1 39 56 54 1 13 22 68 1 32 68 65 1 76 72 42 1 90 74 54 1 91 109 88 1 71 78 60 1 37 69 3 1 59 95 29 1 73 91 34 1 93 115 113 1 102 88 59 1 0 0 0 0 88 84 7 1 48 26 84 1 26 64 55 1 0 0 0 0 35 71 30 1 0 50 41 1 16 40 19 1 31 62 68 1 0 60 55 1 41 42 81 1 11 66 71 1 67 67 61 1 35 99 73 1
6 53 88 1 0 0 0 0 44 44 74 1 72 85 80 1 25 49 60 1 45 57 47 1 29 90 87 1 57 62 77 1 55 63 70 1 71 83 72 1 16 77 41 1 50 88 59 1 80 69 86 1 112 67 42 1 60 85 51 1 74 58 101 1 36 110 85 1 49 47 60 1 32 39 57 1 16 52 65 1 1 53 62 1 46 76 33 1 64 74 93 1 55 72 83 1 81 127 63 1 96 79 86 1 77 78 86 1 100 66 93 1 32 50 92 1 25 42 47 1 22 38 57 1 36 29 60 1 17 44 41 1 13 28 19 1 31 8 61 1 24 68 55 1 13 53 32 1 0 25 30 1 12 36 58 1 16 24 79 1 20 67 47 1 32 63 31 1 8 42 30 1 0 29 0 1 34 66 52 1 43 62 34 1 0 0 0 0 32 28 63 1 45 95 79 1 114 95 97 1 16 117 77 1 0 0 0 0 87 110 83 1 47 83 62 1 54 106 56 1 0 0 0 0 51 62 46 1 38 43 62 1 19 47 57 1 14 31 39 1 0 58 61 1 65 51 89 1 20 84 42 1 60 64 69 1 58 130 70 1 87 44 32 1 59 97 105 1 59 130 70 1
38 63 63 1 29 54 78 1 22 54 50 1 27 85 92 1 38 95 31 1 1 55 11 1 46 43 41 1 29 60 65 1 36 76 56 1 51 54 66 1 56 65 30 1 61 89 33 1 67 95 36 1 55 41 73 1 50 57 28 1 76 66 92 1 54 72 43 1 8 53 43 1 48 75 43 1 10 35 26 1 0 70 21 1 40 24 48 1 36 51 72 1 100 77 11 1 123 103 132 1 0 0 0 0 73 77 58 1 38 94 49 1 58 49 61 1 16 64 42 1 0 33 44 1 23 33 37 1 3 57 47 1 5 57 62 1 0 0 0 0 67 53 57 1 60 85 42 1 52 86 65 1 24 44 65 1 0 0 0 0 41 78 42 1 24 80 50 1 0 0 0 0 17 23 49 1 0 58 23 1 0 56 53 1 0 69 52 1 49 33 40 1 0 74 64 1 46 116 66 1 64 90 55 1 93 81 74 1 86 135 92 1 120 124 94 1 92 109 48 1 95 81 58 1 57 87 73 1 16 76 61 1 0 22 30 1 0 0 0 0 25 25 59 1 21 13 62 1 15 13 39 1 32 59 28 1 101 102 79 1 65 115 61 1 84 106 75 1 82 80 45 1
10 43 24 1 42 82 80 1 78 124 63 1 101 129 16 1 22 40 67 1 0 0 0 0 53 57 62 1 55 75 79 1 71 90 34 1 33 59 105 1 69 73 92 1 67 69 65 1 62 56 48 1 38 76 59 1 0 0 0 0 80 100 55 1 58 46 67 1 40 25 91 1 19 53 39 1 0 50 26 1 6 56 42 1 9 63 64 1 57 43 47 1 37 75 73 1 75 113 66 1 107 100 60 1 68 84 79 1 43 55 38 1 63 74 38 1 33 79 88 1 0 78 52 1 20 90 41 1 0 45 52 1 12 31 39 1 53 50 67 1 32 80 96 1 53 52 58 1 26 45 53 1 33 76 32 1 44 59 51 1 52 53 71 1 11 60 55 1 0 76 52 1 0 0 0 0 14 26 24 1 43 19 52 1 4 35 41 1 36 38 17 1 0 0 0 0 81 37 81 1 0 0 0 0 91 142 63 1 119 89 74 1 76 167 151 1 0 0 0 0 67 83 56 1 23 77 53 1 3 18 64 1 26 35 45 1 26 47 38 1 31 79 35 1 30 20 43 1 6 68 0 1 27 64 60 1 75 118 24 1 100 76 93 1 63 97 13 1 79 80 41 1
42 53 54 1 32 66 42 1 0 0 0 0 68 118 31 1 10 71 61 1 42 60 54 1 0 0 0 0 54 72 28 1 79 70 112 1 0 0 0 0 36 100 63 1 42 93 43 1 88 83 41 1 47 47 0 1 29 83 66 1 0 0 0 0 2 53 70 1 0 0 0 0 0 37 64 1 27 71 71 1 35 66 0 1 26 59 38 1 0 0 0 0 65 90 27 1 131 97 73 1 96 105 133 1 0 0 0 0 68 82 42 1 49 69 30 1 8 80 50 1 65 71 53 1 14 58 57 1 29 56 56 1 2 40 22 1 0 0 0 0 38 86 79 1 45 69 34 1 0 0 0 0 36 53 42 1 6 93 37 1 10 72 57 1 45 54 34 1 20 64 30 1 7 1 23 1 0 7 50 1 0 19 77 1 14 30 49 1 0 73 12 1 0 0 0 0 0 0 0 0 99 99 44 1 81 83 61 1 0 0 0 0 72 106 89 1 78 113 88 1 82 74 120 1 34 92 37 1 27 44 47 1 7 47 26 1 0 30 61 1 0 53 50 1 21 43 33 1 23 63 54 1 45 58 46 1 91 100 113 1 115 109 57 1 82 137 78 1 0 0 0 0
48 65 73 1 31 83 1 1 37 59 96 1 90 87 60 1 105 88 86 1 70 66 52 1 66 104 48 1 50 72 65 1 81 85 9 1 50 126 78 1 0 0 0 0 42 47 63 1 67 79 68 1 47 119 46 1 95 125 75 1 70 53 88 1 35 81 59 1 27 97 87 1 71 66 44 1 37 74 81 1 17 101 36 1 42 43 44 1 13 43 19 1 58 49 74 1 84 72 86 1 151 127 85 1 144 157 89 1 81 146 89 1 82 84 32 1 55 113 64 1 24 48 66 1 33 34 55 1 50 64 44 1 54 41 47 1 17 92 78 1 7 93 89 1 59 90 34 1 2 40 64 1 47 85 42 1 42 74 91 1 40 61 0 1 27 62 80 1 51 42 38 1 7 48 29 1 21 83 31 1 16 47 54 1 0 78 29 1 0 43 33 1 0 32 67 1 46 65 73 1 46 93 101 1 87 101 93 1 67 97 91 1 72 138 86 1 50 89 78 1 32 111 93 1 37 62 56 1 0 0 0 0 0 26 35 1 10 73 36 1 0 0 0 0 44 90 51 1 44 109 100 1 100 104 38 1 80 98 83 1 82 117 60 1 62 108 91 1 98 91 79 1
90 82 45 1 0 0 0 0 100 35 65 1 0 0 0 0 39 59 92 1 59 92 65 1 0 0 0 0 0 0 0 0 73 44 88 1 58 51 76 1 53 113 59 1 66 81 62 1 88 84 98 1 58 124 110 1 0 0 0 0 124 84 82 1 100 115 78 1 55 91 71 1 90 93 77 1 52 68 57 1 23 44 40 1 35 69 27 1 0 94 19 1 0 62 16 1 27 76 40 1 64 120 88 1 180 150 91 1 126 137 87 1 0 0 0 0 50 97 93 1 100 112 72 1 105 108 106 1 103 114 88 1 85 89 65 1 21 99 66 1 22 38 22 1 0 0 0 0 0 0 0 0 42 67 89 1 0 0 0 0 31 55 58 1 54 66 52 1 85 68 48 1 2 79 73 1 0 13 52 1 5 59 76 1 19 38 49 1 27 46 27 1 0 0 0 0 0 62 22 1 45 52 31 1 19 69 31 1 0 0 0 0 44 80 43 1 16 48 61 1 38 61 35 1 0 32 49 1 4 38 74 1 11 50 33 1 0 26 64 1 41 25 27 1 31 66 60 1 53 65 56 1 68 101 54 1 89 98 24 1 89 151 66 1 110 134 94 1 68 109 71 1
88 114 77 1 71 93 61 1 79 64 72 1 34 42 21 1 36 44 65 1 58 78 72 1 98 62 72 1 22 45 32 1 45 63 58 1 54 90 61 1 0 0 0 0 133 102 80 1 131 115 135 1 148 137 92 1 87 112 65 1 122 135 57 1 49 84 86 1 0 0 0 0 64 109 66 1 34 79 56 1 19 93 17 1 0 83 75 1 22 82 37 1 16 49 16 1 9 62 55 1 41 72 85 1 151 121 147 1 115 90 97 1 96 131 102 1 0 0 0 0 109 78 146 1 119 103 124 1 104 89 91 1 107 83 70 1 80 90 97 1 42 45 66 1 40 65 52 1 8 57 83 1 15 64 73 1 0 55 42 1 32 98 22 1 94 54 25 1 0 0 0 0 59 80 75 1 53 63 41 1 16 33 58 1 23 44 50 1 0 0 0 0 18 41 83 1 0 3 52 1 0 110 30 1 0 0 0 0 42 52 37 1 0 32 26 1 0 42 21 1 25 40 44 1 0 0 0 0 0 82 67 1 0 54 24 1 0 0 0 0 1 59 44 1 37 46 45 1 0 0 0 0 25 99 72 1 88 122 99 1 86 99 60 1 0 0 0 0 55 121 77 1
67 83 59 1 0 0 0 0 94 83 56 1 62 101 91 1 55 57 68 1 39 29 49 1 57 107 47 1 0 62 67 1 48 37 14 1 11 42 75 1 0 0 0 0 154 120 122 1 0 0 0 0 167 139 118 1 110 130 98 1 114 75 56 1 78 110 60 1 67 60 74 1 40 83 67 1 56 69 73 1 70 63 52 1 73 95 68 1 0 78 40 1 10 38 14 1 38 27 44 1 64 92 37 1 0 0 0 0 138 108 110 1 160 79 76 1 130 85 65 1 107 127 106 1 79 103 103 1 57 86 50 1 73 80 88 1 70 90 42 1 25 112 54 1 36 70 71 1 12 90 39 1 0 0 0 0 0 0 0 0 27 52 68 1 102 88 42 1 111 102 95 1 129 77 75 1 72 80 53 1 0 30 29 1 0 29 21 1 22 35 68 1 28 79 85 1 35 61 82 1 10 78 75 1 13 64 28 1 12 60 38 1 0 37 63 1 0 0 0 0 0 40 45 1 20 69 42 1 0 6 100 1 32 34 48 1 0 0 0 0 0 96 34 1 90 63 34 1 115 70 62 1 0 0 0 0 38 126 117 1 90 134 70 1 91 127 68 1 86 151 69 1
32 93 33 1 64 65 37 1 69 54 38 1 64 90 74 1 63 77 78 1 34 65 45 1 32 57 22 1 11 24 61 1 11 71 69 1 32 99 62 1 33 90 75 1 82 55 87 1 125 119 48 1 151 107 113 1 111 93 82 1 45 117 40 1 40 100 56 1 0 0 0 0 58 63 80 1 30 84 17 1 19 56 19 1 75 63 20 1 20 97 52 1 3 66 55 1 0 61 16 1 0 0 0 0 101 114 69 1 94 95 58 1 121 88 97 1 135 101 72 1 97 125 142 1 67 90 103 1 81 81 67 1 95 86 80 1 0 0 0 0 67 79 27 1 32 85 72 1 36 42 64 1 10 73 94 1 13 52 48 1 53 66 78 1 96 65 39 1 107 128 71 1 85 106 76 1 69 91 42 1 49 60 60 1 12 54 19 1 55 43 44 1 25 91 52 1 1 55 56 1 0 0 0 0 29 65 52 1 28 46 28 1 9 9 13 1 0 32 39 1 13 44 62 1 9 44 67 1 0 0 0 0 6 37 68 1 36 97 61 1 76 100 78 1 109 105 77 1 82 62 84 1 48 100 59 1 56 124 76 1 88 100 99 1 123 120 40 1 107 132 69 1
53 86 19 1 81 103 86 1 112 122 17 1 113 62 49 1 92 118 51 1 0 0 0 0 5 50 61 1 31 44 51 1 66 71 48 1 0 0 0 0 48 83 60 1 109 81 47 1 24 66 44 1 0 0 0 0 36 92 70 1 60 90 44 1 25 45 65 1 52 55 47 1 43 60 95 1 64 55 43 1 50 54 34 1 4 81 51 1 32 61 66 1 0 43 57 1 0 56 38 1 54 62 41 1 79 62 56 1 81 69 32 1 69 83 54 1 61 78 44 1 0 0 0 0 61 87 93 1 33 93 45 1 50 61 89 1 58 77 41 1 36 75 80 1 44 80 52 1 36 88 18 1 30 71 64 1 39 42 72 1 0 34 38 1 68 66 77 1 92 111 79 1 0 0 0 0 109 145 45 1 35 85 79 1 0 0 0 0 72 53 47 1 44 49 78 1 37 54 95 1 58 110 57 1 0 72 14 1 0 59 28 1 0 32 5 1 0 23 25 1 0 20 36 1 0 0 0 0 0 40 42 1 51 63 60 1 87 119 79 1 90 120 63 1 145 118 103 1 91 164 22 1 67 93 45 1 74 76 64 1 90 81 54 1 108 103 62 1 91 154 71 1
70 72 90 1 170 81 97 1 100 96 67 1 74 76 56 1 84 91 87 1 61 53 39 1 43 66 42 1 0 0 0 0 33 73 50 1 7 85 84 1 51 70 79 1 61 72 70 1 23 37 66 1 68 74 51 1 31 59 65 1 0 61 70 1 26 87 52 1 59 75 68 1 0 86 39 1 38 41 56 1 58 89 60 1 22 38 49 1 31 51 44 1 75 59 78 1 0 77 34 1 46 34 67 1 36 82 49 1 50 60 61 1 85 66 107 1 77 49 42 1 43 71 63 1 26 41 72 1 52 65 51 1 9 58 65 1 40 111 71 1 71 44 44 1 42 120 59 1 15 72 72 1 2 73 27 1 22 8 34 1 0 0 0 0 34 49 49 1 64 76 69 1 0 0 0 0 62 117 115 1 89 77 103 1 0 0 0 0 84 90 77 1 111 89 43 1 69 104 76 1 63 86 95 1 43 67 41 1 0 29 70 1 0 42 48 1 0 0 0 0 0 30 4 1 0 90 7 1 35 77 57 1 49 35 84 1 63 88 68 1 80 150 69 1 101 60 62 1 67 118 74 1 107 93 49 1 0 0 0 0 79 98 92 1 72 116 61 1 98 128 75 1
98 96 93 1 124 86 76 1 98 55 79 1 97 66 63 1 0 0 0 0 60 45 55 1 36 68 85 1 48 53 66 1 0 0 0 0 27 47 90 1 38 89 46 1 75 70 33 1 55 76 81 1 0 0 0 0 42 75 28 1 37 76 36 1 41 82 61 1 49 91 38 1 4 75 42 1 34 74 53 1 29 54 42 1 31 49 48 1 74 36 60 1 34 42 31 1 30 34 63 1 0 66 47 1 4 25 31 1 55 43 4 1 18 46 66 1 76 55 57 1 9 54 49 1 39 50 50 1 47 58 36 1 0 0 0 0 0 0 0 0 75 96 113 1 44 82 108 1 0 0 0 0 2 74 50 1 28 4 17 1 2 29 44 1 0 14 29 1 29 68 41 1 74 84 89 1 98 120 104 1 68 98 102 1 53 94 51 1 60 104 70 1 71 124 93 1 121 97 63 1 0 0 0 0 34 79 48 1 0 0 46 1 31 78 47 1 20 47 53 1 4 48 43 1 79 85 80 1 59 109 61 1 29 101 10 1 0 59 35 1 69 58 30 1 9 44 50 1 80 99 74 1 58 72 61 1 32 37 68 1 46 136 39 1 17 54 67 1 0 0 0 0
125 61 62 1 82 111 79 1 49 64 48 1 66 88 89 1 0 0 0 0 52 69 36 1 60 48 70 1 36 57 57 1 36 32 41 1 44 38 61 1 0 0 0 0 57 79 44 1 60 92 65 1 76 59 36 1 72 73 82 1 49 66 28 1 37 52 54 1 34 82 35 1 59 97 58 1 29 78 71 1 0 0 0 0 49 56 66 1 34 65 21 1 0 54 93 1 13 51 37 1 25 20 58 1 31 35 29 1 0 0 0 0 45 78 62 1 46 74 31 1 36 55 33 1 12 50 36 1 4 74 58 1 33 98 50 1 65 90 48 1 86 75 73 1 58 59 24 1 23 30 27 1 35 27 19 1 0 0 0 0 25 33 23 1 8 57 49 1 19 60 28 1 42 83 38 1 36 77 59 1 0 0 0 0 76 124 99 1 107 127 93 1 50 67 86 1 0 0 0 0 84 103 68 1 113 76 66 1 56 48 35 1 0 28 48 1 0 42 71 1 22 53 65 1 74 72 104 1 32 72 75 1 13 80 6 1 0 33 49 1 0 27 51 1 0 47 31 1 39 82 75 1 34 49 40 1 29 56 51 1 26 86 54 1 23 97 44 1 27 20 42 1
0 0 0 0 55 56 59 1 84 61 33 1 70 93 104 1 67 61 55 1 53 59 71 1 46 61 38 1 0 0 0 0 36 70 37 1 42 33 63 1 49 71 73 1 68 71 54 1 84 63 52 1 82 95 48 1 81 85 70 1 102 84 64 1 87 81 91 1 18 73 52 1 36 78 41 1 62 127 67 1 60 59 79 1 43 84 24 1 40 61 60 1 55 35 43 1 72 79 52 1 91 66 92 1 46 31 37 1 28 74 54 1 73 103 69 1 46 98 63 1 68 115 49 1 39 71 50 1 13 72 34 1 26 33 65 1 0 0 0 0 0 0 0 0 42 71 59 1 0 0 0 0 22 40 41 1 28 93 27 1 0 78 51 1 0 0 0 0 11 29 6 1 9 37 45 1 23 89 39 1 48 95 4 1 94 76 43 1 97 68 70 1 88 78 106 1 80 74 60 1 89 109 60 1 65 63 78 1 14 55 24 1 0 0 0 0 0 68 44 1 44 45 62 1 27 69 53 1 53 66 79 1 5 72 51 1 0 48 44 1 8 56 19 1 0 58 73 1 26 66 70 1 55 79 63 1 8 70 56 1 5 48 41 1 26 87 60 1 40 89 65 1
33 33 65 1 73 52 52 1 45 43 80 1 46 65 104 1 87 97 52 1 50 70 33 1 35 72 59 1 27 67 81 1 58 74 46 1 24 64 101 1 66 79 32 1 0 0 0 0 64 106 57 1 33 71 51 1 43 35 63 1 60 36 44 1 0 0 0 0 0 0 0 0 57 85 60 1 0 0 0 0 48 71 59 1 16 53 57 1 39 57 50 1 33 73 39 1 42 90 63 1 40 67 39 1 62 59 87 1 71 91 27 1 76 107 109 1 115 89 99 1 47 76 80 1 60 107 63 1 58 89 98 1 38 33 55 1 0 48 52 1 18 54 17 1 25 19 27 1 46 76 43 1 42 127 30 1 77 92 52 1 5 87 84 1 26 46 31 1 4 35 36 1 11 93 55 1 3 89 68 1 58 51 83 1 64 76 19 1 97 118 82 1 113 97 97 1 76 93 76 1 0 0 0 0 65 106 57 1 44 62 27 1 20 40 0 1 0 38 67 1 0 0 0 0 7 68 80 1 25 88 40 1 34 68 41 1 6 44 13 1 53 77 70 1 43 37 74 1 8 51 55 1 0 0 0 0 43 47 51 1 0 64 82 1 20 80 60 1 72 95 34 1
51 40 62 1 50 96 51 1 31 33 76 1 30 29 28 1 59 69 24 1 48 53 59 1 55 55 65 1 23 63 69 1 41 66 66 1 70 84 61 1 59 55 54 1 69 62 32 1 0 0 0 0 0 86 59 1 52 53 57 1 26 78 59 1 25 47 59 1 32 55 33 1 39 44 43 1 59 31 35 1 25 88 47 1 17 64 78 1 77 68 63 1 58 37 21 1 35 60 66 1 68 96 29 1 52 60 51 1 74 128 43 1 59 87 54 1 81 113 68 1 43 103 67 1 40 80 56 1 22 26 33 1 0 67 48 1 0 59 34 1 12 59 39 1 15 95 52 1 48 100 61 1 75 92 96 1 83 104 70 1 64 94 78 1 20 61 78 1 20 61 63 1 0 0 0 0 41 70 56 1 78 73 81 1 60 57 8 1 98 120 90 1 80 99 71 1 78 97 40 1 60 131 47 1 23 60 51 1 0 37 7 1 32 58 23 1 88 67 26 1 8 78 49 1 54 70 64 1 15 84 62 1 0 88 16 1 36 46 36 1 67 90 44 1 34 92 57 1 60 128 58 1 0 0 0 0 49 44 59 1 0 0 0 0 11 57 54 1 97 107 82 1
53 74 73 1 19 19 39 1 14 58 47 1 26 8 38 1 29 61 32 1 22 49 30 1 49 94 45 1 34 74 70 1 43 61 63 1 50 60 25 1 14 75 64 1 7 77 32 1 0 44 66 1 24 66 27 1 67 65 35 1 12 61 86 1 64 55 37 1 29 78 42 1 50 57 5 1 52 46 81 1 0 0 0 0 45 54 51 1 29 67 36 1 21 58 63 1 72 75 103 1 49 88 25 1 28 129 65 1 31 64 79 1 56 99 64 1 0 40 44 1 0 80 28 1 4 41 34 1 0 54 75 1 0 9 36 1 15 70 76 1 44 97 70 1 32 98 51 1 48 87 63 1 95 127 53 1 102 165 55 1 88 124 70 1 58 81 40 1 0 52 50 1 31 80 80 1 0 40 27 1 48 56 71 1 61 81 50 1 77 49 50 1 0 0 0 0 60 74 65 1 51 75 64 1 30 87 67 1 42 87 71 1 46 56 75 1 89 95 74 1 68 86 63 1 99 81 79 1 68 83 49 1 44 102 101 1 56 85 75 1 101 103 63 1 0 0 0 0 87 102 66 1 52 97 53 1 50 85 80 1 62 113 100 1 19 78 42 1 73 104 66 1
41 86 52 1 16 53 47 1 0 89 40 1 0 72 33 1 54 68 79 1 97 56 49 1 40 46 71 1 76 98 72 1 32 76 47 1 2 54 26 1 24 65 72 1 39 69 85 1 53 38 31 1 73 54 40 1 54 44 69 1 29 79 83 1 46 60 30 1 0 0 0 0 57 87 71 1 47 54 52 1 38 97 76 1 27 77 34 1 89 36 58 1 0 0 0 0 0 0 0 0 80 72 47 1 3 60 36 1 0 0 0 0 42 114 39 1 0 47 52 1 0 61 43 1 0 49 43 1 0 0 0 0 5 21 41 1 0 100 23 1 0 0 0 0 86 77 57 1 100 92 92 1 115 143 80 1 131 123 62 1 52 114 49 1 0 0 0 0 53 57 31 1 0 6 57 1 22 23 11 1 44 78 83 1 0 0 0 0 52 91 61 1 51 74 83 1 35 89 58 1 23 35 65 1 67 84 26 1 0 0 0 0 0 0 0 0 109 82 85 1 113 87 136 1 0 0 0 0 90 118 65 1 102 95 72 1 0 0 0 0 88 139 93 1 110 109 78 1 104 94 93 1 96 106 105 1 72 107 83 1 76 69 63 1 78 94 41 1 86 75 10 1
36 35 44 1 23 57 62 1 32 71 17 1 25 35 28 1 0 0 0 0 43 74 73 1 24 12 80 1 60 42 86 1 0 0 0 0 83 59 69 1 37 57 54 1 0 0 0 0 42 83 19 1 52 81 49 1 92 64 56 1 0 0 0 0 39 56 81 1 54 70 67 1 29 63 36 1 13 46 49 1 58 100 53 1 73 79 51 1 54 61 14 1 37 90 18 1 45 112 61 1 65 111 104 1 15 74 36 1 12 52 34 1 20 26 89 1 12 57 45 1 0 29 62 1 40 117 77 1 0 47 41 1 0 76 55 1 0 52 7 1 43 59 49 1 26 67 82 1 59 129 53 1 99 141 45 1 126 100 73 1 110 119 78 1 75 132 39 1 82 121 92 1 25 20 102 1 40 49 59 1 0 0 0 0 0 54 52 1 22 54 28 1 39 77 64 1 22 69 41 1 32 11 32 1 59 91 72 1 0 0 0 0 79 66 65 1 92 144 41 1 126 126 92 1 110 109 89 1 128 99 78 1 67 90 57 1 47 63 48 1 128 84 64 1 0 0 0 0 113 65 64 1 132 126 51 1 107 114 60 1 63 87 90 1 99 104 74 1 98 65 72 1
25 85 86 1 31 58 83 1 81 80 61 1 20 85 51 1 0 80 69 1 44 71 45 1 84 44 43 1 31 41 45 1 0 48 73 1 0 0 0 0 66 60 25 1 31 71 66 1 22 89 93 1 59 42 39 1 0 0 0 0 0 0 0 0 30 23 67 1 37 15 19 1 0 0 0 0 3 34 42 1 12 57 68 1 43 91 45 1 53 93 22 1 51 72 51 1 36 107 61 1 56 59 34 1 63 56 43 1 6 54 30 1 0 63 49 1 24 43 64 1 24 46 77 1 38 37 34 1 18 59 74 1 59 85 100 1 26 12 27 1 59 68 23 1 48 69 50 1 98 30 55 1 87 115 65 1 122 119 85 1 129 92 79 1 78 105 73 1 83 84 25 1 36 88 50 1 35 56 43 1 5 7 37 1 0 17 77 1 0 0 0 0 0 0 0 0 32 35 39 1 4 63 35 1 55 92 42 1 126 104 79 1 106 86 74 1 0 0 0 0 125 109 67 1 107 123 91 1 128 87 49 1 72 110 67 1 62 56 25 1 78 49 86 1 139 94 57 1 155 149 128 1 129 99 51 1 102 118 51 1 43 83 42 1 53 72 60 1 60 63 68 1
2 83 27 1 72 37 71 1 8 40 44 1 0 36 36 1 0 78 21 1 0 0 0 0 72 44 23 1 45 84 56 1 68 52 19 1 0 14 42 1 17 68 70 1 0 0 0 0 50 58 37 1 32 82 52 1 21 64 28 1 0 86 69 1 21 85 55 1 36 67 77 1 63 104 49 1 0 0 0 0 52 69 74 1 49 78 50 1 19 91 57 1 34 81 44 1 0 63 51 1 14 39 44 1 16 44 34 1 20 65 80 1 34 64 67 1 35 75 80 1 10 61 68 1 45 85 48 1 64 100 43 1 26 79 60 1 32 77 76 1 7 82 67 1 36 33 38 1 42 54 49 1 92 68 77 1 0 0 0 0 50 101 112 1 48 35 71 1 0 0 0 0 0 0 0 0 59 76 58 1 0 2 0 1 8 48 39 1 0 72 58 1 38 3 41 1 0 25 59 1 27 46 64 1 32 71 46 1 0 0 0 0 117 99 71 1 96 108 80 1 77 107 67 1 58 85 68 1 97 74 82 1 107 101 67 1 47 101 80 1 85 78 77 1 124 117 74 1 190 107 97 1 129 164 95 1 95 97 144 1 0 0 0 0 0 47 9 1 24 23 0 1
26 68 30 1 0 55 3 1 9 26 80 1 6 25 35 1 0 39 42 1 18 39 34 1 0 0 0 0 31 22 30 1 7 1 40 1 0 0 0 0 0 33 38 1 28 30 60 1 44 52 76 1 26 76 65 1 21 16 60 1 0 88 68 1 59 74 55 1 6 46 14 1 58 52 50 1 44 67 0 1 39 70 52 1 38 87 83 1 17 46 47 1 43 43 59 1 0 0 0 0 24 62 76 1 42 63 82 1 72 84 82 1 76 71 76 1 78 127 54 1 68 99 52 1 56 42 109 1 50 80 1 1 0 0 0 0 59 59 80 1 36 92 73 1 94 71 59 1 19 90 54 1 82 72 53 1 40 64 48 1 35 53 1 1 41 60 66 1 0 0 0 0 0 0 0 0 61 49 45 1 0 0 0 0 6 30 3 1 0 29 53 1 0 44 29 1 16 0 18 1 55 85 82 1 80 60 0 1 103 92 67 1 56 95 45 1 59 109 54 1 39 90 23 1 0 0 0 0 117 151 94 1 150 149 100 1 117 107 77 1 113 107 87 1 139 91 115 1 125 118 74 1 140 124 77 1 89 92 85 1 39 79 51 1 0 24 18 1 0 47 27 1
0 56 46 1 0 42 50 1 4 67 95 1 0 10 51 1 43 9 65 1 0 23 50 1 0 0 0 0 27 26 66 1 0 20 30 1 0 48 25 1 4 75 45 1 15 64 20 1 0 69 17 1 0 0 0 0 0 0 0 0 29 53 31 1 0 13 54 1 30 63 53 1 47 39 51 1 15 80 65 1 44 26 69 1 0 0 0 0 11 29 31 1 19 25 7 1 0 73 55 1 37 59 54 1 22 32 99 1 57 71 40 1 51 116 46 1 110 94 104 1 53 114 57 1 63 70 25 1 37 96 36 1 24 49 90 1 32 60 107 1 22 98 81 1 31 43 62 1 0 60 21 1 0 56 81 1 0 0 0 0 16 29 1 1 35 80 41 1 0 0 0 0 82 92 55 1 58 95 66 1 13 67 42 1 0 0 30 1 26 43 49 1 19 16 48 1 35 47 34 1 69 34 94 1 67 56 74 1 38 73 68 1 64 102 76 1 68 86 19 1 18 65 73 1 66 54 81 1 185 138 123 1 138 142 90 1 134 113 110 1 115 126 107 1 143 75 82 1 141 148 115 1 146 149 105 1 103 73 94 1 34 54 67 1 44 52 28 1 28 64 64 1
0 14 75 1 43 27 68 1 11 58 42 1 34 52 32 1 0 63 36 1 26 89 68 1 0 46 42 1 2 97 83 1 0 0 0 0 7 57 31 1 0 66 36 1 17 33 17 1 21 33 55 1 14 33 90 1 0 54 41 1 0 65 80 1 11 57 41 1 0 53 22 1 0 47 41 1 0 91 87 1 0 58 48 1 0 16 55 1 7 42 25 1 9 89 39 1 39 96 73 1 19 86 56 1 7 68 66 1 53 81 53 1 23 101 50 1 78 100 54 1 46 88 74 1 71 84 65 1 62 75 58 1 23 63 63 1 89 87 38 1 61 68 93 1 41 22 65 1 0 79 39 1 41 47 38 1 14 67 54 1 9 90 68 1 37 62 28 1 81 94 60 1 41 71 46 1 0 0 0 0 0 0 0 0 26 41 37 1 39 40 78 1 27 100 49 1 0 0 0 0 37 75 63 1 90 61 51 1 0 0 0 0 58 69 72 1 27 76 33 1 49 91 44 1 88 132 113 1 130 113 55 1 156 74 79 1 0 0 0 0 118 92 76 1 134 134 79 1 160 115 94 1 117 145 106 1 97 151 100 1 85 76 38 1 51 58 87 1 72 97 59 1
73 98 44 1 71 113 78 1 68 88 50 1 80 62 44 1 35 77 49 1 29 58 51 1 13 50 44 1 33 66 50 1 12 67 50 1 7 17 37 1 21 31 37 1 0 15 30 1 25 31 49 1 13 16 51 1 0 0 0 0 0 59 40 1 0 49 32 1 9 38 35 1 0 64 60 1 0 67 133 1 0 77 56 1 2 13 26 1 9 88 65 1 0 80 53 1 39 98 77 1 64 58 68 1 63 58 44 1 28 96 54 1 5 73 81 1 84 57 71 1 84 70 56 1 69 120 79 1 64 103 91 1 64 69 39 1 84 86 60 1 68 70 56 1 22 48 12 1 55 55 55 1 29 22 45 1 62 25 52 1 45 78 55 1 87 81 74 1 105 110 85 1 43 97 56 1 73 91 88 1 0 0 0 0 62 42 57 1 17 54 95 1 0 0 0 0 81 69 43 1 62 117 110 1 68 113 65 1 73 105 79 1 71 87 63 1 76 44 48 1 36 77 45 1 115 91 77 1 136 127 60 1 74 77 64 1 134 140 82 1 145 97 46 1 0 0 0 0 144 88 80 1 0 0 0 0 97 95 70 1 49 75 49 1 69 94 60 1 71 54 54 1
138 141 79 1 105 122 138 1 128 111 112 1 42 83 88 1 70 70 45 1 28 34 28 1 17 84 41 1 36 47 83 1 0 58 38 1 11 60 52 1 0 51 10 1 17 46 52 1 0 84 59 1 20 45 40 1 0 48 74 1 0 47 18 1 0 21 21 1 13 142 31 1 17 64 39 1 0 25 20 1 23 76 44 1 32 51 71 1 0 42 46 1 4 56 40 1 60 99 42 1 68 106 49 1 31 59 73 1 0 0 0 0 35 56 40 1 25 71 79 1 0 0 0 0 93 102 75 1 44 71 100 1 71 80 53 1 0 0 0 0 49 103 105 1 47 47 0 1 0 0 0 0 81 86 61 1 0 0 0 0 69 73 83 1 120 58 56 1 111 106 61 1 105 81 107 1 105 100 78 1 0 0 0 0 53 68 37 1 42 46 26 1 27 104 76 1 88 93 69 1 84 104 64 1 94 91 77 1 84 126 56 1 71 103 51 1 71 65 35 1 40 122 26 1 73 61 63 1 77 112 76 1 113 44 33 1 127 89 54 1 131 96 39 1 150 126 94 1 124 145 66 1 102 57 63 1 76 85 87 1 29 77 89 1 113 77 90 1 120 87 55 1
92 112 104 1 127 180 101 1 129 141 95 1 43 83 85 1 0 0 0 0 30 70 58 1 55 106 60 1 34 56 56 1 62 25 89 1 10 60 17 1 0 78 55 1 1 64 44 1 6 56 102 1 0 90 57 1 7 65 71 1 8 77 74 1 22 17 13 1 2 14 65 1 46 87 59 1 0 57 54 1 7 72 42 1 40 81 72 1 15 29 47 1 51 48 65 1 59 70 50 1 97 100 100 1 27 102 46 1 21 53 56 1 14 64 71 1 72 67 9 1 99 88 67 1 48 75 17 1 117 50 78 1 82 94 81 1 55 84 35 1 0 71 33 1 48 54 62 1 87 55 44 1 48 96 72 1 0 0 0 0 139 104 79 1 53 100 41 1 88 85 58 1 32 62 53 1 65 48 76 1 0 0 0 0 112 83 35 1 60 56 45 1 46 95 52 1 44 88 63 1 59 80 55 1 0 0 0 0 40 79 92 1 85 63 72 1 94 60 39 1 78 125 53 1 89 70 68 1 76 75 79 1 108 61 45 1 111 119 61 1 106 114 44 1 101 98 69 1 123 73 26 1 85 96 47 1 102 66 46 1 84 126 45 1 63 130 95 1 110 65 59 1
68 82 103 1 74 92 84 1 95 94 52 1 52 90 48 1 55 40 48 1 0 0 0 0 9 47 27 1 45 53 91 1 34 83 61 1 2 24 47 1 0 0 0 0 2 49 18 1 6 78 58 1 44 70 22 1 23 59 24 1 35 62 35 1 23 69 38 1 2 57 34 1 26 69 71 1 23 69 2 1 45 69 58 1 8 95 38 1 46 81 37 1 40 49 38 1 64 79 65 1 0 0 0 0 33 60 59 1 0 65 48 1 34 36 46 1 29 53 46 1 0 0 0 0 108 90 17 1 101 101 48 1 56 96 50 1 47 83 62 1 37 85 63 1 64 84 43 1 41 74 67 1 55 72 74 1 104 116 38 1 88 141 68 1 68 90 72 1 41 85 55 1 13 52 80 1 5 60 45 1 19 92 35 1 0 0 0 0 72 85 76 1 22 71 77 1 54 41 68 1 26 52 30 1 53 86 41 1 102 104 68 1 49 125 56 1 84 93 63 1 72 66 44 1 42 84 75 1 46 89 80 1 34 99 49 1 84 88 52 1 79 109 60 1 102 102 89 1 116 55 109 1 89 68 71 1 112 68 51 1 133 99 66 1 102 118 59 1 0 0 0 0
40 93 58 1 28 67 52 1 0 0 0 0 6 38 54 1 29 75 84 1 20 61 32 1 48 79 68 1 70 40 61 1 18 53 35 1 34 36 71 1 34 5 51 1 27 45 57 1 6 74 49 1 18 46 36 1 0 29 50 1 0 0 0 0 30 56 40 1 53 101 53 1 0 58 29 1 5 14 53 1 39 98 0 1 52 84 38 1 0 0 0 0 50 43 60 1 56 67 46 1 33 56 103 1 0 0 0 0 0 58 29 1 42 54 22 1 41 26 54 1 107 81 79 1 68 114 61 1 70 79 69 1 0 0 0 0 54 84 46 1 47 84 60 1 37 76 54 1 48 101 99 1 46 91 51 1 68 97 52 1 45 69 60 1 5 56 38 1 35 35 55 1 22 63 42 1 0 55 51 1 0 0 0 0 82 78 69 1 0 0 0 0 37 72 48 1 28 59 27 1 2 41 62 1 12 24 25 1 63 55 59 1 41 98 75 1 46 64 90 1 64 70 73 1 69 74 58 1 56 77 85 1 104 85 61 1 77 82 72 1 0 0 0 0 92 107 33 1 118 107 107 1 114 107 74 1 124 143 102 1 143 96 104 1 134 82 89 1 106 88 66 1
0 58 76 1 0 0 0 0 20 56 50 1 0 52 21 1 0 0 0 0 42 34 59 1 8 48 62 1 44 63 32 1 11 87 51 1 8 72 1 1 16 70 46 1 0 83 49 1 5 72 73 1 0 67 53 1 22 40 0 1 13 51 39 1 0 60 41 1 17 53 51 1 39 52 39 1 29 49 39 1 42 41 44 1 54 81 108 1 38 58 65 1 37 46 47 1 25 92 90 1 97 84 57 1 102 127 69 1 3 43 63 1 33 43 34 1 54 18 32 1 43 78 71 1 79 71 43 1 57 74 65 1 41 43 64 1 97 56 56 1 61 95 59 1 0 0 0 0 18 87 65 1 28 71 49 1 0 66 46 1 0 32 59 1 0 21 54 1 15 22 49 1 0 55 25 1 12 75 47 1 39 49 63 1 88 97 55 1 47 92 46 1 79 31 31 1 44 43 21 1 0 46 52 1 0 30 47 1 24 37 42 1 70 84 45 1 9 83 61 1 82 85 71 1 134 130 109 1 63 99 95 1 99 104 57 1 115 89 82 1 149 79 91 1 103 128 80 1 162 102 102 1 127 126 106 1 127 87 115 1 105 141 49 1 112 72 58 1 91 98 68 1
20 51 27 1 19 19 38 1 0 0 0 0 18 59 65 1 0 86 71 1 25 56 87 1 0 0 0 0 16 73 52 1 56 63 46 1 18 57 43 1 43 58 24 1 17 29 50 1 45 70 17 1 0 37 38 1 0 73 25 1 3 21 51 1 0 71 48 1 28 55 38 1 55 57 62 1 33 104 42 1 61 102 65 1 78 57 82 1 27 67 106 1 0 0 0 0 117 95 89 1 78 74 75 1 96 70 70 1 64 67 104 1 37 121 61 1 73 44 57 1 0 0 0 0 0 0 0 0 42 38 63 1 35 70 101 1 97 86 71 1 55 109 18 1 0 51 77 1 7 77 25 1 8 68 60 1 0 11 59 1 6 18 33 1 1 54 44 1 29 89 71 1 26 28 0 1 0 0 0 0 0 0 0 0 89 89 69 1 33 87 74 1 33 58 33 1 17 28 21 1 14 36 25 1 0 51 35 1 59 86 64 1 0 0 0 0 68 55 84 1 62 86 57 1 125 95 62 1 126 104 113 1 105 154 94 1 132 130 116 1 0 0 0 0 0 0 0 0 146 133 97 1 165 116 49 1 146 84 87 1 0 0 0 0 137 68 71 1 43 55 59 1
39 85 48 1 21 66 46 1 52 29 76 1 25 54 49 1 0 64 75 1 8 37 57 1 26 22 53 1 31 44 56 1 34 54 56 1 47 33 54 1 0 0 0 0 35 52 31 1 30 56 82 1 0 0 0 0 32 15 46 1 18 18 36 1 10 7 42 1 0 0 0 0 83 83 48 1 58 95 81 1 27 92 68 1 0 0 0 0 0 0 0 0 51 77 46 1 60 89 35 1 0 0 0 0 89 107 109 1 79 95 76 1 52 61 78 1 37 68 78 1 78 108 69 1 66 107 130 1 24 114 49 1 79 68 50 1 17 88 55 1 0 0 0 0 54 62 52 1 32 63 48 1 0 53 48 1 0 58 50 1 0 0 0 0 32 55 33 1 39 100 58 1 53 76 43 1 0 0 0 0 74 74 38 1 102 100 85 1 55 67 69 1 44 67 63 1 0 56 60 1 7 88 56 1 15 87 31 1 0 0 0 0 29 79 81 1 33 114 61 1 52 75 60 1 65 53 65 1 106 124 77 1 148 97 77 1 138 163 68 1 148 165 84 1 208 141 133 1 181 156 104 1 146 148 109 1 116 140 97 1 0 0 0 0 74 67 58 1 56 69 81 1
29 73 33 1 28 43 30 1 10 59 0 1 0 59 38 1 0 15 43 1 17 50 39 1 53 65 15 1 46 66 41 1 58 54 63 1 65 68 53 1 0 0 0 0 54 79 74 1 43 80 34 1 9 61 110 1 57 69 35 1 19 60 62 1 40 72 67 1 20 38 45 1 39 57 38 1 102 102 62 1 62 98 72 1 44 52 85 1 68 39 38 1 12 33 46 1 40 33 72 1 34 82 62 1 79 93 79 1 105 61 59 1 107 82 93 1 70 70 69 1 62 82 50 1 58 46 99 1 36 66 74 1 23 76 71 1 58 72 80 1 0 0 0 0 49 75 37 1 58 40 34 1 18 0 54 1 5 32 30 1 0 61 47 1 33 80 66 1 16 62 65 1 58 109 91 1 0 0 0 0 0 0 0 0 65 81 36 1 26 49 54 1 26 85 47 1 29 63 44 1 31 50 37 1 37 103 66 1 40 71 39 1 37 60 32 1 39 49 80 1 83 40 57 1 95 89 92 1 111 104 57 1 99 98 54 1 160 111 59 1 159 158 81 1 173 145 99 1 247 216 132 1 172 194 119 1 141 129 68 1 100 111 94 1 75 111 90 1 67 71 62 1
68 72 41 1 0 0 0 0 4 60 41 1 1 36 48 1 23 59 52 1 74 70 41 1 34 60 22 1 0 0 0 0 69 66 58 1 102 55 64 1 93 95 58 1 70 105 50 1 25 69 47 1 45 35 64 1 0 42 82 1 59 71 27 1 56 83 57 1 0 0 0 0 0 0 0 0 0 0 0 0 45 109 54 1 85 114 41 1 98 68 47 1 53 96 76 1 69 70 66 1 44 79 52 1 92 67 63 1 76 66 55 1 74 104 63 1 73 97 57 1 19 53 0 1 40 73 55 1 94 124 71 1 50 106 101 1 55 89 45 1 40 88 86 1 44 68 31 1 0 0 0 0 0 61 41 1 0 0 0 0 6 25 24 1 0 0 0 0 15 58 53 1 0 0 0 0 54 102 108 1 0 0 0 0 23 131 71 1 55 54 42 1 10 33 31 1 3 62 36 1 0 0 0 0 19 64 30 1 47 41 8 1 33 51 36 1 78 78 23 1 81 76 81 1 95 67 101 1 78 131 53 1 84 82 49 1 151 116 120 1 179 164 71 1 214 167 74 1 0 0 0 0 191 135 146 1 109 92 64 1 94 69 64 1 69 79 42 1 48 57 26 1
28 48 60 1 6 70 37 1 50 53 87 1 8 65 33 1 0 63 39 1 29 82 60 1 25 46 54 1 62 80 46 1 103 62 90 1 105 58 67 1 121 65 31 1 59 99 86 1 39 97 70 1 0 0 0 0 28 52 52 1 35 59 38 1 46 90 79 1 62 30 54 1 44 66 36 1 91 84 32 1 66 58 74 1 72 95 81 1 96 94 78 1 0 0 0 0 70 107 75 1 0 0 0 0 0 0 0 0 93 104 112 1 0 0 0 0 80 85 73 1 66 52 34 1 94 91 94 1 56 115 106 1 47 66 49 1 31 107 63 1 91 86 80 1 76 101 43 1 15 74 50 1 2 34 61 1 22 50 68 1 27 40 16 1 0 60 35 1 35 34 42 1 0 39 45 1 20 29 47 1 11 21 74 1 75 66 109 1 26 91 116 1 7 27 24 1 0 90 45 1 0 79 24 1 26 44 59 1 42 75 85 1 76 81 48 1 55 135 81 1 103 113 85 1 84 83 75 1 74 82 95 1 122 104 90 1 101 135 85 1 160 128 133 1 210 153 107 1 219 162 114 1 189 159 118 1 121 113 103 1 111 132 60 1 56 111 53 1 45 67 93 1
37 43 32 1 51 51 58 1 20 55 50 1 34 85 51 1 57 53 53 1 63 36 66 1 89 61 41 1 50 92 93 1 80 68 57 1 77 90 71 1 74 80 70 1 89 109 98 1 0 0 0 0 41 48 69 1 0 16 48 1 0 0 0 0 47 72 25 1 52 79 48 1 53 74 54 1 75 98 49 1 60 73 74 1 46 86 79 1 40 82 71 1 37 77 45 1 31 90 69 1 0 0 0 0 38 94 47 1 71 81 94 1 114 81 54 1 125 92 34 1 63 112 40 1 52 92 70 1 73 88 93 1 71 63 65 1 59 68 71 1 0 0 0 0 42 69 66 1 33 62 0 1 0 33 47 1 0 0 0 0 4 84 45 1 7 40 26 1 0 60 30 1 0 34 34 1 0 0 0 0 34 86 62 1 0 0 0 0 35 90 49 1 13 76 49 1 0 0 45 1 0 61 27 1 65 79 64 1 18 38 56 1 0 0 0 0 79 59 39 1 0 0 0 0 78 98 69 1 88 98 95 1 95 73 102 1 157 101 93 1 199 141 108 1 0 0 0 0 0 0 0 0 206 140 100 1 0 0 0 0 136 116 88 1 115 69 73 1 28 69 115 1
0 0 0 0 49 30 73 1 2 57 42 1 21 80 20 1 54 95 10 1 21 72 43 1 36 42 55 1 65 110 42 1 78 57 38 1 81 68 64 1 109 81 78 1 109 67 83 1 72 75 69 1 27 101 83 1 0 44 75 1 0 36 51 1 32 63 52 1 49 109 97 1 68 33 72 1 76 56 64 1 32 86 53 1 51 43 56 1 60 98 75 1 66 62 56 1 75 80 91 1 0 0 0 0 60 53 95 1 90 89 39 1 79 131 65 1 39 105 96 1 0 0 0 0 0 0 0 0 58 78 59 1 94 104 79 1 102 52 64 1 92 70 130 1 76 65 44 1 39 51 102 1 6 64 55 1 35 35 33 1 23 75 28 1 46 79 65 1 6 92 33 1 0 0 0 0 0 32 48 1 37 84 50 1 8 60 36 1 0 71 47 1 27 69 51 1 33 67 55 1 25 80 19 1 10 90 68 1 21 83 59 1 48 103 61 1 53 62 62 1 82 100 47 1 54 88 41 1 35 85 84 1 0 0 0 0 111 146 65 1 167 192 172 1 0 0 0 0 209 175 100 1 207 152 128 1 157 148 110 1 0 0 0 0 138 120 69 1 65 79 42 1
77 37 42 1 64 67 47 1 48 82 43 1 28 85 65 1 71 79 34 1 64 62 63 1 25 88 44 1 44 64 63 1 100 95 52 1 111 112 27 1 96 87 105 1 118 86 73 1 68 74 81 1 68 95 42 1 63 57 28 1 16 28 60 1 0 58 4 1 2 58 0 1 11 68 41 1 37 86 25 1 46 76 56 1 11 90 34 1 38 58 56 1 65 62 40 1 26 74 56 1 21 36 44 1 1 54 62 1 65 84 81 1 68 58 67 1 50 86 78 1 48 98 84 1 102 63 54 1 73 134 59 1 83 87 70 1 97 122 57 1 85 49 67 1 75 63 92 1 55 85 65 1 30 65 29 1 31 47 50 1 48 32 56 1 16 62 37 1 13 66 27 1 0 83 41 1 39 92 39 1 0 0 0 0 44 104 56 1 14 118 22 1 15 77 45 1 13 51 39 1 28 64 23 1 21 77 85 1 35 66 49 1 55 87 56 1 0 0 0 0 0 0 0 0 50 59 74 1 71 78 61 1 123 121 82 1 206 113 80 1 170 187 132 1 0 0 0 0 0 0 0 0 200 159 127 1 0 0 0 0 143 159 126 1 106 85 73 1 0 0 0 0
68 90 79 1 65 83 55 1 104 74 38 1 46 80 42 1 42 96 55 1 52 45 44 1 35 54 34 1 63 75 105 1 85 64 67 1 39 64 65 1 73 58 69 1 103 91 74 1 68 125 61 1 61 95 35 1 0 0 0 0 25 36 44 1 0 33 40 1 0 0 0 0 0 0 0 0 43 63 93 1 27 38 62 1 31 25 56 1 17 36 60 1 33 50 26 1 0 0 0 0 0 73 60 1 0 14 3 1 19 65 10 1 19 111 57 1 35 64 75 1 64 48 75 1 59 33 56 1 29 71 49 1 76 112 40 1 52 89 91 1 70 90 98 1 74 95 91 1 0 0 0 0 43 99 58 1 52 72 53 1 72 100 43 1 0 0 0 0 10 67 52 1 46 44 57 1 17 87 70 1 26 91 77 1 0 76 48 1 7 69 61 1 21 70 14 1 12 9 44 1 38 80 70 1 22 82 58 1 26 74 49 1 20 78 107 1 0 0 0 0 47 85 65 1 17 73 35 1 71 109 75 1 129 107 83 1 170 148 135 1 180 164 128 1 201 133 120 1 165 127 77 1 173 191 86 1 155 180 93 1 198 99 104 1 162 97 89 1 102 112 105 1
105 55 62 1 101 47 49 1 88 72 60 1 85 87 62 1 98 75 77 1 0 0 0 0 81 108 37 1 8 88 40 1 0 0 0 0 67 72 64 1 54 84 76 1 94 86 72 1 101 96 70 1 90 71 37 1 72 44 64 1 0 64 27 1 13 0 16 1 0 0 0 0 0 0 0 0 10 36 39 1 0 39 53 1 15 37 61 1 0 48 41 1 5 21 68 1 16 53 24 1 0 38 55 1 1 31 0 1 0 71 27 1 0 49 6 1 0 40 72 1 27 79 40 1 14 45 30 1 31 57 16 1 51 103 65 1 35 62 27 1 88 89 61 1 52 63 81 1 93 69 106 1 57 79 21 1 16 77 54 1 12 78 75 1 30 45 42 1 42 58 68 1 39 64 20 1 22 44 0 1 51 37 67 1 55 92 62 1 0 12 57 1 0 19 50 1 1 67 49 1 30 60 33 1 30 37 57 1 0 0 0 0 70 68 33 1 67 58 86 1 24 47 30 1 65 82 38 1 89 89 67 1 146 109 85 1 0 0 0 0 216 164 133 1 148 130 66 1 158 147 100 1 153 149 103 1 181 157 121 1 168 135 78 1 0 0 0 0 139 124 79 1
80 74 21 1 68 84 86 1 9 81 86 1 0 0 0 0 86 85 26 1 70 83 90 1 63 42 53 1 48 51 66 1 47 52 60 1 0 0 0 0 0 0 0 0 96 124 62 1 72 63 80 1 73 101 104 1 33 126 38 1 43 50 68 1 0 0 0 0 16 17 48 1 23 22 9 1 0 75 23 1 0 61 52 1 0 0 0 0 0 84 27 1 0 46 72 1 0 58 38 1 0 35 16 1 0 0 0 0 41 62 22 1 0 31 55 1 0 47 12 1 19 76 43 1 31 72 53 1 0 0 0 0 30 56 55 1 48 58 32 1 68 65 97 1 88 89 108 1 44 98 57 1 78 78 53 1 0 0 0 0 62 70 36 1 30 89 56 1 0 0 0 0 29 46 13 1 0 48 41 1 31 94 37 1 52 30 83 1 0 85 32 1 0 44 47 1 0 66 63 1 2 48 24 1 64 45 29 1 40 64 31 1 33 117 44 1 0 0 0 0 7 51 79 1 47 85 65 1 118 108 53 1 167 164 90 1 204 145 90 1 189 160 51 1 136 145 112 1 148 124 53 1 117 100 110 1 134 144 106 1 132 158 98 1 104 145 69 1 111 110 86 1
0 0 0 0 85 89 43 1 64 68 44 1 86 61 35 1 58 81 44 1 62 96 25 1 40 87 71 1 42 67 64 1 39 65 54 1 41 33 52 1 74 90 84 1 78 53 35 1 95 54 75 1 102 63 38 1 71 60 95 1 68 45 27 1 0 36 41 1 0 35 70 1 0 42 39 1 5 29 64 1 0 0 0 0 1 22 34 1 8 63 49 1 26 12 38 1 14 58 12 1 29 84 26 1 0 0 0 0 0 15 27 1 18 2 64 1 0 28 0 1 29 74 17 1 0 62 33 1 33 103 10 1 58 145 55 1 62 45 59 1 66 93 69 1 69 65 59 1 51 106 4 1 73 42 85 1 54 86 50 1 48 93 30 1 31 63 63 1 16 48 52 1 21 23 64 1 42 54 68 1 0 0 0 0 0 45 38 1 21 33 49 1 15 54 31 1 27 45 47 1 25 5 33 1 31 53 70 1 54 86 59 1 54 77 55 1 21 76 57 1 49 59 45 1 78 78 79 1 81 79 60 1 169 136 87 1 180 155 97 1 190 173 58 1 170 173 146 1 114 134 103 1 0 0 0 0 162 161 80 1 121 114 75 1 124 127 69 1 96 109 47 1
104 112 72 1 111 100 57 1 65 68 48 1 86 94 37 1 63 86 63 1 92 92 69 1 68 110 83 1 65 90 66 1 34 106 53 1 54 43 54 1 41 62 80 1 66 38 26 1 51 98 82 1 79 114 50 1 59 48 52 1 0 0 0 0 27 53 19 1 9 70 20 1 0 46 42 1 10 38 38 1 0 18 50 1 0 32 27 1 0 0 0 0 1 35 79 1 13 44 31 1 0 26 66 1 27 62 46 1 0 0 0 0 11 24 25 1 0 63 54 1 0 16 37 1 0 16 33 1 4 29 54 1 28 77 64 1 71 100 73 1 0 0 0 0 69 90 75 1 78 99 92 1 55 63 94 1 49 109 62 1 0 0 0 0 2 61 68 1 16 62 59 1 0 63 59 1 34 77 41 1 8 50 49 1 70 46 47 1 0 68 37 1 5 37 33 1 19 56 44 1 35 63 32 1 73 72 16 1 80 65 62 1 60 88 59 1 8 52 39 1 34 69 58 1 37 84 64 1 129 155 92 1 163 161 140 1 200 157 94 1 156 137 114 1 149 134 115 1 166 139 133 1 154 158 85 1 132 118 129 1 99 133 70 1 56 136 95 1 86 77 93 1
82 73 72 1 56 82 75 1 92 92 83 1 101 71 58 1 31 83 72 1 89 84 42 1 97 111 79 1 85 127 43 1 66 64 47 1 43 48 38 1 0 0 0 0 38 87 78 1 68 107 73 1 89 78 68 1 90 104 53 1 0 0 0 0 44 58 62 1 61 54 54 1 0 62 23 1 2 35 36 1 0 65 40 1 9 58 48 1 3 79 48 1 6 69 44 1 15 66 38 1 0 0 0 0 14 67 49 1 44 35 15 1 32 56 45 1 0 0 0 0 0 0 0 0 20 22 67 1 37 17 62 1 51 49 0 1 0 0 0 0 75 107 73 1 64 122 72 1 63 112 63 1 49 84 82 1 0 78 70 1 0 0 0 0 29 34 33 1 0 44 23 1 31 67 74 1 0 58 37 1 55 75 61 1 52 79 96 1 28 36 64 1 17 53 63 1 9 34 27 1 46 88 46 1 61 99 56 1 61 102 81 1 67 88 52 1 51 61 71 1 9 76 45 1 71 98 111 1 141 133 120 1 155 178 114 1 173 185 95 1 191 160 94 1 125 136 68 1 141 164 101 1 117 161 95 1 135 119 93 1 105 107 96 1 120 156 95 1 107 76 74 1
92 84 52 1 116 89 12 1 0 0 0 0 72 69 91 1 105 91 91 1 76 105 40 1 132 79 70 1 0 0 0 0 34 54 60 1 13 33 70 1 74 56 91 1 63 90 24 1 0 0 0 0 103 143 92 1 128 91 92 1 81 77 102 1 61 71 58 1 24 81 80 1 24 45 82 1 14 66 80 1 69 51 60 1 0 0 0 0 41 69 61 1 0 47 23 1 0 15 67 1 0 62 54 1 16 57 71 1 54 69 49 1 27 77 36 1 39 62 46 1 78 30 23 1 41 53 27 1 4 85 19 1 25 60 21 1 49 77 48 1 75 53 47 1 36 87 49 1 58 106 95 1 54 97 52 1 19 58 48 1 5 39 49 1 0 43 50 1 6 88 75 1 24 62 39 1 0 0 0 0 25 65 93 1 25 63 50 1 41 64 59 1 19 50 29 1 0 49 45 1 26 44 39 1 62 108 44 1 69 65 58 1 0 0 0 0 0 0 0 0 51 61 20 1 0 0 0 0 156 94 74 1 183 111 72 1 193 183 99 1 162 178 70 1 137 149 85 1 0 0 0 0 147 129 97 1 94 120 94 1 135 150 46 1 113 75 55 1 100 72 82 1
129 87 77 1 128 63 83 1 79 84 74 1 103 92 82 1 60 81 67 1 15 64 74 1 97 79 74 1 56 72 67 1 70 92 35 1 77 57 56 1 67 58 45 1 71 86 63 1 72 109 44 1 93 98 68 1 110 76 59 1 97 90 40 1 0 0 0 0 46 50 63 1 73 88 55 1 36 48 80 1 90 105 82 1 57 82 46 1 22 81 59 1 0 77 42 1 20 54 88 1 89 46 70 1 71 70 33 1 45 55 38 1 73 125 75 1 69 49 94 1 39 95 56 1 22 16 26 1 11 68 56 1 0 0 0 0 56 38 56 1 85 97 57 1 65 52 66 1 33 120 65 1 13 41 42 1 0 42 38 1 12 82 38 1 0 82 33 1 0 28 21 1 17 47 42 1 52 55 44 1 0 42 76 1 38 68 51 1 59 61 28 1 17 36 27 1 0 39 33 1 24 83 73 1 30 90 48 1 40 54 48 1 51 85 37 1 58 54 77 1 31 78 90 1 138 109 64 1 153 88 67 1 80 110 79 1 145 137 108 1 160 135 68 1 139 109 65 1 150 133 91 1 137 116 69 1 118 136 101 1 93 118 78 1 103 88 71 1 95 76 64 1
103 119 104 1 0 0 0 0 123 114 52 1 0 0 0 0 87 67 77 1 61 77 117 1 0 0 0 0 45 99 96 1 62 99 54 1 0 0 0 0 94 41 45 1 52 140 75 1 106 94 99 1 78 107 39 1 99 57 89 1 88 101 40 1 80 108 54 1 58 113 72 1 0 0 0 0 104 99 56 1 75 96 66 1 65 91 97 1 58 83 32 1 44 82 33 1 94 75 32 1 0 71 61 1 55 64 63 1 73 110 92 1 24 71 53 1 67 63 52 1 61 106 54 1 42 119 45 1 53 95 52 1 32 41 41 1 0 0 0 0 63 93 58 1 60 71 52 1 0 48 65 1 0 0 0 0 21 79 49 1 3 89 49 1 19 25 53 1 0 0 0 0 0 0 0 0 40 87 58 1 0 0 0 0 50 55 41 1 13 47 19 1 29 45 0 1 21 84 45 1 65 89 66 1 56 71 41 1 0 0 0 0 48 69 68 1 29 78 45 1 56 69 53 1 78 78 58 1 86 145 49 1 138 73 49 1 107 148 71 1 109 117 105 1 136 118 82 1 119 133 89 1 91 137 78 1 85 121 93 1 77 100 87 1 22 90 35 1 49 102 55 1
101 103 78 1 107 138 66 1 90 64 65 1 0 0 0 0 96 73 24 1 112 83 59 1 93 73 84 1 59 106 23 1 32 101 54 1 90 68 63 1 49 65 57 1 54 113 60 1 150 128 58 1 154 104 78 1 108 127 64 1 99 104 82 1 98 107 69 1 84 79 52 1 115 80 62 1 72 100 67 1 150 116 73 1 0 0 0 0 99 139 86 1 82 81 96 1 50 102 83 1 72 61 59 1 87 89 49 1 57 91 26 1 66 65 59 1 67 78 77 1 53 89 90 1 51 83 84 1 54 56 31 1 45 45 44 1 42 86 64 1 79 118 78 1 71 79 76 1 75 84 109 1 23 62 82 1 21 59 8 1 0 6 42 1 36 47 60 1 24 52 38 1 22 22 50 1 0 58 37 1 3 24 53 1 19 31 25 1 0 62 38 1 32 49 43 1 24 50 14 1 53 121 63 1 100 69 47 1 71 58 78 1 57 87 80 1 95 74 27 1 66 61 62 1 74 86 56 1 75 85 42 1 73 74 47 1 75 79 10 1 78 100 63 1 143 96 28 1 70 119 70 1 64 111 66 1 0 0 0 0 53 66 47 1 49 89 59 1 45 55 23 1
126 69 84 1 90 63 104 1 0 0 0 0 125 97 53 1 108 85 126 1 83 93 64 1 99 76 61 1 76 90 25 1 74 86 73 1 0 0 0 0 100 81 93 1 83 158 53 1 133 113 77 1 120 129 73 1 93 79 74 1 114 134 59 1 112 100 55 1 103 111 87 1 84 113 59 1 109 124 52 1 124 103 63 1 0 0 0 0 119 135 85 1 119 93 69 1 80 140 73 1 69 106 77 1 54 90 93 1 49 95 54 1 0 0 0 0 85 86 74 1 83 89 58 1 66 98 53 1 49 82 23 1 41 110 54 1 30 59 39 1 27 64 63 1 30 91 22 1 76 36 62 1 59 90 65 1 63 75 66 1 12 62 84 1 25 61 1 1 0 21 51 1 18 42 56 1 0 0 0 0 0 50 37 1 1 28 29 1 14 65 0 1 0 82 66 1 20 74 51 1 0 0 0 0 66 70 37 1 84 98 74 1 80 93 47 1 104 70 72 1 104 101 136 1 103 98 61 1 59 112 89 1 47 89 35 1 86 57 83 1 67 93 20 1 87 115 48 1 59 105 55 1 99 88 96 1 29 82 45 1 0 0 0 0 12 77 75 1 59 109 87 1
111 85 28 1 106 82 72 1 106 87 58 1 140 76 45 1 64 83 51 1 68 107 68 1 69 90 48 1 78 108 49 1 118 82 69 1 96 136 52 1 115 104 30 1 53 67 33 1 62 87 94 1 72 75 43 1 93 114 59 1 0 0 0 0 0 0 0 0 96 74 37 1 98 54 72 1 88 100 61 1 95 85 70 1 98 134 63 1 136 121 53 1 128 137 94 1 107 139 126 1 77 103 57 1 85 85 63 1 116 109 34 1 101 110 65 1 119 116 33 1 101 100 101 1 85 128 98 1 0 0 0 0 3 107 62 1 63 44 69 1 56 67 44 1 54 55 92 1 57 76 38 1 38 82 60 1 60 58 77 1 34 46 36 1 0 79 83 1 0 49 0 1 14 77 25 1 8 43 44 1 0 54 71 1 0 70 40 1 0 0 0 0 0 0 0 0 63 101 72 1 68 113 49 1 85 38 74 1 0 0 0 0 44 117 105 1 106 86 58 1 119 87 77 1 110 65 96 1 83 80 76 1 39 94 126 1 45 97 45 1 28 87 55 1 35 63 9 1 66 93 44 1 29 58 38 1 47 76 25 1 0 76 38 1 39 29 62 1 52 89 52 1
80 103 85 1 115 53 70 1 0 0 0 0 120 109 68 1 132 109 79 1 112 109 76 1 73 68 113 1 92 65 76 1 127 129 88 1 121 107 51 1 82 74 43 1 102 99 27 1 82 130 65 1 88 100 81 1 92 121 85 1 155 120 59 1 93 112 45 1 70 101 40 1 119 105 68 1 0 0 0 0 110 100 129 1 116 148 95 1 147 68 69 1 114 79 43 1 143 92 105 1 134 111 53 1 105 108 96 1 102 49 67 1 119 144 76 1 130 99 95 1 105 93 23 1 115 95 77 1 101 100 108 1 99 77 79 1 62 75 87 1 24 73 65 1 36 64 86 1 33 89 104 1 50 79 70 1 26 73 46 1 0 0 0 0 50 50 41 1 0 17 30 1 0 13 48 1 0 0 0 0 0 0 0 0 20 74 28 1 59 90 60 1 61 67 69 1 0 0 0 0 65 110 58 1 61 72 39 1 76 74 75 1 84 77 61 1 96 78 78 1 0 0 0 0 85 87 67 1 65 75 86 1 40 71 59 1 1 76 41 1 23 111 10 1 78 60 43 1 51 66 29 1 57 69 54 1 44 65 65 1 55 63 80 1 0 0 0 0 91 119 75 1
0 0 0 0 144 55 69 1 107 69 73 1 0 0 0 0 67 96 110 1 111 111 103 1 111 81 73 1 114 84 108 1 117 100 97 1 132 130 77 1 87 115 71 1 74 70 65 1 49 71 41 1 111 92 44 1 123 138 65 1 101 126 91 1 134 127 66 1 94 76 74 1 0 0 0 0 80 77 23 1 113 95 68 1 119 135 54 1 135 111 33 1 67 116 85 1 0 0 0 0 119 129 60 1 97 98 51 1 84 127 80 1 90 87 41 1 145 83 76 1 84 126 73 1 108 99 81 1 86 85 102 1 86 92 47 1 95 96 80 1 65 61 77 1 79 73 81 1 20 64 49 1 29 44 63 1 5 95 64 1 0 0 0 0 2 51 56 1 0 47 77 1 0 49 57 1 11 17 17 1 26 52 69 1 41 101 51 1 0 0 0 0 87 58 81 1 68 93 81 1 68 75 76 1 61 76 45 1 0 0 0 0 79 96 30 1 57 69 74 1 76 55 56 1 38 42 41 1 72 91 69 1 77 94 75 1 66 79 71 1 64 59 87 1 85 92 112 1 71 87 59 1 74 42 52 1 55 133 11 1 0 0 0 0 0 0 0 0 0 0 0 0
90 97 68 1 102 74 60 1 101 112 74 1 0 0 0 0 127 114 75 1 0 0 0 0 0 0 0 0 131 70 59 1 0 0 0 0 188 101 103 1 112 114 70 1 0 0 0 0 85 96 92 1 88 110 93 1 121 109 57 1 83 97 100 1 0 0 0 0 88 138 61 1 104 84 43 1 97 104 72 1 103 128 65 1 116 113 85 1 131 110 50 1 89 104 115 1 154 96 48 1 114 81 37 1 115 70 31 1 51 68 46 1 84 76 61 1 0 0 0 0 88 98 53 1 53 91 67 1 0 0 0 0 88 129 87 1 80 107 81 1 93 109 77 1 53 105 51 1 0 0 0 0 46 58 85 1 0 0 0 0 0 0 0 0 0 0 0 0 25 35 52 1 0 33 39 1 32 31 49 1 67 60 48 1 83 35 74 1 54 115 78 1 24 62 62 1 0 0 0 0 68 84 49 1 83 76 30 1 29 95 91 1 56 61 32 1 45 59 65 1 72 77 62 1 46 93 60 1 0 0 0 0 74 125 113 1 0 0 0 0 101 113 86 1 0 0 0 0 81 105 111 1 0 0 0 0 85 97 47 1 103 100 50 1 0 0 0 0 111 132 113 1
70 61 38 1 42 86 62 1 76 40 58 1 0 0 0 0 98 69 66 1 103 95 70 1 106 62 81 1 0 0 0 0 183 107 75 1 137 114 85 1 95 136 91 1 117 106 17 1 85 98 51 1 95 97 57 1 102 125 63 1 103 102 73 1 115 91 83 1 105 119 87 1 107 113 79 1 103 90 47 1 124 130 90 1 118 118 68 1 140 108 49 1 0 0 0 0 101 97 71 1 79 104 96 1 0 0 0 0 0 0 0 0 58 81 74 1 79 76 99 1 62 81 74 1 65 106 48 1 56 92 71 1 104 106 58 1 103 73 30 1 79 104 103 1 98 41 80 1 74 66 105 1 68 27 34 1 0 0 0 0 7 68 60 1 15 34 51 1 0 0 0 0 6 35 61 1 58 23 66 1 66 112 78 1 75 124 74 1 75 72 50 1 0 0 0 0 50 85 71 1 80 57 68 1 82 62 62 1 78 51 35 1 0 0 0 0 49 78 51 1 45 95 68 1 51 81 41 1 64 110 71 1 85 77 91 1 0 0 0 0 132 149 86 1 130 103 89 1 128 55 98 1 0 0 0 0 91 93 51 1 88 169 60 1 132 118 83 1 104 104 87 1
41 63 54 1 115 87 78 1 81 71 110 1 73 86 66 1 120 103 79 1 98 110 75 1 110 91 64 1 122 115 84 1 114 81 92 1 140 129 70 1 149 124 85 1 62 149 87 1 68 63 57 1 104 112 60 1 107 98 34 1 122 99 111 1 112 118 47 1 134 127 71 1 118 152 60 1 120 158 105 1 112 103 67 1 83 81 51 1 93 114 53 1 102 48 76 1 102 85 93 1 102 69 74 1 92 129 109 1 87 116 89 1 59 102 61 1 105 61 21 1 57 90 37 1 0 0 0 0 66 49 80 1 110 113 39 1 103 73 75 1 0 0 0 0 50 87 99 1 55 78 51 1 48 57 56 1 0 0 0 0 0 68 57 1 24 61 44 1 17 50 37 1 19 23 42 1 20 55 68 1 66 60 86 1 75 110 45 1 27 116 42 1 0 0 0 0 88 85 9 1 20 82 74 1 61 77 70 1 88 81 67 1 62 69 91 1 44 69 44 1 32 76 49 1 82 58 100 1 31 56 83 1 127 127 78 1 152 148 111 1 130 143 105 1 86 117 99 1 119 122 71 1 0 0 0 0 129 116 81 1 105 97 92 1 94 124 61 1 88 79 80 1
73 56 63 1 64 90 3 1 55 66 56 1 46 80 55 1 65 102 86 1 78 79 48 1 68 94 113 1 0 0 0 0 105 84 80 1 82 115 93 1 74 94 102 1 129 129 88 1 86 92 82 1 0 0 0 0 112 78 81 1 101 105 49 1 101 113 80 1 115 133 48 1 63 89 98 1 113 102 82 1 0 0 0 0 102 58 33 1 94 105 66 1 123 81 67 1 114 75 66 1 0 0 0 0 96 70 93 1 120 126 72 1 124 93 49 1 31 85 93 1 85 99 36 1 54 133 56 1 0 0 0 0 94 115 82 1 58 71 26 1 125 96 15 1 88 117 92 1 51 53 96 1 53 64 57 1 32 34 36 1 16 86 27 1 29 39 29 1 25 39 46 1 0 32 38 1 14 76 72 1 53 70 66 1 53 105 28 1 0 37 28 1 33 67 77 1 50 69 54 1 65 112 59 1 101 84 62 1 76 105 54 1 39 96 39 1 40 90 1 1 19 133 42 1 54 116 68 1 58 57 91 1 111 119 83 1 181 118 70 1 0 0 0 0 108 85 69 1 84 76 54 1 74 56 55 1 92 93 72 1 124 156 77 1 103 112 75 1 0 0 0 0
42 96 56 1 43 57 39 1 53 55 68 1 15 79 7 1 51 51 76 1 0 0 0 0 100 101 68 1 0 0 0 0 91 82 29 1 55 75 48 1 68 100 61 1 66 124 75 1 94 91 45 1 80 93 54 1 93 117 77 1 0 0 0 0 71 124 41 1 0 0 0 0 0 0 0 0 74 99 57 1 0 1 66 1 46 101 67 1 50 87 81 1 114 129 45 1 89 88 73 1 0 0 0 0 144 88 78 1 99 108 35 1 61 84 90 1 0 0 0 0 45 76 65 1 10 78 39 1 90 64 72 1 98 93 37 1 13 93 75 1 84 82 39 1 74 99 114 1 120 86 62 1 0 0 0 0 47 52 59 1 0 0 0 0 6 63 58 1 0 0 0 0 6 70 38 1 17 52 36 1 46 58 55 1 12 52 32 1 43 49 27 1 0 0 0 0 89 122 50 1 54 77 68 1 71 103 80 1 52 87 51 1 0 0 0 0 36 60 112 1 71 65 50 1 66 65 61 1 72 25 88 1 119 145 56 1 149 144 97 1 111 125 56 1 108 117 103 1 128 92 68 1 0 0 0 0 56 75 68 1 103 89 112 1 121 95 81 1 130 86 80 1
0 0 0 0 55 50 49 1 55 44 24 1 45 28 79 1 41 84 80 1 0 0 0 0 57 69 60 1 64 108 78 1 80 102 66 1 16 61 68 1 0 0 0 0 84 101 75 1 77 86 82 1 44 84 60 1 30 94 57 1 61 84 60 1 99 120 94 1 34 82 73 1 62 89 50 1 40 91 40 1 0 0 0 0 62 62 48 1 73 128 67 1 95 55 48 1 0 0 0 0 58 98 50 1 64 37 76 1 0 0 0 0 0 0 0 0 48 66 82 1 46 97 84 1 73 75 48 1 66 69 57 1 74 72 93 1 74 104 46 1 87 114 61 1 106 130 60 1 118 86 60 1 66 87 62 1 70 72 72 1 0 0 0 0 35 65 42 1 0 66 53 1 19 59 31 1 0 0 0 0 58 53 75 1 15 50 58 1 2 70 37 1 0 93 77 1 59 49 60 1 52 42 48 1 46 70 51 1 16 57 65 1 47 55 29 1 91 88 77 1 0 0 0 0 109 93 75 1 92 60 49 1 52 74 57 1 106 81 66 1 88 100 81 1 113 95 90 1 101 94 59 1 75 128 50 1 58 73 78 1 66 83 57 1 104 118 69 1 145 93 93 1
49 66 70 1 50 57 68 1 0 0 0 0 43 56 71 1 62 47 49 1 25 35 66 1 54 75 45 1 37 59 87 1 81 88 89 1 111 42 74 1 89 90 45 1 131 127 81 1 79 95 75 1 16 47 49 1 35 31 62 1 15 43 26 1 18 63 46 1 0 0 0 0 112 81 107 1 78 76 16 1 49 83 58 1 38 80 73 1 61 129 80 1 98 88 83 1 26 85 45 1 0 0 0 0 46 105 50 1 65 80 57 1 64 93 89 1 48 89 62 1 0 0 0 0 9 80 86 1 38 89 79 1 0 0 0 0 102 91 37 1 123 103 81 1 74 124 45 1 58 91 73 1 141 124 83 1 133 99 68 1 87 68 54 1 97 105 71 1 47 37 70 1 37 48 29 1 23 64 0 1 62 82 34 1 17 93 50 1 52 56 12 1 52 69 60 1 0 0 0 0 35 79 103 1 17 76 95 1 21 92 55 1 59 59 43 1 75 60 64 1 3 99 123 1 49 104 43 1 10 61 59 1 0 65 37 1 53 97 69 1 74 82 50 1 106 58 64 1 114 70 47 1 75 87 53 1 0 0 0 0 84 89 124 1 76 83 100 1 91 103 64 1
35 48 52 1 38 78 73 1 0 0 0 0 0 61 76 1 32 56 79 1 0 43 32 1 25 76 49 1 61 72 26 1 109 109 57 1 75 76 71 1 72 64 92 1 73 88 93 1 68 84 79 1 97 86 0 1 0 65 35 1 27 59 45 1 0 0 0 0 26 71 35 1 102 83 73 1 102 105 44 1 0 0 0 0 53 34 26 1 68 47 36 1 17 81 34 1 53 121 50 1 29 73 101 1 41 64 43 1 46 81 72 1 54 83 88 1 0 0 0 0 51 87 88 1 25 76 22 1 50 94 64 1 42 75 53 1 0 0 0 0 88 56 91 1 86 145 104 1 168 78 79 1 124 68 33 1 128 103 126 1 144 94 93 1 107 91 81 1 73 143 81 1 48 105 33 1 51 67 45 1 0 0 0 0 51 71 36 1 0 73 73 1 30 73 58 1 36 80 56 1 0 42 11 1 14 15 52 1 23 67 50 1 46 24 54 1 0 49 34 1 46 90 55 1 0 92 66 1 40 34 56 1 63 88 41 1 50 64 28 1 49 56 74 1 39 44 42 1 83 92 44 1 61 79 61 1 59 55 55 1 86 110 83 1 90 105 99 1 54 112 80 1
9 56 91 1 4 87 60 1 30 51 49 1 27 40 86 1 19 74 41 1 22 62 38 1 0 0 0 0 91 68 68 1 115 100 83 1 124 146 80 1 78 91 64 1 81 76 66 1 113 94 90 1 69 74 54 1 46 44 59 1 18 61 64 1 0 63 48 1 43 77 76 1 72 91 62 1 99 106 43 1 39 16 93 1 0 47 112 1 22 48 40 1 17 90 59 1 9 64 81 1 40 53 59 1 0 0 0 0 40 56 103 1 58 37 41 1 24 74 51 1 0 0 0 0 64 70 55 1 0 106 47 1 0 0 0 0 102 117 78 1 80 93 104 1 102 104 111 1 72 116 66 1 70 67 69 1 64 74 86 1 106 161 49 1 0 0 0 0 125 119 90 1 54 67 54 1 111 67 101 1 86 102 44 1 124 98 90 1 32 89 51 1 37 28 87 1 18 27 41 1 0 88 46 1 0 0 0 0 8 12 80 1 12 81 63 1 0 71 52 1 29 69 73 1 3 67 36 1 32 22 67 1 17 69 23 1 0 0 0 0 38 89 55 1 61 68 66 1 91 50 88 1 65 93 51 1 85 76 45 1 90 73 20 1 118 65 55 1 80 102 92 1
0 0 0 0 45 74 63 1 52 79 34 1 72 72 23 1 29 82 67 1 37 86 43 1 49 26 33 1 0 0 0 0 139 141 67 1 122 155 67 1 0 0 0 0 152 76 43 1 75 94 50 1 120 76 80 1 53 49 45 1 27 18 94 1 24 67 18 1 0 83 48 1 64 83 94 1 60 90 77 1 45 76 52 1 26 19 13 1 0 0 0 0 0 52 14 1 0 33 14 1 41 69 43 1 8 63 46 1 67 47 31 1 39 68 57 1 33 75 55 1 35 66 52 1 42 82 12 1 17 66 59 1 65 98 77 1 120 53 96 1 78 97 50 1 0 0 0 0 78 125 40 1 98 134 85 1 0 0 0 0 51 68 65 1 124 140 79 1 97 166 84 1 107 91 83 1 95 105 52 1 0 0 0 0 70 65 87 1 0 0 0 0 13 49 65 1 0 51 51 1 11 17 49 1 2 78 24 1 7 52 38 1 0 53 31 1 0 47 48 1 5 61 79 1 8 52 20 1 0 0 0 0 0 72 65 1 20 29 76 1 53 105 69 1 99 72 23 1 51 39 58 1 101 118 31 1 42 74 108 1 84 104 64 1 83 97 65 1 76 54 54 1
0 87 86 1 47 95 37 1 58 35 28 1 64 72 18 1 48 63 24 1 26 45 72 1 0 0 0 0 164 127 64 1 219 177 109 1 190 133 90 1 141 91 82 1 103 123 78 1 145 88 72 1 100 111 90 1 0 0 0 0 48 62 39 1 28 58 45 1 0 58 51 1 73 95 32 1 0 0 0 0 18 34 60 1 12 14 25 1 0 51 22 1 48 71 77 1 0 38 53 1 0 80 31 1 0 0 0 0 11 32 39 1 28 43 65 1 51 69 76 1 37 64 60 1 4 44 76 1 60 84 36 1 67 94 105 1 84 83 119 1 77 132 95 1 109 113 92 1 113 105 90 1 97 50 85 1 115 80 59 1 83 102 50 1 80 85 110 1 121 79 99 1 66 53 86 1 97 96 88 1 67 97 40 1 58 68 60 1 9 76 63 1 44 45 36 1 37 51 32 1 0 27 39 1 15 67 63 1 0 28 15 1 0 49 12 1 9 80 23 1 0 31 52 1 16 67 54 1 0 0 0 0 0 0 0 0 20 102 0 1 36 57 59 1 84 68 60 1 97 98 103 1 131 108 60 1 47 132 43 1 100 67 85 1 0 0 0 0 45 81 51 1
15 65 85 1 79 128 61 1 10 92 38 1 71 25 8 1 0 0 0 0 64 51 0 1 89 84 31 1 126 129 120 1 198 155 134 1 223 194 100 1 154 133 106 1 0 0 0 0 144 92 97 1 109 120 56 1 115 120 94 1 74 72 45 1 0 36 25 1 29 53 62 1 36 106 74 1 53 67 33 1 46 57 85 1 61 77 60 1 4 54 75 1 0 30 73 1 23 12 36 1 7 19 18 1 0 46 12 1 33 77 75 1 78 87 55 1 48 88 52 1 60 64 47 1 42 82 16 1 45 79 75 1 83 64 68 1 48 112 113 1 101 71 68 1 72 104 67 1 127 119 91 1 0 0 0 0 78 85 69 1 50 132 89 1 49 85 78 1 0 0 0 0 79 102 58 1 28 94 46 1 61 67 32 1 7 72 25 1 22 6 71 1 0 38 56 1 11 37 13 1 14 40 53 1 4 65 37 1 0 47 50 1 35 21 27 1 0 0 0 0 0 0 0 0 24 103 84 1 35 79 38 1 19 27 36 1 25 91 81 1 42 53 50 1 61 46 40 1 0 0 0 0 119 113 110 1 72 96 90 1 100 92 73 1 0 0 0 0 86 90 63 1
24 26 40 1 18 67 23 1 14 76 48 1 17 78 57 1 2 67 49 1 52 77 60 1 66 103 64 1 99 121 55 1 174 170 116 1 173 162 107 1 181 136 81 1 0 0 0 0 142 78 73 1 126 137 64 1 157 97 96 1 65 61 81 1 48 47 53 1 40 32 12 1 22 64 29 1 39 69 48 1 64 78 41 1 99 99 59 1 61 89 69 1 0 0 0 0 11 60 74 1 13 32 31 1 6 52 30 1 56 109 55 1 40 81 104 1 56 52 97 1 54 51 53 1 67 78 61 1 55 48 36 1 4 38 75 1 0 0 0 0 72 83 69 1 0 0 0 0 57 88 71 1 74 67 94 1 70 62 48 1 86 48 67 1 36 51 101 1 54 62 75 1 69 65 57 1 37 61 53 1 40 71 42 1 14 70 38 1 16 42 36 1 3 47 36 1 0 12 49 1 0 44 44 1 41 45 74 1 37 68 56 1 60 52 54 1 39 72 68 1 64 90 55 1 48 77 50 1 40 85 62 1 34 51 44 1 40 57 52 1 42 41 27 1 57 95 53 1 74 117 64 1 89 85 85 1 118 88 72 1 83 62 96 1 86 78 107 1 86 83 62 1
0 54 39 1 40 72 16 1 31 77 32 1 47 50 42 1 14 50 60 1 67 74 54 1 62 94 50 1 0 0 0 0 117 114 95 1 123 139 60 1 120 107 82 1 124 74 86 1 113 63 36 1 134 112 78 1 87 122 55 1 79 72 59 1 32 57 29 1 49 45 51 1 40 64 61 1 42 110 51 1 125 84 72 1 103 96 80 1 0 0 0 0 39 28 63 1 4 70 5 1 16 33 29 1 0 68 41 1 4 24 39 1 28 79 34 1 60 51 78 1 76 60 36 1 84 58 44 1 37 64 50 1 19 59 104 1 0 0 0 0 81 88 46 1 123 109 98 1 94 95 71 1 75 56 76 1 74 86 68 1 46 81 37 1 45 78 44 1 45 27 66 1 60 82 96 1 72 68 80 1 32 101 60 1 18 72 24 1 0 46 34 1 0 54 57 1 0 0 0 0 5 36 50 1 64 73 48 1 65 60 83 1 25 87 83 1 77 62 73 1 56 58 50 1 27 107 54 1 55 106 53 1 32 64 63 1 56 80 76 1 74 25 72 1 43 64 66 1 90 89 76 1 83 112 99 1 74 96 44 1 0 0 0 0 74 67 93 1 11 61 56 1
51 39 37 1 0 23 17 1 14 27 93 1 36 50 47 1 52 25 46 1 26 54 48 1 20 91 54 1 53 95 44 1 55 82 48 1 69 88 45 1 46 103 43 1 86 113 74 1 99 46 53 1 118 119 54 1 124 75 62 1 122 78 84 1 76 103 65 1 45 70 9 1 45 79 66 1 97 107 57 1 114 136 57 1 150 120 67 1 111 102 83 1 0 87 43 1 54 61 48 1 42 48 96 1 0 62 21 1 52 30 27 1 27 44 30 1 32 36 89 1 33 84 13 1 63 71 44 1 52 33 50 1 0 0 0 0 86 86 51 1 82 76 75 1 107 90 78 1 0 0 0 0 64 46 91 1 36 64 50 1 0 0 0 0 89 85 76 1 75 78 78 1 57 67 84 1 61 70 68 1 36 94 61 1 43 48 18 1 0 66 47 1 0 17 53 1 0 38 44 1 0 57 42 1 12 113 71 1 22 89 95 1 39 68 41 1 89 77 83 1 29 61 61 1 38 79 48 1 63 74 57 1 43 89 92 1 0 0 0 0 41 78 19 1 35 43 78 1 69 70 80 1 93 78 55 1 102 97 75 1 85 91 51 1 70 94 53 1 0 0 0 0
89 70 92 1 12 64 17 1 29 44 68 1 30 57 35 1 42 58 65 1 54 52 28 1 50 33 48 1 0 73 47 1 18 61 62 1 41 42 77 1 37 96 71 1 60 68 64 1 125 101 77 1 104 107 71 1 98 106 60 1 111 87 79 1 47 84 57 1 50 68 61 1 0 0 0 0 0 0 0 0 144 157 46 1 161 95 68 1 126 97 83 1 0 0 0 0 48 43 99 1 12 56 37 1 6 78 27 1 31 40 73 1 35 23 44 1 50 39 35 1 60 26 40 1 66 68 95 1 33 71 11 1 61 77 50 1 41 66 84 1 98 107 87 1 113 121 115 1 97 82 75 1 55 95 55 1 63 64 50 1 0 0 0 0 57 46 51 1 48 63 61 1 50 57 30 1 78 110 63 1 98 132 84 1 49 86 68 1 45 82 54 1 35 57 30 1 13 2 14 1 26 20 6 1 0 87 75 1 19 69 70 1 96 69 45 1 89 62 65 1 37 66 65 1 54 87 81 1 69 85 54 1 50 50 79 1 40 106 87 1 0 0 0 0 36 89 23 1 67 87 72 1 101 79 68 1 69 99 94 1 93 97 80 1 35 72 66 1 0 0 0 0
34 75 83 1 54 41 31 1 0 9 60 1 0 40 47 1 0 0 0 0 44 65 26 1 56 84 11 1 71 47 45 1 26 76 71 1 28 61 31 1 48 93 38 1 0 0 0 0 99 49 61 1 129 66 53 1 110 79 67 1 80 92 81 1 56 106 94 1 39 72 39 1 87 87 67 1 0 0 0 0 132 124 47 1 170 91 68 1 99 55 64 1 53 45 58 1 10 63 18 1 23 27 40 1 26 52 78 1 11 80 75 1 0 38 25 1 32 72 26 1 86 88 48 1 40 96 29 1 62 83 54 1 56 91 60 1 95 96 49 1 98 95 106 1 75 132 110 1 73 77 39 1 104 56 24 1 47 84 90 1 73 71 86 1 81 82 40 1 40 97 87 1 60 75 66 1 0 0 0 0 78 75 46 1 49 65 77 1 17 72 46 1 0 0 0 0 0 34 38 1 27 67 28 1 33 66 9 1 25 61 42 1 0 0 0 0 82 81 43 1 106 68 50 1 97 99 61 1 53 55 36 1 59 66 66 1 50 60 102 1 24 68 49 1 60 25 81 1 68 79 83 1 100 90 79 1 94 59 67 1 28 118 73 1 84 83 81 1 93 60 54 1
134 106 86 1 79 65 36 1 25 58 42 1 0 0 0 0 25 24 48 1 2 70 63 1 40 78 24 1 34 45 77 1 45 62 23 1 45 64 44 1 47 77 75 1 71 85 56 1 0 0 0 0 132 99 73 1 80 102 44 1 66 66 73 1 13 91 49 1 14 112 39 1 15 84 66 1 58 78 53 1 109 68 92 1 150 133 114 1 86 123 80 1 47 63 54 1 23 0 74 1 0 0 0 0 27 46 16 1 15 58 59 1 0 44 98 1 4 19 25 1 0 34 76 1 4 72 42 1 0 0 0 0 73 97 63 1 103 87 69 1 53 51 83 1 59 84 39 1 0 0 0 0 0 0 0 0 85 94 59 1 49 81 57 1 96 96 70 1 45 128 98 1 0 0 0 0 82 110 55 1 40 124 64 1 87 40 66 1 43 69 42 1 0 0 0 0 22 12 22 1 0 5 23 1 37 62 54 1 45 139 21 1 71 63 59 1 53 74 61 1 82 96 38 1 91 92 38 1 51 49 66 1 21 66 66 1 68 56 56 1 44 60 54 1 26 69 29 1 63 70 49 1 82 90 70 1 115 83 55 1 77 77 80 1 100 84 88 1 107 44 41 1
163 152 148 1 92 63 68 1 0 0 0 0 33 68 64 1 0 45 67 1 41 42 76 1 65 43 64 1 11 33 41 1 34 72 70 1 64 56 30 1 72 59 102 1 144 80 66 1 111 90 59 1 98 94 60 1 122 65 60 1 71 96 74 1 23 98 54 1 24 107 74 1 40 59 34 1 69 106 78 1 0 0 0 0 117 117 30 1 33 37 35 1 8 74 82 1 4 44 7 1 26 62 40 1 24 28 0 1 0 63 38 1 0 44 29 1 22 19 54 1 17 51 76 1 46 62 60 1 71 101 49 1 48 92 82 1 71 91 74 1 91 83 52 1 70 81 65 1 74 40 91 1 93 112 68 1 93 108 63 1 84 46 56 1 73 57 37 1 94 81 102 1 66 104 99 1 71 104 66 1 24 99 41 1 46 47 85 1 39 71 68 1 12 57 62 1 10 26 51 1 0 45 44 1 18 41 63 1 47 69 73 1 56 76 64 1 71 65 69 1 75 55 67 1 89 74 52 1 89 89 57 1 86 97 53 1 52 45 40 1 11 50 42 1 0 0 0 0 0 0 0 0 33 102 85 1 86 85 60 1 59 64 78 1 74 81 52 1 53 57 51 1
160 140 142 1 132 91 83 1 68 66 65 1 0 0 0 0 35 60 45 1 55 65 45 1 0 71 60 1 16 18 70 1 0 0 0 0 16 98 67 1 82 92 66 1 115 93 68 1 108 96 80 1 145 93 30 1 73 89 55 1 53 81 69 1 4 43 30 1 31 67 58 1 18 85 45 1 79 56 60 1 89 97 97 1 74 106 23 1 23 51 48 1 16 32 45 1 0 67 45 1 37 73 42 1 23 40 47 1 4 81 57 1 50 69 49 1 14 73 51 1 45 85 41 1 61 45 27 1 96 76 65 1 90 106 91 1 73 65 59 1 115 72 72 1 71 70 60 1 100 87 36 1 69 93 18 1 73 88 76 1 56 70 95 1 110 92 59 1 59 77 64 1 12 58 34 1 52 109 75 1 4 90 72 1 52 81 91 1 13 74 56 1 23 63 21 1 4 28 43 1 23 26 34 1 26 44 8 1 0 0 0 0 0 0 0 0 71 97 17 1 44 104 87 1 82 35 114 1 38 108 41 1 62 78 58 1 18 71 75 1 58 75 21 1 84 66 46 1 70 114 62 1 58 81 59 1 47 73 78 1 74 106 61 1 67 61 91 1 58 97 32 1
132 98 93 1 128 140 83 1 127 62 105 1 31 49 48 1 0 0 0 0 52 53 38 1 68 32 97 1 46 39 36 1 0 0 0 0 70 58 80 1 79 74 83 1 122 118 90 1 175 120 96 1 72 127 64 1 71 92 39 1 60 76 36 1 32 47 51 1 54 65 26 1 0 0 0 0 56 48 34 1 126 136 82 1 64 66 57 1 47 64 57 1 10 74 47 1 0 33 38 1 0 76 46 1 32 71 37 1 65 32 56 1 51 60 29 1 72 65 81 1 41 36 60 1 0 0 0 0 31 86 11 1 85 84 33 1 63 79 41 1 82 63 32 1 100 98 24 1 114 106 68 1 109 99 73 1 0 0 0 0 100 69 70 1 58 32 74 1 66 125 69 1 80 94 35 1 51 40 40 1 67 56 15 1 43 61 66 1 33 73 65 1 39 47 29 1 0 61 23 1 6 41 92 1 0 34 48 1 67 91 39 1 96 70 66 1 49 35 62 1 54 96 104 1 52 103 61 1 43 48 82 1 33 60 88 1 0 0 0 0 35 53 42 1 47 52 58 1 27 114 50 1 94 85 66 1 78 106 71 1 0 0 0 0 75 57 56 1 49 75 61 1
110 179 102 1 139 166 140 1 146 126 113 1 70 106 62 1 0 0 0 0 0 0 0 0 0 0 0 0 33 36 69 1 45 31 60 1 66 81 19 1 104 78 52 1 121 129 80 1 158 128 121 1 145 116 69 1 97 71 60 1 50 51 57 1 51 68 37 1 67 71 100 1 0 0 0 0 100 110 54 1 88 70 84 1 82 69 34 1 23 43 43 1 23 40 48 1 41 33 54 1 47 33 43 1 20 63 28 1 5 81 44 1 0 0 0 0 25 27 59 1 16 57 62 1 0 69 48 1 33 76 24 1 83 86 85 1 49 102 65 1 107 79 32 1 83 72 78 1 43 72 46 1 0 0 0 0 69 48 59 1 52 83 98 1 93 94 54 1 58 65 79 1 82 100 69 1 26 63 38 1 44 94 27 1 50 59 46 1 76 71 49 1 22 21 0 1 0 47 61 1 0 51 29 1 22 46 29 1 74 81 50 1 78 66 58 1 86 103 76 1 80 101 36 1 36 90 23 1 87 101 51 1 0 0 0 0 70 92 52 1 52 52 44 1 47 69 81 1 80 62 53 1 77 62 61 1 0 0 0 0 93 45 73 1 73 95 46 1 86 88 75 1
79 123 59 1 117 114 115 1 103 94 121 1 80 99 95 1 100 17 36 1 77 88 74 1 27 98 72 1 45 40 24 1 68 95 54 1 67 73 91 1 127 95 81 1 125 102 32 1 141 109 74 1 152 132 80 1 108 129 107 1 106 116 54 1 104 105 58 1 78 102 37 1 83 78 62 1 122 109 91 1 82 80 89 1 44 77 72 1 39 25 50 1 18 39 67 1 0 0 0 0 10 28 60 1 12 55 36 1 40 59 108 1 39 61 62 1 48 56 54 1 9 45 69 1 48 62 31 1 62 51 42 1 88 109 65 1 71 108 70 1 87 76 77 1 87 58 62 1 80 58 42 1 52 96 76 1 68 137 31 1 40 100 51 1 72 71 75 1 0 0 0 0 58 54 82 1 32 33 72 1 70 84 97 1 54 77 54 1 24 74 47 1 58 60 69 1 6 89 66 1 29 42 28 1 0 0 0 0 43 93 114 1 59 99 48 1 0 0 0 0 83 132 60 1 53 75 42 1 0 0 0 0 59 109 66 1 115 83 54 1 49 45 33 1 15 60 74 1 0 0 0 0 38 49 50 1 98 66 69 1 100 98 89 1 0 0 0 0 47 71 77 1
108 146 76 1 149 122 64 1 64 45 80 1 0 0 0 0 112 59 36 1 53 68 76 1 70 54 67 1 61 87 54 1 58 34 57 1 102 117 58 1 140 89 41 1 96 81 84 1 96 106 65 1 97 67 27 1 133 125 80 1 101 114 61 1 0 0 0 0 28 26 61 1 0 74 58 1 60 110 95 1 0 0 0 0 54 118 86 1 34 46 55 1 20 61 0 1 0 55 43 1 11 66 52 1 0 0 0 0 63 76 45 1 43 68 62 1 29 67 94 1 28 30 82 1 38 50 64 1 60 51 54 1 107 95 45 1 112 68 36 1 81 141 86 1 92 92 82 1 64 94 84 1 0 0 0 0 106 75 72 1 110 107 34 1 80 67 65 1 50 81 90 1 89 116 93 1 78 109 80 1 64 82 93 1 113 97 92 1 0 0 0 0 22 66 74 1 38 34 28 1 0 11 32 1 3 82 15 1 57 61 78 1 82 64 99 1 95 78 63 1 77 64 60 1 51 52 75 1 68 67 60 1 93 96 48 1 70 43 90 1 64 112 57 1 78 75 49 1 56 67 32 1 52 50 46 1 83 64 104 1 54 98 90 1 0 0 0 0 76 63 70 1
158 125 88 1 145 137 113 1 101 126 82 1 114 91 95 1 68 68 79 1 87 101 117 1 58 64 61 1 97 105 55 1 75 95 94 1 107 94 95 1 100 84 76 1 69 71 51 1 28 87 28 1 78 71 51 1 0 0 0 0 102 96 87 1 93 108 76 1 47 104 54 1 38 89 95 1 60 112 80 1 103 106 38 1 60 119 110 1 41 49 69 1 10 36 52 1 0 22 75 1 0 0 75 1 0 70 44 1 12 65 68 1 68 87 51 1 23 61 63 1 32 91 35 1 55 45 71 1 86 65 33 1 96 70 65 1 97 136 88 1 58 126 76 1 66 54 77 1 80 68 99 1 108 73 86 1 66 105 48 1 83 86 104 1 0 0 0 0 0 0 0 0 62 73 54 1 82 89 65 1 77 71 31 1 90 76 109 1 48 92 91 1 17 61 39 1 8 47 47 1 0 60 47 1 14 95 66 1 12 47 87 1 105 93 31 1 0 0 0 0 99 82 81 1 57 89 67 1 37 72 76 1 108 47 65 1 97 52 85 1 51 66 45 1 38 55 51 1 89 55 47 1 84 47 56 1 120 68 63 1 68 105 94 1 87 84 80 1 100 125 58 1
172 141 151 1 0 0 0 0 216 153 84 1 101 136 115 1 109 90 63 1 84 100 106 1 61 75 29 1 64 53 90 1 84 91 101 1 0 0 0 0 50 137 19 1 18 89 68 1 0 0 0 0 81 94 70 1 36 71 54 1 107 106 89 1 0 0 0 0 5 57 101 1 26 57 36 1 44 91 47 1 88 114 58 1 47 61 47 1 61 30 74 1 37 36 62 1 0 58 30 1 22 36 23 1 0 55 59 1 19 54 0 1 83 70 55 1 0 0 0 0 30 63 26 1 10 54 66 1 56 50 56 1 30 23 84 1 75 79 107 1 68 37 82 1 75 83 54 1 85 64 42 1 75 53 87 1 115 61 35 1 78 88 96 1 63 101 48 1 109 67 86 1 65 94 28 1 30 84 92 1 84 95 68 1 116 126 66 1 66 99 56 1 24 23 84 1 13 85 74 1 0 57 0 1 48 59 48 1 58 97 62 1 90 67 82 1 0 0 0 0 54 61 80 1 80 55 51 1 33 71 16 1 105 107 37 1 80 29 58 1 100 97 108 1 58 75 45 1 85 75 42 1 79 74 72 1 57 106 7 1 101 104 47 1 86 132 37 1 51 122 82 1
216 224 184 1 225 206 153 1 203 165 119 1 217 111 92 1 129 113 95 1 95 80 59 1 114 86 51 1 92 114 36 1 48 73 13 1 36 63 58 1 28 50 30 1 26 89 83 1 48 67 74 1 77 61 111 1 100 71 35 1 76 110 80 1 70 86 89 1 55 67 69 1 11 91 37 1 58 85 43 1 96 92 53 1 57 73 64 1 27 28 12 1 23 48 53 1 3 83 74 1 0 53 121 1 0 37 63 1 59 71 66 1 58 61 17 1 25 100 54 1 34 105 81 1 64 63 29 1 35 61 68 1 61 91 36 1 0 0 0 0 36 42 41 1 65 108 76 1 108 88 50 1 86 90 93 1 100 88 17 1 65 74 93 1 97 98 75 1 109 96 39 1 95 76 54 1 69 81 60 1 56 107 51 1 0 0 0 0 74 86 65 1 39 38 46 1 0 0 0 0 18 53 14 1 51 48 45 1 65 112 75 1 99 82 110 1 92 85 83 1 83 130 92 1 51 76 63 1 0 0 0 0 37 98 72 1 54 41 103 1 0 0 0 0 88 78 73 1 91 80 44 1 58 91 50 1 75 53 62 1 86 91 39 1 144 90 74 1 63 62 66 1