6
2707 1287 95 64
88 58 63 1 81 95 65 1 104 137 72 1 137 144 83 1 145 123 132 1 157 93 103 1 174 93 66 1 155 134 62 1 202 118 77 1 179 154 101 1 0 0 0 0 144 95 39 1 97 97 33 1 76 60 60 1 20 82 52 1 38 13 48 1 23 49 93 1 67 58 85 1 0 0 0 0 54 46 94 1 9 51 57 1 0 0 0 0 53 49 51 1 31 60 73 1 8 61 71 1 18 26 69 1 22 62 47 1 54 44 50 1 0 0 0 0 0 39 71 1 18 33 77 1 41 39 56 1 5 23 71 1 0 48 56 1 15 38 98 1 0 32 104 1 0 0 0 0 1 77 52 1 30 55 99 1 38 27 70 1 26 39 82 1 18 81 56 1 25 42 74 1 0 0 0 0 0 0 0 0 54 50 69 1 0 0 0 0 22 60 67 1 30 31 61 1 11 76 79 1 41 44 75 1 63 47 101 1 10 67 120 1 11 86 96 1 2 25 65 1 56 33 74 1 0 24 63 1 50 23 80 1 49 40 66 1 0 0 0 0 34 62 77 1 23 58 74 1 51 33 66 1 31 68 100 1
71 92 76 1 109 93 69 1 91 98 50 1 103 111 96 1 112 115 118 1 142 108 121 1 164 127 91 1 172 119 57 1 0 0 0 0 173 151 71 1 217 135 97 1 182 103 71 1 148 143 101 1 78 107 32 1 23 6 27 1 48 49 64 1 12 29 73 1 17 69 92 1 33 53 83 1 30 77 92 1 0 51 56 1 35 51 81 1 0 38 63 1 0 0 0 0 11 25 53 1 29 43 81 1 0 50 55 1 51 62 48 1 0 0 0 0 0 11 69 1 17 49 70 1 0 0 0 0 5 73 52 1 60 44 126 1 24 74 113 1 0 0 0 0 27 64 121 1 24 74 127 1 18 49 50 1 11 71 52 1 28 12 75 1 25 74 68 1 0 39 71 1 20 79 74 1 9 58 81 1 62 67 71 1 0 0 0 0 49 53 68 1 42 44 37 1 38 32 74 1 31 42 98 1 13 65 123 1 0 64 87 1 0 0 0 0 4 66 63 1 19 64 72 1 64 66 50 1 30 11 69 1 0 0 0 0 0 54 58 1 45 52 74 1 63 29 43 1 0 0 0 0 22 35 81 1
92 77 47 1 0 0 0 0 93 62 23 1 96 72 54 1 100 72 73 1 141 101 58 1 185 120 99 1 204 158 89 1 183 152 84 1 190 166 68 1 167 131 69 1 149 143 64 1 186 126 103 1 87 98 66 1 95 46 32 1 63 67 39 1 47 80 47 1 34 77 80 1 29 74 102 1 0 0 0 0 0 100 60 1 22 49 75 1 28 64 103 1 1 62 94 1 8 64 68 1 0 0 0 0 45 49 66 1 37 21 60 1 0 14 85 1 0 47 61 1 9 93 68 1 38 33 20 1 55 25 74 1 53 67 57 1 0 54 115 1 0 0 0 0 44 47 64 1 35 45 95 1 16 53 91 1 21 87 56 1 73 70 125 1 19 57 49 1 4 51 55 1 17 82 87 1 27 22 58 1 6 25 62 1 7 42 35 1 31 38 121 1 0 56 64 1 44 50 98 1 86 35 81 1 0 0 0 0 10 61 91 1 19 61 88 1 17 38 53 1 40 44 121 1 69 82 73 1 35 40 79 1 12 53 66 1 23 99 70 1 52 64 99 1 0 0 0 0 29 6 81 1 14 82 82 1
0 0 0 0 96 87 88 1 74 95 81 1 91 121 80 1 117 114 71 1 0 0 0 0 148 117 65 1 152 144 52 1 225 145 75 1 193 93 96 1 192 142 64 1 184 119 86 1 193 137 107 1 103 97 52 1 131 130 56 1 0 0 0 0 58 75 48 1 33 85 36 1 8 52 92 1 1 59 44 1 18 51 106 1 24 40 98 1 37 49 62 1 0 67 87 1 11 75 79 1 0 73 91 1 0 18 82 1 0 0 0 0 45 61 57 1 0 39 87 1 32 41 70 1 14 66 98 1 16 28 100 1 1 42 83 1 6 65 83 1 0 117 94 1 5 37 62 1 16 10 71 1 41 36 60 1 19 67 93 1 50 48 57 1 44 59 99 1 0 38 116 1 0 31 54 1 25 35 79 1 0 0 0 0 0 108 82 1 42 52 107 1 13 43 81 1 3 20 92 1 26 43 79 1 34 25 69 1 10 41 64 1 41 45 71 1 59 50 90 1 26 65 63 1 43 13 32 1 18 15 102 1 32 25 52 1 19 63 103 1 0 0 0 0 15 30 82 1 79 96 72 1 53 59 52 1
105 87 66 1 154 109 82 1 170 112 95 1 0 0 0 0 116 95 95 1 99 49 79 1 163 114 57 1 129 97 55 1 180 154 72 1 120 117 96 1 183 140 51 1 205 161 105 1 166 141 119 1 203 142 124 1 160 124 115 1 0 0 0 0 79 73 64 1 43 34 48 1 36 45 91 1 11 68 77 1 43 63 72 1 25 60 70 1 0 57 116 1 11 80 67 1 67 76 73 1 14 36 84 1 52 105 99 1 32 51 87 1 16 80 82 1 23 72 93 1 56 66 60 1 0 61 48 1 56 65 30 1 12 26 49 1 24 56 69 1 43 12 60 1 33 52 50 1 36 59 64 1 45 49 96 1 0 52 63 1 4 82 78 1 56 45 84 1 0 0 0 0 32 57 78 1 0 0 0 0 0 0 0 0 37 63 52 1 20 47 132 1 26 59 62 1 0 48 121 1 28 57 49 1 6 80 73 1 53 47 83 1 0 0 0 0 19 90 96 1 23 59 80 1 3 91 77 1 44 69 76 1 0 0 0 0 14 32 45 1 0 0 0 0 30 67 70 1 13 116 90 1 40 78 42 1
150 125 102 1 136 124 64 1 129 89 46 1 139 94 83 1 120 116 84 1 106 139 104 1 113 109 77 1 133 109 120 1 0 0 0 0 150 108 60 1 0 0 0 0 208 154 89 1 199 145 128 1 0 0 0 0 204 121 91 1 0 0 0 0 129 57 46 1 42 51 92 1 0 0 0 0 5 38 92 1 46 41 90 1 76 54 94 1 30 79 50 1 7 30 122 1 23 61 66 1 26 56 117 1 37 54 28 1 45 66 113 1 18 95 53 1 39 38 50 1 12 57 67 1 10 52 102 1 0 0 0 0 32 55 56 1 0 38 106 1 32 0 117 1 39 40 91 1 0 50 63 1 0 42 82 1 53 47 99 1 14 90 91 1 37 45 100 1 5 57 74 1 18 72 54 1 0 0 0 0 48 65 56 1 0 59 53 1 0 0 0 0 40 54 84 1 16 43 22 1 13 63 79 1 26 46 63 1 0 59 73 1 30 26 92 1 0 61 63 1 23 57 54 1 42 91 49 1 38 16 77 1 26 77 64 1 3 48 48 1 7 67 91 1 2 63 97 1 13 56 79 1 46 35 31 1
160 151 131 1 137 104 69 1 148 103 67 1 114 88 54 1 88 107 70 1 0 0 0 0 173 131 116 1 140 97 144 1 0 0 0 0 181 113 95 1 177 148 83 1 149 127 89 1 156 133 73 1 216 152 95 1 195 151 111 1 173 142 24 1 149 109 72 1 33 98 55 1 37 21 80 1 8 24 77 1 0 67 26 1 20 29 75 1 15 70 108 1 0 69 34 1 35 60 97 1 62 44 66 1 49 88 58 1 17 74 114 1 34 57 90 1 5 62 66 1 25 45 90 1 3 40 56 1 29 58 81 1 6 63 76 1 4 56 51 1 15 60 106 1 0 0 0 0 48 58 66 1 0 39 104 1 0 79 98 1 21 59 70 1 50 23 49 1 0 0 0 0 0 33 44 1 0 0 0 0 0 55 58 1 0 65 99 1 0 0 0 0 25 40 110 1 24 50 77 1 30 71 78 1 51 45 110 1 54 67 93 1 26 52 70 1 49 86 82 1 29 84 73 1 22 33 76 1 61 63 65 1 9 38 30 1 0 0 0 0 0 66 92 1 38 60 53 1 0 36 63 1 0 63 70 1
109 62 38 1 137 113 91 1 110 80 42 1 0 0 0 0 66 69 46 1 99 71 97 1 145 96 112 1 127 112 149 1 125 77 97 1 109 93 87 1 176 117 91 1 187 92 102 1 205 119 71 1 195 149 114 1 219 130 58 1 185 131 70 1 157 108 59 1 57 75 64 1 46 59 51 1 29 34 49 1 14 0 94 1 44 26 17 1 31 50 118 1 46 54 37 1 10 55 112 1 0 73 44 1 14 57 77 1 23 19 49 1 27 51 64 1 32 14 109 1 33 45 84 1 58 37 111 1 27 63 55 1 0 16 43 1 6 16 106 1 11 79 67 1 41 67 57 1 33 43 76 1 51 34 74 1 39 55 80 1 66 77 35 1 17 21 75 1 32 49 107 1 0 21 99 1 45 50 67 1 21 54 40 1 62 61 76 1 18 51 77 1 32 58 69 1 0 38 133 1 11 71 78 1 11 34 50 1 0 0 0 0 35 60 87 1 10 26 85 1 36 65 77 1 0 51 110 1 31 61 52 1 0 0 0 0 0 0 0 0 34 35 118 1 6 83 90 1 30 31 75 1 0 29 75 1
85 80 80 1 137 56 78 1 125 74 79 1 94 100 96 1 72 69 95 1 63 66 99 1 54 63 81 1 109 81 106 1 115 64 96 1 136 46 41 1 164 75 71 1 182 110 49 1 183 161 34 1 194 123 49 1 222 123 58 1 189 97 36 1 0 0 0 0 72 80 93 1 74 56 76 1 16 30 28 1 10 23 6 1 29 44 67 1 22 25 111 1 0 0 0 0 22 81 94 1 0 0 0 0 36 45 76 1 45 37 101 1 2 38 98 1 26 84 59 1 36 39 98 1 19 44 53 1 32 33 84 1 29 66 52 1 12 26 58 1 73 51 122 1 10 59 70 1 45 77 83 1 16 56 105 1 0 0 0 0 45 65 97 1 54 26 76 1 25 51 60 1 60 88 71 1 28 73 49 1 14 84 67 1 15 50 113 1 40 61 94 1 36 44 65 1 0 37 93 1 38 87 62 1 28 43 72 1 11 23 71 1 10 64 76 1 43 75 79 1 12 86 92 1 44 78 67 1 39 79 92 1 50 54 47 1 32 27 103 1 0 0 0 0 48 27 63 1 13 74 76 1 56 53 79 1
82 53 47 1 76 79 64 1 81 90 82 1 94 78 69 1 90 98 103 1 0 0 0 0 65 51 96 1 0 0 0 0 98 83 96 1 122 61 9 1 129 120 61 1 183 140 82 1 196 125 84 1 211 159 70 1 164 115 72 1 179 100 68 1 0 0 0 0 91 91 74 1 72 36 33 1 70 22 30 1 27 26 45 1 39 62 99 1 0 0 0 0 16 19 66 1 42 69 74 1 29 41 63 1 34 48 58 1 16 47 57 1 0 54 58 1 24 20 62 1 6 57 80 1 0 86 98 1 11 27 49 1 8 57 81 1 2 56 95 1 43 90 82 1 11 33 41 1 0 71 72 1 0 0 0 0 7 24 94 1 29 64 51 1 1 41 94 1 34 61 111 1 11 33 68 1 64 85 49 1 0 0 0 0 23 35 77 1 22 65 64 1 28 40 35 1 47 54 57 1 0 81 78 1 2 60 66 1 19 50 37 1 0 0 0 0 49 29 99 1 31 68 50 1 25 58 82 1 30 27 103 1 42 45 78 1 27 37 92 1 0 0 0 0 45 24 60 1 32 49 62 1 6 79 55 1
93 71 92 1 60 57 60 1 0 0 0 0 71 88 70 1 86 109 100 1 83 103 61 1 50 73 80 1 76 49 41 1 63 46 45 1 121 96 48 1 142 85 64 1 119 104 98 1 166 127 57 1 196 158 41 1 200 126 94 1 203 153 72 1 183 111 73 1 148 139 128 1 80 75 79 1 67 40 78 1 56 37 0 1 12 70 63 1 30 24 88 1 19 55 72 1 29 20 53 1 2 15 102 1 0 67 65 1 0 0 0 0 38 27 43 1 12 20 66 1 43 46 47 1 57 41 102 1 0 36 37 1 8 34 60 1 12 43 75 1 29 26 71 1 42 74 61 1 0 22 60 1 0 0 0 0 30 77 66 1 0 0 0 0 20 26 47 1 48 70 75 1 36 106 68 1 0 15 70 1 20 75 90 1 0 0 0 0 0 0 0 0 22 45 97 1 28 23 79 1 16 42 61 1 45 39 108 1 16 34 75 1 23 55 63 1 0 0 0 0 31 53 46 1 0 0 0 0 24 56 79 1 3 56 66 1 32 34 112 1 105 35 17 1 7 47 97 1 36 83 81 1 0 0 0 0
41 64 69 1 64 73 84 1 38 59 72 1 0 0 0 0 82 73 56 1 44 76 64 1 32 92 122 1 0 0 0 0 71 75 54 1 143 109 1 1 136 114 76 1 0 0 0 0 198 167 70 1 215 201 72 1 232 153 92 1 207 160 90 1 0 0 0 0 178 138 156 1 100 140 51 1 70 78 114 1 83 27 30 1 0 0 0 0 32 50 42 1 15 51 56 1 17 41 87 1 0 10 56 1 0 26 52 1 0 73 68 1 11 72 97 1 56 60 66 1 20 61 58 1 30 37 70 1 41 50 105 1 0 0 0 0 27 65 47 1 57 66 54 1 48 83 65 1 43 75 49 1 40 93 72 1 25 54 123 1 24 47 64 1 0 0 0 0 3 64 52 1 41 77 89 1 0 40 31 1 0 38 56 1 29 90 115 1 29 41 56 1 0 0 0 0 48 55 90 1 26 16 62 1 22 56 97 1 4 38 81 1 16 38 99 1 36 40 115 1 10 50 56 1 36 59 76 1 79 67 58 1 0 0 0 0 3 75 70 1 23 20 79 1 25 77 83 1 34 94 86 1 29 77 101 1
48 37 33 1 56 44 109 1 0 0 0 0 0 66 111 1 17 78 89 1 38 46 51 1 49 48 79 1 75 47 65 1 105 82 67 1 152 54 11 1 149 149 100 1 172 146 100 1 0 0 0 0 232 166 102 1 241 156 102 1 221 159 141 1 224 163 98 1 179 142 147 1 152 75 105 1 112 109 75 1 29 57 65 1 0 0 0 0 0 0 0 0 30 17 46 1 48 81 97 1 0 88 59 1 0 0 0 0 22 56 56 1 11 53 81 1 0 18 88 1 49 18 91 1 0 0 0 0 7 51 72 1 38 37 62 1 19 24 81 1 0 92 56 1 0 48 128 1 8 43 100 1 0 50 81 1 18 68 64 1 42 58 91 1 0 0 0 0 6 77 44 1 27 74 109 1 40 53 72 1 0 0 0 0 0 72 52 1 14 79 73 1 26 74 115 1 14 50 21 1 0 41 65 1 9 50 50 1 78 47 72 1 0 64 46 1 0 0 0 0 0 53 94 1 28 49 116 1 0 74 95 1 24 65 95 1 28 0 65 1 2 15 49 1 30 69 70 1 0 0 0 0 50 69 100 1
106 62 54 1 62 76 108 1 30 72 71 1 0 48 93 1 59 25 101 1 22 54 96 1 42 65 49 1 24 64 88 1 37 64 52 1 152 108 46 1 124 95 65 1 171 132 107 1 208 124 101 1 224 177 99 1 250 132 60 1 255 167 74 1 175 177 88 1 213 109 91 1 198 138 87 1 208 144 61 1 117 109 42 1 92 110 12 1 45 57 9 1 4 50 21 1 25 63 59 1 5 17 65 1 54 69 112 1 7 67 80 1 27 25 101 1 34 18 86 1 8 35 27 1 0 0 0 0 11 81 47 1 15 6 75 1 0 67 63 1 3 96 80 1 16 53 77 1 30 46 63 1 0 71 82 1 35 50 51 1 31 25 82 1 0 68 99 1 55 53 99 1 6 10 65 1 29 32 106 1 0 58 46 1 0 0 0 0 41 70 88 1 33 52 95 1 16 86 90 1 0 0 0 0 0 0 0 0 38 55 97 1 51 9 53 1 17 43 96 1 0 0 0 0 21 50 59 1 5 102 79 1 39 46 100 1 0 44 81 1 24 38 71 1 32 0 108 1 51 81 95 1 42 50 98 1
110 90 43 1 0 0 0 0 27 58 68 1 54 43 107 1 59 79 96 1 38 37 72 1 38 74 60 1 75 39 35 1 37 77 57 1 129 109 62 1 150 74 73 1 199 162 82 1 222 160 40 1 233 157 103 1 227 138 84 1 248 149 55 1 245 151 106 1 224 149 76 1 203 110 82 1 0 0 0 0 159 125 73 1 125 165 87 1 97 87 64 1 29 84 53 1 0 0 0 0 67 74 108 1 78 35 79 1 13 32 92 1 48 36 26 1 30 52 52 1 12 34 24 1 20 55 17 1 19 32 67 1 0 48 98 1 27 27 80 1 8 84 93 1 0 45 97 1 0 28 77 1 10 63 53 1 25 50 60 1 34 34 48 1 43 57 69 1 50 35 92 1 11 88 77 1 26 64 72 1 11 57 47 1 39 60 53 1 26 61 78 1 69 75 47 1 5 69 63 1 14 37 53 1 53 21 56 1 38 85 65 1 32 83 131 1 18 45 46 1 53 67 110 1 44 41 60 1 29 89 84 1 36 37 90 1 12 55 67 1 6 44 89 1 51 40 121 1 0 27 95 1 54 48 79 1
101 54 59 1 39 41 38 1 0 0 0 0 12 74 85 1 29 62 62 1 48 67 66 1 76 52 84 1 53 71 74 1 59 65 47 1 105 74 36 1 160 77 70 1 184 147 102 1 179 162 54 1 223 150 71 1 217 137 99 1 206 189 76 1 0 0 0 0 198 148 32 1 207 152 115 1 195 135 72 1 156 128 55 1 171 160 91 1 153 107 97 1 103 104 97 1 47 71 79 1 38 41 82 1 40 62 90 1 54 49 96 1 12 62 70 1 0 0 0 0 0 0 0 0 3 52 139 1 62 64 23 1 1 73 92 1 76 25 89 1 0 38 86 1 43 16 52 1 0 61 90 1 0 69 78 1 0 64 79 1 13 55 65 1 43 63 98 1 38 93 96 1 33 0 65 1 13 53 69 1 2 69 62 1 0 39 91 1 10 60 93 1 48 61 54 1 17 92 39 1 21 52 57 1 0 34 82 1 26 73 86 1 1 83 71 1 8 81 87 1 16 47 74 1 5 29 49 1 19 15 82 1 41 24 81 1 40 69 88 1 12 49 58 1 21 47 53 1 16 39 134 1 19 60 97 1
120 60 48 1 35 52 99 1 58 56 68 1 0 0 0 0 0 0 0 0 0 0 0 0 2 90 97 1 32 41 74 1 85 71 96 1 55 68 70 1 135 96 57 1 218 165 86 1 243 150 77 1 192 144 81 1 191 161 47 1 208 152 85 1 232 135 68 1 203 177 77 1 207 158 105 1 197 168 80 1 198 153 91 1 0 0 0 0 178 137 106 1 157 128 85 1 78 104 75 1 43 47 57 1 85 78 59 1 46 69 43 1 47 26 59 1 32 37 93 1 0 0 0 0 0 0 0 0 11 88 83 1 0 0 0 0 15 44 86 1 22 27 78 1 36 41 75 1 29 42 110 1 6 88 52 1 36 91 82 1 30 49 71 1 35 34 64 1 46 40 99 1 35 67 35 1 58 22 55 1 37 97 48 1 13 35 48 1 0 47 68 1 0 65 69 1 34 92 59 1 45 57 64 1 8 44 106 1 0 69 64 1 34 73 89 1 45 46 74 1 6 14 116 1 0 87 63 1 43 22 41 1 54 104 66 1 29 50 66 1 46 85 70 1 2 62 70 1 70 43 45 1 13 49 65 1
105 47 47 1 84 57 96 1 26 38 62 1 40 34 67 1 20 71 61 1 43 62 69 1 63 98 100 1 38 41 92 1 53 101 75 1 124 74 103 1 122 144 91 1 195 148 111 1 235 136 72 1 216 162 98 1 0 0 0 0 200 141 73 1 209 179 73 1 159 172 79 1 200 113 27 1 184 140 41 1 172 146 56 1 180 114 64 1 182 178 98 1 174 144 111 1 0 0 0 0 89 57 67 1 103 57 69 1 0 0 0 0 0 40 59 1 12 63 72 1 30 40 97 1 43 58 93 1 0 38 83 1 62 48 91 1 24 56 76 1 0 59 101 1 38 47 101 1 24 78 81 1 9 38 87 1 43 22 116 1 32 64 87 1 22 39 79 1 0 0 0 0 28 57 65 1 0 25 86 1 19 77 99 1 0 0 0 0 29 30 63 1 0 0 0 0 0 46 82 1 63 80 70 1 34 40 64 1 0 67 69 1 42 40 84 1 0 78 60 1 22 47 104 1 0 0 0 0 37 76 49 1 0 0 0 0 38 57 76 1 46 1 98 1 50 45 67 1 38 28 80 1 16 30 76 1
123 37 50 1 57 70 80 1 51 30 61 1 65 45 45 1 20 63 41 1 9 78 57 1 45 80 70 1 66 53 103 1 0 0 0 0 128 110 54 1 130 119 63 1 185 134 90 1 220 148 55 1 226 135 77 1 196 182 107 1 208 127 68 1 207 147 90 1 186 104 56 1 182 161 57 1 0 0 0 0 166 121 77 1 161 193 95 1 146 127 61 1 145 150 88 1 175 133 72 1 122 99 41 1 0 0 0 0 39 86 101 1 46 43 32 1 19 74 55 1 4 26 60 1 12 76 66 1 0 0 0 0 22 12 98 1 0 47 57 1 38 59 85 1 18 41 76 1 18 38 42 1 3 78 56 1 29 58 56 1 52 43 58 1 18 77 58 1 28 61 82 1 40 45 84 1 0 0 0 0 0 67 61 1 49 63 106 1 19 81 75 1 4 69 69 1 41 58 95 1 32 83 102 1 23 18 66 1 2 44 108 1 7 62 72 1 3 20 67 1 53 77 86 1 17 66 98 1 41 32 119 1 49 72 69 1 25 76 78 1 45 18 67 1 0 0 0 0 58 46 86 1 39 55 93 1
114 68 0 1 59 73 61 1 24 33 47 1 35 34 83 1 14 39 51 1 60 79 104 1 70 46 89 1 30 21 106 1 105 50 75 1 0 0 0 0 159 87 46 1 125 131 67 1 176 133 93 1 142 126 86 1 193 108 88 1 168 89 79 1 0 0 0 0 170 92 60 1 171 102 70 1 172 125 50 1 136 130 52 1 203 136 43 1 181 153 98 1 208 134 86 1 0 0 0 0 135 94 88 1 105 141 69 1 121 114 34 1 109 56 102 1 0 0 0 0 62 81 99 1 0 0 0 0 18 76 80 1 38 28 63 1 40 72 51 1 0 47 83 1 4 83 73 1 0 44 75 1 14 48 88 1 0 0 0 0 3 63 76 1 27 34 110 1 20 58 68 1 56 54 69 1 27 48 46 1 9 61 78 1 42 94 109 1 22 71 107 1 14 46 58 1 24 22 84 1 20 69 110 1 12 26 94 1 39 70 46 1 0 63 100 1 0 46 87 1 70 48 89 1 0 0 0 0 20 104 50 1 0 64 121 1 0 0 0 0 39 45 92 1 14 65 64 1 41 32 91 1 45 76 60 1
135 54 38 1 73 62 71 1 90 69 55 1 45 20 45 1 45 110 79 1 54 68 64 1 50 65 98 1 46 63 24 1 0 0 0 0 92 83 0 1 106 80 111 1 0 0 0 0 215 116 90 1 160 94 70 1 231 106 34 1 186 98 37 1 197 140 78 1 172 113 62 1 0 0 0 0 188 102 56 1 181 134 48 1 201 149 41 1 187 174 82 1 146 117 101 1 180 113 28 1 175 121 68 1 165 122 67 1 0 0 0 0 191 146 109 1 135 123 118 1 104 110 133 1 92 92 80 1 0 0 0 0 51 50 102 1 38 53 71 1 0 0 0 0 54 61 124 1 29 42 45 1 19 45 111 1 41 75 91 1 6 77 75 1 32 29 78 1 62 40 72 1 19 29 117 1 50 48 22 1 71 48 74 1 12 72 91 1 0 0 0 0 5 30 118 1 40 87 55 1 9 35 80 1 54 69 76 1 1 73 88 1 8 57 73 1 12 30 106 1 10 42 95 1 0 0 0 0 27 71 92 1 46 50 53 1 23 42 110 1 21 59 81 1 8 92 65 1 0 0 0 0 39 54 73 1
0 0 0 0 86 66 79 1 69 10 64 1 60 51 72 1 28 69 62 1 9 71 68 1 60 57 66 1 42 61 71 1 22 69 129 1 57 62 39 1 93 90 81 1 99 147 88 1 152 136 74 1 184 174 115 1 0 0 0 0 189 135 79 1 183 155 40 1 0 0 0 0 197 109 32 1 0 0 0 0 198 122 86 1 194 89 109 1 168 88 58 1 171 144 137 1 189 169 80 1 168 139 66 1 141 106 116 1 186 118 79 1 157 146 112 1 185 155 94 1 196 157 103 1 0 0 0 0 97 56 30 1 65 39 49 1 63 0 101 1 19 46 44 1 45 45 68 1 0 0 0 0 0 0 0 0 27 78 92 1 24 68 77 1 22 65 82 1 0 55 69 1 50 99 70 1 0 47 66 1 75 30 80 1 14 69 78 1 26 46 80 1 0 51 58 1 17 81 71 1 74 50 81 1 20 26 87 1 0 16 78 1 12 81 90 1 0 42 106 1 22 82 57 1 20 39 80 1 60 82 99 1 37 71 66 1 10 62 56 1 31 69 94 1 31 70 76 1 12 37 90 1 37 60 91 1
109 87 77 1 86 60 94 1 57 80 107 1 41 59 70 1 67 63 46 1 33 94 80 1 44 47 73 1 37 73 83 1 49 61 51 1 85 61 93 1 86 106 69 1 115 53 58 1 139 93 59 1 175 98 92 1 159 166 52 1 152 135 86 1 191 156 69 1 187 129 76 1 193 132 75 1 223 145 66 1 0 0 0 0 142 100 66 1 162 116 61 1 193 151 64 1 0 0 0 0 194 106 88 1 158 89 57 1 159 175 66 1 216 139 79 1 210 162 114 1 222 132 118 1 160 133 103 1 107 113 61 1 70 60 74 1 0 0 0 0 0 0 0 0 45 71 73 1 37 43 107 1 10 66 112 1 0 78 64 1 0 66 41 1 21 19 47 1 0 0 0 0 36 50 89 1 8 72 40 1 36 74 93 1 27 91 67 1 0 0 0 0 46 45 123 1 40 64 73 1 36 52 118 1 0 0 0 0 35 52 42 1 0 8 66 1 0 0 0 0 49 99 99 1 55 80 110 1 12 73 91 1 0 62 109 1 84 63 79 1 0 66 31 1 37 95 72 1 26 102 92 1 11 68 62 1
85 116 78 1 42 88 103 1 36 72 78 1 73 69 75 1 46 82 30 1 12 85 64 1 45 55 97 1 12 27 82 1 0 39 60 1 41 58 102 1 95 63 24 1 76 51 75 1 166 62 82 1 166 144 131 1 177 153 70 1 176 124 56 1 185 153 44 1 210 169 52 1 212 118 88 1 206 97 64 1 177 90 80 1 164 139 28 1 135 134 43 1 0 0 0 0 134 148 77 1 154 115 66 1 128 124 68 1 170 118 65 1 200 120 102 1 224 159 109 1 205 168 93 1 200 180 53 1 153 128 64 1 83 96 90 1 60 62 76 1 26 28 54 1 29 36 111 1 47 76 92 1 26 63 80 1 18 48 81 1 15 104 71 1 55 62 80 1 46 33 84 1 25 89 86 1 52 30 27 1 14 55 66 1 70 29 68 1 31 39 89 1 23 63 104 1 25 79 95 1 0 0 0 0 24 93 123 1 12 40 104 1 63 61 72 1 31 30 55 1 0 0 0 0 0 32 85 1 0 0 0 0 5 46 91 1 24 54 122 1 11 99 75 1 34 75 95 1 53 94 69 1 38 73 59 1
72 30 61 1 61 28 60 1 0 0 0 0 15 78 119 1 0 60 76 1 9 72 41 1 24 50 53 1 0 0 0 0 5 50 66 1 43 64 87 1 0 0 0 0 96 43 76 1 129 104 64 1 159 147 75 1 133 98 63 1 189 155 69 1 144 116 119 1 0 0 0 0 175 107 62 1 212 131 53 1 196 102 69 1 136 77 99 1 0 0 0 0 125 63 39 1 161 133 97 1 127 152 48 1 149 94 19 1 165 107 70 1 197 125 114 1 229 133 94 1 217 163 56 1 175 116 69 1 192 161 50 1 126 120 125 1 64 96 72 1 73 74 53 1 33 71 42 1 56 35 82 1 79 58 97 1 23 84 83 1 23 58 80 1 29 23 57 1 52 88 42 1 30 40 74 1 45 66 77 1 19 27 69 1 0 59 94 1 19 52 92 1 13 79 103 1 0 0 0 0 54 79 47 1 18 61 57 1 64 37 74 1 0 0 0 0 22 34 93 1 20 85 85 1 51 53 60 1 42 49 81 1 26 69 90 1 0 68 118 1 0 48 61 1 0 0 0 0 6 69 75 1 0 0 0 0
28 88 53 1 51 84 30 1 29 52 44 1 30 20 95 1 0 0 0 0 0 0 0 0 35 27 63 1 27 46 42 1 36 60 86 1 12 59 102 1 59 79 88 1 36 67 59 1 78 113 63 1 102 101 72 1 142 112 100 1 132 83 76 1 142 98 47 1 190 109 73 1 128 96 70 1 171 94 89 1 143 126 65 1 130 85 49 1 141 57 75 1 72 116 82 1 120 115 69 1 134 123 93 1 144 130 85 1 199 115 65 1 228 120 51 1 191 192 111 1 0 0 0 0 214 120 47 1 174 115 56 1 100 104 78 1 64 105 88 1 48 36 70 1 39 65 37 1 60 93 38 1 31 40 86 1 41 34 70 1 0 66 68 1 14 64 60 1 38 64 29 1 25 49 58 1 13 57 66 1 0 0 0 0 39 0 88 1 0 20 70 1 11 32 108 1 26 65 94 1 42 54 52 1 23 53 83 1 56 102 108 1 20 46 93 1 28 16 57 1 25 24 85 1 38 70 55 1 58 98 90 1 16 78 52 1 21 69 59 1 0 90 81 1 30 76 79 1 24 107 138 1 11 57 64 1
0 52 78 1 48 76 98 1 72 67 87 1 38 57 62 1 10 64 87 1 3 68 79 1 17 63 95 1 60 98 123 1 38 57 63 1 15 42 86 1 0 0 0 0 37 83 62 1 78 79 122 1 110 114 56 1 114 114 88 1 146 87 90 1 122 56 67 1 126 111 55 1 135 86 82 1 143 112 65 1 0 0 0 0 133 88 55 1 122 100 80 1 103 97 67 1 133 123 82 1 148 92 0 1 164 149 58 1 160 123 46 1 201 118 30 1 189 137 98 1 187 140 65 1 190 130 90 1 142 88 67 1 135 104 67 1 139 104 68 1 105 114 84 1 81 71 72 1 58 39 92 1 69 84 103 1 0 0 0 0 21 34 45 1 64 44 39 1 16 78 55 1 0 79 47 1 9 64 65 1 18 83 98 1 7 63 71 1 6 83 68 1 0 0 0 0 25 29 54 1 73 32 108 1 12 59 58 1 64 64 86 1 21 38 52 1 35 47 110 1 32 46 54 1 49 74 60 1 19 71 69 1 0 0 0 0 42 49 79 1 29 39 82 1 11 73 65 1 26 49 119 1 16 71 120 1
14 60 73 1 14 42 86 1 14 77 99 1 26 47 59 1 0 0 0 0 14 56 103 1 44 51 121 1 0 0 0 0 11 78 118 1 0 66 106 1 34 21 108 1 56 39 88 1 66 38 53 1 47 139 74 1 145 126 41 1 152 150 59 1 216 105 123 1 128 97 60 1 75 73 94 1 94 71 80 1 0 0 0 0 111 66 40 1 105 69 55 1 71 68 80 1 172 133 67 1 150 126 30 1 172 100 53 1 147 123 43 1 181 102 45 1 227 140 68 1 0 0 0 0 117 111 85 1 145 74 56 1 164 88 54 1 125 102 63 1 0 0 0 0 93 64 89 1 46 60 80 1 1 65 80 1 50 15 97 1 48 60 71 1 17 62 75 1 52 78 57 1 78 55 79 1 45 64 27 1 6 42 63 1 14 48 48 1 40 38 89 1 43 54 70 1 42 97 81 1 0 0 0 0 16 69 47 1 33 110 70 1 5 59 79 1 0 0 0 0 50 40 45 1 26 64 94 1 25 66 134 1 23 85 107 1 0 0 0 0 1 17 44 1 30 63 76 1 45 107 97 1 9 40 72 1
70 75 94 1 23 65 86 1 26 0 87 1 31 32 46 1 38 46 64 1 11 79 99 1 13 59 79 1 43 70 62 1 0 27 59 1 31 31 122 1 30 79 93 1 67 87 102 1 39 115 67 1 104 54 63 1 135 85 75 1 168 132 69 1 153 122 41 1 85 88 58 1 101 50 100 1 59 35 90 1 78 31 79 1 75 55 69 1 135 71 65 1 141 75 68 1 195 127 91 1 182 100 40 1 201 128 73 1 203 135 39 1 117 137 83 1 199 151 94 1 0 0 0 0 167 101 56 1 107 101 51 1 150 99 87 1 126 97 73 1 0 0 0 0 105 105 118 1 73 82 79 1 32 50 94 1 25 77 53 1 34 27 101 1 51 67 92 1 0 0 0 0 34 67 54 1 0 0 0 0 27 62 28 1 31 64 41 1 43 47 52 1 25 58 89 1 0 67 56 1 20 23 92 1 24 52 104 1 0 50 61 1 10 48 45 1 55 4 35 1 25 42 85 1 25 60 52 1 70 49 85 1 0 0 0 0 20 98 36 1 0 42 57 1 45 24 70 1 33 90 73 1 10 45 75 1
48 37 91 1 31 39 83 1 52 64 81 1 31 77 62 1 37 47 83 1 43 11 60 1 29 18 63 1 18 25 59 1 72 45 74 1 35 46 48 1 29 47 43 1 27 77 106 1 62 56 73 1 48 81 65 1 108 92 90 1 106 107 81 1 134 102 91 1 124 85 67 1 57 65 78 1 68 72 71 1 79 26 122 1 56 97 63 1 92 68 105 1 111 120 95 1 95 96 99 1 137 134 71 1 188 134 83 1 161 133 78 1 179 159 104 1 145 150 62 1 191 149 54 1 111 143 81 1 0 0 0 0 151 96 45 1 153 94 78 1 116 116 52 1 141 100 71 1 125 82 85 1 62 89 72 1 31 39 85 1 45 48 79 1 27 50 103 1 0 63 61 1 0 0 0 0 7 29 84 1 36 82 58 1 48 74 73 1 26 52 50 1 19 52 47 1 21 18 61 1 28 49 52 1 18 85 65 1 7 63 73 1 37 51 113 1 35 65 79 1 48 64 108 1 44 24 114 1 0 43 83 1 43 66 82 1 5 63 90 1 13 66 81 1 0 0 0 0 49 98 97 1 56 45 59 1
8 42 42 1 32 101 75 1 16 58 57 1 15 31 70 1 0 64 101 1 0 38 88 1 36 116 85 1 47 84 97 1 0 0 0 0 26 63 69 1 38 77 52 1 29 33 93 1 31 57 75 1 45 71 91 1 85 47 62 1 99 79 96 1 69 92 81 1 58 61 101 1 61 77 92 1 90 87 53 1 40 77 82 1 42 61 77 1 95 67 103 1 68 114 70 1 132 73 73 1 140 146 66 1 128 128 69 1 193 120 64 1 164 138 87 1 0 0 0 0 0 0 0 0 156 66 61 1 122 101 24 1 135 94 60 1 140 111 57 1 118 135 76 1 145 88 94 1 94 105 63 1 99 87 86 1 32 73 50 1 0 54 58 1 1 52 74 1 29 89 72 1 8 47 99 1 25 102 80 1 15 43 103 1 12 82 91 1 0 52 66 1 31 82 53 1 17 41 109 1 0 0 0 0 60 79 72 1 27 30 78 1 0 0 0 0 23 67 92 1 30 40 88 1 65 58 78 1 42 52 58 1 36 70 63 1 18 10 106 1 61 90 60 1 30 48 87 1 85 64 86 1 21 52 114 1
13 52 113 1 56 35 73 1 3 60 83 1 15 62 88 1 21 74 77 1 56 64 63 1 34 63 84 1 0 0 0 0 0 0 0 0 38 64 83 1 44 41 59 1 31 52 65 1 39 67 77 1 65 43 62 1 73 59 51 1 0 0 0 0 82 60 93 1 70 60 67 1 80 63 42 1 81 83 42 1 23 30 72 1 70 93 75 1 57 25 102 1 75 52 70 1 0 0 0 0 139 107 83 1 160 130 111 1 170 141 77 1 200 161 93 1 177 138 69 1 194 115 80 1 151 110 40 1 115 73 72 1 118 62 34 1 144 108 52 1 128 123 87 1 120 119 138 1 99 74 61 1 105 79 82 1 21 79 82 1 37 10 41 1 22 79 84 1 25 71 78 1 0 54 94 1 0 0 0 0 39 51 81 1 28 65 81 1 0 90 84 1 43 70 54 1 18 20 87 1 27 33 72 1 0 48 116 1 0 0 0 0 20 57 84 1 0 0 0 0 14 58 109 1 40 55 105 1 20 62 31 1 23 53 81 1 37 51 78 1 16 42 82 1 41 30 93 1 52 67 79 1 34 43 91 1
9 71 99 1 38 42 84 1 0 62 106 1 17 48 56 1 26 57 70 1 0 0 0 0 10 24 107 1 0 1 102 1 20 40 94 1 11 96 73 1 8 80 98 1 0 0 0 0 44 77 80 1 21 32 69 1 60 71 76 1 47 29 81 1 64 72 86 1 60 89 88 1 78 70 59 1 6 82 82 1 53 62 74 1 1 54 71 1 35 81 55 1 69 64 94 1 70 68 77 1 104 64 60 1 110 122 64 1 184 140 65 1 155 156 79 1 176 131 97 1 151 125 64 1 136 44 56 1 101 84 51 1 115 73 69 1 0 0 0 0 99 102 76 1 103 92 119 1 107 92 113 1 66 113 140 1 62 24 70 1 53 44 79 1 38 80 96 1 11 49 56 1 49 57 33 1 10 117 120 1 10 63 71 1 25 82 105 1 0 0 0 0 1 27 63 1 0 0 0 0 3 47 90 1 43 33 95 1 0 0 0 0 37 67 70 1 25 26 87 1 51 65 56 1 37 48 76 1 0 0 0 0 37 46 70 1 0 80 78 1 10 54 31 1 27 69 65 1 20 48 118 1 43 60 78 1
48 74 53 1 0 0 0 0 72 15 67 1 69 64 63 1 0 60 77 1 35 37 106 1 35 15 92 1 66 47 65 1 0 0 0 0 0 60 24 1 25 90 87 1 38 68 70 1 2 43 113 1 46 61 98 1 26 25 69 1 0 0 0 0 42 60 58 1 51 83 106 1 31 52 43 1 74 81 105 1 25 99 89 1 0 0 0 0 31 82 83 1 34 92 91 1 40 42 59 1 31 48 59 1 152 66 85 1 170 91 127 1 210 123 126 1 201 158 95 1 0 0 0 0 93 59 58 1 83 60 71 1 68 43 40 1 114 107 50 1 81 75 91 1 113 165 39 1 131 123 86 1 0 0 0 0 55 95 72 1 77 27 2 1 62 41 51 1 0 0 0 0 76 81 69 1 0 0 0 0 16 88 86 1 6 37 82 1 28 55 77 1 3 36 66 1 39 45 82 1 34 40 113 1 7 58 77 1 21 49 73 1 30 73 109 1 0 46 104 1 6 54 60 1 25 52 90 1 0 0 0 0 0 28 78 1 11 67 45 1 10 53 74 1 43 58 127 1 1 37 94 1 66 48 72 1
0 0 0 0 24 52 42 1 47 39 109 1 42 31 65 1 0 0 0 0 7 70 89 1 41 51 85 1 2 56 79 1 16 48 59 1 17 76 89 1 6 81 63 1 0 0 0 0 63 60 76 1 11 71 68 1 46 50 57 1 11 62 84 1 7 85 77 1 9 90 90 1 0 0 0 0 0 0 0 0 67 63 76 1 8 49 87 1 24 62 81 1 39 71 95 1 37 56 53 1 61 63 36 1 128 66 54 1 106 96 86 1 178 132 93 1 192 94 117 1 151 113 150 1 98 103 74 1 110 69 59 1 99 96 44 1 71 66 53 1 91 142 36 1 125 70 101 1 0 0 0 0 112 81 81 1 97 65 44 1 48 59 47 1 48 48 52 1 64 36 62 1 39 36 73 1 0 0 0 0 0 0 0 0 22 67 89 1 25 70 72 1 31 63 81 1 44 108 74 1 2 92 68 1 0 18 60 1 21 38 92 1 1 39 53 1 59 8 64 1 38 65 92 1 30 26 86 1 30 70 47 1 20 64 106 1 19 87 78 1 5 51 103 1 18 54 86 1 0 0 0 0 36 109 116 1
36 59 88 1 22 62 74 1 31 74 59 1 29 36 87 1 43 36 78 1 0 7 79 1 32 78 74 1 49 69 61 1 0 18 61 1 34 43 99 1 0 0 0 0 0 81 42 1 33 55 62 1 24 31 104 1 40 60 54 1 26 90 77 1 36 32 69 1 62 50 58 1 29 44 70 1 49 42 71 1 38 75 99 1 16 86 101 1 14 25 78 1 0 0 0 0 32 52 69 1 0 0 0 0 75 50 57 1 108 53 89 1 95 94 77 1 142 101 118 1 123 104 117 1 102 112 55 1 87 45 109 1 90 70 27 1 122 77 69 1 120 84 91 1 149 103 116 1 87 153 115 1 114 79 82 1 91 86 78 1 73 51 78 1 58 69 45 1 35 43 80 1 8 27 80 1 7 90 38 1 61 81 62 1 0 64 100 1 11 27 95 1 18 22 118 1 63 38 74 1 29 28 70 1 51 54 65 1 6 22 110 1 40 14 59 1 22 90 84 1 10 55 84 1 46 23 45 1 0 0 0 0 14 60 106 1 12 47 55 1 41 50 93 1 62 23 78 1 63 58 65 1 68 61 96 1
21 91 80 1 42 30 67 1 11 34 97 1 16 54 53 1 8 44 92 1 3 69 56 1 70 39 43 1 20 76 85 1 22 42 129 1 0 0 0 0 21 87 78 1 12 81 34 1 25 65 71 1 19 43 68 1 28 53 76 1 59 52 41 1 22 44 94 1 26 67 34 1 0 0 0 0 43 57 104 1 8 92 82 1 0 113 91 1 12 60 75 1 41 72 101 1 31 55 33 1 40 95 52 1 41 93 92 1 56 59 22 1 0 0 0 0 70 78 77 1 92 109 116 1 87 62 95 1 64 85 47 1 65 99 39 1 102 70 47 1 124 105 20 1 0 0 0 0 113 128 80 1 111 96 103 1 119 56 60 1 107 81 43 1 30 48 48 1 35 64 49 1 52 58 47 1 14 60 75 1 0 55 84 1 10 69 91 1 30 39 46 1 4 67 72 1 48 74 62 1 26 71 93 1 19 80 98 1 24 56 53 1 24 76 99 1 0 42 67 1 42 36 57 1 42 55 44 1 42 94 77 1 62 55 76 1 76 50 23 1 0 28 65 1 43 60 103 1 54 19 69 1 29 70 69 1
9 72 72 1 43 108 59 1 20 64 83 1 10 47 113 1 56 68 96 1 0 0 0 0 46 54 88 1 42 20 85 1 0 0 0 0 3 98 44 1 13 77 76 1 29 29 36 1 43 77 96 1 52 111 104 1 60 47 77 1 7 41 79 1 53 90 105 1 52 63 90 1 25 56 92 1 0 64 122 1 29 47 61 1 23 89 88 1 45 21 108 1 27 79 119 1 17 46 75 1 37 103 62 1 44 49 102 1 60 54 104 1 61 55 80 1 57 78 89 1 21 26 80 1 59 31 98 1 50 49 81 1 45 69 36 1 87 109 60 1 80 41 81 1 106 82 102 1 117 107 85 1 137 117 84 1 108 87 84 1 83 37 70 1 31 26 43 1 0 53 57 1 49 58 109 1 58 76 83 1 53 58 100 1 16 56 87 1 30 77 84 1 11 26 96 1 0 0 0 0 33 46 84 1 23 39 100 1 15 27 87 1 33 107 122 1 33 84 76 1 16 64 106 1 38 49 45 1 0 0 0 0 0 57 88 1 49 91 85 1 17 40 126 1 33 60 79 1 93 36 95 1 22 87 79 1
38 45 76 1 0 0 0 0 37 37 104 1 29 63 82 1 0 41 58 1 43 55 88 1 51 45 62 1 0 52 82 1 36 29 90 1 31 54 2 1 44 43 92 1 35 33 77 1 0 104 88 1 69 79 64 1 47 87 96 1 27 74 76 1 39 85 70 1 53 48 92 1 51 34 99 1 42 59 74 1 43 54 92 1 37 37 97 1 67 73 65 1 0 0 0 0 0 0 0 0 32 74 45 1 47 51 83 1 29 67 89 1 44 90 42 1 65 82 96 1 74 57 43 1 86 64 95 1 57 72 75 1 39 89 69 1 56 48 52 1 32 83 79 1 98 65 98 1 103 116 77 1 124 103 113 1 99 82 90 1 47 35 55 1 58 55 43 1 50 58 47 1 15 52 58 1 21 45 92 1 37 36 110 1 30 62 70 1 16 87 82 1 0 34 98 1 59 63 54 1 19 60 61 1 23 42 92 1 15 52 84 1 0 43 86 1 51 56 87 1 30 63 76 1 25 86 26 1 8 56 95 1 37 66 70 1 63 16 67 1 1 44 22 1 37 37 89 1 0 0 0 0 92 63 119 1
44 48 105 1 69 74 72 1 13 47 66 1 26 79 83 1 34 36 80 1 0 0 0 0 23 98 68 1 0 0 0 0 35 45 61 1 17 61 85 1 0 0 0 0 43 57 66 1 0 0 0 0 22 24 61 1 12 52 73 1 22 53 81 1 19 74 99 1 31 56 84 1 0 55 94 1 1 69 59 1 51 60 113 1 39 53 78 1 0 0 0 0 13 37 73 1 8 70 50 1 56 51 59 1 48 82 66 1 59 65 42 1 26 70 63 1 68 73 76 1 66 124 113 1 46 52 69 1 66 44 120 1 35 49 75 1 122 57 45 1 90 87 76 1 74 84 92 1 91 115 80 1 86 92 104 1 0 0 0 0 0 0 0 0 20 95 58 1 18 55 80 1 48 32 53 1 18 52 63 1 22 47 57 1 62 50 78 1 0 78 96 1 38 92 80 1 15 70 51 1 60 45 87 1 19 61 77 1 0 49 74 1 39 24 62 1 61 42 74 1 22 68 43 1 0 82 111 1 42 64 98 1 54 85 105 1 2 79 72 1 30 43 91 1 9 65 77 1 29 62 108 1 20 57 88 1
27 49 96 1 7 40 75 1 0 0 0 0 13 57 71 1 18 55 81 1 10 115 78 1 40 45 104 1 0 39 78 1 35 36 83 1 42 15 89 1 26 64 95 1 31 80 61 1 0 54 110 1 15 44 64 1 40 69 67 1 7 31 69 1 10 71 77 1 58 52 100 1 7 40 84 1 69 66 84 1 63 39 68 1 23 80 42 1 24 32 84 1 17 69 96 1 22 54 82 1 24 73 95 1 20 69 95 1 51 62 85 1 11 53 62 1 17 111 91 1 46 85 65 1 29 73 74 1 50 65 56 1 52 45 63 1 45 32 19 1 63 48 88 1 0 0 0 0 125 57 93 1 130 132 138 1 121 116 66 1 108 110 110 1 76 49 104 1 43 63 73 1 18 67 51 1 17 59 66 1 54 83 72 1 5 53 61 1 30 17 97 1 0 44 106 1 42 97 39 1 9 30 39 1 41 66 74 1 24 46 71 1 22 62 115 1 18 68 66 1 12 106 84 1 14 91 54 1 0 0 0 0 53 35 87 1 43 31 90 1 11 44 137 1 87 53 95 1 0 0 0 0 22 81 108 1
15 61 62 1 32 53 78 1 15 27 82 1 40 23 88 1 31 82 88 1 0 32 68 1 6 69 40 1 0 53 68 1 58 50 70 1 0 0 0 0 4 70 60 1 13 78 46 1 0 73 87 1 13 99 38 1 30 39 75 1 20 52 85 1 0 70 77 1 53 50 105 1 75 58 57 1 32 86 91 1 4 56 78 1 26 46 88 1 19 61 88 1 9 58 74 1 7 26 67 1 24 44 62 1 0 0 0 0 0 72 96 1 28 75 102 1 10 51 52 1 47 49 75 1 43 69 65 1 67 53 63 1 0 57 60 1 30 76 54 1 29 82 88 1 38 49 78 1 87 53 113 1 0 0 0 0 82 58 81 1 102 117 73 1 54 47 64 1 24 92 91 1 42 35 42 1 2 49 76 1 22 51 69 1 0 23 67 1 10 53 81 1 20 84 91 1 7 45 53 1 0 49 103 1 28 48 98 1 10 54 45 1 42 52 96 1 31 49 73 1 32 58 67 1 15 47 83 1 8 63 85 1 0 78 85 1 34 42 71 1 35 54 71 1 28 79 101 1 38 34 124 1 41 83 84 1
0 85 99 1 3 42 56 1 0 59 106 1 7 52 80 1 0 46 63 1 0 0 0 0 11 66 76 1 0 96 38 1 0 53 76 1 5 64 87 1 34 35 59 1 0 0 0 0 0 0 0 0 14 52 87 1 22 70 74 1 35 73 98 1 4 45 76 1 0 53 61 1 0 0 0 0 0 37 50 1 46 51 89 1 36 23 94 1 37 57 84 1 33 25 71 1 7 50 82 1 15 43 70 1 18 51 98 1 0 58 49 1 41 65 94 1 43 45 75 1 49 66 83 1 76 36 35 1 0 55 46 1 58 60 48 1 0 0 0 0 49 98 57 1 68 78 47 1 42 110 97 1 61 66 66 1 110 91 57 1 93 73 87 1 71 76 56 1 45 63 45 1 41 93 40 1 39 60 88 1 52 57 77 1 9 50 87 1 34 27 73 1 70 65 103 1 33 63 58 1 0 0 0 0 25 62 69 1 40 77 80 1 0 34 90 1 41 59 107 1 1 43 85 1 21 45 89 1 24 38 79 1 17 14 77 1 8 85 103 1 49 15 86 1 3 63 51 1 19 41 62 1 72 82 77 1
12 29 95 1 0 45 114 1 0 0 0 0 18 27 73 1 31 73 115 1 0 0 0 0 25 66 67 1 32 70 66 1 0 53 43 1 41 90 100 1 0 0 0 0 65 61 84 1 0 0 0 0 36 62 93 1 52 61 75 1 0 30 96 1 18 0 86 1 13 83 85 1 23 54 81 1 0 33 66 1 0 56 47 1 24 71 47 1 54 43 79 1 52 35 64 1 23 28 41 1 59 29 44 1 15 69 62 1 48 36 116 1 13 83 95 1 59 74 108 1 41 55 55 1 47 78 25 1 30 92 30 1 37 76 50 1 44 88 47 1 61 48 42 1 53 50 50 1 58 60 115 1 55 65 91 1 54 75 60 1 60 95 88 1 34 60 79 1 52 84 118 1 13 83 66 1 23 26 62 1 39 79 68 1 0 33 76 1 0 15 64 1 0 57 104 1 19 63 95 1 0 53 60 1 38 78 68 1 1 72 53 1 37 13 65 1 20 79 51 1 0 0 0 0 20 49 57 1 65 65 112 1 0 59 107 1 0 0 0 0 37 50 85 1 0 0 0 0 4 20 79 1 14 27 63 1
0 0 0 0 28 51 84 1 35 78 93 1 0 0 0 0 20 58 77 1 7 76 56 1 15 44 90 1 68 56 69 1 33 88 79 1 44 19 56 1 0 0 0 0 8 72 106 1 0 66 99 1 39 44 54 1 1 47 59 1 33 33 106 1 25 21 52 1 0 65 71 1 24 62 90 1 26 74 81 1 50 53 71 1 42 13 61 1 39 63 53 1 56 40 100 1 24 92 79 1 24 64 89 1 45 6 120 1 13 70 97 1 16 45 75 1 81 24 79 1 38 57 80 1 77 28 70 1 50 37 52 1 60 75 103 1 51 43 67 1 29 62 71 1 20 20 73 1 88 45 51 1 22 53 74 1 50 73 70 1 58 75 46 1 0 0 0 0 23 71 57 1 52 49 32 1 62 29 87 1 37 48 68 1 0 0 0 0 24 64 51 1 4 13 62 1 0 0 0 0 51 60 85 1 49 68 65 1 0 0 0 0 8 69 108 1 0 0 0 0 22 23 93 1 11 65 60 1 20 24 70 1 41 39 71 1 49 14 43 1 56 93 76 1 0 0 0 0 0 0 0 0 50 78 59 1
14 31 87 1 0 43 74 1 6 66 96 1 0 0 0 0 11 44 49 1 16 78 71 1 25 41 89 1 46 102 18 1 37 18 74 1 83 31 80 1 26 45 82 1 57 52 62 1 40 82 82 1 15 36 50 1 27 51 54 1 54 53 78 1 9 45 69 1 10 4 92 1 1 70 107 1 74 2 82 1 12 66 59 1 33 81 69 1 68 51 44 1 34 96 111 1 29 45 60 1 47 42 109 1 41 86 96 1 50 14 92 1 0 0 0 0 43 22 77 1 38 36 109 1 49 61 53 1 32 37 97 1 1 57 61 1 18 82 66 1 8 51 108 1 18 39 77 1 14 81 91 1 27 96 81 1 77 0 62 1 39 70 69 1 41 52 97 1 64 57 67 1 49 31 70 1 14 58 92 1 0 60 105 1 21 40 103 1 22 88 103 1 41 74 115 1 15 38 84 1 17 38 72 1 13 64 137 1 19 80 90 1 0 63 85 1 51 45 104 1 35 42 24 1 14 24 73 1 8 50 106 1 0 31 104 1 0 0 0 0 0 38 96 1 0 75 54 1 17 54 80 1 30 48 83 1
0 71 52 1 52 65 34 1 14 92 59 1 43 34 88 1 9 43 54 1 0 0 0 0 16 43 105 1 2 64 47 1 20 58 70 1 36 71 77 1 57 51 72 1 30 73 83 1 10 77 86 1 0 53 77 1 0 0 0 0 0 0 0 0 45 32 70 1 9 5 81 1 0 0 0 0 0 0 0 0 16 59 61 1 11 78 87 1 11 65 84 1 1 57 69 1 4 29 138 1 37 62 102 1 14 98 83 1 23 66 82 1 0 62 64 1 8 76 72 1 36 49 66 1 35 83 102 1 38 80 76 1 0 0 0 0 21 75 73 1 42 48 43 1 49 38 16 1 54 37 75 1 42 71 112 1 0 0 0 0 0 0 0 0 19 66 65 1 0 21 88 1 0 0 0 0 56 65 63 1 0 0 0 0 1 61 66 1 12 76 76 1 57 88 89 1 7 66 112 1 27 42 84 1 0 0 0 0 2 53 62 1 53 36 104 1 0 0 0 0 0 0 0 0 29 30 90 1 11 73 122 1 0 97 84 1 0 45 91 1 20 0 60 1 28 67 65 1 32 52 71 1 5 55 79 1
23 57 53 1 4 63 94 1 17 83 39 1 14 83 48 1 46 38 58 1 22 82 73 1 19 73 106 1 0 0 0 0 17 58 49 1 11 47 22 1 0 83 106 1 0 0 0 0 5 54 84 1 43 52 50 1 44 16 62 1 27 39 33 1 1 25 108 1 19 54 92 1 28 76 91 1 0 0 0 0 7 38 85 1 25 71 84 1 29 29 83 1 31 50 88 1 0 26 43 1 29 23 62 1 22 55 100 1 37 62 44 1 43 54 85 1 10 63 59 1 50 83 90 1 5 57 82 1 9 53 102 1 0 22 87 1 46 81 42 1 14 63 82 1 36 40 29 1 7 46 45 1 33 69 72 1 37 38 73 1 33 7 84 1 8 53 53 1 25 67 74 1 49 70 94 1 11 57 80 1 16 64 118 1 28 34 98 1 60 79 100 1 58 58 75 1 0 0 0 0 35 46 103 1 68 23 97 1 0 0 0 0 32 46 66 1 9 52 83 1 8 60 34 1 0 55 97 1 24 15 88 1 0 61 101 1 20 71 86 1 2 60 94 1 30 24 94 1 36 69 57 1 31 45 79 1
17 42 90 1 0 0 0 0 57 62 64 1 1 26 71 1 0 68 41 1 49 28 127 1 0 16 56 1 40 46 49 1 21 56 106 1 23 59 74 1 19 66 93 1 14 49 68 1 0 0 0 0 39 42 58 1 27 73 84 1 0 0 0 0 4 49 96 1 2 44 69 1 4 27 91 1 28 76 44 1 27 30 85 1 0 0 0 0 0 42 101 1 67 34 99 1 8 71 84 1 0 0 0 0 16 76 78 1 9 38 88 1 29 24 83 1 22 53 46 1 43 66 97 1 40 60 63 1 0 0 0 0 54 83 65 1 37 75 55 1 0 83 54 1 0 0 0 0 45 51 68 1 27 47 67 1 55 49 78 1 44 64 73 1 0 0 0 0 34 48 84 1 40 59 98 1 26 39 85 1 0 0 0 0 45 85 52 1 35 58 55 1 54 69 101 1 0 0 0 0 0 56 100 1 19 56 77 1 41 57 83 1 28 85 110 1 0 0 0 0 3 67 53 1 3 70 95 1 0 66 80 1 42 59 86 1 18 45 124 1 56 47 105 1 38 36 82 1 0 0 0 0 0 0 0 0
7 71 73 1 49 41 62 1 54 68 71 1 12 78 64 1 13 60 99 1 21 26 67 1 44 65 78 1 0 0 0 0 36 56 94 1 25 54 77 1 0 0 0 0 11 53 67 1 0 0 0 0 21 39 91 1 0 0 0 0 29 62 67 1 31 48 73 1 16 62 121 1 35 60 38 1 20 38 84 1 0 19 93 1 37 27 81 1 15 62 107 1 0 43 65 1 26 56 112 1 12 74 85 1 58 34 115 1 13 55 78 1 58 87 105 1 7 53 103 1 29 58 100 1 0 0 0 0 0 63 94 1 30 72 70 1 17 66 92 1 9 40 79 1 0 62 100 1 19 53 63 1 24 64 81 1 0 51 70 1 27 23 94 1 52 87 83 1 55 47 121 1 7 55 39 1 0 0 0 0 37 29 87 1 3 70 82 1 22 50 107 1 3 64 79 1 0 0 0 0 41 53 66 1 4 2 85 1 37 58 112 1 18 75 117 1 62 90 61 1 5 31 100 1 15 77 64 1 27 64 106 1 0 55 89 1 27 41 70 1 55 55 57 1 56 41 76 1 16 69 52 1 0 75 70 1
74 26 97 1 10 41 53 1 0 27 93 1 24 35 71 1 10 69 70 1 5 65 89 1 23 77 92 1 35 53 96 1 15 85 66 1 45 61 69 1 0 22 91 1 11 46 81 1 19 56 52 1 0 0 0 0 10 57 75 1 4 57 69 1 38 49 105 1 0 0 0 0 67 65 111 1 46 65 90 1 3 37 93 1 0 52 79 1 36 102 84 1 41 9 80 1 28 32 57 1 46 16 94 1 77 85 72 1 0 0 0 0 25 33 43 1 58 67 93 1 0 0 0 0 55 83 119 1 11 34 87 1 58 43 69 1 32 48 78 1 0 75 53 1 49 21 86 1 29 35 86 1 28 38 94 1 49 37 72 1 57 101 103 1 0 66 54 1 35 50 78 1 30 58 67 1 0 0 0 0 5 31 107 1 14 96 112 1 6 19 73 1 2 45 94 1 8 49 78 1 0 0 0 0 35 46 70 1 49 69 47 1 45 67 78 1 26 61 104 1 11 36 93 1 25 59 90 1 1 60 95 1 27 24 110 1 36 70 47 1 26 70 70 1 0 41 91 1 56 78 95 1 20 31 62 1
0 0 0 0 2 40 95 1 0 68 99 1 55 55 91 1 0 0 0 0 72 26 81 1 40 21 115 1 13 57 75 1 64 48 69 1 23 69 64 1 4 95 66 1 31 59 95 1 49 32 121 1 35 26 101 1 30 75 104 1 30 49 79 1 0 71 84 1 0 61 97 1 31 76 87 1 16 24 62 1 20 41 92 1 35 27 98 1 0 0 0 0 18 56 79 1 23 63 50 1 9 58 68 1 7 10 77 1 31 51 84 1 7 52 97 1 0 88 93 1 39 67 65 1 21 67 75 1 0 24 79 1 29 37 70 1 44 69 88 1 28 95 91 1 39 56 82 1 0 0 0 0 31 24 90 1 15 74 81 1 21 45 48 1 15 52 85 1 16 64 116 1 0 0 0 0 1 31 73 1 0 57 76 1 0 28 76 1 56 32 77 1 54 55 73 1 70 31 81 1 0 0 0 0 33 37 85 1 28 44 55 1 21 83 111 1 30 76 91 1 19 68 115 1 58 84 91 1 3 43 63 1 0 0 0 0 28 60 50 1 32 81 72 1 24 65 71 1 0 70 88 1 0 0 0 0
39 36 89 1 34 42 62 1 20 72 98 1 22 58 96 1 75 91 31 1 0 0 0 0 5 62 92 1 0 41 88 1 5 71 77 1 62 55 88 1 18 67 58 1 30 65 57 1 55 59 99 1 32 67 68 1 24 62 99 1 21 93 105 1 43 45 112 1 0 42 97 1 41 54 107 1 32 58 92 1 0 76 90 1 18 48 105 1 38 62 93 1 21 50 80 1 10 79 73 1 6 39 84 1 29 65 80 1 39 63 82 1 16 69 63 1 20 25 73 1 9 62 80 1 34 60 73 1 0 42 90 1 0 52 88 1 0 0 0 0 31 40 57 1 20 66 63 1 50 82 62 1 35 31 115 1 58 38 82 1 89 39 84 1 11 49 115 1 35 42 84 1 0 56 108 1 34 66 80 1 42 50 60 1 68 40 66 1 20 33 57 1 35 57 104 1 16 69 88 1 66 66 38 1 41 28 46 1 41 42 74 1 28 49 24 1 0 0 0 0 37 31 107 1 0 0 0 0 58 8 68 1 0 0 0 0 23 36 65 1 0 0 0 0 14 60 96 1 18 45 63 1 11 41 95 1
8 20 62 1 10 50 95 1 39 28 96 1 9 63 90 1 27 33 103 1 0 0 0 0 0 36 61 1 0 0 0 0 33 72 102 1 29 72 86 1 37 27 107 1 23 44 74 1 30 39 90 1 33 66 92 1 0 0 0 0 25 74 97 1 31 80 66 1 38 105 48 1 0 0 0 0 86 77 86 1 47 48 84 1 0 25 71 1 17 44 92 1 67 44 64 1 20 49 101 1 0 0 0 0 10 82 104 1 9 42 91 1 49 75 51 1 26 40 69 1 27 9 58 1 33 65 60 1 0 61 48 1 16 61 104 1 2 98 114 1 0 57 89 1 0 72 95 1 39 56 78 1 55 59 66 1 0 65 94 1 22 86 88 1 0 0 0 0 10 43 38 1 0 0 0 0 41 85 81 1 23 66 52 1 26 54 84 1 31 72 81 1 6 61 69 1 31 0 86 1 0 0 0 0 0 45 39 1 44 63 101 1 55 92 103 1 3 49 106 1 22 34 78 1 0 46 86 1 0 0 0 0 0 50 73 1 63 21 66 1 0 0 0 0 56 96 83 1 0 0 0 0 33 92 72 1
13 16 73 1 35 60 90 1 37 21 73 1 28 53 95 1 8 55 66 1 0 48 58 1 16 47 48 1 28 26 108 1 0 0 0 0 10 49 104 1 80 88 62 1 24 62 52 1 33 73 97 1 22 56 42 1 0 56 81 1 29 68 102 1 48 80 69 1 39 65 116 1 0 78 85 1 27 48 83 1 34 83 103 1 10 82 75 1 12 64 93 1 0 0 0 0 21 63 96 1 19 42 84 1 0 61 81 1 0 56 92 1 0 49 72 1 25 22 110 1 0 0 0 0 70 53 66 1 27 71 100 1 18 70 101 1 0 62 68 1 9 30 77 1 37 38 106 1 15 58 92 1 4 62 117 1 43 46 113 1 17 68 113 1 32 71 65 1 0 0 0 0 0 81 69 1 0 45 77 1 29 67 62 1 27 60 99 1 32 68 78 1 2 63 88 1 54 67 57 1 44 61 74 1 29 55 38 1 28 39 79 1 0 60 88 1 55 52 40 1 35 36 82 1 61 97 74 1 0 0 0 0 34 81 103 1 0 0 0 0 0 72 129 1 42 56 80 1 0 0 0 0 0 0 0 0
5 130 61 1 18 53 85 1 0 77 54 1 0 74 74 1 29 72 57 1 42 95 63 1 18 53 89 1 28 51 65 1 50 63 56 1 0 0 0 0 3 79 85 1 53 32 77 1 44 79 68 1 6 44 52 1 21 92 53 1 8 39 70 1 20 40 102 1 37 18 83 1 19 40 83 1 25 66 117 1 12 103 131 1 0 0 0 0 72 62 71 1 32 54 55 1 0 73 93 1 4 81 65 1 40 47 42 1 4 46 113 1 77 41 79 1 0 0 0 0 58 59 69 1 0 0 0 0 8 31 64 1 0 0 0 0 19 39 58 1 29 62 118 1 29 15 99 1 34 58 110 1 64 42 72 1 2 64 64 1 30 34 60 1 72 49 117 1 5 58 71 1 27 21 73 1 0 0 0 0 18 66 97 1 49 79 74 1 5 67 49 1 22 11 45 1 0 53 47 1 0 0 0 0 3 34 85 1 47 32 106 1 13 72 66 1 33 54 64 1 51 43 75 1 26 36 87 1 33 42 75 1 35 64 102 1 0 59 104 1 10 57 70 1 0 0 0 0 0 77 95 1 27 51 108 1
40 26 129 1 38 53 31 1 0 46 82 1 0 0 0 0 16 72 82 1 7 59 44 1 19 50 74 1 13 86 86 1 0 34 94 1 5 46 76 1 23 46 93 1 15 42 65 1 2 44 94 1 20 53 70 1 30 60 102 1 0 0 0 0 54 53 85 1 34 85 75 1 21 64 73 1 21 41 102 1 52 74 77 1 9 42 113 1 9 72 126 1 61 78 76 1 22 18 108 1 0 71 90 1 31 28 73 1 33 63 67 1 4 88 87 1 22 83 105 1 0 64 73 1 0 0 0 0 54 78 96 1 43 106 79 1 0 0 0 0 25 81 84 1 10 29 37 1 43 52 95 1 0 0 0 0 15 57 120 1 11 53 66 1 37 75 118 1 37 40 88 1 17 32 55 1 0 0 0 0 50 16 74 1 33 67 93 1 27 50 81 1 36 32 72 1 72 48 47 1 13 33 57 1 0 0 0 0 15 76 40 1 26 41 66 1 4 59 100 1 0 0 0 0 0 0 0 0 19 43 98 1 31 52 51 1 16 47 86 1 41 60 89 1 21 54 60 1 40 52 40 1 32 42 140 1
38 62 64 1 55 40 83 1 0 61 74 1 21 53 58 1 9 62 78 1 0 0 0 0 22 61 59 1 19 72 51 1 0 80 61 1 0 44 95 1 14 19 48 1 11 55 62 1 57 58 62 1 39 53 105 1 33 71 70 1 31 52 90 1 15 84 39 1 22 65 104 1 20 71 90 1 56 91 72 1 50 116 116 1 7 73 116 1 53 63 90 1 9 45 78 1 0 0 0 0 46 79 75 1 27 39 68 1 4 93 93 1 7 52 46 1 26 67 119 1 16 91 105 1 64 82 113 1 33 43 87 1 37 80 78 1 8 41 32 1 10 65 126 1 0 47 102 1 14 11 78 1 9 51 81 1 0 47 74 1 49 85 77 1 37 51 74 1 0 55 62 1 63 62 94 1 24 72 115 1 23 66 107 1 19 71 89 1 0 37 82 1 7 29 137 1 32 49 38 1 23 48 74 1 37 95 79 1 49 34 72 1 0 40 74 1 18 74 113 1 20 72 83 1 33 61 84 1 0 39 70 1 38 108 78 1 0 0 0 0 44 70 74 1 38 55 64 1 0 66 74 1 30 36 64 1
30 63 86 1 32 92 77 1 20 68 66 1 0 29 87 1 0 47 32 1 14 67 99 1 0 0 0 0 23 79 70 1 0 48 86 1 44 24 113 1 25 27 83 1 32 67 67 1 51 51 58 1 37 34 76 1 63 51 69 1 62 19 73 1 19 35 65 1 7 39 117 1 17 58 86 1 31 89 96 1 14 57 86 1 55 54 110 1 32 76 107 1 41 32 76 1 10 82 64 1 23 57 63 1 24 67 84 1 9 55 70 1 25 47 66 1 57 52 95 1 17 84 63 1 30 56 91 1 26 52 96 1 43 82 67 1 0 0 0 0 31 54 98 1 65 61 81 1 0 69 87 1 27 36 127 1 47 36 70 1 0 0 0 0 22 14 80 1 30 62 55 1 0 81 63 1 8 78 109 1 15 103 107 1 27 26 80 1 35 37 59 1 49 12 55 1 3 66 91 1 64 58 104 1 30 56 77 1 19 35 76 1 26 50 82 1 0 45 89 1 32 61 70 1 28 57 43 1 0 52 64 1 33 57 41 1 57 60 48 1 40 54 45 1 4 7 88 1 27 54 89 1 0 55 70 1
25 67 77 1 6 49 71 1 26 18 94 1 23 41 100 1 0 0 0 0 0 69 85 1 52 43 48 1 0 82 37 1 13 30 65 1 18 28 63 1 42 91 61 1 40 46 74 1 35 47 68 1 38 51 46 1 19 52 39 1 36 72 77 1 42 57 62 1 0 51 96 1 26 72 90 1 28 75 105 1 56 64 80 1 2 48 54 1 45 49 78 1 5 60 93 1 42 74 81 1 20 90 71 1 47 74 69 1 0 0 0 0 5 73 108 1 40 88 115 1 44 89 69 1 66 57 93 1 32 71 38 1 0 0 0 0 24 77 83 1 0 0 0 0 0 0 0 0 5 46 76 1 31 65 65 1 0 0 0 0 18 95 62 1 18 75 84 1 24 79 85 1 26 64 73 1 51 53 65 1 51 19 85 1 31 82 66 1 0 27 125 1 4 49 100 1 33 29 30 1 15 44 78 1 0 71 82 1 6 90 85 1 29 45 29 1 15 80 84 1 0 43 63 1 23 80 95 1 12 57 73 1 26 32 42 1 20 59 93 1 20 69 85 1 0 73 60 1 0 0 0 0 67 52 75 1
14 75 72 1 4 40 36 1 74 62 82 1 20 68 66 1 28 43 74 1 28 54 75 1 19 65 90 1 21 36 107 1 0 41 75 1 49 62 101 1 0 0 0 0 40 52 57 1 0 0 0 0 38 30 72 1 11 83 86 1 34 47 60 1 40 0 95 1 26 57 58 1 35 73 111 1 29 38 109 1 4 61 86 1 0 0 0 0 10 47 81 1 47 49 87 1 16 68 98 1 0 69 64 1 19 43 69 1 22 81 103 1 0 0 0 0 28 50 81 1 0 57 89 1 3 55 72 1 31 41 92 1 25 53 45 1 71 60 51 1 44 78 105 1 71 53 44 1 64 71 68 1 55 38 83 1 23 23 45 1 7 27 69 1 31 57 112 1 0 69 100 1 9 70 68 1 12 36 25 1 12 55 51 1 13 50 68 1 36 62 48 1 41 101 91 1 35 53 67 1 17 35 84 1 42 17 68 1 12 49 79 1 0 0 0 0 33 89 59 1 0 0 0 0 70 66 77 1 17 58 72 1 34 44 94 1 10 48 29 1 0 35 62 1 21 62 76 1 0 52 63 1 3 45 59 1
0 26 70 1 22 94 73 1 49 62 54 1 57 74 95 1 38 65 75 1 14 69 101 1 30 23 103 1 28 50 53 1 0 0 0 0 2 74 70 1 16 28 62 1 27 60 72 1 36 50 72 1 18 88 104 1 24 34 83 1 28 25 61 1 0 76 33 1 25 54 95 1 5 79 119 1 3 48 101 1 19 47 79 1 42 11 82 1 26 77 90 1 58 69 69 1 12 69 57 1 42 48 59 1 35 51 66 1 4 61 66 1 34 87 89 1 15 60 72 1 8 44 55 1 44 44 70 1 3 63 57 1 22 60 55 1 14 48 46 1 15 55 70 1 17 71 92 1 7 56 78 1 29 82 96 1 41 80 90 1 0 0 0 0 0 65 107 1 37 69 75 1 0 0 0 0 0 71 105 1 41 97 88 1 63 120 77 1 9 51 68 1 26 66 90 1 37 75 55 1 5 38 83 1 13 81 69 1 0 26 87 1 7 53 114 1 0 74 64 1 0 47 92 1 28 61 48 1 31 52 53 1 48 22 49 1 47 20 55 1 0 0 0 0 0 0 0 0 0 14 92 1 63 49 73 1
0 0 0 0 11 6 79 1 0 0 0 0 0 88 79 1 31 47 83 1 22 115 53 1 0 0 0 0 14 74 84 1 29 70 69 1 36 66 51 1 5 13 102 1 24 66 67 1 0 62 69 1 0 0 0 0 8 66 69 1 7 21 80 1 10 69 65 1 0 0 0 0 0 0 0 0 43 51 48 1 21 29 85 1 41 72 104 1 10 38 66 1 0 58 60 1 23 60 57 1 46 72 39 1 12 91 83 1 0 0 0 0 0 75 90 1 34 40 87 1 0 74 40 1 1 61 67 1 27 68 56 1 34 100 62 1 52 41 37 1 34 55 88 1 57 47 62 1 6 14 66 1 33 88 37 1 2 57 82 1 44 47 82 1 27 75 27 1 7 59 67 1 6 52 82 1 45 67 88 1 17 77 92 1 4 35 108 1 25 61 78 1 33 64 88 1 32 33 80 1 2 49 53 1 15 42 77 1 19 36 113 1 48 70 85 1 29 38 82 1 0 0 0 0 0 0 0 0 28 95 78 1 75 54 65 1 40 61 93 1 16 61 95 1 2 61 108 1 0 0 0 0 4 65 82 1
16 34 59 1 0 71 27 1 0 37 67 1 9 69 43 1 33 58 77 1 0 57 79 1 26 51 69 1 11 62 134 1 14 82 55 1 0 40 81 1 9 77 62 1 0 68 92 1 24 89 57 1 25 33 61 1 1 57 57 1 33 41 23 1 26 89 41 1 0 0 0 0 13 49 83 1 48 57 50 1 39 68 72 1 11 49 86 1 33 29 105 1 0 0 0 0 34 47 104 1 31 78 80 1 0 0 0 0 0 73 100 1 0 33 75 1 65 44 65 1 42 48 54 1 68 69 93 1 0 0 0 0 59 53 83 1 21 78 71 1 20 53 76 1 32 33 89 1 0 0 0 0 25 29 96 1 0 57 67 1 0 65 99 1 51 54 105 1 0 55 106 1 37 76 79 1 49 62 86 1 14 18 60 1 0 0 0 0 15 45 65 1 16 37 56 1 37 46 65 1 0 0 0 0 0 0 0 0 0 35 61 1 5 105 74 1 27 92 84 1 0 0 0 0 9 76 82 1 20 33 91 1 0 0 0 0 39 69 76 1 18 72 100 1 33 51 83 1 60 74 71 1 39 44 63 1
0 0 0 0 20 71 83 1 40 72 67 1 34 40 79 1 26 70 91 1 16 50 70 1 38 57 71 1 0 0 0 0 31 39 70 1 28 58 70 1 31 15 129 1 0 0 0 0 43 24 60 1 0 0 0 0 35 67 22 1 40 56 78 1 15 48 126 1 35 75 102 1 0 75 66 1 0 56 71 1 28 71 85 1 34 39 61 1 0 0 0 0 30 77 65 1 34 57 87 1 0 0 0 0 14 37 81 1 50 63 71 1 0 51 56 1 4 72 64 1 34 59 62 1 41 39 64 1 2 67 73 1 0 37 61 1 39 60 88 1 18 69 102 1 41 16 60 1 24 79 77 1 15 56 67 1 15 64 98 1 24 45 85 1 62 30 89 1 23 58 42 1 38 62 89 1 40 68 91 1 57 50 84 1 0 0 0 0 36 43 68 1 11 71 105 1 21 55 51 1 15 28 113 1 25 48 95 1 41 43 104 1 15 62 98 1 23 59 100 1 43 28 77 1 19 22 69 1 47 44 38 1 30 76 70 1 53 49 70 1 0 93 64 1 63 15 108 1 5 62 95 1 12 80 53 1
18 68 58 1 22 38 73 1 76 83 46 1 48 66 78 1 19 35 72 1 5 47 75 1 31 62 58 1 30 43 62 1 29 76 98 1 25 39 103 1 46 60 73 1 28 64 81 1 14 38 65 1 43 61 77 1 0 68 81 1 22 50 52 1 15 45 84 1 77 33 108 1 9 71 95 1 5 88 74 1 29 62 96 1 9 71 56 1 0 0 0 0 41 42 59 1 0 48 82 1 0 0 0 0 0 68 69 1 0 39 62 1 0 58 53 1 0 39 56 1 10 55 70 1 33 55 81 1 17 47 85 1 0 0 0 0 8 34 57 1 23 25 40 1 0 30 71 1 15 38 52 1 0 54 107 1 28 31 57 1 0 68 46 1 0 71 91 1 0 0 0 0 45 39 82 1 29 73 88 1 0 76 115 1 0 0 0 0 60 35 62 1 16 77 88 1 17 41 95 1 46 29 80 1 35 34 39 1 28 31 71 1 0 66 67 1 18 58 94 1 13 21 47 1 13 93 94 1 30 79 45 1 8 60 54 1 0 62 105 1 52 82 77 1 12 52 69 1 0 0 0 0 15 43 100 1
42 53 85 1 0 62 112 1 32 44 85 1 20 28 95 1 27 22 81 1 5 51 91 1 22 78 140 1 5 27 43 1 25 29 85 1 12 40 112 1 4 50 67 1 34 22 84 1 45 34 79 1 31 36 42 1 49 33 61 1 0 50 53 1 0 94 67 1 0 0 0 0 39 68 57 1 0 66 81 1 9 70 82 1 27 40 38 1 0 77 93 1 0 0 0 0 9 67 73 1 57 62 95 1 24 67 46 1 9 63 88 1 35 24 38 1 28 49 76 1 14 32 75 1 7 42 81 1 19 62 63 1 10 26 91 1 11 73 106 1 0 82 41 1 46 48 20 1 12 25 92 1 19 30 70 1 7 27 50 1 13 42 65 1 21 32 73 1 26 60 33 1 5 59 115 1 43 47 74 1 8 37 104 1 0 64 69 1 40 35 43 1 0 0 0 0 22 42 52 1 25 74 92 1 0 63 87 1 12 46 52 1 47 48 103 1 0 58 40 1 22 38 57 1 34 65 95 1 0 30 81 1 44 32 81 1 20 24 90 1 16 69 45 1 12 69 111 1 0 72 112 1 10 4 85 1
32 35 69 1 2 84 38 1 20 34 28 1 33 27 48 1 0 0 0 0 14 76 84 1 0 0 0 0 16 50 78 1 0 0 0 0 0 27 49 1 0 23 84 1 0 53 62 1 59 81 108 1 8 27 83 1 22 68 80 1 0 42 62 1 25 48 49 1 39 33 58 1 11 54 93 1 0 71 65 1 0 0 0 0 0 0 0 0 32 61 60 1 0 44 72 1 52 34 67 1 23 53 71 1 6 53 52 1 29 27 75 1 20 71 68 1 7 74 65 1 0 43 96 1 61 90 69 1 14 62 64 1 9 46 44 1 47 47 81 1 0 75 64 1 23 43 63 1 30 45 57 1 0 0 0 0 22 27 68 1 32 68 86 1 0 53 110 1 17 39 96 1 14 30 72 1 25 69 81 1 15 39 80 1 26 52 72 1 0 84 71 1 17 57 92 1 51 17 64 1 0 51 38 1 49 37 83 1 0 63 66 1 0 43 83 1 28 51 83 1 46 7 106 1 6 58 55 1 12 46 65 1 57 20 74 1 38 42 33 1 0 0 0 0 17 53 82 1 44 41 121 1 12 21 89 1
6 49 76 1 0 116 84 1 0 37 58 1 11 45 113 1 28 44 44 1 55 58 87 1 29 37 61 1 0 0 0 0 0 33 92 1 49 10 29 1 26 81 74 1 26 47 55 1 0 0 0 0 4 57 70 1 21 25 85 1 11 38 110 1 32 28 66 1 18 36 42 1 24 54 60 1 0 1 75 1 33 56 65 1 1 25 101 1 0 38 96 1 13 48 48 1 25 78 69 1 0 0 0 0 21 28 55 1 0 67 64 1 22 37 47 1 37 106 87 1 0 0 0 0 0 0 0 0 0 49 89 1 0 52 65 1 49 58 72 1 0 30 83 1 25 50 84 1 0 0 0 0 44 15 114 1 37 63 88 1 0 39 79 1 29 69 66 1 4 0 81 1 51 3 70 1 32 65 102 1 0 65 52 1 13 63 50 1 2 89 41 1 0 0 0 0 7 16 83 1 0 0 0 0 0 43 59 1 15 0 115 1 33 35 97 1 0 0 0 0 74 50 75 1 33 80 80 1 58 45 94 1 59 54 76 1 18 74 83 1 16 57 73 1 0 44 107 1 53 26 122 1 0 19 102 1
21 59 44 1 21 97 59 1 21 73 97 1 0 81 46 1 42 75 75 1 27 42 84 1 18 60 76 1 0 38 63 1 0 0 0 0 0 69 99 1 62 68 66 1 31 51 69 1 36 31 58 1 44 81 134 1 0 56 87 1 0 0 0 0 0 38 84 1 0 0 0 0 0 33 92 1 43 66 88 1 0 65 43 1 16 19 111 1 0 62 84 1 0 0 0 0 10 82 84 1 20 36 66 1 19 27 78 1 40 79 67 1 0 11 85 1 31 50 58 1 0 0 0 0 19 76 81 1 0 0 0 0 35 44 86 1 20 49 35 1 20 52 99 1 23 61 76 1 8 57 45 1 0 61 57 1 0 31 59 1 15 93 51 1 22 21 66 1 8 71 39 1 15 60 58 1 0 99 76 1 23 20 103 1 22 95 105 1 29 68 72 1 45 65 52 1 0 54 69 1 20 57 78 1 10 45 83 1 0 21 79 1 30 66 108 1 0 85 85 1 36 43 44 1 5 47 73 1 0 52 61 1 5 49 70 1 33 38 91 1 30 50 99 1 27 87 54 1 3 51 59 1 0 67 89 1
25 75 38 1 18 78 79 1 22 78 40 1 36 41 64 1 35 25 99 1 28 62 68 1 0 30 141 1 32 85 115 1 36 87 101 1 49 61 113 1 0 45 107 1 2 69 88 1 3 78 93 1 0 94 67 1 0 0 0 0 28 31 78 1 19 24 96 1 0 0 0 0 0 0 0 0 21 36 75 1 3 30 91 1 1 36 39 1 0 45 98 1 0 25 73 1 0 51 53 1 10 48 73 1 44 47 75 1 0 66 82 1 0 23 62 1 0 0 0 0 24 55 78 1 46 29 66 1 28 57 107 1 25 60 82 1 33 57 78 1 42 37 74 1 0 0 0 0 12 51 102 1 5 25 53 1 37 42 106 1 0 67 57 1 26 35 74 1 0 40 104 1 0 51 42 1 8 51 81 1 6 45 65 1 21 56 101 1 27 15 95 1 30 37 76 1 0 49 84 1 8 55 62 1 48 65 80 1 0 70 46 1 28 90 27 1 41 68 74 1 53 69 82 1 2 28 80 1 0 61 114 1 30 83 60 1 33 102 75 1 0 56 59 1 4 117 75 1 5 64 70 1 2 21 76 1
55 68 101 1 0 34 112 1 41 66 76 1 40 86 119 1 76 48 72 1 72 48 44 1 6 56 89 1 29 54 46 1 44 66 70 1 28 37 79 1 0 50 49 1 8 62 64 1 7 25 40 1 50 81 58 1 0 39 116 1 32 40 51 1 40 47 63 1 35 11 53 1 21 55 46 1 8 11 58 1 19 67 68 1 25 26 56 1 0 46 64 1 12 37 64 1 13 19 73 1 0 0 0 0 61 29 14 1 0 48 52 1 25 76 75 1 35 19 22 1 9 44 57 1 0 54 75 1 0 0 0 0 0 66 63 1 44 47 96 1 0 0 0 0 17 44 104 1 11 49 50 1 12 33 49 1 0 81 61 1 20 49 67 1 0 65 75 1 0 53 47 1 28 45 85 1 15 57 50 1 24 45 90 1 19 39 63 1 17 46 58 1 34 56 66 1 0 61 78 1 28 31 62 1 19 43 125 1 20 44 66 1 31 30 64 1 23 75 75 1 0 45 58 1 36 70 83 1 0 0 0 0 18 36 109 1 59 72 93 1 50 38 44 1 71 58 68 1 46 55 91 1 20 30 68 1
32 88 69 1 74 62 54 1 58 84 108 1 86 101 113 1 0 0 0 0 50 49 58 1 53 29 72 1 42 36 56 1 0 0 0 0 18 80 51 1 0 0 0 0 0 69 89 1 13 71 85 1 22 56 67 1 35 41 49 1 21 82 79 1 47 33 83 1 37 35 67 1 0 0 0 0 20 30 12 1 0 0 0 0 0 52 49 1 29 71 80 1 10 52 56 1 21 14 26 1 20 44 44 1 24 31 55 1 8 49 79 1 2 37 55 1 16 64 76 1 28 47 97 1 0 64 60 1 20 56 95 1 82 30 30 1 12 67 81 1 17 59 79 1 36 1 63 1 9 95 79 1 27 36 76 1 10 64 88 1 0 58 42 1 0 0 0 0 0 68 74 1 0 81 18 1 0 30 88 1 0 0 0 0 0 0 0 0 20 24 53 1 0 66 75 1 16 59 20 1 56 63 78 1 0 56 80 1 25 54 105 1 0 0 0 0 17 57 80 1 32 55 89 1 35 58 52 1 11 41 76 1 7 36 82 1 31 47 81 1 9 88 39 1 26 40 84 1 26 0 71 1 34 41 44 1
31 49 64 1 51 74 55 1 63 103 75 1 0 0 0 0 0 0 0 0 41 92 71 1 27 56 70 1 36 46 69 1 38 54 39 1 5 24 54 1 28 53 16 1 20 20 61 1 8 78 67 1 40 65 68 1 35 48 65 1 0 0 0 0 75 46 77 1 43 63 32 1 44 44 82 1 13 20 34 1 17 70 48 1 11 52 73 1 36 24 58 1 25 28 91 1 23 56 70 1 36 48 85 1 12 78 89 1 50 19 67 1 22 68 51 1 0 42 13 1 23 102 43 1 21 22 74 1 31 2 81 1 0 0 0 0 11 55 56 1 5 42 71 1 0 30 42 1 0 14 64 1 0 5 38 1 13 44 54 1 16 4 70 1 0 0 0 0 0 31 93 1 16 50 58 1 1 24 66 1 41 34 28 1 32 63 69 1 0 0 0 0 0 72 46 1 9 45 76 1 5 62 18 1 0 40 43 1 0 0 0 0 0 58 49 1 0 33 39 1 8 53 108 1 43 71 37 1 6 57 45 1 30 33 55 1 0 87 98 1 3 74 43 1 45 48 80 1 24 20 81 1 9 37 82 1
67 71 94 1 93 90 38 1 96 119 77 1 85 75 94 1 76 91 73 1 39 82 105 1 75 77 57 1 77 59 31 1 0 0 0 0 98 57 86 1 40 63 69 1 0 0 0 0 39 64 46 1 45 72 77 1 0 0 0 0 47 73 73 1 57 73 53 1 47 18 39 1 0 0 0 0 77 65 87 1 48 36 62 1 0 0 0 0 0 37 55 1 27 0 60 1 20 46 73 1 21 44 75 1 29 55 75 1 42 49 62 1 28 52 13 1 51 46 48 1 18 65 82 1 16 43 78 1 20 43 102 1 0 55 47 1 33 94 79 1 0 0 0 0 2 32 50 1 0 0 0 0 0 0 0 0 69 57 58 1 47 21 64 1 0 41 71 1 0 0 0 0 24 59 94 1 59 55 90 1 32 85 86 1 3 94 28 1 10 53 70 1 11 36 96 1 24 70 60 1 0 42 48 1 39 71 66 1 46 24 86 1 29 31 33 1 15 46 97 1 35 36 86 1 0 12 48 1 0 0 0 0 12 23 86 1 9 53 99 1 0 4 92 1 0 26 91 1 15 36 60 1 21 53 52 1
0 0 0 0 114 82 39 1 77 113 89 1 69 70 73 1 67 121 30 1 87 117 89 1 131 119 76 1 115 104 64 1 66 116 97 1 120 107 76 1 43 147 128 1 88 93 114 1 78 105 68 1 97 106 74 1 82 65 47 1 57 87 83 1 47 79 80 1 42 95 75 1 23 80 45 1 76 33 64 1 61 90 92 1 85 62 72 1 100 57 80 1 63 57 81 1 46 30 98 1 48 38 65 1 61 73 79 1 32 49 102 1 42 91 53 1 0 0 0 0 0 63 57 1 34 69 61 1 6 69 52 1 43 34 112 1 5 80 83 1 45 98 79 1 39 58 68 1 34 81 69 1 18 74 67 1 6 17 78 1 0 71 43 1 0 60 43 1 16 62 63 1 0 70 88 1 24 60 80 1 41 28 113 1 0 0 0 0 0 47 84 1 46 21 102 1 14 54 87 1 38 35 61 1 11 41 66 1 44 35 39 1 14 57 99 1 0 48 67 1 27 22 62 1 10 0 64 1 0 0 0 0 30 41 55 1 0 0 0 0 0 50 55 1 15 51 57 1 16 64 94 1 8 77 116 1
0 0 0 0 110 91 60 1 0 0 0 0 116 94 86 1 96 101 87 1 102 97 40 1 63 128 83 1 0 0 0 0 149 151 116 1 108 101 123 1 0 0 0 0 88 106 89 1 65 91 104 1 117 112 111 1 93 89 105 1 104 128 63 1 97 81 104 1 86 76 105 1 76 124 57 1 151 120 98 1 100 89 99 1 95 102 80 1 88 83 92 1 0 0 0 0 79 94 119 1 104 96 95 1 47 78 72 1 60 54 96 1 78 48 55 1 47 69 94 1 6 100 93 1 54 58 91 1 0 0 0 0 24 51 104 1 53 87 125 1 39 71 57 1 30 85 57 1 46 61 109 1 0 80 86 1 32 98 72 1 33 29 74 1 8 31 72 1 15 31 70 1 18 73 52 1 37 48 96 1 47 44 65 1 36 42 94 1 26 46 56 1 43 36 101 1 0 0 0 0 3 65 108 1 26 57 80 1 46 66 73 1 0 0 0 0 25 12 85 1 31 87 57 1 0 0 0 0 24 83 51 1 0 35 71 1 1 51 50 1 27 54 72 1 16 56 103 1 51 94 40 1 2 39 73 1
0 0 0 0 137 113 76 1 133 87 104 1 118 151 94 1 140 121 52 1 122 118 62 1 87 101 74 1 173 106 96 1 151 122 75 1 161 142 43 1 141 136 54 1 147 154 12 1 0 0 0 0 132 123 50 1 93 85 95 1 108 128 62 1 138 116 60 1 0 0 0 0 135 142 75 1 153 106 91 1 124 111 81 1 151 86 101 1 117 87 25 1 135 92 67 1 116 136 122 1 93 124 123 1 115 83 50 1 86 107 61 1 43 98 70 1 0 0 0 0 70 66 36 1 74 31 79 1 66 67 119 1 70 101 50 1 86 34 103 1 93 119 56 1 118 128 70 1 102 113 89 1 64 80 69 1 45 76 74 1 22 55 46 1 79 79 59 1 57 83 61 1 43 85 0 1 96 84 29 1 79 110 45 1 85 87 49 1 84 35 46 1 0 0 0 0 0 0 0 0 28 99 31 1 0 0 0 0 35 68 95 1 0 0 0 0 71 114 84 1 20 55 60 1 81 39 41 1 36 92 60 1 55 38 83 1 14 21 89 1 34 65 64 1 15 55 82 1 29 50 55 1 4 27 95 1
0 0 0 0 0 0 0 0 132 100 72 1 146 115 44 1 111 61 102 1 121 112 58 1 149 109 55 1 0 0 0 0 155 106 91 1 175 164 97 1 155 103 90 1 0 0 0 0 144 143 49 1 141 128 24 1 161 84 28 1 161 135 57 1 122 103 24 1 159 106 46 1 0 0 0 0 145 121 38 1 123 105 83 1 111 93 65 1 119 114 76 1 145 98 118 1 149 85 52 1 132 107 113 1 109 99 88 1 105 91 72 1 0 0 0 0 0 0 0 0 79 74 70 1 60 65 68 1 82 59 128 1 99 66 57 1 134 118 89 1 115 100 81 1 81 110 61 1 0 0 0 0 113 76 98 1 61 69 93 1 92 53 34 1 0 0 0 0 69 92 32 1 90 47 76 1 56 51 56 1 85 106 26 1 124 74 76 1 80 107 45 1 83 50 78 1 55 60 85 1 56 91 32 1 41 96 110 1 64 109 49 1 82 57 93 1 59 69 59 1 79 69 102 1 0 0 0 0 69 92 52 1 29 76 56 1 47 66 56 1 62 47 57 1 0 0 0 0 0 41 67 1 0 79 68 1
0 0 0 0 0 0 0 0 141 136 64 1 141 89 73 1 138 119 83 1 148 112 68 1 0 0 0 0 192 98 47 1 170 106 60 1 0 0 0 0 172 116 102 1 156 128 34 1 134 119 85 1 179 123 39 1 133 112 70 1 163 127 42 1 156 125 43 1 145 102 53 1 0 0 0 0 135 107 76 1 180 127 56 1 179 79 69 1 120 72 80 1 171 72 54 1 132 111 62 1 116 105 102 1 125 64 90 1 111 99 87 1 0 0 0 0 48 79 80 1 60 4 83 1 43 73 89 1 96 59 79 1 116 104 23 1 139 74 93 1 0 0 0 0 106 79 100 1 109 64 101 1 164 113 99 1 141 97 95 1 135 135 101 1 116 84 59 1 123 108 54 1 156 74 80 1 89 97 48 1 132 92 77 1 0 0 0 0 99 123 73 1 85 117 104 1 129 59 74 1 98 64 108 1 86 75 75 1 93 116 72 1 110 83 77 1 112 124 98 1 93 75 111 1 97 36 93 1 96 75 103 1 89 53 15 1 47 68 68 1 59 56 55 1 57 69 52 1 0 38 75 1 24 71 32 1
123 88 105 1 132 114 81 1 140 76 25 1 121 91 50 1 129 107 64 1 142 135 82 1 206 63 47 1 195 94 81 1 195 126 73 1 158 113 51 1 199 134 53 1 188 146 56 1 205 136 87 1 192 143 75 1 110 126 69 1 164 123 70 1 0 0 0 0 169 109 81 1 104 147 88 1 140 104 41 1 166 73 49 1 165 92 92 1 143 112 54 1 183 134 55 1 107 108 40 1 111 88 42 1 111 101 71 1 100 105 107 1 118 54 67 1 47 38 52 1 55 54 68 1 27 58 77 1 47 18 87 1 97 84 16 1 118 47 80 1 113 91 73 1 116 76 58 1 139 111 62 1 124 115 65 1 97 79 118 1 145 134 86 1 69 103 67 1 144 83 79 1 134 80 109 1 142 112 87 1 129 125 70 1 143 113 125 1 129 140 99 1 0 0 0 0 91 97 67 1 113 102 104 1 121 86 35 1 115 67 111 1 92 64 91 1 111 96 85 1 108 122 110 1 107 81 111 1 63 116 59 1 70 78 56 1 53 62 49 1 74 73 70 1 0 25 31 1 43 51 99 1 0 0 0 0
115 59 105 1 132 86 75 1 146 101 46 1 120 134 78 1 0 0 0 0 159 124 115 1 155 115 102 1 180 114 64 1 0 0 0 0 222 118 48 1 182 116 78 1 189 118 60 1 208 116 61 1 221 152 65 1 0 0 0 0 179 150 74 1 149 97 76 1 173 129 85 1 133 113 103 1 112 76 57 1 133 107 83 1 137 82 42 1 181 119 78 1 128 108 75 1 131 92 20 1 0 0 0 0 141 110 81 1 122 71 102 1 53 60 35 1 2 53 23 1 24 40 43 1 49 25 76 1 49 47 49 1 82 91 72 1 115 72 63 1 72 72 97 1 58 73 53 1 111 89 42 1 137 104 86 1 121 127 105 1 134 105 65 1 122 130 72 1 87 87 45 1 135 85 35 1 119 75 102 1 0 0 0 0 142 97 99 1 152 97 77 1 124 118 99 1 122 121 115 1 134 135 79 1 114 97 69 1 110 87 102 1 97 100 93 1 124 82 58 1 82 90 60 1 0 0 0 0 113 124 95 1 84 69 81 1 68 114 42 1 56 59 103 1 41 40 70 1 26 41 65 1 52 54 30 1
88 62 123 1 68 57 78 1 144 83 74 1 152 79 71 1 120 111 59 1 133 145 86 1 150 104 72 1 185 154 96 1 178 103 103 1 206 104 55 1 0 0 0 0 158 132 78 1 152 130 97 1 0 0 0 0 151 112 93 1 125 149 53 1 165 153 53 1 163 138 80 1 139 164 83 1 146 109 51 1 156 116 98 1 192 75 115 1 138 85 30 1 162 80 124 1 140 87 63 1 90 142 72 1 141 96 67 1 116 79 76 1 93 72 71 1 75 54 37 1 0 0 0 0 18 99 35 1 74 52 65 1 88 71 78 1 0 0 0 0 143 75 49 1 88 84 81 1 94 45 38 1 116 117 59 1 86 54 91 1 122 110 76 1 82 119 61 1 106 82 97 1 89 69 49 1 108 70 90 1 133 86 109 1 0 0 0 0 147 120 50 1 143 115 86 1 161 67 85 1 153 141 98 1 152 95 43 1 111 89 34 1 97 71 38 1 112 100 63 1 0 0 0 0 63 90 115 1 0 0 0 0 84 142 73 1 64 81 41 1 115 56 87 1 84 44 105 1 79 51 69 1 31 54 71 1
48 55 59 1 63 67 66 1 53 29 59 1 75 74 70 1 133 77 105 1 145 83 64 1 95 100 90 1 144 126 81 1 180 98 97 1 150 138 46 1 0 0 0 0 159 122 80 1 171 101 87 1 147 157 74 1 172 116 53 1 172 99 84 1 168 118 52 1 198 91 50 1 173 116 126 1 199 132 98 1 171 107 71 1 201 131 88 1 149 120 66 1 156 118 92 1 0 0 0 0 138 99 114 1 186 110 94 1 145 101 98 1 106 80 81 1 78 64 35 1 73 36 49 1 54 89 99 1 76 85 57 1 70 65 75 1 65 61 88 1 125 68 48 1 100 101 60 1 120 75 48 1 88 73 57 1 0 0 0 0 126 63 62 1 100 103 57 1 132 108 64 1 103 63 40 1 152 68 94 1 138 109 91 1 165 88 91 1 169 97 63 1 184 99 62 1 112 154 66 1 101 124 64 1 121 104 58 1 121 54 82 1 0 0 0 0 156 107 30 1 138 114 77 1 93 83 92 1 155 106 75 1 133 129 97 1 120 45 32 1 97 69 79 1 99 104 83 1 70 63 46 1 27 49 45 1
68 32 50 1 79 67 80 1 58 111 46 1 79 24 61 1 70 136 92 1 102 108 77 1 0 0 0 0 0 0 0 0 149 83 75 1 142 86 97 1 128 142 74 1 148 111 101 1 130 134 52 1 149 152 73 1 183 85 81 1 182 102 62 1 154 101 81 1 150 83 100 1 162 103 87 1 167 127 69 1 175 102 98 1 179 148 107 1 132 77 71 1 180 106 70 1 156 82 69 1 138 87 80 1 105 105 102 1 112 103 99 1 81 74 40 1 77 58 30 1 51 93 46 1 90 77 37 1 77 96 27 1 88 108 83 1 68 76 84 1 134 100 61 1 66 33 38 1 52 80 50 1 85 67 88 1 149 70 72 1 131 77 102 1 155 79 90 1 120 95 52 1 130 98 56 1 163 108 82 1 117 110 96 1 175 92 88 1 170 130 40 1 150 94 83 1 170 152 74 1 153 60 102 1 125 57 69 1 104 68 52 1 92 76 65 1 111 121 24 1 0 0 0 0 143 71 101 1 104 79 74 1 182 112 80 1 121 96 99 1 110 93 77 1 81 45 68 1 0 0 0 0 35 40 67 1
27 61 45 1 37 56 78 1 48 69 32 1 50 45 113 1 36 75 88 1 0 0 0 0 97 105 47 1 95 85 80 1 110 90 76 1 119 83 79 1 110 112 78 1 99 68 50 1 154 89 43 1 138 90 63 1 156 82 73 1 128 111 83 1 177 137 80 1 159 101 82 1 0 0 0 0 149 141 85 1 159 116 88 1 168 73 81 1 0 0 0 0 164 164 77 1 150 118 120 1 0 0 0 0 107 97 75 1 150 90 58 1 91 100 42 1 0 0 0 0 87 109 80 1 75 102 39 1 65 91 29 1 53 80 71 1 73 83 84 1 0 0 0 0 81 91 57 1 77 77 64 1 70 62 58 1 74 83 64 1 82 76 56 1 135 93 65 1 135 65 70 1 98 103 86 1 0 0 0 0 124 117 75 1 118 104 81 1 0 0 0 0 189 109 108 1 150 95 71 1 164 124 75 1 126 85 82 1 111 85 48 1 109 79 49 1 103 56 44 1 151 86 74 1 134 74 101 1 148 115 52 1 110 93 62 1 123 124 77 1 159 101 94 1 97 74 40 1 87 97 73 1 75 83 55 1
0 0 0 0 47 10 65 1 49 47 74 1 46 54 84 1 0 0 0 0 0 0 0 0 113 111 54 1 95 43 72 1 89 117 46 1 130 86 39 1 73 88 49 1 82 77 72 1 0 0 0 0 131 102 52 1 140 85 85 1 88 82 99 1 130 94 102 1 113 92 47 1 123 113 51 1 0 0 0 0 0 0 0 0 96 123 64 1 0 0 0 0 126 71 59 1 146 108 83 1 130 101 104 1 136 73 70 1 145 67 49 1 120 83 69 1 48 30 60 1 96 33 53 1 0 0 0 0 85 61 100 1 85 115 55 1 0 0 0 0 88 77 95 1 0 0 0 0 81 109 83 1 75 59 30 1 61 73 37 1 113 79 56 1 106 89 54 1 128 75 87 1 168 95 38 1 120 103 92 1 0 0 0 0 92 94 43 1 160 109 58 1 124 140 57 1 149 55 84 1 143 118 87 1 0 0 0 0 110 111 56 1 77 35 65 1 104 104 78 1 119 56 32 1 163 109 43 1 138 97 87 1 120 65 108 1 110 101 61 1 66 96 80 1 131 90 72 1 97 100 88 1 79 80 48 1
0 0 0 0 57 23 48 1 19 88 55 1 71 67 52 1 34 58 71 1 55 57 50 1 43 74 71 1 60 62 48 1 86 97 78 1 39 90 62 1 0 0 0 0 39 51 43 1 108 76 42 1 90 67 44 1 122 102 53 1 107 107 84 1 125 60 69 1 117 98 9 1 113 80 63 1 104 92 79 1 157 88 53 1 122 76 49 1 108 107 81 1 122 89 52 1 143 86 96 1 102 95 61 1 118 64 64 1 122 73 83 1 100 65 83 1 93 60 86 1 105 58 43 1 111 115 75 1 77 94 55 1 96 47 85 1 56 104 70 1 51 41 83 1 79 100 63 1 98 89 75 1 103 73 66 1 121 52 85 1 113 80 70 1 135 80 63 1 108 93 69 1 106 93 47 1 74 118 83 1 133 74 38 1 128 105 34 1 161 118 42 1 120 128 20 1 0 0 0 0 179 74 68 1 103 73 60 1 98 85 64 1 115 86 34 1 140 68 67 1 133 115 0 1 140 51 60 1 124 150 86 1 116 75 63 1 123 116 59 1 133 107 108 1 84 76 81 1 103 69 98 1 51 61 82 1
0 0 0 0 8 0 23 1 0 0 0 0 12 61 73 1 33 63 73 1 17 42 96 1 13 51 101 1 0 0 0 0 33 42 77 1 68 50 27 1 26 8 60 1 64 51 68 1 58 76 94 1 64 90 38 1 35 90 70 1 85 55 76 1 43 43 88 1 74 127 69 1 87 61 24 1 111 118 61 1 146 88 69 1 96 84 58 1 115 66 66 1 0 0 0 0 127 78 104 1 92 128 100 1 149 91 70 1 144 97 124 1 100 87 63 1 0 0 0 0 79 78 52 1 64 42 89 1 55 90 75 1 46 50 101 1 51 89 77 1 104 59 45 1 87 73 66 1 61 62 36 1 123 73 36 1 68 112 78 1 108 83 51 1 91 56 57 1 117 66 68 1 0 0 0 0 0 0 0 0 126 103 56 1 105 89 45 1 104 134 62 1 161 103 113 1 0 0 0 0 119 106 90 1 131 101 82 1 103 82 92 1 0 0 0 0 129 107 75 1 75 138 75 1 117 54 61 1 144 53 69 1 120 107 44 1 125 94 44 1 171 70 71 1 117 51 79 1 88 84 93 1 94 107 43 1
1 53 77 1 5 62 69 1 57 66 96 1 60 53 81 1 0 47 85 1 0 0 0 0 87 90 75 1 18 78 60 1 29 58 90 1 47 42 97 1 8 59 87 1 26 58 36 1 50 30 102 1 63 69 86 1 0 0 0 0 0 0 0 0 94 52 66 1 93 83 74 1 101 52 74 1 0 0 0 0 74 101 33 1 129 77 72 1 65 68 47 1 103 63 64 1 128 128 84 1 142 71 59 1 107 74 62 1 109 87 93 1 108 76 56 1 75 138 65 1 83 79 64 1 86 100 93 1 65 86 83 1 58 77 91 1 78 108 61 1 79 83 83 1 48 70 66 1 81 66 47 1 76 88 66 1 92 79 65 1 69 103 69 1 0 0 0 0 0 0 0 0 100 81 46 1 106 106 111 1 142 78 73 1 141 60 96 1 118 84 86 1 121 93 23 1 94 106 112 1 146 109 76 1 117 113 101 1 123 71 56 1 0 0 0 0 96 67 44 1 97 110 70 1 129 65 98 1 115 113 62 1 129 76 63 1 133 79 85 1 168 103 103 1 151 87 88 1 89 63 40 1 88 80 71 1
37 70 70 1 50 40 66 1 11 52 45 1 16 54 87 1 33 58 45 1 3 77 79 1 2 45 95 1 22 48 78 1 35 60 46 1 3 63 73 1 0 0 0 0 31 37 86 1 7 40 86 1 17 56 96 1 0 0 0 0 24 62 93 1 65 39 104 1 0 0 0 0 74 75 107 1 84 86 69 1 95 115 72 1 100 90 91 1 0 0 0 0 99 78 52 1 0 0 0 0 97 92 89 1 115 112 100 1 133 68 41 1 75 122 81 1 113 98 84 1 0 0 0 0 75 47 80 1 52 75 73 1 37 95 66 1 0 0 0 0 72 72 49 1 59 106 66 1 69 63 74 1 92 72 107 1 50 60 52 1 101 51 64 1 35 40 42 1 41 91 75 1 67 89 60 1 110 76 78 1 101 63 53 1 115 110 102 1 98 94 78 1 112 126 111 1 93 107 84 1 105 69 87 1 0 0 0 0 58 91 85 1 84 87 82 1 116 104 58 1 107 96 78 1 116 74 115 1 105 148 73 1 140 89 71 1 129 104 69 1 0 0 0 0 114 71 85 1 106 99 66 1 120 97 79 1
32 80 110 1 0 0 0 0 34 44 73 1 7 59 36 1 0 0 0 0 0 0 0 0 34 94 76 1 56 59 90 1 27 56 92 1 0 43 71 1 11 62 79 1 16 70 68 1 16 69 83 1 16 82 47 1 0 0 0 0 68 87 45 1 58 20 72 1 64 91 46 1 50 89 52 1 151 85 51 1 122 77 72 1 89 82 89 1 84 89 58 1 68 120 77 1 110 108 72 1 96 108 64 1 76 103 68 1 105 71 92 1 40 58 66 1 71 77 115 1 103 107 74 1 122 96 52 1 46 91 90 1 82 71 73 1 68 68 69 1 79 58 95 1 0 0 0 0 0 0 0 0 35 67 70 1 32 38 81 1 57 27 103 1 38 100 27 1 66 67 79 1 35 66 41 1 52 38 54 1 93 71 63 1 113 35 48 1 116 60 91 1 107 125 56 1 88 60 74 1 117 88 47 1 92 56 70 1 111 90 57 1 57 45 59 1 81 102 45 1 97 69 77 1 79 82 71 1 123 69 39 1 102 110 51 1 133 139 63 1 120 92 71 1 139 88 72 1 114 82 93 1 83 92 50 1
14 47 52 1 24 52 37 1 24 78 39 1 0 19 52 1 0 70 57 1 6 51 82 1 54 67 60 1 25 73 73 1 31 42 101 1 13 72 108 1 31 54 84 1 0 24 83 1 51 62 40 1 28 81 28 1 44 77 73 1 0 0 0 0 41 48 30 1 44 63 79 1 87 38 59 1 94 25 86 1 111 125 89 1 0 0 0 0 107 95 53 1 83 91 61 1 92 82 71 1 86 67 65 1 93 73 43 1 88 85 58 1 51 66 76 1 114 80 81 1 105 107 104 1 94 88 67 1 0 0 0 0 62 91 67 1 36 63 76 1 0 0 0 0 67 32 96 1 46 57 81 1 22 73 74 1 63 78 31 1 43 90 128 1 0 0 0 0 50 79 42 1 42 51 90 1 28 75 52 1 0 0 0 0 49 103 72 1 0 0 0 0 75 32 79 1 73 76 71 1 43 90 45 1 64 74 47 1 39 67 46 1 91 95 88 1 90 24 53 1 76 82 57 1 99 82 68 1 0 0 0 0 136 85 73 1 141 37 64 1 167 72 74 1 134 80 48 1 98 78 63 1 44 70 58 1
0 50 136 1 37 40 79 1 53 21 24 1 13 31 49 1 30 62 56 1 41 44 76 1 0 0 0 0 57 50 55 1 18 49 105 1 27 27 28 1 44 29 69 1 0 0 0 0 28 29 79 1 15 41 62 1 0 36 85 1 37 57 93 1 19 23 67 1 88 65 36 1 62 92 82 1 78 38 68 1 82 92 110 1 71 78 53 1 92 91 87 1 107 82 82 1 115 110 79 1 0 0 0 0 68 53 66 1 95 60 62 1 40 67 73 1 94 119 51 1 70 75 91 1 94 131 98 1 95 49 80 1 0 0 0 0 112 121 77 1 72 73 64 1 60 105 75 1 6 68 158 1 46 41 86 1 62 85 48 1 0 80 80 1 59 37 72 1 56 70 65 1 26 34 88 1 3 75 84 1 33 65 113 1 50 95 74 1 53 78 97 1 57 39 65 1 47 97 72 1 34 48 122 1 69 17 92 1 41 29 72 1 35 36 89 1 48 59 53 1 51 90 72 1 45 74 48 1 74 89 85 1 85 66 94 1 0 0 0 0 56 69 104 1 0 0 0 0 0 0 0 0 60 58 51 1
16 73 97 1 38 35 46 1 45 62 86 1 25 62 54 1 0 0 0 0 14 79 75 1 49 122 93 1 5 59 69 1 21 19 59 1 26 18 31 1 30 68 63 1 40 71 60 1 3 61 93 1 51 52 109 1 32 57 63 1 35 41 103 1 0 0 0 0 30 83 75 1 70 81 73 1 29 58 69 1 33 98 53 1 121 68 66 1 85 75 42 1 55 104 60 1 100 86 72 1 71 68 58 1 109 82 61 1 83 86 48 1 67 61 28 1 81 61 55 1 0 0 0 0 54 95 64 1 95 127 61 1 104 125 85 1 89 102 77 1 103 88 56 1 0 0 0 0 29 84 73 1 20 70 36 1 17 65 27 1 65 57 101 1 29 34 66 1 0 0 0 0 0 0 0 0 56 62 48 1 42 37 60 1 22 18 79 1 30 68 85 1 35 29 63 1 44 94 86 1 0 0 0 0 7 63 79 1 45 89 93 1 0 0 0 0 21 49 82 1 32 77 54 1 76 38 78 1 34 56 89 1 43 107 80 1 55 46 78 1 82 68 65 1 49 104 86 1 44 78 46 1 53 70 32 1