4
577 1600 102 64
71 44 80 1 99 116 92 1 120 100 71 1 97 80 58 1 107 111 56 1 107 100 107 1 109 83 75 1 116 104 81 1 130 96 39 1 0 0 0 0 84 105 56 1 104 98 73 1 90 102 97 1 82 115 69 1 56 66 37 1 14 78 31 1 0 0 0 0 41 42 59 1 71 72 56 1 59 25 12 1 65 46 34 1 69 88 62 1 77 98 49 1 65 62 51 1 110 75 54 1 137 117 111 1 165 173 155 1 159 134 81 1 114 85 93 1 117 66 71 1 0 0 0 0 72 62 73 1 0 0 0 0 181 149 124 1 131 167 155 1 121 107 99 1 97 64 102 1 49 78 22 1 84 97 73 1 68 60 63 1 53 81 60 1 29 75 59 1 54 41 82 1 96 62 44 1 113 76 56 1 79 143 64 1 108 85 70 1 44 79 57 1 47 62 78 1 0 0 0 0 62 80 69 1 0 0 0 0 99 111 44 1 50 86 56 1 57 76 7 1 114 59 70 1 116 121 65 1 120 189 62 1 122 128 96 1 123 113 75 1 79 79 80 1 58 76 76 1 21 51 62 1 6 84 69 1
91 92 93 1 100 99 77 1 102 94 40 1 104 129 62 1 109 101 69 1 104 84 67 1 134 87 76 1 125 73 69 1 98 99 78 1 113 75 98 1 114 105 62 1 83 110 79 1 152 121 107 1 126 107 49 1 66 98 44 1 70 57 60 1 66 86 46 1 81 84 76 1 52 66 58 1 86 79 53 1 80 55 24 1 59 84 45 1 99 90 56 1 107 99 67 1 128 79 71 1 166 112 111 1 215 154 144 1 185 176 113 1 118 113 79 1 114 116 36 1 106 63 71 1 103 49 44 1 0 0 0 0 115 106 95 1 139 152 108 1 141 128 122 1 104 98 91 1 0 0 0 0 80 69 110 1 75 30 27 1 45 106 48 1 29 85 64 1 92 80 41 1 77 92 48 1 51 82 68 1 114 63 79 1 107 88 54 1 0 0 0 0 30 84 45 1 34 65 55 1 0 0 0 0 87 89 52 1 0 0 0 0 86 79 77 1 68 81 102 1 58 83 48 1 0 0 0 0 94 117 72 1 120 108 75 1 129 99 115 1 103 123 77 1 79 70 69 1 72 72 66 1 48 70 30 1
119 128 70 1 0 0 0 0 35 78 68 1 116 82 79 1 115 81 68 1 65 84 56 1 126 87 52 1 101 62 83 1 122 61 112 1 0 0 0 0 114 74 57 1 108 69 98 1 141 114 78 1 89 134 58 1 79 83 74 1 77 66 62 1 95 86 61 1 80 141 84 1 69 119 48 1 92 69 42 1 66 91 74 1 132 94 84 1 79 115 95 1 141 120 79 1 0 0 0 0 164 125 114 1 220 177 98 1 168 170 47 1 113 109 125 1 76 78 85 1 0 0 0 0 62 105 53 1 87 42 40 1 79 111 23 1 102 133 65 1 122 112 76 1 0 0 0 0 50 47 32 1 25 51 47 1 42 79 76 1 38 74 41 1 29 61 97 1 59 13 73 1 59 75 24 1 79 92 48 1 101 95 82 1 67 64 53 1 101 100 50 1 64 20 33 1 38 58 43 1 96 65 65 1 0 0 0 0 45 94 69 1 75 110 87 1 80 62 69 1 18 103 56 1 0 0 0 0 69 116 87 1 75 116 99 1 120 94 74 1 108 115 65 1 70 108 103 1 55 83 65 1 66 114 86 1
144 144 66 1 77 75 58 1 112 98 84 1 61 63 61 1 74 67 48 1 62 58 50 1 66 60 71 1 0 0 0 0 0 0 0 0 94 142 62 1 0 0 0 0 0 0 0 0 108 72 45 1 77 113 53 1 112 73 97 1 85 80 109 1 107 113 139 1 99 87 110 1 0 0 0 0 58 86 36 1 60 105 86 1 0 0 0 0 150 104 53 1 138 91 93 1 153 113 99 1 187 129 135 1 230 160 153 1 171 147 145 1 124 127 86 1 142 92 59 1 85 62 34 1 70 103 53 1 109 85 71 1 68 101 83 1 79 99 66 1 45 83 64 1 101 66 26 1 55 85 76 1 29 46 42 1 0 0 0 0 83 99 70 1 54 92 81 1 93 75 77 1 88 95 98 1 81 67 125 1 94 92 106 1 63 36 96 1 53 58 71 1 37 48 9 1 0 68 31 1 103 74 4 1 89 72 103 1 80 85 61 1 87 97 95 1 78 86 83 1 57 71 51 1 52 70 62 1 51 34 53 1 100 100 82 1 0 0 0 0 136 103 100 1 120 89 91 1 91 107 53 1 0 0 0 0
99 118 89 1 74 110 88 1 86 80 57 1 42 56 65 1 64 71 86 1 39 74 50 1 45 59 61 1 58 72 51 1 0 0 0 0 67 60 68 1 123 109 80 1 74 68 73 1 50 92 115 1 0 0 0 0 105 68 54 1 71 105 91 1 96 102 52 1 122 114 103 1 0 0 0 0 81 85 53 1 117 93 92 1 115 152 54 1 137 128 85 1 130 115 51 1 126 93 87 1 192 113 100 1 188 197 123 1 195 169 124 1 0 0 0 0 0 0 0 0 79 100 64 1 120 66 19 1 88 44 83 1 0 0 0 0 42 50 47 1 0 0 0 0 33 29 15 1 0 0 0 0 57 87 15 1 20 64 18 1 105 92 41 1 85 123 72 1 87 80 71 1 90 80 94 1 125 100 86 1 71 89 90 1 83 112 91 1 47 78 54 1 39 24 66 1 41 6 82 1 21 72 79 1 56 68 59 1 77 105 68 1 96 81 91 1 90 135 57 1 91 117 30 1 8 48 44 1 42 67 70 1 128 102 68 1 152 123 122 1 126 114 137 1 107 152 123 1 88 126 72 1 122 144 82 1
95 142 95 1 97 99 87 1 69 70 57 1 90 106 52 1 63 49 54 1 0 0 0 0 12 71 75 1 18 37 62 1 22 77 91 1 34 51 68 1 25 84 71 1 0 0 0 0 44 50 56 1 48 92 15 1 0 0 0 0 59 112 75 1 51 98 54 1 0 0 0 0 72 85 53 1 92 73 66 1 0 0 0 0 87 72 66 1 102 62 84 1 107 72 82 1 111 49 70 1 125 121 101 1 102 108 74 1 154 79 72 1 165 107 67 1 134 73 120 1 67 69 74 1 74 102 45 1 69 106 56 1 62 109 19 1 55 113 66 1 0 77 49 1 0 63 33 1 12 62 19 1 31 58 76 1 17 73 80 1 117 51 74 1 97 71 41 1 0 0 0 0 117 144 53 1 121 70 72 1 0 0 0 0 67 115 63 1 34 102 76 1 26 70 50 1 0 53 46 1 0 0 0 0 22 62 72 1 50 63 58 1 79 94 76 1 70 95 70 1 103 80 128 1 67 90 63 1 96 30 72 1 33 51 64 1 99 113 58 1 107 122 80 1 108 62 106 1 117 111 102 1 113 95 102 1
0 0 0 0 74 92 61 1 76 89 40 1 37 90 29 1 31 48 41 1 44 47 57 1 31 61 28 1 0 55 54 1 34 28 33 1 0 0 0 0 34 53 53 1 59 99 51 1 33 49 54 1 0 0 0 0 53 52 45 1 55 66 34 1 29 46 57 1 77 85 93 1 0 0 0 0 113 95 36 1 75 99 78 1 118 85 86 1 92 77 51 1 54 107 74 1 127 116 63 1 65 98 93 1 105 104 74 1 103 72 66 1 53 84 51 1 86 95 40 1 130 90 67 1 80 73 71 1 0 0 0 0 78 101 73 1 71 110 97 1 10 44 82 1 7 60 58 1 0 0 0 0 60 104 42 1 78 32 67 1 93 101 42 1 86 103 79 1 87 99 50 1 109 86 16 1 63 63 97 1 70 104 87 1 68 123 94 1 32 85 58 1 0 0 0 0 49 48 54 1 28 51 32 1 11 74 16 1 25 59 75 1 62 67 81 1 74 82 116 1 68 116 72 1 50 76 82 1 59 100 65 1 66 75 40 1 77 63 34 1 72 51 67 1 83 99 90 1 103 95 80 1 98 101 72 1
108 147 128 1 72 93 45 1 77 86 60 1 67 60 40 1 54 79 85 1 61 28 86 1 41 53 65 1 29 74 42 1 21 58 35 1 11 70 57 1 63 41 61 1 40 56 54 1 42 49 35 1 38 28 28 1 38 29 62 1 41 63 72 1 55 75 84 1 54 99 51 1 56 101 97 1 102 81 90 1 97 101 57 1 97 60 79 1 98 87 57 1 84 27 49 1 122 39 46 1 79 81 98 1 78 67 53 1 80 128 35 1 107 121 40 1 0 0 0 0 82 57 26 1 80 121 59 1 0 0 0 0 76 86 59 1 110 83 84 1 43 69 48 1 0 70 22 1 0 0 0 0 0 39 28 1 53 90 55 1 126 123 105 1 64 64 107 1 0 0 0 0 80 53 56 1 70 88 91 1 0 0 0 0 67 47 28 1 19 87 104 1 11 72 80 1 17 72 74 1 16 42 0 1 0 32 58 1 43 49 82 1 5 55 54 1 53 78 96 1 46 101 96 1 0 0 0 0 95 108 24 1 0 0 0 0 27 65 69 1 15 17 5 1 73 45 46 1 0 0 0 0 67 91 50 1
0 0 0 0 89 92 53 1 0 0 0 0 41 120 61 1 51 54 36 1 69 52 47 1 61 14 63 1 12 43 34 1 21 35 42 1 14 19 41 1 36 72 50 1 36 53 12 1 31 46 23 1 24 34 61 1 22 73 58 1 36 83 63 1 37 67 76 1 0 34 70 1 111 96 95 1 103 70 59 1 50 92 39 1 0 0 0 0 84 70 92 1 120 82 89 1 65 74 94 1 39 35 96 1 79 36 66 1 0 0 0 0 64 50 72 1 95 53 82 1 50 103 44 1 86 73 46 1 109 101 12 1 106 83 53 1 110 96 69 1 60 83 60 1 50 44 46 1 0 3 32 1 13 59 69 1 0 0 0 0 49 117 61 1 125 86 63 1 50 73 95 1 80 78 94 1 50 107 88 1 66 62 61 1 60 107 91 1 0 0 0 0 44 62 102 1 51 78 60 1 33 74 81 1 0 34 15 1 0 15 60 1 1 85 64 1 26 43 26 1 62 54 52 1 0 0 0 0 0 0 0 0 0 0 0 0 59 37 79 1 24 47 29 1 0 0 0 0 36 78 41 1 69 75 90 1
0 0 0 0 74 119 106 1 47 109 92 1 42 74 22 1 34 46 51 1 59 76 53 1 33 45 31 1 23 57 73 1 11 90 32 1 1 29 12 1 0 44 75 1 0 57 43 1 24 65 69 1 0 0 0 0 66 65 96 1 47 56 61 1 0 0 0 0 0 0 0 0 0 0 0 0 85 63 91 1 140 83 68 1 0 0 0 0 104 126 81 1 90 68 89 1 41 78 81 1 54 61 49 1 50 86 75 1 72 120 54 1 92 50 43 1 84 61 84 1 0 0 0 0 63 93 69 1 64 94 80 1 88 103 92 1 88 98 63 1 73 74 42 1 26 54 80 1 14 56 16 1 4 42 37 1 37 63 38 1 72 59 36 1 33 78 67 1 78 88 99 1 76 107 69 1 0 0 0 0 43 112 75 1 50 87 46 1 86 79 90 1 57 67 77 1 37 114 80 1 2 70 98 1 22 34 73 1 10 65 62 1 49 48 0 1 20 57 48 1 21 73 21 1 0 0 0 0 90 47 114 1 64 104 43 1 68 79 67 1 38 126 60 1 39 47 18 1 32 54 66 1 68 74 74 1
100 119 62 1 80 110 76 1 0 0 0 0 75 89 51 1 38 43 50 1 31 107 56 1 49 48 0 1 0 92 48 1 0 47 77 1 0 40 52 1 0 48 27 1 24 43 78 1 0 0 0 0 0 79 30 1 44 70 58 1 22 53 42 1 0 0 0 0 91 44 85 1 60 91 63 1 0 0 0 0 72 84 68 1 0 0 0 0 0 0 0 0 51 95 29 1 20 68 57 1 61 74 75 1 0 0 0 0 79 61 58 1 88 69 57 1 66 52 48 1 43 64 25 1 0 0 0 0 46 76 32 1 74 101 52 1 79 102 90 1 71 58 35 1 22 71 52 1 0 14 24 1 12 29 73 1 40 42 27 1 31 74 69 1 51 89 82 1 55 97 80 1 65 80 101 1 110 113 78 1 57 68 66 1 60 76 93 1 72 44 46 1 77 77 32 1 88 88 87 1 36 101 53 1 0 50 8 1 0 41 31 1 1 65 45 1 0 0 0 0 23 38 61 1 24 63 78 1 73 66 74 1 80 77 86 1 66 71 62 1 58 31 73 1 57 119 66 1 45 81 82 1 50 66 68 1
113 101 99 1 0 0 0 0 29 77 27 1 76 57 98 1 56 81 54 1 37 69 48 1 0 71 56 1 0 0 0 0 0 65 57 1 0 30 21 1 4 72 36 1 0 23 44 1 0 55 20 1 28 30 93 1 56 74 44 1 0 0 0 0 76 60 83 1 50 72 89 1 0 0 0 0 0 0 0 0 68 65 64 1 126 72 65 1 74 82 63 1 56 94 50 1 100 96 47 1 53 92 47 1 65 46 18 1 74 67 71 1 85 56 61 1 76 61 54 1 45 72 30 1 89 97 45 1 95 65 33 1 71 101 79 1 91 98 101 1 56 111 64 1 12 63 79 1 0 61 55 1 0 0 0 0 2 28 23 1 23 60 22 1 106 93 91 1 0 0 0 0 35 70 36 1 76 45 63 1 94 59 56 1 90 74 90 1 71 99 73 1 38 89 92 1 64 94 77 1 0 0 0 0 13 87 76 1 0 0 0 0 25 43 31 1 0 20 62 1 0 17 81 1 27 71 88 1 48 77 53 1 96 106 47 1 51 95 91 1 47 89 36 1 53 65 66 1 49 64 56 1 80 66 29 1
143 105 68 1 85 108 81 1 91 93 87 1 49 96 56 1 25 94 94 1 24 40 61 1 0 87 28 1 0 0 0 0 0 40 59 1 12 28 0 1 14 39 62 1 0 39 91 1 3 28 47 1 24 35 73 1 68 58 0 1 67 47 38 1 67 45 32 1 99 88 49 1 117 61 57 1 51 78 63 1 75 104 86 1 70 106 33 1 63 98 68 1 58 55 69 1 81 77 43 1 83 95 88 1 84 95 56 1 49 78 55 1 0 0 0 0 95 17 37 1 58 66 80 1 93 107 53 1 81 102 67 1 30 61 70 1 105 110 50 1 70 82 59 1 10 24 53 1 0 29 37 1 15 28 66 1 0 0 0 0 83 54 41 1 101 57 79 1 57 73 80 1 65 51 80 1 55 79 58 1 96 109 106 1 84 84 47 1 90 94 71 1 0 0 0 0 36 62 68 1 71 88 38 1 0 61 41 1 0 0 0 0 12 46 47 1 0 21 8 1 0 0 0 0 2 50 17 1 50 96 56 1 57 62 24 1 64 86 78 1 99 121 90 1 59 67 35 1 24 81 79 1 39 95 92 1
0 0 0 0 95 99 68 1 93 88 83 1 57 103 23 1 83 82 47 1 10 56 39 1 0 71 15 1 0 0 0 0 31 69 31 1 0 0 0 0 19 75 46 1 0 44 54 1 34 85 66 1 30 9 48 1 55 59 75 1 90 70 44 1 44 74 53 1 59 67 61 1 60 50 77 1 61 39 50 1 53 90 70 1 108 65 86 1 0 0 0 0 86 99 56 1 68 63 46 1 44 74 105 1 82 49 35 1 77 70 56 1 86 104 103 1 65 56 56 1 60 44 107 1 76 55 83 1 82 77 49 1 63 91 40 1 56 74 94 1 40 61 86 1 15 70 89 1 0 0 0 0 0 36 37 1 22 46 44 1 66 97 35 1 114 64 76 1 98 65 96 1 0 0 0 0 28 106 39 1 80 49 91 1 84 49 68 1 70 72 99 1 81 102 68 1 62 86 68 1 50 113 61 1 54 62 69 1 21 82 46 1 0 57 79 1 0 0 0 0 24 17 29 1 0 1 39 1 12 38 42 1 36 51 19 1 82 106 49 1 34 88 93 1 0 0 0 0 32 68 70 1 24 100 47 1
77 52 71 1 91 94 73 1 95 75 77 1 92 118 70 1 80 43 37 1 34 51 38 1 0 46 58 1 6 30 55 1 0 18 36 1 12 33 2 1 0 46 14 1 25 47 45 1 0 41 24 1 57 44 80 1 65 69 35 1 60 69 83 1 70 76 82 1 86 90 90 1 75 87 88 1 67 56 29 1 90 57 88 1 53 66 72 1 60 95 74 1 48 36 70 1 59 56 80 1 42 47 63 1 59 80 88 1 79 93 25 1 41 70 39 1 87 89 86 1 90 79 71 1 62 79 89 1 85 85 53 1 42 61 63 1 32 80 73 1 49 67 59 1 0 47 83 1 46 52 38 1 0 43 30 1 34 69 43 1 65 71 56 1 52 99 97 1 1 93 50 1 41 98 74 1 19 51 49 1 59 62 105 1 80 78 45 1 66 81 74 1 32 129 82 1 81 99 99 1 39 99 56 1 88 117 44 1 30 66 73 1 20 59 74 1 36 75 20 1 12 94 36 1 0 0 0 0 2 71 23 1 17 87 21 1 58 65 53 1 73 81 70 1 67 73 84 1 58 63 83 1 61 72 55 1
87 98 39 1 0 0 0 0 75 104 43 1 7 39 50 1 69 53 51 1 4 73 44 1 0 64 38 1 4 16 60 1 44 75 53 1 0 0 0 0 0 34 3 1 0 45 33 1 0 57 38 1 43 58 92 1 64 43 41 1 0 0 0 0 67 109 72 1 101 78 67 1 47 40 80 1 63 64 75 1 67 76 94 1 40 79 90 1 0 0 0 0 77 77 121 1 75 67 76 1 92 123 30 1 73 66 84 1 82 77 83 1 68 67 57 1 58 44 50 1 35 68 64 1 54 75 70 1 70 55 80 1 1 72 61 1 39 43 34 1 23 40 74 1 0 57 34 1 6 25 41 1 0 53 24 1 0 0 0 0 0 0 0 0 82 81 59 1 65 56 42 1 51 103 36 1 35 67 103 1 0 0 0 0 72 76 75 1 85 107 51 1 92 114 77 1 97 101 73 1 87 89 19 1 0 0 0 0 88 82 82 1 30 27 49 1 0 50 14 1 0 60 27 1 33 65 18 1 0 0 0 0 0 31 39 1 53 69 72 1 0 0 0 0 85 89 92 1 24 119 61 1 0 13 26 1
57 66 57 1 33 77 60 1 54 108 35 1 56 68 100 1 2 57 45 1 0 0 0 0 0 60 33 1 5 31 26 1 10 12 66 1 2 75 16 1 23 18 24 1 17 9 22 1 25 15 19 1 0 19 8 1 5 61 22 1 56 76 55 1 30 60 88 1 68 45 38 1 49 101 66 1 75 138 72 1 68 77 50 1 114 96 86 1 78 94 94 1 92 94 89 1 70 67 86 1 37 103 51 1 58 90 63 1 52 113 85 1 81 82 72 1 18 55 36 1 32 81 65 1 62 37 17 1 47 61 84 1 0 0 0 0 16 71 49 1 15 27 75 1 0 46 28 1 27 42 49 1 0 18 48 1 0 96 51 1 73 63 93 1 98 92 89 1 61 120 95 1 84 85 48 1 21 43 19 1 24 20 25 1 98 67 8 1 51 88 64 1 87 59 96 1 100 62 36 1 81 46 68 1 109 84 95 1 68 78 92 1 63 68 81 1 13 40 28 1 0 70 40 1 0 50 68 1 2 56 11 1 0 9 63 1 0 0 0 0 24 66 28 1 75 49 71 1 43 82 89 1 12 65 39 1
82 81 74 1 55 86 63 1 22 92 35 1 0 60 61 1 0 46 44 1 4 73 47 1 0 0 0 0 31 75 75 1 3 60 54 1 18 68 33 1 7 7 57 1 3 27 0 1 3 56 37 1 0 23 32 1 8 30 62 1 14 69 53 1 38 58 48 1 96 73 46 1 60 79 6 1 49 87 84 1 43 72 78 1 108 71 67 1 74 67 104 1 104 82 74 1 58 83 74 1 89 84 44 1 0 0 0 0 71 103 82 1 77 111 73 1 48 104 66 1 16 93 45 1 24 33 20 1 19 73 66 1 48 98 32 1 0 59 48 1 1 68 49 1 6 51 67 1 3 33 67 1 40 43 27 1 0 0 0 0 91 79 95 1 125 104 67 1 69 106 105 1 70 57 67 1 0 44 34 1 25 34 42 1 0 0 0 0 97 79 72 1 85 61 72 1 100 56 39 1 0 0 0 0 66 66 70 1 82 96 56 1 40 61 41 1 16 38 53 1 11 28 0 1 31 26 70 1 13 44 59 1 0 7 18 1 1 66 24 1 37 72 67 1 27 87 58 1 58 72 58 1 0 0 0 0
109 95 0 1 80 88 54 1 18 45 40 1 23 45 46 1 0 0 0 0 28 68 37 1 14 79 70 1 0 0 0 0 0 28 67 1 0 40 52 1 0 42 78 1 0 41 38 1 0 0 24 1 0 0 0 0 0 32 45 1 6 39 22 1 56 58 32 1 60 35 22 1 28 28 29 1 49 54 85 1 73 64 53 1 66 89 75 1 91 74 32 1 81 96 102 1 0 0 0 0 103 105 66 1 84 132 112 1 71 90 68 1 62 63 106 1 65 75 39 1 48 78 23 1 13 31 45 1 0 0 0 0 8 52 9 1 0 73 25 1 0 0 0 0 22 47 48 1 19 34 80 1 21 57 47 1 22 61 46 1 61 77 51 1 80 96 57 1 63 112 67 1 47 76 88 1 50 8 35 1 0 0 0 0 41 68 55 1 51 99 91 1 55 89 77 1 61 57 89 1 76 79 66 1 99 100 76 1 60 92 62 1 64 67 50 1 6 87 45 1 0 47 46 1 14 73 82 1 0 19 57 1 0 0 0 0 0 4 33 1 32 101 49 1 58 82 37 1 67 87 87 1 30 81 37 1
41 67 26 1 82 50 67 1 60 95 74 1 29 65 48 1 27 50 37 1 20 81 30 1 0 57 35 1 0 0 0 0 0 91 54 1 0 91 4 1 0 54 19 1 0 36 8 1 0 71 63 1 28 40 72 1 21 46 32 1 0 69 53 1 30 41 73 1 0 66 30 1 26 45 52 1 27 53 74 1 60 58 75 1 36 86 54 1 76 81 80 1 88 45 82 1 84 67 60 1 89 89 90 1 88 100 89 1 94 94 99 1 86 102 66 1 63 91 77 1 36 54 62 1 19 45 76 1 0 60 50 1 0 57 42 1 0 22 58 1 11 0 68 1 13 42 22 1 12 0 41 1 6 52 18 1 25 79 53 1 80 83 46 1 111 60 96 1 89 91 57 1 0 0 0 0 8 52 69 1 7 37 81 1 17 37 91 1 58 59 61 1 73 98 51 1 61 35 88 1 0 0 0 0 66 104 88 1 0 0 0 0 47 53 67 1 32 47 57 1 0 112 36 1 0 0 0 0 0 0 0 0 7 17 26 1 19 14 90 1 6 31 43 1 21 85 45 1 0 34 86 1 14 87 77 1
102 137 62 1 85 93 96 1 82 115 44 1 69 87 56 1 80 46 87 1 53 88 86 1 77 95 77 1 14 58 26 1 21 43 101 1 0 0 0 0 4 65 50 1 0 57 31 1 0 46 21 1 22 31 29 1 0 40 23 1 17 46 44 1 28 45 74 1 0 20 23 1 23 83 56 1 40 71 73 1 62 111 43 1 0 0 0 0 66 91 78 1 67 92 94 1 0 0 0 0 46 92 96 1 77 81 68 1 121 87 51 1 64 84 88 1 74 114 69 1 0 0 0 0 40 90 88 1 27 63 52 1 0 21 62 1 14 63 55 1 10 37 52 1 0 36 42 1 0 0 0 0 11 39 0 1 18 52 25 1 65 104 72 1 131 104 49 1 0 0 0 0 54 72 79 1 25 41 46 1 0 51 74 1 60 13 95 1 24 63 84 1 68 111 55 1 69 72 87 1 48 119 90 1 57 87 80 1 12 73 53 1 95 92 50 1 0 0 0 0 9 45 24 1 0 0 0 0 39 62 48 1 0 53 68 1 0 37 52 1 11 50 47 1 0 0 0 0 60 45 38 1 50 67 48 1
66 24 33 1 107 72 49 1 66 31 61 1 57 103 52 1 37 79 50 1 39 81 53 1 51 92 113 1 36 73 69 1 22 65 29 1 5 54 59 1 0 0 0 0 10 57 59 1 0 54 23 1 0 50 24 1 0 47 60 1 5 12 25 1 27 34 18 1 0 31 9 1 27 27 11 1 0 43 78 1 0 0 0 0 43 64 40 1 0 31 72 1 25 48 41 1 65 86 60 1 46 76 69 1 82 69 55 1 81 114 92 1 107 89 54 1 73 85 87 1 0 0 0 0 70 54 34 1 16 55 32 1 0 22 4 1 0 0 0 0 30 18 62 1 2 30 0 1 0 28 18 1 0 0 0 0 11 57 37 1 120 94 76 1 77 111 72 1 45 95 89 1 55 67 72 1 0 0 0 0 0 46 71 1 10 33 30 1 1 14 48 1 43 57 34 1 101 84 56 1 58 96 73 1 57 67 45 1 68 58 99 1 18 96 12 1 32 51 32 1 43 77 61 1 0 64 52 1 3 30 29 1 15 26 41 1 16 47 49 1 0 4 45 1 0 0 0 0 27 76 86 1 76 76 53 1
101 53 70 1 85 69 73 1 49 67 39 1 67 47 55 1 82 44 44 1 15 129 52 1 28 80 64 1 0 0 0 0 63 52 98 1 54 71 58 1 12 83 49 1 9 137 53 1 0 57 44 1 23 87 23 1 4 53 60 1 24 0 0 1 0 25 37 1 25 37 27 1 1 42 44 1 0 51 20 1 2 59 21 1 5 57 60 1 13 79 34 1 64 81 49 1 28 31 68 1 66 90 45 1 50 66 64 1 73 108 74 1 58 121 91 1 0 0 0 0 66 84 62 1 27 88 41 1 0 45 66 1 0 29 0 1 0 0 1 1 0 36 63 1 30 49 14 1 0 81 19 1 0 38 44 1 53 51 31 1 80 52 40 1 95 107 93 1 0 0 0 0 77 54 90 1 0 59 54 1 16 41 70 1 3 47 31 1 11 25 76 1 46 80 55 1 64 67 77 1 65 71 51 1 81 75 33 1 0 0 0 0 41 107 95 1 44 80 69 1 26 30 39 1 2 57 72 1 0 67 24 1 28 54 42 1 14 49 13 1 0 20 81 1 31 52 84 1 17 79 35 1 23 69 71 1
77 58 26 1 67 51 35 1 30 64 74 1 28 84 33 1 42 50 42 1 23 31 18 1 15 72 22 1 74 115 48 1 56 41 76 1 67 62 39 1 45 48 41 1 43 48 55 1 31 32 28 1 8 48 20 1 0 48 71 1 13 52 31 1 0 0 0 0 9 22 8 1 0 60 42 1 17 56 54 1 0 7 15 1 0 89 40 1 27 58 68 1 34 44 47 1 55 76 83 1 16 83 17 1 99 57 31 1 89 60 67 1 70 57 103 1 53 102 102 1 63 86 116 1 54 56 34 1 0 68 74 1 32 59 62 1 32 7 65 1 28 75 35 1 20 40 44 1 0 17 45 1 38 57 79 1 93 51 53 1 0 0 0 0 113 89 102 1 63 77 47 1 0 0 0 0 46 73 78 1 5 69 74 1 22 38 32 1 0 0 0 0 8 7 39 1 61 75 79 1 96 27 54 1 64 95 55 1 41 73 67 1 61 64 51 1 37 91 95 1 46 65 56 1 17 62 51 1 0 54 88 1 0 0 0 0 0 6 19 1 0 84 42 1 1 32 51 1 16 44 0 1 77 102 51 1
77 53 57 1 100 62 79 1 72 48 56 1 14 54 73 1 74 82 67 1 29 69 69 1 73 41 21 1 48 47 77 1 46 77 32 1 53 74 61 1 62 87 63 1 52 85 75 1 29 54 78 1 5 84 47 1 34 46 78 1 8 60 36 1 4 34 68 1 0 0 0 0 36 35 28 1 0 43 33 1 7 73 68 1 22 54 38 1 0 55 77 1 11 59 79 1 37 88 40 1 38 61 58 1 82 77 82 1 68 67 90 1 60 105 79 1 90 146 72 1 45 117 95 1 75 60 63 1 1 96 77 1 32 56 43 1 26 56 48 1 0 23 34 1 25 5 26 1 0 49 46 1 0 60 0 1 55 67 48 1 18 65 107 1 123 105 96 1 98 99 101 1 14 83 80 1 44 55 51 1 13 99 50 1 0 69 53 1 53 36 82 1 15 50 36 1 87 52 71 1 0 0 0 0 46 54 74 1 66 68 60 1 49 80 74 1 58 87 44 1 44 61 47 1 0 64 75 1 44 64 58 1 12 40 71 1 11 37 33 1 19 49 20 1 0 41 43 1 34 40 58 1 39 103 93 1
55 80 50 1 73 85 28 1 0 0 0 0 54 76 40 1 80 65 48 1 86 73 42 1 43 77 85 1 55 79 46 1 60 72 45 1 34 69 75 1 78 105 31 1 123 92 77 1 66 109 76 1 0 75 64 1 16 50 33 1 0 50 45 1 0 0 0 0 7 11 42 1 0 58 32 1 0 35 9 1 0 0 0 0 0 0 0 0 0 0 0 0 8 54 52 1 19 86 32 1 43 72 76 1 46 92 87 1 90 80 76 1 122 76 59 1 86 69 53 1 80 62 56 1 86 73 83 1 34 98 63 1 27 41 56 1 4 30 51 1 6 90 40 1 28 51 49 1 0 0 0 0 1 22 63 1 0 42 0 1 80 50 65 1 88 124 63 1 79 108 116 1 70 93 66 1 29 86 39 1 0 58 28 1 32 53 62 1 19 0 73 1 34 66 30 1 49 62 57 1 39 90 28 1 85 66 57 1 64 26 77 1 61 70 78 1 0 0 0 0 77 54 50 1 30 66 108 1 0 62 45 1 0 19 62 1 0 67 29 1 16 37 24 1 30 22 43 1 23 104 56 1 28 49 67 1
72 61 74 1 79 69 34 1 43 69 75 1 55 97 25 1 54 54 36 1 67 70 95 1 77 58 37 1 56 58 28 1 47 67 91 1 56 85 50 1 110 75 60 1 168 146 117 1 124 118 109 1 54 63 49 1 33 52 63 1 14 78 23 1 0 54 26 1 12 27 21 1 1 70 45 1 0 40 35 1 33 80 62 1 0 0 0 0 15 32 0 1 0 0 46 1 0 42 91 1 30 40 42 1 75 93 70 1 85 120 80 1 95 97 59 1 76 78 67 1 83 54 61 1 60 83 57 1 24 94 72 1 4 7 68 1 11 31 18 1 3 68 65 1 0 49 41 1 18 72 72 1 0 39 63 1 7 77 32 1 120 69 30 1 84 91 89 1 79 81 86 1 46 61 38 1 29 81 53 1 0 0 23 1 7 37 35 1 20 41 64 1 54 36 67 1 26 37 66 1 37 48 52 1 61 51 26 1 0 68 76 1 51 48 43 1 75 56 72 1 28 65 29 1 0 82 70 1 36 24 49 1 38 64 40 1 0 108 97 1 28 42 72 1 41 40 55 1 8 93 23 1 31 71 59 1
93 77 98 1 96 76 65 1 95 90 69 1 0 0 0 0 73 102 77 1 36 76 30 1 46 101 41 1 0 0 0 0 73 97 51 1 69 100 49 1 131 129 34 1 209 186 116 1 178 121 118 1 97 120 68 1 44 43 40 1 0 76 45 1 22 84 94 1 0 44 37 1 17 39 48 1 0 42 50 1 28 32 62 1 0 36 61 1 0 0 0 0 8 67 34 1 11 58 12 1 47 20 59 1 60 89 42 1 96 49 70 1 85 61 84 1 85 72 67 1 73 83 37 1 9 56 63 1 0 0 0 0 35 69 20 1 33 51 41 1 0 0 0 0 0 43 52 1 0 15 36 1 0 36 48 1 38 19 39 1 62 62 81 1 0 0 0 0 92 85 39 1 70 60 80 1 0 60 20 1 15 51 30 1 0 22 39 1 6 39 45 1 0 33 50 1 35 96 32 1 22 36 51 1 0 52 30 1 6 44 17 1 44 57 45 1 0 0 0 0 47 69 52 1 29 29 65 1 13 76 33 1 14 81 63 1 65 64 56 1 70 74 47 1 52 78 76 1 37 86 53 1 57 63 28 1
176 174 105 1 105 130 100 1 99 81 80 1 0 0 0 0 0 0 0 0 74 73 65 1 45 66 83 1 68 76 40 1 82 57 80 1 67 108 61 1 134 135 83 1 196 123 68 1 158 126 113 1 93 96 90 1 0 94 47 1 25 73 75 1 13 83 79 1 0 0 0 0 48 68 47 1 0 0 0 0 0 22 39 1 0 36 34 1 0 9 41 1 61 18 34 1 0 42 60 1 0 95 39 1 42 48 44 1 37 99 55 1 53 72 80 1 0 0 0 0 0 0 0 0 47 24 93 1 0 58 29 1 4 49 63 1 0 43 72 1 7 53 35 1 9 34 56 1 0 38 48 1 16 37 89 1 0 43 83 1 21 100 21 1 12 77 59 1 59 65 47 1 19 64 22 1 0 0 0 0 60 59 15 1 0 68 0 1 8 38 29 1 27 39 43 1 0 0 34 1 0 0 0 0 0 0 0 0 3 30 19 1 29 70 52 1 41 80 78 1 20 88 44 1 9 113 44 1 57 62 78 1 8 47 55 1 27 95 66 1 37 41 38 1 92 85 56 1 86 80 43 1 73 76 76 1
220 161 129 1 183 166 152 1 113 88 68 1 103 51 51 1 69 83 74 1 0 0 0 0 89 90 94 1 82 82 48 1 47 105 22 1 0 0 0 0 90 78 38 1 0 0 0 0 73 82 76 1 22 85 81 1 1 81 74 1 0 66 45 1 0 75 59 1 58 72 79 1 60 29 74 1 0 0 0 0 21 42 56 1 0 57 63 1 0 44 35 1 0 33 55 1 0 0 0 0 53 21 41 1 42 30 19 1 22 93 17 1 42 45 61 1 89 129 56 1 65 55 55 1 69 91 68 1 27 54 31 1 12 44 58 1 15 41 74 1 0 51 82 1 0 70 51 1 0 52 62 1 16 43 5 1 0 22 25 1 61 51 58 1 12 81 29 1 43 80 19 1 15 81 54 1 0 64 59 1 17 45 21 1 0 0 0 0 0 65 19 1 0 7 53 1 0 40 40 1 0 27 39 1 20 22 50 1 0 84 65 1 3 51 33 1 39 84 73 1 28 96 41 1 0 0 0 0 20 56 16 1 23 99 20 1 0 29 55 1 0 0 0 0 74 79 35 1 56 90 71 1 87 50 43 1
204 152 134 1 196 128 44 1 133 102 75 1 74 118 78 1 75 75 80 1 39 98 64 1 45 66 58 1 87 77 95 1 34 66 67 1 47 64 70 1 65 61 58 1 86 59 33 1 30 80 78 1 15 77 42 1 8 64 21 1 0 78 39 1 78 61 73 1 56 81 35 1 46 67 91 1 43 77 67 1 22 87 33 1 24 83 63 1 0 0 0 0 0 0 0 0 0 47 27 1 5 15 21 1 22 46 16 1 11 40 77 1 0 66 59 1 0 45 53 1 45 46 48 1 12 81 88 1 8 40 17 1 3 59 48 1 29 82 39 1 0 27 43 1 0 18 61 1 0 62 49 1 0 43 21 1 14 69 24 1 0 44 57 1 0 30 98 1 0 44 53 1 0 0 0 0 0 79 50 1 11 37 40 1 0 39 73 1 0 0 0 0 29 29 28 1 27 18 35 1 0 41 3 1 50 70 26 1 0 17 55 1 4 45 9 1 0 80 56 1 31 25 66 1 30 72 71 1 23 18 42 1 15 49 29 1 12 72 26 1 30 31 35 1 22 97 45 1 36 91 65 1 0 0 0 0
142 107 82 1 89 93 74 1 106 108 36 1 41 105 93 1 81 58 66 1 48 57 23 1 68 103 89 1 40 61 62 1 51 75 51 1 50 103 59 1 22 85 42 1 24 54 75 1 24 50 36 1 35 28 42 1 4 47 55 1 0 63 50 1 68 113 76 1 57 71 66 1 74 69 62 1 58 28 40 1 48 43 82 1 0 65 46 1 20 37 58 1 0 38 23 1 0 0 61 1 28 64 19 1 0 51 79 1 38 27 65 1 0 34 33 1 0 70 18 1 9 27 40 1 5 13 51 1 0 22 42 1 3 50 43 1 6 77 45 1 0 8 48 1 0 38 81 1 0 37 54 1 0 42 38 1 7 16 5 1 0 38 50 1 0 64 50 1 24 42 6 1 0 29 10 1 6 45 4 1 0 25 65 1 1 64 24 1 0 0 0 0 3 28 29 1 0 0 0 0 0 68 1 1 0 62 35 1 0 15 1 1 20 30 35 1 26 27 13 1 19 52 83 1 35 23 59 1 1 100 35 1 0 29 33 1 0 45 27 1 0 45 27 1 11 49 31 1 28 115 58 1 64 100 83 1
181 156 116 1 136 94 55 1 88 51 49 1 47 91 35 1 23 51 80 1 30 64 69 1 0 0 0 0 44 71 75 1 25 79 46 1 30 56 84 1 65 73 3 1 66 77 38 1 43 56 57 1 51 28 47 1 26 90 62 1 21 65 96 1 41 79 17 1 53 99 78 1 49 67 59 1 66 112 99 1 84 51 81 1 36 93 51 1 0 0 0 0 17 59 21 1 2 39 45 1 0 22 24 1 0 26 61 1 0 71 32 1 0 19 58 1 0 35 33 1 0 34 52 1 6 26 41 1 0 40 0 1 0 1 20 1 0 0 0 0 0 0 0 0 0 8 58 1 0 25 43 1 13 23 3 1 38 49 39 1 0 50 47 1 0 26 41 1 23 22 18 1 12 29 0 1 0 5 71 1 0 36 33 1 0 46 82 1 7 24 6 1 9 43 46 1 0 0 0 0 0 34 57 1 0 31 32 1 0 0 0 0 0 8 44 1 14 21 81 1 0 2 12 1 0 96 79 1 0 26 32 1 66 24 71 1 0 31 32 1 0 17 33 1 0 16 48 1 5 18 44 1 11 27 48 1
120 141 135 1 99 80 80 1 78 84 37 1 53 69 22 1 61 82 96 1 26 73 46 1 0 0 0 0 31 27 51 1 71 92 64 1 38 81 62 1 22 75 52 1 79 56 30 1 36 81 65 1 50 69 36 1 55 85 47 1 34 99 0 1 13 56 69 1 58 85 83 1 46 72 58 1 26 54 65 1 41 39 9 1 35 74 56 1 0 0 0 0 0 36 63 1 0 36 64 1 3 27 32 1 0 21 66 1 37 25 32 1 3 20 64 1 0 53 18 1 0 0 46 1 2 10 51 1 29 0 28 1 0 37 1 1 30 21 36 1 9 2 22 1 23 20 65 1 0 37 64 1 8 51 44 1 0 36 74 1 0 21 18 1 0 55 46 1 7 19 51 1 0 37 37 1 0 0 0 0 0 53 51 1 0 36 11 1 20 32 21 1 13 66 35 1 10 51 54 1 10 54 77 1 34 50 37 1 0 17 40 1 0 23 37 1 0 0 0 0 42 7 58 1 0 35 8 1 0 51 99 1 0 50 29 1 0 0 0 0 22 28 25 1 0 32 69 1 0 0 0 0 7 44 47 1
153 145 115 1 103 82 83 1 103 87 57 1 131 121 87 1 63 120 87 1 82 92 62 1 0 0 0 0 0 0 0 0 47 55 62 1 72 40 73 1 63 42 50 1 31 58 55 1 23 76 54 1 42 96 83 1 61 61 55 1 32 93 23 1 71 75 34 1 48 31 79 1 2 69 31 1 39 65 57 1 0 0 0 0 23 32 17 1 24 86 33 1 0 62 49 1 13 48 60 1 0 38 66 1 0 24 54 1 33 13 38 1 13 50 85 1 0 60 34 1 0 25 36 1 40 55 60 1 0 17 22 1 0 56 65 1 0 10 41 1 0 64 16 1 49 27 72 1 0 54 59 1 7 34 28 1 0 65 30 1 9 39 13 1 19 64 12 1 0 0 0 0 0 40 36 1 0 29 7 1 24 57 38 1 32 27 52 1 0 61 19 1 0 45 62 1 40 43 25 1 0 52 68 1 0 87 39 1 10 0 6 1 0 20 44 1 0 87 75 1 1 71 45 1 28 52 47 1 0 36 41 1 14 82 35 1 25 45 66 1 25 40 74 1 25 52 47 1 0 15 16 1 24 54 34 1
183 148 105 1 122 126 76 1 128 80 79 1 115 107 70 1 97 95 111 1 88 41 68 1 78 77 32 1 65 97 85 1 22 84 16 1 67 83 52 1 54 95 73 1 71 102 64 1 100 52 74 1 56 86 31 1 21 101 46 1 102 32 47 1 25 91 52 1 1 51 87 1 72 52 28 1 1 53 41 1 4 18 38 1 0 68 38 1 6 65 33 1 42 43 46 1 0 48 48 1 0 50 15 1 35 46 33 1 0 0 0 0 2 46 97 1 40 19 42 1 11 11 51 1 0 7 13 1 0 38 44 1 0 0 0 0 1 58 0 1 0 0 0 0 1 19 55 1 22 57 18 1 0 65 37 1 0 47 30 1 6 79 34 1 0 60 33 1 9 43 60 1 0 33 45 1 47 56 23 1 0 80 63 1 1 30 23 1 0 0 0 0 19 44 53 1 20 55 55 1 12 70 57 1 0 0 0 0 10 59 23 1 0 45 28 1 41 66 13 1 43 62 49 1 32 69 10 1 20 111 55 1 52 64 80 1 16 41 53 1 31 61 31 1 0 44 38 1 0 0 0 0 0 38 34 1
0 0 0 0 114 113 80 1 150 139 51 1 113 141 95 1 120 127 80 1 110 98 60 1 76 101 77 1 57 115 57 1 129 78 60 1 94 76 66 1 94 101 94 1 117 98 86 1 49 104 70 1 49 65 77 1 53 72 59 1 109 85 50 1 44 67 58 1 24 31 91 1 25 88 85 1 0 0 0 0 50 41 46 1 0 42 48 1 12 35 75 1 28 14 30 1 6 31 7 1 0 55 78 1 0 18 35 1 0 0 0 0 10 7 27 1 9 13 59 1 19 35 0 1 0 59 7 1 36 28 65 1 0 24 38 1 0 59 56 1 19 38 80 1 4 93 88 1 0 0 0 0 30 61 50 1 24 48 79 1 0 47 34 1 1 39 46 1 0 0 0 0 3 61 50 1 63 30 35 1 12 39 95 1 0 22 41 1 16 28 66 1 0 0 0 0 9 69 28 1 64 67 97 1 0 0 0 0 17 48 39 1 0 0 0 0 45 81 44 1 26 64 33 1 50 60 65 1 70 134 56 1 52 80 91 1 61 83 80 1 7 69 27 1 35 32 67 1 0 31 35 1 39 70 58 1
0 0 0 0 123 114 87 1 139 80 87 1 85 128 77 1 0 0 0 0 77 123 58 1 100 92 48 1 102 67 56 1 0 0 0 0 63 73 52 1 49 95 99 1 51 99 57 1 51 95 87 1 0 0 0 0 38 68 36 1 47 88 57 1 86 97 88 1 20 59 71 1 30 48 42 1 0 0 0 0 0 32 55 1 0 47 70 1 6 33 41 1 0 62 8 1 23 56 59 1 25 65 48 1 20 53 16 1 35 51 29 1 32 5 43 1 27 44 87 1 8 18 35 1 1 61 51 1 0 40 54 1 0 48 50 1 0 56 71 1 0 65 19 1 32 67 59 1 2 45 69 1 18 74 66 1 63 91 57 1 25 74 33 1 20 53 44 1 17 77 61 1 26 34 43 1 0 45 52 1 0 0 0 0 37 66 100 1 17 96 55 1 65 62 81 1 66 79 31 1 64 71 53 1 39 79 43 1 43 15 40 1 0 0 0 0 31 30 84 1 23 63 77 1 37 81 58 1 53 110 5 1 0 0 0 0 82 65 72 1 0 0 0 0 0 31 75 1 16 15 0 1 6 57 53 1
124 120 42 1 160 109 65 1 0 0 0 0 74 82 87 1 77 52 72 1 118 84 106 1 81 135 33 1 104 82 96 1 86 39 71 1 94 82 39 1 0 0 0 0 52 79 42 1 43 61 86 1 47 40 99 1 0 0 0 0 38 99 9 1 42 67 60 1 45 42 38 1 0 0 0 0 0 68 24 1 14 43 37 1 9 44 42 1 0 30 27 1 47 61 55 1 22 52 84 1 25 71 97 1 19 66 81 1 40 80 54 1 2 54 77 1 23 9 48 1 2 32 50 1 24 70 7 1 0 57 77 1 13 63 63 1 0 0 0 0 31 81 40 1 8 60 15 1 54 100 89 1 53 44 38 1 80 102 61 1 44 54 47 1 0 0 0 0 66 76 19 1 0 0 0 0 0 40 28 1 36 37 38 1 0 0 0 0 32 92 61 1 81 73 46 1 0 0 0 0 58 55 60 1 49 33 50 1 39 59 32 1 34 78 72 1 39 112 27 1 75 78 86 1 115 86 24 1 44 89 45 1 21 52 20 1 77 77 61 1 28 60 64 1 0 0 0 0 0 35 30 1 17 4 53 1
77 79 81 1 92 114 86 1 94 90 52 1 38 69 59 1 102 85 69 1 111 85 78 1 83 125 78 1 103 101 84 1 58 83 71 1 50 68 89 1 88 49 74 1 0 0 0 0 44 86 34 1 83 49 73 1 54 77 74 1 82 76 80 1 0 0 0 0 17 64 70 1 35 85 32 1 5 36 31 1 20 72 39 1 0 81 48 1 0 32 44 1 38 46 40 1 6 79 78 1 56 90 68 1 0 0 0 0 0 82 51 1 0 0 0 0 26 92 28 1 26 56 15 1 0 14 97 1 0 15 19 1 0 30 45 1 16 94 87 1 27 28 51 1 65 95 65 1 47 74 41 1 60 76 81 1 76 60 58 1 0 60 48 1 0 0 0 0 1 117 67 1 5 53 42 1 6 38 36 1 0 23 40 1 45 57 29 1 63 71 45 1 125 64 75 1 80 117 56 1 55 57 57 1 0 0 0 0 65 58 56 1 0 0 0 0 78 98 77 1 95 80 74 1 35 65 84 1 27 64 68 1 25 66 46 1 0 66 77 1 3 37 18 1 17 63 30 1 11 58 48 1 0 0 0 0
122 89 84 1 74 120 29 1 89 74 46 1 40 78 67 1 0 118 29 1 67 107 66 1 76 121 72 1 86 119 82 1 137 90 75 1 81 95 48 1 16 81 66 1 79 35 48 1 58 42 64 1 57 54 54 1 45 38 51 1 0 0 0 0 5 84 74 1 0 0 0 0 15 27 69 1 0 54 67 1 15 24 44 1 0 49 54 1 0 58 54 1 13 66 51 1 52 42 79 1 60 75 78 1 66 64 51 1 36 107 70 1 16 104 44 1 0 35 62 1 13 34 30 1 0 39 44 1 0 44 62 1 30 77 76 1 7 87 54 1 17 59 83 1 0 46 70 1 46 32 115 1 0 0 0 0 59 76 82 1 19 78 91 1 0 0 0 0 19 93 67 1 3 45 33 1 35 54 42 1 4 74 80 1 67 58 30 1 45 52 74 1 73 96 65 1 84 65 53 1 32 89 60 1 80 76 40 1 0 0 0 0 94 99 41 1 116 123 91 1 68 93 36 1 59 88 80 1 42 63 53 1 62 72 65 1 0 0 0 0 51 69 46 1 30 37 20 1 4 38 17 1 0 5 31 1
95 97 105 1 70 108 38 1 72 82 73 1 98 108 46 1 0 0 0 0 58 70 68 1 65 69 34 1 86 122 60 1 117 136 77 1 68 97 117 1 50 72 53 1 44 76 85 1 1 57 35 1 35 117 34 1 33 77 39 1 0 45 77 1 1 58 56 1 11 63 4 1 9 37 46 1 30 61 79 1 18 88 66 1 8 95 69 1 29 50 22 1 75 109 78 1 54 73 87 1 84 51 80 1 107 90 93 1 77 89 50 1 40 98 25 1 34 75 80 1 0 84 32 1 0 49 26 1 0 59 50 1 0 38 49 1 36 74 69 1 20 61 54 1 51 86 45 1 0 0 0 0 61 95 37 1 85 112 62 1 66 73 67 1 64 93 68 1 26 109 74 1 39 47 42 1 13 60 56 1 10 93 49 1 69 58 39 1 53 62 87 1 77 64 68 1 67 101 52 1 85 117 82 1 59 70 74 1 73 105 43 1 52 59 94 1 62 75 76 1 51 92 66 1 0 0 0 0 58 55 54 1 72 97 70 1 66 97 85 1 31 55 72 1 0 63 46 1 15 37 22 1 16 67 57 1
86 96 68 1 20 79 45 1 67 98 109 1 29 95 39 1 40 63 76 1 0 0 0 0 56 49 60 1 71 86 37 1 71 109 60 1 120 94 45 1 15 77 98 1 59 89 51 1 58 83 40 1 16 76 78 1 15 44 21 1 0 52 53 1 20 72 62 1 0 71 66 1 0 34 24 1 77 70 93 1 70 78 68 1 0 0 0 0 50 74 57 1 33 63 70 1 66 36 47 1 55 83 88 1 73 91 82 1 0 0 0 0 36 68 48 1 4 33 23 1 0 0 0 0 0 16 36 1 4 43 71 1 60 75 77 1 61 56 60 1 24 60 30 1 27 35 24 1 22 96 32 1 61 63 40 1 32 42 44 1 69 56 80 1 87 81 61 1 0 0 0 0 25 41 47 1 20 83 61 1 54 59 49 1 85 67 52 1 91 73 29 1 32 59 36 1 41 87 65 1 39 69 71 1 86 49 98 1 35 73 57 1 81 54 50 1 116 81 64 1 78 101 44 1 89 106 68 1 0 0 0 0 27 79 46 1 37 51 71 1 20 68 30 1 0 66 38 1 0 36 44 1 0 42 56 1
68 76 83 1 67 63 78 1 103 109 67 1 31 89 44 1 32 49 52 1 49 62 27 1 19 72 77 1 34 72 54 1 62 101 35 1 27 23 83 1 42 48 79 1 43 100 26 1 0 45 51 1 23 8 38 1 0 64 49 1 39 92 27 1 0 62 49 1 38 60 83 1 26 70 73 1 37 47 107 1 0 0 0 0 52 69 86 1 35 80 70 1 70 58 61 1 57 92 27 1 33 75 86 1 42 71 93 1 37 105 81 1 0 90 57 1 0 60 12 1 0 31 48 1 15 22 10 1 35 39 52 1 0 0 0 0 112 105 65 1 37 94 47 1 18 79 95 1 36 83 77 1 55 67 63 1 64 87 69 1 67 64 64 1 0 0 0 0 65 105 25 1 44 72 64 1 53 64 57 1 9 82 26 1 50 71 44 1 56 100 32 1 113 101 83 1 55 63 84 1 53 54 38 1 47 42 27 1 66 128 72 1 106 125 72 1 93 73 65 1 77 86 67 1 0 0 0 0 27 99 42 1 65 44 80 1 44 70 91 1 9 44 60 1 13 46 53 1 23 55 48 1 10 78 65 1
129 73 50 1 105 72 46 1 66 97 93 1 34 49 46 1 0 0 0 0 9 66 26 1 54 15 34 1 11 59 27 1 45 69 34 1 24 85 36 1 0 52 76 1 0 70 41 1 0 46 43 1 33 43 43 1 0 77 51 1 13 104 91 1 15 86 35 1 0 0 0 0 0 0 0 0 27 66 56 1 0 0 0 0 109 87 52 1 89 83 24 1 56 79 54 1 90 129 61 1 38 83 70 1 52 59 66 1 54 30 51 1 15 53 36 1 0 0 0 0 30 0 40 1 12 47 48 1 10 73 51 1 54 38 53 1 66 61 68 1 55 41 59 1 58 58 45 1 42 73 21 1 68 51 68 1 0 0 0 0 0 0 0 0 72 94 71 1 47 53 52 1 0 55 68 1 0 0 0 0 71 71 60 1 29 85 47 1 30 64 62 1 101 87 71 1 38 74 85 1 20 56 67 1 53 77 79 1 42 98 94 1 124 40 49 1 119 92 87 1 60 49 70 1 79 77 51 1 59 71 107 1 69 96 54 1 33 95 60 1 47 50 35 1 0 0 0 0 0 36 15 1 6 79 52 1
0 0 0 0 49 75 84 1 86 65 68 1 46 93 58 1 0 0 0 0 0 0 0 0 0 0 0 0 58 64 26 1 0 46 63 1 0 0 0 0 26 61 45 1 19 69 50 1 10 33 26 1 46 47 18 1 58 63 65 1 83 72 43 1 94 88 82 1 74 105 85 1 0 0 0 0 32 87 50 1 116 42 71 1 61 52 77 1 58 87 78 1 66 111 102 1 82 95 64 1 0 0 0 0 45 114 26 1 0 52 51 1 0 46 47 1 0 0 0 0 20 20 40 1 0 33 50 1 0 46 9 1 0 0 0 0 29 80 85 1 80 85 61 1 11 48 39 1 66 46 68 1 33 78 48 1 72 91 60 1 54 69 106 1 32 97 25 1 41 66 57 1 17 47 45 1 44 92 60 1 69 87 110 1 104 52 51 1 92 69 71 1 80 52 69 1 44 64 91 1 34 60 62 1 56 70 105 1 96 109 73 1 85 78 30 1 0 0 0 0 79 63 96 1 64 94 40 1 70 101 90 1 60 56 80 1 19 84 73 1 9 85 38 1 9 87 45 1 5 46 61 1 23 38 65 1
0 0 0 0 78 85 49 1 32 83 96 1 89 115 82 1 79 122 70 1 40 125 109 1 78 71 114 1 64 59 68 1 38 95 66 1 0 53 60 1 64 53 94 1 43 80 29 1 69 90 60 1 29 59 51 1 42 114 84 1 37 102 78 1 89 116 55 1 99 138 65 1 96 74 77 1 46 56 60 1 0 0 0 0 82 51 55 1 45 108 43 1 54 51 84 1 75 58 92 1 84 88 61 1 3 64 64 1 10 37 61 1 8 32 35 1 32 31 59 1 0 52 56 1 14 39 89 1 0 40 39 1 11 64 41 1 81 53 48 1 89 39 51 1 0 0 0 0 33 47 56 1 40 44 78 1 65 92 93 1 0 0 0 0 75 82 77 1 59 56 55 1 35 47 68 1 50 76 46 1 110 97 63 1 0 0 0 0 66 101 125 1 0 0 0 0 38 74 81 1 43 58 64 1 0 0 0 0 90 70 67 1 55 62 67 1 53 91 68 1 63 93 77 1 24 94 24 1 51 94 66 1 0 0 0 0 46 58 34 1 30 72 35 1 0 71 13 1 0 0 0 0 1 77 17 1
101 82 59 1 94 56 114 1 95 112 44 1 55 107 104 1 111 100 63 1 146 122 94 1 32 103 62 1 0 0 0 0 38 111 113 1 38 23 78 1 54 56 72 1 0 0 0 0 74 74 70 1 97 74 42 1 20 53 66 1 76 106 138 1 81 91 61 1 66 107 66 1 91 73 87 1 0 0 0 0 27 62 29 1 40 52 26 1 37 65 47 1 47 83 45 1 79 83 88 1 83 100 58 1 24 79 27 1 0 20 43 1 12 61 40 1 24 46 20 1 12 71 52 1 31 67 73 1 39 57 28 1 0 0 0 0 38 60 84 1 37 63 89 1 0 0 0 0 44 93 53 1 62 94 43 1 84 81 70 1 6 115 51 1 33 68 46 1 8 69 71 1 43 97 35 1 75 53 32 1 53 88 106 1 93 117 52 1 63 72 77 1 43 81 46 1 67 69 88 1 66 60 56 1 41 33 89 1 0 0 0 0 81 87 51 1 53 73 59 1 55 61 77 1 54 63 87 1 56 64 68 1 51 67 70 1 12 61 45 1 36 88 38 1 36 61 23 1 34 81 46 1 0 0 0 0
108 96 68 1 67 96 75 1 75 128 92 1 75 103 64 1 129 126 61 1 103 92 43 1 0 0 0 0 65 99 51 1 19 61 70 1 0 0 0 0 72 84 86 1 71 40 84 1 68 73 69 1 0 0 0 0 73 106 79 1 54 106 75 1 67 81 105 1 83 75 71 1 57 106 49 1 58 70 29 1 68 81 66 1 0 84 92 1 0 0 0 0 88 57 71 1 63 89 10 1 61 25 68 1 4 57 63 1 0 34 38 1 0 49 44 1 17 50 53 1 24 62 19 1 5 28 47 1 17 62 69 1 29 61 52 1 0 28 46 1 42 61 66 1 71 36 48 1 56 87 53 1 46 95 39 1 0 0 0 0 49 63 50 1 45 39 47 1 41 77 56 1 70 52 31 1 35 55 39 1 77 88 69 1 97 105 62 1 66 72 114 1 0 0 0 0 117 92 47 1 0 0 0 0 100 96 72 1 24 110 60 1 35 57 49 1 60 80 65 1 64 53 57 1 49 78 88 1 20 88 81 1 38 87 26 1 0 0 0 0 15 29 73 1 35 68 59 1 11 75 63 1 12 65 41 1
61 124 66 1 99 65 73 1 100 98 104 1 61 114 114 1 123 110 90 1 147 148 85 1 80 98 89 1 130 121 61 1 76 97 61 1 61 80 69 1 90 75 68 1 76 109 75 1 0 0 0 0 65 122 85 1 0 0 0 0 69 85 86 1 0 0 0 0 94 70 42 1 71 62 78 1 73 92 123 1 95 81 76 1 77 79 71 1 48 60 27 1 46 66 69 1 46 76 42 1 7 83 37 1 39 52 74 1 0 26 35 1 9 40 10 1 0 51 44 1 0 28 57 1 0 0 0 0 16 53 50 1 21 53 63 1 75 105 64 1 12 83 59 1 76 76 36 1 72 49 74 1 57 79 62 1 59 63 47 1 58 55 93 1 34 91 58 1 41 70 72 1 33 69 50 1 49 103 66 1 99 50 53 1 82 99 79 1 85 74 46 1 60 36 96 1 105 44 90 1 103 63 29 1 70 120 104 1 44 66 71 1 52 36 71 1 0 0 0 0 43 76 29 1 35 57 45 1 4 89 74 1 0 64 9 1 0 0 0 0 25 65 53 1 28 51 89 1 0 39 21 1 0 73 49 1
57 68 61 1 84 72 63 1 80 105 41 1 89 121 79 1 128 126 58 1 166 152 117 1 182 127 112 1 145 168 108 1 103 92 41 1 96 120 91 1 123 100 135 1 78 93 83 1 133 109 82 1 61 74 100 1 106 89 51 1 82 79 79 1 0 0 0 0 98 107 96 1 84 130 96 1 61 115 110 1 72 59 69 1 86 65 44 1 44 97 47 1 39 73 68 1 0 107 27 1 31 14 52 1 0 19 19 1 0 36 4 1 0 0 0 0 12 57 32 1 15 23 45 1 0 0 0 0 44 44 40 1 33 86 36 1 55 79 76 1 0 0 0 0 68 74 77 1 21 58 69 1 49 99 80 1 37 82 37 1 65 84 49 1 21 37 83 1 20 66 83 1 70 72 37 1 0 0 0 0 74 64 72 1 101 92 18 1 98 77 55 1 58 137 90 1 0 0 0 0 58 94 54 1 31 80 43 1 0 0 0 0 66 50 71 1 71 78 73 1 66 65 59 1 17 87 67 1 45 50 37 1 0 99 24 1 16 93 45 1 0 0 0 0 50 96 56 1 14 57 61 1 6 46 103 1
37 105 75 1 64 81 49 1 100 89 72 1 94 127 67 1 153 127 71 1 191 174 98 1 180 156 110 1 92 99 77 1 96 147 93 1 90 118 74 1 128 88 100 1 96 117 74 1 107 79 66 1 109 88 55 1 79 77 72 1 36 70 60 1 20 77 36 1 90 88 101 1 0 0 0 0 65 96 99 1 43 105 28 1 84 78 41 1 98 60 80 1 41 82 70 1 14 74 48 1 0 80 31 1 0 49 28 1 0 0 0 1 0 57 60 1 0 59 35 1 0 38 43 1 32 39 47 1 34 74 56 1 59 99 51 1 54 48 44 1 63 61 71 1 77 77 48 1 68 58 41 1 39 60 52 1 72 71 88 1 77 52 95 1 100 99 92 1 54 81 87 1 64 84 53 1 84 92 74 1 86 102 22 1 74 97 53 1 91 73 70 1 92 130 86 1 59 75 72 1 70 113 85 1 45 70 80 1 46 88 75 1 72 61 36 1 74 97 59 1 94 89 68 1 106 63 30 1 51 69 74 1 57 72 58 1 68 84 62 1 63 58 103 1 47 103 33 1 49 47 61 1 28 74 74 1
60 80 46 1 78 60 59 1 103 112 55 1 179 129 42 1 161 125 96 1 133 179 126 1 136 154 109 1 121 160 70 1 104 122 111 1 128 66 57 1 106 98 65 1 85 81 31 1 107 69 101 1 0 0 0 0 46 96 61 1 36 93 46 1 66 65 65 1 63 69 39 1 0 0 0 0 96 68 0 1 67 98 66 1 82 68 52 1 45 69 66 1 44 52 66 1 21 31 44 1 0 47 46 1 0 32 30 1 0 21 57 1 11 35 43 1 0 19 35 1 0 30 82 1 0 16 36 1 0 70 62 1 28 67 78 1 52 91 37 1 48 108 53 1 49 72 80 1 54 77 49 1 71 67 81 1 86 125 101 1 105 106 74 1 121 59 58 1 0 0 0 0 51 56 77 1 89 87 52 1 115 123 116 1 78 125 72 1 119 85 91 1 76 97 62 1 111 84 76 1 89 76 84 1 46 67 41 1 103 78 66 1 61 98 59 1 0 0 0 0 65 51 78 1 35 62 88 1 60 69 72 1 114 96 91 1 67 79 75 1 47 49 38 1 26 54 37 1 16 88 25 1 60 43 44 1
63 105 74 1 94 86 74 1 101 110 45 1 0 0 0 0 137 130 74 1 115 125 99 1 93 120 102 1 104 95 73 1 70 92 36 1 114 92 67 1 93 123 78 1 99 94 58 1 91 75 69 1 91 110 94 1 82 110 63 1 84 48 67 1 32 49 76 1 22 89 39 1 0 0 0 0 48 70 64 1 83 83 69 1 37 100 47 1 52 59 87 1 50 55 56 1 21 35 49 1 0 41 26 1 0 46 31 1 0 47 45 1 0 39 38 1 0 58 79 1 35 58 8 1 30 55 49 1 25 68 21 1 56 78 51 1 77 59 101 1 113 123 81 1 51 86 77 1 63 101 86 1 72 63 50 1 51 68 102 1 63 79 22 1 129 107 96 1 79 55 54 1 71 108 69 1 73 105 79 1 92 71 90 1 106 108 104 1 73 99 80 1 64 93 38 1 91 117 68 1 83 122 78 1 91 67 84 1 96 64 42 1 69 130 57 1 71 93 84 1 47 57 76 1 92 67 46 1 108 88 67 1 118 93 53 1 0 0 0 0 72 43 74 1 42 78 87 1 0 0 0 0 86 103 29 1
56 136 100 1 109 112 92 1 117 153 88 1 129 125 109 1 104 128 110 1 111 115 72 1 91 107 94 1 40 97 58 1 84 82 42 1 49 85 44 1 0 0 0 0 79 90 97 1 128 90 39 1 73 90 87 1 79 87 58 1 63 75 89 1 0 0 0 0 45 69 28 1 61 82 36 1 68 78 93 1 34 76 60 1 56 95 79 1 58 85 72 1 46 70 88 1 0 42 32 1 13 43 17 1 0 0 0 0 0 56 24 1 0 39 62 1 33 55 61 1 39 91 44 1 37 57 48 1 22 50 42 1 23 66 66 1 73 98 54 1 0 0 0 0 0 0 0 0 0 0 0 0 57 78 71 1 90 34 53 1 63 82 99 1 52 77 87 1 101 112 78 1 79 75 30 1 0 0 0 0 76 107 72 1 74 106 60 1 46 60 62 1 91 90 79 1 101 69 69 1 77 77 108 1 113 90 85 1 100 75 82 1 84 95 89 1 84 93 108 1 0 0 0 0 78 73 20 1 72 94 55 1 57 93 69 1 0 0 0 0 48 82 58 1 62 68 66 1 0 0 0 0 104 49 90 1
124 81 84 1 115 111 65 1 130 149 109 1 121 124 51 1 146 112 113 1 0 0 0 0 0 0 0 0 48 38 59 1 66 88 74 1 83 103 70 1 95 57 130 1 55 96 67 1 74 127 108 1 93 86 54 1 117 100 48 1 0 0 0 0 71 90 80 1 0 0 0 0 72 77 53 1 57 76 92 1 74 66 77 1 24 37 89 1 21 32 48 1 2 71 50 1 0 0 0 0 0 31 48 1 0 67 59 1 0 19 5 1 22 72 7 1 0 0 0 0 2 83 69 1 37 66 37 1 31 87 56 1 36 50 67 1 78 59 44 1 87 86 93 1 88 107 63 1 50 84 50 1 62 74 71 1 47 84 87 1 106 71 64 1 49 98 63 1 104 84 56 1 42 115 54 1 67 70 124 1 0 0 0 0 36 71 44 1 74 95 45 1 41 51 79 1 56 72 104 1 73 104 96 1 86 119 143 1 96 105 102 1 93 63 84 1 95 103 46 1 61 82 81 1 99 98 80 1 57 114 54 1 32 78 100 1 32 75 57 1 0 0 0 0 39 54 36 1 78 82 54 1 64 16 86 1
144 82 92 1 103 87 56 1 128 93 76 1 130 141 95 1 129 116 123 1 79 92 49 1 94 97 22 1 71 102 58 1 105 101 74 1 75 46 73 1 74 75 60 1 77 80 118 1 75 82 47 1 61 83 74 1 63 95 94 1 70 117 63 1 88 51 80 1 78 70 59 1 0 0 0 0 0 0 0 0 31 55 66 1 35 49 32 1 0 58 30 1 0 43 19 1 26 30 27 1 0 67 59 1 0 18 22 1 16 59 58 1 21 33 52 1 15 66 63 1 0 117 107 1 27 65 12 1 70 38 53 1 47 79 83 1 85 68 77 1 98 81 86 1 57 82 102 1 72 88 63 1 74 59 95 1 73 55 90 1 56 99 95 1 65 63 64 1 82 131 88 1 90 88 59 1 75 86 121 1 48 95 71 1 58 73 54 1 75 101 88 1 54 87 69 1 76 95 78 1 94 80 95 1 87 127 83 1 61 92 55 1 105 79 70 1 0 0 0 0 63 107 56 1 29 85 44 1 47 86 68 1 67 45 9 1 0 0 0 0 70 65 61 1 79 95 35 1 55 67 74 1 63 81 67 1
0 0 0 0 83 91 69 1 114 93 65 1 93 73 52 1 147 104 79 1 114 140 71 1 95 74 93 1 51 97 38 1 79 74 51 1 54 109 82 1 50 73 96 1 44 69 91 1 0 0 0 0 87 73 28 1 47 74 53 1 54 57 50 1 93 87 69 1 53 56 46 1 0 0 0 0 66 111 73 1 30 122 42 1 12 53 48 1 0 46 14 1 0 82 44 1 16 80 40 1 0 62 64 1 0 41 59 1 28 78 0 1 0 8 5 1 0 0 0 0 59 82 101 1 49 67 82 1 60 71 85 1 61 88 77 1 107 48 56 1 86 94 48 1 86 130 78 1 90 24 87 1 96 53 55 1 66 83 64 1 73 88 39 1 70 88 64 1 117 101 77 1 75 94 53 1 78 65 79 1 70 77 52 1 96 35 24 1 45 75 76 1 96 65 52 1 97 93 106 1 114 120 52 1 66 80 112 1 89 100 52 1 0 0 0 0 97 82 85 1 49 106 44 1 33 75 52 1 31 74 43 1 43 63 100 1 96 71 66 1 115 96 87 1 89 67 83 1 77 79 61 1 78 99 86 1
74 81 41 1 99 54 64 1 109 93 74 1 129 86 82 1 123 105 114 1 108 119 82 1 0 0 0 0 66 57 50 1 64 100 74 1 75 106 32 1 106 80 78 1 63 109 51 1 0 0 0 0 43 118 33 1 71 79 25 1 49 68 45 1 84 72 85 1 44 82 71 1 72 82 23 1 10 70 57 1 39 115 59 1 0 76 10 1 0 0 0 0 0 86 82 1 0 70 77 1 0 0 0 0 25 45 67 1 25 47 18 1 0 38 14 1 12 18 53 1 19 44 61 1 20 74 49 1 31 46 116 1 80 77 47 1 102 95 53 1 0 0 0 0 57 101 66 1 72 65 40 1 81 98 21 1 76 66 78 1 75 83 82 1 54 87 55 1 96 41 73 1 93 50 68 1 62 46 97 1 86 97 36 1 68 101 31 1 94 97 66 1 65 95 57 1 90 124 74 1 54 104 87 1 27 85 99 1 98 52 64 1 0 0 0 0 38 68 61 1 91 81 88 1 65 50 85 1 94 79 48 1 40 56 65 1 103 83 48 1 109 73 61 1 107 103 96 1 0 0 0 0 80 123 88 1
107 65 65 1 100 107 89 1 146 69 77 1 126 95 78 1 107 80 38 1 122 113 83 1 97 123 82 1 49 82 77 1 78 77 56 1 97 89 68 1 59 47 96 1 96 58 75 1 81 106 86 1 75 44 65 1 65 51 44 1 65 65 41 1 84 78 84 1 84 96 55 1 85 36 31 1 16 42 61 1 35 54 31 1 16 41 24 1 3 81 48 1 27 41 22 1 18 29 22 1 45 61 55 1 0 54 65 1 3 25 34 1 0 85 68 1 29 62 16 1 52 35 82 1 65 51 50 1 86 72 71 1 90 77 44 1 77 95 26 1 118 115 75 1 0 0 0 0 123 120 75 1 88 98 79 1 0 0 0 0 45 44 47 1 47 101 86 1 85 84 80 1 38 88 84 1 44 76 95 1 48 101 35 1 50 115 88 1 28 95 81 1 99 126 54 1 107 83 113 1 96 121 87 1 107 120 92 1 105 127 68 1 83 57 58 1 0 0 0 0 65 91 88 1 51 55 89 1 129 64 82 1 71 120 52 1 58 90 55 1 74 75 63 1 113 86 70 1 0 0 0 0 118 90 84 1
98 77 38 1 112 67 86 1 125 89 56 1 126 90 76 1 0 0 0 0 95 92 112 1 56 74 88 1 84 77 58 1 48 82 100 1 80 113 57 1 94 113 40 1 104 71 79 1 67 81 68 1 92 70 61 1 61 81 63 1 84 105 105 1 32 89 66 1 72 76 62 1 72 77 86 1 20 59 57 1 0 75 59 1 0 77 73 1 0 70 67 1 69 33 65 1 35 77 42 1 57 66 26 1 39 89 54 1 3 76 65 1 55 54 25 1 42 59 41 1 21 46 102 1 46 37 55 1 70 58 39 1 74 89 58 1 72 82 55 1 81 136 63 1 0 0 0 0 120 131 99 1 87 85 55 1 53 25 84 1 90 84 79 1 69 71 36 1 93 89 44 1 43 51 51 1 83 66 55 1 57 39 75 1 79 82 52 1 90 105 45 1 113 58 68 1 90 71 88 1 99 125 79 1 105 91 105 1 99 106 100 1 69 77 32 1 45 102 40 1 98 57 66 1 59 55 63 1 77 97 58 1 101 56 54 1 65 87 40 1 106 73 105 1 87 96 76 1 68 90 83 1 70 100 102 1
0 0 0 0 112 131 89 1 105 93 68 1 99 56 66 1 116 125 0 1 90 110 64 1 90 101 68 1 112 109 74 1 48 84 24 1 0 0 0 0 99 51 17 1 81 117 90 1 110 102 113 1 126 100 55 1 107 73 52 1 75 28 82 1 73 60 67 1 83 78 63 1 77 26 67 1 24 67 104 1 0 65 13 1 1 50 90 1 19 26 27 1 62 62 49 1 51 81 47 1 20 71 11 1 18 51 24 1 39 103 54 1 37 74 48 1 0 0 0 0 89 71 86 1 62 87 75 1 6 94 33 1 0 0 0 0 91 58 50 1 118 63 58 1 136 105 83 1 0 0 0 0 107 105 96 1 79 92 54 1 113 82 61 1 65 94 43 1 62 97 83 1 75 70 43 1 79 95 121 1 80 71 85 1 55 101 84 1 65 90 81 1 89 73 39 1 77 122 49 1 89 70 77 1 107 96 131 1 0 0 0 0 53 65 68 1 103 71 82 1 62 34 59 1 43 105 59 1 100 74 92 1 88 81 45 1 0 0 0 0 69 105 59 1 116 51 40 1 62 72 106 1 59 56 53 1
82 113 80 1 91 68 56 1 97 80 33 1 63 50 74 1 98 73 34 1 122 83 65 1 128 86 97 1 88 66 71 1 84 71 71 1 62 80 44 1 66 47 83 1 52 105 77 1 108 84 87 1 84 56 39 1 96 83 82 1 96 97 112 1 31 95 65 1 42 62 83 1 68 89 51 1 12 77 83 1 14 57 13 1 0 0 0 0 42 43 44 1 81 97 44 1 42 102 45 1 42 97 32 1 8 66 4 1 38 74 51 1 72 59 57 1 109 74 65 1 74 118 69 1 20 62 46 1 58 61 48 1 74 70 70 1 89 42 65 1 95 87 68 1 64 123 68 1 78 59 80 1 0 0 0 0 57 85 44 1 68 44 79 1 57 65 35 1 42 63 92 1 77 85 64 1 31 108 59 1 53 82 71 1 69 75 91 1 80 75 90 1 115 73 97 1 68 82 51 1 60 59 63 1 65 48 53 1 82 79 120 1 49 72 65 1 65 59 66 1 0 0 0 0 80 100 92 1 85 100 55 1 53 70 76 1 83 93 42 1 25 57 76 1 31 59 84 1 23 108 52 1 0 0 0 0
54 76 29 1 39 40 49 1 0 0 0 0 51 111 61 1 89 131 79 1 78 109 99 1 97 97 72 1 87 57 65 1 85 78 55 1 66 68 95 1 83 81 108 1 54 68 57 1 90 65 64 1 54 81 31 1 65 54 99 1 41 103 75 1 57 94 43 1 55 56 54 1 71 75 44 1 2 19 41 1 63 50 59 1 12 60 68 1 35 32 31 1 50 63 35 1 56 92 28 1 58 92 45 1 34 65 73 1 57 77 100 1 81 45 99 1 72 72 109 1 81 84 45 1 68 92 57 1 108 69 55 1 81 56 81 1 75 89 74 1 82 80 67 1 85 104 42 1 76 100 78 1 60 91 71 1 64 74 42 1 65 79 65 1 53 86 52 1 44 62 76 1 51 64 69 1 72 33 52 1 0 59 69 1 55 98 53 1 58 91 67 1 71 86 51 1 113 86 74 1 72 107 73 1 81 81 66 1 66 69 58 1 103 75 87 1 60 97 56 1 64 107 59 1 99 72 58 1 77 31 110 1 32 58 70 1 0 0 0 0 63 78 59 1 87 63 87 1 81 68 107 1 50 100 71 1
70 60 68 1 27 42 46 1 60 83 71 1 68 81 31 1 89 116 82 1 162 91 100 1 148 113 74 1 0 0 0 0 95 110 37 1 70 100 54 1 98 72 53 1 70 71 82 1 95 115 37 1 21 86 68 1 105 44 67 1 76 58 57 1 104 42 78 1 54 95 58 1 54 93 71 1 42 54 53 1 4 51 66 1 9 84 30 1 18 52 48 1 10 58 67 1 40 59 56 1 0 0 0 0 59 76 50 1 0 0 0 0 41 88 97 1 71 75 53 1 55 108 97 1 58 103 23 1 70 68 74 1 44 117 71 1 86 114 90 1 101 69 79 1 69 79 85 1 47 91 67 1 75 66 48 1 78 60 40 1 47 58 72 1 45 61 41 1 71 69 59 1 49 77 81 1 0 31 38 1 3 81 22 1 17 66 119 1 52 33 49 1 62 111 80 1 61 107 80 1 88 129 94 1 96 96 63 1 67 79 40 1 109 93 64 1 54 64 46 1 52 57 30 1 107 66 41 1 59 89 55 1 61 94 62 1 0 0 0 0 80 60 40 1 87 60 50 1 59 109 94 1 103 106 51 1
0 79 78 1 53 63 70 1 108 77 45 1 41 105 68 1 94 65 42 1 100 130 106 1 108 120 65 1 122 102 74 1 94 98 92 1 77 101 63 1 0 0 0 0 73 75 132 1 103 76 73 1 0 0 0 0 73 102 52 1 24 72 88 1 71 81 88 1 48 86 31 1 65 68 42 1 72 34 66 1 43 55 81 1 0 70 76 1 30 76 28 1 6 78 63 1 0 0 0 0 39 71 102 1 73 68 83 1 92 45 47 1 61 107 103 1 106 110 90 1 89 97 43 1 95 84 81 1 88 69 79 1 99 110 111 1 74 72 33 1 118 79 111 1 60 78 85 1 54 98 48 1 68 56 113 1 93 93 46 1 51 63 32 1 58 55 98 1 62 60 57 1 40 53 85 1 0 0 0 0 8 33 69 1 0 94 54 1 25 27 50 1 0 0 0 0 45 98 50 1 72 90 75 1 33 65 54 1 112 102 88 1 94 123 94 1 79 87 58 1 82 86 88 1 69 98 47 1 73 60 76 1 50 51 72 1 124 85 57 1 76 84 38 1 0 0 0 0 73 99 72 1 102 105 93 1
33 61 28 1 0 67 16 1 56 120 69 1 87 115 48 1 0 0 0 0 92 90 69 1 163 107 122 1 0 0 0 0 0 0 0 0 85 131 37 1 120 130 77 1 113 110 102 1 110 125 86 1 104 107 79 1 103 63 79 1 0 0 0 0 38 109 79 1 0 0 0 0 67 83 58 1 7 69 62 1 88 46 73 1 50 53 81 1 52 66 9 1 0 0 0 0 66 80 60 1 91 89 65 1 0 0 0 0 60 60 57 1 90 80 66 1 80 84 70 1 111 132 73 1 108 68 32 1 54 68 58 1 110 77 94 1 75 110 64 1 79 44 44 1 40 101 32 1 80 43 39 1 99 111 63 1 0 0 0 0 69 74 76 1 35 20 23 1 0 71 75 1 0 83 39 1 20 59 62 1 26 37 18 1 0 75 91 1 0 51 45 1 0 56 92 1 0 0 0 0 46 48 23 1 55 77 42 1 66 84 69 1 127 73 87 1 95 111 62 1 102 62 57 1 74 30 57 1 89 83 52 1 82 67 69 1 87 105 103 1 0 0 0 0 75 99 44 1 64 94 74 1 124 100 64 1
33 54 36 1 22 88 14 1 56 104 51 1 0 0 0 0 86 98 69 1 97 81 82 1 89 96 95 1 135 104 101 1 110 86 68 1 0 0 0 0 111 77 42 1 98 74 56 1 0 0 0 0 120 49 85 1 70 103 66 1 84 82 96 1 102 55 91 1 0 0 0 0 63 66 43 1 44 93 43 1 63 121 69 1 38 63 31 1 49 55 0 1 17 72 69 1 0 0 0 0 69 53 70 1 88 125 35 1 103 102 36 1 119 144 96 1 102 94 55 1 51 100 92 1 72 80 74 1 59 113 75 1 72 90 106 1 96 92 47 1 38 60 35 1 84 130 100 1 53 95 64 1 0 0 0 0 0 0 0 0 43 87 47 1 46 84 78 1 0 54 55 1 45 48 45 1 21 31 47 1 45 88 43 1 25 54 64 1 0 65 56 1 0 20 35 1 17 59 32 1 19 82 37 1 0 0 0 0 65 69 46 1 44 77 116 1 79 88 99 1 63 105 84 1 116 90 72 1 91 85 77 1 38 82 44 1 95 61 48 1 0 0 0 0 97 80 102 1 91 107 93 1 87 76 37 1
6 18 34 1 0 45 30 1 68 63 69 1 71 65 47 1 53 58 93 1 95 68 52 1 120 87 71 1 119 90 88 1 95 99 65 1 66 90 62 1 65 133 63 1 64 126 89 1 109 125 105 1 44 96 83 1 90 93 48 1 104 97 141 1 75 93 75 1 87 41 92 1 88 71 87 1 93 65 43 1 38 63 54 1 60 81 67 1 27 75 72 1 55 90 63 1 0 0 0 0 0 0 0 0 92 71 89 1 109 62 38 1 94 113 95 1 96 77 90 1 68 100 65 1 96 80 90 1 0 0 0 0 99 88 49 1 60 79 51 1 109 108 55 1 63 99 77 1 61 75 41 1 0 0 0 0 95 102 45 1 60 79 53 1 0 0 0 0 38 87 43 1 46 81 118 1 0 0 0 0 6 41 86 1 10 76 56 1 38 53 30 1 0 4 32 1 30 39 37 1 0 39 45 1 20 26 58 1 64 56 33 1 45 70 61 1 38 82 69 1 90 98 38 1 42 93 91 1 59 94 85 1 64 55 39 1 74 76 88 1 94 44 74 1 76 48 91 1 100 68 77 1 86 93 90 1
2 37 41 1 40 47 41 1 0 61 16 1 37 52 55 1 50 89 75 1 32 77 81 1 34 81 79 1 89 132 60 1 74 79 70 1 101 80 71 1 95 103 92 1 0 0 0 0 95 135 97 1 0 0 0 0 103 160 87 1 153 133 141 1 136 144 104 1 77 121 71 1 53 111 48 1 71 106 60 1 0 0 0 0 68 80 78 1 53 67 16 1 83 86 87 1 94 70 79 1 79 138 94 1 131 106 57 1 99 105 72 1 131 109 66 1 93 49 70 1 0 0 0 0 101 99 51 1 100 57 74 1 75 72 83 1 76 98 108 1 85 78 83 1 46 111 69 1 103 102 94 1 0 0 0 0 57 115 66 1 61 100 72 1 99 117 75 1 59 65 84 1 0 0 0 0 0 0 0 0 60 96 78 1 54 65 75 1 16 72 84 1 8 42 0 1 16 30 14 1 1 63 35 1 0 41 11 1 35 86 26 1 23 64 77 1 70 62 56 1 45 40 39 1 61 51 30 1 41 87 76 1 46 52 25 1 0 0 0 0 0 0 0 0 26 88 68 1 40 75 53 1 17 91 68 1
20 90 66 1 34 32 19 1 9 46 5 1 0 60 39 1 9 93 60 1 31 82 27 1 0 0 0 0 46 84 52 1 82 97 87 1 69 93 35 1 129 91 84 1 114 77 84 1 0 0 0 0 0 0 0 0 134 190 104 1 167 147 126 1 144 132 150 1 112 139 118 1 102 22 71 1 80 55 76 1 43 128 49 1 66 78 57 1 53 69 53 1 84 83 76 1 151 101 75 1 134 128 44 1 116 108 65 1 124 119 79 1 117 86 47 1 72 57 67 1 89 49 71 1 0 0 0 0 67 78 87 1 90 90 77 1 109 96 121 1 83 87 76 1 90 91 89 1 80 89 109 1 81 102 23 1 36 75 57 1 53 95 79 1 88 100 77 1 44 77 47 1 57 98 35 1 122 102 73 1 110 92 15 1 34 61 55 1 70 109 82 1 6 47 63 1 0 9 17 1 0 31 8 1 6 32 12 1 0 64 60 1 42 41 57 1 5 43 31 1 28 71 44 1 25 42 66 1 21 48 44 1 42 46 46 1 0 61 31 1 0 48 38 1 14 67 33 1 0 24 33 1 22 47 60 1
0 46 55 1 36 108 43 1 6 60 69 1 7 56 0 1 0 45 30 1 13 88 38 1 0 58 49 1 23 64 87 1 86 96 50 1 61 67 47 1 88 89 50 1 118 122 81 1 137 120 65 1 103 106 78 1 126 147 110 1 140 163 142 1 0 0 0 0 51 79 69 1 73 113 59 1 59 80 53 1 126 125 101 1 90 101 25 1 92 86 34 1 108 127 106 1 122 130 64 1 137 85 98 1 109 84 96 1 0 0 0 0 70 87 96 1 62 48 59 1 39 87 110 1 96 80 42 1 61 119 55 1 82 59 76 1 115 108 76 1 29 106 70 1 102 76 71 1 0 0 0 0 95 82 40 1 88 75 115 1 42 66 29 1 40 73 0 1 0 0 0 0 93 76 57 1 67 103 64 1 82 76 86 1 69 103 74 1 63 68 109 1 3 67 29 1 0 0 0 0 0 27 60 1 0 18 34 1 0 49 68 1 0 45 55 1 13 55 63 1 0 48 81 1 0 2 44 1 29 35 46 1 14 39 25 1 0 16 54 1 0 38 60 1 13 61 60 1 15 19 90 1 0 45 40 1
0 50 68 1 0 64 56 1 0 27 67 1 0 0 0 0 42 66 57 1 0 0 0 0 32 37 28 1 57 84 51 1 95 119 102 1 134 108 92 1 120 109 98 1 84 114 71 1 136 98 95 1 89 97 88 1 88 82 69 1 75 115 64 1 113 87 70 1 66 72 79 1 102 86 76 1 123 86 83 1 82 97 79 1 91 117 94 1 0 0 0 0 86 108 58 1 0 0 0 0 0 0 0 0 83 131 72 1 96 84 74 1 101 79 90 1 0 0 0 0 0 0 0 0 78 40 41 1 47 109 54 1 0 0 0 0 91 29 44 1 62 64 51 1 92 101 102 1 82 91 59 1 79 70 46 1 45 71 32 1 77 78 39 1 11 80 26 1 72 65 25 1 46 79 68 1 51 47 27 1 36 90 39 1 51 52 79 1 0 0 0 0 0 84 16 1 13 26 0 1 0 0 0 0 6 34 37 1 0 112 71 1 21 73 58 1 0 82 52 1 27 27 48 1 10 45 27 1 0 51 49 1 0 34 10 1 31 34 55 1 0 67 28 1 0 30 36 1 19 39 49 1 0 64 28 1
0 75 77 1 0 23 48 1 15 19 27 1 18 34 54 1 17 73 45 1 38 61 63 1 40 77 43 1 60 78 7 1 123 128 97 1 138 129 114 1 150 99 96 1 114 96 88 1 119 116 79 1 96 93 51 1 66 94 65 1 106 89 67 1 120 97 68 1 68 92 51 1 88 94 99 1 117 78 62 1 118 89 53 1 78 103 62 1 103 93 40 1 107 103 72 1 70 51 77 1 103 105 84 1 110 98 83 1 73 124 57 1 0 0 0 0 107 81 60 1 65 79 10 1 57 45 35 1 13 111 85 1 89 85 75 1 102 50 86 1 86 65 69 1 102 75 83 1 80 71 60 1 62 79 44 1 75 59 74 1 39 88 100 1 37 68 53 1 30 29 64 1 9 48 55 1 18 57 47 1 0 0 0 0 0 0 0 0 56 52 45 1 31 21 39 1 0 64 51 1 20 11 22 1 58 68 48 1 29 43 70 1 35 63 75 1 10 71 54 1 0 58 39 1 0 29 91 1 22 29 81 1 0 80 42 1 0 23 0 1 0 29 53 1 47 62 37 1 18 4 67 1 0 54 64 1
0 57 64 1 15 48 44 1 0 0 0 0 7 16 40 1 24 69 60 1 0 60 46 1 45 59 33 1 50 94 55 1 0 0 0 0 135 134 59 1 104 111 96 1 110 108 66 1 82 101 69 1 97 119 65 1 40 71 92 1 87 74 72 1 30 122 78 1 71 78 96 1 126 82 55 1 127 104 104 1 117 132 53 1 90 85 71 1 89 105 89 1 91 107 116 1 109 95 48 1 77 88 69 1 78 105 56 1 80 72 105 1 75 98 76 1 106 78 97 1 115 94 68 1 70 113 81 1 49 70 106 1 64 107 58 1 82 67 74 1 0 0 0 0 72 79 19 1 75 71 54 1 17 98 62 1 71 16 71 1 57 62 26 1 2 83 78 1 38 76 45 1 0 0 0 0 1 68 61 1 4 64 84 1 24 53 89 1 0 60 87 1 32 30 73 1 0 0 0 0 0 62 54 1 38 72 54 1 8 92 87 1 0 0 0 0 46 86 39 1 0 0 0 0 0 0 0 0 19 130 86 1 54 101 61 1 0 0 0 0 34 68 65 1 29 73 43 1 18 59 57 1 42 49 76 1
0 0 0 0 5 67 21 1 0 0 0 0 0 0 0 1 0 30 59 1 15 48 53 1 7 27 47 1 18 24 68 1 14 47 0 1 53 50 64 1 58 57 71 1 0 0 0 0 93 89 54 1 0 0 0 0 110 105 33 1 101 113 99 1 46 58 55 1 129 62 45 1 88 77 50 1 124 113 72 1 124 124 93 1 132 87 65 1 84 80 82 1 78 74 82 1 54 91 48 1 0 0 0 0 66 95 77 1 77 74 77 1 136 56 85 1 77 103 72 1 87 78 77 1 106 87 84 1 101 84 57 1 106 89 65 1 52 71 71 1 41 95 40 1 30 85 70 1 56 69 54 1 54 34 60 1 18 104 38 1 37 87 80 1 0 0 0 0 19 39 68 1 9 85 100 1 66 39 60 1 57 91 82 1 33 70 55 1 27 60 44 1 36 87 49 1 31 49 77 1 77 66 54 1 65 36 70 1 14 89 57 1 51 88 58 1 0 0 0 0 50 61 97 1 86 130 102 1 50 78 49 1 43 78 87 1 45 87 103 1 0 0 0 0 82 80 69 1 70 101 59 1 0 88 48 1
0 11 20 1 0 58 21 1 14 31 39 1 6 41 37 1 0 0 0 0 24 55 80 1 24 81 65 1 26 44 54 1 39 55 17 1 23 62 53 1 85 62 75 1 75 73 34 1 96 82 87 1 48 91 90 1 73 84 55 1 98 69 73 1 64 81 24 1 86 64 47 1 66 63 53 1 0 0 0 0 139 113 125 1 83 94 89 1 0 0 0 0 88 87 57 1 71 72 75 1 0 0 0 0 80 66 78 1 72 84 93 1 58 76 100 1 67 82 50 1 86 77 80 1 99 73 94 1 80 121 46 1 80 84 39 1 59 72 111 1 79 63 64 1 93 87 80 1 56 68 51 1 54 96 65 1 38 72 75 1 65 59 66 1 0 0 0 0 70 67 36 1 51 62 48 1 0 0 0 0 68 61 70 1 74 111 71 1 54 70 51 1 66 74 89 1 63 80 96 1 76 83 71 1 77 65 55 1 73 97 60 1 69 95 106 1 62 60 73 1 67 49 89 1 92 107 70 1 49 101 24 1 53 83 81 1 107 78 36 1 73 80 97 1 85 98 85 1 94 91 66 1 0 0 0 0
0 9 65 1 0 54 50 1 0 0 0 0 0 62 67 1 14 45 56 1 19 51 37 1 72 92 70 1 11 37 63 1 0 98 41 1 0 78 24 1 0 0 0 0 61 95 79 1 67 54 94 1 115 88 59 1 96 71 94 1 66 86 71 1 91 63 48 1 65 114 72 1 53 33 61 1 72 67 62 1 99 86 34 1 78 93 100 1 101 88 83 1 95 100 83 1 70 128 81 1 86 52 65 1 97 54 79 1 34 78 76 1 65 110 110 1 76 49 109 1 93 66 87 1 0 0 0 0 66 62 62 1 79 83 68 1 74 58 76 1 69 116 42 1 63 88 43 1 45 97 73 1 58 89 84 1 73 71 38 1 0 0 0 0 48 93 51 1 129 105 71 1 82 99 72 1 73 34 59 1 31 105 63 1 63 94 86 1 0 0 0 0 58 83 63 1 73 71 58 1 78 73 85 1 86 108 90 1 0 0 0 0 73 84 76 1 69 45 67 1 87 94 42 1 76 93 23 1 60 123 83 1 61 114 79 1 38 87 78 1 0 0 0 0 57 42 67 1 45 101 46 1 34 92 69 1
0 40 40 1 0 49 47 1 0 54 56 1 0 45 31 1 0 37 42 1 17 49 15 1 49 45 39 1 25 54 87 1 23 67 60 1 54 66 16 1 69 61 83 1 64 30 75 1 121 88 61 1 84 60 57 1 0 0 0 0 69 66 77 1 61 57 77 1 65 59 61 1 53 111 34 1 58 58 71 1 25 80 50 1 112 107 53 1 110 98 100 1 0 0 0 0 78 66 23 1 70 72 78 1 128 62 60 1 99 89 77 1 88 108 81 1 96 93 53 1 100 84 41 1 57 103 43 1 53 113 58 1 74 52 93 1 58 64 120 1 86 86 65 1 84 69 118 1 72 93 64 1 58 35 99 1 54 88 71 1 82 67 81 1 65 88 79 1 67 101 67 1 0 0 0 0 95 54 73 1 13 75 71 1 82 70 44 1 0 0 0 0 100 101 72 1 102 74 66 1 87 86 62 1 60 95 64 1 77 66 69 1 45 75 66 1 101 84 62 1 66 116 77 1 0 0 0 0 62 63 61 1 80 95 75 1 62 109 63 1 61 98 83 1 61 90 78 1 66 51 72 1 49 89 52 1
4 48 78 1 0 6 77 1 0 25 40 1 0 32 41 1 7 26 38 1 39 52 11 1 0 45 29 1 7 74 32 1 46 54 61 1 39 81 35 1 48 50 61 1 80 55 36 1 0 0 0 0 71 123 70 1 98 66 61 1 32 53 41 1 27 109 57 1 24 102 79 1 50 100 59 1 38 58 63 1 67 50 38 1 83 62 72 1 67 99 72 1 68 77 86 1 76 46 46 1 70 87 60 1 52 76 61 1 73 61 91 1 0 0 0 0 89 98 76 1 110 85 35 1 82 105 85 1 100 80 109 1 87 73 67 1 60 90 78 1 76 86 56 1 45 66 60 1 79 79 50 1 77 111 54 1 101 70 85 1 61 113 45 1 69 92 68 1 105 105 134 1 55 107 66 1 38 79 78 1 0 0 0 0 69 95 93 1 59 75 71 1 96 56 84 1 101 91 96 1 74 77 81 1 48 107 37 1 100 85 63 1 0 0 0 0 8 82 62 1 65 73 97 1 120 70 42 1 88 65 49 1 62 55 67 1 68 89 74 1 105 37 79 1 96 42 47 1 29 49 90 1 23 89 33 1
23 57 75 1 2 47 32 1 19 51 70 1 0 30 21 1 0 23 41 1 0 50 77 1 0 39 39 1 0 46 33 1 25 45 80 1 35 55 55 1 24 61 52 1 70 98 68 1 65 65 86 1 71 66 73 1 34 64 76 1 45 77 88 1 0 0 0 0 69 63 52 1 71 67 62 1 49 56 75 1 51 57 99 1 42 95 58 1 68 101 58 1 0 0 0 0 97 74 83 1 82 70 72 1 57 89 79 1 0 0 0 0 60 122 67 1 90 95 74 1 107 92 80 1 115 95 75 1 114 37 89 1 79 83 54 1 113 94 70 1 102 47 52 1 58 91 27 1 85 60 65 1 62 58 74 1 67 100 54 1 54 37 65 1 52 38 61 1 67 88 101 1 0 0 0 0 0 0 0 0 0 0 0 0 42 53 93 1 0 0 0 0 50 82 29 1 36 82 76 1 66 88 70 1 108 66 74 1 65 89 65 1 71 61 64 1 64 73 59 1 82 75 74 1 64 49 81 1 100 93 64 1 81 89 109 1 62 92 69 1 83 44 58 1 62 88 83 1 16 64 62 1 11 25 76 1
27 32 71 1 9 80 55 1 26 97 79 1 5 51 66 1 3 0 50 1 0 54 39 1 43 35 56 1 40 57 33 1 0 0 0 0 37 19 48 1 34 39 34 1 31 47 82 1 30 98 74 1 63 62 80 1 33 58 73 1 45 100 70 1 95 54 57 1 83 91 51 1 56 68 58 1 76 86 89 1 45 81 74 1 80 78 73 1 52 88 79 1 0 0 0 0 91 81 71 1 80 59 98 1 65 36 74 1 97 85 84 1 95 92 89 1 0 0 0 0 0 0 0 0 60 79 65 1 65 113 80 1 80 83 56 1 87 99 67 1 68 79 64 1 26 76 54 1 61 82 47 1 57 73 68 1 43 50 51 1 52 99 3 1 0 0 0 0 98 86 99 1 34 56 34 1 68 84 93 1 121 79 98 1 0 0 0 0 68 122 73 1 57 86 43 1 18 67 33 1 78 63 28 1 0 0 0 0 57 103 78 1 61 76 66 1 52 61 79 1 49 64 59 1 81 49 103 1 86 62 32 1 97 93 72 1 62 65 90 1 57 96 48 1 47 68 60 1 56 73 34 1 21 49 88 1
38 61 32 1 17 54 31 1 0 0 0 0 0 45 27 1 7 71 30 1 0 53 58 1 0 0 0 0 12 21 51 1 26 32 40 1 33 28 25 1 51 88 34 1 89 43 78 1 55 68 49 1 70 59 58 1 75 64 57 1 48 91 48 1 106 52 64 1 49 104 95 1 64 73 71 1 86 109 103 1 76 74 85 1 85 96 29 1 107 90 85 1 123 98 52 1 108 101 67 1 57 114 95 1 108 108 70 1 78 69 66 1 55 60 72 1 0 0 0 0 97 72 54 1 156 126 38 1 0 0 0 0 108 104 81 1 71 68 61 1 57 92 66 1 59 67 52 1 122 93 58 1 17 123 79 1 62 37 76 1 40 65 90 1 34 81 44 1 64 3 92 1 63 51 31 1 59 69 93 1 93 96 81 1 53 56 81 1 76 92 97 1 13 81 52 1 62 45 48 1 44 67 26 1 67 52 74 1 89 103 63 1 76 78 41 1 26 81 75 1 79 70 67 1 91 85 55 1 74 113 95 1 65 74 102 1 64 67 58 1 45 82 77 1 73 82 88 1 92 96 78 1 46 109 105 1
58 52 32 1 10 82 46 1 0 50 52 1 33 18 41 1 0 52 49 1 0 33 15 1 0 32 39 1 3 70 60 1 44 30 40 1 49 66 34 1 0 0 0 0 64 61 64 1 88 51 58 1 70 61 81 1 43 65 68 1 84 89 33 1 0 0 0 0 78 58 52 1 83 93 98 1 143 88 45 1 102 45 78 1 94 75 74 1 104 80 59 1 82 53 38 1 81 111 88 1 0 0 0 0 109 119 68 1 85 88 68 1 104 55 70 1 88 87 87 1 138 75 79 1 116 139 114 1 114 118 71 1 94 95 85 1 64 62 79 1 65 62 80 1 74 107 36 1 0 0 0 0 92 112 91 1 101 93 82 1 91 71 65 1 0 0 0 0 14 116 63 1 77 79 68 1 72 76 60 1 41 74 84 1 79 67 72 1 52 80 68 1 86 68 68 1 58 77 58 1 53 57 42 1 89 78 19 1 39 70 82 1 139 104 82 1 62 108 90 1 0 0 0 0 59 69 78 1 46 90 81 1 93 14 48 1 53 91 67 1 31 84 81 1 30 95 26 1 86 54 53 1 48 80 49 1
35 26 49 1 61 55 50 1 51 89 53 1 0 59 26 1 0 69 30 1 15 55 49 1 0 0 0 0 0 0 0 0 0 0 0 0 46 38 35 1 42 57 51 1 51 50 67 1 21 43 70 1 113 45 94 1 59 82 84 1 65 35 70 1 89 64 67 1 75 53 98 1 77 41 67 1 75 105 94 1 72 126 80 1 78 86 84 1 89 83 45 1 0 0 0 0 0 0 0 0 141 77 42 1 178 107 37 1 151 98 108 1 99 77 90 1 87 107 135 1 138 141 88 1 176 171 94 1 127 107 59 1 167 84 82 1 94 126 91 1 76 124 94 1 103 66 102 1 72 121 55 1 74 78 89 1 59 93 39 1 115 114 86 1 0 0 0 0 53 65 59 1 73 65 52 1 61 59 74 1 54 92 39 1 0 0 0 0 58 53 98 1 51 124 91 1 7 25 55 1 27 79 45 1 85 63 83 1 0 0 0 0 53 77 34 1 0 0 0 0 34 86 37 1 68 65 22 1 29 87 93 1 80 95 78 1 4 76 47 1 51 82 72 1 44 46 66 1 37 81 71 1 22 77 60 1
62 67 49 1 56 48 79 1 37 87 60 1 0 0 0 0 0 88 41 1 11 79 53 1 23 8 7 1 28 21 81 1 0 24 34 1 0 0 0 0 40 20 64 1 54 89 47 1 76 29 90 1 51 78 63 1 101 93 44 1 91 69 49 1 0 0 0 0 60 96 71 1 126 97 66 1 70 110 29 1 107 84 88 1 100 74 62 1 93 47 66 1 123 59 59 1 58 74 104 1 88 127 68 1 109 107 103 1 170 123 101 1 158 121 110 1 0 0 0 0 174 164 115 1 135 126 46 1 149 153 78 1 95 142 114 1 134 128 65 1 121 122 83 1 93 104 113 1 58 116 38 1 116 75 84 1 0 0 0 0 0 0 0 0 87 41 115 1 77 37 49 1 65 102 69 1 40 106 67 1 31 66 81 1 51 57 44 1 34 69 75 1 39 75 72 1 100 50 75 1 60 74 50 1 67 43 64 1 35 48 90 1 13 81 57 1 30 69 67 1 70 94 70 1 45 72 61 1 86 92 99 1 46 61 84 1 86 58 51 1 82 106 69 1 62 72 23 1 44 69 70 1 114 103 80 1
49 101 60 1 0 0 0 0 48 61 67 1 21 23 44 1 19 58 31 1 0 36 29 1 0 19 81 1 7 0 62 1 20 55 61 1 0 45 66 1 48 51 52 1 37 96 58 1 78 50 103 1 0 0 0 0 85 69 52 1 0 0 0 0 74 59 72 1 58 60 55 1 79 100 60 1 116 89 74 1 87 52 67 1 0 0 0 0 36 84 40 1 77 57 64 1 93 73 86 1 0 0 0 0 133 119 81 1 175 112 82 1 151 146 84 1 136 133 125 1 151 186 117 1 158 131 103 1 170 131 101 1 103 140 112 1 110 129 126 1 137 139 106 1 0 0 0 0 70 82 67 1 72 75 50 1 104 67 77 1 48 74 97 1 54 82 84 1 34 64 61 1 36 74 60 1 66 70 66 1 54 70 26 1 51 21 38 1 0 0 0 0 63 73 79 1 77 53 38 1 48 83 57 1 59 52 77 1 0 0 0 0 59 56 34 1 64 65 93 1 91 39 111 1 0 0 0 0 64 85 58 1 33 108 64 1 63 88 74 1 0 0 0 0 48 68 52 1 59 77 30 1 64 69 100 1
82 93 60 1 69 51 95 1 72 45 0 1 62 73 51 1 21 60 55 1 0 45 44 1 0 40 51 1 55 72 43 1 10 23 55 1 20 62 31 1 36 89 51 1 46 87 113 1 59 68 31 1 38 86 64 1 67 49 85 1 27 30 72 1 84 73 68 1 0 0 0 0 49 84 50 1 59 62 40 1 99 73 71 1 86 106 63 1 94 48 67 1 0 0 0 0 59 89 82 1 50 82 64 1 122 78 56 1 115 135 44 1 150 192 45 1 0 0 0 0 138 124 65 1 140 148 104 1 129 142 109 1 117 109 81 1 0 0 0 0 97 51 78 1 95 88 55 1 104 73 54 1 111 85 71 1 89 96 30 1 0 0 0 0 59 66 104 1 57 104 66 1 56 60 74 1 27 135 73 1 27 63 48 1 73 62 33 1 70 91 67 1 0 0 0 0 73 87 36 1 96 61 66 1 58 45 26 1 62 98 42 1 75 85 78 1 67 101 57 1 100 104 57 1 54 49 84 1 52 59 59 1 37 93 65 1 32 92 76 1 68 99 82 1 99 69 40 1 66 62 16 1 92 57 60 1
81 104 55 1 69 65 63 1 0 0 0 0 15 66 69 1 5 76 75 1 0 49 29 1 1 36 38 1 10 21 8 1 0 39 16 1 0 0 0 0 44 73 95 1 64 72 41 1 52 55 25 1 45 74 64 1 0 0 0 0 23 69 45 1 67 93 81 1 46 53 86 1 44 58 66 1 49 59 29 1 118 115 34 1 83 65 84 1 14 97 81 1 114 105 68 1 88 71 93 1 0 0 0 0 96 80 92 1 106 81 92 1 127 103 87 1 149 86 108 1 145 146 90 1 152 103 118 1 148 119 104 1 77 104 53 1 63 93 95 1 59 76 67 1 65 88 74 1 96 107 48 1 75 92 89 1 78 95 99 1 86 107 62 1 93 87 61 1 90 120 70 1 89 84 60 1 100 70 76 1 58 113 80 1 0 0 0 0 80 61 81 1 117 107 79 1 84 78 44 1 95 106 60 1 59 106 100 1 61 85 73 1 47 74 72 1 86 100 99 1 0 0 0 0 61 76 59 1 48 54 57 1 9 93 106 1 64 77 72 1 0 0 0 0 86 90 59 1 60 60 47 1 67 49 98 1
69 101 81 1 43 92 44 1 89 67 69 1 0 71 44 1 26 61 33 1 0 59 19 1 46 18 35 1 0 16 56 1 13 26 75 1 54 30 69 1 0 0 0 0 45 15 92 1 0 0 0 0 52 65 65 1 43 63 50 1 102 68 23 1 23 95 50 1 79 75 26 1 39 88 40 1 90 73 56 1 88 158 63 1 120 76 53 1 82 124 43 1 91 51 43 1 78 103 77 1 96 102 97 1 66 131 102 1 109 76 44 1 111 121 62 1 0 0 0 0 131 155 68 1 86 83 56 1 125 124 82 1 104 85 47 1 77 38 59 1 107 93 61 1 76 86 103 1 55 106 32 1 61 88 54 1 92 87 117 1 114 109 61 1 82 102 61 1 85 59 74 1 27 73 95 1 96 59 57 1 0 0 0 0 87 71 37 1 73 65 69 1 92 75 59 1 0 0 0 0 0 0 0 0 89 127 58 1 94 122 60 1 85 88 74 1 103 101 54 1 71 83 57 1 90 94 62 1 57 60 71 1 52 70 54 1 73 64 65 1 66 56 84 1 0 0 0 0 66 93 71 1 27 96 67 1
62 55 67 1 51 82 63 1 47 81 83 1 24 33 53 1 0 63 55 1 0 45 61 1 55 48 65 1 2 29 14 1 36 47 41 1 46 77 41 1 53 65 61 1 68 53 30 1 34 56 28 1 51 86 52 1 64 70 106 1 23 67 30 1 0 70 46 1 53 51 51 1 65 52 68 1 82 81 92 1 103 110 107 1 89 28 70 1 91 110 65 1 124 109 76 1 78 91 95 1 78 94 89 1 28 49 79 1 86 104 32 1 80 89 52 1 82 90 65 1 126 67 62 1 0 0 0 0 129 105 87 1 134 91 113 1 82 56 92 1 70 79 111 1 75 75 58 1 94 88 88 1 60 71 25 1 60 94 72 1 96 100 38 1 0 0 0 0 65 80 75 1 69 46 76 1 67 74 50 1 70 78 78 1 40 64 97 1 71 59 83 1 84 52 76 1 70 73 65 1 83 71 84 1 78 95 87 1 65 97 45 1 82 85 70 1 90 114 41 1 86 109 54 1 77 121 31 1 61 78 29 1 0 0 0 0 0 0 0 0 46 60 79 1 73 103 57 1 93 89 53 1 0 0 0 0
0 0 0 0 76 118 35 1 49 79 53 1 0 55 46 1 43 58 56 1 0 0 0 0 14 22 34 1 32 70 88 1 11 40 27 1 17 32 38 1 66 68 84 1 31 66 47 1 65 53 68 1 0 0 0 0 72 77 63 1 86 98 30 1 34 72 41 1 89 59 72 1 62 51 53 1 76 73 50 1 70 87 64 1 91 78 45 1 108 83 85 1 84 66 73 1 80 84 84 1 0 0 0 0 71 109 103 1 36 81 91 1 56 79 28 1 66 75 72 1 103 76 45 1 124 88 62 1 123 145 86 1 113 108 82 1 131 39 122 1 83 66 62 1 0 0 0 0 79 105 78 1 0 0 0 0 66 96 52 1 88 81 56 1 0 0 0 0 66 58 86 1 114 51 22 1 63 109 72 1 80 96 40 1 84 100 69 1 84 86 38 1 40 99 59 1 82 45 102 1 50 54 15 1 98 84 72 1 78 114 82 1 88 54 58 1 89 62 68 1 65 93 86 1 56 82 107 1 93 83 90 1 71 103 45 1 0 0 0 0 60 68 56 1 78 71 50 1 62 93 108 1 125 98 55 1
71 84 61 1 41 104 89 1 39 46 52 1 34 64 34 1 22 42 57 1 0 60 17 1 6 18 38 1 0 0 0 0 0 46 28 1 0 0 0 0 0 0 0 0 67 76 51 1 38 54 41 1 59 48 106 1 72 81 77 1 43 63 78 1 57 81 57 1 46 62 28 1 59 69 33 1 59 103 51 1 65 71 69 1 58 86 81 1 93 104 76 1 102 96 75 1 88 87 97 1 116 107 85 1 109 100 65 1 57 66 70 1 22 105 54 1 83 67 65 1 53 74 71 1 69 73 32 1 101 108 60 1 88 83 62 1 94 113 53 1 75 58 79 1 74 82 66 1 79 77 81 1 80 91 73 1 95 76 72 1 57 79 51 1 81 64 24 1 76 105 70 1 0 0 0 0 46 76 84 1 77 90 98 1 71 79 72 1 78 96 47 1 101 82 107 1 90 76 56 1 67 52 39 1 28 111 57 1 28 81 89 1 54 76 82 1 54 77 61 1 0 0 0 0 96 67 36 1 71 67 53 1 75 55 55 1 68 62 35 1 79 72 65 1 53 94 93 1 153 112 56 1 82 72 29 1
58 62 92 1 60 66 82 1 75 112 89 1 45 74 70 1 61 67 45 1 15 87 34 1 27 46 37 1 16 66 40 1 2 37 36 1 8 49 66 1 30 82 46 1 0 0 0 0 25 48 39 1 68 57 29 1 0 0 0 0 42 41 102 1 49 43 73 1 50 74 36 1 62 99 46 1 41 83 68 1 39 77 85 1 42 75 53 1 57 46 75 1 0 0 0 0 92 78 96 1 70 85 99 1 113 86 66 1 75 85 42 1 53 44 39 1 0 0 0 0 68 115 63 1 54 99 95 1 88 87 57 1 127 89 108 1 107 69 91 1 86 76 63 1 99 64 69 1 83 59 102 1 79 84 109 1 86 65 68 1 121 137 45 1 155 113 103 1 115 91 79 1 110 125 94 1 0 0 0 0 137 101 64 1 70 51 74 1 75 62 78 1 73 95 86 1 61 54 54 1 87 108 60 1 53 77 61 1 66 68 76 1 65 103 60 1 49 79 63 1 71 82 97 1 100 64 125 1 143 62 55 1 55 39 59 1 34 86 70 1 80 64 86 1 63 114 38 1 63 81 79 1 92 92 84 1
0 0 0 0 95 123 34 1 0 0 0 0 71 83 54 1 63 47 68 1 35 70 83 1 41 36 20 1 55 87 28 1 0 14 26 1 41 39 64 1 62 48 56 1 24 74 39 1 32 42 51 1 25 54 104 1 35 61 66 1 60 21 56 1 53 72 86 1 75 88 32 1 40 113 36 1 80 62 69 1 45 87 81 1 37 79 43 1 53 85 60 1 41 110 78 1 74 73 53 1 85 105 55 1 111 90 64 1 85 59 55 1 78 49 63 1 59 49 20 1 51 76 64 1 68 70 70 1 93 83 64 1 93 85 63 1 123 87 62 1 95 106 79 1 65 95 97 1 0 0 0 0 136 99 110 1 147 132 103 1 187 125 81 1 176 129 127 1 112 123 50 1 73 115 87 1 94 91 141 1 111 85 71 1 115 78 93 1 77 78 57 1 88 63 68 1 88 66 78 1 50 88 47 1 62 48 45 1 39 97 73 1 78 55 60 1 57 60 86 1 102 67 86 1 82 39 40 1 73 104 61 1 55 65 74 1 43 98 37 1 71 98 79 1 65 54 30 1 22 73 55 1 108 63 94 1
65 103 64 1 79 107 49 1 86 109 67 1 104 83 67 1 40 102 41 1 95 75 36 1 62 65 66 1 31 40 57 1 7 45 44 1 11 49 11 1 0 76 50 1 11 56 60 1 47 42 62 1 0 85 46 1 29 48 43 1 53 48 50 1 32 61 83 1 72 95 79 1 84 74 52 1 0 0 0 0 29 57 69 1 55 70 45 1 53 80 55 1 41 143 89 1 99 88 51 1 52 84 73 1 59 95 96 1 55 97 48 1 61 85 82 1 70 97 32 1 51 85 54 1 0 0 0 0 56 74 75 1 75 101 106 1 151 130 111 1 145 123 113 1 111 138 100 1 125 131 84 1 0 0 0 0 164 197 92 1 186 187 118 1 199 159 159 1 192 196 122 1 108 106 127 1 112 69 107 1 120 66 57 1 59 74 52 1 82 65 40 1 83 111 95 1 80 96 63 1 67 75 81 1 49 84 86 1 50 102 70 1 91 72 93 1 55 62 69 1 82 73 55 1 49 71 69 1 88 53 82 1 55 58 35 1 0 0 0 0 0 0 0 0 94 120 53 1 89 106 69 1 70 99 44 1
67 31 44 1 79 86 78 1 90 68 100 1 76 38 85 1 54 70 67 1 60 101 92 1 50 86 54 1 17 80 56 1 10 85 19 1 0 51 45 1 0 47 37 1 8 50 25 1 64 29 48 1 22 37 48 1 21 39 43 1 73 32 29 1 49 56 91 1 51 61 34 1 35 35 77 1 112 102 53 1 119 109 62 1 61 69 55 1 55 62 60 1 79 123 68 1 73 66 30 1 28 105 45 1 99 84 57 1 61 89 51 1 58 96 60 1 45 51 94 1 35 79 110 1 26 30 40 1 77 56 81 1 114 163 123 1 167 108 96 1 195 133 122 1 177 115 101 1 183 123 94 1 0 0 0 0 162 158 90 1 125 140 101 1 158 147 140 1 126 111 80 1 108 128 91 1 79 67 70 1 74 98 63 1 0 0 0 0 87 138 98 1 62 130 57 1 67 105 70 1 56 95 50 1 0 0 0 0 0 0 0 0 60 102 78 1 76 79 59 1 124 86 36 1 81 81 25 1 0 0 0 0 43 109 45 1 47 86 61 1 72 59 82 1 85 63 99 1 64 106 96 1 106 127 97 1
56 88 42 1 85 86 96 1 80 74 61 1 59 68 25 1 39 98 35 1 46 94 51 1 51 108 45 1 24 60 66 1 27 98 70 1 6 40 19 1 22 52 55 1 0 0 0 0 16 47 74 1 10 7 15 1 12 29 59 1 0 50 36 1 28 42 40 1 96 108 59 1 93 55 67 1 74 76 41 1 94 63 98 1 39 92 20 1 59 100 57 1 109 100 71 1 0 0 0 0 103 74 93 1 0 0 0 0 97 66 59 1 102 61 97 1 100 72 109 1 39 86 82 1 61 59 95 1 97 48 56 1 0 0 0 0 162 140 85 1 139 126 81 1 158 95 102 1 173 111 111 1 176 180 109 1 138 127 80 1 149 109 97 1 127 117 87 1 132 103 59 1 0 0 0 0 119 108 83 1 67 74 48 1 48 83 33 1 53 84 45 1 53 119 107 1 65 37 31 1 36 80 79 1 48 69 83 1 92 59 64 1 79 50 38 1 92 112 77 1 55 64 53 1 85 68 67 1 40 61 69 1 67 90 58 1 26 128 72 1 45 66 57 1 62 113 85 1 0 0 0 0 98 105 68 1
73 82 64 1 99 83 50 1 81 92 73 1 92 97 101 1 21 77 57 1 53 117 59 1 84 122 40 1 45 56 35 1 50 64 37 1 6 63 53 1 0 53 41 1 0 10 20 1 0 8 72 1 0 36 12 1 47 56 41 1 21 33 65 1 58 64 39 1 58 59 70 1 62 60 42 1 63 98 51 1 34 68 84 1 40 34 81 1 91 95 41 1 52 71 75 1 95 56 72 1 78 90 59 1 0 0 0 0 123 88 67 1 59 96 77 1 89 93 91 1 107 116 42 1 103 101 60 1 90 37 89 1 0 0 0 0 129 127 116 1 117 98 87 1 130 132 109 1 142 144 108 1 148 152 93 1 169 139 103 1 145 102 115 1 117 97 66 1 98 137 62 1 74 116 39 1 66 116 104 1 60 79 60 1 42 74 44 1 71 79 55 1 54 61 54 1 50 80 52 1 129 61 64 1 85 72 50 1 58 82 60 1 99 66 53 1 75 57 29 1 93 119 92 1 66 84 60 1 57 94 78 1 57 104 69 1 73 114 71 1 41 69 56 1 97 104 56 1 0 0 0 0 57 113 78 1
64 91 38 1 75 64 53 1 68 87 74 1 70 74 21 1 55 60 77 1 0 0 0 0 86 92 62 1 0 0 0 0 54 77 71 1 10 90 53 1 0 48 46 1 37 29 58 1 0 70 23 1 0 36 45 1 3 46 35 1 31 90 20 1 60 56 49 1 39 41 38 1 59 59 94 1 75 114 68 1 24 94 51 1 19 70 38 1 19 34 29 1 0 0 0 0 52 82 62 1 85 70 70 1 122 64 90 1 99 38 64 1 68 96 102 1 82 76 68 1 87 86 71 1 90 117 71 1 109 46 68 1 0 0 0 0 58 127 76 1 0 0 0 0 0 0 0 0 50 96 67 1 123 108 65 1 167 115 104 1 127 172 94 1 0 0 0 0 102 121 114 1 98 95 62 1 0 0 0 0 65 104 68 1 69 104 93 1 62 88 106 1 79 44 67 1 73 101 29 1 77 131 66 1 95 55 60 1 73 92 89 1 69 46 67 1 0 0 0 0 111 89 96 1 88 83 70 1 100 44 56 1 83 77 98 1 78 103 94 1 99 86 61 1 54 62 36 1 97 72 42 1 167 113 106 1
95 84 64 1 51 84 48 1 33 88 45 1 19 58 35 1 93 64 55 1 81 72 69 1 78 59 25 1 29 51 88 1 0 0 0 0 17 58 7 1 51 81 25 1 0 36 4 1 30 53 36 1 0 37 54 1 0 58 40 1 0 60 57 1 0 0 0 0 89 60 55 1 58 70 74 1 100 61 66 1 49 76 29 1 71 62 62 1 30 92 36 1 61 52 65 1 92 81 81 1 93 59 74 1 97 113 39 1 85 80 68 1 89 107 87 1 86 93 77 1 60 62 36 1 66 56 89 1 58 29 91 1 58 70 28 1 83 42 49 1 71 40 69 1 66 95 80 1 138 94 40 1 58 65 72 1 112 87 55 1 0 0 0 0 98 98 100 1 0 0 0 0 120 124 93 1 123 89 88 1 101 95 46 1 76 129 68 1 103 96 81 1 116 38 60 1 109 96 57 1 58 82 53 1 50 80 62 1 101 102 71 1 40 72 55 1 125 79 93 1 97 86 76 1 119 125 68 1 87 62 73 1 96 74 56 1 68 110 94 1 93 96 43 1 66 106 54 1 63 124 109 1 128 146 126 1
53 82 74 1 0 0 0 0 96 74 70 1 60 120 97 1 88 82 72 1 82 45 69 1 55 49 66 1 49 111 68 1 79 77 45 1 0 69 78 1 48 72 33 1 0 65 44 1 0 5 79 1 0 14 40 1 0 53 78 1 0 0 0 0 74 70 58 1 66 9 42 1 0 0 0 0 53 62 43 1 19 25 35 1 51 65 41 1 63 0 24 1 0 0 0 0 51 70 75 1 103 86 98 1 67 65 64 1 69 102 48 1 50 84 54 1 116 90 63 1 94 57 78 1 47 92 93 1 66 73 22 1 0 0 0 0 41 80 72 1 45 43 55 1 19 60 81 1 79 121 62 1 103 77 53 1 70 81 62 1 76 58 49 1 70 120 74 1 87 68 86 1 96 87 37 1 126 106 49 1 0 0 0 0 141 121 137 1 105 96 105 1 112 116 94 1 97 81 83 1 0 0 0 0 93 123 85 1 106 96 70 1 100 79 48 1 61 91 64 1 112 63 82 1 51 97 43 1 56 33 53 1 89 99 92 1 109 116 69 1 95 92 53 1 79 77 37 1 144 103 107 1 0 0 0 0