2
842 1907 105 68
0 47 114 1 0 35 59 1 0 39 76 1 0 1 81 1 15 49 51 1 0 12 102 1 13 23 49 1 0 21 68 1 13 48 59 1 4 46 46 1 0 0 0 0 0 32 101 1 14 10 65 1 27 43 89 1 13 40 125 1 0 25 61 1 0 4 76 1 10 48 67 1 1 18 114 1 8 39 59 1 0 45 70 1 0 38 54 1 0 0 0 0 23 7 58 1 0 0 0 0 38 34 72 1 25 54 63 1 0 21 46 1 0 11 62 1 4 4 73 1 20 34 70 1 18 8 59 1 1 58 57 1 0 56 93 1 10 57 59 1 18 16 77 1 36 17 99 1 34 28 72 1 0 0 86 1 0 0 87 1 19 51 54 1 0 18 55 1 0 29 45 1 14 22 66 1 24 0 74 1 0 13 33 1 16 38 61 1 36 28 82 1 2 8 91 1 14 8 79 1 4 18 85 1 0 0 0 0 20 31 56 1 19 46 22 1 0 48 55 1 25 8 58 1 29 26 62 1 0 0 61 1 16 9 49 1 28 0 63 1 0 6 78 1 35 0 73 1 0 0 73 1 0 0 0 1 0 0 75 1 0 31 27 1 0 47 55 1 30 35 88 1
0 37 61 1 0 0 92 1 9 61 67 1 36 41 50 1 15 0 52 1 0 29 85 1 0 3 57 1 2 41 83 1 0 35 87 1 9 11 39 1 0 22 91 1 0 18 72 1 0 41 84 1 27 29 72 1 0 0 0 0 0 6 85 1 0 0 0 0 0 12 62 1 0 32 63 1 22 46 48 1 0 10 136 1 0 35 87 1 30 24 65 1 6 20 59 1 1 4 90 1 24 1 70 1 0 14 63 1 23 31 45 1 12 9 31 1 0 37 66 1 0 32 42 1 21 23 92 1 0 0 0 0 7 46 61 1 3 30 40 1 14 15 67 1 0 13 67 1 0 37 74 1 0 62 63 1 9 2 57 1 36 16 46 1 0 0 0 0 0 20 36 1 43 5 82 1 0 42 29 1 0 39 62 1 18 44 115 1 9 60 36 1 31 40 67 1 0 0 0 0 0 20 91 1 40 56 54 1 14 51 91 1 27 0 48 1 15 70 74 1 43 30 91 1 0 42 68 1 5 19 75 1 28 0 103 1 0 0 0 0 0 0 0 0 16 30 67 1 29 19 48 1 37 44 42 1 25 17 44 1 5 10 69 1 24 16 51 1 33 55 80 1
0 43 80 1 0 41 62 1 24 54 79 1 0 29 87 1 0 31 73 1 35 0 74 1 31 20 46 1 2 33 80 1 14 31 66 1 4 31 82 1 0 16 70 1 17 48 64 1 33 60 79 1 11 1 79 1 0 0 0 0 5 23 71 1 0 0 0 0 0 19 69 1 1 61 88 1 6 1 102 1 14 51 94 1 23 67 63 1 8 39 46 1 0 33 47 1 2 25 73 1 0 28 85 1 6 22 36 1 0 0 0 0 0 26 79 1 0 0 0 0 0 41 74 1 1 18 39 1 0 21 53 1 5 32 86 1 1 4 14 1 25 38 67 1 13 24 76 1 0 29 71 1 22 31 61 1 40 34 78 1 0 2 45 1 34 24 72 1 38 28 13 1 30 0 106 1 10 32 64 1 37 69 57 1 28 52 65 1 0 12 47 1 15 46 75 1 7 18 88 1 17 0 35 1 0 5 61 1 31 5 76 1 20 36 9 1 0 0 0 0 25 32 88 1 9 35 91 1 28 76 40 1 11 29 116 1 38 0 33 1 37 0 74 1 25 18 42 1 31 8 76 1 1 7 83 1 0 0 0 0 14 15 40 1 0 0 51 1 0 54 93 1
0 0 0 0 0 80 70 1 0 14 75 1 0 35 74 1 2 31 70 1 0 46 61 1 16 6 88 1 0 0 0 0 0 25 50 1 0 0 77 1 48 47 89 1 24 13 80 1 0 0 0 0 39 8 60 1 0 42 52 1 22 31 83 1 4 30 48 1 0 53 53 1 3 4 45 1 5 16 59 1 26 17 62 1 9 1 102 1 1 19 77 1 0 36 65 1 2 32 51 1 0 0 0 0 36 9 62 1 8 36 28 1 29 24 56 1 17 16 47 1 8 47 85 1 0 24 39 1 43 12 40 1 38 35 74 1 4 27 60 1 13 20 58 1 45 44 40 1 0 74 81 1 0 36 51 1 0 0 63 1 44 20 18 1 24 7 59 1 0 18 43 1 10 24 63 1 7 44 80 1 0 17 75 1 36 43 87 1 27 51 61 1 18 39 84 1 0 29 71 1 23 22 67 1 0 0 50 1 11 25 83 1 32 28 48 1 24 7 59 1 31 23 82 1 0 0 0 0 35 38 71 1 21 0 48 1 57 56 40 1 0 48 60 1 0 27 85 1 0 0 0 0 31 0 51 1 27 56 57 1 29 18 72 1 0 0 76 1 33 0 75 1
10 16 48 1 47 24 68 1 0 0 0 0 0 25 72 1 0 0 72 1 0 22 74 1 24 45 71 1 0 0 0 0 0 22 37 1 0 21 65 1 6 23 56 1 4 13 41 1 15 45 57 1 0 16 82 1 7 19 92 1 19 18 47 1 0 0 0 0 0 0 0 0 0 9 44 1 0 13 52 1 2 0 63 1 10 56 57 1 42 22 98 1 29 20 32 1 0 31 20 1 5 31 64 1 5 30 41 1 0 6 40 1 0 21 97 1 0 0 0 0 0 55 88 1 50 56 68 1 13 34 68 1 0 35 65 1 4 7 68 1 11 31 81 1 0 6 79 1 3 36 90 1 6 24 61 1 31 4 51 1 23 0 53 1 0 16 80 1 50 0 24 1 0 18 97 1 0 31 50 1 15 4 101 1 12 24 53 1 0 49 28 1 8 40 43 1 9 44 78 1 28 27 89 1 0 0 0 0 32 24 96 1 8 27 71 1 2 18 72 1 0 14 64 1 29 12 86 1 20 13 33 1 8 0 84 1 21 11 39 1 28 21 73 1 0 0 0 0 45 67 97 1 33 40 64 1 0 47 37 1 24 50 50 1 0 0 0 0 0 0 51 1
9 30 72 1 0 53 76 1 6 46 80 1 0 17 51 1 20 1 46 1 5 1 52 1 1 22 20 1 0 30 56 1 35 25 65 1 12 0 67 1 0 0 0 0 0 81 71 1 0 35 60 1 0 14 86 1 25 17 34 1 1 35 63 1 9 22 78 1 10 33 96 1 0 23 58 1 0 47 71 1 0 0 0 0 0 55 77 1 33 7 63 1 27 22 66 1 20 30 94 1 0 0 52 1 40 15 49 1 0 0 28 1 21 2 35 1 32 22 81 1 0 18 39 1 16 33 48 1 0 0 0 0 0 36 87 1 21 0 92 1 0 0 0 0 19 12 57 1 26 7 100 1 0 5 72 1 0 34 66 1 2 39 73 1 11 29 58 1 0 22 68 1 2 32 52 1 43 0 104 1 0 0 0 0 0 20 70 1 0 61 54 1 17 0 90 1 18 1 40 1 26 3 82 1 0 11 27 1 0 0 0 0 50 40 63 1 0 0 0 0 0 44 58 1 0 56 54 1 4 24 100 1 12 45 80 1 2 54 66 1 38 22 62 1 22 21 62 1 2 2 71 1 0 0 0 0 42 9 131 1 14 30 39 1 23 7 86 1 24 5 56 1
10 22 77 1 24 33 38 1 12 32 60 1 6 41 71 1 26 19 46 1 9 34 38 1 0 53 80 1 0 33 67 1 0 29 34 1 10 68 65 1 32 50 10 1 10 9 28 1 0 40 60 1 0 32 65 1 12 11 72 1 6 26 90 1 0 0 0 0 1 45 109 1 0 18 63 1 22 0 49 1 12 29 53 1 4 38 93 1 0 30 47 1 16 16 73 1 0 0 0 0 10 33 90 1 0 47 23 1 23 21 46 1 0 34 78 1 0 0 0 0 44 36 51 1 1 2 63 1 0 18 106 1 4 44 57 1 16 23 50 1 0 0 0 0 11 31 54 1 0 0 0 0 8 5 60 1 45 44 40 1 0 36 52 1 18 28 96 1 24 26 73 1 0 13 22 1 16 8 54 1 0 7 89 1 17 0 44 1 5 0 38 1 0 6 75 1 32 0 74 1 0 0 0 0 0 20 112 1 2 36 77 1 39 27 68 1 29 20 90 1 1 42 41 1 0 19 59 1 0 0 55 1 13 41 75 1 15 0 47 1 0 0 0 0 4 15 109 1 0 0 0 0 0 13 77 1 30 0 31 1 9 7 51 1 0 22 57 1 8 1 67 1
0 51 83 1 0 0 0 0 23 16 50 1 0 0 55 1 0 0 0 0 24 62 48 1 0 22 66 1 0 15 85 1 0 10 42 1 5 20 82 1 0 17 80 1 19 45 71 1 0 24 70 1 25 70 65 1 0 0 118 1 0 33 83 1 16 46 36 1 11 22 105 1 0 32 76 1 0 38 29 1 0 32 58 1 0 37 55 1 9 48 80 1 24 44 40 1 0 42 58 1 0 36 79 1 6 57 80 1 33 17 85 1 5 36 99 1 20 0 83 1 0 0 0 0 0 0 51 1 22 27 42 1 4 30 31 1 12 12 96 1 4 28 67 1 11 19 49 1 12 2 70 1 19 26 86 1 0 45 63 1 0 0 0 0 25 11 52 1 0 24 45 1 0 56 64 1 0 74 87 1 22 7 45 1 0 23 54 1 0 30 51 1 23 32 66 1 0 42 90 1 0 37 60 1 0 14 112 1 20 60 82 1 0 32 105 1 25 14 62 1 0 0 0 0 39 58 64 1 13 10 73 1 23 23 65 1 17 0 83 1 0 12 43 1 0 0 79 1 24 48 81 1 22 0 58 1 3 49 65 1 0 0 0 0 0 12 71 1 9 47 68 1
2 7 100 1 0 1 77 1 12 21 66 1 0 16 64 1 7 31 70 1 19 83 63 1 0 25 78 1 0 50 72 1 35 43 77 1 0 0 48 1 0 9 71 1 1 26 107 1 4 1 36 1 14 12 74 1 4 31 45 1 15 0 88 1 0 0 0 0 0 0 0 0 14 41 59 1 0 30 54 1 0 35 49 1 0 0 0 0 8 39 98 1 0 14 81 1 12 0 93 1 0 40 69 1 12 43 73 1 38 36 69 1 46 15 44 1 1 54 51 1 24 15 62 1 39 58 88 1 0 11 53 1 0 0 91 1 0 7 32 1 0 0 67 1 0 38 68 1 43 18 41 1 0 0 0 0 29 20 59 1 21 59 51 1 1 31 94 1 0 15 42 1 0 0 0 0 0 18 32 1 33 17 77 1 36 36 66 1 3 16 79 1 0 34 91 1 24 0 79 1 55 8 76 1 0 49 65 1 0 0 0 0 0 0 97 1 6 36 105 1 10 18 47 1 32 32 94 1 0 40 64 1 6 0 62 1 0 3 84 1 0 0 20 1 0 0 0 0 5 11 67 1 18 0 59 1 0 9 58 1 46 41 85 1 4 60 43 1 20 38 83 1
40 45 75 1 0 27 87 1 0 12 96 1 11 39 90 1 19 37 57 1 0 51 81 1 0 56 53 1 4 15 68 1 0 15 40 1 0 0 87 1 0 23 52 1 0 9 56 1 0 0 0 0 8 31 85 1 28 90 37 1 0 51 36 1 22 59 139 1 3 41 75 1 3 13 46 1 0 64 93 1 0 21 40 1 0 50 66 1 0 16 60 1 55 11 85 1 0 10 62 1 0 0 0 0 6 11 60 1 0 0 0 0 0 0 73 1 0 51 49 1 23 30 44 1 0 20 64 1 13 43 68 1 28 25 52 1 26 0 42 1 21 0 29 1 2 29 67 1 0 0 0 0 21 41 52 1 5 59 88 1 25 39 75 1 17 9 84 1 0 22 38 1 0 51 38 1 19 3 69 1 30 22 78 1 27 30 73 1 0 19 59 1 3 34 31 1 0 0 0 0 13 17 65 1 0 0 0 0 0 0 0 0 17 27 69 1 55 0 61 1 13 50 72 1 0 36 91 1 12 22 44 1 32 37 63 1 11 2 84 1 29 14 60 1 7 4 50 1 7 18 76 1 0 0 0 0 0 0 0 0 28 39 34 1 0 0 62 1 0 9 80 1
0 42 66 1 12 48 49 1 0 45 86 1 0 0 61 1 10 26 108 1 5 42 63 1 10 52 62 1 19 3 75 1 0 26 61 1 15 32 35 1 1 23 79 1 0 41 65 1 24 19 69 1 0 11 77 1 10 15 75 1 12 1 30 1 12 47 69 1 0 21 106 1 0 0 44 1 0 0 0 0 0 58 53 1 15 29 84 1 0 0 0 0 0 34 79 1 41 12 61 1 27 46 58 1 0 53 92 1 0 74 57 1 16 25 87 1 0 36 57 1 19 21 58 1 31 38 48 1 0 42 81 1 5 0 94 1 0 41 49 1 0 24 59 1 28 0 24 1 4 38 98 1 52 2 66 1 0 0 73 1 0 11 97 1 16 30 58 1 11 9 99 1 32 16 63 1 0 37 70 1 31 10 92 1 0 36 67 1 0 0 0 0 49 8 61 1 15 37 78 1 0 12 50 1 39 31 107 1 3 31 74 1 0 0 0 0 0 22 49 1 0 0 65 1 12 9 59 1 0 57 87 1 5 60 51 1 10 54 77 1 0 7 58 1 2 28 75 1 21 40 31 1 55 21 60 1 0 0 69 1 34 3 49 1 13 18 113 1 11 0 11 1
32 73 66 1 0 16 78 1 0 13 77 1 11 76 85 1 1 0 44 1 0 0 0 0 20 33 78 1 0 0 0 0 0 23 123 1 0 16 98 1 0 24 96 1 0 64 76 1 24 5 41 1 35 43 37 1 0 63 25 1 46 63 75 1 0 0 0 0 0 46 85 1 13 0 53 1 18 57 69 1 10 44 83 1 7 38 44 1 8 35 58 1 8 79 57 1 0 32 58 1 4 21 42 1 0 16 68 1 5 36 75 1 0 49 56 1 0 31 67 1 5 16 114 1 0 41 70 1 22 38 36 1 9 38 57 1 0 0 0 0 29 38 43 1 0 0 0 0 24 23 61 1 0 40 112 1 22 39 22 1 0 0 0 0 0 0 77 1 0 14 94 1 32 55 103 1 0 17 69 1 27 9 78 1 0 53 103 1 0 0 0 0 0 27 71 1 0 2 53 1 0 21 54 1 5 16 59 1 10 28 70 1 40 22 27 1 21 32 63 1 20 0 36 1 14 11 76 1 40 43 57 1 0 0 0 0 0 24 66 1 4 51 77 1 15 37 81 1 8 16 86 1 35 2 57 1 16 31 72 1 39 21 99 1 0 0 0 0 0 1 65 1
0 33 84 1 0 67 81 1 8 23 83 1 29 3 57 1 11 6 74 1 0 28 107 1 0 26 47 1 0 24 71 1 12 42 87 1 0 0 0 0 31 29 71 1 0 15 81 1 25 0 67 1 0 0 100 1 6 59 61 1 29 32 83 1 0 28 25 1 10 13 105 1 0 0 0 0 36 44 74 1 0 41 31 1 0 7 85 1 6 0 86 1 15 20 98 1 10 25 58 1 0 0 0 0 0 18 77 1 0 0 92 1 0 34 86 1 31 11 92 1 0 23 78 1 11 17 50 1 0 0 0 0 0 0 0 0 0 20 42 1 3 29 98 1 51 28 71 1 0 2 36 1 11 0 72 1 8 25 37 1 23 36 97 1 0 44 109 1 23 11 84 1 0 0 0 0 10 27 58 1 0 33 59 1 8 69 66 1 0 3 69 1 5 16 63 1 3 23 52 1 17 34 66 1 12 0 69 1 0 0 0 0 33 29 70 1 0 37 58 1 1 41 94 1 0 12 28 1 26 1 78 1 0 20 77 1 30 3 64 1 16 15 82 1 0 10 60 1 0 28 85 1 41 6 94 1 31 43 73 1 16 24 72 1 48 0 70 1 7 16 38 1
0 0 0 0 15 8 73 1 0 44 72 1 46 33 22 1 0 12 51 1 0 21 59 1 29 0 71 1 30 19 53 1 0 47 75 1 0 0 0 0 30 29 31 1 34 30 61 1 0 51 36 1 0 43 54 1 0 0 48 1 0 48 68 1 0 80 63 1 0 39 61 1 20 37 68 1 0 0 0 0 2 5 45 1 4 46 75 1 21 11 72 1 24 0 90 1 45 23 116 1 4 30 68 1 21 37 62 1 1 34 89 1 0 24 93 1 8 0 73 1 0 46 37 1 0 40 56 1 2 20 78 1 2 26 86 1 22 19 84 1 0 62 65 1 7 27 87 1 21 6 39 1 0 23 64 1 0 41 80 1 0 19 90 1 29 9 75 1 27 17 38 1 0 34 45 1 0 0 52 1 0 5 61 1 0 0 0 0 0 13 64 1 21 3 64 1 0 0 98 1 16 15 64 1 56 33 65 1 9 6 40 1 0 12 40 1 3 3 62 1 13 12 63 1 0 45 62 1 0 0 0 0 43 12 40 1 7 0 92 1 15 9 68 1 0 14 45 1 0 7 59 1 8 19 80 1 15 19 52 1 0 0 0 0 0 8 57 1 17 3 88 1
0 30 66 1 0 55 83 1 22 9 69 1 32 47 66 1 0 26 65 1 4 9 70 1 0 8 89 1 13 10 76 1 23 36 52 1 0 16 42 1 0 0 0 0 0 18 71 1 0 0 0 0 0 7 56 1 4 48 85 1 25 56 57 1 0 20 82 1 0 0 0 0 16 41 53 1 0 31 64 1 0 29 85 1 0 0 0 0 0 48 34 1 29 0 70 1 12 73 70 1 28 22 47 1 0 57 70 1 5 45 67 1 0 0 51 1 0 0 0 0 4 33 80 1 0 42 44 1 0 0 0 0 0 4 71 1 0 66 112 1 12 39 65 1 0 0 0 0 0 53 90 1 0 0 113 1 0 40 75 1 0 26 57 1 36 54 64 1 6 31 55 1 0 48 74 1 0 25 68 1 0 0 42 1 0 8 38 1 0 0 0 0 43 32 32 1 0 53 53 1 0 30 40 1 39 55 31 1 23 20 13 1 2 23 64 1 0 24 18 1 0 34 38 1 31 21 26 1 0 0 0 0 33 22 72 1 17 40 49 1 9 30 35 1 14 19 52 1 0 25 24 1 1 39 16 1 14 59 107 1 0 11 81 1 0 0 0 0 23 18 76 1
1 20 69 1 0 51 57 1 0 24 75 1 0 26 36 1 0 0 0 0 0 0 0 0 17 24 85 1 0 10 95 1 0 88 53 1 0 54 65 1 0 32 61 1 0 0 0 0 22 0 63 1 0 0 0 0 29 43 72 1 0 0 91 1 0 2 79 1 0 42 97 1 0 13 73 1 5 18 108 1 21 11 38 1 0 0 0 0 0 23 68 1 0 39 49 1 18 46 68 1 0 17 73 1 12 11 104 1 0 47 36 1 0 0 0 0 0 21 55 1 0 2 33 1 28 26 62 1 9 22 65 1 0 24 92 1 16 49 65 1 28 53 62 1 10 0 61 1 0 39 69 1 16 28 52 1 3 47 63 1 25 28 30 1 0 1 75 1 0 24 46 1 39 68 68 1 0 42 113 1 0 0 0 0 0 47 80 1 0 37 61 1 0 49 50 1 0 49 60 1 8 0 58 1 4 46 57 1 3 0 43 1 0 12 109 1 44 0 76 1 0 11 69 1 31 0 77 1 0 21 60 1 0 66 86 1 48 0 64 1 11 26 64 1 0 37 45 1 6 14 61 1 18 49 72 1 2 18 64 1 0 48 84 1 0 0 96 1 18 21 74 1
53 35 92 1 0 43 54 1 6 0 71 1 0 0 0 0 0 60 94 1 0 21 44 1 2 7 57 1 0 48 48 1 21 37 29 1 16 24 88 1 0 0 0 0 0 0 0 0 0 22 81 1 0 0 52 1 16 2 68 1 0 28 50 1 0 0 0 0 16 16 80 1 9 38 95 1 0 42 52 1 12 17 64 1 18 4 58 1 0 0 0 0 6 9 66 1 0 22 67 1 7 0 79 1 0 45 46 1 22 30 67 1 2 22 97 1 20 22 85 1 31 63 50 1 0 30 97 1 0 26 64 1 0 40 86 1 0 32 87 1 15 11 101 1 0 8 46 1 16 34 80 1 0 83 88 1 15 16 56 1 0 27 82 1 1 6 71 1 5 36 36 1 6 30 28 1 0 0 0 0 16 80 52 1 25 22 77 1 0 15 63 1 34 19 57 1 57 50 85 1 0 17 60 1 6 0 87 1 0 13 93 1 28 2 85 1 0 23 104 1 0 32 65 1 0 0 49 1 0 37 80 1 5 24 68 1 34 19 43 1 3 32 46 1 17 0 69 1 0 21 66 1 0 46 79 1 0 18 45 1 7 50 90 1 0 0 63 1 0 0 66 1
0 43 77 1 3 0 97 1 0 49 70 1 2 5 83 1 0 0 28 1 0 25 56 1 28 52 68 1 0 27 73 1 4 25 48 1 0 0 0 0 0 23 72 1 0 4 72 1 0 32 74 1 0 0 0 0 2 20 86 1 0 23 55 1 0 0 0 0 0 52 20 1 0 69 60 1 0 30 46 1 8 32 75 1 0 41 25 1 13 18 63 1 11 35 83 1 0 59 56 1 0 28 50 1 0 0 0 0 0 19 49 1 0 32 36 1 0 13 58 1 0 46 82 1 0 2 54 1 15 27 107 1 0 25 48 1 0 21 67 1 14 35 80 1 13 18 107 1 0 15 87 1 14 0 55 1 12 32 70 1 0 41 49 1 0 1 76 1 0 0 0 0 31 23 104 1 0 0 71 1 0 28 39 1 18 38 18 1 0 0 0 0 0 4 79 1 0 0 0 0 0 0 0 0 0 42 52 1 0 48 89 1 11 22 82 1 20 25 85 1 0 26 65 1 0 16 62 1 0 19 25 1 0 24 80 1 23 23 38 1 35 43 82 1 0 33 76 1 0 0 0 0 0 27 48 1 0 24 85 1 0 56 36 1 8 63 75 1 7 51 70 1
0 46 86 1 0 56 67 1 0 0 83 1 0 41 38 1 0 21 88 1 0 40 103 1 6 31 51 1 5 0 51 1 0 0 0 0 7 8 123 1 0 34 64 1 2 35 78 1 0 29 74 1 0 48 108 1 8 32 52 1 12 52 71 1 0 5 91 1 0 26 62 1 0 8 80 1 25 20 69 1 0 0 51 1 10 3 83 1 0 12 56 1 0 0 0 0 7 38 96 1 0 31 79 1 19 0 62 1 0 25 86 1 0 28 61 1 0 6 86 1 12 13 98 1 0 0 0 0 7 3 63 1 0 45 64 1 17 27 43 1 0 2 79 1 32 35 96 1 0 0 0 0 12 31 70 1 2 29 96 1 0 57 51 1 43 26 40 1 0 9 48 1 0 12 72 1 0 25 60 1 39 50 61 1 35 9 70 1 14 61 33 1 17 42 76 1 8 15 46 1 0 0 0 0 0 22 75 1 0 14 47 1 22 17 31 1 0 2 54 1 34 40 38 1 0 46 16 1 20 18 31 1 7 41 95 1 0 0 0 0 18 27 50 1 1 49 97 1 10 0 26 1 0 0 0 0 3 42 81 1 0 0 0 0 17 17 55 1 0 41 54 1
0 46 62 1 24 53 67 1 0 22 96 1 21 37 72 1 0 28 90 1 13 3 76 1 0 27 91 1 0 34 61 1 0 23 70 1 28 48 44 1 9 28 70 1 29 39 81 1 4 16 97 1 7 59 43 1 0 22 90 1 17 60 89 1 0 40 63 1 0 0 0 0 0 71 65 1 0 25 91 1 0 15 59 1 0 0 0 0 0 0 0 0 0 31 73 1 3 21 93 1 0 36 68 1 0 20 99 1 30 0 80 1 0 30 82 1 0 0 0 0 0 41 95 1 4 46 88 1 0 14 53 1 27 38 68 1 0 0 0 0 0 10 53 1 3 14 72 1 0 27 89 1 0 12 75 1 34 68 65 1 10 23 70 1 0 15 66 1 40 0 100 1 32 28 57 1 0 24 52 1 67 75 105 1 41 99 73 1 21 34 66 1 14 9 41 1 16 15 49 1 3 0 44 1 30 50 59 1 10 78 26 1 42 21 71 1 0 46 111 1 14 7 111 1 9 51 69 1 33 19 58 1 29 8 66 1 0 7 51 1 21 0 73 1 30 59 57 1 0 12 66 1 0 0 0 0 0 0 0 0 32 0 71 1 0 30 39 1 0 1 70 1
17 47 55 1 0 0 0 0 18 43 89 1 9 39 114 1 11 37 76 1 0 26 63 1 24 28 89 1 0 46 65 1 2 7 90 1 7 8 79 1 0 60 82 1 0 46 71 1 13 30 34 1 0 52 48 1 2 22 64 1 0 9 69 1 21 51 60 1 0 12 67 1 7 30 37 1 13 10 52 1 0 67 72 1 0 30 57 1 0 31 60 1 24 30 71 1 0 0 71 1 12 30 64 1 0 43 65 1 0 53 69 1 15 13 78 1 0 5 53 1 28 46 36 1 0 4 54 1 0 32 62 1 7 6 83 1 0 13 34 1 0 17 54 1 0 0 69 1 0 11 52 1 0 0 0 0 16 74 67 1 0 34 52 1 0 0 0 0 0 48 52 1 0 35 84 1 26 33 87 1 62 124 128 1 74 93 109 1 38 17 99 1 0 27 43 1 5 0 81 1 37 59 80 1 52 62 83 1 30 32 99 1 31 44 47 1 3 0 85 1 0 0 88 1 0 20 80 1 0 0 45 1 0 50 67 1 0 0 107 1 0 0 0 0 0 2 33 1 0 27 46 1 2 17 68 1 8 21 42 1 40 17 68 1 0 46 67 1 26 38 71 1
0 59 50 1 11 53 58 1 0 21 34 1 4 19 57 1 39 33 73 1 0 13 75 1 15 60 73 1 4 7 99 1 0 8 89 1 0 39 82 1 8 0 73 1 0 0 0 0 0 16 87 1 0 16 73 1 0 0 0 0 0 23 93 1 0 41 67 1 0 20 61 1 0 45 56 1 6 0 86 1 0 0 0 0 28 62 40 1 0 48 70 1 33 32 106 1 6 56 64 1 0 50 86 1 0 6 70 1 22 16 129 1 0 9 69 1 0 0 0 0 0 0 0 0 0 0 0 0 2 19 80 1 0 47 83 1 5 8 72 1 0 23 39 1 0 34 22 1 0 76 94 1 0 13 94 1 0 37 54 1 0 20 75 1 0 0 48 1 0 30 65 1 0 0 0 0 0 38 40 1 96 89 132 1 118 108 158 1 17 46 63 1 1 0 64 1 58 46 82 1 0 0 0 0 66 53 106 1 39 42 109 1 24 5 61 1 0 0 0 0 22 14 48 1 0 0 60 1 0 0 0 0 0 17 34 1 5 6 78 1 48 24 79 1 0 21 48 1 4 0 81 1 3 0 35 1 29 12 80 1 16 27 27 1 0 0 0 0 29 64 93 1
0 22 70 1 25 0 97 1 19 21 90 1 0 34 53 1 10 42 92 1 37 33 55 1 10 34 106 1 0 64 82 1 29 24 71 1 20 20 79 1 11 45 48 1 0 0 0 0 29 25 84 1 0 39 45 1 41 22 43 1 0 30 82 1 20 35 76 1 0 0 0 0 40 34 71 1 0 57 67 1 29 45 48 1 0 36 64 1 8 18 57 1 0 15 77 1 19 39 68 1 46 25 50 1 0 29 77 1 0 60 73 1 29 32 81 1 9 33 68 1 0 20 58 1 0 6 98 1 26 17 59 1 0 34 76 1 31 0 37 1 0 27 66 1 24 32 82 1 17 35 57 1 0 5 91 1 0 0 0 0 50 3 51 1 2 22 65 1 0 35 80 1 0 66 91 1 0 17 109 1 56 94 116 1 19 8 67 1 0 0 0 0 49 71 56 1 4 41 93 1 3 41 57 1 33 40 91 1 2 40 97 1 14 33 62 1 9 75 60 1 0 11 58 1 0 16 32 1 0 43 53 1 0 8 76 1 0 5 73 1 33 0 52 1 45 20 55 1 14 0 36 1 9 45 97 1 9 62 56 1 3 1 42 1 0 32 61 1 0 0 83 1
0 14 88 1 0 0 0 0 1 21 69 1 12 12 77 1 0 37 53 1 0 37 68 1 15 58 103 1 0 21 74 1 0 3 70 1 26 40 57 1 9 108 72 1 0 0 0 0 17 20 73 1 9 28 83 1 0 27 67 1 67 27 55 1 0 19 82 1 3 48 71 1 10 15 62 1 0 42 15 1 9 40 77 1 5 9 82 1 22 52 74 1 0 32 66 1 16 15 69 1 2 0 58 1 40 42 38 1 0 24 81 1 0 0 0 0 0 39 35 1 0 0 95 1 0 53 12 1 0 43 93 1 0 58 105 1 6 32 98 1 3 4 99 1 0 38 53 1 6 43 64 1 0 29 84 1 0 9 73 1 0 19 55 1 0 24 80 1 20 21 66 1 0 53 66 1 9 13 43 1 34 40 76 1 42 39 73 1 11 7 91 1 0 10 63 1 0 32 33 1 48 11 63 1 0 33 84 1 2 26 63 1 16 21 113 1 0 20 67 1 0 10 99 1 3 0 42 1 3 29 26 1 1 35 45 1 27 14 39 1 9 34 49 1 24 19 53 1 29 0 78 1 20 32 80 1 0 11 64 1 19 63 45 1 24 0 62 1 4 25 78 1
0 52 48 1 0 22 70 1 4 26 81 1 0 62 69 1 0 0 0 0 15 28 23 1 0 6 55 1 0 21 50 1 0 12 78 1 0 38 66 1 0 0 59 1 10 0 49 1 5 42 57 1 0 37 55 1 2 21 23 1 0 2 65 1 23 13 95 1 31 43 54 1 0 60 137 1 0 0 85 1 0 16 33 1 0 49 57 1 13 4 50 1 8 53 54 1 0 0 0 0 0 39 89 1 0 64 69 1 0 46 44 1 17 55 60 1 19 46 87 1 0 0 0 0 23 54 79 1 0 0 78 1 0 19 85 1 5 36 45 1 7 40 51 1 11 40 20 1 0 13 92 1 21 53 89 1 0 0 0 0 0 14 61 1 0 37 71 1 18 13 74 1 0 44 85 1 0 34 38 1 4 26 92 1 23 31 69 1 18 20 67 1 19 0 67 1 0 6 69 1 10 20 64 1 0 16 56 1 0 0 0 0 32 29 80 1 24 64 66 1 0 36 65 1 31 15 50 1 35 44 72 1 10 46 76 1 0 16 96 1 26 0 79 1 0 11 65 1 0 9 48 1 23 27 49 1 61 27 11 1 0 0 0 0 20 16 24 1 24 5 68 1
0 72 39 1 22 12 63 1 0 0 0 0 34 11 60 1 1 94 91 1 12 51 106 1 72 64 79 1 0 0 0 0 0 18 80 1 8 18 78 1 0 63 95 1 0 57 40 1 1 30 55 1 0 24 77 1 15 42 88 1 0 51 86 1 25 37 84 1 0 7 56 1 0 0 0 0 0 45 84 1 0 21 95 1 0 38 85 1 54 46 75 1 0 58 80 1 40 27 59 1 22 17 89 1 9 45 73 1 0 18 66 1 0 23 94 1 32 0 66 1 0 0 0 0 9 44 38 1 0 57 69 1 0 64 59 1 0 12 89 1 19 35 51 1 57 43 53 1 0 0 0 0 0 0 0 0 5 49 46 1 26 27 55 1 0 24 45 1 0 24 83 1 7 26 84 1 0 0 0 0 0 0 53 1 3 31 35 1 0 58 50 1 0 0 0 0 17 6 72 1 0 0 81 1 0 0 67 1 0 49 62 1 33 26 41 1 0 46 55 1 37 54 51 1 0 22 76 1 11 0 29 1 0 7 63 1 0 0 0 0 0 0 57 1 17 41 90 1 22 36 24 1 0 35 73 1 6 15 60 1 9 5 79 1 4 12 47 1 0 0 0 0
0 36 60 1 5 17 78 1 46 0 63 1 58 71 52 1 0 46 87 1 28 57 100 1 0 0 0 0 0 0 43 1 38 0 51 1 0 54 65 1 42 10 60 1 0 0 0 0 31 37 59 1 0 1 72 1 0 14 79 1 0 0 0 0 0 24 51 1 27 37 42 1 10 1 46 1 0 32 45 1 0 20 71 1 2 21 84 1 0 33 29 1 0 41 50 1 0 0 61 1 0 0 92 1 8 17 90 1 0 22 73 1 0 49 68 1 0 0 48 1 0 49 64 1 0 1 56 1 43 66 41 1 0 58 52 1 0 15 84 1 6 0 86 1 0 31 100 1 16 0 77 1 14 34 77 1 0 11 49 1 13 12 46 1 0 3 91 1 0 28 84 1 0 15 74 1 0 15 46 1 0 0 42 1 29 36 94 1 27 6 97 1 0 23 36 1 0 16 87 1 13 59 55 1 2 48 88 1 1 16 81 1 27 18 56 1 0 37 38 1 0 0 0 0 27 19 64 1 0 2 67 1 8 34 28 1 0 15 57 1 2 32 71 1 4 26 62 1 0 26 52 1 0 12 0 1 52 9 79 1 0 0 0 0 8 14 67 1 0 12 42 1
0 0 0 0 0 53 45 1 16 51 63 1 6 52 52 1 0 23 70 1 0 35 78 1 0 50 55 1 0 37 55 1 0 56 71 1 0 58 59 1 0 36 87 1 16 8 107 1 0 2 99 1 0 29 77 1 0 0 0 0 0 31 88 1 0 0 61 1 0 14 79 1 0 0 0 0 0 0 0 0 0 32 67 1 0 0 0 0 15 5 49 1 0 2 71 1 0 57 93 1 11 43 68 1 0 15 63 1 0 55 90 1 5 9 70 1 0 43 73 1 0 0 27 1 9 49 96 1 0 0 0 0 0 39 63 1 0 31 122 1 5 50 84 1 0 17 57 1 0 9 73 1 0 25 81 1 0 33 90 1 0 32 90 1 0 48 55 1 28 13 95 1 0 40 98 1 0 21 73 1 0 0 0 0 33 20 63 1 0 28 93 1 0 27 50 1 0 24 59 1 0 16 16 1 0 45 87 1 0 8 62 1 43 30 31 1 21 3 87 1 0 2 77 1 0 0 0 0 0 15 76 1 43 16 54 1 18 4 87 1 18 40 62 1 0 0 0 0 20 15 73 1 15 37 51 1 22 26 54 1 6 19 58 1 21 3 66 1 10 0 121 1
0 43 74 1 32 37 63 1 16 13 48 1 19 16 73 1 0 31 55 1 0 0 0 0 0 30 80 1 8 40 57 1 11 34 78 1 0 16 53 1 13 50 90 1 30 40 63 1 0 18 65 1 35 24 58 1 0 0 45 1 0 28 79 1 0 34 62 1 21 25 71 1 0 17 69 1 0 4 51 1 0 0 0 0 0 19 133 1 18 33 90 1 0 0 0 0 22 54 47 1 4 28 86 1 7 16 63 1 0 27 68 1 0 47 5 1 0 3 48 1 5 0 82 1 7 0 70 1 4 1 71 1 0 10 70 1 0 23 75 1 2 40 33 1 8 18 61 1 5 22 84 1 2 36 39 1 0 25 59 1 26 59 82 1 0 0 66 1 0 0 0 0 4 0 84 1 25 0 97 1 41 33 54 1 37 52 45 1 0 57 45 1 0 0 74 1 11 16 46 1 4 26 103 1 0 26 54 1 32 0 67 1 9 42 38 1 5 10 36 1 0 16 37 1 22 34 80 1 5 41 67 1 17 0 25 1 15 43 94 1 0 0 55 1 8 53 58 1 14 0 59 1 31 19 55 1 52 0 73 1 0 0 0 0 38 16 51 1 0 0 0 0
0 29 104 1 7 36 49 1 0 45 103 1 8 19 55 1 0 30 66 1 0 77 91 1 3 18 68 1 0 28 104 1 0 30 85 1 16 43 52 1 4 62 78 1 11 18 92 1 1 63 34 1 0 44 47 1 0 32 77 1 22 25 84 1 31 25 88 1 0 68 55 1 0 0 0 0 23 30 43 1 0 12 64 1 27 19 63 1 6 48 46 1 0 34 96 1 0 23 75 1 0 7 79 1 0 75 76 1 36 25 66 1 0 67 61 1 21 24 67 1 16 23 44 1 0 9 57 1 9 40 90 1 8 12 72 1 2 55 48 1 0 23 84 1 37 20 97 1 0 45 72 1 0 14 57 1 0 42 51 1 22 16 106 1 7 30 84 1 20 45 59 1 0 22 50 1 35 43 59 1 11 2 52 1 0 30 64 1 36 3 54 1 13 37 61 1 11 50 85 1 0 27 47 1 48 19 46 1 13 25 78 1 0 13 81 1 16 18 60 1 1 9 71 1 36 0 90 1 0 15 98 1 0 14 67 1 0 22 18 1 0 0 28 1 0 21 47 1 30 30 58 1 7 34 51 1 5 0 54 1 0 0 0 0 17 2 56 1 5 9 69 1
16 30 76 1 12 30 28 1 0 57 63 1 0 25 73 1 0 59 78 1 0 54 57 1 0 28 49 1 0 0 0 0 0 45 62 1 1 26 81 1 9 24 70 1 0 6 75 1 0 6 72 1 0 0 0 0 0 23 68 1 7 11 51 1 0 48 82 1 5 36 4 1 0 8 70 1 26 31 70 1 0 0 57 1 0 38 73 1 14 33 60 1 0 0 0 0 0 48 47 1 20 35 46 1 11 27 67 1 14 54 78 1 0 39 81 1 0 0 87 1 0 30 43 1 0 43 103 1 0 31 74 1 7 35 84 1 0 16 45 1 0 14 84 1 1 40 69 1 12 53 59 1 0 19 66 1 0 38 48 1 0 24 87 1 16 37 43 1 8 41 52 1 2 39 0 1 15 77 54 1 11 48 77 1 13 0 65 1 10 52 42 1 0 31 81 1 0 25 79 1 3 0 66 1 0 0 77 1 0 27 64 1 0 0 0 0 24 0 67 1 8 33 56 1 10 47 45 1 44 16 73 1 11 13 71 1 0 3 34 1 32 79 67 1 17 21 82 1 55 19 101 1 0 0 0 0 26 16 87 1 5 14 55 1 20 32 59 1 8 66 50 1
0 61 93 1 16 6 110 1 0 0 0 0 21 32 94 1 0 75 84 1 8 11 81 1 18 51 119 1 41 43 78 1 0 17 76 1 25 17 54 1 0 61 99 1 12 35 87 1 21 50 56 1 0 43 27 1 17 37 72 1 9 86 86 1 0 34 55 1 0 34 80 1 12 4 61 1 25 19 77 1 0 21 89 1 7 56 39 1 0 18 27 1 0 35 57 1 0 0 0 0 0 10 93 1 44 0 69 1 17 14 34 1 0 30 72 1 26 31 70 1 7 20 59 1 7 36 67 1 3 31 64 1 0 0 0 0 0 38 68 1 0 0 0 0 35 39 72 1 0 65 61 1 0 0 0 0 0 0 0 0 52 0 72 1 0 55 69 1 10 0 37 1 0 0 0 0 0 33 97 1 0 15 96 1 0 48 38 1 14 11 58 1 4 27 36 1 35 0 93 1 35 0 91 1 4 23 32 1 16 20 36 1 5 0 51 1 15 56 65 1 0 60 73 1 28 49 58 1 18 30 59 1 0 9 57 1 0 0 75 1 0 0 0 0 32 10 74 1 0 0 0 0 27 11 49 1 0 4 80 1 0 0 57 1 22 41 84 1 9 14 70 1
0 43 45 1 15 3 59 1 0 34 90 1 0 46 76 1 0 0 0 0 10 29 74 1 6 29 40 1 5 34 84 1 14 12 82 1 0 80 67 1 25 0 82 1 1 0 72 1 38 61 56 1 5 38 82 1 2 18 80 1 3 39 56 1 8 38 94 1 0 14 67 1 0 43 75 1 0 51 55 1 6 27 53 1 0 12 56 1 0 15 118 1 0 0 38 1 21 44 51 1 1 0 64 1 10 6 43 1 3 33 82 1 0 25 90 1 0 0 0 0 0 0 0 0 13 39 70 1 0 30 72 1 39 67 73 1 0 0 0 0 0 6 75 1 0 38 58 1 22 60 44 1 14 20 72 1 16 14 63 1 0 57 50 1 0 18 91 1 0 0 38 1 5 43 76 1 9 24 47 1 0 16 41 1 4 51 26 1 0 18 85 1 0 0 0 0 24 3 76 1 14 34 90 1 0 46 68 1 4 0 70 1 0 29 48 1 0 54 45 1 0 19 45 1 16 5 39 1 6 47 65 1 0 25 97 1 0 0 96 1 0 0 72 1 0 7 70 1 15 0 68 1 0 0 0 0 26 29 88 1 0 15 70 1 11 13 102 1 1 13 79 1
0 56 67 1 0 42 116 1 0 46 82 1 0 58 103 1 26 19 99 1 0 26 80 1 14 37 66 1 29 32 65 1 0 28 75 1 0 20 71 1 0 48 73 1 0 0 0 0 14 24 67 1 0 44 97 1 6 54 75 1 48 55 66 1 0 20 60 1 0 36 75 1 0 41 76 1 19 34 20 1 0 42 82 1 11 25 71 1 17 46 70 1 19 15 59 1 0 0 0 0 10 12 43 1 0 0 0 0 0 1 71 1 0 17 62 1 0 0 113 1 28 19 48 1 2 0 65 1 0 24 63 1 8 14 60 1 32 0 33 1 0 37 83 1 0 37 62 1 0 3 63 1 6 34 67 1 43 17 66 1 0 0 0 0 22 31 37 1 23 43 89 1 0 12 39 1 0 21 82 1 0 0 0 0 2 0 70 1 47 36 81 1 5 3 77 1 12 24 93 1 0 20 87 1 0 34 74 1 0 0 39 1 13 2 60 1 3 51 43 1 0 20 99 1 33 22 82 1 0 26 67 1 7 30 44 1 8 25 66 1 23 30 50 1 40 32 69 1 0 19 57 1 3 25 0 1 21 12 81 1 0 0 65 1 5 22 99 1 0 0 0 0
29 31 87 1 20 32 97 1 30 27 55 1 2 84 60 1 1 59 60 1 27 56 54 1 0 56 94 1 12 14 92 1 7 37 59 1 0 41 85 1 17 22 57 1 57 10 100 1 0 27 49 1 0 41 55 1 0 0 0 0 4 7 74 1 17 10 54 1 4 37 57 1 0 51 31 1 0 48 28 1 13 31 27 1 3 56 48 1 0 5 61 1 0 0 0 0 4 54 39 1 0 45 71 1 21 19 39 1 12 10 13 1 20 24 64 1 29 0 62 1 0 0 0 0 0 22 55 1 0 49 70 1 25 55 84 1 0 54 81 1 0 28 114 1 21 39 55 1 0 40 50 1 0 43 99 1 10 20 69 1 25 11 57 1 0 45 45 1 0 0 0 0 0 0 0 0 0 29 49 1 0 0 95 1 12 29 63 1 0 0 0 0 10 77 80 1 1 35 55 1 25 0 62 1 28 0 68 1 27 24 69 1 15 10 46 1 0 15 87 1 6 11 87 1 0 6 59 1 0 15 59 1 7 13 41 1 17 10 87 1 16 15 110 1 0 0 0 0 0 0 0 0 0 30 68 1 0 0 0 0 0 9 56 1 0 0 0 0 45 26 79 1
9 31 33 1 35 29 111 1 0 19 44 1 34 50 57 1 38 24 71 1 0 48 63 1 3 39 97 1 0 57 80 1 55 52 56 1 18 53 58 1 0 0 0 0 0 30 58 1 0 37 81 1 0 48 78 1 27 20 79 1 4 49 36 1 2 0 88 1 4 29 84 1 0 21 110 1 0 28 85 1 7 5 25 1 0 12 57 1 4 41 52 1 0 41 93 1 37 39 79 1 0 0 0 0 0 0 56 1 27 9 59 1 51 12 74 1 1 29 105 1 0 0 69 1 10 41 72 1 16 10 43 1 0 30 44 1 0 0 68 1 0 39 49 1 3 0 56 1 0 51 67 1 0 11 78 1 0 50 58 1 7 57 52 1 0 54 55 1 0 0 0 0 0 0 0 0 0 33 37 1 9 0 78 1 3 37 63 1 16 17 64 1 17 52 87 1 0 0 56 1 21 11 54 1 8 13 76 1 0 23 70 1 2 43 73 1 0 26 59 1 21 37 75 1 0 31 61 1 42 19 75 1 0 47 80 1 0 35 87 1 0 29 63 1 64 33 51 1 9 32 56 1 0 15 5 1 0 0 49 1 0 14 49 1 0 44 99 1 15 31 57 1
8 6 93 1 0 0 0 0 14 53 101 1 0 9 58 1 0 0 61 1 14 31 103 1 2 54 58 1 2 57 91 1 12 35 80 1 1 10 72 1 4 33 64 1 0 36 68 1 0 0 0 0 12 44 65 1 7 5 64 1 31 24 72 1 45 0 61 1 15 28 87 1 0 34 50 1 19 23 62 1 0 9 79 1 2 47 64 1 8 1 46 1 15 23 67 1 0 0 79 1 11 9 67 1 11 38 96 1 0 33 49 1 4 26 54 1 0 6 62 1 0 42 71 1 0 0 0 0 0 0 57 1 0 37 95 1 0 33 70 1 0 0 0 0 0 22 93 1 3 77 85 1 5 13 72 1 0 39 93 1 0 31 66 1 0 48 73 1 1 31 94 1 43 14 52 1 0 27 42 1 0 0 0 0 0 12 72 1 0 24 46 1 22 44 67 1 0 13 75 1 22 56 76 1 2 4 82 1 19 28 77 1 32 23 77 1 24 20 75 1 19 44 72 1 5 21 55 1 0 0 0 0 10 39 41 1 0 0 0 0 8 26 72 1 0 27 75 1 0 21 63 1 0 54 72 1 5 39 64 1 0 14 78 1 19 25 80 1 0 32 53 1
0 0 0 0 0 57 76 1 0 52 51 1 0 9 42 1 0 0 98 1 0 0 0 0 0 0 0 0 25 73 67 1 0 41 30 1 0 62 101 1 0 33 77 1 8 49 88 1 0 70 64 1 9 46 75 1 6 36 59 1 0 28 62 1 2 27 23 1 15 50 46 1 0 0 0 0 0 27 86 1 0 0 0 0 0 45 68 1 14 13 65 1 0 45 73 1 14 23 94 1 0 9 58 1 0 0 67 1 0 0 0 0 0 18 51 1 14 15 50 1 7 25 67 1 22 41 87 1 0 0 0 0 24 13 62 1 0 0 62 1 13 0 64 1 11 3 60 1 0 20 43 1 10 37 75 1 3 4 77 1 13 6 56 1 19 37 83 1 0 9 58 1 0 0 0 0 0 15 51 1 28 28 105 1 0 25 52 1 0 0 0 0 6 0 51 1 15 0 81 1 20 21 29 1 0 25 51 1 16 38 82 1 0 15 108 1 36 10 54 1 7 24 54 1 0 49 82 1 15 10 46 1 33 0 65 1 43 41 47 1 0 0 0 0 23 14 73 1 0 19 12 1 29 55 121 1 0 40 84 1 4 0 90 1 0 0 0 0 7 41 78 1
14 0 124 1 18 53 51 1 0 29 76 1 0 66 77 1 0 63 51 1 0 32 83 1 0 0 0 0 0 40 61 1 0 0 58 1 7 31 73 1 38 19 82 1 7 14 59 1 0 21 71 1 30 69 55 1 9 14 112 1 0 0 0 0 5 35 62 1 0 59 55 1 16 62 87 1 0 37 80 1 22 19 87 1 18 24 81 1 0 68 56 1 0 0 0 0 0 0 0 0 21 9 97 1 17 73 28 1 0 26 58 1 0 63 103 1 8 1 27 1 20 10 53 1 3 36 87 1 23 55 34 1 38 57 45 1 0 14 44 1 29 9 89 1 16 24 26 1 0 2 46 1 0 37 37 1 35 20 82 1 0 0 103 1 0 55 67 1 13 28 61 1 0 9 40 1 0 0 0 0 6 22 52 1 1 0 85 1 0 32 64 1 0 0 0 0 0 0 0 0 0 28 19 1 23 12 45 1 11 28 79 1 9 7 33 1 0 11 68 1 0 0 0 0 0 52 76 1 23 0 57 1 4 26 96 1 19 10 63 1 0 17 37 1 0 0 0 0 15 1 57 1 0 6 34 1 40 11 70 1 0 5 67 1 24 19 52 1 0 0 45 1
23 54 61 1 0 64 85 1 13 49 60 1 0 0 43 1 0 26 86 1 0 45 42 1 0 49 76 1 13 48 105 1 0 28 48 1 0 44 42 1 0 0 0 0 0 0 0 0 1 24 58 1 11 17 66 1 9 31 55 1 0 13 57 1 0 0 0 0 2 39 78 1 1 27 102 1 0 32 41 1 0 36 40 1 10 3 114 1 10 27 86 1 5 11 44 1 0 0 0 0 16 42 64 1 0 48 59 1 12 54 38 1 0 5 85 1 0 15 109 1 0 0 0 0 0 34 89 1 7 33 72 1 0 57 62 1 0 0 79 1 27 26 95 1 8 8 74 1 0 41 68 1 0 0 0 0 8 32 76 1 0 40 68 1 15 31 45 1 41 1 73 1 11 0 57 1 0 36 82 1 0 20 37 1 34 26 68 1 16 28 88 1 0 0 0 0 1 15 36 1 0 11 77 1 44 16 77 1 0 44 73 1 0 40 67 1 11 0 57 1 0 7 101 1 0 6 60 1 13 49 71 1 22 24 61 1 11 29 114 1 7 23 109 1 45 8 65 1 27 43 82 1 0 16 48 1 0 57 94 1 17 0 75 1 37 39 77 1 0 45 69 1
0 14 64 1 0 78 74 1 12 1 64 1 6 49 110 1 0 24 81 1 10 35 95 1 0 33 61 1 0 0 0 0 0 6 70 1 0 0 0 0 0 24 71 1 6 10 54 1 0 66 73 1 25 32 49 1 14 41 67 1 16 40 100 1 0 8 33 1 0 32 67 1 13 0 80 1 0 30 65 1 0 23 19 1 0 0 0 0 26 24 69 1 1 23 76 1 0 13 91 1 0 17 95 1 2 0 40 1 21 22 39 1 13 50 116 1 21 21 51 1 4 7 75 1 1 25 112 1 23 21 77 1 0 60 13 1 22 38 64 1 0 26 103 1 10 1 94 1 5 7 85 1 0 16 54 1 0 82 46 1 22 56 86 1 0 66 50 1 0 26 107 1 0 49 56 1 0 4 76 1 0 3 72 1 0 4 62 1 45 49 80 1 0 14 31 1 0 19 65 1 0 43 71 1 0 18 77 1 0 29 59 1 0 0 0 0 0 33 103 1 7 6 74 1 0 48 75 1 0 38 82 1 0 0 0 0 3 23 45 1 0 16 57 1 0 0 61 1 4 19 77 1 7 40 46 1 32 35 74 1 0 0 0 0 21 3 86 1 0 32 52 1
0 0 0 0 0 55 86 1 0 44 92 1 0 35 63 1 11 52 68 1 9 46 74 1 0 61 78 1 0 50 35 1 10 53 84 1 18 31 87 1 0 14 47 1 25 43 52 1 8 12 47 1 0 33 73 1 0 26 64 1 0 31 80 1 0 0 0 0 0 31 35 1 0 42 79 1 0 0 0 0 0 18 85 1 32 21 93 1 50 18 51 1 0 73 45 1 0 38 60 1 0 21 68 1 0 62 71 1 7 46 67 1 0 0 114 1 0 0 0 0 17 37 85 1 1 58 60 1 0 0 0 0 24 37 76 1 0 0 48 1 34 45 25 1 30 14 58 1 0 27 64 1 15 5 96 1 3 51 75 1 0 0 0 0 34 4 88 1 0 30 69 1 0 35 33 1 12 62 74 1 17 0 67 1 29 31 80 1 37 38 68 1 16 0 99 1 13 52 77 1 0 13 86 1 18 24 72 1 15 42 35 1 0 5 72 1 52 23 80 1 24 0 47 1 0 0 0 0 13 35 64 1 0 18 70 1 0 0 0 0 0 17 113 1 23 0 88 1 24 18 53 1 0 4 52 1 23 0 55 1 0 0 71 1 0 0 0 0 0 3 57 1
0 62 71 1 0 41 90 1 14 14 69 1 0 0 0 0 13 50 47 1 20 15 100 1 14 0 80 1 46 24 54 1 3 28 54 1 0 3 79 1 12 34 54 1 0 0 0 0 4 11 19 1 0 38 111 1 0 44 88 1 0 0 0 0 42 0 70 1 0 0 0 0 0 17 87 1 0 29 65 1 14 0 47 1 0 39 41 1 0 41 70 1 0 36 70 1 28 6 88 1 2 53 52 1 10 55 60 1 0 0 0 0 10 24 74 1 0 3 60 1 8 5 75 1 38 0 60 1 0 31 70 1 16 26 48 1 0 50 52 1 0 18 90 1 8 1 51 1 0 38 95 1 23 39 104 1 0 56 41 1 0 34 61 1 36 76 87 1 7 17 54 1 24 35 65 1 15 49 72 1 18 35 55 1 7 7 36 1 10 32 91 1 0 8 31 1 37 57 54 1 23 44 66 1 10 20 40 1 0 0 0 0 30 42 52 1 23 22 56 1 0 0 47 1 0 39 72 1 0 31 93 1 0 25 59 1 13 2 66 1 3 0 76 1 7 47 57 1 3 2 85 1 23 2 90 1 0 6 90 1 9 34 42 1 20 36 72 1 0 32 62 1
2 41 76 1 0 59 106 1 0 24 75 1 0 44 87 1 18 0 45 1 0 0 65 1 0 47 74 1 5 29 73 1 10 45 102 1 0 8 57 1 1 32 66 1 16 27 26 1 0 65 67 1 6 29 52 1 0 19 68 1 0 0 0 0 0 12 55 1 4 39 54 1 0 26 97 1 0 2 97 1 19 61 112 1 39 12 93 1 15 40 53 1 0 0 0 0 22 21 107 1 12 58 68 1 0 38 106 1 0 48 74 1 26 3 63 1 0 0 0 0 3 23 33 1 8 9 48 1 23 0 51 1 0 0 0 0 19 0 65 1 0 31 75 1 0 3 123 1 8 16 100 1 0 6 72 1 11 29 77 1 14 38 51 1 8 45 52 1 0 18 74 1 7 63 68 1 0 10 85 1 0 16 67 1 0 25 66 1 0 35 60 1 0 37 64 1 16 1 93 1 0 2 78 1 0 25 77 1 13 44 82 1 0 43 57 1 0 17 10 1 38 31 88 1 0 29 63 1 0 40 43 1 0 24 42 1 19 0 40 1 0 0 0 0 0 0 59 1 0 13 74 1 0 20 73 1 0 5 49 1 24 15 69 1 29 29 67 1 0 13 92 1
0 0 85 1 0 36 62 1 0 27 105 1 0 31 64 1 0 20 52 1 0 8 80 1 0 25 31 1 30 69 42 1 0 22 74 1 2 30 51 1 0 16 94 1 5 37 86 1 34 20 61 1 0 39 53 1 0 41 52 1 17 42 79 1 9 9 64 1 8 68 49 1 0 68 79 1 59 26 82 1 0 30 67 1 2 35 62 1 0 0 0 0 9 28 38 1 0 0 75 1 34 38 53 1 21 16 68 1 13 20 41 1 28 45 77 1 0 0 0 0 0 77 61 1 40 0 65 1 0 25 73 1 31 42 42 1 0 0 0 0 1 43 84 1 0 25 49 1 30 4 102 1 20 14 60 1 34 1 68 1 0 41 76 1 0 19 121 1 0 0 0 0 10 72 73 1 10 61 49 1 24 8 95 1 0 0 0 0 0 28 25 1 0 20 57 1 0 0 0 0 8 23 76 1 11 29 69 1 10 0 51 1 0 0 0 0 0 0 0 0 31 22 55 1 2 3 71 1 17 0 37 1 0 0 79 1 0 0 0 0 0 17 46 1 35 23 20 1 41 40 57 1 23 11 78 1 0 0 62 1 14 26 84 1 12 71 101 1 19 48 64 1
4 44 42 1 17 26 49 1 0 48 94 1 0 48 50 1 0 33 47 1 0 39 88 1 0 12 73 1 59 10 66 1 0 56 90 1 0 42 62 1 0 22 67 1 0 32 105 1 0 23 105 1 0 39 93 1 0 0 83 1 0 0 81 1 0 0 0 0 0 0 0 0 29 41 98 1 40 61 77 1 0 70 68 1 17 8 49 1 27 39 75 1 28 0 75 1 0 44 55 1 0 12 60 1 0 18 109 1 0 30 79 1 0 40 61 1 24 55 47 1 5 6 81 1 0 24 42 1 2 40 103 1 0 24 54 1 0 0 0 0 1 8 56 1 26 44 76 1 0 0 0 0 0 0 0 0 0 28 54 1 9 34 71 1 0 0 0 0 0 40 79 1 0 42 81 1 12 4 62 1 17 43 85 1 0 48 48 1 17 21 57 1 0 39 14 1 0 36 101 1 0 45 89 1 0 20 39 1 32 5 60 1 0 56 25 1 0 31 75 1 0 0 67 1 0 23 63 1 0 10 36 1 35 24 101 1 0 24 82 1 45 10 77 1 17 28 45 1 51 79 80 1 39 12 72 1 0 4 52 1 14 18 56 1 17 12 91 1 0 0 0 0
39 8 89 1 0 69 62 1 0 49 93 1 0 23 51 1 8 54 64 1 0 0 108 1 0 0 0 0 10 60 84 1 0 36 99 1 13 32 119 1 56 28 64 1 0 71 36 1 7 24 46 1 3 45 42 1 31 24 28 1 0 4 66 1 0 0 69 1 55 52 80 1 21 20 77 1 0 19 45 1 27 24 108 1 21 5 78 1 7 24 29 1 0 7 86 1 27 18 53 1 0 18 60 1 0 0 0 0 33 57 59 1 28 1 89 1 0 32 83 1 24 13 65 1 10 29 84 1 0 0 13 1 0 0 0 0 0 61 84 1 1 8 85 1 0 0 0 0 1 54 71 1 17 65 86 1 7 51 52 1 0 0 0 0 0 31 73 1 0 10 95 1 0 16 84 1 0 34 54 1 7 23 32 1 5 75 68 1 17 25 87 1 0 0 49 1 0 0 50 1 0 0 0 0 34 31 104 1 0 0 53 1 12 25 40 1 15 4 103 1 21 0 95 1 0 8 65 1 0 0 65 1 16 24 68 1 0 9 90 1 7 56 69 1 32 7 73 1 0 0 0 0 0 27 88 1 0 0 32 1 0 0 96 1 0 25 63 1 0 0 56 1
0 20 39 1 15 19 108 1 3 48 73 1 0 44 60 1 0 24 91 1 13 64 78 1 21 20 50 1 15 29 70 1 29 0 82 1 0 21 72 1 0 38 55 1 0 25 66 1 7 67 47 1 43 23 71 1 19 8 65 1 0 0 0 0 0 0 0 0 0 42 60 1 8 16 66 1 8 35 36 1 31 38 42 1 0 76 88 1 0 17 79 1 19 22 79 1 0 58 30 1 21 46 75 1 0 35 76 1 0 0 0 0 0 48 95 1 17 58 25 1 0 44 68 1 1 21 71 1 4 47 84 1 0 33 121 1 16 0 88 1 27 17 77 1 11 37 35 1 58 13 56 1 16 24 82 1 0 49 76 1 0 44 45 1 0 25 54 1 9 45 39 1 0 48 62 1 0 8 62 1 16 0 68 1 26 30 99 1 39 50 47 1 0 0 0 0 17 20 93 1 0 0 91 1 0 0 0 0 0 24 69 1 7 65 106 1 0 5 34 1 29 19 43 1 1 65 59 1 0 57 61 1 0 0 70 1 22 35 85 1 1 43 79 1 0 20 41 1 22 31 91 1 21 16 63 1 15 17 87 1 0 20 75 1 0 0 0 0 8 12 85 1
0 59 53 1 24 8 106 1 0 77 74 1 0 45 58 1 23 2 57 1 2 28 28 1 0 7 57 1 0 0 0 0 18 25 75 1 1 45 80 1 0 46 86 1 0 41 71 1 14 22 59 1 6 35 44 1 19 33 64 1 0 28 62 1 0 52 36 1 0 35 86 1 0 37 94 1 0 48 77 1 0 36 79 1 0 40 51 1 26 32 49 1 0 0 0 0 0 0 0 0 0 46 38 1 10 46 81 1 0 0 61 1 16 49 117 1 0 0 0 0 0 11 64 1 0 36 97 1 0 14 83 1 33 26 92 1 0 21 109 1 0 36 44 1 0 0 98 1 0 0 0 0 6 9 98 1 0 43 58 1 0 7 64 1 7 42 92 1 0 0 0 0 0 33 73 1 0 0 89 1 0 32 47 1 3 40 63 1 38 8 54 1 8 15 63 1 3 22 62 1 0 31 61 1 2 25 55 1 0 0 53 1 4 44 59 1 1 0 83 1 34 32 54 1 0 88 72 1 0 38 27 1 8 0 64 1 0 44 44 1 4 38 67 1 0 41 65 1 11 30 71 1 0 0 47 1 17 42 53 1 0 25 82 1 0 41 116 1 61 17 59 1
0 13 90 1 0 19 71 1 14 41 77 1 10 47 44 1 0 0 0 0 0 8 74 1 6 12 88 1 28 16 82 1 0 57 116 1 7 3 82 1 4 23 79 1 11 67 80 1 0 16 77 1 22 20 98 1 6 0 102 1 18 12 53 1 0 5 56 1 0 0 93 1 0 11 75 1 0 0 0 0 4 53 71 1 8 48 101 1 0 14 86 1 27 21 77 1 0 72 69 1 0 0 0 0 0 15 66 1 0 0 0 0 2 37 32 1 11 47 71 1 1 11 61 1 26 46 56 1 36 40 65 1 0 0 0 0 28 20 95 1 0 32 77 1 5 14 93 1 0 19 49 1 5 19 99 1 17 54 120 1 9 19 86 1 22 49 68 1 17 4 56 1 34 30 43 1 34 18 56 1 0 0 75 1 52 46 73 1 0 0 0 0 0 11 78 1 0 0 0 0 0 25 92 1 0 0 0 0 0 14 62 1 10 0 92 1 4 31 91 1 0 0 0 0 0 34 29 1 6 4 48 1 0 0 0 0 0 20 75 1 0 15 59 1 0 69 108 1 6 34 85 1 20 15 109 1 0 17 62 1 0 26 75 1 0 43 40 1 0 33 40 1
0 56 95 1 6 32 53 1 0 43 96 1 46 35 93 1 2 32 96 1 0 49 51 1 0 0 0 0 18 54 94 1 0 30 110 1 0 1 76 1 0 48 93 1 19 19 77 1 0 69 96 1 14 21 68 1 10 0 68 1 0 56 33 1 0 0 0 0 0 26 76 1 0 40 104 1 31 51 75 1 0 49 86 1 0 17 110 1 1 52 37 1 27 44 52 1 1 0 96 1 0 0 0 0 16 8 78 1 0 20 57 1 0 10 49 1 27 11 89 1 2 24 92 1 0 52 81 1 14 52 93 1 0 28 57 1 0 1 75 1 11 49 65 1 5 63 42 1 0 43 80 1 8 26 56 1 24 39 58 1 24 48 86 1 9 28 61 1 0 50 70 1 0 26 49 1 12 31 88 1 0 7 50 1 27 3 93 1 28 26 47 1 17 37 79 1 39 5 55 1 28 28 34 1 0 7 54 1 0 11 48 1 26 5 15 1 42 0 71 1 40 40 8 1 0 0 99 1 0 22 54 1 17 15 53 1 0 18 51 1 0 3 134 1 0 10 71 1 0 37 40 1 0 15 99 1 34 11 82 1 0 38 66 1 36 8 82 1 3 0 98 1
36 21 29 1 8 58 58 1 0 32 73 1 17 25 57 1 6 18 27 1 1 11 90 1 0 59 57 1 0 68 70 1 0 0 0 0 0 37 62 1 0 20 73 1 27 30 55 1 8 52 45 1 6 9 71 1 0 24 67 1 2 11 56 1 6 49 87 1 0 16 60 1 8 45 75 1 5 45 31 1 0 6 22 1 35 87 86 1 0 0 52 1 0 0 0 0 0 23 48 1 20 23 84 1 0 46 69 1 11 24 107 1 13 34 81 1 0 0 71 1 0 0 0 0 10 11 59 1 0 33 93 1 24 0 99 1 0 0 0 0 25 0 131 1 5 0 67 1 0 15 58 1 10 21 74 1 0 52 59 1 4 51 53 1 9 20 100 1 0 15 90 1 0 73 42 1 42 32 50 1 0 38 80 1 43 3 74 1 0 0 65 1 0 16 80 1 4 39 88 1 0 20 58 1 13 8 35 1 26 21 57 1 14 35 42 1 0 31 61 1 23 20 73 1 0 27 54 1 7 27 89 1 4 4 58 1 0 44 44 1 0 0 0 0 29 15 46 1 0 28 25 1 5 18 53 1 28 33 44 1 0 17 62 1 3 56 83 1 0 33 85 1
0 45 94 1 0 62 53 1 4 57 16 1 0 26 64 1 0 0 0 0 0 0 0 0 0 44 70 1 0 62 67 1 0 48 54 1 18 27 77 1 0 57 78 1 0 0 0 0 20 55 65 1 24 14 41 1 0 34 60 1 0 35 65 1 20 52 90 1 0 36 87 1 0 49 94 1 3 39 72 1 18 22 71 1 5 17 70 1 0 2 74 1 0 0 84 1 0 16 91 1 0 13 83 1 18 25 72 1 0 0 67 1 22 52 76 1 0 31 102 1 5 20 51 1 0 20 45 1 9 57 84 1 0 0 0 0 21 4 31 1 0 25 82 1 0 36 77 1 7 21 74 1 0 14 70 1 29 12 98 1 0 44 55 1 0 29 58 1 0 0 94 1 10 7 58 1 49 13 54 1 8 27 76 1 0 0 0 0 0 0 0 0 13 21 53 1 23 27 50 1 0 55 77 1 0 25 57 1 24 0 86 1 0 24 50 1 21 40 90 1 9 7 66 1 23 51 60 1 0 34 66 1 25 28 96 1 47 19 80 1 0 27 69 1 31 0 87 1 0 16 99 1 0 0 0 0 19 25 72 1 3 34 21 1 0 30 70 1 0 17 58 1
0 0 0 0 4 42 99 1 9 22 60 1 9 35 84 1 21 36 60 1 0 0 0 0 16 24 63 1 0 63 80 1 0 16 35 1 18 18 100 1 0 63 89 1 0 75 79 1 0 20 74 1 0 0 0 0 0 0 0 0 3 2 61 1 0 0 0 0 0 23 58 1 18 0 80 1 0 30 117 1 0 33 57 1 5 69 70 1 0 15 50 1 0 19 37 1 0 44 64 1 0 54 73 1 12 32 95 1 0 0 0 0 50 44 50 1 0 34 74 1 0 0 0 0 0 49 87 1 0 11 67 1 0 0 0 0 29 35 66 1 0 39 57 1 19 47 87 1 0 0 43 1 0 79 72 1 17 16 67 1 23 55 55 1 0 0 0 0 7 42 74 1 23 60 53 1 0 0 0 0 0 32 77 1 19 46 37 1 0 0 0 0 14 13 81 1 0 56 76 1 0 0 0 0 0 44 62 1 0 56 71 1 27 45 53 1 0 0 0 0 38 0 33 1 37 32 76 1 0 12 97 1 18 35 28 1 0 0 0 0 7 37 53 1 61 20 43 1 7 26 83 1 8 35 43 1 25 17 79 1 0 55 66 1 7 5 83 1 36 3 79 1
18 21 35 1 0 28 76 1 17 27 71 1 32 41 93 1 59 53 99 1 0 25 60 1 16 40 62 1 1 25 90 1 0 25 104 1 5 39 53 1 1 46 84 1 17 19 79 1 0 0 0 0 0 0 0 0 0 24 39 1 0 13 58 1 0 75 67 1 0 7 55 1 0 44 68 1 30 32 82 1 0 0 85 1 4 75 61 1 0 77 68 1 61 9 72 1 15 40 82 1 29 67 49 1 42 42 75 1 10 15 69 1 26 26 41 1 0 56 77 1 0 34 94 1 28 16 72 1 10 49 45 1 0 22 66 1 0 0 0 0 3 30 49 1 46 26 104 1 10 50 68 1 0 0 67 1 48 52 73 1 0 0 0 0 0 25 67 1 0 0 61 1 35 23 78 1 10 21 84 1 0 7 52 1 0 64 80 1 0 24 71 1 0 27 50 1 11 21 56 1 7 62 41 1 15 66 46 1 0 60 74 1 30 45 105 1 28 61 84 1 45 51 109 1 0 0 0 0 0 2 64 1 18 19 65 1 3 11 79 1 0 25 58 1 46 42 38 1 9 8 70 1 9 33 48 1 12 44 78 1 0 0 0 0 6 0 75 1 25 6 73 1
19 25 87 1 0 3 56 1 0 34 86 1 13 17 48 1 18 48 102 1 0 40 57 1 20 23 86 1 0 58 54 1 0 40 37 1 0 28 63 1 11 5 78 1 0 0 0 0 0 36 80 1 0 36 105 1 0 0 55 1 9 19 71 1 0 33 62 1 0 44 56 1 0 43 49 1 0 6 70 1 6 10 80 1 0 31 79 1 0 0 0 0 0 0 0 0 0 23 97 1 0 38 71 1 27 16 79 1 0 57 43 1 0 0 62 1 0 0 0 0 18 21 96 1 13 3 57 1 0 13 22 1 0 0 41 1 0 1 70 1 13 8 92 1 0 18 46 1 0 54 100 1 0 0 68 1 0 62 44 1 3 27 107 1 43 24 62 1 0 26 73 1 31 22 88 1 0 18 110 1 13 52 91 1 29 15 44 1 0 19 56 1 42 29 68 1 6 51 93 1 16 34 88 1 29 71 108 1 16 44 74 1 49 54 55 1 40 68 99 1 41 77 52 1 6 36 90 1 18 36 36 1 40 19 39 1 0 51 70 1 0 0 0 0 25 3 73 1 0 35 65 1 0 57 43 1 8 15 33 1 0 52 76 1 9 15 86 1 0 31 49 1
15 33 66 1 0 56 64 1 0 35 62 1 0 0 0 0 0 55 51 1 0 0 0 0 0 24 56 1 37 10 58 1 18 27 80 1 22 35 84 1 0 27 89 1 0 36 36 1 8 0 63 1 0 11 74 1 0 39 46 1 18 39 79 1 0 17 78 1 21 27 90 1 42 44 40 1 0 22 81 1 0 54 91 1 5 67 88 1 20 0 48 1 12 23 61 1 0 35 62 1 33 16 76 1 30 34 92 1 0 65 89 1 20 29 71 1 0 0 0 0 0 0 0 0 2 5 59 1 0 0 42 1 0 21 78 1 13 30 80 1 25 0 92 1 0 22 69 1 16 43 91 1 7 42 87 1 10 33 104 1 0 0 84 1 6 12 50 1 13 22 54 1 0 35 56 1 0 48 49 1 0 20 75 1 0 0 0 0 0 35 61 1 2 17 86 1 0 0 0 0 11 16 86 1 0 15 26 1 0 0 0 0 25 58 63 1 14 46 96 1 35 30 97 1 33 85 60 1 0 44 70 1 10 30 85 1 33 54 57 1 0 44 101 1 40 27 65 1 0 0 45 1 8 17 75 1 41 4 72 1 0 0 92 1 4 45 87 1 0 36 96 1
3 23 45 1 16 35 64 1 9 81 69 1 26 51 75 1 6 73 64 1 0 28 92 1 0 39 39 1 27 42 93 1 30 54 92 1 0 8 99 1 0 62 25 1 0 72 67 1 19 16 64 1 0 46 53 1 0 0 72 1 0 38 64 1 0 0 0 0 0 27 50 1 32 16 53 1 1 31 37 1 0 10 1 1 0 2 39 1 0 68 68 1 21 18 86 1 6 12 68 1 0 0 0 0 0 42 98 1 11 81 37 1 0 31 32 1 20 21 82 1 0 4 60 1 43 11 85 1 6 44 47 1 0 14 77 1 0 66 58 1 0 7 77 1 1 36 78 1 16 22 78 1 40 57 70 1 23 21 41 1 0 7 71 1 0 70 94 1 0 42 99 1 4 4 67 1 0 9 49 1 5 63 83 1 28 70 102 1 73 72 96 1 24 96 67 1 0 0 0 0 0 3 46 1 17 62 79 1 0 6 68 1 35 0 60 1 44 11 51 1 35 46 121 1 0 68 81 1 0 0 0 0 0 19 117 1 0 24 94 1 19 2 43 1 0 17 81 1 0 0 0 0 0 0 0 0 4 43 76 1 0 18 100 1 0 0 0 0 0 36 28 1
0 0 0 0 5 52 95 1 101 76 82 1 70 121 119 1 0 58 89 1 29 31 27 1 0 41 38 1 5 68 63 1 39 31 96 1 0 25 78 1 0 49 77 1 0 46 63 1 0 9 50 1 0 35 107 1 0 12 57 1 1 17 73 1 0 47 48 1 0 33 83 1 0 46 63 1 17 14 65 1 5 62 67 1 0 88 49 1 0 35 69 1 12 66 93 1 0 24 67 1 12 33 45 1 24 11 28 1 18 36 80 1 0 45 79 1 36 30 44 1 0 29 64 1 0 38 109 1 0 2 56 1 0 43 92 1 27 34 70 1 0 28 101 1 16 14 84 1 7 8 48 1 30 63 101 1 14 56 109 1 32 27 85 1 14 42 87 1 23 49 67 1 0 2 52 1 0 0 0 0 0 0 0 0 98 99 109 1 88 93 125 1 34 74 94 1 0 15 84 1 24 39 73 1 0 37 51 1 29 35 105 1 0 23 82 1 7 62 74 1 13 11 73 1 0 30 38 1 5 28 66 1 7 24 52 1 0 19 38 1 10 4 63 1 5 8 102 1 0 36 98 1 0 0 0 0 1 20 11 1 0 41 104 1 3 29 65 1 27 5 79 1
0 20 77 1 0 47 93 1 47 96 129 1 65 83 130 1 3 53 99 1 34 79 90 1 39 26 70 1 0 38 57 1 6 0 81 1 0 28 46 1 0 0 0 0 0 26 21 1 0 33 74 1 0 0 0 0 0 19 69 1 12 29 102 1 0 50 58 1 0 56 57 1 44 0 82 1 14 20 87 1 0 0 0 0 32 34 60 1 0 0 0 0 32 44 71 1 37 56 54 1 0 65 64 1 32 7 72 1 0 63 84 1 0 0 3 1 0 0 0 0 23 0 107 1 5 8 59 1 1 16 81 1 0 0 52 1 0 48 91 1 0 0 0 0 6 59 93 1 0 25 69 1 3 43 78 1 0 0 0 0 20 12 30 1 0 0 0 0 5 35 100 1 22 53 53 1 58 48 68 1 87 168 142 1 124 81 131 1 0 0 0 0 26 48 97 1 0 53 27 1 40 0 59 1 0 74 54 1 19 24 89 1 14 67 39 1 32 53 87 1 0 8 72 1 8 34 87 1 5 16 74 1 0 17 46 1 0 14 87 1 0 38 88 1 0 2 66 1 0 10 36 1 23 75 40 1 6 0 111 1 48 12 94 1 6 26 54 1 22 21 72 1
16 60 70 1 29 90 66 1 13 53 54 1 40 39 47 1 0 14 63 1 0 39 56 1 0 58 72 1 20 56 38 1 0 33 40 1 0 14 74 1 3 40 48 1 0 0 0 0 19 50 73 1 0 16 72 1 17 29 25 1 0 7 63 1 18 7 74 1 0 41 52 1 21 31 115 1 0 33 73 1 27 24 77 1 0 79 51 1 35 23 46 1 3 30 110 1 0 24 81 1 0 24 55 1 29 51 103 1 15 29 47 1 0 0 0 0 28 21 91 1 0 13 71 1 0 0 0 0 0 31 73 1 10 40 56 1 0 0 97 1 13 28 62 1 0 40 50 1 0 0 0 0 6 30 67 1 0 44 57 1 0 34 45 1 28 8 68 1 0 28 29 1 0 20 73 1 43 78 130 1 142 140 188 1 114 147 137 1 71 70 112 1 87 45 99 1 51 65 38 1 17 44 75 1 58 71 80 1 4 34 92 1 0 0 0 0 0 46 67 1 0 0 67 1 0 0 89 1 32 34 64 1 0 0 0 0 2 21 77 1 23 19 100 1 33 12 47 1 14 45 105 1 3 14 82 1 0 38 81 1 0 18 75 1 0 5 82 1 0 23 86 1
0 0 0 0 24 54 89 1 41 71 71 1 0 21 11 1 4 23 54 1 38 25 58 1 0 24 96 1 56 39 35 1 4 37 96 1 0 39 38 1 0 0 58 1 0 23 29 1 5 29 45 1 0 7 73 1 8 29 76 1 0 34 53 1 1 7 17 1 0 36 70 1 0 0 0 0 0 38 73 1 0 0 85 1 0 37 25 1 0 11 60 1 19 32 93 1 28 28 47 1 0 16 104 1 12 36 72 1 0 46 79 1 24 28 71 1 0 54 102 1 0 25 57 1 30 35 59 1 4 59 54 1 0 21 58 1 33 41 93 1 0 41 52 1 3 38 77 1 10 35 40 1 8 28 56 1 10 0 65 1 0 29 79 1 0 5 60 1 0 45 68 1 38 73 65 1 104 85 155 1 147 162 225 1 139 187 139 1 87 127 155 1 71 70 102 1 21 18 67 1 1 41 86 1 29 9 83 1 0 37 66 1 6 23 76 1 3 53 52 1 0 5 37 1 0 42 75 1 0 49 93 1 6 35 43 1 20 0 45 1 0 51 63 1 12 68 107 1 35 13 60 1 16 54 88 1 36 11 26 1 4 22 60 1 0 0 53 1 0 36 76 1
86 101 88 1 40 51 83 1 0 75 84 1 0 0 0 0 0 63 120 1 0 26 78 1 22 39 83 1 13 4 45 1 0 4 42 1 0 65 63 1 0 0 0 0 0 0 0 0 0 18 79 1 5 80 69 1 11 26 12 1 0 66 66 1 4 27 60 1 0 14 88 1 29 0 65 1 54 19 82 1 3 25 93 1 0 0 0 0 0 0 0 0 27 28 76 1 0 0 0 0 27 42 85 1 0 39 79 1 0 41 62 1 14 16 50 1 0 10 71 1 4 88 47 1 0 60 78 1 3 55 49 1 14 39 122 1 10 62 92 1 0 48 61 1 0 16 96 1 0 20 82 1 0 0 0 0 50 29 60 1 5 24 65 1 0 19 39 1 0 0 0 0 0 0 0 0 11 87 89 1 66 84 125 1 87 109 144 1 62 97 106 1 0 50 39 1 0 0 0 0 0 36 69 1 8 8 67 1 18 42 73 1 18 24 100 1 13 16 68 1 27 44 66 1 0 0 58 1 3 60 74 1 0 30 99 1 0 42 60 1 0 31 70 1 30 49 93 1 8 44 55 1 0 20 82 1 7 15 43 1 6 48 58 1 0 5 50 1 0 0 0 0
24 69 78 1 0 43 68 1 1 27 91 1 29 53 64 1 0 0 0 0 4 51 77 1 0 0 0 0 23 30 83 1 0 8 82 1 31 52 40 1 0 42 117 1 4 51 100 1 27 44 75 1 0 0 99 1 0 0 0 0 13 26 76 1 6 23 73 1 7 54 49 1 5 63 106 1 21 44 83 1 5 50 99 1 0 15 64 1 0 39 69 1 18 17 94 1 0 47 65 1 0 61 82 1 0 72 84 1 36 15 55 1 0 0 0 0 0 36 66 1 19 9 68 1 20 66 31 1 0 31 39 1 18 31 77 1 0 60 116 1 27 57 67 1 30 20 78 1 18 29 69 1 32 17 76 1 43 35 113 1 0 20 58 1 0 55 63 1 17 7 83 1 0 69 56 1 0 55 92 1 21 13 87 1 7 29 101 1 31 57 80 1 0 0 0 0 0 47 45 1 0 0 0 0 0 43 88 1 0 33 57 1 21 29 76 1 1 15 52 1 0 0 0 0 0 52 59 1 0 34 106 1 0 35 71 1 5 46 99 1 0 74 14 1 0 34 72 1 30 36 77 1 13 3 67 1 0 32 43 1 0 0 0 0 24 54 102 1 0 0 0 0
23 54 95 1 0 57 67 1 0 31 68 1 9 52 70 1 13 36 77 1 0 39 70 1 35 10 63 1 0 22 68 1 0 18 67 1 16 58 58 1 45 70 79 1 38 45 74 1 26 18 103 1 11 0 75 1 3 45 27 1 13 85 59 1 0 0 0 0 59 27 73 1 5 0 71 1 20 30 88 1 18 38 85 1 10 50 77 1 0 10 5 1 1 0 55 1 22 45 58 1 2 62 86 1 11 21 55 1 0 9 34 1 0 32 110 1 8 32 112 1 0 0 0 0 0 0 0 0 52 35 124 1 29 17 61 1 0 3 97 1 15 10 75 1 11 61 46 1 24 29 79 1 61 59 94 1 3 16 107 1 15 0 73 1 4 39 53 1 1 40 2 1 34 0 45 1 11 44 31 1 0 0 0 0 0 19 63 1 0 31 63 1 0 6 81 1 35 24 64 1 10 12 53 1 0 66 49 1 41 12 21 1 22 29 34 1 9 33 80 1 32 14 59 1 2 24 122 1 13 42 64 1 0 39 58 1 14 57 36 1 39 55 56 1 7 36 98 1 26 28 63 1 34 31 88 1 0 33 64 1 0 42 47 1 0 34 68 1 28 47 35 1
0 40 74 1 0 40 67 1 0 54 66 1 33 46 79 1 0 43 112 1 0 35 92 1 8 48 80 1 4 44 88 1 8 19 76 1 1 42 60 1 0 21 54 1 0 23 103 1 1 48 87 1 0 54 65 1 11 23 64 1 13 50 90 1 0 59 80 1 0 43 59 1 0 19 73 1 0 0 53 1 0 33 44 1 0 0 0 0 0 0 40 1 44 16 55 1 2 26 63 1 0 48 64 1 28 22 109 1 0 8 92 1 21 36 102 1 0 89 67 1 0 34 69 1 42 84 92 1 49 118 101 1 16 38 80 1 7 87 142 1 27 0 95 1 44 74 78 1 78 88 96 1 66 118 99 1 42 67 84 1 16 51 88 1 0 43 45 1 12 39 50 1 9 9 78 1 26 82 81 1 27 46 110 1 0 43 31 1 15 0 85 1 0 0 0 0 21 11 88 1 0 55 94 1 0 0 0 0 5 24 52 1 0 56 72 1 29 28 59 1 14 41 87 1 35 48 87 1 0 61 82 1 0 0 0 0 6 25 61 1 7 0 60 1 0 9 53 1 0 47 103 1 8 0 65 1 13 28 89 1 0 33 112 1 6 15 72 1 35 0 112 1
11 28 81 1 22 50 119 1 0 20 110 1 24 65 90 1 52 68 41 1 3 87 65 1 0 23 94 1 0 0 0 0 62 35 93 1 0 38 97 1 0 0 0 0 0 0 62 1 0 62 62 1 0 50 61 1 0 17 45 1 0 33 69 1 0 45 27 1 0 0 0 0 17 20 79 1 0 6 38 1 0 46 60 1 0 57 78 1 0 18 96 1 13 47 78 1 0 17 50 1 4 37 45 1 0 36 84 1 0 42 61 1 0 26 73 1 16 28 32 1 16 74 45 1 12 0 42 1 8 42 103 1 78 109 118 1 61 90 154 1 80 63 67 1 35 56 97 1 126 135 173 1 96 154 112 1 0 0 0 0 0 0 0 0 0 38 54 1 0 0 0 0 60 79 106 1 41 107 105 1 0 6 56 1 0 34 62 1 9 38 57 1 20 28 47 1 0 12 76 1 0 15 28 1 19 14 54 1 0 32 66 1 0 0 0 0 0 61 73 1 19 58 44 1 0 0 55 1 0 5 54 1 0 40 57 1 0 13 61 1 0 52 56 1 0 30 42 1 31 47 56 1 0 31 89 1 13 11 12 1 13 33 71 1 0 13 59 1 0 32 70 1
13 0 86 1 4 5 69 1 35 70 90 1 0 64 51 1 12 35 64 1 0 91 68 1 9 68 58 1 59 65 74 1 35 132 81 1 1 73 56 1 28 57 30 1 23 19 49 1 0 2 90 1 7 0 25 1 0 34 67 1 3 20 82 1 0 0 0 0 0 48 49 1 0 0 0 0 47 0 59 1 40 37 22 1 17 16 83 1 40 31 50 1 6 69 81 1 0 45 81 1 0 26 59 1 44 37 101 1 4 55 91 1 0 31 107 1 0 59 98 1 2 44 80 1 23 50 76 1 7 84 73 1 0 0 0 0 62 55 117 1 62 50 117 1 53 70 72 1 101 123 133 1 23 90 113 1 0 0 0 0 23 46 107 1 0 53 59 1 20 12 64 1 23 46 87 1 45 33 128 1 0 41 77 1 16 23 69 1 0 0 0 0 2 66 81 1 0 35 108 1 47 22 63 1 0 4 32 1 16 16 86 1 14 53 46 1 6 8 80 1 21 53 58 1 0 20 74 1 38 23 54 1 0 30 59 1 8 10 64 1 38 6 47 1 0 18 88 1 9 31 81 1 26 0 61 1 16 58 72 1 0 3 106 1 14 20 108 1 25 18 53 1
12 62 93 1 0 1 65 1 0 30 79 1 0 0 0 0 0 42 78 1 24 33 91 1 0 45 37 1 64 67 131 1 75 81 105 1 14 96 72 1 0 0 0 0 0 55 72 1 42 45 46 1 0 38 79 1 0 16 78 1 58 29 31 1 0 3 45 1 46 45 112 1 0 0 0 0 0 56 63 1 0 0 0 0 0 24 63 1 0 0 54 1 12 20 68 1 0 22 101 1 3 22 80 1 12 13 92 1 0 38 104 1 0 56 92 1 10 0 46 1 0 20 56 1 21 44 63 1 26 70 65 1 52 83 121 1 51 54 83 1 13 52 88 1 66 66 122 1 56 57 140 1 0 22 55 1 0 39 57 1 10 49 65 1 0 0 0 0 11 31 112 1 1 21 87 1 24 34 74 1 5 4 69 1 0 46 99 1 0 0 0 0 48 40 87 1 0 0 0 0 0 21 73 1 1 42 51 1 0 69 98 1 3 44 104 1 0 0 0 0 4 49 117 1 0 0 0 0 10 3 41 1 13 46 47 1 0 0 0 0 0 0 63 1 0 22 94 1 29 1 66 1 0 52 59 1 4 6 72 1 0 0 0 0 0 2 76 1 0 11 81 1
0 70 27 1 0 91 69 1 16 58 88 1 0 83 104 1 0 45 113 1 0 54 107 1 0 0 69 1 49 81 86 1 0 86 90 1 0 64 51 1 0 15 67 1 10 44 67 1 0 43 80 1 0 45 72 1 0 0 0 0 0 19 67 1 0 32 103 1 22 0 71 1 0 54 31 1 0 0 0 0 0 0 0 0 0 34 74 1 38 5 70 1 0 10 69 1 0 0 0 0 0 22 75 1 12 62 62 1 19 33 35 1 27 35 73 1 21 56 84 1 32 11 29 1 13 52 85 1 74 82 65 1 82 60 71 1 133 109 100 1 93 108 101 1 139 145 179 1 77 142 169 1 0 67 85 1 0 30 73 1 0 0 0 0 0 0 0 0 30 0 91 1 14 41 83 1 0 0 0 0 17 59 76 1 0 43 88 1 18 7 80 1 0 0 0 0 9 4 57 1 4 18 26 1 0 33 109 1 19 15 98 1 0 59 76 1 0 43 57 1 13 27 90 1 40 59 89 1 0 0 110 1 30 30 75 1 0 34 103 1 14 12 103 1 1 2 120 1 0 19 33 1 0 0 0 0 7 0 59 1 0 7 60 1 0 4 70 1 20 49 87 1
23 53 82 1 0 24 35 1 10 27 69 1 0 0 0 0 12 21 86 1 0 50 62 1 31 77 80 1 0 35 63 1 5 44 102 1 4 44 60 1 0 47 56 1 0 1 61 1 18 34 35 1 0 32 72 1 5 4 62 1 0 33 68 1 0 20 65 1 0 58 78 1 6 32 53 1 0 27 66 1 21 37 89 1 0 42 79 1 0 35 52 1 16 24 66 1 0 0 0 0 0 0 0 0 14 0 46 1 0 64 55 1 41 13 86 1 8 43 95 1 17 61 71 1 37 15 77 1 0 54 61 1 31 73 92 1 67 74 96 1 63 85 103 1 75 83 124 1 7 6 101 1 0 0 0 0 0 54 64 1 0 30 87 1 0 35 66 1 0 48 64 1 9 8 54 1 19 18 61 1 0 39 102 1 0 0 59 1 34 29 43 1 0 19 50 1 24 20 66 1 5 26 71 1 0 20 75 1 0 23 72 1 0 50 84 1 0 13 54 1 2 39 54 1 17 28 38 1 0 48 37 1 0 29 63 1 0 47 109 1 12 42 61 1 0 49 73 1 0 32 87 1 31 70 59 1 12 30 43 1 0 53 58 1 57 1 95 1 0 31 99 1
0 0 0 0 56 22 78 1 10 27 68 1 0 0 0 0 6 13 99 1 0 19 87 1 0 27 83 1 13 55 48 1 16 3 73 1 7 56 86 1 11 33 92 1 3 15 97 1 0 39 43 1 0 56 88 1 29 59 56 1 0 41 67 1 0 57 19 1 4 0 64 1 4 61 73 1 26 3 47 1 11 61 90 1 2 11 50 1 21 55 57 1 19 2 57 1 18 38 83 1 12 48 87 1 30 53 55 1 7 50 45 1 0 22 35 1 35 41 92 1 10 2 66 1 0 8 84 1 19 25 72 1 6 35 53 1 0 38 101 1 33 66 42 1 0 24 49 1 11 16 101 1 0 53 96 1 4 42 89 1 0 8 69 1 0 54 80 1 0 55 74 1 0 46 59 1 22 74 75 1 0 38 70 1 0 0 97 1 0 15 83 1 41 44 61 1 5 41 61 1 0 8 92 1 0 0 84 1 19 35 67 1 10 27 102 1 0 10 93 1 9 45 93 1 12 33 89 1 0 20 67 1 0 33 107 1 18 0 82 1 4 16 90 1 14 50 87 1 0 0 0 0 0 10 36 1 34 36 57 1 0 0 74 1 5 38 103 1 0 0 0 0
22 0 48 1 0 25 67 1 6 40 100 1 0 12 79 1 0 29 78 1 0 26 79 1 0 61 42 1 0 39 54 1 9 36 84 1 9 31 37 1 18 38 84 1 30 23 45 1 2 41 77 1 34 30 79 1 0 59 49 1 14 30 61 1 0 76 66 1 0 62 61 1 0 31 35 1 14 20 51 1 2 24 56 1 8 61 76 1 3 18 104 1 27 48 30 1 10 41 62 1 0 42 88 1 16 32 125 1 16 0 78 1 4 48 97 1 0 0 79 1 45 16 81 1 0 33 63 1 36 0 88 1 17 48 81 1 54 52 108 1 59 79 82 1 25 38 116 1 10 11 30 1 23 59 26 1 0 8 53 1 19 0 66 1 27 34 29 1 17 43 67 1 0 14 72 1 0 0 95 1 18 61 75 1 0 62 51 1 0 7 68 1 2 10 70 1 0 28 56 1 0 0 0 0 15 30 62 1 0 3 68 1 31 39 79 1 0 45 64 1 0 27 72 1 8 11 76 1 0 0 39 1 28 19 36 1 0 80 42 1 32 8 81 1 7 35 91 1 0 20 47 1 0 0 0 0 0 0 0 0 19 70 82 1 0 0 62 1 0 0 0 0
32 33 40 1 0 28 72 1 23 29 81 1 0 29 44 1 6 0 54 1 31 5 76 1 0 38 52 1 0 71 71 1 0 36 80 1 0 54 70 1 0 32 58 1 0 54 90 1 52 24 84 1 25 6 65 1 0 40 99 1 0 53 85 1 0 0 0 0 16 57 58 1 0 13 76 1 0 42 59 1 10 18 45 1 0 58 54 1 3 15 39 1 0 0 0 0 40 51 111 1 56 11 78 1 0 0 0 0 0 0 62 1 0 30 18 1 0 12 39 1 16 23 96 1 23 34 45 1 0 6 62 1 15 41 73 1 36 87 53 1 38 52 71 1 0 0 0 0 0 29 51 1 30 0 100 1 19 13 65 1 0 0 0 0 0 30 45 1 3 35 64 1 0 13 65 1 6 25 71 1 0 20 55 1 0 46 95 1 15 2 74 1 0 53 50 1 29 51 86 1 0 19 72 1 0 0 0 0 2 38 74 1 3 17 53 1 20 29 81 1 4 22 80 1 0 92 88 1 0 20 66 1 0 0 0 0 7 41 71 1 38 1 107 1 43 35 112 1 24 30 69 1 0 51 61 1 9 3 78 1 19 20 47 1 0 49 28 1 0 47 41 1
17 45 91 1 0 0 0 0 58 82 100 1 8 57 69 1 0 16 67 1 12 16 54 1 0 0 56 1 0 59 30 1 0 0 0 0 0 43 60 1 1 22 64 1 0 20 111 1 13 33 62 1 0 69 84 1 15 43 55 1 0 0 0 0 13 0 75 1 0 11 70 1 0 22 65 1 10 69 73 1 0 45 84 1 0 0 0 0 30 34 58 1 0 50 104 1 17 29 34 1 0 0 0 0 18 41 52 1 0 43 82 1 18 18 80 1 0 55 45 1 0 25 36 1 30 18 67 1 0 60 104 1 0 25 86 1 30 9 77 1 0 27 61 1 13 51 69 1 0 23 84 1 17 42 31 1 0 25 40 1 0 17 65 1 12 64 74 1 3 25 82 1 3 18 60 1 0 55 95 1 0 48 45 1 18 12 87 1 12 27 80 1 0 21 47 1 18 25 45 1 26 19 101 1 0 47 89 1 33 47 81 1 0 0 51 1 0 66 70 1 0 19 41 1 34 45 62 1 21 8 53 1 0 51 60 1 0 49 49 1 0 57 90 1 28 58 88 1 15 18 57 1 9 19 42 1 2 23 94 1 0 46 64 1 2 30 96 1 2 32 99 1
0 47 64 1 97 48 77 1 111 127 184 1 12 92 100 1 0 39 45 1 3 32 78 1 5 29 60 1 8 16 55 1 0 28 56 1 0 30 70 1 43 49 85 1 0 0 0 0 19 22 110 1 17 45 34 1 0 64 99 1 4 41 137 1 0 29 97 1 0 0 0 0 0 39 52 1 0 43 97 1 31 61 46 1 26 95 62 1 0 0 0 0 0 0 0 0 69 87 96 1 14 20 16 1 0 0 63 1 0 42 39 1 16 16 44 1 16 13 66 1 21 0 115 1 0 23 69 1 0 26 52 1 3 67 79 1 0 0 0 0 20 21 106 1 0 0 41 1 35 36 81 1 0 9 58 1 0 0 0 0 0 0 0 0 0 21 63 1 23 0 79 1 0 25 76 1 0 53 31 1 0 16 47 1 24 34 67 1 0 53 84 1 8 26 84 1 0 0 90 1 0 27 60 1 23 0 94 1 0 54 48 1 0 63 86 1 8 22 60 1 18 30 71 1 0 51 96 1 0 29 57 1 0 32 77 1 23 7 54 1 0 37 78 1 0 26 82 1 3 73 78 1 22 37 95 1 0 30 62 1 17 2 91 1 3 12 54 1 2 67 91 1
0 77 56 1 65 110 106 1 37 66 135 1 14 64 85 1 0 52 80 1 9 36 83 1 0 17 59 1 18 53 68 1 0 51 47 1 0 20 67 1 0 44 52 1 18 31 80 1 4 28 45 1 31 71 112 1 0 0 37 1 0 30 56 1 0 0 0 0 0 21 70 1 0 50 94 1 9 36 64 1 34 27 56 1 25 52 78 1 99 98 119 1 143 173 166 1 82 135 133 1 0 58 96 1 0 63 77 1 2 31 85 1 8 13 63 1 0 52 47 1 0 44 52 1 17 67 118 1 0 54 56 1 27 21 64 1 13 14 52 1 25 52 121 1 20 12 80 1 0 55 68 1 0 0 0 0 0 53 62 1 0 0 108 1 0 15 59 1 14 24 76 1 0 16 59 1 0 12 40 1 6 51 59 1 0 12 67 1 0 26 37 1 0 26 64 1 2 47 77 1 25 0 39 1 0 7 71 1 0 0 0 0 61 55 74 1 0 0 51 1 20 8 90 1 0 37 54 1 0 38 70 1 0 0 0 0 33 37 53 1 0 47 98 1 16 18 49 1 0 0 0 0 4 54 90 1 5 71 63 1 10 44 71 1 1 54 62 1 0 0 0 0
0 55 83 1 0 0 0 0 73 78 93 1 0 0 0 0 0 48 93 1 0 10 73 1 0 42 41 1 27 3 72 1 20 19 50 1 21 43 85 1 0 47 86 1 6 37 105 1 0 48 70 1 0 19 74 1 27 52 94 1 15 27 72 1 0 0 0 0 26 33 57 1 13 42 68 1 2 38 85 1 11 41 40 1 0 0 0 0 0 0 0 0 149 175 204 1 99 89 133 1 2 75 38 1 0 39 43 1 20 61 86 1 0 0 0 0 33 12 80 1 47 75 102 1 0 0 0 0 27 29 94 1 0 34 107 1 10 87 55 1 12 89 112 1 0 0 68 1 0 84 88 1 6 5 116 1 0 40 76 1 0 23 111 1 15 59 77 1 0 21 82 1 1 22 70 1 0 17 80 1 0 21 66 1 0 0 80 1 35 20 68 1 0 68 86 1 3 34 71 1 0 30 86 1 0 32 81 1 0 0 0 0 0 39 78 1 0 0 0 0 0 59 87 1 43 0 54 1 0 0 0 0 37 70 35 1 0 4 86 1 0 65 51 1 40 58 92 1 34 98 101 1 46 38 107 1 0 59 101 1 9 31 52 1 9 29 105 1 6 16 84 1
0 57 61 1 0 56 60 1 26 49 72 1 31 33 67 1 16 29 90 1 0 56 92 1 0 46 63 1 0 34 78 1 1 39 47 1 19 65 78 1 0 10 72 1 0 50 69 1 0 43 77 1 32 65 90 1 0 0 0 0 20 24 36 1 0 0 0 0 33 75 86 1 24 95 84 1 23 47 81 1 20 51 103 1 30 49 86 1 40 45 80 1 30 63 127 1 13 33 94 1 0 52 86 1 8 22 79 1 16 32 111 1 30 54 59 1 0 68 91 1 25 24 93 1 25 65 79 1 36 8 82 1 0 58 81 1 2 22 112 1 40 6 57 1 0 20 53 1 35 53 67 1 30 29 63 1 13 52 76 1 23 23 75 1 0 21 77 1 0 73 64 1 44 59 70 1 64 61 61 1 12 53 69 1 1 42 49 1 0 14 49 1 3 0 61 1 72 36 77 1 12 26 66 1 0 51 90 1 4 0 80 1 0 55 42 1 26 10 40 1 0 0 0 0 1 2 73 1 0 40 82 1 0 54 80 1 12 6 43 1 0 0 62 1 2 25 101 1 0 0 0 0 0 0 0 0 0 21 92 1 18 26 33 1 25 0 128 1 0 13 77 1
0 21 69 1 0 56 29 1 0 33 50 1 0 26 78 1 0 29 99 1 30 43 29 1 0 60 71 1 0 58 46 1 0 44 91 1 14 45 76 1 3 61 41 1 0 52 77 1 0 0 0 0 5 62 74 1 0 51 69 1 33 63 103 1 21 92 89 1 59 125 124 1 85 112 126 1 98 88 119 1 1 78 79 1 17 92 84 1 28 21 79 1 29 8 46 1 38 15 55 1 23 51 68 1 39 30 68 1 0 34 67 1 0 28 95 1 0 5 70 1 14 53 55 1 31 32 66 1 30 59 98 1 25 24 98 1 37 75 103 1 76 85 132 1 99 93 86 1 0 0 0 0 32 55 97 1 39 50 121 1 56 54 74 1 0 6 88 1 0 0 0 0 2 0 109 1 41 72 80 1 0 53 77 1 0 9 52 1 0 10 86 1 16 59 48 1 47 27 84 1 30 13 76 1 0 15 87 1 0 53 71 1 0 6 69 1 21 17 77 1 20 9 51 1 27 26 82 1 0 0 96 1 0 0 0 0 0 0 0 0 0 49 94 1 6 53 55 1 65 102 117 1 32 44 79 1 0 43 56 1 3 52 70 1 16 17 70 1 0 2 98 1
0 29 84 1 20 21 90 1 0 52 49 1 2 19 72 1 0 30 55 1 11 41 103 1 0 59 90 1 0 0 0 0 19 33 80 1 28 52 61 1 0 66 58 1 0 54 100 1 0 31 68 1 16 25 78 1 34 32 79 1 39 33 76 1 11 70 97 1 41 56 102 1 78 110 104 1 40 69 89 1 17 56 92 1 26 43 76 1 3 83 74 1 0 0 78 1 11 55 50 1 0 0 0 0 0 17 54 1 18 31 58 1 7 54 88 1 0 23 64 1 0 12 38 1 29 51 86 1 15 27 59 1 6 25 52 1 64 74 106 1 91 128 141 1 86 79 119 1 62 81 103 1 59 91 100 1 36 78 44 1 18 57 67 1 10 35 64 1 0 32 72 1 15 51 56 1 12 50 72 1 0 31 60 1 36 17 106 1 1 33 73 1 2 32 60 1 27 23 81 1 0 23 95 1 0 23 48 1 0 38 52 1 29 0 67 1 0 68 73 1 13 35 78 1 0 3 82 1 0 52 59 1 0 0 0 0 23 48 70 1 27 43 102 1 8 63 101 1 39 70 67 1 36 41 106 1 28 43 28 1 0 0 0 0 0 42 72 1 0 0 0 0
10 23 92 1 10 7 55 1 23 12 56 1 0 38 50 1 0 0 66 1 0 0 0 0 0 43 63 1 14 65 75 1 0 50 94 1 30 53 79 1 0 37 121 1 0 20 91 1 0 0 0 0 0 35 38 1 0 6 91 1 0 11 116 1 7 32 69 1 0 35 75 1 42 43 101 1 28 49 59 1 0 0 0 0 0 48 78 1 20 49 44 1 0 38 61 1 3 71 45 1 12 51 100 1 0 51 87 1 8 0 47 1 0 0 0 0 4 27 41 1 16 20 58 1 0 66 97 1 34 46 91 1 0 3 62 1 21 78 67 1 83 78 138 1 0 0 0 0 5 47 78 1 35 60 102 1 0 46 66 1 3 78 17 1 24 5 60 1 6 0 78 1 3 57 45 1 0 14 51 1 0 0 0 0 1 34 56 1 10 8 81 1 55 41 56 1 0 4 89 1 29 11 110 1 67 48 95 1 26 91 56 1 40 29 95 1 0 3 75 1 0 0 0 0 26 39 91 1 0 33 57 1 0 0 0 0 0 15 95 1 0 28 71 1 0 30 90 1 4 16 63 1 0 8 68 1 0 16 68 1 40 24 66 1 12 4 55 1 6 19 66 1
0 0 93 1 0 31 79 1 0 52 81 1 11 51 93 1 0 29 69 1 0 0 0 0 34 26 59 1 16 44 107 1 0 26 64 1 0 24 71 1 0 50 86 1 20 76 95 1 4 46 44 1 0 37 72 1 28 71 67 1 26 83 103 1 29 46 96 1 0 51 86 1 0 17 56 1 0 63 82 1 38 46 79 1 0 58 99 1 40 25 62 1 34 72 96 1 67 122 125 1 62 109 168 1 2 69 85 1 0 37 29 1 4 54 82 1 0 57 71 1 0 16 81 1 10 59 117 1 3 23 70 1 0 0 0 0 28 17 66 1 25 62 116 1 18 22 43 1 0 0 0 0 25 32 77 1 0 33 65 1 12 48 70 1 0 43 47 1 7 2 80 1 0 45 58 1 0 11 53 1 13 0 54 1 0 15 74 1 45 0 71 1 11 72 103 1 0 38 67 1 22 98 96 1 106 69 89 1 109 106 123 1 0 6 84 1 0 33 52 1 8 54 107 1 54 8 31 1 2 0 90 1 35 56 95 1 0 0 0 0 17 22 78 1 10 11 67 1 12 40 67 1 0 0 68 1 0 52 86 1 50 40 82 1 2 27 117 1 0 54 50 1
0 0 0 0 0 24 52 1 32 21 144 1 0 36 104 1 0 25 84 1 0 53 79 1 0 58 88 1 6 15 95 1 0 0 0 0 0 0 0 0 0 55 82 1 14 59 66 1 0 68 67 1 0 42 36 1 0 47 73 1 7 66 73 1 0 57 84 1 13 21 74 1 3 44 85 1 29 20 59 1 33 35 65 1 60 92 72 1 0 0 0 0 39 127 110 1 99 118 136 1 102 99 143 1 22 72 81 1 15 38 51 1 0 56 109 1 8 64 65 1 0 32 74 1 51 96 98 1 0 39 81 1 53 42 71 1 0 0 0 0 43 51 74 1 47 86 85 1 42 41 110 1 31 73 70 1 0 39 46 1 10 39 50 1 0 62 72 1 0 0 61 1 0 61 83 1 0 7 90 1 22 39 82 1 16 93 76 1 87 82 92 1 47 76 89 1 31 45 61 1 23 84 87 1 91 104 133 1 57 55 98 1 17 38 90 1 0 24 78 1 0 0 0 0 15 49 86 1 0 0 0 0 44 64 84 1 18 44 58 1 41 43 68 1 22 46 61 1 0 32 62 1 0 0 0 0 0 39 56 1 4 15 70 1 9 29 78 1 0 9 80 1
5 38 71 1 1 49 72 1 0 90 39 1 0 31 89 1 0 45 62 1 0 72 77 1 0 20 88 1 7 80 58 1 0 62 78 1 0 25 98 1 40 49 107 1 14 17 64 1 0 0 58 1 3 45 68 1 7 59 51 1 0 25 66 1 16 44 70 1 1 23 114 1 36 40 100 1 9 75 61 1 13 8 79 1 26 76 74 1 48 78 117 1 62 74 64 1 0 67 106 1 1 47 55 1 17 46 65 1 32 0 51 1 0 22 65 1 3 11 35 1 12 19 43 1 0 0 0 0 0 11 78 1 34 43 65 1 0 0 0 0 82 48 81 1 36 98 146 1 99 110 126 1 87 110 101 1 0 0 0 0 0 9 72 1 0 54 68 1 0 58 30 1 31 39 77 1 0 0 0 0 60 7 55 1 28 82 107 1 27 86 140 1 0 0 0 0 30 70 57 1 40 63 104 1 2 51 92 1 42 41 51 1 53 65 53 1 59 61 104 1 88 88 93 1 75 104 137 1 101 152 153 1 111 123 156 1 23 31 122 1 0 54 71 1 31 24 77 1 0 10 41 1 16 6 69 1 18 45 64 1 26 86 55 1 0 29 68 1 0 43 69 1
29 39 59 1 0 57 69 1 0 44 55 1 7 6 98 1 15 7 111 1 27 28 105 1 28 72 76 1 13 58 101 1 0 36 84 1 0 0 0 0 18 54 110 1 0 0 0 0 4 43 72 1 0 3 53 1 14 30 74 1 0 46 51 1 0 0 0 0 0 0 0 0 0 43 66 1 0 56 49 1 0 0 0 0 0 37 35 1 94 93 115 1 4 16 117 1 4 79 63 1 0 60 82 1 19 22 96 1 2 3 78 1 0 24 27 1 1 0 44 1 0 0 0 0 18 23 55 1 0 0 0 0 36 54 82 1 43 53 23 1 71 45 85 1 42 40 126 1 143 141 178 1 162 152 185 1 64 104 168 1 4 33 85 1 13 31 65 1 0 0 86 1 0 20 116 1 0 22 47 1 0 35 41 1 1 10 103 1 4 64 59 1 29 42 58 1 0 38 65 1 49 55 76 1 38 52 53 1 28 45 81 1 72 120 121 1 136 92 86 1 67 136 139 1 131 143 150 1 112 172 153 1 116 118 133 1 48 86 106 1 56 57 72 1 3 26 43 1 19 54 92 1 55 19 85 1 0 48 72 1 0 0 0 0 0 0 0 0 3 45 66 1
17 74 58 1 0 51 64 1 0 52 54 1 10 47 23 1 16 37 84 1 14 48 80 1 0 58 74 1 0 34 59 1 0 51 92 1 6 12 96 1 0 30 57 1 0 21 51 1 24 33 50 1 0 49 83 1 0 54 96 1 0 51 96 1 0 43 76 1 0 0 0 0 31 36 35 1 4 48 64 1 0 20 35 1 0 31 84 1 8 46 103 1 0 51 79 1 15 2 28 1 20 50 54 1 7 31 66 1 19 55 66 1 63 84 107 1 22 66 131 1 52 50 95 1 33 31 56 1 0 47 64 1 0 78 90 1 4 16 92 1 9 6 86 1 46 51 70 1 86 74 73 1 66 128 183 1 93 137 109 1 0 0 0 0 0 8 104 1 4 21 86 1 0 0 0 0 0 14 125 1 3 6 111 1 0 0 0 0 0 34 52 1 0 43 51 1 11 25 88 1 56 57 78 1 36 32 92 1 14 57 103 1 70 117 100 1 121 117 162 1 0 0 0 0 0 0 0 0 0 0 0 0 84 144 132 1 36 42 67 1 52 90 36 1 9 60 106 1 17 57 84 1 35 53 44 1 0 63 125 1 13 54 33 1 0 57 50 1 0 34 78 1
17 65 38 1 3 46 51 1 10 64 71 1 0 68 126 1 43 7 75 1 4 26 103 1 0 34 81 1 20 33 56 1 0 49 115 1 0 72 64 1 26 29 81 1 0 27 70 1 27 26 45 1 0 11 93 1 0 23 95 1 17 27 33 1 0 39 88 1 4 43 75 1 32 43 57 1 4 27 79 1 0 42 74 1 20 32 81 1 17 51 120 1 20 12 56 1 26 60 66 1 30 36 50 1 7 65 77 1 53 67 122 1 114 168 109 1 129 162 163 1 106 152 166 1 43 77 106 1 3 39 80 1 52 14 86 1 0 3 78 1 0 46 58 1 27 49 50 1 13 80 52 1 0 0 0 0 25 17 101 1 0 0 0 0 0 42 35 1 16 5 60 1 0 44 88 1 13 14 104 1 0 19 38 1 0 0 0 0 32 74 46 1 0 11 91 1 33 46 104 1 37 53 75 1 24 33 103 1 16 38 104 1 43 71 66 1 123 158 191 1 0 0 0 0 175 178 219 1 136 153 205 1 126 95 123 1 24 70 96 1 35 43 52 1 11 49 61 1 1 37 43 1 0 16 51 1 18 14 52 1 8 34 98 1 37 16 42 1 14 16 60 1
53 51 104 1 0 14 87 1 0 39 88 1 2 31 72 1 2 43 101 1 0 0 0 0 0 60 46 1 0 50 36 1 6 55 75 1 0 34 79 1 0 20 100 1 0 41 83 1 0 57 73 1 0 42 70 1 0 64 72 1 48 51 43 1 0 48 70 1 18 17 63 1 0 27 119 1 1 50 62 1 0 45 91 1 12 69 70 1 11 62 116 1 33 89 87 1 0 0 0 0 57 76 73 1 26 82 90 1 0 0 0 0 79 136 166 1 132 156 153 1 99 139 156 1 28 63 88 1 0 17 15 1 0 0 0 0 35 33 81 1 0 51 80 1 0 21 63 1 0 0 0 0 0 25 91 1 36 0 92 1 0 20 60 1 7 22 53 1 6 44 17 1 0 27 61 1 0 9 88 1 0 0 0 0 0 0 0 0 0 32 98 1 57 52 68 1 5 60 95 1 12 24 62 1 0 0 0 0 35 28 40 1 26 58 79 1 0 0 0 0 125 110 152 1 66 73 135 1 99 62 99 1 30 81 97 1 0 31 87 1 19 0 45 1 5 63 61 1 0 0 104 1 0 26 71 1 28 15 85 1 0 39 61 1 23 45 75 1 25 64 81 1
0 36 66 1 10 35 47 1 0 19 95 1 21 47 65 1 0 35 70 1 0 0 0 0 0 0 0 0 0 16 78 1 18 80 46 1 0 50 38 1 0 0 0 0 1 52 63 1 24 21 71 1 24 23 73 1 19 37 116 1 5 38 48 1 9 81 106 1 0 34 84 1 0 0 0 0 8 19 74 1 0 23 70 1 33 49 31 1 32 41 72 1 0 0 0 0 105 177 135 1 109 127 149 1 93 117 82 1 117 91 129 1 98 120 175 1 95 136 126 1 90 89 85 1 97 22 100 1 51 104 97 1 16 40 50 1 39 26 104 1 28 41 94 1 10 37 68 1 0 42 88 1 30 17 99 1 0 43 85 1 1 56 59 1 0 46 63 1 0 0 86 1 0 24 70 1 0 26 83 1 13 1 98 1 4 41 54 1 76 64 99 1 11 38 117 1 35 53 53 1 39 24 10 1 0 13 57 1 0 27 82 1 0 0 0 0 45 46 89 1 66 106 98 1 0 0 93 1 0 3 52 1 0 17 46 1 23 19 93 1 26 3 39 1 25 48 111 1 22 13 82 1 27 39 81 1 0 17 52 1 23 59 34 1 0 0 42 1 0 111 48 1
2 50 54 1 0 42 99 1 43 55 106 1 0 0 0 0 0 63 70 1 25 44 97 1 16 39 74 1 6 9 58 1 2 50 66 1 0 11 47 1 0 40 76 1 0 33 42 1 0 33 78 1 0 44 71 1 0 0 0 0 0 78 49 1 0 28 107 1 0 37 108 1 11 26 108 1 0 91 78 1 24 80 138 1 45 82 84 1 60 39 99 1 61 128 131 1 126 153 189 1 150 207 220 1 144 138 187 1 155 150 189 1 0 0 0 0 120 129 184 1 104 113 103 1 65 92 88 1 61 108 123 1 62 74 138 1 5 31 81 1 11 21 66 1 16 39 57 1 0 45 73 1 0 19 55 1 8 39 49 1 15 14 40 1 4 27 66 1 0 0 0 0 0 31 78 1 0 36 66 1 44 21 114 1 14 71 98 1 29 57 122 1 3 80 83 1 60 35 57 1 0 0 0 0 0 31 61 1 19 30 18 1 0 28 68 1 2 8 109 1 53 82 77 1 6 24 67 1 4 45 79 1 0 14 92 1 0 30 83 1 25 72 50 1 11 31 62 1 0 0 0 0 26 69 80 1 6 63 100 1 0 0 91 1 0 20 25 1 4 0 50 1
0 80 80 1 0 63 56 1 0 35 62 1 25 31 109 1 9 57 119 1 0 57 53 1 0 65 87 1 13 75 101 1 8 49 77 1 3 4 73 1 0 0 0 0 0 61 83 1 0 70 39 1 0 45 73 1 11 25 65 1 0 0 0 0 0 49 42 1 8 35 72 1 0 58 82 1 0 58 70 1 30 61 89 1 0 0 0 0 100 135 123 1 66 67 158 1 124 161 180 1 222 191 222 1 225 162 188 1 175 177 168 1 184 156 191 1 161 160 194 1 71 88 130 1 5 48 94 1 41 80 104 1 66 69 141 1 3 8 79 1 0 0 0 0 35 49 52 1 0 32 85 1 4 20 83 1 0 0 0 0 0 13 64 1 22 42 65 1 35 42 94 1 31 35 93 1 12 30 54 1 34 30 109 1 28 74 79 1 0 0 0 0 37 77 115 1 65 55 102 1 55 14 58 1 0 0 43 1 0 21 88 1 20 0 88 1 0 0 0 0 0 14 43 1 0 0 0 0 0 0 0 0 0 25 81 1 0 25 87 1 16 42 91 1 22 30 96 1 0 21 72 1 4 41 77 1 0 36 82 1 0 59 102 1 0 0 43 1 0 44 35 1
24 92 126 1 0 9 46 1 0 60 70 1 0 55 55 1 20 37 44 1 0 34 79 1 17 49 105 1 0 51 74 1 0 48 120 1 0 79 68 1 32 7 47 1 6 43 58 1 14 77 53 1 0 39 90 1 21 0 56 1 19 45 64 1 0 58 62 1 32 29 97 1 17 54 66 1 9 27 85 1 52 54 95 1 82 80 98 1 0 0 0 0 80 102 64 1 0 0 0 0 169 193 209 1 0 0 0 0 210 220 204 1 179 238 163 1 0 0 0 0 41 87 105 1 0 4 23 1 20 38 82 1 35 67 137 1 13 19 85 1 0 52 89 1 0 0 0 0 0 8 57 1 8 62 58 1 49 71 98 1 37 88 124 1 87 82 138 1 43 103 124 1 17 18 66 1 27 63 76 1 17 37 68 1 52 39 95 1 64 63 49 1 46 131 97 1 73 89 100 1 45 40 58 1 4 9 35 1 12 26 89 1 15 37 61 1 46 12 112 1 0 0 0 0 0 32 106 1 14 54 54 1 26 65 57 1 19 21 58 1 0 27 44 1 0 16 67 1 0 25 62 1 4 21 94 1 6 22 87 1 0 22 79 1 0 16 92 1 0 32 84 1
0 0 0 0 11 43 91 1 34 22 107 1 22 23 79 1 11 40 127 1 14 47 87 1 0 26 94 1 0 54 60 1 0 25 78 1 35 70 63 1 0 49 74 1 3 0 66 1 2 26 59 1 0 27 51 1 3 20 84 1 0 29 88 1 0 60 119 1 6 64 65 1 0 65 100 1 16 84 77 1 41 76 99 1 74 42 86 1 33 79 61 1 60 23 65 1 98 134 141 1 159 173 229 1 177 201 235 1 235 237 252 1 0 0 0 0 115 134 137 1 45 98 77 1 0 0 0 0 64 35 82 1 0 64 92 1 30 29 93 1 13 92 63 1 7 22 94 1 13 4 85 1 36 67 97 1 58 57 124 1 70 111 130 1 74 128 132 1 18 83 121 1 0 18 43 1 0 23 107 1 13 48 122 1 0 0 0 0 57 47 79 1 85 70 119 1 38 100 98 1 81 55 105 1 0 0 0 0 0 51 63 1 3 52 77 1 11 27 71 1 0 0 0 0 0 63 80 1 34 26 56 1 0 13 92 1 0 39 33 1 8 15 93 1 0 9 86 1 37 40 29 1 0 0 0 0 0 47 52 1 8 36 47 1 0 1 72 1 0 10 55 1
0 97 89 1 27 75 127 1 11 37 57 1 0 24 34 1 0 44 83 1 11 43 88 1 10 70 82 1 0 58 60 1 0 0 0 0 7 18 85 1 0 49 85 1 2 31 70 1 17 53 65 1 0 36 60 1 14 49 73 1 16 37 97 1 26 113 83 1 0 0 0 0 43 15 77 1 37 34 48 1 42 36 53 1 42 65 71 1 52 32 35 1 26 51 66 1 100 97 137 1 174 168 188 1 0 0 0 0 192 180 192 1 164 143 192 1 0 0 0 0 27 93 92 1 0 42 35 1 26 52 46 1 0 72 89 1 43 32 79 1 43 43 77 1 23 29 64 1 0 0 0 0 37 31 124 1 40 62 119 1 0 41 32 1 0 0 0 0 0 45 86 1 0 42 55 1 53 43 55 1 12 65 68 1 61 82 103 1 124 90 162 1 61 148 164 1 69 84 114 1 45 97 80 1 27 35 141 1 4 18 67 1 23 34 72 1 0 22 38 1 0 73 66 1 0 47 74 1 2 41 88 1 16 33 70 1 19 28 16 1 0 0 0 0 21 43 31 1 0 49 46 1 24 6 71 1 43 27 59 1 1 42 53 1 52 2 70 1 0 31 84 1
23 62 108 1 50 74 112 1 32 50 113 1 0 48 60 1 0 23 72 1 0 64 23 1 0 10 58 1 5 19 65 1 0 35 61 1 4 39 73 1 0 16 59 1 0 9 68 1 0 48 48 1 3 54 62 1 12 12 106 1 0 17 72 1 0 27 85 1 0 45 70 1 25 36 43 1 35 0 59 1 26 63 41 1 8 1 93 1 9 19 91 1 0 0 0 0 44 81 121 1 69 118 148 1 0 0 0 0 75 141 128 1 58 93 119 1 0 41 69 1 0 35 64 1 0 34 103 1 8 56 79 1 0 0 0 0 16 9 84 1 5 10 74 1 39 35 81 1 0 49 65 1 76 89 105 1 79 131 125 1 6 74 97 1 40 68 99 1 48 79 103 1 69 51 116 1 32 25 87 1 5 40 81 1 27 50 63 1 52 93 116 1 88 44 97 1 39 28 44 1 0 10 56 1 9 40 59 1 23 51 54 1 0 16 105 1 0 49 94 1 0 81 89 1 21 59 38 1 0 66 101 1 1 73 82 1 55 29 43 1 18 14 82 1 8 83 80 1 0 91 105 1 0 0 0 0 0 0 0 0 36 94 35 1 0 0 0 0 0 33 67 1
34 71 94 1 51 116 108 1 9 80 105 1 0 33 76 1 0 54 50 1 0 0 0 0 0 57 59 1 3 73 20 1 26 0 43 1 28 37 70 1 7 17 50 1 0 40 109 1 24 22 60 1 22 22 67 1 0 22 103 1 0 2 65 1 39 32 48 1 30 26 52 1 17 38 77 1 36 46 46 1 0 13 32 1 0 0 45 1 0 7 22 1 14 7 68 1 27 36 96 1 0 17 84 1 18 46 84 1 5 84 78 1 40 76 98 1 0 76 105 1 0 43 44 1 0 13 82 1 0 21 74 1 10 63 94 1 45 107 54 1 1 32 7 1 38 47 80 1 43 80 107 1 70 101 127 1 82 61 92 1 73 63 162 1 57 69 117 1 20 79 96 1 16 50 107 1 64 36 43 1 29 31 71 1 0 40 67 1 0 18 75 1 47 16 71 1 0 0 68 1 0 41 64 1 30 34 64 1 26 70 55 1 23 29 75 1 0 34 90 1 20 53 80 1 0 71 104 1 14 75 110 1 51 58 73 1 0 0 0 0 39 52 83 1 13 80 60 1 20 56 103 1 43 41 53 1 0 46 81 1 81 128 122 1 123 129 152 1 0 0 0 0
41 75 80 1 27 80 138 1 6 62 76 1 18 41 98 1 0 1 94 1 0 22 55 1 0 7 47 1 22 29 35 1 0 54 54 1 0 8 79 1 34 21 57 1 14 12 56 1 23 28 87 1 24 47 55 1 38 32 64 1 0 46 51 1 16 32 98 1 0 0 0 0 36 29 85 1 33 34 50 1 0 7 72 1 7 0 77 1 3 14 26 1 0 56 70 1 27 37 49 1 55 11 63 1 0 11 104 1 28 45 109 1 17 63 60 1 32 38 72 1 0 59 54 1 1 50 46 1 0 0 0 0 53 122 147 1 84 76 105 1 32 43 35 1 0 0 0 0 12 93 100 1 28 28 52 1 0 43 56 1 62 68 85 1 52 95 104 1 23 19 67 1 4 34 45 1 59 57 70 1 25 73 76 1 97 81 85 1 11 53 86 1 27 64 103 1 37 21 82 1 0 0 0 0 32 50 68 1 0 45 74 1 0 25 59 1 0 0 0 0 3 42 92 1 0 61 89 1 37 0 78 1 36 32 83 1 5 0 124 1 19 53 81 1 0 0 0 0 75 101 122 1 130 142 129 1 115 106 137 1 130 158 125 1 150 147 165 1 88 52 147 1
0 66 109 1 40 87 99 1 18 49 88 1 3 43 91 1 30 57 70 1 0 0 0 0 0 39 59 1 30 33 84 1 21 34 65 1 0 20 90 1 0 29 76 1 0 53 87 1 0 0 0 0 5 63 38 1 0 64 101 1 13 57 65 1 8 59 115 1 3 49 89 1 9 51 92 1 2 44 57 1 8 14 36 1 2 0 63 1 1 8 36 1 1 0 67 1 0 51 87 1 4 46 42 1 0 60 71 1 29 18 86 1 0 32 104 1 17 41 58 1 0 40 69 1 77 56 84 1 94 169 173 1 144 186 147 1 42 99 130 1 5 63 61 1 36 38 86 1 34 75 56 1 0 31 34 1 0 48 48 1 7 29 104 1 0 8 72 1 57 7 17 1 19 32 67 1 22 61 39 1 50 99 70 1 69 97 90 1 46 70 110 1 68 41 69 1 22 13 78 1 0 37 79 1 0 0 0 0 0 35 11 1 13 22 53 1 5 61 81 1 0 17 67 1 0 0 0 0 28 51 119 1 16 42 115 1 18 8 63 1 1 48 73 1 42 78 131 1 64 95 84 1 167 141 231 1 163 164 203 1 147 145 169 1 205 167 190 1 51 89 130 1
0 37 62 1 0 47 86 1 0 40 72 1 0 0 0 0 0 39 77 1 0 53 70 1 0 61 85 1 0 46 63 1 31 36 69 1 0 77 88 1 35 54 68 1 0 15 79 1 0 65 58 1 0 67 79 1 0 74 81 1 0 32 68 1 23 19 103 1 8 53 108 1 8 23 71 1 17 43 58 1 0 0 75 1 0 16 47 1 0 53 115 1 0 0 65 1 0 74 96 1 1 30 80 1 2 48 94 1 25 47 80 1 8 56 69 1 21 73 54 1 0 0 0 0 146 190 151 1 0 0 0 0 0 0 0 0 43 51 85 1 0 0 0 0 0 63 97 1 33 32 76 1 41 67 108 1 39 53 85 1 0 51 81 1 39 57 62 1 5 27 82 1 12 3 70 1 1 22 82 1 22 45 84 1 54 93 129 1 84 59 135 1 6 55 69 1 12 43 66 1 19 52 92 1 23 35 94 1 12 26 73 1 15 21 62 1 27 23 80 1 4 50 74 1 0 34 46 1 29 39 59 1 0 0 0 0 25 37 90 1 3 68 54 1 27 38 99 1 0 0 0 0 116 156 157 1 166 157 229 1 137 178 159 1 126 138 155 1 76 54 120 1
0 48 91 1 0 57 111 1 13 18 86 1 0 50 60 1 0 85 120 1 0 33 76 1 8 41 53 1 0 67 39 1 1 43 52 1 0 48 73 1 0 39 53 1 0 0 0 0 12 39 76 1 48 96 78 1 0 59 91 1 0 23 75 1 10 58 72 1 0 43 52 1 4 6 80 1 0 0 0 0 2 64 80 1 9 33 73 1 0 45 47 1 0 0 0 0 5 38 67 1 27 60 36 1 0 0 94 1 0 65 114 1 0 15 113 1 59 97 101 1 0 0 0 0 149 208 207 1 217 231 216 1 128 146 120 1 43 33 37 1 0 51 107 1 7 22 95 1 13 45 97 1 9 74 100 1 44 64 90 1 0 53 117 1 19 14 37 1 0 0 0 0 30 62 101 1 0 13 61 1 0 44 43 1 18 77 21 1 0 0 0 0 20 53 65 1 16 55 115 1 20 36 51 1 0 27 96 1 0 52 47 1 24 56 93 1 42 53 59 1 0 38 113 1 0 54 32 1 18 11 89 1 17 3 111 1 28 47 97 1 6 38 78 1 44 63 76 1 50 78 99 1 99 64 99 1 79 135 97 1 21 81 117 1 50 46 52 1 4 9 105 1
3 42 94 1 16 86 79 1 0 27 39 1 3 55 92 1 0 0 0 0 22 5 77 1 0 0 0 0 24 46 87 1 32 36 70 1 4 35 66 1 0 47 92 1 0 65 91 1 0 56 117 1 20 39 68 1 24 73 89 1 25 81 111 1 50 89 149 1 57 84 101 1 8 25 60 1 28 55 55 1 3 49 93 1 3 0 37 1 0 6 32 1 0 35 43 1 0 24 46 1 0 0 0 0 30 67 92 1 3 60 81 1 0 31 54 1 0 0 0 0 74 112 126 1 97 106 120 1 0 0 0 0 89 91 122 1 22 30 28 1 13 32 73 1 23 80 90 1 4 54 146 1 62 30 71 1 57 64 100 1 0 20 89 1 0 0 54 1 15 35 84 1 23 44 25 1 0 32 82 1 18 66 20 1 52 58 31 1 0 0 0 0 15 51 93 1 22 35 50 1 0 41 64 1 0 51 54 1 5 16 19 1 49 48 102 1 80 50 106 1 29 33 56 1 0 48 91 1 0 0 86 1 0 9 27 1 0 68 86 1 32 22 34 1 0 101 61 1 0 0 0 0 20 7 62 1 17 27 70 1 0 23 78 1 0 0 0 0 0 0 97 1
0 79 81 1 0 0 0 0 9 23 57 1 2 33 55 1 23 28 79 1 0 33 80 1 9 37 92 1 12 39 84 1 34 20 58 1 68 115 175 1 81 128 165 1 63 77 107 1 21 68 102 1 0 32 75 1 0 0 0 0 78 121 139 1 77 116 145 1 46 84 107 1 0 1 72 1 0 35 87 1 14 30 104 1 18 6 34 1 10 21 98 1 0 50 103 1 0 53 59 1 0 0 0 0 0 18 81 1 0 0 25 1 2 20 43 1 49 63 69 1 14 18 73 1 0 31 67 1 0 52 79 1 30 49 72 1 13 54 38 1 0 36 67 1 8 36 81 1 2 33 76 1 21 73 98 1 49 38 133 1 0 33 82 1 0 35 65 1 0 35 82 1 0 28 46 1 45 81 85 1 5 50 53 1 22 97 83 1 59 79 111 1 86 75 94 1 40 93 97 1 48 81 81 1 46 78 70 1 0 0 0 0 15 42 84 1 6 41 71 1 19 25 78 1 12 21 53 1 0 7 88 1 0 0 0 0 0 12 57 1 0 0 81 1 0 0 49 1 8 45 42 1 0 0 0 0 0 66 70 1 0 52 88 1 0 5 58 1 0 56 81 1
0 31 97 1 10 32 115 1 0 56 101 1 0 70 43 1 0 44 47 1 19 58 60 1 12 41 53 1 7 46 77 1 57 113 111 1 108 128 138 1 111 142 172 1 66 101 135 1 74 50 101 1 39 51 92 1 62 116 148 1 56 109 130 1 77 107 107 1 36 85 103 1 15 8 35 1 0 43 31 1 37 39 56 1 0 43 45 1 0 34 87 1 0 59 62 1 0 24 63 1 0 63 29 1 3 0 61 1 0 0 78 1 35 23 90 1 26 76 52 1 0 59 76 1 11 45 93 1 0 14 50 1 23 33 75 1 8 49 58 1 30 38 91 1 0 0 0 0 0 0 0 0 54 88 90 1 45 53 109 1 8 44 42 1 0 38 75 1 0 0 0 0 14 72 79 1 52 30 60 1 15 101 92 1 115 143 181 1 148 168 152 1 142 133 154 1 125 145 102 1 0 0 0 0 48 66 128 1 46 29 118 1 13 84 89 1 0 68 64 1 0 62 85 1 10 49 94 1 0 20 34 1 0 10 25 1 0 3 77 1 25 0 94 1 18 3 99 1 0 0 0 0 0 36 37 1 11 19 69 1 4 12 102 1 0 54 109 1 13 59 75 1
13 58 81 1 0 100 108 1 17 62 66 1 20 66 56 1 46 64 74 1 0 57 96 1 0 58 51 1 2 47 43 1 69 127 124 1 131 168 199 1 104 150 172 1 79 100 116 1 51 41 39 1 46 85 107 1 35 102 123 1 15 45 78 1 0 0 0 0 31 66 107 1 23 53 88 1 0 10 87 1 0 0 0 0 0 34 71 1 4 53 66 1 0 0 0 0 0 38 70 1 11 44 22 1 0 0 54 1 0 0 76 1 0 32 44 1 0 0 0 0 6 46 93 1 6 28 74 1 0 51 48 1 0 24 28 1 0 0 88 1 0 39 106 1 0 35 75 1 0 38 72 1 0 0 0 0 49 128 94 1 16 35 45 1 0 56 75 1 60 107 183 1 72 106 154 1 61 72 95 1 95 137 140 1 148 175 191 1 231 210 213 1 198 178 193 1 170 180 138 1 142 159 154 1 126 83 130 1 46 89 71 1 0 23 48 1 3 16 77 1 0 28 78 1 0 19 66 1 9 37 78 1 0 17 66 1 38 3 67 1 37 39 70 1 0 57 87 1 26 59 73 1 0 14 101 1 2 40 80 1 22 1 89 1 32 33 6 1 5 7 55 1