2
262 1087 125 60
3 27 97 1 0 36 99 1 0 10 117 1 0 5 80 1 0 46 51 1 0 17 103 1 46 14 64 1 0 40 92 1 0 0 0 0 0 0 0 0 0 36 94 1 22 47 118 1 0 19 87 1 0 23 102 1 38 40 32 1 0 9 66 1 3 58 128 1 39 23 69 1 21 23 89 1 0 46 89 1 12 29 80 1 24 61 105 1 0 48 102 1 0 54 49 1 2 19 107 1 0 53 47 1 0 54 111 1 21 29 68 1 9 0 104 1 27 38 76 1 0 46 119 1 2 16 72 1 0 23 93 1 0 50 80 1 37 11 69 1 0 11 119 1 12 60 61 1 5 38 78 1 28 33 98 1 0 12 109 1 26 29 104 1 1 53 122 1 0 3 79 1 1 4 98 1 0 64 45 1 0 8 100 1 7 11 78 1 0 34 72 1 50 34 74 1 3 7 84 1 0 0 104 1 0 10 77 1 0 0 0 0 1 40 102 1 8 23 89 1 2 13 71 1 0 30 78 1 0 64 79 1 0 46 37 1 27 38 100 1
0 13 91 1 0 25 108 1 0 40 95 1 19 45 88 1 0 37 64 1 0 34 70 1 12 50 47 1 13 52 81 1 0 55 76 1 7 64 75 1 0 28 112 1 27 44 80 1 0 0 0 0 0 0 0 0 0 45 102 1 0 56 56 1 14 27 88 1 0 0 0 0 0 34 74 1 0 13 81 1 0 64 106 1 22 44 106 1 0 46 44 1 21 25 84 1 28 51 87 1 0 21 82 1 0 12 119 1 0 11 100 1 0 0 0 0 0 23 87 1 5 25 66 1 18 35 122 1 0 40 85 1 39 13 103 1 0 44 117 1 35 69 85 1 30 49 102 1 19 60 85 1 0 45 79 1 0 44 100 1 18 82 88 1 0 0 72 1 0 0 84 1 0 55 56 1 0 39 114 1 0 44 79 1 0 24 84 1 20 5 68 1 0 41 94 1 5 61 117 1 0 40 80 1 42 52 91 1 7 66 99 1 0 0 0 0 0 0 77 1 0 0 0 0 20 51 88 1 5 40 73 1 1 39 111 1 19 27 74 1
0 32 53 1 5 41 54 1 2 61 89 1 8 29 85 1 13 14 104 1 0 47 102 1 33 23 100 1 0 66 57 1 0 48 103 1 6 66 106 1 0 26 51 1 5 7 75 1 0 0 0 0 33 22 66 1 4 24 97 1 1 48 116 1 0 5 101 1 24 46 81 1 0 60 98 1 0 40 85 1 1 18 84 1 0 36 83 1 4 0 148 1 14 47 65 1 0 23 88 1 7 58 34 1 0 19 119 1 0 46 50 1 8 0 95 1 12 44 93 1 14 0 99 1 26 53 82 1 0 62 108 1 0 15 53 1 0 0 0 0 0 19 82 1 0 0 0 0 0 0 0 0 15 0 110 1 0 0 0 0 0 19 87 1 0 20 94 1 0 30 76 1 0 41 58 1 0 27 78 1 28 0 84 1 16 17 56 1 0 0 0 0 10 0 84 1 9 41 96 1 14 43 89 1 26 30 93 1 3 58 109 1 0 6 90 1 2 16 86 1 0 41 72 1 12 42 71 1 12 27 132 1 0 24 93 1 0 18 80 1
4 26 97 1 7 51 66 1 38 21 132 1 25 89 87 1 31 35 97 1 25 58 129 1 0 21 72 1 0 6 67 1 0 41 90 1 10 9 81 1 0 22 67 1 10 63 91 1 16 27 85 1 0 0 88 1 0 0 0 0 5 12 71 1 0 20 80 1 16 42 110 1 0 0 0 0 0 0 0 0 0 57 54 1 34 43 101 1 0 42 73 1 0 52 58 1 0 23 67 1 0 33 113 1 0 25 68 1 0 2 81 1 43 35 106 1 5 17 89 1 0 15 98 1 27 45 83 1 32 65 95 1 17 46 87 1 0 30 91 1 0 38 113 1 36 19 110 1 0 0 0 0 0 34 83 1 7 68 65 1 6 41 108 1 9 40 79 1 29 19 91 1 24 29 91 1 0 36 117 1 18 26 62 1 1 58 85 1 6 41 95 1 0 42 83 1 0 0 109 1 0 41 101 1 0 41 90 1 0 0 0 0 16 43 64 1 5 33 71 1 0 0 0 0 0 35 123 1 0 69 36 1 8 0 91 1 0 27 97 1
10 18 53 1 7 51 76 1 0 48 117 1 0 35 129 1 0 65 63 1 0 56 84 1 8 38 67 1 0 2 96 1 11 49 96 1 0 0 0 0 24 32 110 1 8 19 80 1 0 4 75 1 0 9 93 1 28 67 57 1 0 10 80 1 15 59 92 1 2 48 116 1 0 21 39 1 4 48 103 1 0 25 109 1 0 35 115 1 8 41 82 1 0 93 99 1 5 31 86 1 0 14 83 1 10 15 111 1 0 19 120 1 0 0 0 0 0 22 111 1 0 17 87 1 4 37 102 1 0 31 67 1 12 44 65 1 0 47 35 1 0 0 0 0 20 2 101 1 40 80 72 1 0 10 81 1 2 46 105 1 0 14 96 1 0 72 42 1 6 39 37 1 6 39 127 1 12 31 81 1 5 15 85 1 0 8 112 1 0 0 0 0 0 61 109 1 8 56 66 1 13 56 100 1 0 24 82 1 19 29 85 1 14 33 92 1 0 39 93 1 2 54 86 1 0 33 96 1 0 14 68 1 1 0 67 1 0 38 100 1
0 0 0 0 0 15 123 1 35 15 75 1 16 50 108 1 0 28 78 1 0 91 92 1 0 27 114 1 40 3 88 1 15 35 106 1 0 43 124 1 30 34 93 1 0 0 80 1 0 25 67 1 0 27 62 1 0 14 104 1 18 26 74 1 0 62 59 1 0 39 90 1 0 39 91 1 0 33 59 1 11 0 105 1 0 56 96 1 0 43 73 1 0 41 100 1 0 15 63 1 27 39 88 1 6 14 93 1 0 7 113 1 0 34 72 1 0 1 67 1 14 10 100 1 5 31 97 1 4 35 85 1 0 33 75 1 8 26 104 1 0 0 0 0 28 79 76 1 0 1 84 1 1 56 66 1 2 64 83 1 6 1 82 1 0 30 115 1 0 48 44 1 0 11 70 1 0 0 0 0 0 50 94 1 4 45 98 1 0 51 84 1 22 0 110 1 0 29 81 1 40 42 100 1 1 65 72 1 23 30 85 1 14 6 136 1 0 45 94 1 0 23 126 1 0 36 85 1 0 61 68 1 0 60 86 1 29 0 80 1
34 9 84 1 8 47 82 1 4 61 99 1 0 0 0 0 0 43 54 1 0 0 0 0 0 54 87 1 17 20 127 1 0 40 90 1 0 22 67 1 10 36 79 1 23 44 70 1 0 26 91 1 0 28 111 1 19 79 87 1 0 0 0 0 0 39 77 1 13 42 136 1 0 0 0 0 0 0 0 0 0 35 91 1 0 23 81 1 0 0 0 0 18 44 96 1 0 26 88 1 0 6 74 1 0 8 87 1 0 0 0 0 0 0 0 0 0 0 0 0 11 36 48 1 0 18 114 1 0 31 85 1 4 4 107 1 7 17 103 1 9 49 97 1 20 68 108 1 4 11 85 1 21 51 97 1 0 0 0 0 0 34 89 1 27 43 101 1 0 13 102 1 0 38 93 1 16 68 78 1 0 11 85 1 33 31 93 1 30 49 103 1 0 44 56 1 15 49 97 1 13 40 129 1 0 28 53 1 8 4 90 1 8 0 95 1 0 0 0 0 0 18 104 1 0 0 0 0 32 15 104 1 0 42 89 1 6 59 91 1
0 49 74 1 4 90 89 1 19 43 83 1 21 45 109 1 3 18 104 1 46 64 108 1 0 57 92 1 6 33 89 1 0 105 102 1 0 40 107 1 25 19 104 1 53 14 75 1 0 0 0 0 16 31 107 1 0 16 73 1 0 0 0 0 0 0 114 1 0 13 66 1 16 11 113 1 4 21 88 1 9 23 72 1 0 23 95 1 23 71 93 1 15 32 108 1 0 27 102 1 0 34 105 1 0 0 0 0 0 0 0 0 39 32 91 1 18 23 95 1 0 45 71 1 0 44 59 1 0 0 0 0 0 0 0 0 0 47 107 1 7 12 80 1 3 25 101 1 3 8 62 1 22 27 76 1 3 26 68 1 24 25 99 1 27 54 88 1 0 1 106 1 18 35 90 1 0 7 85 1 7 8 80 1 7 45 51 1 21 63 74 1 0 41 77 1 0 69 81 1 0 19 82 1 43 15 107 1 0 40 65 1 5 68 74 1 0 0 0 0 0 0 0 0 0 65 107 1 5 27 114 1 9 31 83 1 0 36 92 1
21 3 64 1 0 25 107 1 13 80 133 1 0 31 97 1 0 40 101 1 13 48 81 1 0 10 106 1 10 28 62 1 23 0 101 1 0 71 117 1 20 18 75 1 25 46 90 1 18 25 66 1 19 55 87 1 48 23 95 1 0 29 75 1 0 41 73 1 0 3 50 1 0 9 57 1 14 23 48 1 29 42 92 1 0 47 118 1 0 43 91 1 0 42 66 1 0 51 99 1 10 20 78 1 26 45 109 1 0 13 102 1 0 46 67 1 0 52 78 1 0 23 89 1 26 36 81 1 12 39 88 1 0 11 94 1 0 17 91 1 15 39 83 1 0 22 97 1 11 13 50 1 28 16 87 1 0 33 123 1 0 67 71 1 0 44 122 1 0 33 73 1 0 0 0 0 0 86 26 1 1 11 50 1 0 0 0 0 0 35 45 1 0 0 0 0 0 9 104 1 16 38 101 1 13 29 95 1 0 21 102 1 0 25 109 1 0 34 123 1 9 75 66 1 0 14 85 1 3 8 86 1 0 44 45 1 0 0 114 1
26 53 108 1 1 21 64 1 0 73 102 1 0 0 97 1 48 17 119 1 0 0 0 0 5 43 108 1 0 0 0 0 28 79 115 1 7 29 91 1 15 65 111 1 0 53 107 1 0 46 84 1 0 73 89 1 0 48 118 1 8 37 81 1 11 40 72 1 0 60 78 1 23 18 79 1 43 48 83 1 0 0 0 0 0 0 0 0 0 56 81 1 0 0 0 0 0 29 127 1 28 48 88 1 39 41 29 1 0 43 73 1 0 46 126 1 0 0 0 0 11 11 100 1 0 46 66 1 0 12 64 1 32 26 85 1 0 6 79 1 0 0 0 0 0 42 65 1 0 20 70 1 29 52 59 1 0 58 89 1 37 37 88 1 0 42 63 1 0 42 128 1 0 48 52 1 0 45 58 1 0 44 79 1 7 16 75 1 0 47 83 1 1 34 73 1 0 24 113 1 0 37 79 1 0 69 31 1 0 36 47 1 0 35 79 1 8 52 84 1 0 40 98 1 0 0 0 0 26 5 134 1 0 39 81 1 0 16 44 1
12 9 88 1 0 11 56 1 0 0 0 0 12 65 109 1 0 0 0 0 44 30 63 1 3 46 104 1 0 0 0 0 0 58 70 1 16 29 94 1 3 50 69 1 0 55 98 1 0 89 96 1 0 48 58 1 0 25 95 1 0 20 82 1 0 10 40 1 0 17 80 1 3 23 141 1 0 0 0 0 24 21 57 1 0 14 95 1 0 59 82 1 0 25 86 1 3 61 117 1 0 66 68 1 0 43 90 1 0 43 126 1 69 40 79 1 0 31 112 1 0 56 87 1 20 49 90 1 0 46 78 1 0 57 103 1 4 24 61 1 0 41 79 1 38 44 108 1 0 16 78 1 0 0 0 0 10 18 93 1 0 29 105 1 26 59 89 1 6 32 60 1 0 43 108 1 0 0 0 0 0 17 79 1 23 16 79 1 0 25 100 1 9 13 69 1 0 28 86 1 0 0 0 0 20 65 103 1 0 0 0 0 9 45 63 1 31 23 92 1 14 52 84 1 0 14 89 1 12 40 65 1 0 21 82 1 5 26 77 1
46 70 94 1 0 25 85 1 16 70 71 1 61 59 91 1 10 51 106 1 0 31 82 1 0 32 134 1 0 0 0 0 0 57 63 1 1 26 69 1 18 39 84 1 0 77 105 1 0 0 56 1 34 19 88 1 0 61 103 1 0 0 0 0 34 50 120 1 2 1 99 1 19 9 69 1 2 16 73 1 0 46 86 1 25 28 64 1 0 17 79 1 0 32 115 1 10 34 101 1 0 0 39 1 1 36 96 1 0 31 107 1 0 53 54 1 46 68 49 1 13 45 73 1 12 12 109 1 0 47 76 1 0 74 73 1 0 29 108 1 0 27 89 1 4 30 103 1 18 6 96 1 18 19 130 1 0 32 22 1 52 11 94 1 0 0 0 0 0 15 65 1 0 0 0 0 0 50 108 1 20 38 71 1 12 40 121 1 0 0 0 0 0 45 62 1 0 0 0 0 0 52 104 1 0 62 113 1 0 60 89 1 0 33 101 1 51 46 62 1 0 39 61 1 32 46 73 1 0 7 54 1 40 48 69 1 0 0 0 0
0 53 73 1 0 0 0 0 0 42 114 1 0 19 102 1 0 58 87 1 0 18 80 1 0 76 88 1 0 54 73 1 0 5 102 1 25 30 85 1 16 42 102 1 7 45 103 1 0 0 0 0 0 0 0 0 0 0 0 0 0 0 0 0 0 0 0 0 24 40 94 1 48 33 93 1 23 12 79 1 0 36 94 1 12 38 64 1 0 0 0 0 0 5 65 1 21 29 84 1 0 28 99 1 2 25 92 1 0 33 96 1 0 0 0 0 23 50 83 1 22 0 76 1 0 24 75 1 0 23 81 1 36 43 66 1 0 60 72 1 52 6 63 1 0 39 101 1 0 30 86 1 15 35 89 1 34 51 68 1 13 24 41 1 2 40 86 1 0 73 78 1 0 21 83 1 0 0 0 0 0 47 38 1 16 66 81 1 0 39 101 1 0 31 90 1 13 27 65 1 6 78 113 1 0 31 92 1 0 39 112 1 0 18 84 1 0 0 0 0 0 72 45 1 16 41 76 1 0 27 116 1 0 0 0 0 0 0 0 0
0 43 141 1 17 50 77 1 1 19 82 1 30 23 105 1 21 46 104 1 25 34 77 1 0 47 68 1 13 18 106 1 0 21 84 1 0 59 74 1 13 24 82 1 17 28 52 1 13 19 75 1 13 65 113 1 24 49 114 1 23 43 120 1 0 31 92 1 0 35 86 1 0 9 89 1 3 21 63 1 0 34 92 1 0 29 73 1 11 69 93 1 0 15 70 1 0 63 109 1 0 31 96 1 0 0 0 0 0 54 58 1 9 36 55 1 0 41 75 1 3 47 106 1 0 0 83 1 4 21 63 1 0 67 61 1 0 46 80 1 0 25 85 1 5 55 92 1 0 20 105 1 0 0 0 0 18 32 73 1 11 38 77 1 0 64 47 1 0 0 132 1 18 27 62 1 20 48 77 1 0 8 89 1 0 32 110 1 0 0 0 0 18 58 109 1 5 0 103 1 0 66 77 1 13 6 97 1 0 18 73 1 0 37 96 1 4 43 112 1 0 55 113 1 0 33 64 1 20 37 120 1 0 0 0 0 36 2 150 1
0 27 107 1 0 0 0 0 0 0 0 0 0 26 100 1 25 23 86 1 0 41 82 1 19 18 104 1 0 50 93 1 1 48 112 1 0 15 86 1 15 26 113 1 19 37 83 1 25 30 114 1 16 17 113 1 0 29 103 1 3 11 63 1 0 20 98 1 8 57 65 1 0 25 61 1 23 32 128 1 0 42 114 1 0 56 86 1 10 55 90 1 3 29 65 1 13 49 113 1 0 2 108 1 0 24 78 1 20 26 76 1 11 37 142 1 13 14 77 1 0 0 0 0 1 6 91 1 13 15 108 1 0 30 84 1 0 47 78 1 0 0 88 1 17 32 127 1 1 32 63 1 12 26 101 1 0 55 83 1 0 25 90 1 0 0 0 0 17 29 86 1 0 30 77 1 0 73 74 1 2 36 81 1 0 53 134 1 20 47 108 1 0 43 89 1 3 22 112 1 37 24 109 1 0 37 55 1 0 0 0 0 9 21 74 1 22 21 106 1 5 61 82 1 2 22 83 1 0 50 114 1 7 30 93 1 26 42 87 1
0 21 70 1 0 29 97 1 0 2 91 1 0 3 60 1 0 0 0 0 0 48 90 1 0 55 91 1 9 72 116 1 16 22 84 1 0 48 92 1 0 30 97 1 0 0 0 0 0 0 0 0 0 18 97 1 0 39 94 1 7 35 91 1 42 27 85 1 0 60 118 1 0 0 0 0 6 1 92 1 34 0 76 1 8 0 103 1 0 46 102 1 0 25 109 1 16 45 115 1 25 43 100 1 0 39 110 1 0 0 0 0 10 20 106 1 0 10 89 1 24 40 115 1 22 13 68 1 0 0 0 0 0 41 90 1 31 41 103 1 0 35 57 1 19 1 101 1 33 55 108 1 0 60 96 1 0 35 26 1 0 0 0 0 39 36 134 1 0 22 93 1 0 0 0 0 0 47 100 1 1 59 132 1 0 40 83 1 18 20 90 1 9 43 108 1 0 26 102 1 38 35 64 1 33 91 82 1 0 26 38 1 11 34 69 1 0 18 97 1 0 60 61 1 21 12 84 1 0 0 0 0 0 71 46 1 0 83 80 1
2 56 119 1 34 18 81 1 6 4 93 1 27 31 91 1 0 35 99 1 5 12 77 1 23 10 80 1 0 66 105 1 9 20 100 1 0 50 72 1 26 22 126 1 0 32 64 1 14 57 74 1 24 35 75 1 0 70 62 1 14 2 85 1 5 44 95 1 0 30 116 1 0 29 119 1 15 30 71 1 0 29 48 1 0 20 104 1 0 0 82 1 0 21 85 1 3 28 97 1 6 5 123 1 0 46 94 1 0 33 82 1 0 25 66 1 0 43 107 1 18 39 103 1 0 28 76 1 54 52 44 1 0 59 41 1 0 8 80 1 0 5 88 1 15 6 102 1 26 67 95 1 0 26 93 1 17 7 61 1 0 42 89 1 0 64 123 1 14 0 54 1 0 37 86 1 34 57 106 1 42 62 47 1 0 28 65 1 0 56 64 1 0 1 77 1 51 43 87 1 0 0 0 0 32 12 81 1 0 35 70 1 15 62 96 1 30 37 74 1 15 13 52 1 4 50 98 1 0 18 79 1 18 54 56 1 1 14 112 1
0 38 76 1 0 24 102 1 0 19 89 1 0 4 100 1 11 40 50 1 0 42 85 1 0 0 0 0 0 37 96 1 0 31 118 1 27 36 103 1 23 33 100 1 0 13 92 1 3 25 105 1 33 57 74 1 0 43 93 1 0 13 79 1 0 15 115 1 0 55 92 1 0 19 87 1 20 63 113 1 0 30 79 1 3 33 82 1 0 74 79 1 0 24 138 1 29 60 57 1 0 56 93 1 0 13 85 1 34 13 46 1 14 29 66 1 14 50 89 1 0 2 101 1 0 40 66 1 11 30 87 1 28 27 101 1 0 57 55 1 0 25 65 1 0 9 100 1 10 36 102 1 0 29 90 1 23 17 97 1 14 41 80 1 0 47 69 1 11 21 66 1 0 53 76 1 18 43 96 1 0 44 79 1 18 44 116 1 0 0 0 0 14 17 94 1 12 18 39 1 3 35 103 1 29 53 86 1 0 14 66 1 0 55 119 1 0 47 107 1 0 0 0 0 16 97 70 1 1 28 128 1 10 30 83 1 21 29 63 1
0 0 0 0 0 36 94 1 3 42 110 1 0 1 87 1 0 26 127 1 0 23 96 1 36 10 107 1 18 26 89 1 0 11 83 1 0 0 0 0 33 50 78 1 5 49 90 1 20 54 92 1 7 43 105 1 30 33 76 1 0 37 123 1 18 48 105 1 19 37 112 1 0 3 109 1 6 52 105 1 0 0 0 0 10 46 87 1 2 17 95 1 9 43 70 1 0 0 0 0 0 27 63 1 0 37 88 1 0 28 57 1 0 42 88 1 31 67 68 1 0 0 0 0 0 32 118 1 0 33 78 1 15 28 101 1 17 46 86 1 0 34 114 1 0 0 67 1 0 23 78 1 27 61 68 1 14 44 105 1 0 27 57 1 0 0 106 1 0 13 98 1 0 44 83 1 0 17 115 1 25 25 80 1 0 58 101 1 0 42 102 1 0 44 102 1 0 4 60 1 0 17 114 1 0 37 97 1 18 0 69 1 32 53 38 1 0 24 113 1 8 41 98 1 0 24 122 1 0 7 93 1 15 57 91 1 0 24 98 1
0 59 84 1 42 44 91 1 0 0 0 0 0 0 0 0 0 0 79 1 51 42 118 1 14 25 89 1 13 52 73 1 0 0 0 0 0 37 69 1 14 55 81 1 38 33 78 1 20 28 74 1 0 62 109 1 0 0 0 0 0 32 81 1 24 19 75 1 0 0 0 0 0 38 110 1 0 44 33 1 16 34 68 1 0 47 88 1 0 55 98 1 9 23 61 1 20 47 89 1 0 0 0 0 12 49 125 1 22 66 82 1 0 49 92 1 20 27 98 1 24 41 58 1 0 43 120 1 22 15 80 1 0 29 99 1 0 4 88 1 0 0 0 0 0 0 0 0 0 37 71 1 5 24 104 1 0 41 90 1 0 107 105 1 0 38 70 1 43 25 105 1 32 35 78 1 0 0 0 0 0 0 0 0 22 44 80 1 0 53 82 1 37 55 73 1 0 27 83 1 0 55 70 1 0 5 93 1 0 0 0 0 0 28 76 1 14 48 104 1 10 63 119 1 0 16 68 1 3 28 86 1 36 22 71 1 0 28 57 1
6 33 96 1 0 79 108 1 16 34 91 1 0 35 101 1 1 103 86 1 0 0 0 0 0 18 94 1 0 28 68 1 0 5 80 1 0 0 0 0 0 12 100 1 0 27 94 1 0 0 103 1 0 42 74 1 0 32 75 1 9 19 61 1 0 44 107 1 0 55 59 1 0 51 60 1 0 0 85 1 0 21 68 1 7 28 85 1 0 28 99 1 0 0 0 0 0 33 60 1 0 17 104 1 47 12 108 1 0 50 119 1 0 43 77 1 0 0 0 0 22 14 90 1 0 19 80 1 13 18 98 1 0 0 0 0 0 39 65 1 0 0 0 0 30 30 68 1 0 23 83 1 0 33 57 1 0 20 100 1 17 18 70 1 0 26 105 1 0 23 106 1 17 29 110 1 0 24 108 1 0 34 82 1 4 50 94 1 0 0 0 0 10 48 92 1 0 52 101 1 0 5 84 1 17 55 77 1 38 5 116 1 0 43 97 1 4 41 119 1 0 40 114 1 19 64 107 1 3 0 116 1 7 20 107 1 0 19 87 1
10 27 25 1 0 2 102 1 0 23 85 1 0 2 79 1 4 25 59 1 26 53 96 1 0 4 87 1 19 66 69 1 0 42 83 1 23 30 93 1 0 57 88 1 8 42 106 1 0 35 66 1 2 10 85 1 0 35 78 1 8 41 79 1 0 0 0 0 0 0 0 0 0 55 102 1 6 49 90 1 25 42 109 1 0 57 145 1 0 31 77 1 27 3 101 1 22 29 91 1 34 65 94 1 19 43 95 1 4 55 114 1 0 20 42 1 18 30 64 1 7 20 92 1 8 0 78 1 25 43 76 1 39 7 61 1 0 43 118 1 0 0 53 1 0 14 70 1 0 0 0 0 0 8 82 1 0 15 41 1 30 33 96 1 0 0 0 0 25 17 89 1 0 1 80 1 0 32 95 1 0 28 66 1 25 27 120 1 10 32 92 1 0 17 94 1 43 47 89 1 0 23 48 1 0 0 0 0 0 23 125 1 0 49 77 1 0 0 0 0 0 35 81 1 0 54 87 1 0 0 0 0 23 5 106 1 10 15 73 1
0 62 101 1 0 36 54 1 0 41 99 1 0 24 75 1 0 41 109 1 13 19 102 1 6 70 92 1 19 27 115 1 34 5 101 1 0 58 63 1 0 35 77 1 16 42 102 1 0 0 70 1 12 31 87 1 52 40 73 1 28 10 95 1 0 49 50 1 0 0 0 0 0 45 52 1 20 7 84 1 0 0 0 0 0 0 0 0 0 21 83 1 0 38 89 1 0 17 90 1 0 0 0 0 17 13 65 1 0 58 88 1 7 24 74 1 0 0 0 0 0 45 78 1 0 8 103 1 0 20 90 1 0 22 70 1 26 42 40 1 22 53 121 1 0 25 104 1 0 45 65 1 0 26 83 1 11 26 60 1 0 0 0 0 0 46 87 1 17 8 116 1 0 69 87 1 0 0 0 0 32 20 33 1 0 46 50 1 35 26 87 1 12 42 113 1 0 21 115 1 0 44 97 1 0 0 0 0 0 38 67 1 0 33 99 1 0 0 0 0 25 34 96 1 0 15 124 1 11 25 117 1 42 26 93 1 0 21 72 1
0 0 0 0 21 18 88 1 0 84 48 1 0 15 82 1 0 26 53 1 0 54 80 1 29 6 62 1 12 29 68 1 15 15 75 1 0 47 57 1 42 20 86 1 1 10 54 1 24 66 98 1 8 42 59 1 0 56 58 1 8 56 88 1 23 43 89 1 0 0 75 1 0 38 80 1 1 27 100 1 14 73 71 1 17 23 120 1 0 18 67 1 18 19 45 1 11 44 95 1 0 22 87 1 2 2 83 1 0 51 101 1 0 64 55 1 0 13 62 1 0 0 77 1 0 26 78 1 12 48 89 1 19 62 105 1 17 34 99 1 0 23 108 1 0 0 0 0 6 36 80 1 23 60 109 1 31 20 114 1 0 0 95 1 0 44 111 1 41 27 51 1 0 68 84 1 0 17 63 1 0 40 82 1 14 30 75 1 10 41 77 1 0 0 0 0 13 30 98 1 20 49 63 1 6 29 72 1 0 33 96 1 0 0 0 0 0 0 0 0 25 55 84 1 0 30 109 1 6 0 81 1 0 0 0 0 0 25 114 1
0 57 85 1 0 60 103 1 11 32 57 1 18 66 59 1 6 45 109 1 0 0 113 1 0 40 80 1 7 21 114 1 4 31 79 1 5 60 61 1 0 41 126 1 39 28 123 1 0 63 81 1 0 42 94 1 2 66 86 1 42 63 124 1 7 0 94 1 0 74 95 1 3 12 94 1 0 32 61 1 15 41 115 1 0 0 0 0 0 53 79 1 0 76 90 1 0 48 55 1 0 49 61 1 0 0 0 0 0 0 0 0 0 15 71 1 0 41 104 1 0 58 69 1 0 51 118 1 27 27 93 1 0 33 92 1 0 0 0 0 0 0 0 0 3 10 105 1 0 24 71 1 15 19 79 1 0 40 51 1 6 10 107 1 0 47 101 1 0 40 77 1 0 11 84 1 0 26 46 1 20 26 74 1 0 19 107 1 16 69 75 1 14 39 68 1 6 22 99 1 0 57 75 1 0 31 74 1 0 39 71 1 0 38 111 1 0 0 0 0 20 20 107 1 6 25 78 1 8 27 98 1 0 46 56 1 24 32 136 1
0 67 79 1 10 49 79 1 0 23 74 1 0 31 75 1 2 28 50 1 0 0 0 0 9 59 132 1 0 18 120 1 5 37 84 1 0 37 90 1 19 14 89 1 2 53 72 1 8 64 110 1 8 56 60 1 9 53 126 1 0 39 118 1 35 29 52 1 1 81 51 1 0 40 108 1 0 0 110 1 3 10 89 1 0 20 79 1 1 23 103 1 37 8 93 1 0 0 57 1 0 26 128 1 0 0 0 0 18 26 121 1 8 0 75 1 0 0 0 0 2 8 73 1 0 42 87 1 20 33 95 1 0 33 81 1 44 93 99 1 0 15 56 1 0 52 65 1 65 57 78 1 0 27 111 1 21 21 55 1 27 66 117 1 0 0 0 0 13 7 108 1 0 23 76 1 15 50 82 1 13 0 129 1 0 70 59 1 0 30 97 1 5 34 94 1 7 44 83 1 0 59 71 1 0 68 77 1 0 55 107 1 0 0 0 0 8 29 121 1 0 0 0 0 0 0 0 0 45 16 58 1 27 16 81 1 10 18 87 1
14 44 95 1 2 22 103 1 0 78 84 1 16 16 92 1 0 18 113 1 11 58 72 1 0 56 70 1 0 49 111 1 5 82 109 1 21 28 76 1 16 40 103 1 0 0 75 1 0 50 114 1 8 43 81 1 0 31 101 1 0 31 81 1 28 98 55 1 0 48 97 1 26 21 119 1 0 18 89 1 0 28 95 1 30 19 80 1 27 33 98 1 9 22 76 1 0 85 97 1 0 0 0 0 0 47 92 1 0 45 86 1 3 1 85 1 0 0 79 1 0 45 86 1 0 0 0 0 38 0 108 1 9 44 76 1 0 51 88 1 0 0 0 0 0 30 56 1 0 10 102 1 17 47 97 1 0 30 105 1 0 13 66 1 0 32 74 1 0 27 60 1 4 82 87 1 0 27 91 1 0 0 0 0 0 60 100 1 0 55 93 1 0 25 93 1 0 0 0 0 3 40 110 1 18 85 77 1 21 30 76 1 0 22 99 1 0 24 92 1 6 42 89 1 0 41 103 1 0 72 77 1 17 26 118 1 11 28 97 1
3 52 57 1 0 54 100 1 0 58 105 1 0 0 0 0 0 32 82 1 0 42 91 1 0 53 111 1 0 39 83 1 0 0 0 0 1 70 92 1 25 17 88 1 0 0 0 0 0 72 88 1 10 42 109 1 0 0 0 0 0 38 66 1 19 37 86 1 0 0 76 1 0 45 86 1 12 71 101 1 8 32 72 1 56 0 88 1 0 0 0 0 10 56 71 1 0 0 0 0 0 0 0 0 37 25 98 1 0 10 108 1 0 34 82 1 0 0 0 0 0 59 98 1 9 34 110 1 0 13 48 1 1 30 70 1 17 13 65 1 0 47 93 1 0 28 93 1 10 3 135 1 13 32 94 1 0 25 86 1 0 0 0 0 3 36 110 1 1 16 62 1 11 48 94 1 23 0 94 1 8 62 28 1 0 21 52 1 12 45 48 1 0 15 56 1 0 42 73 1 19 62 51 1 11 10 83 1 8 24 73 1 0 7 103 1 24 49 107 1 0 30 116 1 0 26 108 1 0 34 115 1 0 0 0 0 21 66 43 1
0 40 101 1 0 23 109 1 0 17 85 1 8 24 92 1 55 31 122 1 0 46 113 1 13 12 105 1 0 48 91 1 0 31 104 1 7 11 77 1 28 19 65 1 21 67 57 1 0 41 56 1 2 38 78 1 0 39 93 1 0 43 81 1 20 68 132 1 13 0 95 1 8 37 114 1 0 0 0 0 24 5 73 1 25 40 106 1 21 71 104 1 19 20 126 1 0 27 95 1 0 10 73 1 0 0 0 0 0 3 74 1 2 24 79 1 0 29 91 1 0 64 112 1 7 19 69 1 34 3 95 1 9 25 108 1 27 14 90 1 1 28 74 1 0 0 82 1 0 0 83 1 35 27 106 1 0 40 84 1 0 0 0 0 0 51 96 1 7 67 94 1 3 27 93 1 22 42 53 1 0 49 108 1 3 31 92 1 19 42 78 1 1 58 71 1 0 36 53 1 0 27 84 1 0 48 86 1 11 40 92 1 0 0 0 0 0 0 80 1 3 16 94 1 0 0 0 0 0 59 115 1 13 33 93 1 0 26 102 1
0 73 84 1 0 21 94 1 4 43 76 1 0 53 113 1 0 67 87 1 2 55 67 1 0 0 0 0 13 36 123 1 41 56 90 1 0 39 117 1 26 62 95 1 12 72 107 1 0 30 103 1 0 18 93 1 0 3 91 1 12 41 96 1 11 36 106 1 36 35 67 1 9 33 117 1 44 59 57 1 0 50 95 1 0 4 66 1 2 24 92 1 0 33 112 1 22 38 100 1 21 46 64 1 0 0 0 0 11 20 86 1 0 50 38 1 13 14 85 1 0 22 64 1 0 36 81 1 6 0 87 1 0 32 82 1 0 11 58 1 0 28 96 1 0 40 58 1 10 31 59 1 0 27 103 1 0 76 91 1 0 16 89 1 9 41 89 1 0 0 0 0 7 38 120 1 12 52 88 1 34 48 63 1 27 30 106 1 0 33 73 1 17 20 71 1 12 56 75 1 32 54 94 1 0 43 67 1 0 0 84 1 0 0 54 1 0 25 81 1 0 43 113 1 5 16 84 1 0 15 118 1 21 19 51 1 11 47 94 1
0 33 113 1 0 0 0 0 3 34 75 1 22 44 65 1 18 31 109 1 0 12 105 1 0 0 0 0 34 38 131 1 33 41 57 1 0 28 90 1 13 52 88 1 45 7 55 1 0 0 0 0 2 17 98 1 4 30 97 1 7 9 81 1 0 33 81 1 25 21 95 1 7 42 90 1 0 30 87 1 0 0 0 0 0 17 76 1 6 74 113 1 0 77 101 1 2 32 92 1 56 35 76 1 0 0 0 0 24 37 82 1 0 34 105 1 0 57 87 1 0 0 0 0 0 0 111 1 0 41 96 1 23 0 68 1 22 23 109 1 0 25 78 1 7 38 109 1 0 54 56 1 0 37 149 1 0 29 97 1 0 0 0 0 31 27 84 1 8 43 76 1 23 23 83 1 0 0 0 0 0 48 59 1 10 41 81 1 23 57 53 1 19 25 35 1 0 27 93 1 0 15 117 1 0 33 99 1 6 0 57 1 0 7 84 1 25 38 86 1 23 20 106 1 0 0 0 0 18 5 109 1 0 65 76 1 14 48 71 1
38 47 97 1 0 49 104 1 0 48 57 1 21 17 75 1 25 20 70 1 4 39 72 1 8 56 60 1 0 0 0 0 8 48 109 1 0 15 43 1 17 0 68 1 22 54 102 1 0 77 109 1 0 36 119 1 0 0 0 0 0 66 93 1 0 0 0 0 0 50 64 1 0 40 122 1 12 0 95 1 0 0 0 0 25 38 85 1 0 17 94 1 0 63 96 1 0 40 99 1 0 39 55 1 0 23 76 1 5 22 95 1 0 20 83 1 0 51 78 1 0 37 94 1 0 59 86 1 0 0 0 0 0 20 77 1 0 6 80 1 4 30 74 1 8 28 89 1 8 48 73 1 0 18 51 1 0 68 106 1 0 0 0 0 0 13 52 1 3 9 83 1 9 32 69 1 0 0 0 0 0 27 66 1 36 43 92 1 9 31 73 1 0 30 90 1 0 32 89 1 23 67 90 1 0 37 82 1 0 19 110 1 0 6 80 1 0 68 72 1 24 71 115 1 0 0 0 0 24 39 88 1 36 54 79 1 0 0 0 0
0 58 93 1 0 58 72 1 0 61 88 1 22 25 121 1 33 32 93 1 0 47 92 1 5 28 62 1 15 37 96 1 21 48 87 1 38 17 122 1 9 22 48 1 0 59 123 1 0 33 72 1 15 45 77 1 21 32 115 1 0 71 83 1 0 47 83 1 0 48 85 1 0 24 99 1 0 19 79 1 0 18 80 1 0 40 62 1 32 31 72 1 0 0 61 1 9 14 81 1 2 22 74 1 27 47 74 1 0 53 40 1 0 6 68 1 10 26 116 1 38 36 77 1 4 54 106 1 0 49 56 1 0 48 91 1 5 14 89 1 6 45 78 1 7 17 109 1 0 0 0 0 0 46 94 1 0 0 0 0 0 0 0 0 0 29 110 1 0 2 124 1 2 40 97 1 4 57 49 1 29 20 100 1 10 39 61 1 1 39 84 1 13 46 104 1 20 31 94 1 0 33 122 1 0 0 0 0 0 65 95 1 21 51 79 1 0 12 94 1 0 39 68 1 4 39 74 1 0 0 122 1 0 17 47 1 0 42 75 1
0 21 80 1 0 34 50 1 2 54 89 1 10 55 61 1 0 0 0 0 0 0 89 1 22 68 93 1 0 3 87 1 0 85 98 1 5 14 45 1 0 66 116 1 0 22 70 1 0 28 69 1 12 7 112 1 0 0 0 0 0 70 92 1 0 27 88 1 18 49 111 1 0 58 90 1 0 0 0 0 0 0 0 0 8 19 91 1 8 39 71 1 0 0 0 0 3 42 67 1 0 0 0 0 0 38 143 1 0 0 0 0 9 13 98 1 11 44 92 1 51 1 79 1 0 35 70 1 29 14 104 1 0 0 0 0 7 25 107 1 23 0 87 1 0 0 0 0 1 72 76 1 0 26 21 1 23 4 137 1 10 40 69 1 0 38 109 1 21 18 100 1 0 51 110 1 11 51 53 1 0 67 75 1 18 62 89 1 0 35 95 1 0 26 94 1 0 0 115 1 0 25 111 1 0 20 66 1 0 33 62 1 0 43 67 1 0 22 80 1 6 56 69 1 0 5 57 1 24 69 80 1 5 30 76 1 1 24 98 1
11 9 95 1 1 55 115 1 0 57 77 1 2 32 77 1 0 48 76 1 6 33 99 1 0 0 0 0 8 29 127 1 0 0 0 0 0 34 47 1 0 29 139 1 22 28 87 1 15 0 107 1 0 67 101 1 11 57 105 1 18 23 87 1 0 0 0 0 0 54 100 1 9 45 71 1 10 56 75 1 0 63 125 1 0 33 68 1 19 35 105 1 0 69 80 1 5 3 75 1 35 9 92 1 10 46 86 1 20 20 86 1 20 48 116 1 2 25 109 1 0 83 95 1 0 35 61 1 0 17 73 1 7 27 64 1 0 51 108 1 25 21 84 1 31 48 77 1 0 0 0 0 17 63 95 1 0 18 68 1 0 0 0 0 0 51 97 1 0 75 74 1 0 44 90 1 7 24 88 1 0 0 0 0 0 40 80 1 5 45 86 1 23 46 120 1 18 3 93 1 42 8 69 1 0 42 58 1 35 31 102 1 18 14 98 1 34 26 92 1 0 0 0 0 0 0 0 0 0 15 84 1 0 55 96 1 15 5 85 1
30 80 114 1 0 6 45 1 22 14 49 1 0 63 91 1 0 16 89 1 5 43 46 1 23 53 74 1 0 47 68 1 27 30 32 1 1 51 95 1 0 39 91 1 39 37 111 1 0 41 79 1 0 28 95 1 10 15 70 1 1 59 87 1 0 97 71 1 4 33 98 1 0 20 84 1 12 50 78 1 11 33 77 1 0 0 0 0 8 32 79 1 3 3 99 1 0 36 73 1 0 35 93 1 15 49 102 1 35 37 53 1 0 19 97 1 0 11 85 1 0 0 0 0 9 20 48 1 0 10 66 1 31 23 87 1 0 50 90 1 0 0 86 1 0 72 92 1 0 0 0 0 27 28 96 1 3 9 76 1 5 66 94 1 0 26 88 1 0 33 112 1 0 0 0 0 1 48 65 1 0 26 95 1 14 38 87 1 3 27 78 1 0 41 110 1 0 58 86 1 8 15 99 1 34 51 143 1 4 42 71 1 28 57 60 1 2 23 69 1 19 38 108 1 0 0 100 1 13 39 89 1 0 46 72 1 0 39 62 1
0 38 97 1 40 24 79 1 0 7 81 1 0 34 83 1 0 34 113 1 0 48 71 1 0 49 82 1 12 79 60 1 4 36 101 1 7 21 69 1 0 48 65 1 0 43 45 1 6 55 107 1 0 36 94 1 0 26 57 1 13 21 66 1 6 36 111 1 18 54 73 1 21 49 68 1 0 28 92 1 0 0 0 0 0 11 118 1 0 0 0 0 0 8 70 1 1 25 73 1 0 31 115 1 4 8 131 1 0 43 65 1 0 50 120 1 6 19 72 1 0 16 84 1 0 56 95 1 0 0 0 0 0 36 84 1 18 18 88 1 0 0 0 0 36 14 59 1 0 64 83 1 0 19 99 1 0 31 94 1 0 68 70 1 16 26 51 1 14 32 96 1 3 27 102 1 0 0 0 0 0 0 0 0 0 20 94 1 0 44 76 1 0 32 92 1 22 26 88 1 0 39 87 1 2 38 79 1 16 40 65 1 0 42 53 1 13 41 90 1 28 20 97 1 4 8 72 1 8 34 97 1 0 0 0 0 12 54 71 1
0 47 54 1 0 36 65 1 25 43 104 1 12 12 89 1 24 8 109 1 11 33 78 1 29 29 89 1 0 30 61 1 11 33 67 1 2 33 109 1 19 60 110 1 0 0 0 0 0 38 83 1 0 51 104 1 17 50 72 1 0 10 88 1 0 0 0 0 13 35 87 1 27 23 92 1 20 8 96 1 15 0 58 1 0 58 129 1 0 24 87 1 0 0 0 0 20 19 42 1 0 0 0 0 6 19 63 1 33 15 83 1 0 27 75 1 3 35 84 1 0 43 106 1 0 24 46 1 0 17 89 1 0 50 86 1 0 0 0 0 0 16 109 1 1 24 58 1 0 0 0 0 57 40 105 1 0 7 99 1 0 0 0 0 0 24 76 1 0 20 100 1 1 49 67 1 0 39 92 1 21 39 86 1 9 45 103 1 0 18 118 1 0 0 98 1 0 8 84 1 3 40 115 1 0 0 0 0 0 17 82 1 0 42 118 1 0 60 110 1 0 0 88 1 19 3 121 1 34 47 75 1 53 16 84 1 0 0 0 0
2 21 87 1 0 57 74 1 0 37 98 1 0 26 71 1 21 32 81 1 0 61 98 1 26 69 44 1 0 0 0 0 0 36 75 1 0 31 82 1 0 18 97 1 14 45 66 1 11 45 63 1 0 17 58 1 5 54 97 1 0 40 46 1 7 66 63 1 0 61 114 1 2 61 114 1 1 32 77 1 0 55 129 1 28 14 135 1 0 20 76 1 26 22 93 1 0 19 83 1 0 16 121 1 4 48 80 1 10 0 84 1 5 51 88 1 0 0 0 0 13 28 108 1 0 26 79 1 28 62 105 1 8 20 75 1 0 0 0 0 0 24 98 1 5 45 53 1 0 17 72 1 14 5 114 1 0 39 58 1 0 23 111 1 11 49 90 1 14 14 83 1 0 0 0 0 18 7 111 1 27 36 86 1 0 14 92 1 0 46 90 1 0 48 88 1 0 45 62 1 0 26 101 1 0 0 0 0 11 87 112 1 0 0 68 1 0 30 95 1 0 33 80 1 30 34 85 1 2 21 74 1 9 37 61 1 0 22 76 1
51 62 99 1 16 48 82 1 0 3 119 1 0 55 51 1 21 35 78 1 0 27 71 1 36 4 117 1 0 0 0 0 6 0 88 1 12 36 71 1 0 64 85 1 0 43 84 1 5 29 83 1 0 20 115 1 0 60 80 1 5 50 74 1 6 51 61 1 0 23 86 1 0 11 87 1 34 65 113 1 0 14 77 1 0 27 88 1 0 51 93 1 26 64 118 1 0 0 0 0 0 36 68 1 11 26 57 1 0 30 94 1 3 43 57 1 0 50 58 1 24 54 72 1 17 52 81 1 0 37 58 1 61 22 104 1 0 58 83 1 0 45 54 1 0 60 81 1 15 30 80 1 49 37 83 1 1 39 82 1 11 78 94 1 0 0 0 0 0 70 107 1 0 0 0 0 5 48 92 1 0 18 108 1 0 59 61 1 0 39 78 1 8 36 96 1 15 27 80 1 0 56 102 1 0 0 0 0 0 54 102 1 0 50 106 1 0 14 80 1 22 0 85 1 16 55 97 1 41 77 102 1 0 12 91 1 0 42 97 1
19 53 90 1 0 66 94 1 16 30 80 1 1 38 71 1 43 36 85 1 0 42 91 1 0 53 86 1 0 45 85 1 0 31 80 1 10 25 76 1 0 63 77 1 1 2 69 1 0 1 104 1 33 22 91 1 15 27 109 1 0 54 85 1 37 20 78 1 8 76 108 1 21 56 85 1 0 11 82 1 0 12 117 1 0 0 0 0 44 8 96 1 0 7 67 1 21 17 79 1 0 25 69 1 0 68 82 1 10 40 106 1 7 12 87 1 27 20 101 1 7 41 64 1 0 53 73 1 10 34 78 1 0 34 101 1 0 33 77 1 0 0 0 0 0 35 115 1 0 52 106 1 0 0 0 0 20 52 78 1 0 0 100 1 6 6 72 1 0 14 100 1 0 48 58 1 0 40 41 1 0 44 59 1 36 36 86 1 0 0 0 0 0 44 110 1 0 35 84 1 0 32 55 1 0 45 38 1 0 31 105 1 0 37 70 1 2 25 74 1 22 9 127 1 29 9 81 1 31 56 109 1 0 0 0 0 12 25 114 1
0 0 0 0 4 6 72 1 0 0 0 0 0 43 81 1 0 7 36 1 0 30 44 1 0 56 83 1 3 37 106 1 0 0 0 0 0 41 81 1 32 47 125 1 0 51 79 1 16 9 116 1 0 37 76 1 0 0 0 0 0 0 0 0 0 41 86 1 8 32 121 1 4 35 96 1 0 28 99 1 0 38 75 1 25 41 112 1 28 12 94 1 0 31 117 1 33 15 88 1 11 2 86 1 0 42 101 1 0 0 0 0 0 53 72 1 0 0 0 0 7 32 107 1 8 19 108 1 5 29 144 1 11 7 58 1 0 0 101 1 0 34 99 1 0 50 79 1 0 19 53 1 4 41 105 1 34 42 61 1 0 20 38 1 0 31 83 1 3 64 71 1 0 0 0 0 3 17 73 1 0 45 118 1 0 26 119 1 0 33 80 1 0 33 74 1 0 53 109 1 0 43 101 1 33 37 52 1 12 17 84 1 0 19 71 1 34 51 83 1 13 19 103 1 0 4 74 1 7 36 110 1 1 71 95 1 0 25 106 1
0 48 89 1 29 43 48 1 0 64 71 1 0 16 66 1 29 57 69 1 0 57 52 1 0 26 96 1 0 0 78 1 0 60 67 1 0 0 0 0 40 31 83 1 0 22 84 1 0 83 95 1 0 0 0 0 0 0 0 0 26 52 88 1 0 0 0 0 0 55 109 1 6 24 71 1 3 56 75 1 0 47 113 1 6 25 88 1 0 8 108 1 0 53 71 1 0 0 0 0 43 38 88 1 0 55 103 1 0 36 83 1 0 47 93 1 0 69 103 1 4 34 101 1 0 68 97 1 10 2 59 1 12 2 57 1 0 0 0 0 10 65 113 1 0 0 0 0 0 51 77 1 17 80 101 1 8 0 101 1 9 0 81 1 0 0 0 0 0 18 101 1 38 30 87 1 0 62 98 1 5 20 94 1 0 0 0 0 0 0 0 0 0 12 73 1 0 42 102 1 9 0 72 1 0 66 82 1 15 27 83 1 0 25 68 1 22 23 93 1 25 0 101 1 26 10 84 1 33 0 72 1 0 59 72 1 0 13 91 1
16 8 55 1 0 0 0 0 0 42 85 1 5 70 88 1 28 53 42 1 0 0 0 0 0 46 93 1 4 0 66 1 13 41 69 1 41 0 74 1 0 0 0 0 2 48 94 1 32 41 79 1 0 46 98 1 0 10 96 1 31 42 78 1 0 30 71 1 0 54 94 1 0 36 95 1 9 0 90 1 5 47 100 1 4 14 101 1 9 55 80 1 19 41 107 1 59 4 61 1 0 24 72 1 3 20 94 1 4 39 112 1 0 56 60 1 17 47 90 1 0 33 121 1 2 66 75 1 6 20 105 1 28 21 83 1 36 42 42 1 0 9 93 1 0 16 94 1 0 43 111 1 9 43 102 1 0 0 0 0 29 62 111 1 15 72 51 1 0 35 77 1 27 40 90 1 44 56 99 1 1 42 107 1 0 16 52 1 6 62 67 1 0 27 96 1 0 37 113 1 4 33 120 1 0 60 105 1 24 86 112 1 0 3 102 1 18 40 99 1 0 15 109 1 0 34 93 1 0 60 98 1 17 66 97 1 0 24 81 1
0 52 65 1 6 29 76 1 0 12 41 1 0 0 58 1 0 46 54 1 13 13 94 1 11 41 113 1 0 0 47 1 0 18 81 1 0 22 72 1 30 70 98 1 0 48 75 1 0 23 58 1 6 12 87 1 23 38 107 1 28 26 100 1 1 29 99 1 0 0 0 0 8 39 96 1 0 0 0 0 0 43 81 1 8 20 104 1 4 73 103 1 5 16 79 1 0 62 90 1 18 29 93 1 2 19 91 1 0 82 113 1 0 57 99 1 0 51 118 1 0 45 86 1 0 33 67 1 4 50 101 1 0 44 97 1 5 59 111 1 10 0 128 1 0 8 91 1 0 58 82 1 2 23 85 1 0 12 96 1 0 0 0 0 0 55 118 1 0 31 91 1 22 37 48 1 0 25 118 1 1 34 93 1 0 24 100 1 15 26 75 1 9 4 98 1 0 38 90 1 0 58 79 1 0 23 82 1 0 24 94 1 0 46 76 1 0 0 0 0 3 36 76 1 0 48 113 1 0 29 51 1 0 8 77 1 15 26 90 1
10 37 67 1 0 22 83 1 1 33 69 1 7 12 90 1 19 30 37 1 16 45 98 1 15 8 89 1 4 38 74 1 0 47 84 1 0 60 69 1 0 29 53 1 0 38 102 1 0 40 87 1 14 55 89 1 29 44 81 1 37 16 85 1 0 16 120 1 0 5 63 1 21 3 72 1 27 53 74 1 5 36 92 1 0 11 81 1 0 0 0 0 0 49 75 1 0 1 98 1 0 0 0 0 5 19 95 1 0 69 89 1 0 22 100 1 0 8 81 1 26 70 99 1 1 4 97 1 0 35 74 1 38 14 107 1 0 21 65 1 0 0 0 0 10 64 71 1 0 39 54 1 0 22 90 1 44 55 75 1 31 42 102 1 13 49 97 1 0 9 66 1 7 11 91 1 0 36 66 1 20 41 60 1 9 44 120 1 0 6 78 1 0 49 119 1 0 14 122 1 5 28 69 1 0 24 104 1 0 53 87 1 35 39 47 1 37 39 63 1 0 33 81 1 0 48 90 1 0 13 47 1 0 55 69 1 0 13 111 1
0 45 95 1 0 0 0 0 0 30 18 1 0 27 72 1 0 0 0 0 9 38 49 1 16 4 83 1 24 18 86 1 0 17 79 1 0 25 85 1 0 20 92 1 0 27 86 1 4 71 56 1 0 56 74 1 0 58 122 1 36 60 86 1 0 48 97 1 0 43 52 1 0 40 119 1 0 0 0 0 20 19 80 1 0 33 71 1 0 28 106 1 20 42 59 1 5 50 78 1 0 5 49 1 49 23 108 1 14 6 90 1 0 28 42 1 14 21 78 1 0 24 77 1 0 46 58 1 9 13 61 1 8 64 78 1 0 0 0 0 5 38 89 1 0 57 50 1 0 43 91 1 27 25 105 1 0 66 114 1 0 33 78 1 17 51 87 1 32 62 92 1 0 28 66 1 46 49 81 1 2 50 101 1 0 29 111 1 0 37 97 1 0 32 89 1 0 23 93 1 5 53 94 1 0 21 72 1 0 22 96 1 10 49 105 1 0 0 0 0 12 35 81 1 6 87 85 1 0 0 0 0 0 27 74 1 13 7 87 1
14 35 53 1 0 18 102 1 0 23 48 1 10 60 76 1 0 68 100 1 4 23 89 1 0 31 68 1 0 0 0 0 0 73 60 1 25 58 104 1 5 6 102 1 39 22 64 1 0 0 0 0 2 24 68 1 8 57 127 1 53 14 74 1 0 13 89 1 0 46 91 1 38 69 99 1 26 34 70 1 0 71 79 1 0 28 97 1 16 21 92 1 0 44 76 1 0 32 57 1 0 23 95 1 0 50 83 1 0 0 0 0 0 18 52 1 18 46 70 1 0 55 75 1 0 66 50 1 0 0 0 0 0 0 0 0 0 62 80 1 0 21 70 1 8 29 100 1 0 37 59 1 0 13 130 1 17 71 116 1 26 68 97 1 24 61 93 1 0 22 77 1 0 0 0 0 0 54 70 1 0 0 99 1 0 52 120 1 0 61 64 1 0 26 82 1 0 28 131 1 0 51 94 1 0 60 101 1 41 37 104 1 0 34 110 1 0 59 87 1 0 58 72 1 0 33 73 1 0 57 85 1 12 41 54 1 0 59 109 1
0 81 52 1 3 10 102 1 10 26 92 1 4 31 59 1 53 25 39 1 6 45 81 1 9 38 71 1 5 31 64 1 44 34 64 1 22 52 51 1 42 0 105 1 11 34 77 1 0 53 89 1 6 67 53 1 0 49 105 1 0 33 84 1 18 0 96 1 37 23 57 1 0 50 75 1 0 58 73 1 18 38 94 1 0 73 73 1 13 45 93 1 6 83 92 1 0 0 0 0 27 5 80 1 8 30 106 1 0 0 0 0 0 32 106 1 30 59 45 1 0 30 61 1 0 50 56 1 27 41 81 1 0 33 90 1 0 66 100 1 0 31 51 1 0 57 82 1 0 0 0 0 6 39 74 1 0 0 0 0 0 0 0 0 0 0 0 0 0 0 0 0 42 53 83 1 13 49 99 1 5 65 105 1 0 0 0 0 0 12 103 1 0 36 84 1 34 38 76 1 0 26 55 1 0 26 63 1 0 36 62 1 0 53 131 1 19 13 88 1 18 59 122 1 4 18 132 1 0 36 117 1 0 22 100 1 43 39 91 1
14 45 42 1 8 2 105 1 0 0 0 0 0 31 98 1 43 34 44 1 0 43 82 1 0 0 0 0 0 0 70 1 2 62 97 1 0 0 0 0 0 35 76 1 0 47 59 1 0 0 101 1 0 60 92 1 32 13 98 1 6 71 37 1 0 31 97 1 23 35 101 1 0 50 54 1 0 0 68 1 0 0 0 0 0 0 0 0 6 57 98 1 14 45 63 1 12 77 61 1 0 48 76 1 21 40 95 1 32 78 89 1 9 76 78 1 0 47 75 1 0 51 57 1 0 57 66 1 0 42 78 1 5 28 98 1 0 11 79 1 0 12 96 1 0 25 79 1 0 60 87 1 29 45 96 1 0 78 100 1 0 42 92 1 0 26 92 1 0 42 108 1 0 64 52 1 16 37 74 1 1 42 67 1 0 47 64 1 0 7 99 1 21 23 99 1 22 29 56 1 0 50 122 1 42 37 96 1 54 22 55 1 23 0 116 1 0 38 90 1 0 45 97 1 49 23 91 1 0 59 77 1 8 27 72 1 0 24 70 1
27 28 70 1 0 34 83 1 9 7 76 1 0 0 62 1 15 45 79 1 0 43 79 1 1 34 73 1 0 44 56 1 8 59 89 1 32 47 71 1 0 49 79 1 0 36 91 1 0 0 0 0 7 0 67 1 8 47 60 1 4 50 73 1 7 0 93 1 0 10 73 1 0 0 0 0 0 22 52 1 0 43 81 1 0 12 69 1 11 56 57 1 0 63 55 1 6 0 105 1 0 71 117 1 21 4 78 1 45 39 84 1 0 0 0 0 0 0 108 1 0 18 105 1 2 66 73 1 45 63 99 1 0 29 103 1 0 21 68 1 31 63 89 1 19 42 84 1 0 55 100 1 0 29 100 1 0 20 63 1 25 75 133 1 0 28 68 1 0 55 64 1 0 70 86 1 24 27 64 1 0 0 0 0 19 47 84 1 0 0 0 0 0 49 78 1 4 42 109 1 0 0 0 0 0 12 102 1 5 56 131 1 0 61 78 1 10 32 47 1 0 24 82 1 0 44 49 1 0 34 83 1 11 18 68 1 0 43 29 1
5 47 126 1 0 18 72 1 0 38 107 1 0 36 64 1 0 0 127 1 0 33 45 1 0 27 100 1 0 33 113 1 0 29 94 1 2 23 118 1 13 59 61 1 4 24 60 1 0 18 76 1 0 73 58 1 0 18 47 1 0 36 48 1 46 65 65 1 0 0 0 0 23 23 65 1 19 63 33 1 0 0 93 1 6 5 50 1 16 54 86 1 17 42 100 1 10 35 68 1 0 60 55 1 4 36 98 1 0 18 84 1 0 41 99 1 4 37 72 1 2 55 72 1 0 43 99 1 15 48 121 1 43 30 64 1 0 6 82 1 0 35 53 1 24 18 41 1 0 16 86 1 0 36 126 1 9 74 99 1 23 51 115 1 0 49 77 1 0 60 140 1 0 67 68 1 0 22 78 1 12 31 55 1 0 58 86 1 0 35 91 1 0 0 0 0 0 0 0 0 0 56 114 1 10 14 68 1 0 17 88 1 34 75 77 1 0 49 82 1 0 52 78 1 9 0 96 1 0 58 92 1 0 30 59 1 9 50 87 1
6 77 50 1 0 56 115 1 37 28 105 1 0 0 0 0 0 12 81 1 13 52 69 1 0 36 88 1 0 35 64 1 0 0 0 0 0 46 69 1 10 48 96 1 0 20 104 1 34 54 19 1 0 63 86 1 4 44 70 1 40 38 99 1 0 21 43 1 0 43 56 1 0 55 116 1 0 95 106 1 20 64 62 1 0 19 84 1 0 0 114 1 13 59 89 1 5 41 80 1 2 63 105 1 11 80 71 1 0 31 121 1 0 0 0 0 0 0 0 0 17 57 91 1 0 0 0 0 0 0 0 0 0 65 79 1 0 14 50 1 14 66 61 1 0 0 0 0 0 0 0 0 0 11 62 1 0 24 94 1 31 38 103 1 34 28 49 1 0 8 65 1 0 23 105 1 0 0 0 0 13 5 70 1 20 26 104 1 0 0 0 0 0 50 82 1 0 41 80 1 0 48 92 1 0 35 89 1 0 79 90 1 2 34 79 1 0 18 74 1 22 51 92 1 0 72 62 1 11 79 93 1 19 50 111 1 39 33 76 1
4 35 77 1 0 42 70 1 20 10 73 1 22 35 78 1 0 55 65 1 0 0 0 0 0 5 105 1 0 54 88 1 0 0 0 0 22 34 91 1 1 6 115 1 48 19 86 1 18 65 102 1 27 55 75 1 3 27 50 1 0 51 116 1 0 13 61 1 0 62 75 1 25 65 86 1 17 69 84 1 13 50 94 1 0 67 72 1 2 41 110 1 0 0 0 0 0 0 0 0 0 74 60 1 40 35 84 1 43 13 122 1 4 60 59 1 28 35 130 1 32 49 58 1 0 28 62 1 0 62 72 1 0 55 75 1 5 15 59 1 0 20 72 1 17 31 93 1 0 30 116 1 17 57 94 1 20 62 67 1 0 69 112 1 0 40 86 1 0 0 0 0 0 54 62 1 16 33 81 1 3 42 58 1 0 48 93 1 10 65 81 1 0 60 33 1 43 1 58 1 4 39 98 1 16 23 94 1 37 0 147 1 22 50 71 1 0 39 104 1 9 35 71 1 25 50 75 1 0 43 57 1 0 30 134 1 0 20 76 1
3 14 87 1 0 53 105 1 0 28 76 1 18 9 65 1 11 39 125 1 0 29 58 1 26 0 97 1 0 45 61 1 8 53 54 1 15 34 58 1 0 40 91 1 0 76 68 1 0 0 0 0 0 32 69 1 0 49 86 1 0 43 78 1 0 31 54 1 0 28 104 1 0 60 81 1 0 22 82 1 0 0 0 0 16 45 105 1 23 53 87 1 0 36 93 1 0 71 95 1 2 52 111 1 36 55 69 1 8 58 91 1 3 50 80 1 0 0 0 0 16 50 90 1 0 0 132 1 0 41 52 1 18 48 100 1 31 34 105 1 27 5 109 1 4 48 54 1 0 0 0 0 0 59 79 1 30 43 81 1 0 56 65 1 0 30 73 1 12 67 110 1 32 66 122 1 11 44 65 1 4 86 94 1 13 27 68 1 0 0 0 0 0 48 95 1 13 70 77 1 0 52 106 1 16 73 99 1 48 0 91 1 0 33 103 1 18 60 85 1 12 18 122 1 12 10 96 1 0 49 83 1 9 77 91 1 2 39 52 1
49 38 89 1 46 37 99 1 0 39 51 1 17 48 78 1 0 47 76 1 0 60 87 1 1 56 98 1 0 33 71 1 0 0 0 0 38 12 79 1 22 41 89 1 0 32 85 1 23 0 89 1 9 10 61 1 17 8 72 1 0 0 0 0 0 35 80 1 0 44 87 1 0 48 91 1 25 47 83 1 0 15 72 1 19 20 63 1 0 0 0 0 0 38 88 1 0 25 79 1 0 50 44 1 0 19 80 1 0 23 60 1 0 32 121 1 15 32 121 1 23 60 129 1 0 25 77 1 12 7 99 1 0 49 65 1 0 69 77 1 0 79 64 1 23 35 96 1 20 31 74 1 0 0 0 0 35 40 63 1 22 39 43 1 0 25 92 1 0 30 88 1 0 0 0 0 36 51 109 1 18 71 97 1 7 44 116 1 16 53 54 1 0 37 60 1 0 27 64 1 21 0 70 1 0 27 104 1 0 39 58 1 0 66 74 1 0 9 94 1 16 48 89 1 0 0 0 0 29 1 103 1 12 35 117 1 0 24 94 1
0 50 85 1 0 15 75 1 21 37 56 1 18 56 41 1 0 0 0 0 22 57 70 1 1 38 77 1 0 39 56 1 0 57 80 1 8 50 84 1 21 39 96 1 13 47 62 1 31 44 113 1 0 22 100 1 15 19 110 1 21 56 84 1 10 39 100 1 0 16 47 1 15 26 129 1 0 63 72 1 0 0 85 1 0 30 116 1 0 31 102 1 0 39 78 1 22 34 63 1 21 50 84 1 18 39 91 1 0 4 78 1 0 31 102 1 33 12 115 1 5 32 100 1 35 11 63 1 16 26 62 1 0 73 109 1 0 50 86 1 1 26 65 1 0 28 90 1 0 56 72 1 0 29 59 1 28 0 48 1 0 3 63 1 25 45 92 1 13 63 77 1 43 57 93 1 36 51 108 1 9 47 117 1 0 32 105 1 21 80 63 1 0 53 66 1 0 51 102 1 0 74 112 1 41 0 82 1 0 0 81 1 14 38 72 1 0 0 0 0 0 0 0 0 0 0 0 0 0 24 98 1 6 87 62 1 18 13 84 1
31 50 79 1 1 56 72 1 0 29 53 1 0 12 93 1 0 29 67 1 0 26 53 1 5 14 66 1 2 43 68 1 0 50 85 1 25 69 51 1 7 42 77 1 0 49 71 1 0 0 0 0 2 52 68 1 18 45 25 1 13 25 67 1 1 36 95 1 0 24 73 1 0 50 102 1 0 45 97 1 0 24 71 1 24 56 99 1 0 63 92 1 0 26 86 1 0 58 71 1 15 33 111 1 0 35 63 1 0 0 0 0 16 42 89 1 0 0 0 0 0 0 97 1 0 29 53 1 2 0 60 1 4 14 72 1 7 33 48 1 0 19 98 1 8 23 78 1 2 42 82 1 21 10 96 1 0 19 65 1 0 22 77 1 0 42 73 1 2 47 116 1 0 17 55 1 22 38 122 1 2 44 80 1 24 54 61 1 0 44 52 1 0 0 0 0 18 36 105 1 0 39 66 1 9 52 92 1 25 52 67 1 0 46 105 1 0 0 0 0 13 15 69 1 0 0 0 0 18 52 70 1 0 35 95 1 0 28 85 1
0 48 95 1 0 32 101 1 13 75 53 1 3 65 47 1 0 31 60 1 36 79 87 1 0 0 80 1 6 42 59 1 0 28 81 1 0 61 68 1 7 39 72 1 0 73 89 1 45 31 83 1 0 54 77 1 0 3 85 1 0 0 0 0 31 29 76 1 18 46 105 1 6 51 60 1 0 39 93 1 0 44 63 1 13 49 79 1 0 32 105 1 0 15 99 1 3 51 52 1 10 58 73 1 5 50 81 1 0 21 93 1 3 0 98 1 0 41 75 1 0 38 89 1 9 54 101 1 9 18 41 1 0 18 75 1 2 60 55 1 0 19 104 1 0 37 89 1 11 75 84 1 6 32 100 1 37 44 57 1 4 53 70 1 0 70 73 1 0 41 110 1 16 40 122 1 0 86 75 1 39 30 110 1 0 0 0 0 0 58 57 1 12 47 71 1 0 11 84 1 0 47 91 1 0 40 75 1 0 34 113 1 23 4 93 1 0 28 88 1 0 47 81 1 0 42 76 1 0 32 63 1 0 30 77 1 1 27 51 1
9 32 100 1 26 26 97 1 0 18 74 1 0 24 97 1 13 12 89 1 0 57 59 1 0 0 0 0 2 36 71 1 15 31 74 1 0 34 83 1 0 34 75 1 1 63 63 1 0 17 83 1 0 21 58 1 27 48 69 1 5 2 82 1 10 42 118 1 4 0 83 1 4 50 65 1 6 42 72 1 2 19 46 1 9 43 59 1 13 29 99 1 3 40 90 1 18 14 62 1 0 33 72 1 30 23 7 1 0 57 98 1 40 46 55 1 0 43 43 1 21 48 100 1 0 82 105 1 7 19 103 1 0 30 62 1 5 50 105 1 17 47 61 1 24 81 86 1 7 27 49 1 0 71 101 1 0 15 64 1 45 46 75 1 27 49 92 1 0 0 0 0 0 0 0 0 0 53 101 1 0 33 92 1 0 29 110 1 0 54 91 1 0 99 92 1 10 52 65 1 16 44 73 1 0 0 0 0 0 0 0 0 14 5 88 1 0 9 91 1 0 26 106 1 0 48 80 1 2 43 38 1 25 83 59 1 0 16 112 1
13 43 91 1 1 40 107 1 13 21 62 1 0 41 99 1 0 31 64 1 0 42 55 1 0 49 86 1 15 52 72 1 36 0 45 1 0 55 63 1 9 40 91 1 0 6 68 1 0 45 69 1 0 0 0 0 0 31 99 1 31 26 93 1 24 44 73 1 0 17 84 1 10 22 87 1 0 75 26 1 0 48 68 1 0 54 43 1 0 6 92 1 0 16 34 1 0 18 61 1 0 30 72 1 4 54 54 1 22 49 101 1 0 8 82 1 4 24 52 1 0 0 0 0 10 30 79 1 0 0 0 0 0 0 0 0 3 85 114 1 0 0 0 0 0 25 87 1 46 24 70 1 0 0 0 0 0 37 102 1 0 58 75 1 0 30 82 1 0 38 80 1 14 28 63 1 0 34 105 1 15 28 103 1 27 69 77 1 0 47 131 1 34 51 74 1 0 0 0 0 17 34 109 1 0 72 98 1 16 0 61 1 0 27 81 1 0 21 29 1 27 13 67 1 0 0 0 0 29 38 51 1 5 69 100 1 0 36 57 1
9 27 86 1 37 37 107 1 0 1 66 1 0 60 58 1 0 86 110 1 0 45 69 1 55 57 74 1 0 64 74 1 0 42 41 1 0 24 97 1 0 57 115 1 8 55 106 1 0 53 23 1 0 30 78 1 0 0 0 0 0 11 56 1 0 10 128 1 58 60 96 1 67 90 70 1 22 31 99 1 14 20 97 1 0 38 71 1 0 10 50 1 0 0 0 0 15 0 97 1 0 63 53 1 0 31 59 1 6 100 63 1 0 0 0 0 40 45 50 1 0 63 82 1 0 46 79 1 24 82 92 1 0 0 0 0 0 45 98 1 9 53 56 1 6 14 62 1 0 55 101 1 0 4 55 1 12 58 72 1 17 15 77 1 26 62 69 1 0 73 81 1 22 49 28 1 22 48 115 1 36 30 66 1 0 0 0 0 0 51 117 1 0 69 79 1 18 51 107 1 5 46 89 1 0 43 122 1 0 43 55 1 6 42 138 1 0 49 81 1 0 4 84 1 0 0 0 0 0 20 85 1 19 33 62 1 0 0 0 0
23 50 72 1 2 83 111 1 0 53 108 1 6 31 55 1 11 56 83 1 0 23 60 1 0 30 56 1 11 46 80 1 0 36 108 1 0 51 96 1 11 53 59 1 0 44 43 1 30 30 70 1 0 30 64 1 0 45 90 1 28 26 104 1 9 41 53 1 0 0 0 0 0 0 104 1 0 42 82 1 0 11 85 1 0 25 76 1 0 58 77 1 0 0 0 0 14 45 46 1 18 16 64 1 4 10 78 1 0 69 70 1 0 58 100 1 0 27 90 1 35 42 61 1 3 74 73 1 0 3 73 1 5 33 100 1 0 69 99 1 0 43 81 1 20 60 126 1 44 42 63 1 0 36 72 1 1 51 103 1 17 57 83 1 28 28 100 1 0 52 92 1 0 0 0 0 0 44 78 1 26 63 73 1 14 26 71 1 0 0 0 0 42 42 103 1 0 0 0 0 24 36 86 1 0 21 89 1 0 40 90 1 0 1 79 1 8 55 67 1 9 10 71 1 21 19 107 1 40 53 117 1 30 83 69 1 34 46 59 1
0 68 49 1 10 22 50 1 7 70 102 1 9 35 83 1 0 0 0 0 0 33 91 1 3 33 87 1 0 31 105 1 0 44 84 1 7 83 35 1 0 27 79 1 0 0 0 0 0 1 84 1 0 0 0 0 29 24 82 1 11 41 68 1 0 0 0 0 37 69 123 1 0 2 80 1 31 41 81 1 0 0 0 0 20 26 119 1 0 0 0 0 9 65 107 1 0 29 72 1 0 0 0 0 0 33 59 1 18 53 94 1 0 18 75 1 0 32 72 1 19 32 59 1 0 7 81 1 0 42 76 1 0 42 77 1 36 41 89 1 0 79 84 1 23 91 80 1 0 16 51 1 0 50 75 1 0 28 93 1 0 30 99 1 19 65 101 1 0 0 0 0 0 55 87 1 0 0 0 0 0 45 118 1 0 0 0 0 0 58 66 1 0 55 118 1 0 45 89 1 0 52 95 1 0 0 0 0 20 47 97 1 0 0 0 0 4 36 75 1 0 28 101 1 0 0 0 0 16 65 88 1 0 25 90 1 0 45 83 1
0 30 87 1 26 22 73 1 0 36 71 1 18 50 122 1 16 59 81 1 21 69 86 1 0 46 88 1 36 48 45 1 0 55 100 1 0 12 25 1 10 55 39 1 0 38 53 1 0 50 72 1 2 36 63 1 10 13 65 1 3 12 86 1 0 52 57 1 0 44 53 1 0 25 50 1 28 22 94 1 0 19 74 1 0 44 114 1 20 0 65 1 0 0 0 0 0 31 76 1 10 13 74 1 2 58 92 1 17 49 92 1 0 38 47 1 2 24 104 1 36 34 81 1 0 81 89 1 0 0 0 0 0 20 82 1 0 52 87 1 0 70 118 1 0 38 99 1 0 26 109 1 3 67 63 1 0 84 105 1 29 85 98 1 0 78 82 1 4 58 50 1 0 53 67 1 21 80 96 1 0 93 95 1 0 71 95 1 2 46 113 1 0 62 99 1 0 33 40 1 0 29 93 1 46 52 47 1 12 17 107 1 0 55 102 1 0 31 137 1 5 42 74 1 0 51 100 1 0 10 90 1 2 28 77 1 0 0 0 0
0 67 108 1 0 81 73 1 0 87 81 1 4 87 56 1 0 51 67 1 0 40 77 1 0 21 80 1 2 27 40 1 0 40 91 1 0 60 73 1 4 35 66 1 0 74 101 1 0 0 96 1 0 0 0 0 10 24 93 1 0 42 43 1 0 0 0 0 40 0 88 1 0 68 92 1 0 69 110 1 29 43 66 1 21 41 86 1 41 44 81 1 0 32 85 1 0 79 71 1 0 53 84 1 0 10 49 1 1 2 63 1 0 13 116 1 0 52 53 1 21 75 104 1 0 72 91 1 24 21 89 1 0 0 0 0 0 82 106 1 0 65 68 1 0 34 66 1 14 36 62 1 0 70 85 1 2 87 95 1 0 52 101 1 0 55 90 1 0 0 0 0 21 53 78 1 0 65 107 1 25 63 113 1 0 66 143 1 10 78 110 1 0 28 113 1 24 48 122 1 37 8 108 1 0 53 76 1 0 23 73 1 7 63 93 1 9 40 93 1 13 32 87 1 25 47 98 1 0 41 102 1 17 6 70 1 0 34 125 1
0 0 0 0 36 49 72 1 28 11 84 1 13 26 86 1 18 63 113 1 32 25 67 1 0 71 76 1 6 83 84 1 0 47 53 1 16 52 58 1 8 11 60 1 29 72 67 1 0 55 81 1 12 26 92 1 13 18 97 1 0 0 0 0 0 59 78 1 0 45 72 1 0 0 0 0 0 63 118 1 0 44 81 1 22 39 88 1 27 36 67 1 0 0 0 0 32 38 92 1 31 44 94 1 11 58 119 1 44 14 104 1 0 48 86 1 0 34 82 1 1 44 85 1 0 44 68 1 28 18 79 1 11 76 67 1 9 5 68 1 0 0 86 1 15 40 93 1 0 79 77 1 30 80 122 1 0 76 83 1 0 54 109 1 0 25 90 1 14 84 84 1 0 0 0 0 0 65 70 1 0 68 69 1 7 68 98 1 0 59 84 1 0 103 46 1 0 31 93 1 33 35 111 1 0 0 0 0 0 7 90 1 12 51 116 1 28 27 90 1 13 47 84 1 5 31 76 1 4 31 66 1 14 48 107 1 18 28 107 1
3 43 95 1 6 53 79 1 0 77 89 1 0 71 71 1 0 0 0 0 0 62 115 1 0 28 79 1 15 55 79 1 0 30 85 1 0 34 71 1 0 53 102 1 0 28 51 1 0 26 61 1 15 24 64 1 2 69 99 1 0 15 72 1 0 53 66 1 25 104 143 1 28 69 78 1 0 49 111 1 0 0 0 0 19 10 81 1 33 13 74 1 18 2 92 1 37 0 86 1 3 41 32 1 0 32 94 1 3 13 83 1 11 40 78 1 0 0 0 0 40 46 38 1 32 69 105 1 0 54 95 1 33 42 87 1 3 25 129 1 0 25 81 1 0 60 74 1 0 36 104 1 0 61 116 1 8 104 50 1 13 86 75 1 27 99 103 1 0 79 69 1 0 49 66 1 27 91 87 1 0 107 76 1 0 91 75 1 0 77 49 1 0 93 122 1 0 0 104 1 0 37 123 1 15 56 78 1 10 3 67 1 41 39 71 1 3 29 65 1 39 31 115 1 0 22 83 1 0 47 104 1 0 18 101 1 4 81 106 1
24 28 65 1 0 36 90 1 0 0 0 0 16 82 60 1 9 38 86 1 0 42 65 1 0 74 78 1 0 57 93 1 2 55 53 1 5 19 63 1 1 60 57 1 0 0 0 0 12 39 110 1 0 0 0 0 5 31 133 1 0 29 96 1 4 29 88 1 0 53 85 1 8 60 64 1 0 45 100 1 0 37 81 1 0 61 110 1 8 95 78 1 39 61 94 1 16 53 77 1 0 47 67 1 7 10 94 1 17 81 88 1 6 60 126 1 0 30 66 1 0 0 65 1 0 54 90 1 0 73 108 1 0 56 87 1 0 21 68 1 32 59 84 1 0 65 85 1 23 43 84 1 0 43 80 1 0 71 84 1 0 79 87 1 27 78 94 1 20 83 32 1 0 59 107 1 0 47 97 1 0 80 128 1 0 71 99 1 0 97 93 1 0 94 106 1 30 31 91 1 4 45 93 1 0 67 85 1 0 0 0 0 4 28 48 1 3 61 57 1 0 87 77 1 27 43 84 1 0 49 92 1 0 55 93 1 0 18 104 1
30 76 100 1 0 51 70 1 37 55 72 1 16 62 67 1 0 69 49 1 0 43 69 1 0 0 0 0 0 41 66 1 0 52 60 1 13 60 82 1 8 44 97 1 0 39 96 1 1 32 94 1 0 81 96 1 0 24 47 1 27 2 66 1 0 50 87 1 0 44 87 1 7 63 101 1 10 79 82 1 0 64 64 1 0 0 0 0 0 26 82 1 8 49 87 1 33 48 76 1 0 50 74 1 20 74 83 1 21 58 106 1 0 7 48 1 25 79 84 1 4 50 54 1 16 41 60 1 39 89 69 1 0 0 0 0 0 0 0 0 0 28 92 1 0 70 62 1 13 51 86 1 2 30 96 1 10 76 115 1 0 60 94 1 0 80 58 1 14 58 65 1 10 63 85 1 1 46 77 1 17 103 105 1 9 48 72 1 0 59 97 1 0 29 75 1 6 50 98 1 1 26 94 1 5 8 65 1 22 10 74 1 0 40 58 1 19 90 92 1 0 51 82 1 8 69 137 1 0 30 115 1 10 54 82 1 0 0 0 0
0 76 70 1 0 68 104 1 36 79 71 1 6 49 100 1 0 58 68 1 39 25 109 1 0 24 91 1 12 40 81 1 10 30 49 1 2 51 79 1 0 0 0 0 0 71 64 1 0 49 85 1 1 11 67 1 0 0 0 0 0 63 85 1 0 11 98 1 0 87 52 1 25 57 66 1 2 28 135 1 0 57 78 1 0 45 37 1 0 0 0 0 0 72 40 1 29 52 20 1 24 24 121 1 15 30 91 1 18 55 49 1 0 85 77 1 12 68 95 1 29 59 45 1 2 49 66 1 0 95 70 1 0 92 63 1 22 48 106 1 0 27 44 1 47 69 60 1 0 47 114 1 0 39 56 1 20 75 144 1 7 66 131 1 0 68 96 1 19 65 111 1 0 125 85 1 0 0 0 0 0 78 98 1 1 43 94 1 9 59 74 1 2 80 91 1 0 29 87 1 0 56 104 1 0 0 0 0 23 44 80 1 13 58 94 1 0 40 55 1 9 20 50 1 20 58 86 1 0 0 0 0 0 0 0 0 0 35 60 1
7 14 106 1 0 66 76 1 12 23 80 1 0 50 43 1 1 76 76 1 0 41 73 1 0 46 61 1 11 51 82 1 2 33 93 1 0 28 63 1 19 66 80 1 0 28 99 1 23 54 40 1 30 46 63 1 25 53 76 1 22 40 60 1 13 73 57 1 39 76 95 1 0 71 106 1 7 82 91 1 0 85 121 1 6 69 80 1 21 59 90 1 23 61 107 1 3 35 69 1 0 0 0 0 0 73 83 1 0 79 53 1 0 60 89 1 0 113 101 1 27 59 92 1 0 136 117 1 0 76 93 1 19 124 93 1 20 121 96 1 0 0 0 0 10 89 37 1 0 0 0 0 16 52 119 1 11 70 125 1 15 94 110 1 35 70 87 1 25 70 77 1 0 25 90 1 0 68 136 1 0 0 0 0 5 77 109 1 41 29 71 1 5 69 54 1 0 58 69 1 0 0 0 0 0 51 110 1 0 27 88 1 8 29 58 1 0 51 92 1 3 59 77 1 4 49 86 1 0 74 90 1 35 40 84 1 0 36 113 1
26 66 80 1 0 78 48 1 8 62 87 1 12 52 76 1 15 68 79 1 9 24 100 1 0 0 0 0 23 71 105 1 0 67 48 1 23 79 77 1 0 48 101 1 0 0 0 0 0 63 94 1 0 43 83 1 5 46 62 1 21 42 52 1 40 58 28 1 14 73 60 1 6 53 58 1 0 80 109 1 0 48 96 1 4 58 85 1 0 98 88 1 19 121 52 1 0 0 0 0 3 74 92 1 0 0 0 0 2 18 103 1 0 0 0 0 3 54 99 1 6 104 94 1 9 128 102 1 11 131 124 1 26 122 93 1 33 112 117 1 3 99 140 1 31 134 104 1 30 86 78 1 0 0 0 0 30 30 94 1 15 95 94 1 0 94 96 1 0 0 0 0 3 54 95 1 15 70 77 1 0 67 68 1 0 71 88 1 0 55 86 1 0 10 91 1 13 61 94 1 5 53 113 1 0 73 122 1 17 41 78 1 0 16 72 1 0 5 92 1 7 48 97 1 0 37 75 1 0 29 91 1 0 19 81 1 0 50 66 1
15 30 55 1 0 57 51 1 0 48 115 1 0 10 96 1 0 26 59 1 0 48 84 1 0 0 0 0 1 38 77 1 0 0 0 0 15 46 96 1 0 7 99 1 0 77 91 1 0 0 0 0 0 102 98 1 11 35 83 1 4 24 101 1 23 58 79 1 16 48 99 1 0 51 74 1 0 70 77 1 13 34 68 1 0 50 59 1 4 57 85 1 0 0 0 0 0 0 0 0 0 111 73 1 10 78 100 1 0 132 71 1 0 0 0 0 13 76 103 1 0 153 107 1 0 159 129 1 0 0 0 0 0 103 112 1 0 156 110 1 0 0 0 0 0 131 99 1 0 146 75 1 0 95 82 1 0 0 0 0 0 63 100 1 21 94 72 1 18 84 122 1 0 57 120 1 7 64 96 1 0 53 88 1 5 108 107 1 17 45 85 1 19 79 101 1 6 21 93 1 3 92 71 1 0 55 90 1 0 34 78 1 2 77 82 1 17 76 86 1 0 25 86 1 22 39 79 1 0 37 61 1 7 31 105 1 0 69 102 1
5 96 47 1 0 27 105 1 5 25 88 1 0 22 75 1 9 56 99 1 0 24 55 1 0 53 40 1 0 89 79 1 2 81 97 1 10 59 31 1 13 72 71 1 0 26 75 1 0 77 130 1 22 41 122 1 0 78 69 1 11 17 98 1 0 32 75 1 16 89 76 1 3 53 113 1 10 76 111 1 6 70 88 1 0 79 74 1 5 92 84 1 0 98 106 1 27 97 121 1 15 88 97 1 13 57 51 1 0 121 99 1 0 0 0 0 29 103 130 1 20 151 116 1 0 169 90 1 4 154 99 1 45 140 119 1 20 114 88 1 8 112 111 1 6 124 53 1 24 138 117 1 16 87 44 1 0 0 0 0 0 67 93 1 0 78 65 1 0 123 63 1 29 120 129 1 20 74 99 1 0 0 0 0 0 0 0 0 0 72 82 1 0 57 72 1 53 28 80 1 22 47 105 1 8 52 78 1 0 33 102 1 26 64 56 1 0 12 71 1 0 50 97 1 0 25 88 1 0 41 99 1 0 52 98 1 0 73 107 1
4 77 88 1 12 63 75 1 11 66 96 1 19 62 97 1 1 79 132 1 15 70 64 1 1 72 118 1 37 68 71 1 0 52 55 1 0 26 86 1 0 27 100 1 6 102 80 1 0 47 67 1 9 65 110 1 51 79 64 1 9 44 98 1 0 87 48 1 0 44 76 1 0 0 0 0 0 52 63 1 0 46 83 1 0 69 125 1 15 92 122 1 0 0 0 0 21 139 100 1 0 83 86 1 12 90 112 1 0 85 47 1 6 123 122 1 12 149 132 1 18 168 138 1 26 153 166 1 9 160 152 1 0 185 108 1 10 161 118 1 0 0 0 0 0 125 118 1 0 0 0 0 0 62 87 1 0 55 74 1 1 74 93 1 19 104 70 1 52 96 72 1 0 41 94 1 7 66 93 1 1 55 90 1 0 72 83 1 33 76 99 1 24 39 65 1 0 56 70 1 28 92 60 1 36 39 112 1 0 85 108 1 0 64 88 1 0 73 95 1 0 43 72 1 14 0 104 1 0 35 34 1 0 41 58 1 0 0 0 0
0 59 80 1 0 47 84 1 0 80 95 1 13 21 75 1 0 0 0 0 0 49 70 1 0 66 83 1 0 90 126 1 0 80 61 1 31 82 90 1 21 112 82 1 0 77 97 1 11 55 62 1 2 88 90 1 14 111 51 1 19 66 119 1 0 68 87 1 28 55 102 1 0 57 64 1 0 0 0 0 0 64 63 1 24 96 119 1 10 97 65 1 6 61 54 1 1 113 123 1 0 85 83 1 0 113 72 1 0 94 105 1 0 100 99 1 1 127 95 1 2 146 115 1 33 193 119 1 0 195 154 1 0 118 145 1 11 145 112 1 0 152 116 1 19 101 120 1 0 0 0 0 0 0 0 0 0 38 89 1 0 74 81 1 2 81 94 1 0 119 104 1 12 75 55 1 0 100 105 1 0 0 0 0 5 44 113 1 0 100 83 1 0 85 88 1 0 85 117 1 13 17 111 1 7 50 65 1 0 77 106 1 20 55 115 1 0 60 114 1 0 0 0 0 26 65 126 1 0 46 66 1 1 71 109 1 0 30 105 1
0 0 0 0 0 104 55 1 0 86 97 1 0 117 109 1 0 56 68 1 18 59 89 1 0 66 129 1 0 90 106 1 8 75 84 1 1 61 92 1 0 0 0 0 0 94 151 1 0 88 137 1 45 91 86 1 5 104 63 1 0 76 48 1 0 54 52 1 0 0 0 0 5 36 125 1 33 62 74 1 0 0 0 0 2 77 112 1 0 89 94 1 4 109 91 1 0 0 0 0 0 0 0 0 0 0 0 0 0 117 116 1 7 124 107 1 0 0 0 0 2 133 141 1 0 0 0 0 21 186 93 1 0 152 132 1 1 136 160 1 0 0 0 0 7 147 105 1 4 70 80 1 22 59 84 1 24 55 113 1 54 30 89 1 0 62 96 1 33 106 58 1 34 79 40 1 52 59 61 1 12 84 104 1 4 99 107 1 0 106 77 1 2 105 87 1 14 78 49 1 1 84 102 1 21 34 91 1 4 27 51 1 0 0 0 0 29 39 92 1 0 72 80 1 0 66 60 1 0 63 70 1 0 43 128 1 7 41 102 1
0 82 101 1 9 85 100 1 7 57 82 1 0 77 61 1 12 37 69 1 0 45 76 1 0 0 0 0 15 55 80 1 16 106 98 1 8 84 69 1 1 89 98 1 0 108 86 1 0 88 80 1 0 0 0 0 3 73 126 1 7 112 70 1 22 72 106 1 0 51 50 1 0 103 46 1 0 105 99 1 40 98 77 1 0 0 0 0 0 91 125 1 0 111 69 1 0 113 63 1 0 87 81 1 0 0 0 0 0 105 102 1 0 92 106 1 0 79 150 1 0 0 0 0 18 97 117 1 16 143 85 1 0 156 97 1 0 131 117 1 0 104 139 1 0 64 92 1 10 64 95 1 0 0 0 0 5 77 103 1 0 84 68 1 0 107 76 1 25 93 97 1 0 65 106 1 0 86 52 1 0 93 52 1 12 84 124 1 0 102 122 1 0 62 114 1 38 14 96 1 0 0 0 0 21 46 117 1 0 49 108 1 12 38 84 1 0 0 0 0 8 50 60 1 0 0 0 0 11 58 97 1 0 51 106 1 0 77 47 1
0 57 80 1 0 0 0 0 24 37 95 1 19 61 117 1 0 82 105 1 0 51 94 1 32 74 69 1 0 77 98 1 18 91 81 1 26 72 79 1 30 84 99 1 2 86 87 1 23 93 87 1 0 0 0 0 0 71 96 1 0 68 72 1 0 43 101 1 13 80 52 1 5 103 86 1 0 66 90 1 0 91 58 1 0 134 122 1 0 77 68 1 0 49 79 1 0 78 57 1 24 113 83 1 2 108 104 1 0 128 85 1 0 124 77 1 2 96 97 1 2 129 100 1 0 101 80 1 23 74 89 1 3 89 110 1 13 117 66 1 0 69 91 1 33 70 90 1 5 88 77 1 14 63 72 1 0 119 86 1 16 109 92 1 18 100 171 1 0 124 108 1 0 120 49 1 0 51 93 1 6 60 84 1 0 69 134 1 2 60 72 1 0 101 67 1 38 98 99 1 0 75 98 1 0 45 113 1 19 62 64 1 0 0 0 0 25 30 57 1 0 68 82 1 0 71 89 1 12 48 86 1 0 0 0 0 0 33 100 1
0 0 0 0 0 90 58 1 0 85 79 1 36 89 54 1 0 54 82 1 0 67 95 1 13 67 55 1 0 82 71 1 18 99 108 1 0 44 89 1 0 98 72 1 0 99 113 1 0 0 0 0 0 80 98 1 0 102 92 1 0 86 114 1 0 66 96 1 0 85 102 1 0 91 79 1 18 99 82 1 6 121 114 1 0 100 100 1 0 108 102 1 29 104 90 1 41 109 133 1 0 96 61 1 6 160 138 1 4 105 74 1 19 84 176 1 0 0 0 0 0 97 70 1 13 73 87 1 0 73 101 1 0 76 53 1 0 65 61 1 0 89 64 1 0 100 60 1 0 61 92 1 0 88 99 1 5 80 97 1 6 119 134 1 0 134 148 1 11 107 114 1 8 76 66 1 0 82 86 1 0 70 49 1 0 0 0 0 0 58 74 1 0 68 73 1 0 47 72 1 0 77 80 1 0 42 59 1 0 10 44 1 0 53 94 1 0 0 0 0 0 53 110 1 0 45 104 1 10 52 110 1 13 18 83 1 0 0 0 0
1 73 101 1 0 56 50 1 6 65 64 1 4 121 69 1 0 67 74 1 7 45 44 1 16 76 76 1 30 82 121 1 0 109 83 1 15 82 84 1 0 53 98 1 23 108 112 1 0 90 67 1 0 0 0 0 10 90 91 1 29 109 149 1 32 92 120 1 0 60 95 1 0 97 84 1 9 110 139 1 0 109 101 1 0 125 110 1 36 106 92 1 13 105 133 1 0 128 124 1 55 90 98 1 0 114 108 1 26 117 96 1 0 86 134 1 9 99 114 1 0 99 94 1 0 99 109 1 0 0 0 0 0 76 79 1 0 51 86 1 22 88 90 1 12 74 90 1 3 61 85 1 0 48 68 1 28 90 88 1 23 114 87 1 0 101 123 1 0 93 97 1 13 71 55 1 11 74 75 1 0 38 74 1 26 65 61 1 0 0 0 0 8 87 105 1 0 16 74 1 0 0 0 0 4 65 64 1 0 33 80 1 7 56 125 1 29 69 89 1 0 8 102 1 0 71 104 1 0 59 68 1 0 83 101 1 0 45 127 1
25 60 112 1 2 72 60 1 0 85 77 1 0 98 109 1 0 65 101 1 0 92 75 1 0 0 0 0 13 84 99 1 0 79 96 1 0 0 0 0 0 85 110 1 5 66 98 1 14 133 87 1 10 115 103 1 0 97 101 1 0 0 0 0 7 101 121 1 0 89 122 1 0 0 0 0 0 116 105 1 0 0 0 0 0 129 62 1 36 120 82 1 0 97 122 1 21 81 116 1 0 93 78 1 4 105 91 1 0 0 0 0 25 130 85 1 0 104 84 1 0 0 0 0 0 0 0 0 0 77 113 1 0 123 93 1 8 61 50 1 0 108 89 1 30 48 106 1 0 0 0 0 3 103 98 1 11 103 74 1 0 87 106 1 0 0 0 0 0 79 138 1 0 55 96 1 9 83 71 1 0 33 115 1 4 54 76 1 0 49 101 1 21 97 87 1 14 55 57 1 0 75 89 1 37 33 103 1 4 79 79 1 0 28 75 1 6 29 88 1 0 0 0 0 10 70 94 1 21 28 88 1 0 0 0 0 2 58 133 1
0 94 97 1 0 101 89 1 0 67 84 1 38 65 67 1 13 33 68 1 0 100 76 1 0 65 98 1 10 65 75 1 0 72 101 1 0 84 103 1 0 74 122 1 0 84 113 1 0 75 128 1 0 107 92 1 0 0 0 0 0 79 112 1 2 103 74 1 0 116 148 1 0 97 137 1 7 122 104 1 0 135 126 1 3 102 104 1 0 66 93 1 0 82 65 1 0 0 0 0 5 83 96 1 28 117 88 1 10 98 140 1 0 132 131 1 1 110 106 1 21 91 106 1 0 0 0 0 0 0 0 0 19 85 98 1 0 0 0 0 0 82 76 1 0 83 94 1 0 104 119 1 0 0 0 0 0 100 124 1 0 84 95 1 16 83 48 1 0 80 69 1 0 66 96 1 0 71 81 1 0 54 57 1 0 73 98 1 19 72 130 1 4 85 104 1 24 84 104 1 36 28 97 1 0 67 89 1 5 19 73 1 0 104 103 1 0 62 91 1 0 66 96 1 0 77 102 1 0 64 75 1 0 0 0 0 0 35 98 1
2 77 74 1 9 73 42 1 21 118 113 1 0 96 114 1 0 0 0 0 15 99 79 1 0 76 78 1 0 88 109 1 0 75 115 1 0 0 0 0 0 100 69 1 0 122 62 1 0 136 127 1 0 101 114 1 20 97 89 1 0 75 94 1 48 130 137 1 0 126 96 1 0 141 154 1 20 147 109 1 56 117 121 1 23 126 135 1 26 126 55 1 24 107 121 1 8 152 87 1 6 125 132 1 0 122 122 1 12 142 107 1 0 0 0 0 10 127 79 1 50 93 132 1 0 118 83 1 0 111 85 1 0 67 52 1 14 115 54 1 0 79 83 1 0 83 107 1 0 71 66 1 0 81 51 1 0 0 0 0 53 53 60 1 0 89 61 1 0 0 0 0 26 89 88 1 0 70 105 1 0 83 78 1 0 71 75 1 0 35 76 1 23 73 37 1 20 76 98 1 8 47 98 1 0 87 88 1 8 82 92 1 26 47 73 1 0 94 103 1 5 36 84 1 0 59 78 1 12 56 77 1 16 69 107 1 7 79 95 1
39 74 124 1 38 71 95 1 0 106 75 1 23 56 107 1 0 78 95 1 13 113 76 1 0 121 110 1 0 110 103 1 0 129 103 1 0 60 83 1 36 94 101 1 0 0 0 0 0 116 94 1 18 85 100 1 0 123 107 1 0 0 0 0 0 127 87 1 0 131 89 1 8 114 93 1 4 120 119 1 2 106 137 1 0 113 121 1 0 0 0 0 0 0 0 0 0 109 135 1 0 110 121 1 4 121 118 1 0 156 140 1 2 104 138 1 0 126 62 1 0 147 96 1 0 150 91 1 0 0 0 0 12 78 107 1 9 108 102 1 0 103 98 1 0 53 103 1 0 82 102 1 0 0 0 0 0 84 52 1 24 38 93 1 36 66 70 1 0 39 55 1 30 80 92 1 0 77 50 1 0 47 79 1 16 82 67 1 0 47 121 1 0 81 65 1 0 0 0 0 11 60 106 1 0 33 84 1 0 120 82 1 5 96 108 1 0 36 115 1 27 68 117 1 7 47 119 1 0 83 137 1 0 76 100 1 0 41 54 1
0 116 101 1 7 79 86 1 0 102 80 1 11 37 109 1 0 99 129 1 0 85 151 1 8 65 77 1 0 97 71 1 22 126 137 1 0 86 98 1 0 114 54 1 1 115 113 1 14 130 104 1 0 93 102 1 0 94 103 1 37 105 80 1 0 0 0 0 0 148 86 1 0 111 151 1 0 0 0 0 0 117 115 1 9 150 123 1 0 0 0 0 0 148 124 1 24 127 115 1 18 146 116 1 30 119 119 1 24 152 102 1 0 0 0 0 8 139 113 1 0 100 117 1 0 97 104 1 0 59 110 1 0 0 0 0 0 0 0 0 21 36 106 1 8 95 111 1 0 81 90 1 0 81 100 1 0 60 122 1 0 58 52 1 16 43 84 1 0 44 116 1 7 23 103 1 19 68 84 1 17 104 99 1 8 34 77 1 0 29 115 1 0 82 78 1 0 25 115 1 0 43 63 1 2 43 98 1 0 78 78 1 0 101 111 1 0 73 131 1 35 29 92 1 17 61 93 1 20 60 121 1 20 85 83 1 23 52 70 1
14 118 99 1 0 121 60 1 21 116 104 1 0 120 115 1 2 121 93 1 0 95 89 1 27 78 102 1 0 105 103 1 10 124 128 1 0 123 102 1 14 94 105 1 0 128 106 1 0 121 116 1 0 122 110 1 0 108 133 1 3 144 83 1 0 105 115 1 25 135 61 1 0 150 97 1 0 154 135 1 0 116 114 1 0 0 0 0 11 122 130 1 0 138 142 1 0 0 0 0 0 105 153 1 0 128 121 1 0 107 137 1 1 111 126 1 0 0 0 0 0 62 99 1 0 120 110 1 20 119 102 1 0 101 75 1 13 96 79 1 0 85 65 1 0 104 135 1 0 0 0 0 0 133 97 1 0 69 90 1 8 89 98 1 6 77 84 1 0 76 86 1 0 96 109 1 8 72 110 1 5 73 121 1 0 84 113 1 0 69 106 1 12 68 115 1 12 0 122 1 29 96 99 1 7 75 65 1 0 83 108 1 0 42 85 1 0 94 105 1 0 93 76 1 26 51 94 1 0 0 0 0 0 91 90 1 26 93 67 1
0 93 74 1 0 0 0 0 0 88 79 1 7 93 94 1 0 0 0 0 0 54 115 1 0 0 0 0 0 95 91 1 0 147 134 1 3 114 104 1 18 134 108 1 0 0 0 0 79 89 82 1 21 160 103 1 2 156 91 1 11 139 128 1 0 119 113 1 10 164 113 1 0 123 76 1 17 128 109 1 0 118 148 1 21 169 136 1 0 116 140 1 0 179 141 1 0 0 0 0 0 133 113 1 28 110 122 1 18 111 130 1 0 0 0 0 19 130 103 1 0 170 95 1 13 102 133 1 0 113 99 1 22 108 121 1 0 78 141 1 0 83 112 1 35 97 98 1 36 106 125 1 1 69 94 1 0 100 126 1 0 70 92 1 0 60 76 1 0 85 96 1 0 107 121 1 6 92 142 1 0 0 0 0 2 96 76 1 0 69 69 1 0 0 0 0 0 82 67 1 0 124 88 1 37 90 63 1 0 0 0 0 0 0 0 0 0 49 82 1 0 89 102 1 0 71 98 1 0 79 104 1 0 62 77 1 0 29 88 1
30 127 100 1 0 0 0 0 38 59 100 1 0 143 90 1 0 91 110 1 9 115 129 1 0 93 73 1 4 129 119 1 0 129 94 1 0 123 98 1 0 84 123 1 0 140 132 1 30 107 90 1 15 158 105 1 7 123 95 1 0 0 0 0 0 0 0 0 48 127 123 1 3 142 123 1 0 138 111 1 24 130 131 1 0 139 104 1 1 135 120 1 0 113 144 1 8 117 124 1 31 147 117 1 0 98 126 1 3 138 101 1 3 138 170 1 0 142 138 1 10 128 140 1 19 130 98 1 11 132 130 1 0 135 132 1 0 113 100 1 0 122 138 1 0 151 103 1 1 125 105 1 12 100 99 1 0 84 121 1 8 93 129 1 0 68 67 1 29 104 140 1 0 139 83 1 0 92 154 1 0 89 95 1 0 55 56 1 5 58 123 1 20 86 128 1 36 111 77 1 0 78 151 1 0 115 111 1 2 81 94 1 27 68 99 1 6 66 103 1 0 87 78 1 0 80 130 1 30 88 117 1 3 63 71 1 14 96 85 1
0 118 115 1 11 77 97 1 0 0 0 0 0 0 0 0 37 87 142 1 0 136 61 1 15 132 128 1 17 99 135 1 0 101 114 1 15 137 106 1 0 159 133 1 8 126 121 1 0 142 113 1 37 110 103 1 0 123 136 1 0 150 121 1 0 0 0 0 0 121 91 1 8 146 148 1 0 0 0 0 0 168 138 1 0 0 0 0 24 144 151 1 12 170 179 1 0 153 170 1 4 142 102 1 32 172 120 1 9 160 106 1 0 102 105 1 1 99 130 1 26 147 146 1 0 132 131 1 0 136 141 1 2 126 113 1 0 144 156 1 0 147 155 1 10 103 130 1 0 127 142 1 0 111 122 1 0 88 108 1 0 96 96 1 0 0 0 0 0 70 101 1 0 0 0 0 0 117 99 1 0 95 97 1 14 69 70 1 5 86 63 1 21 69 95 1 0 93 117 1 0 0 0 0 0 112 131 1 0 59 128 1 0 99 129 1 0 71 75 1 0 93 96 1 0 68 123 1 0 0 0 0 0 45 103 1 0 66 97 1
1 126 99 1 0 130 108 1 0 157 130 1 0 123 107 1 0 103 57 1 0 80 85 1 0 81 126 1 8 134 97 1 4 86 103 1 0 105 65 1 0 0 0 0 0 145 107 1 0 153 122 1 36 159 145 1 6 145 120 1 22 127 104 1 40 161 111 1 0 143 130 1 26 153 127 1 52 145 125 1 4 152 140 1 0 143 97 1 16 184 143 1 16 171 139 1 0 123 119 1 0 116 132 1 0 126 125 1 6 133 130 1 0 162 154 1 2 146 165 1 0 153 131 1 17 135 146 1 0 169 141 1 14 145 106 1 0 113 150 1 2 114 150 1 0 148 158 1 0 125 142 1 6 108 120 1 10 133 159 1 0 96 100 1 0 98 109 1 0 97 136 1 17 97 110 1 0 88 125 1 24 88 33 1 0 118 91 1 0 0 0 0 0 77 82 1 0 94 73 1 19 134 137 1 8 76 86 1 7 82 73 1 38 41 107 1 2 74 88 1 0 118 100 1 20 70 97 1 12 82 73 1 0 67 101 1 0 0 0 0
7 84 107 1 0 115 111 1 0 117 109 1 0 154 75 1 0 0 0 0 0 0 0 0 0 90 102 1 15 107 117 1 0 122 136 1 17 111 135 1 7 181 140 1 0 0 0 0 0 118 136 1 18 141 141 1 0 166 164 1 0 155 154 1 8 144 88 1 3 141 149 1 15 174 93 1 0 166 161 1 16 148 158 1 0 171 158 1 0 125 140 1 5 157 136 1 0 143 148 1 0 187 115 1 0 0 0 0 0 0 0 0 7 166 123 1 33 133 89 1 0 0 0 0 0 159 121 1 0 186 154 1 0 195 155 1 1 182 177 1 24 130 134 1 27 182 153 1 0 173 113 1 0 133 134 1 0 124 129 1 4 110 102 1 8 117 124 1 0 46 125 1 3 99 108 1 0 92 99 1 0 0 0 0 4 96 126 1 0 0 0 0 0 106 83 1 0 149 114 1 4 98 63 1 2 54 113 1 0 0 0 0 0 104 99 1 5 106 106 1 0 106 87 1 29 81 62 1 0 69 110 1 4 88 99 1 0 95 102 1
0 150 83 1 8 147 97 1 0 108 66 1 0 114 112 1 24 121 139 1 0 143 129 1 0 0 0 0 0 142 135 1 11 141 76 1 0 165 178 1 27 118 137 1 15 158 154 1 0 116 147 1 13 161 164 1 18 178 169 1 0 145 134 1 0 156 113 1 0 0 0 0 34 183 143 1 11 169 159 1 5 166 101 1 0 0 0 0 42 150 141 1 0 153 156 1 19 142 165 1 16 184 149 1 0 103 142 1 38 152 96 1 0 150 178 1 0 145 132 1 0 0 0 0 0 146 135 1 0 146 155 1 0 160 169 1 2 137 148 1 1 183 161 1 7 142 151 1 0 0 0 0 15 122 178 1 0 98 140 1 5 104 123 1 0 136 113 1 0 124 90 1 0 0 0 0 0 124 126 1 29 103 123 1 20 112 108 1 3 113 144 1 0 117 103 1 0 0 0 0 15 94 104 1 19 106 103 1 10 101 106 1 0 100 74 1 0 132 86 1 0 97 119 1 0 98 91 1 3 66 91 1 0 71 90 1 9 68 98 1
1 120 115 1 40 135 113 1 0 0 0 0 20 188 113 1 2 110 106 1 2 121 126 1 0 140 119 1 18 116 115 1 0 164 141 1 0 125 146 1 9 156 105 1 0 130 112 1 16 143 125 1 0 159 130 1 0 112 92 1 0 0 0 0 19 163 119 1 13 184 89 1 10 144 147 1 0 138 163 1 4 151 165 1 6 181 178 1 19 184 139 1 0 157 125 1 12 159 130 1 0 145 155 1 0 107 137 1 22 135 142 1 0 149 141 1 0 174 116 1 0 172 111 1 0 0 0 0 64 142 168 1 34 146 141 1 12 182 152 1 0 143 129 1 0 112 152 1 0 111 138 1 17 129 123 1 0 0 0 0 0 0 0 0 0 0 0 0 0 125 124 1 7 101 97 1 0 117 149 1 0 103 127 1 2 86 125 1 45 54 111 1 12 144 144 1 0 125 131 1 22 121 130 1 0 129 120 1 0 162 134 1 18 103 151 1 39 112 118 1 0 86 104 1 47 99 137 1 9 79 106 1 0 60 112 1 0 66 97 1
2 149 180 1 0 145 115 1 0 130 100 1 0 102 149 1 16 109 129 1 13 147 95 1 0 139 93 1 0 0 0 0 0 125 99 1 0 134 107 1 34 168 154 1 0 156 158 1 0 0 0 0 0 158 105 1 11 127 181 1 0 120 142 1 0 0 0 0 0 136 156 1 0 0 0 0 30 163 185 1 24 154 174 1 0 134 133 1 0 164 160 1 2 188 135 1 0 120 128 1 0 163 130 1 22 140 110 1 0 0 0 0 19 132 137 1 0 129 141 1 48 137 136 1 0 0 0 0 14 160 190 1 0 0 0 0 0 0 0 0 1 153 159 1 34 125 116 1 0 153 165 1 0 123 109 1 0 90 113 1 35 135 128 1 0 162 129 1 0 118 138 1 0 146 120 1 31 139 72 1 0 133 126 1 8 141 112 1 0 132 104 1 0 144 119 1 10 106 110 1 4 103 127 1 0 123 140 1 0 117 109 1 0 76 131 1 13 109 118 1 0 103 90 1 4 115 127 1 71 92 122 1 0 100 109 1 11 93 115 1
0 109 121 1 0 115 112 1 0 122 96 1 0 125 127 1 32 142 146 1 0 145 103 1 0 0 0 0 0 157 118 1 4 149 114 1 27 126 123 1 11 152 109 1 0 178 128 1 5 164 155 1 21 155 146 1 0 113 111 1 0 158 106 1 0 0 0 0 20 152 167 1 22 147 177 1 0 165 110 1 0 133 138 1 27 142 171 1 49 138 143 1 2 156 175 1 5 165 116 1 0 161 149 1 0 0 0 0 14 162 87 1 0 174 107 1 17 127 135 1 0 0 0 0 0 203 137 1 0 0 0 0 6 185 149 1 8 195 132 1 6 192 186 1 0 119 167 1 0 165 147 1 12 152 135 1 0 0 0 0 1 125 107 1 0 162 140 1 0 135 153 1 25 113 87 1 3 109 114 1 0 141 79 1 0 173 138 1 10 139 120 1 0 0 0 0 0 136 118 1 6 160 107 1 29 150 158 1 0 0 0 0 7 108 119 1 0 131 120 1 0 111 112 1 12 104 141 1 0 61 104 1 14 103 117 1 37 103 104 1
0 126 114 1 0 118 148 1 0 158 125 1 17 181 91 1 0 124 146 1 0 143 125 1 3 122 114 1 27 118 157 1 0 128 169 1 19 147 93 1 5 152 112 1 0 150 151 1 0 0 0 0 0 124 154 1 0 153 109 1 0 0 0 0 0 0 0 0 7 160 143 1 0 151 172 1 14 182 162 1 5 153 172 1 18 144 101 1 24 143 124 1 0 141 152 1 0 152 111 1 0 120 111 1 0 142 129 1 0 0 0 0 0 183 122 1 0 0 0 0 16 172 136 1 0 198 157 1 16 147 148 1 0 0 0 0 13 169 144 1 0 162 131 1 0 126 138 1 5 136 158 1 35 155 156 1 6 136 136 1 20 170 111 1 0 132 128 1 14 102 102 1 0 99 130 1 0 130 130 1 0 134 122 1 16 138 131 1 22 169 107 1 36 127 135 1 21 100 134 1 0 110 107 1 0 176 126 1 0 122 139 1 2 123 137 1 0 100 125 1 0 116 102 1 34 128 88 1 0 0 0 0 0 86 116 1 0 118 110 1
0 144 76 1 0 148 107 1 0 160 106 1 0 161 99 1 12 111 151 1 26 146 130 1 45 150 153 1 20 129 129 1 0 145 135 1 16 138 115 1 0 178 96 1 0 159 98 1 0 121 128 1 15 136 137 1 0 170 120 1 0 129 126 1 0 0 0 0 12 158 181 1 0 166 172 1 0 150 161 1 34 141 166 1 0 0 0 0 0 155 159 1 0 0 0 0 0 153 124 1 0 104 151 1 0 193 122 1 0 178 145 1 0 0 0 0 0 0 0 0 0 177 170 1 0 187 179 1 0 157 152 1 0 169 172 1 0 193 147 1 0 166 171 1 0 117 156 1 0 178 170 1 0 138 151 1 0 147 156 1 0 175 138 1 0 0 0 0 0 0 0 0 32 103 117 1 10 108 171 1 0 160 109 1 0 135 160 1 0 165 168 1 14 153 116 1 0 140 141 1 21 161 98 1 0 131 167 1 0 172 115 1 39 125 90 1 0 0 0 0 21 165 108 1 7 105 128 1 7 113 129 1 0 134 86 1 33 129 124 1
38 85 125 1 0 157 99 1 0 168 108 1 0 171 127 1 9 154 123 1 0 128 183 1 5 109 154 1 0 164 170 1 0 175 146 1 4 122 135 1 0 125 138 1 0 143 121 1 28 119 123 1 32 153 146 1 0 0 0 0 0 136 151 1 0 177 164 1 0 0 0 0 0 161 139 1 5 155 158 1 0 141 132 1 15 176 138 1 5 138 154 1 6 150 114 1 51 187 154 1 0 0 0 0 0 189 113 1 11 208 157 1 0 129 188 1 9 209 167 1 0 207 146 1 0 0 0 0 12 193 169 1 0 194 161 1 25 184 131 1 19 218 155 1 2 163 161 1 26 162 153 1 0 160 155 1 26 138 122 1 11 143 147 1 0 0 0 0 0 126 120 1 0 149 89 1 0 143 111 1 15 106 136 1 0 128 121 1 20 166 146 1 3 156 139 1 18 142 123 1 0 0 0 0 0 112 147 1 0 171 135 1 17 96 130 1 0 91 85 1 7 114 132 1 0 112 156 1 0 151 123 1 0 130 106 1 0 149 102 1
3 159 106 1 0 156 160 1 0 132 133 1 0 163 153 1 21 169 141 1 7 173 123 1 31 162 134 1 0 161 151 1 0 162 93 1 0 146 155 1 0 124 162 1 0 196 149 1 0 154 129 1 12 131 137 1 0 0 0 0 10 188 121 1 0 200 130 1 0 180 186 1 0 207 145 1 0 151 120 1 0 212 158 1 0 157 140 1 0 145 97 1 8 177 144 1 22 159 136 1 47 148 177 1 0 220 179 1 0 200 138 1 0 160 170 1 0 0 0 0 0 170 143 1 24 157 172 1 0 165 134 1 13 224 165 1 0 180 143 1 4 154 100 1 0 160 133 1 0 126 140 1 0 141 130 1 24 118 112 1 36 163 103 1 14 137 148 1 2 175 135 1 0 104 147 1 0 116 128 1 0 143 129 1 15 174 120 1 7 149 121 1 0 143 151 1 16 164 135 1 17 188 134 1 28 154 160 1 0 170 138 1 27 137 158 1 0 0 0 0 0 89 132 1 0 163 119 1 0 117 136 1 0 129 130 1 0 0 0 0
0 105 140 1 0 169 182 1 0 201 128 1 33 121 130 1 0 0 0 0 18 149 147 1 0 0 0 0 0 142 142 1 31 183 141 1 15 204 123 1 0 133 178 1 0 0 0 0 0 0 0 0 0 162 159 1 0 160 156 1 0 218 181 1 0 179 164 1 14 139 121 1 4 217 127 1 12 161 124 1 0 152 160 1 0 147 152 1 1 169 123 1 15 167 173 1 25 187 170 1 0 205 162 1 0 187 239 1 31 170 145 1 9 205 105 1 22 164 158 1 0 177 175 1 0 0 0 0 0 183 141 1 0 0 0 0 1 183 156 1 8 141 153 1 0 139 142 1 27 123 128 1 2 129 161 1 0 128 116 1 0 130 127 1 34 142 114 1 0 153 103 1 16 151 179 1 46 93 157 1 0 0 0 0 0 0 0 0 10 116 141 1 5 177 184 1 10 104 157 1 14 203 161 1 0 192 183 1 0 191 178 1 0 138 152 1 0 153 99 1 0 137 133 1 0 80 160 1 0 119 116 1 0 179 101 1 12 148 130 1
32 173 173 1 0 206 170 1 29 207 120 1 12 171 108 1 47 180 142 1 4 175 143 1 0 178 157 1 0 151 141 1 6 174 149 1 6 209 171 1 0 160 173 1 18 158 109 1 0 183 124 1 33 215 145 1 0 163 166 1 0 0 0 0 0 183 122 1 33 157 164 1 0 170 151 1 3 170 133 1 0 182 115 1 0 134 135 1 0 159 120 1 27 168 169 1 2 188 146 1 14 164 166 1 0 201 169 1 0 204 175 1 0 141 141 1 17 190 137 1 0 185 145 1 40 181 191 1 0 169 167 1 7 159 166 1 0 144 174 1 0 172 139 1 0 150 130 1 3 132 133 1 0 139 150 1 0 136 122 1 0 118 151 1 0 108 120 1 0 142 139 1 0 161 98 1 41 175 163 1 0 209 122 1 0 0 0 0 0 134 157 1 0 175 164 1 0 190 174 1 27 195 137 1 4 141 131 1 5 114 157 1 0 124 174 1 0 134 126 1 1 123 161 1 1 133 126 1 40 113 133 1 35 170 153 1 22 176 165 1
0 180 169 1 26 154 144 1 0 183 162 1 20 158 160 1 0 0 0 0 0 175 131 1 0 0 0 0 0 162 161 1 0 151 132 1 2 136 139 1 18 165 165 1 9 167 147 1 0 190 185 1 0 159 146 1 0 184 156 1 0 153 155 1 10 157 159 1 0 187 106 1 46 158 155 1 0 161 152 1 0 141 139 1 0 0 0 0 9 171 172 1 37 175 123 1 0 0 0 0 0 166 134 1 0 0 0 0 1 195 153 1 0 0 0 0 35 158 154 1 0 0 0 0 9 187 149 1 34 188 173 1 0 158 158 1 0 0 0 0 7 160 125 1 3 144 173 1 42 131 131 1 0 157 161 1 0 0 0 0 0 0 0 0 0 0 0 0 0 0 0 0 0 164 164 1 0 150 141 1 0 0 0 0 21 164 163 1 0 119 111 1 23 185 151 1 0 143 143 1 12 113 143 1 0 141 125 1 0 165 127 1 0 188 137 1 14 175 182 1 0 0 0 0 0 167 150 1 1 175 161 1 27 211 168 1 36 195 203 1
4 200 206 1 38 211 137 1 0 0 0 0 0 0 0 0 41 150 150 1 4 175 146 1 0 0 0 0 21 165 116 1 3 190 161 1 0 193 117 1 28 155 144 1 0 193 160 1 0 170 172 1 9 211 146 1 0 0 0 0 0 159 117 1 0 137 126 1 0 143 195 1 0 143 172 1 18 173 180 1 0 155 181 1 29 159 174 1 0 150 126 1 0 172 133 1 41 196 163 1 11 186 175 1 15 174 153 1 3 157 142 1 0 165 162 1 0 0 0 0 37 184 136 1 25 186 145 1 62 159 158 1 18 175 158 1 19 186 149 1 0 131 131 1 0 155 186 1 0 163 120 1 8 149 182 1 31 183 162 1 21 153 106 1 12 167 109 1 0 152 152 1 10 180 151 1 0 149 150 1 27 119 177 1 0 160 186 1 39 158 145 1 0 182 124 1 4 147 131 1 0 152 150 1 0 151 129 1 0 0 0 0 0 199 157 1 0 179 144 1 0 202 200 1 0 225 202 1 0 177 178 1 0 231 180 1 8 209 177 1
0 0 0 0 6 218 161 1 13 162 116 1 0 166 136 1 30 167 161 1 13 170 144 1 17 178 156 1 0 203 137 1 48 199 152 1 10 178 151 1 4 174 154 1 0 201 165 1 0 193 160 1 0 197 123 1 0 207 155 1 0 147 139 1 5 172 160 1 0 151 170 1 6 150 131 1 0 185 116 1 0 187 137 1 10 164 174 1 0 171 133 1 0 151 170 1 0 188 198 1 0 174 170 1 36 196 118 1 0 157 112 1 26 168 161 1 0 180 120 1 0 138 140 1 22 157 146 1 0 170 161 1 0 149 140 1 0 177 165 1 0 153 144 1 0 121 155 1 8 148 186 1 12 148 142 1 3 137 157 1 4 171 170 1 0 0 0 0 43 199 160 1 0 175 167 1 0 200 170 1 0 161 165 1 1 164 153 1 4 146 136 1 0 199 166 1 0 157 146 1 0 155 166 1 0 174 183 1 28 245 217 1 16 198 159 1 53 219 207 1 7 172 176 1 26 176 184 1 0 241 186 1 0 224 159 1 0 200 142 1
0 177 151 1 0 163 141 1 10 179 114 1 13 169 178 1 0 0 0 0 11 169 139 1 0 178 155 1 5 179 153 1 12 149 166 1 8 165 164 1 8 168 146 1 0 172 146 1 1 196 163 1 0 161 120 1 0 165 173 1 9 173 182 1 0 177 135 1 0 0 0 0 25 183 206 1 0 0 0 0 17 179 185 1 1 208 107 1 0 174 175 1 0 0 0 0 24 157 135 1 10 201 202 1 3 206 155 1 17 175 160 1 0 201 184 1 0 0 0 0 10 160 202 1 32 184 201 1 9 169 168 1 11 167 168 1 0 167 157 1 0 182 147 1 0 156 159 1 0 150 141 1 51 179 169 1 10 155 167 1 0 194 179 1 0 182 174 1 0 0 0 0 0 194 152 1 0 174 139 1 15 162 140 1 0 200 166 1 0 204 158 1 22 168 160 1 9 186 169 1 0 192 203 1 0 0 0 0 27 195 198 1 0 193 148 1 0 179 178 1 17 181 199 1 21 173 140 1 39 229 119 1 0 148 185 1 0 178 181 1
0 200 192 1 0 192 140 1 13 187 122 1 0 0 0 0 0 192 159 1 3 168 129 1 0 193 173 1 0 204 161 1 13 140 144 1 17 172 133 1 0 186 142 1 30 151 123 1 0 185 172 1 8 191 135 1 0 215 133 1 0 152 153 1 0 150 153 1 19 182 145 1 0 165 166 1 9 156 180 1 0 156 177 1 0 153 141 1 0 191 143 1 29 151 179 1 0 166 165 1 0 170 168 1 4 160 121 1 49 187 184 1 19 186 147 1 0 181 158 1 27 171 172 1 0 176 160 1 0 150 130 1 0 133 161 1 26 144 115 1 24 170 81 1 3 182 132 1 0 146 131 1 34 198 213 1 0 224 192 1 0 214 185 1 0 164 186 1 0 190 155 1 24 244 190 1 0 191 197 1 30 230 166 1 0 197 215 1 25 163 192 1 14 193 193 1 0 214 177 1 12 191 138 1 0 166 148 1 0 0 0 0 0 159 167 1 20 205 202 1 0 195 203 1 41 229 174 1 0 206 143 1 0 0 0 0 5 182 131 1
15 211 132 1 0 198 168 1 2 162 160 1 0 0 0 0 0 184 183 1 0 184 148 1 0 204 123 1 0 171 174 1 24 133 167 1 0 144 147 1 17 180 195 1 0 171 164 1 24 159 129 1 0 160 149 1 0 0 0 0 0 130 180 1 0 208 134 1 0 173 173 1 0 0 0 0 0 175 130 1 0 177 160 1 0 185 149 1 24 180 173 1 0 176 130 1 0 175 166 1 0 133 176 1 0 194 163 1 11 137 149 1 0 206 172 1 0 202 125 1 2 162 193 1 0 205 141 1 0 183 160 1 0 0 0 0 0 0 0 0 33 213 163 1 0 0 0 0 1 177 168 1 18 197 213 1 5 209 197 1 0 178 201 1 4 186 182 1 0 174 184 1 21 219 168 1 14 197 180 1 6 190 207 1 9 196 145 1 4 188 197 1 9 218 174 1 0 186 142 1 0 204 162 1 31 211 108 1 1 146 123 1 0 217 207 1 28 184 162 1 1 190 127 1 56 203 165 1 38 195 151 1 36 218 179 1 52 174 140 1
0 149 173 1 23 157 112 1 0 161 139 1 10 191 157 1 0 171 169 1 0 150 152 1 30 148 200 1 0 164 141 1 0 188 164 1 0 174 168 1 0 187 146 1 0 181 126 1 0 192 141 1 0 178 178 1 0 192 168 1 22 206 173 1 0 179 158 1 0 0 0 0 7 199 185 1 9 181 141 1 0 198 190 1 23 176 168 1 0 156 140 1 3 195 187 1 13 183 181 1 0 155 117 1 23 169 159 1 0 0 0 0 0 172 130 1 0 212 147 1 0 194 191 1 6 199 181 1 5 175 155 1 9 235 154 1 0 171 180 1 0 182 200 1 0 0 0 0 1 199 138 1 56 203 174 1 0 197 218 1 8 193 168 1 6 180 170 1 0 219 193 1 0 180 192 1 4 219 163 1 0 196 148 1 0 231 145 1 0 213 158 1 35 166 131 1 24 234 134 1 41 199 145 1 52 156 170 1 40 196 174 1 37 197 162 1 73 171 157 1 49 187 167 1 47 205 198 1 9 218 166 1 53 202 167 1 42 207 195 1
0 0 0 0 0 177 155 1 0 185 190 1 0 190 180 1 2 193 164 1 0 230 186 1 3 162 183 1 12 215 149 1 0 0 0 0 0 196 137 1 0 0 0 0 5 188 174 1 0 200 168 1 30 203 145 1 0 193 188 1 0 173 183 1 0 172 123 1 0 168 164 1 9 190 186 1 12 163 124 1 0 175 152 1 0 182 145 1 9 188 173 1 0 0 0 0 17 171 121 1 0 188 175 1 0 175 121 1 3 189 164 1 0 191 158 1 4 216 162 1 6 167 159 1 0 0 0 0 17 196 191 1 0 178 212 1 0 202 169 1 0 0 0 0 0 185 201 1 8 188 197 1 0 173 158 1 0 205 185 1 0 199 193 1 25 213 174 1 0 183 148 1 0 200 194 1 17 167 173 1 0 0 0 0 0 189 177 1 19 192 142 1 24 185 164 1 76 155 146 1 19 197 177 1 83 190 158 1 59 207 165 1 40 169 191 1 59 245 163 1 96 169 200 1 40 178 156 1 0 0 0 0 0 0 0 0 30 218 194 1
0 0 0 0 0 171 165 1 0 209 147 1 18 190 176 1 0 0 0 0 0 0 0 0 0 0 0 0 0 183 170 1 0 206 149 1 0 220 166 1 0 182 197 1 7 212 163 1 27 179 192 1 25 193 173 1 22 204 190 1 0 0 0 0 0 173 167 1 0 193 155 1 0 196 180 1 0 186 158 1 0 213 186 1 17 186 157 1 3 161 189 1 0 153 178 1 9 204 146 1 12 194 195 1 17 201 172 1 0 196 144 1 0 158 160 1 7 202 126 1 0 161 126 1 4 161 163 1 10 165 160 1 18 206 173 1 0 211 168 1 0 186 151 1 0 226 185 1 0 199 190 1 32 190 191 1 0 194 175 1 7 193 169 1 0 192 178 1 23 172 209 1 7 188 139 1 0 175 146 1 0 0 0 0 3 213 191 1 37 182 224 1 70 179 179 1 62 209 171 1 82 160 174 1 71 214 158 1 73 223 163 1 81 180 142 1 70 184 175 1 70 218 209 1 50 205 202 1 93 205 178 1 65 207 155 1 31 238 183 1
0 213 145 1 3 144 167 1 24 163 191 1 0 173 149 1 0 201 138 1 15 174 182 1 0 179 144 1 0 163 119 1 0 166 141 1 7 191 179 1 0 183 168 1 3 176 155 1 0 186 143 1 1 203 193 1 7 158 140 1 0 212 167 1 5 202 150 1 8 174 160 1 0 162 148 1 0 172 173 1 5 231 144 1 0 177 172 1 20 184 165 1 0 124 175 1 0 165 141 1 0 213 141 1 0 215 153 1 4 175 132 1 24 138 226 1 0 166 215 1 1 224 209 1 0 216 165 1 0 0 0 0 31 202 221 1 0 0 0 0 0 0 0 0 25 186 215 1 0 209 175 1 6 244 173 1 0 233 190 1 5 219 135 1 16 162 196 1 63 175 156 1 18 205 156 1 58 211 221 1 73 220 200 1 68 154 157 1 51 200 214 1 65 190 187 1 60 200 138 1 43 207 182 1 36 212 156 1 80 224 210 1 44 220 217 1 61 174 222 1 42 228 198 1 65 208 175 1 56 167 201 1 80 186 160 1 81 213 192 1
0 237 149 1 0 0 0 0 0 182 200 1 18 219 175 1 0 210 181 1 43 165 179 1 0 162 140 1 5 202 204 1 0 199 157 1 0 176 186 1 11 174 175 1 0 174 125 1 2 202 183 1 4 192 180 1 0 0 0 0 9 210 148 1 1 151 135 1 0 178 177 1 31 165 158 1 7 197 173 1 6 193 115 1 23 197 162 1 0 180 132 1 0 220 187 1 18 207 127 1 0 214 180 1 0 193 174 1 23 183 172 1 0 161 186 1 1 211 182 1 0 179 188 1 7 230 221 1 30 249 205 1 35 176 161 1 32 209 204 1 51 197 175 1 24 176 222 1 14 210 197 1 0 223 196 1 3 195 170 1 10 184 209 1 17 198 203 1 41 202 196 1 13 186 166 1 57 192 196 1 56 226 170 1 77 186 181 1 63 198 169 1 58 157 190 1 33 193 162 1 35 209 177 1 82 210 178 1 62 228 206 1 41 232 193 1 84 216 184 1 60 194 194 1 85 218 174 1 72 250 217 1 73 208 208 1 74 234 193 1
0 194 173 1 35 169 146 1 0 214 130 1 24 222 167 1 0 181 159 1 2 189 242 1 0 191 147 1 0 208 110 1 0 0 0 0 9 204 139 1 16 196 179 1 0 199 181 1 33 174 116 1 0 190 173 1 0 153 151 1 0 169 163 1 2 208 180 1 0 179 160 1 0 183 155 1 5 215 167 1 18 174 143 1 26 175 152 1 0 220 131 1 0 203 138 1 0 173 163 1 0 0 0 0 6 202 158 1 0 202 161 1 30 197 144 1 18 199 186 1 0 0 0 0 0 205 189 1 0 222 214 1 0 0 0 0 1 174 187 1 0 176 209 1 0 183 228 1 10 204 214 1 0 176 155 1 0 197 187 1 11 217 174 1 11 217 180 1 19 208 175 1 23 172 161 1 27 196 215 1 24 201 172 1 30 236 190 1 42 187 183 1 22 186 156 1 46 213 177 1 22 183 133 1 27 202 209 1 57 210 176 1 0 0 0 0 40 205 202 1 0 237 176 1 58 192 231 1 42 176 185 1 56 219 160 1 72 189 181 1
36 202 159 1 4 196 164 1 20 190 200 1 0 0 0 0 0 167 141 1 0 174 168 1 0 0 0 0 0 214 161 1 0 193 167 1 0 231 173 1 0 196 160 1 34 210 174 1 0 210 198 1 0 201 165 1 5 207 129 1 0 0 0 0 32 212 207 1 0 199 198 1 5 141 156 1 14 196 173 1 0 178 133 1 24 226 171 1 7 177 189 1 13 176 176 1 0 0 0 0 0 204 157 1 0 224 191 1 0 184 207 1 6 180 182 1 8 218 163 1 0 188 170 1 0 187 180 1 50 177 206 1 0 198 148 1 0 218 176 1 0 224 181 1 22 230 177 1 4 213 232 1 0 195 226 1 10 209 208 1 0 206 177 1 0 196 208 1 2 241 175 1 20 230 175 1 85 225 191 1 28 208 190 1 58 223 190 1 46 175 180 1 6 195 180 1 79 246 169 1 31 172 175 1 21 219 162 1 97 225 179 1 22 239 156 1 46 214 184 1 53 228 217 1 53 224 183 1 0 0 0 0 73 180 153 1 70 190 165 1
0 201 172 1 0 215 180 1 45 183 185 1 4 205 179 1 0 193 141 1 0 0 0 0 0 178 197 1 22 170 204 1 1 177 143 1 27 176 176 1 12 158 188 1 0 0 0 0 0 159 196 1 0 255 137 1 2 183 209 1 0 177 175 1 0 205 163 1 0 180 148 1 6 177 177 1 0 202 158 1 0 195 155 1 12 193 192 1 0 159 177 1 11 186 201 1 31 209 197 1 6 212 173 1 0 166 168 1 0 213 173 1 0 205 207 1 0 195 146 1 0 0 0 0 0 218 188 1 0 195 197 1 29 233 220 1 0 212 187 1 15 193 192 1 0 181 161 1 0 220 165 1 10 202 211 1 11 204 159 1 0 206 177 1 2 225 205 1 18 165 164 1 77 194 199 1 46 226 200 1 47 177 181 1 73 177 214 1 77 216 160 1 72 204 189 1 68 214 198 1 27 192 171 1 99 206 222 1 44 248 203 1 75 194 182 1 56 194 222 1 24 201 191 1 73 178 180 1 30 205 150 1 59 178 184 1 76 211 147 1
0 210 188 1 0 181 151 1 28 192 191 1 0 164 162 1 0 170 183 1 0 0 0 0 19 197 153 1 0 225 187 1 0 186 194 1 0 159 191 1 0 241 195 1 0 213 173 1 15 164 167 1 31 209 176 1 0 197 176 1 0 255 181 1 3 198 175 1 10 209 219 1 28 178 203 1 3 159 171 1 0 0 0 0 0 174 134 1 12 169 166 1 0 178 196 1 17 219 188 1 40 188 200 1 10 167 184 1 0 0 0 0 20 194 210 1 0 157 213 1 2 216 171 1 14 204 172 1 39 206 180 1 16 169 175 1 0 168 199 1 0 187 163 1 0 204 194 1 12 223 211 1 0 0 0 0 0 248 188 1 0 178 224 1 61 206 182 1 60 238 158 1 60 201 208 1 57 184 183 1 57 206 194 1 125 204 188 1 50 220 158 1 85 205 200 1 45 194 188 1 79 195 206 1 114 190 175 1 73 212 174 1 83 210 202 1 34 211 212 1 70 212 174 1 100 177 233 1 88 200 171 1 28 178 199 1 87 216 191 1
0 0 0 0 0 173 161 1 2 174 164 1 2 183 155 1 10 178 181 1 0 194 144 1 0 190 165 1 18 192 157 1 12 179 184 1 21 179 158 1 0 212 188 1 12 211 168 1 0 195 179 1 8 178 145 1 32 197 183 1 36 168 190 1 0 254 192 1 20 194 183 1 0 202 178 1 0 206 140 1 0 195 177 1 0 187 191 1 14 187 168 1 4 175 137 1 2 166 195 1 19 171 215 1 55 151 185 1 0 0 0 0 8 180 174 1 0 155 221 1 0 0 0 0 2 168 151 1 24 189 210 1 69 254 179 1 48 228 199 1 21 195 159 1 19 197 175 1 40 210 188 1 52 226 207 1 49 185 195 1 18 227 158 1 33 230 191 1 37 186 177 1 68 207 226 1 77 224 238 1 105 233 177 1 51 197 186 1 82 190 166 1 60 219 196 1 79 201 180 1 66 224 208 1 90 182 160 1 51 196 162 1 80 204 200 1 47 174 179 1 0 0 0 0 77 214 198 1 71 226 184 1 99 197 206 1 33 196 153 1
1 217 187 1 7 202 187 1 0 163 206 1 0 188 166 1 0 179 166 1 27 173 183 1 0 189 170 1 3 194 182 1 16 178 201 1 27 192 195 1 0 197 199 1 0 210 179 1 26 158 195 1 0 0 0 0 15 190 236 1 0 0 0 0 31 195 167 1 26 179 216 1 3 195 183 1 0 0 0 0 0 201 191 1 15 219 184 1 0 181 204 1 0 192 194 1 4 194 234 1 0 180 159 1 0 0 0 0 0 198 198 1 0 177 166 1 0 160 182 1 0 0 0 0 32 218 200 1 56 208 180 1 92 190 163 1 53 189 159 1 69 171 179 1 58 207 180 1 59 208 225 1 63 245 204 1 92 204 255 1 71 226 210 1 71 194 194 1 75 214 141 1 55 217 194 1 83 221 196 1 0 0 0 0 61 233 175 1 29 226 156 1 69 237 146 1 129 235 198 1 103 201 163 1 0 0 0 0 77 213 149 1 85 181 143 1 0 0 0 0 0 0 0 0 98 226 158 1 109 187 189 1 83 223 187 1 80 212 188 1
34 187 182 1 0 0 0 0 0 211 153 1 0 0 0 0 13 197 192 1 0 0 0 0 12 197 154 1 0 180 202 1 0 0 0 0 0 0 0 0 9 202 197 1 39 224 211 1 0 240 221 1 22 203 153 1 0 226 165 1 9 230 198 1 2 187 186 1 8 168 198 1 0 201 199 1 1 203 195 1 0 208 232 1 0 0 0 0 0 0 0 0 0 194 160 1 8 213 191 1 0 0 0 0 4 165 164 1 0 0 0 0 0 0 0 0 48 207 187 1 8 210 197 1 16 198 176 1 0 0 0 0 57 172 188 1 93 230 224 1 99 213 182 1 62 222 182 1 61 186 186 1 15 227 185 1 0 0 0 0 87 217 221 1 41 215 172 1 0 0 0 0 67 182 164 1 87 254 193 1 77 219 123 1 0 0 0 0 73 209 187 1 71 219 188 1 95 200 179 1 106 228 185 1 85 224 170 1 56 165 228 1 101 201 149 1 73 187 182 1 46 193 202 1 80 250 196 1 46 218 169 1 83 215 183 1 76 197 232 1
0 255 199 1 0 235 156 1 0 208 171 1 0 222 171 1 0 182 143 1 5 199 165 1 20 199 178 1 0 147 180 1 29 181 209 1 0 207 170 1 0 174 170 1 0 0 0 0 0 238 211 1 37 237 177 1 16 171 166 1 0 187 198 1 7 188 148 1 0 152 219 1 0 0 0 0 0 0 0 0 0 0 0 0 15 199 199 1 0 195 213 1 4 205 223 1 0 185 193 1 0 201 176 1 0 191 219 1 0 202 184 1 19 205 181 1 31 195 194 1 3 184 144 1 20 235 188 1 33 238 149 1 60 212 232 1 101 236 230 1 45 210 178 1 53 250 200 1 59 200 164 1 58 237 202 1 116 211 191 1 0 0 0 0 91 232 173 1 85 187 200 1 73 192 168 1 0 0 0 0 69 191 202 1 102 233 206 1 83 204 170 1 91 192 174 1 89 204 180 1 73 190 207 1 96 206 187 1 73 205 198 1 96 204 140 1 88 207 170 1 72 223 145 1 105 213 174 1 70 219 166 1 103 215 172 1 126 203 226 1
0 0 0 0 5 255 166 1 0 194 237 1 0 0 0 0 1 182 193 1 35 174 174 1 7 196 174 1 53 213 149 1 28 220 170 1 0 0 0 0 0 150 202 1 32 227 175 1 0 255 159 1 26 222 165 1 7 217 170 1 16 228 197 1 3 218 188 1 19 179 174 1 0 186 158 1 0 0 0 0 35 220 197 1 0 0 0 0 0 194 165 1 1 190 203 1 31 217 183 1 67 220 221 1 0 0 0 0 48 239 191 1 45 169 178 1 0 0 0 0 60 217 222 1 89 202 203 1 91 209 195 1 0 0 0 0 81 226 179 1 76 188 232 1 89 228 181 1 65 232 156 1 89 193 175 1 82 226 181 1 85 212 193 1 58 169 192 1 68 178 191 1 47 210 122 1 83 189 163 1 81 169 173 1 51 189 148 1 120 187 201 1 113 213 153 1 0 0 0 0 88 255 161 1 88 187 163 1 89 175 184 1 90 185 171 1 114 251 170 1 82 192 205 1 0 0 0 0 67 207 156 1 84 229 184 1 94 166 190 1
16 255 211 1 5 225 222 1 15 191 209 1 0 0 0 0 0 180 186 1 46 155 176 1 18 175 163 1 0 186 189 1 23 203 184 1 0 0 0 0 22 231 215 1 0 215 201 1 0 193 147 1 0 0 0 0 22 225 172 1 0 225 185 1 0 207 184 1 0 0 0 0 0 0 0 0 18 239 175 1 0 233 176 1 0 211 186 1 21 203 165 1 26 190 186 1 25 203 222 1 65 179 200 1 56 224 180 1 35 197 216 1 92 211 171 1 77 209 187 1 100 227 198 1 93 235 195 1 90 255 228 1 89 207 174 1 106 175 166 1 111 218 176 1 108 227 168 1 63 140 208 1 79 216 177 1 79 202 175 1 0 0 0 0 51 204 200 1 50 207 199 1 0 0 0 0 51 208 159 1 86 220 150 1 85 184 144 1 97 206 162 1 98 196 193 1 123 187 181 1 104 207 173 1 127 179 188 1 88 225 198 1 87 198 167 1 75 235 221 1 0 0 0 0 0 0 0 0 105 199 154 1 96 183 180 1 61 212 187 1
8 207 196 1 11 181 163 1 12 231 184 1 0 178 192 1 0 226 177 1 3 174 188 1 24 223 220 1 0 199 160 1 0 0 0 0 0 198 181 1 0 207 170 1 13 196 181 1 5 216 206 1 0 168 180 1 11 207 173 1 56 192 175 1 0 210 200 1 32 175 140 1 13 160 188 1 0 192 183 1 70 185 157 1 25 179 180 1 69 185 178 1 27 199 188 1 79 202 205 1 61 215 170 1 65 207 175 1 113 226 165 1 50 186 190 1 100 214 205 1 0 0 0 0 94 201 196 1 101 191 168 1 117 197 149 1 119 214 188 1 75 192 198 1 113 180 196 1 87 212 211 1 37 198 162 1 81 192 185 1 87 201 163 1 0 0 0 0 107 222 181 1 63 226 127 1 56 196 137 1 0 0 0 0 0 0 0 0 96 183 130 1 93 184 186 1 97 213 168 1 117 199 181 1 0 0 0 0 113 211 148 1 123 217 203 1 93 211 170 1 104 179 168 1 99 178 188 1 79 218 175 1 117 181 139 1 86 227 196 1