6
1057 1075 119 61
7 74 61 1 28 79 99 1 96 145 168 1 81 117 146 1 5 70 132 1 25 136 109 1 0 0 0 0 25 74 100 1 49 77 85 1 19 74 112 1 0 89 151 1 47 53 113 1 64 34 132 1 49 66 133 1 54 57 140 1 18 97 149 1 28 91 97 1 44 88 83 1 63 64 97 1 56 127 114 1 104 123 156 1 81 135 131 1 54 98 130 1 30 66 131 1 23 19 130 1 53 31 122 1 0 0 0 0 37 104 152 1 18 48 121 1 34 118 126 1 31 96 143 1 31 52 122 1 1 101 130 1 3 75 87 1 49 81 97 1 0 0 0 0 57 75 146 1 20 86 161 1 27 80 140 1 9 70 130 1 5 89 80 1 73 139 127 1 62 74 154 1 25 37 130 1 39 101 98 1 44 46 96 1 51 91 122 1 51 92 128 1 0 0 0 0 0 0 0 0 0 0 0 0 90 85 155 1 50 16 138 1 24 82 111 1 34 63 117 1 40 56 112 1 32 92 152 1 3 109 119 1 15 76 144 1 51 72 127 1 31 81 148 1
25 48 118 1 42 74 138 1 57 76 88 1 67 75 126 1 0 0 0 0 44 47 113 1 38 76 85 1 28 95 99 1 0 69 92 1 5 85 99 1 41 50 111 1 0 0 0 0 42 119 148 1 38 89 127 1 63 81 155 1 31 68 141 1 17 84 111 1 35 62 100 1 65 81 125 1 54 75 115 1 49 99 124 1 38 75 119 1 0 0 0 0 14 78 122 1 62 85 145 1 0 0 0 0 36 73 110 1 69 73 147 1 25 40 106 1 66 77 127 1 42 44 123 1 47 100 143 1 0 56 84 1 0 68 120 1 29 91 161 1 19 59 152 1 75 122 147 1 48 112 108 1 24 76 115 1 30 83 123 1 34 77 120 1 32 93 106 1 22 69 96 1 33 88 107 1 0 72 73 1 4 43 141 1 19 81 126 1 28 79 136 1 66 70 130 1 30 107 150 1 53 96 132 1 45 71 113 1 33 56 123 1 30 74 138 1 8 55 147 1 52 59 127 1 34 78 151 1 13 63 126 1 64 75 159 1 18 70 140 1 11 56 110 1
26 90 121 1 58 78 122 1 98 100 114 1 60 92 134 1 56 98 114 1 0 98 113 1 8 63 95 1 22 108 113 1 14 65 119 1 10 48 98 1 41 37 109 1 16 64 111 1 34 44 151 1 6 81 111 1 23 91 151 1 5 42 124 1 11 62 136 1 0 71 101 1 56 90 85 1 11 93 127 1 13 83 115 1 44 102 110 1 44 82 100 1 35 50 115 1 46 80 92 1 28 113 167 1 40 93 116 1 0 80 140 1 2 104 115 1 56 90 120 1 33 58 94 1 32 70 136 1 0 0 0 0 54 107 136 1 11 45 90 1 13 61 128 1 51 104 128 1 19 68 121 1 48 62 127 1 33 59 139 1 11 104 122 1 36 70 100 1 11 63 120 1 17 67 138 1 0 72 97 1 62 91 85 1 38 68 166 1 33 50 124 1 20 84 115 1 0 0 0 0 24 83 101 1 58 47 114 1 62 41 147 1 74 65 86 1 68 52 114 1 21 60 133 1 17 81 99 1 0 80 121 1 0 101 89 1 25 79 156 1 0 0 0 0
41 86 78 1 0 0 0 0 34 73 120 1 70 90 112 1 88 109 95 1 53 73 114 1 57 39 96 1 0 48 119 1 24 56 92 1 0 0 0 0 22 57 86 1 39 80 106 1 25 88 143 1 4 97 136 1 46 35 116 1 7 60 155 1 0 0 0 0 20 92 136 1 45 68 73 1 37 56 143 1 56 90 83 1 53 73 121 1 27 75 120 1 11 40 122 1 0 0 0 0 15 63 84 1 19 44 161 1 55 117 104 1 35 71 113 1 23 95 99 1 58 99 125 1 22 57 124 1 41 58 138 1 37 52 174 1 0 38 98 1 36 90 98 1 7 95 118 1 0 0 0 0 73 47 126 1 47 37 99 1 18 80 96 1 55 71 128 1 52 83 121 1 10 79 113 1 49 39 101 1 0 0 0 0 0 61 130 1 52 54 105 1 23 42 136 1 49 114 123 1 21 92 129 1 33 93 126 1 0 0 0 0 0 0 0 0 16 73 126 1 0 0 0 0 69 80 132 1 50 65 117 1 23 54 132 1 38 76 114 1 66 84 151 1
70 82 104 1 68 66 89 1 2 78 133 1 83 70 131 1 92 36 131 1 60 61 96 1 35 81 148 1 35 71 112 1 22 73 142 1 39 53 122 1 65 80 132 1 18 68 154 1 33 69 109 1 8 48 75 1 30 78 105 1 24 100 85 1 74 92 123 1 14 56 125 1 36 67 112 1 26 81 122 1 38 63 100 1 27 78 97 1 44 76 90 1 32 53 127 1 55 66 122 1 75 42 145 1 30 56 95 1 13 29 145 1 3 11 147 1 24 53 176 1 0 51 98 1 0 0 0 0 16 30 102 1 54 39 112 1 53 32 115 1 26 84 129 1 31 62 133 1 42 53 114 1 7 55 97 1 18 80 135 1 0 0 0 0 49 98 140 1 52 87 94 1 25 73 73 1 56 80 117 1 66 46 99 1 29 73 125 1 32 61 102 1 21 71 104 1 0 0 0 0 70 69 113 1 58 60 141 1 25 29 122 1 62 74 114 1 47 83 81 1 20 42 122 1 28 59 162 1 21 85 137 1 32 97 115 1 55 69 130 1 54 92 121 1
61 68 87 1 34 49 118 1 64 87 82 1 18 104 87 1 0 82 143 1 65 61 131 1 0 0 0 0 0 47 118 1 63 46 126 1 52 112 121 1 78 54 141 1 83 73 87 1 55 44 112 1 7 50 77 1 31 75 97 1 37 37 105 1 0 0 0 0 56 100 87 1 65 43 130 1 76 84 96 1 39 56 55 1 47 79 144 1 31 93 107 1 59 62 83 1 56 76 128 1 30 63 115 1 6 35 123 1 4 83 120 1 21 55 105 1 7 81 123 1 65 82 126 1 0 0 0 0 0 0 0 0 0 0 0 0 0 0 0 0 35 55 105 1 0 47 118 1 0 0 0 0 0 66 89 1 36 70 121 1 27 57 112 1 29 52 116 1 35 62 156 1 60 97 104 1 0 0 0 0 70 76 102 1 0 0 0 0 56 55 92 1 78 39 135 1 49 29 58 1 19 92 68 1 17 83 101 1 0 0 0 0 63 47 161 1 53 56 153 1 94 81 127 1 66 57 98 1 24 55 117 1 0 0 0 0 42 68 158 1 0 60 121 1
56 59 121 1 83 74 124 1 73 60 122 1 54 111 110 1 31 67 116 1 62 60 97 1 9 70 89 1 90 58 118 1 0 0 0 0 73 121 102 1 104 101 174 1 61 60 111 1 76 54 111 1 52 90 95 1 76 77 96 1 122 85 122 1 94 85 149 1 89 84 103 1 0 0 0 0 79 92 106 1 84 63 121 1 49 136 76 1 20 67 71 1 28 78 119 1 25 110 115 1 69 70 139 1 42 54 121 1 20 70 90 1 17 66 113 1 27 42 130 1 24 73 99 1 38 77 103 1 26 77 125 1 50 68 125 1 61 98 104 1 64 107 87 1 13 65 132 1 10 87 159 1 43 107 110 1 0 86 146 1 18 54 110 1 31 55 92 1 54 70 135 1 100 146 197 1 163 182 188 1 0 0 0 0 66 107 60 1 58 72 28 1 43 101 64 1 27 32 65 1 0 0 0 0 29 76 103 1 35 55 121 1 0 0 0 0 3 53 130 1 55 82 96 1 45 101 107 1 77 57 111 1 1 40 91 1 46 66 108 1 18 83 94 1
43 102 104 1 41 49 140 1 23 74 121 1 37 103 74 1 73 109 83 1 57 87 102 1 79 53 124 1 101 84 145 1 72 92 84 1 74 103 128 1 74 70 126 1 27 97 126 1 89 48 91 1 87 70 111 1 98 91 136 1 93 120 94 1 88 73 139 1 69 92 126 1 107 136 179 1 79 113 141 1 33 62 111 1 72 94 137 1 17 85 82 1 47 78 113 1 70 56 107 1 32 73 135 1 44 54 154 1 40 47 141 1 41 83 108 1 2 72 100 1 58 26 128 1 32 34 113 1 0 70 117 1 16 20 108 1 5 54 97 1 8 76 115 1 57 83 98 1 45 67 164 1 0 0 0 0 0 40 94 1 44 69 101 1 64 105 105 1 111 107 113 1 127 115 105 1 211 184 131 1 200 180 153 1 0 0 0 0 175 149 123 1 129 105 137 1 0 0 0 0 34 76 43 1 40 89 141 1 22 63 110 1 10 43 108 1 13 66 110 1 30 46 80 1 57 84 89 1 67 53 70 1 58 107 146 1 86 65 100 1 48 58 131 1
0 0 0 0 13 68 121 1 8 55 111 1 45 48 73 1 38 63 94 1 71 70 111 1 56 116 121 1 68 77 128 1 91 158 164 1 76 110 122 1 84 69 91 1 74 46 89 1 114 96 172 1 180 174 226 1 153 168 191 1 0 0 0 0 136 111 138 1 0 0 0 0 92 106 130 1 75 118 117 1 26 112 122 1 50 78 152 1 33 75 125 1 48 109 101 1 41 10 117 1 69 76 71 1 58 28 123 1 28 34 95 1 18 104 116 1 39 63 106 1 18 49 61 1 54 72 104 1 0 0 0 0 31 64 83 1 18 92 86 1 25 54 115 1 62 51 121 1 36 51 126 1 28 105 122 1 49 67 146 1 15 75 97 1 81 113 93 1 93 105 127 1 149 101 141 1 160 143 135 1 0 0 0 0 215 183 228 1 215 184 183 1 183 137 190 1 136 79 118 1 52 118 95 1 60 34 107 1 41 62 142 1 15 73 122 1 20 59 112 1 6 83 85 1 0 0 0 0 49 75 131 1 92 121 77 1 55 103 144 1 72 64 144 1
32 84 126 1 42 50 93 1 54 99 110 1 0 0 0 0 74 73 91 1 86 95 159 1 95 119 126 1 103 109 135 1 98 156 126 1 54 133 137 1 71 39 57 1 0 0 0 0 76 110 107 1 90 120 107 1 0 0 0 0 87 141 138 1 99 171 135 1 92 119 135 1 77 132 129 1 48 77 117 1 47 66 81 1 29 108 120 1 0 0 0 0 59 51 85 1 36 70 84 1 18 72 87 1 40 68 128 1 49 87 97 1 19 33 128 1 0 0 0 0 0 88 116 1 42 48 129 1 17 48 140 1 15 57 67 1 0 47 97 1 27 71 81 1 45 55 136 1 15 87 111 1 21 38 113 1 13 91 105 1 37 44 81 1 53 36 100 1 71 95 68 1 74 89 97 1 190 114 73 1 142 124 152 1 209 167 134 1 171 134 143 1 149 129 141 1 114 94 133 1 72 135 100 1 72 111 117 1 48 119 123 1 46 42 134 1 0 0 0 0 43 82 124 1 44 99 130 1 117 103 101 1 0 0 0 0 118 128 107 1 131 114 132 1
54 76 121 1 20 66 105 1 39 91 126 1 42 83 138 1 83 85 98 1 117 152 164 1 107 132 116 1 97 99 93 1 95 129 115 1 82 89 78 1 56 87 54 1 59 71 103 1 72 93 104 1 86 98 94 1 85 107 75 1 128 107 97 1 86 142 110 1 96 108 97 1 82 52 82 1 0 0 0 0 7 52 73 1 34 90 81 1 34 43 117 1 37 93 141 1 12 55 118 1 81 53 113 1 7 62 140 1 50 77 146 1 36 66 109 1 42 110 118 1 2 89 135 1 53 86 114 1 4 110 148 1 14 91 134 1 0 0 0 0 36 53 133 1 32 68 106 1 17 44 101 1 40 35 154 1 0 92 120 1 26 63 102 1 48 82 81 1 44 27 81 1 63 47 71 1 130 96 91 1 133 67 86 1 155 119 91 1 141 118 92 1 0 0 0 0 141 158 116 1 92 175 77 1 56 124 116 1 89 151 131 1 30 49 62 1 24 101 87 1 64 65 77 1 21 107 100 1 128 100 62 1 91 143 123 1 140 134 122 1 120 119 126 1
47 83 93 1 63 76 76 1 65 97 102 1 48 96 82 1 52 82 100 1 108 120 101 1 60 119 96 1 87 96 105 1 56 102 94 1 113 118 88 1 101 108 101 1 76 135 104 1 56 120 84 1 125 69 130 1 65 90 88 1 76 84 66 1 67 105 38 1 0 0 0 0 58 74 114 1 53 93 91 1 38 108 135 1 16 73 116 1 31 42 104 1 9 42 94 1 43 80 119 1 25 74 96 1 12 64 93 1 65 96 140 1 43 54 107 1 71 65 101 1 21 62 115 1 40 34 107 1 9 39 123 1 44 46 107 1 39 46 110 1 16 65 133 1 17 51 146 1 3 59 116 1 34 91 128 1 0 59 115 1 5 57 103 1 25 77 124 1 4 57 90 1 59 56 84 1 86 144 92 1 165 120 94 1 168 135 142 1 137 160 105 1 142 86 117 1 151 134 121 1 0 0 0 0 104 96 131 1 63 75 92 1 0 0 0 0 58 47 111 1 37 87 104 1 0 0 0 0 117 156 132 1 90 148 104 1 111 121 136 1 124 137 143 1
53 88 115 1 29 71 133 1 97 88 117 1 43 65 82 1 94 110 117 1 44 43 100 1 35 51 29 1 58 85 85 1 111 126 183 1 111 109 139 1 81 129 157 1 61 136 112 1 104 92 98 1 72 71 91 1 71 58 77 1 71 106 104 1 54 77 92 1 58 75 157 1 100 58 82 1 32 74 64 1 0 0 0 0 13 68 112 1 8 59 116 1 20 86 109 1 61 62 125 1 60 62 114 1 42 101 168 1 22 51 108 1 43 44 111 1 13 57 128 1 8 73 88 1 17 89 119 1 44 57 115 1 32 26 66 1 48 70 77 1 59 82 95 1 40 109 97 1 31 58 97 1 51 46 128 1 56 66 68 1 20 52 78 1 57 53 140 1 0 77 92 1 21 80 74 1 66 85 88 1 0 0 0 0 181 139 123 1 0 0 0 0 149 147 123 1 154 175 137 1 89 145 115 1 61 106 70 1 78 106 73 1 110 84 97 1 71 69 104 1 56 83 104 1 90 115 118 1 126 147 111 1 0 0 0 0 114 115 133 1 151 146 97 1
82 55 93 1 112 87 90 1 97 95 91 1 117 49 142 1 137 73 100 1 143 68 96 1 57 97 96 1 40 59 82 1 68 85 80 1 87 117 141 1 114 84 120 1 110 85 122 1 140 131 111 1 136 87 177 1 132 73 100 1 135 94 139 1 105 121 115 1 113 146 133 1 90 77 99 1 71 93 129 1 50 91 133 1 5 118 133 1 50 75 109 1 47 55 158 1 65 78 120 1 0 0 0 0 25 63 130 1 44 58 75 1 50 84 101 1 36 93 158 1 14 61 119 1 11 77 132 1 0 124 103 1 3 80 82 1 43 56 109 1 21 78 92 1 9 63 91 1 53 84 74 1 17 34 100 1 57 72 76 1 12 78 127 1 47 106 83 1 0 68 118 1 28 68 134 1 49 87 146 1 0 0 0 0 91 75 94 1 127 126 123 1 0 0 0 0 132 151 120 1 91 96 100 1 0 0 0 0 111 98 63 1 85 87 109 1 16 95 66 1 79 70 119 1 30 61 122 1 60 126 94 1 119 142 85 1 168 111 139 1 126 144 108 1
33 100 135 1 73 135 110 1 92 78 158 1 128 86 114 1 155 91 127 1 51 56 125 1 93 89 146 1 76 80 121 1 123 112 103 1 0 0 0 0 135 109 134 1 123 134 142 1 118 69 105 1 0 0 0 0 103 105 120 1 103 81 90 1 111 129 137 1 91 124 119 1 78 87 163 1 93 93 202 1 102 113 136 1 75 99 166 1 78 140 124 1 34 79 113 1 29 88 148 1 74 102 140 1 38 85 139 1 67 76 148 1 58 29 152 1 4 55 172 1 2 41 105 1 0 0 0 0 0 53 88 1 15 29 126 1 22 83 128 1 40 54 135 1 39 84 122 1 85 67 139 1 50 54 55 1 54 36 103 1 29 62 146 1 0 22 125 1 14 73 125 1 0 0 0 0 17 73 155 1 46 23 111 1 89 61 97 1 60 92 109 1 129 112 129 1 109 119 78 1 108 129 76 1 112 146 80 1 106 99 72 1 76 71 119 1 0 0 0 0 47 102 93 1 86 100 102 1 92 90 121 1 124 119 112 1 126 174 117 1 130 120 128 1
88 104 98 1 96 116 129 1 121 136 128 1 105 96 97 1 121 74 118 1 75 64 66 1 90 98 55 1 106 129 79 1 82 121 93 1 125 98 104 1 119 111 86 1 130 105 137 1 127 134 92 1 128 147 103 1 110 127 109 1 131 124 123 1 91 103 142 1 122 111 129 1 92 118 123 1 141 68 169 1 119 115 108 1 97 143 84 1 97 109 108 1 115 127 129 1 89 98 160 1 58 63 77 1 79 65 89 1 22 54 113 1 50 54 63 1 20 48 147 1 0 0 0 0 30 66 137 1 0 0 0 0 0 64 99 1 58 65 106 1 56 82 124 1 33 89 118 1 22 79 109 1 0 91 138 1 9 77 104 1 59 73 134 1 28 58 111 1 39 61 87 1 30 83 75 1 0 0 0 0 11 50 141 1 0 0 0 0 0 0 0 0 57 81 159 1 0 0 0 0 82 95 79 1 0 0 0 0 75 145 105 1 75 86 134 1 116 117 96 1 61 81 96 1 59 77 109 1 101 136 134 1 0 0 0 0 117 124 210 1 110 140 122 1
106 103 114 1 144 133 124 1 114 130 175 1 123 85 130 1 93 107 162 1 0 0 0 0 84 82 76 1 94 37 124 1 116 73 122 1 123 124 148 1 134 125 105 1 100 89 105 1 121 131 92 1 132 110 124 1 116 123 130 1 0 0 0 0 119 130 113 1 136 124 129 1 75 154 125 1 142 138 106 1 104 121 151 1 111 85 138 1 67 130 98 1 78 132 156 1 88 117 139 1 47 63 102 1 46 69 88 1 79 66 133 1 49 63 144 1 30 60 123 1 0 65 104 1 0 41 130 1 54 58 138 1 0 0 0 0 43 57 129 1 36 38 142 1 1 32 120 1 37 55 187 1 75 82 139 1 13 36 93 1 25 87 74 1 14 112 82 1 27 82 68 1 53 82 97 1 10 75 95 1 0 46 108 1 39 67 136 1 31 80 113 1 28 72 99 1 20 134 90 1 58 126 108 1 91 86 102 1 104 115 103 1 103 119 119 1 76 114 113 1 106 116 123 1 85 116 119 1 101 137 159 1 95 108 146 1 88 109 133 1 142 144 195 1
124 125 149 1 86 84 144 1 88 134 98 1 105 138 131 1 109 95 167 1 59 55 85 1 116 92 104 1 92 109 116 1 96 132 127 1 131 117 137 1 112 112 120 1 146 158 126 1 131 95 96 1 153 134 119 1 0 0 0 0 116 80 84 1 125 133 98 1 0 0 0 0 123 106 137 1 161 114 154 1 119 106 156 1 0 0 0 0 100 119 142 1 105 102 144 1 147 85 128 1 17 106 134 1 48 82 95 1 40 84 116 1 80 53 96 1 0 0 0 0 31 56 121 1 4 71 111 1 27 83 103 1 12 83 89 1 38 114 105 1 41 51 114 1 0 0 0 0 24 74 159 1 19 60 101 1 83 24 112 1 2 85 119 1 17 91 111 1 54 75 118 1 21 54 114 1 59 80 72 1 0 107 141 1 24 44 125 1 68 53 126 1 37 83 65 1 74 87 112 1 25 97 127 1 53 95 137 1 65 64 119 1 59 124 127 1 0 0 0 0 68 76 111 1 77 122 114 1 84 97 124 1 125 120 116 1 114 106 154 1 114 108 114 1
133 112 147 1 79 84 109 1 97 118 133 1 126 136 95 1 126 106 119 1 146 119 85 1 133 93 123 1 159 150 126 1 203 149 173 1 165 129 113 1 83 102 107 1 126 143 103 1 131 114 141 1 140 145 76 1 135 98 103 1 126 102 115 1 128 137 137 1 113 116 124 1 150 144 109 1 99 94 136 1 81 155 99 1 109 102 125 1 58 102 147 1 44 91 126 1 91 95 132 1 24 69 110 1 49 62 90 1 76 48 91 1 26 57 173 1 13 77 133 1 0 49 174 1 72 73 139 1 0 0 0 0 20 77 57 1 0 99 119 1 50 110 121 1 10 56 80 1 32 16 109 1 6 59 111 1 52 82 128 1 21 57 142 1 7 40 112 1 54 96 97 1 56 42 122 1 45 60 66 1 3 56 141 1 0 0 0 0 11 80 94 1 22 46 117 1 22 79 93 1 44 105 80 1 69 69 117 1 54 81 92 1 104 87 134 1 103 72 105 1 108 107 118 1 81 94 100 1 76 68 80 1 102 117 108 1 114 77 86 1 103 94 112 1
126 110 110 1 106 98 78 1 111 96 122 1 89 70 150 1 140 141 139 1 143 111 96 1 181 136 112 1 197 111 153 1 175 186 152 1 166 115 107 1 138 93 162 1 144 140 146 1 148 110 145 1 141 143 102 1 149 147 67 1 0 0 0 0 108 112 107 1 107 121 103 1 133 124 180 1 138 90 127 1 131 118 113 1 61 87 110 1 96 91 167 1 0 0 0 0 41 62 123 1 2 79 148 1 0 76 104 1 54 41 149 1 46 66 115 1 33 57 109 1 1 82 110 1 16 91 90 1 39 80 139 1 0 0 0 0 15 57 84 1 40 93 85 1 18 47 103 1 23 37 103 1 0 0 0 0 14 34 121 1 0 88 138 1 3 78 130 1 2 86 97 1 64 107 92 1 29 103 143 1 31 69 81 1 5 57 120 1 59 74 106 1 0 0 0 0 0 82 80 1 34 67 94 1 39 93 74 1 77 88 109 1 78 96 130 1 0 0 0 0 84 97 108 1 97 44 87 1 0 0 0 0 145 115 125 1 93 138 107 1 64 134 83 1
88 109 128 1 77 83 89 1 122 129 74 1 130 116 134 1 121 124 116 1 166 119 120 1 0 0 0 0 151 94 100 1 144 131 136 1 155 120 118 1 141 95 145 1 166 103 119 1 150 129 137 1 96 91 123 1 131 90 126 1 93 110 126 1 137 126 75 1 92 111 122 1 99 123 120 1 135 88 87 1 0 0 0 0 86 122 155 1 0 0 0 0 76 71 131 1 37 103 109 1 61 83 87 1 35 68 109 1 45 62 132 1 87 91 143 1 42 56 133 1 36 42 134 1 36 74 129 1 25 74 98 1 30 91 108 1 22 42 92 1 23 60 92 1 0 90 94 1 0 41 133 1 53 85 111 1 0 0 0 0 13 48 73 1 0 0 0 0 35 49 107 1 34 34 136 1 0 0 0 0 25 70 148 1 15 57 129 1 25 62 92 1 0 65 107 1 34 56 111 1 0 0 0 0 111 128 112 1 0 0 0 0 118 95 121 1 64 115 80 1 77 88 107 1 108 89 91 1 0 0 0 0 38 96 97 1 91 69 137 1 75 122 136 1
76 37 89 1 119 98 100 1 141 124 115 1 172 136 171 1 182 122 120 1 0 0 0 0 91 93 91 1 104 61 81 1 128 132 156 1 181 95 140 1 141 131 147 1 120 144 108 1 123 107 153 1 117 158 113 1 127 156 117 1 88 152 126 1 132 127 104 1 108 83 106 1 118 95 115 1 96 101 147 1 101 115 105 1 91 114 119 1 107 97 126 1 100 78 109 1 46 52 107 1 54 68 131 1 13 92 98 1 66 51 108 1 25 70 127 1 47 55 111 1 32 72 123 1 12 72 178 1 19 79 108 1 3 56 52 1 0 0 0 0 56 74 72 1 0 60 114 1 36 48 122 1 0 91 86 1 16 73 110 1 0 0 0 0 14 75 99 1 71 79 131 1 28 85 128 1 45 62 137 1 16 102 131 1 63 48 122 1 0 0 0 0 38 52 102 1 22 49 107 1 0 0 0 0 60 66 161 1 35 128 125 1 102 107 162 1 82 113 135 1 83 114 136 1 104 114 130 1 91 121 111 1 75 100 102 1 106 84 107 1 99 149 120 1
80 106 71 1 152 87 84 1 163 116 121 1 173 147 117 1 167 158 114 1 0 0 0 0 102 121 87 1 80 102 122 1 0 0 0 0 150 125 153 1 128 114 151 1 133 142 119 1 161 128 107 1 121 147 126 1 126 149 126 1 126 99 117 1 118 135 132 1 89 118 122 1 127 94 120 1 133 126 127 1 119 160 112 1 75 137 134 1 121 119 137 1 91 73 88 1 61 76 86 1 90 97 124 1 46 63 107 1 58 42 75 1 55 40 117 1 35 68 94 1 65 107 137 1 66 72 78 1 37 61 108 1 75 55 90 1 40 20 108 1 34 27 106 1 17 75 101 1 48 67 101 1 50 73 122 1 38 46 95 1 63 70 95 1 47 105 117 1 40 94 97 1 47 24 120 1 27 58 128 1 32 59 142 1 13 73 82 1 22 72 131 1 33 110 109 1 11 87 77 1 45 68 104 1 70 82 121 1 0 0 0 0 72 86 135 1 114 103 125 1 99 139 136 1 123 50 80 1 85 52 107 1 0 0 0 0 78 120 89 1 70 108 73 1
85 86 88 1 119 118 148 1 161 151 141 1 189 113 78 1 172 101 89 1 108 132 101 1 71 62 104 1 97 68 77 1 68 122 105 1 90 99 116 1 120 115 121 1 112 110 138 1 139 144 164 1 122 96 136 1 138 127 136 1 172 144 102 1 170 132 123 1 156 125 151 1 172 87 126 1 132 114 142 1 152 131 101 1 92 93 147 1 163 103 80 1 127 100 88 1 0 0 0 0 109 54 89 1 7 83 101 1 86 48 88 1 67 124 122 1 41 45 92 1 49 58 142 1 28 79 76 1 20 68 91 1 37 36 122 1 49 70 110 1 61 46 106 1 62 42 98 1 50 67 133 1 31 75 117 1 56 71 125 1 32 72 139 1 21 62 137 1 11 90 111 1 11 56 82 1 13 68 99 1 0 73 98 1 32 77 148 1 42 101 126 1 58 68 121 1 15 89 119 1 38 80 117 1 38 76 100 1 60 88 146 1 91 134 135 1 42 133 146 1 84 117 118 1 57 83 157 1 75 72 150 1 75 81 127 1 112 79 125 1 98 124 138 1
32 107 85 1 153 158 114 1 192 161 174 1 183 137 91 1 136 135 78 1 134 121 65 1 107 62 101 1 77 132 91 1 71 71 121 1 125 120 139 1 126 163 104 1 122 143 81 1 134 132 128 1 149 106 103 1 144 132 125 1 122 109 117 1 96 133 99 1 106 180 89 1 142 134 150 1 151 93 132 1 129 148 107 1 97 117 111 1 99 134 102 1 0 0 0 0 134 92 98 1 111 76 85 1 66 94 97 1 0 0 0 0 93 110 119 1 0 0 0 0 78 43 83 1 47 69 60 1 67 82 89 1 79 46 107 1 50 62 121 1 0 0 0 0 82 50 100 1 34 77 102 1 25 55 113 1 27 83 132 1 0 0 0 0 68 89 84 1 57 47 132 1 0 0 0 0 74 64 143 1 35 69 102 1 26 60 114 1 0 0 0 0 41 72 182 1 13 66 136 1 4 52 79 1 0 0 0 0 32 94 98 1 51 92 123 1 93 62 126 1 71 116 167 1 93 110 108 1 0 0 0 0 0 0 0 0 96 94 128 1 51 92 88 1
0 0 0 0 134 152 136 1 153 188 158 1 152 147 145 1 0 0 0 0 92 111 142 1 71 81 69 1 76 84 84 1 34 86 80 1 118 123 136 1 120 150 144 1 116 127 131 1 141 121 107 1 181 150 106 1 126 125 94 1 191 123 126 1 0 0 0 0 148 134 95 1 138 152 119 1 0 0 0 0 199 119 147 1 0 0 0 0 154 150 103 1 129 95 58 1 133 126 121 1 129 122 97 1 101 101 64 1 123 52 88 1 142 128 141 1 78 115 131 1 97 95 129 1 62 43 78 1 83 76 99 1 82 96 108 1 84 82 113 1 81 41 131 1 94 99 125 1 50 92 142 1 0 0 0 0 0 110 84 1 26 72 97 1 12 125 95 1 41 102 127 1 24 71 109 1 47 81 105 1 51 52 145 1 55 68 108 1 32 112 94 1 85 74 118 1 24 133 95 1 42 69 125 1 32 84 94 1 59 33 114 1 36 45 87 1 12 92 105 1 53 135 127 1 134 84 101 1 68 53 117 1 34 65 125 1 52 53 103 1 60 70 97 1
110 81 144 1 172 176 140 1 162 144 129 1 113 96 88 1 196 121 95 1 133 138 133 1 76 126 135 1 88 44 89 1 53 92 66 1 0 0 0 0 146 146 134 1 0 0 0 0 123 130 100 1 158 107 141 1 121 98 133 1 192 163 141 1 157 101 127 1 124 89 113 1 158 157 128 1 171 135 120 1 176 122 126 1 181 93 91 1 188 144 131 1 167 109 125 1 153 97 126 1 150 167 104 1 151 131 97 1 130 144 187 1 144 114 110 1 138 94 123 1 159 72 96 1 115 116 105 1 126 112 102 1 159 103 121 1 151 132 137 1 122 95 153 1 134 147 164 1 0 0 0 0 73 136 115 1 93 111 94 1 37 66 109 1 71 115 157 1 29 67 103 1 19 60 119 1 38 83 74 1 0 0 0 0 0 0 0 0 31 79 123 1 102 108 112 1 75 68 101 1 65 102 78 1 53 54 75 1 41 89 73 1 75 79 91 1 40 90 93 1 0 0 0 0 63 61 123 1 60 78 88 1 0 0 0 0 66 36 78 1 52 91 60 1
117 154 124 1 147 171 149 1 194 175 106 1 104 77 66 1 0 0 0 0 92 137 139 1 110 92 120 1 118 106 76 1 93 104 82 1 125 103 112 1 113 122 134 1 170 165 155 1 156 133 167 1 180 136 108 1 121 112 103 1 149 143 104 1 162 151 107 1 140 136 95 1 0 0 0 0 157 168 127 1 155 134 106 1 183 155 75 1 156 156 78 1 140 132 147 1 183 170 98 1 153 128 94 1 148 142 105 1 168 158 89 1 123 133 123 1 184 149 118 1 177 129 150 1 114 107 107 1 171 136 122 1 159 107 115 1 147 180 95 1 180 120 141 1 131 123 138 1 168 123 158 1 154 111 72 1 116 96 131 1 95 119 118 1 102 98 122 1 98 138 110 1 101 102 79 1 76 69 139 1 78 92 144 1 77 110 86 1 92 53 113 1 111 67 154 1 0 0 0 0 112 64 130 1 94 91 79 1 42 78 47 1 97 84 98 1 75 60 131 1 0 0 0 0 90 67 107 1 51 68 75 1 16 115 69 1 0 0 0 0 76 64 113 1
130 186 125 1 155 179 125 1 137 163 126 1 166 156 61 1 127 107 96 1 113 122 135 1 116 135 129 1 109 110 147 1 122 127 75 1 103 61 76 1 150 49 103 1 146 115 124 1 152 177 144 1 139 123 76 1 0 0 0 0 114 118 90 1 159 137 95 1 137 126 81 1 0 0 0 0 0 0 0 0 150 165 133 1 179 135 93 1 0 0 0 0 143 159 88 1 169 110 114 1 165 119 81 1 140 139 135 1 168 113 104 1 188 166 104 1 0 0 0 0 189 106 132 1 188 141 127 1 156 139 102 1 154 123 88 1 154 166 121 1 161 128 110 1 108 100 110 1 140 139 112 1 149 144 140 1 0 0 0 0 140 78 104 1 139 93 116 1 112 135 164 1 157 134 111 1 90 153 112 1 89 149 123 1 107 128 93 1 158 156 143 1 0 0 0 0 151 138 92 1 0 0 0 0 123 103 120 1 137 111 111 1 97 79 68 1 96 121 102 1 63 103 88 1 0 0 0 0 30 94 126 1 58 82 72 1 53 64 56 1 79 56 113 1
166 122 81 1 151 123 153 1 144 151 115 1 130 149 67 1 171 129 80 1 143 98 125 1 94 122 103 1 190 107 99 1 128 104 86 1 118 79 92 1 90 96 87 1 129 84 66 1 108 93 77 1 159 130 127 1 126 140 96 1 157 165 103 1 114 111 102 1 150 117 125 1 188 163 93 1 181 129 97 1 156 177 103 1 128 140 100 1 144 170 160 1 187 137 81 1 200 143 102 1 154 151 102 1 190 125 79 1 168 131 92 1 190 118 113 1 152 148 105 1 0 0 0 0 152 119 100 1 199 127 65 1 157 136 111 1 175 175 94 1 168 139 112 1 128 147 76 1 177 109 111 1 141 104 128 1 119 122 145 1 125 110 72 1 83 108 92 1 115 143 98 1 121 135 157 1 111 119 102 1 159 137 135 1 115 118 120 1 161 114 134 1 145 132 91 1 155 115 88 1 180 112 132 1 161 129 115 1 150 132 131 1 111 95 114 1 83 110 77 1 98 72 123 1 90 76 82 1 138 90 126 1 117 76 145 1 99 77 154 1 60 47 109 1
156 154 138 1 121 143 135 1 175 95 132 1 167 106 111 1 0 0 0 0 161 84 145 1 148 134 196 1 134 106 121 1 136 83 129 1 150 136 88 1 130 147 115 1 70 125 117 1 114 87 72 1 133 133 80 1 99 151 101 1 0 0 0 0 102 144 114 1 188 118 131 1 127 101 106 1 169 97 130 1 130 138 121 1 150 158 124 1 154 118 150 1 188 148 124 1 155 148 109 1 180 178 156 1 203 225 156 1 0 0 0 0 167 140 155 1 141 140 111 1 189 166 81 1 165 157 115 1 166 182 85 1 0 0 0 0 195 161 118 1 203 175 129 1 176 145 108 1 159 144 106 1 195 141 80 1 156 135 128 1 150 112 99 1 119 112 82 1 91 56 105 1 57 98 108 1 118 106 67 1 135 124 94 1 166 155 65 1 112 143 87 1 175 137 117 1 195 134 127 1 156 117 104 1 160 148 143 1 133 108 141 1 0 0 0 0 0 0 0 0 127 113 78 1 122 54 103 1 125 141 148 1 115 78 132 1 87 106 152 1 75 91 109 1
152 128 111 1 166 114 117 1 143 106 117 1 155 146 124 1 197 157 103 1 145 148 62 1 138 97 57 1 114 120 106 1 165 125 63 1 143 158 84 1 141 109 114 1 165 124 108 1 70 68 113 1 67 106 96 1 113 94 127 1 128 106 94 1 173 112 112 1 164 143 130 1 138 92 113 1 153 149 169 1 174 150 156 1 171 150 154 1 201 176 138 1 209 182 126 1 218 136 118 1 179 185 121 1 204 168 141 1 167 175 139 1 222 143 131 1 0 0 0 0 204 126 145 1 0 0 0 0 196 138 125 1 177 131 123 1 212 131 50 1 177 169 115 1 198 188 134 1 174 169 88 1 159 144 87 1 160 129 109 1 150 139 92 1 0 0 0 0 93 132 101 1 99 62 69 1 77 67 69 1 137 143 100 1 112 125 112 1 157 127 163 1 150 139 121 1 169 122 163 1 177 141 186 1 143 128 106 1 154 137 142 1 132 136 132 1 156 116 123 1 174 137 135 1 133 166 132 1 0 0 0 0 109 144 85 1 97 126 112 1 121 100 88 1
163 150 145 1 187 126 143 1 138 119 102 1 0 0 0 0 182 137 106 1 203 125 96 1 176 145 91 1 160 127 85 1 152 170 119 1 148 103 117 1 142 125 121 1 181 144 125 1 0 0 0 0 109 135 116 1 83 115 63 1 112 95 89 1 170 181 121 1 137 118 134 1 110 127 122 1 151 138 132 1 197 159 137 1 163 126 100 1 170 99 131 1 176 147 125 1 207 148 109 1 188 148 122 1 216 164 124 1 220 142 108 1 153 137 100 1 185 155 91 1 202 160 119 1 189 145 104 1 207 154 117 1 198 127 143 1 198 141 118 1 185 147 132 1 169 164 138 1 190 174 129 1 179 153 135 1 149 143 77 1 153 140 104 1 141 171 124 1 164 135 136 1 99 138 118 1 0 0 0 0 130 146 107 1 119 128 124 1 134 115 124 1 109 130 116 1 128 119 96 1 119 145 100 1 127 146 93 1 146 110 129 1 153 141 128 1 175 163 126 1 196 119 151 1 144 155 148 1 167 153 89 1 130 99 162 1 166 87 146 1 136 100 94 1
193 106 82 1 0 0 0 0 185 142 152 1 200 172 162 1 165 156 93 1 131 143 91 1 127 129 109 1 181 128 90 1 166 138 150 1 154 105 150 1 120 160 183 1 181 142 139 1 122 105 126 1 126 113 111 1 108 101 83 1 111 118 110 1 148 169 117 1 178 164 145 1 176 146 110 1 140 135 96 1 0 0 0 0 119 124 59 1 160 153 87 1 201 140 168 1 157 173 137 1 182 173 86 1 183 149 132 1 207 129 133 1 162 142 138 1 163 170 70 1 187 132 117 1 173 156 93 1 202 111 96 1 203 151 142 1 0 0 0 0 0 0 0 0 178 135 87 1 183 186 114 1 0 0 0 0 169 121 152 1 176 178 151 1 147 146 126 1 0 0 0 0 130 82 89 1 153 103 88 1 107 141 86 1 114 140 80 1 145 154 136 1 152 128 111 1 168 133 80 1 125 120 100 1 153 108 139 1 138 134 111 1 131 155 150 1 84 86 142 1 155 135 112 1 0 0 0 0 168 120 92 1 117 131 142 1 105 135 126 1 168 159 124 1
163 134 123 1 148 148 83 1 0 0 0 0 162 139 132 1 177 137 117 1 170 138 88 1 178 162 104 1 174 149 96 1 172 154 135 1 137 155 115 1 152 142 115 1 159 114 135 1 108 122 130 1 0 0 0 0 137 83 98 1 113 104 71 1 161 160 103 1 166 157 101 1 151 126 140 1 169 145 92 1 174 151 79 1 136 102 126 1 157 161 90 1 187 151 126 1 171 112 127 1 0 0 0 0 191 171 121 1 194 155 103 1 155 151 132 1 178 166 118 1 161 111 98 1 0 0 0 0 151 150 109 1 179 133 103 1 157 129 125 1 173 152 118 1 0 0 0 0 162 133 81 1 171 144 82 1 175 130 112 1 172 164 134 1 0 0 0 0 170 117 100 1 138 113 101 1 102 96 104 1 132 103 60 1 161 103 93 1 141 179 85 1 154 158 97 1 158 135 82 1 146 118 82 1 183 119 69 1 127 180 118 1 170 101 106 1 138 158 131 1 126 101 122 1 129 115 109 1 109 123 127 1 139 121 132 1 136 173 109 1 104 126 92 1
137 110 68 1 141 111 128 1 177 171 110 1 124 160 108 1 0 0 0 0 158 128 122 1 149 142 104 1 175 139 142 1 153 151 144 1 120 102 148 1 0 0 0 0 0 0 0 0 147 102 126 1 113 89 118 1 93 83 90 1 105 122 123 1 133 177 125 1 144 119 108 1 135 125 134 1 144 102 112 1 114 111 106 1 182 92 129 1 124 119 126 1 169 158 138 1 150 135 130 1 155 153 94 1 200 140 126 1 188 146 86 1 170 177 52 1 164 79 101 1 180 133 82 1 134 123 142 1 173 183 139 1 0 0 0 0 144 184 122 1 148 183 126 1 127 125 137 1 171 128 53 1 154 128 127 1 159 143 115 1 172 151 168 1 159 140 126 1 168 136 125 1 126 133 99 1 0 0 0 0 120 135 65 1 141 112 102 1 110 140 95 1 157 138 151 1 164 154 122 1 0 0 0 0 149 98 58 1 122 98 82 1 119 139 96 1 124 161 108 1 140 116 122 1 143 145 109 1 146 126 111 1 129 141 87 1 140 134 120 1 152 133 111 1
155 113 96 1 140 131 108 1 177 142 120 1 176 144 116 1 145 116 127 1 165 151 109 1 0 0 0 0 216 146 119 1 184 130 133 1 167 138 142 1 167 188 120 1 139 118 163 1 115 97 125 1 91 84 83 1 89 94 108 1 124 99 129 1 118 151 83 1 137 120 136 1 183 144 114 1 140 125 105 1 112 96 83 1 171 107 134 1 189 141 114 1 179 126 131 1 124 138 96 1 175 143 112 1 153 110 103 1 156 109 78 1 175 99 89 1 158 124 109 1 141 143 137 1 0 0 0 0 164 106 120 1 189 129 130 1 172 150 85 1 163 162 133 1 162 149 114 1 124 166 90 1 160 145 114 1 177 128 109 1 146 174 134 1 150 185 141 1 178 141 140 1 0 0 0 0 139 140 87 1 111 125 98 1 148 75 110 1 121 108 102 1 172 137 122 1 160 146 116 1 178 133 147 1 193 123 108 1 136 89 88 1 156 158 87 1 135 109 114 1 96 164 84 1 102 130 118 1 121 113 133 1 0 0 0 0 155 119 74 1 189 133 138 1
135 124 82 1 0 0 0 0 204 166 125 1 0 0 0 0 182 163 161 1 183 154 89 1 163 149 103 1 173 140 73 1 148 114 118 1 158 122 103 1 0 0 0 0 169 159 161 1 181 105 108 1 151 98 136 1 79 121 78 1 83 81 59 1 118 86 128 1 168 168 132 1 125 134 158 1 152 124 98 1 98 119 100 1 148 134 107 1 137 101 73 1 120 125 125 1 167 156 87 1 153 152 128 1 171 128 114 1 155 173 90 1 124 120 109 1 142 99 126 1 156 154 168 1 153 148 144 1 136 106 135 1 139 127 133 1 139 162 113 1 155 148 110 1 151 143 129 1 136 143 94 1 0 0 0 0 132 155 111 1 0 0 0 0 171 115 84 1 136 119 124 1 151 167 101 1 134 113 128 1 180 124 103 1 120 133 150 1 167 143 54 1 146 127 100 1 158 167 109 1 196 138 112 1 159 121 99 1 154 121 78 1 130 128 77 1 0 0 0 0 111 117 82 1 127 135 130 1 164 104 118 1 105 105 109 1 144 124 105 1 147 160 104 1
131 109 99 1 115 127 107 1 0 0 0 0 143 109 117 1 209 120 138 1 160 142 136 1 132 126 54 1 175 122 99 1 175 117 142 1 150 154 119 1 170 115 130 1 151 98 159 1 129 122 92 1 121 123 127 1 61 106 99 1 108 104 129 1 0 0 0 0 102 149 141 1 0 0 0 0 143 128 115 1 0 0 0 0 101 118 138 1 141 101 114 1 153 95 67 1 143 94 106 1 167 168 91 1 193 112 102 1 0 0 0 0 125 97 64 1 156 157 97 1 145 145 142 1 165 125 116 1 151 111 83 1 0 0 0 0 121 108 92 1 0 0 0 0 0 0 0 0 0 0 0 0 177 188 101 1 175 140 98 1 0 0 0 0 154 98 89 1 164 127 93 1 170 124 140 1 124 134 100 1 150 126 124 1 125 135 126 1 182 113 175 1 148 131 94 1 0 0 0 0 152 123 123 1 186 123 118 1 144 101 144 1 157 123 130 1 140 165 129 1 170 137 134 1 125 172 98 1 153 133 107 1 162 141 109 1 122 115 80 1 153 85 87 1
184 154 61 1 0 0 0 0 167 119 129 1 180 107 87 1 174 139 110 1 153 114 108 1 154 113 100 1 180 122 132 1 164 113 95 1 160 143 148 1 129 110 133 1 117 114 131 1 140 105 166 1 0 0 0 0 86 114 136 1 101 104 130 1 144 111 151 1 185 122 118 1 148 135 131 1 164 179 99 1 194 122 73 1 162 121 134 1 138 160 88 1 177 140 118 1 139 99 125 1 94 119 80 1 148 135 105 1 116 114 85 1 163 114 85 1 100 58 110 1 158 139 77 1 159 136 124 1 122 118 131 1 159 126 105 1 140 116 78 1 158 131 107 1 136 150 132 1 142 170 114 1 195 112 107 1 144 125 136 1 0 0 0 0 132 110 98 1 158 135 126 1 160 137 118 1 120 124 134 1 147 135 112 1 116 104 116 1 143 167 115 1 190 135 118 1 137 123 123 1 0 0 0 0 121 149 107 1 149 126 137 1 121 123 182 1 130 116 126 1 171 141 146 1 95 118 131 1 152 133 122 1 159 153 157 1 155 93 77 1 137 117 108 1
129 138 100 1 163 164 75 1 118 144 121 1 180 129 104 1 166 141 100 1 167 138 95 1 0 0 0 0 0 0 0 0 0 0 0 0 193 152 116 1 136 138 116 1 154 104 122 1 139 153 158 1 173 142 119 1 125 91 83 1 111 119 88 1 126 133 104 1 151 115 116 1 116 116 96 1 154 140 63 1 0 0 0 0 143 74 111 1 161 106 106 1 150 107 110 1 132 133 90 1 120 136 124 1 145 161 130 1 152 139 122 1 106 110 152 1 107 107 107 1 137 86 113 1 103 119 148 1 111 129 123 1 0 0 0 0 165 150 109 1 128 156 104 1 136 123 132 1 147 123 111 1 149 161 120 1 145 120 117 1 143 88 131 1 188 115 123 1 144 113 102 1 117 89 123 1 152 157 135 1 151 127 100 1 98 135 136 1 115 139 98 1 155 139 117 1 152 110 144 1 115 104 137 1 186 103 111 1 119 162 134 1 0 0 0 0 177 133 121 1 111 141 106 1 127 162 125 1 0 0 0 0 115 126 86 1 140 121 79 1 149 108 129 1
151 148 132 1 151 171 98 1 175 167 127 1 147 136 88 1 158 137 112 1 174 145 107 1 158 160 75 1 159 113 144 1 0 0 0 0 148 126 105 1 137 147 130 1 150 130 101 1 162 135 126 1 130 156 105 1 122 65 120 1 122 119 134 1 136 117 126 1 159 135 96 1 164 128 106 1 128 84 85 1 120 147 83 1 147 126 128 1 115 162 142 1 164 137 128 1 153 136 105 1 196 107 97 1 129 122 105 1 117 109 82 1 0 0 0 0 115 118 129 1 133 116 78 1 96 121 129 1 127 131 112 1 114 123 102 1 162 159 114 1 124 114 107 1 127 147 109 1 87 131 138 1 113 119 126 1 146 124 75 1 130 86 88 1 126 101 86 1 0 0 0 0 63 120 93 1 109 76 106 1 127 130 69 1 106 108 133 1 96 76 90 1 164 144 127 1 157 128 96 1 158 123 81 1 129 82 88 1 125 84 95 1 178 131 104 1 171 133 142 1 147 115 149 1 138 147 126 1 130 106 131 1 146 106 131 1 119 102 95 1 109 100 106 1
186 138 91 1 156 115 119 1 144 138 101 1 138 123 114 1 0 0 0 0 158 141 115 1 126 164 144 1 140 142 149 1 139 137 105 1 175 152 94 1 134 86 131 1 173 92 127 1 130 135 103 1 131 112 111 1 127 139 141 1 133 140 135 1 134 133 146 1 147 120 81 1 140 131 112 1 145 136 95 1 151 139 97 1 185 120 90 1 129 141 130 1 134 123 101 1 122 120 118 1 186 129 116 1 126 129 115 1 139 144 77 1 135 123 113 1 156 149 129 1 0 0 0 0 114 112 144 1 97 125 91 1 149 101 145 1 142 130 132 1 108 107 144 1 96 125 125 1 0 0 0 0 96 121 68 1 97 90 136 1 103 132 73 1 112 124 152 1 106 99 88 1 97 136 96 1 0 0 0 0 0 0 0 0 0 0 0 0 123 83 120 1 133 87 101 1 131 103 91 1 141 117 98 1 150 104 99 1 110 144 151 1 0 0 0 0 135 110 125 1 159 127 137 1 127 115 123 1 122 97 137 1 120 126 107 1 116 127 101 1 105 97 112 1
134 119 152 1 144 122 107 1 0 0 0 0 145 137 95 1 143 172 139 1 0 0 0 0 157 129 154 1 151 103 126 1 139 113 123 1 136 148 97 1 181 137 81 1 179 126 131 1 118 119 112 1 138 137 68 1 165 115 125 1 0 0 0 0 130 135 133 1 141 85 137 1 0 0 0 0 0 0 0 0 150 162 121 1 130 161 85 1 134 115 124 1 122 129 113 1 135 110 82 1 169 98 123 1 116 133 112 1 0 0 0 0 152 143 112 1 114 119 138 1 0 0 0 0 106 135 80 1 106 130 107 1 82 101 61 1 139 132 99 1 114 145 115 1 80 137 137 1 81 113 84 1 134 110 126 1 86 135 136 1 121 126 134 1 146 117 93 1 111 105 113 1 104 102 103 1 0 0 0 0 130 102 129 1 136 88 105 1 151 109 103 1 138 84 84 1 145 70 50 1 107 109 60 1 137 106 82 1 103 124 125 1 137 103 99 1 150 142 106 1 160 114 99 1 104 105 110 1 112 131 128 1 102 100 110 1 140 92 80 1 65 99 119 1
148 158 113 1 153 146 128 1 151 143 114 1 0 0 0 0 152 157 110 1 180 137 110 1 123 145 96 1 131 102 113 1 139 115 83 1 130 98 123 1 126 101 72 1 167 151 103 1 165 124 125 1 105 153 116 1 160 107 111 1 127 127 87 1 168 106 107 1 160 110 122 1 153 174 101 1 136 119 113 1 150 138 127 1 0 0 0 0 136 158 126 1 156 131 108 1 106 142 138 1 100 108 106 1 146 134 100 1 135 121 105 1 178 95 125 1 137 122 103 1 131 97 103 1 146 121 107 1 126 112 112 1 124 81 110 1 114 116 130 1 119 98 122 1 0 0 0 0 128 119 110 1 91 116 91 1 117 139 127 1 126 120 128 1 134 141 134 1 122 139 135 1 106 106 103 1 77 80 102 1 105 147 98 1 154 128 129 1 0 0 0 0 120 97 107 1 122 97 146 1 119 146 113 1 116 143 104 1 104 122 79 1 138 118 93 1 121 99 71 1 139 108 125 1 106 99 147 1 116 110 97 1 116 104 95 1 107 110 124 1 101 139 118 1
145 119 69 1 158 101 107 1 175 172 88 1 164 98 84 1 116 123 39 1 120 144 102 1 106 105 136 1 98 114 67 1 139 114 139 1 127 114 93 1 152 137 122 1 0 0 0 0 0 0 0 0 154 129 113 1 145 103 117 1 143 140 101 1 166 156 107 1 167 113 111 1 143 96 89 1 182 127 107 1 140 108 121 1 182 110 85 1 144 110 79 1 0 0 0 0 126 107 84 1 142 115 103 1 171 103 86 1 123 133 105 1 0 0 0 0 121 150 110 1 133 120 108 1 141 146 73 1 124 131 56 1 109 155 121 1 139 130 134 1 116 121 131 1 84 100 99 1 138 99 86 1 131 113 141 1 113 109 134 1 108 128 104 1 133 119 132 1 144 105 134 1 120 95 93 1 126 152 123 1 119 96 105 1 115 117 128 1 0 0 0 0 166 78 107 1 89 112 92 1 142 125 86 1 120 137 105 1 81 93 85 1 106 108 96 1 122 84 120 1 99 132 67 1 135 107 127 1 76 113 109 1 121 80 100 1 118 93 125 1 113 119 91 1
0 0 0 0 119 150 113 1 131 147 145 1 144 124 141 1 129 130 97 1 130 112 137 1 139 109 100 1 0 0 0 0 110 122 138 1 169 135 103 1 177 133 103 1 164 102 147 1 136 120 128 1 109 116 119 1 137 70 131 1 159 128 97 1 151 131 187 1 183 136 137 1 164 121 107 1 163 113 81 1 136 104 92 1 134 121 101 1 127 110 129 1 133 105 113 1 147 101 76 1 129 96 91 1 94 104 112 1 122 128 90 1 0 0 0 0 101 105 104 1 83 124 114 1 129 138 121 1 156 135 115 1 131 138 92 1 93 109 96 1 0 0 0 0 98 104 125 1 119 85 149 1 139 102 142 1 134 111 117 1 121 117 110 1 115 112 108 1 140 100 132 1 0 0 0 0 149 78 123 1 158 103 112 1 102 105 88 1 116 126 162 1 0 0 0 0 131 103 88 1 109 138 76 1 141 150 100 1 167 146 100 1 117 103 111 1 144 110 92 1 115 105 133 1 135 113 111 1 101 122 102 1 138 125 128 1 107 97 134 1 153 149 104 1
114 111 133 1 110 122 89 1 108 150 118 1 165 156 102 1 130 130 86 1 171 132 108 1 114 140 140 1 0 0 0 0 138 112 112 1 152 83 113 1 144 144 107 1 131 128 148 1 132 122 108 1 0 0 0 0 130 109 123 1 0 0 0 0 146 109 124 1 175 128 115 1 150 151 152 1 149 103 112 1 161 134 61 1 103 100 136 1 94 81 134 1 148 90 117 1 101 78 140 1 176 107 130 1 147 89 155 1 153 129 143 1 77 143 149 1 145 126 107 1 0 0 0 0 114 93 115 1 0 0 0 0 108 132 146 1 96 122 76 1 97 102 146 1 163 158 115 1 126 134 132 1 131 77 109 1 166 119 156 1 144 128 140 1 161 176 130 1 158 131 122 1 149 139 69 1 137 120 92 1 115 100 91 1 110 110 126 1 57 103 126 1 115 133 113 1 38 130 118 1 95 132 109 1 0 0 0 0 148 138 91 1 136 88 87 1 126 119 78 1 178 130 97 1 124 78 113 1 135 91 101 1 100 97 99 1 139 139 128 1 101 115 150 1
130 131 99 1 162 133 99 1 0 0 0 0 106 142 145 1 127 123 112 1 146 108 103 1 132 86 101 1 98 123 127 1 0 0 0 0 113 123 124 1 115 128 95 1 121 114 96 1 163 135 120 1 182 143 127 1 176 129 143 1 183 157 118 1 156 113 105 1 184 174 93 1 172 121 107 1 0 0 0 0 162 147 91 1 117 59 71 1 133 118 118 1 134 95 117 1 0 0 0 0 123 115 143 1 122 138 120 1 150 125 87 1 104 132 93 1 140 108 75 1 151 125 114 1 114 147 104 1 0 0 0 0 136 140 120 1 121 116 106 1 69 128 47 1 147 118 115 1 169 130 78 1 0 0 0 0 123 136 87 1 0 0 0 0 145 158 89 1 0 0 0 0 128 133 123 1 148 158 131 1 114 140 99 1 96 116 137 1 134 89 114 1 107 72 113 1 154 119 124 1 125 123 137 1 178 162 117 1 113 131 60 1 144 114 122 1 155 126 107 1 107 136 125 1 0 0 0 0 108 135 137 1 135 93 124 1 109 96 135 1 110 125 158 1
0 0 0 0 143 126 74 1 130 117 97 1 112 128 113 1 126 133 90 1 109 144 142 1 117 148 79 1 110 133 103 1 0 0 0 0 130 112 87 1 114 99 108 1 126 134 101 1 141 146 90 1 121 120 110 1 194 135 129 1 135 150 160 1 161 103 122 1 155 150 118 1 148 113 102 1 195 120 67 1 183 144 114 1 153 88 99 1 162 96 151 1 122 83 82 1 146 101 91 1 159 126 131 1 123 104 128 1 116 81 81 1 118 128 118 1 0 0 0 0 143 122 105 1 123 87 129 1 92 73 109 1 120 135 95 1 96 83 98 1 140 121 131 1 0 0 0 0 122 128 69 1 159 147 129 1 137 133 109 1 159 108 108 1 0 0 0 0 117 139 125 1 103 149 74 1 0 0 0 0 91 96 88 1 83 90 110 1 120 75 147 1 112 103 68 1 119 77 111 1 95 166 95 1 149 126 79 1 121 135 102 1 0 0 0 0 98 86 101 1 104 81 99 1 119 103 122 1 109 148 112 1 105 118 105 1 146 120 99 1 0 0 0 0
141 122 121 1 100 131 95 1 153 114 97 1 144 95 136 1 148 156 120 1 0 0 0 0 106 117 133 1 131 133 119 1 0 0 0 0 107 73 90 1 101 83 78 1 119 101 76 1 151 110 92 1 116 96 99 1 114 170 78 1 0 0 0 0 118 119 143 1 122 122 115 1 0 0 0 0 198 110 103 1 141 157 135 1 173 105 69 1 144 96 93 1 190 158 133 1 143 145 110 1 136 89 108 1 155 167 114 1 106 147 112 1 177 137 122 1 120 129 118 1 128 124 141 1 114 145 72 1 142 112 93 1 159 113 73 1 83 145 111 1 0 0 0 0 128 132 115 1 140 122 97 1 157 140 127 1 162 148 104 1 234 152 106 1 153 132 119 1 133 112 107 1 0 0 0 0 131 123 76 1 0 0 0 0 125 119 92 1 67 88 75 1 123 96 55 1 85 83 125 1 143 88 98 1 137 123 79 1 127 113 125 1 108 118 76 1 118 114 85 1 0 0 0 0 118 113 100 1 145 163 119 1 139 113 142 1 0 0 0 0 129 140 78 1
0 0 0 0 115 75 116 1 0 0 0 0 108 112 92 1 108 74 139 1 0 0 0 0 122 143 103 1 106 127 91 1 141 130 89 1 87 93 112 1 116 108 86 1 88 82 80 1 145 108 140 1 131 105 146 1 132 127 96 1 126 118 85 1 147 147 116 1 160 129 131 1 131 133 100 1 146 141 100 1 169 113 121 1 113 167 84 1 138 124 128 1 183 125 100 1 174 120 98 1 109 126 141 1 159 139 114 1 143 124 116 1 171 114 113 1 133 118 103 1 118 93 117 1 134 134 133 1 151 124 138 1 145 139 94 1 152 112 116 1 150 139 120 1 106 136 125 1 120 125 93 1 0 0 0 0 182 150 149 1 0 0 0 0 0 0 0 0 168 147 110 1 133 109 98 1 130 133 77 1 132 108 97 1 121 99 74 1 105 83 90 1 146 77 109 1 113 96 101 1 135 129 126 1 119 121 119 1 85 113 95 1 0 0 0 0 95 148 86 1 83 120 124 1 0 0 0 0 129 119 120 1 103 113 102 1 101 122 101 1 114 131 103 1
0 0 0 0 154 110 102 1 134 96 75 1 151 61 85 1 0 0 0 0 119 123 117 1 117 161 102 1 162 136 108 1 155 119 139 1 106 67 107 1 105 109 117 1 151 108 130 1 139 97 96 1 133 119 86 1 136 96 119 1 145 120 100 1 112 120 129 1 145 112 93 1 118 131 109 1 117 123 63 1 125 81 139 1 144 151 135 1 142 87 133 1 0 0 0 0 132 81 94 1 131 106 121 1 0 0 0 0 129 134 136 1 150 119 90 1 119 128 99 1 128 140 107 1 180 128 131 1 165 142 122 1 152 135 119 1 128 149 128 1 142 120 115 1 115 128 114 1 147 156 146 1 144 119 102 1 147 154 91 1 169 126 138 1 145 141 127 1 0 0 0 0 146 89 136 1 85 116 99 1 85 157 86 1 95 68 69 1 102 106 105 1 144 123 59 1 108 115 105 1 112 111 132 1 80 65 124 1 86 95 121 1 57 104 114 1 50 117 116 1 125 65 113 1 39 94 111 1 71 82 121 1 47 130 69 1 125 126 106 1 121 132 134 1
124 94 135 1 149 161 141 1 127 113 103 1 121 87 93 1 107 95 106 1 135 103 101 1 143 100 118 1 133 92 142 1 150 104 89 1 110 115 102 1 108 131 121 1 127 104 104 1 141 105 126 1 123 153 118 1 165 128 123 1 116 133 114 1 0 0 0 0 0 0 0 0 148 108 105 1 154 113 125 1 148 78 123 1 136 85 68 1 133 127 97 1 146 116 107 1 100 75 76 1 0 0 0 0 127 122 131 1 134 151 110 1 159 107 129 1 138 154 107 1 156 119 149 1 102 110 158 1 143 104 127 1 118 131 107 1 123 122 138 1 0 0 0 0 147 136 93 1 0 0 0 0 149 150 97 1 145 80 96 1 92 99 76 1 0 0 0 0 0 0 0 0 92 143 97 1 108 52 121 1 83 129 83 1 96 110 73 1 119 116 107 1 151 116 130 1 147 144 106 1 100 97 99 1 0 0 0 0 58 61 134 1 35 71 145 1 0 0 0 0 51 74 140 1 67 129 139 1 89 70 73 1 0 0 0 0 51 93 104 1 93 104 115 1
97 112 116 1 136 138 128 1 0 0 0 0 0 0 0 0 123 134 80 1 112 111 124 1 0 0 0 0 114 85 139 1 128 111 117 1 105 136 132 1 149 91 107 1 159 149 116 1 0 0 0 0 119 116 128 1 155 125 134 1 151 134 107 1 145 152 121 1 168 153 120 1 0 0 0 0 160 101 123 1 174 130 124 1 131 113 77 1 164 121 82 1 86 134 85 1 96 118 90 1 140 83 120 1 118 135 100 1 114 118 85 1 0 0 0 0 86 96 105 1 101 103 82 1 77 119 90 1 119 94 125 1 0 0 0 0 91 118 125 1 97 125 135 1 158 136 164 1 140 121 112 1 120 79 92 1 68 48 49 1 100 81 85 1 90 90 110 1 117 57 82 1 73 95 130 1 90 86 88 1 109 119 110 1 147 141 124 1 106 131 124 1 142 137 78 1 95 107 118 1 79 126 149 1 97 106 120 1 67 27 81 1 48 39 92 1 3 78 105 1 43 60 131 1 48 59 115 1 52 41 115 1 14 89 124 1 54 117 112 1 52 76 118 1
153 81 96 1 86 130 100 1 116 137 129 1 0 0 0 0 75 105 104 1 109 77 114 1 0 0 0 0 146 128 128 1 126 100 98 1 144 138 107 1 131 92 105 1 126 105 111 1 121 103 107 1 143 115 132 1 0 0 0 0 123 128 110 1 145 125 151 1 135 138 133 1 151 120 124 1 131 107 163 1 0 0 0 0 159 112 112 1 90 115 101 1 0 0 0 0 151 66 108 1 77 71 114 1 121 77 104 1 76 65 128 1 0 0 0 0 42 148 98 1 102 110 109 1 50 66 111 1 97 81 135 1 0 0 0 0 77 87 132 1 0 0 0 0 45 118 101 1 104 72 62 1 0 0 0 0 77 90 101 1 35 76 105 1 88 65 124 1 84 77 127 1 97 86 109 1 0 0 0 0 0 0 0 0 0 0 0 0 141 152 161 1 120 106 128 1 54 120 122 1 61 77 72 1 61 51 90 1 75 76 118 1 26 46 84 1 15 114 167 1 52 114 140 1 39 76 112 1 0 0 0 0 29 79 91 1 47 104 137 1 0 0 0 0
101 102 88 1 126 95 143 1 140 98 97 1 118 114 114 1 130 125 100 1 106 78 108 1 125 90 48 1 131 98 96 1 174 135 79 1 0 0 0 0 176 101 99 1 119 123 157 1 97 93 97 1 87 121 111 1 0 0 0 0 132 108 114 1 90 118 124 1 149 125 124 1 120 94 91 1 78 123 69 1 162 70 113 1 104 98 123 1 128 65 116 1 78 112 82 1 79 69 125 1 111 60 127 1 0 0 0 0 61 80 95 1 65 58 92 1 47 49 129 1 66 61 101 1 31 76 84 1 48 92 103 1 49 64 109 1 70 64 103 1 73 91 140 1 70 63 101 1 49 82 91 1 67 71 77 1 56 57 124 1 57 56 95 1 58 93 132 1 84 56 115 1 64 70 122 1 0 0 0 0 107 145 131 1 110 103 96 1 110 132 109 1 87 145 107 1 114 110 133 1 101 66 102 1 0 0 0 0 97 75 108 1 18 69 131 1 1 92 121 1 43 67 98 1 45 82 119 1 40 77 107 1 0 0 0 0 59 78 125 1 24 65 110 1
129 107 97 1 128 87 88 1 133 136 109 1 159 96 115 1 144 125 160 1 97 100 129 1 129 85 136 1 122 135 112 1 148 101 87 1 120 138 90 1 118 133 114 1 114 79 89 1 150 87 94 1 134 102 143 1 82 122 137 1 81 117 65 1 141 133 109 1 89 96 93 1 88 125 75 1 96 104 78 1 36 70 65 1 80 81 128 1 66 108 114 1 57 88 105 1 0 0 0 0 68 95 123 1 64 79 95 1 76 35 132 1 0 0 0 0 31 101 81 1 45 39 91 1 52 93 113 1 46 65 108 1 48 87 115 1 0 0 0 0 81 93 100 1 22 42 85 1 56 86 56 1 14 81 141 1 0 93 134 1 36 84 105 1 80 51 120 1 0 0 0 0 37 108 148 1 65 94 102 1 67 99 100 1 56 124 97 1 69 109 106 1 31 96 52 1 39 106 64 1 23 88 102 1 35 89 87 1 78 79 80 1 47 102 126 1 0 0 0 0 46 62 115 1 38 55 104 1 38 94 135 1 0 0 0 0 0 0 0 0 50 61 90 1
133 119 97 1 116 131 144 1 126 117 137 1 127 123 116 1 87 120 106 1 83 96 116 1 118 158 100 1 101 88 105 1 107 104 144 1 0 0 0 0 103 120 126 1 112 118 138 1 0 0 0 0 118 124 113 1 83 109 94 1 95 119 85 1 69 86 94 1 81 93 118 1 67 93 109 1 58 58 83 1 68 88 90 1 43 79 118 1 38 54 134 1 64 72 103 1 54 64 121 1 36 75 119 1 0 0 0 0 74 107 105 1 37 84 113 1 0 0 0 0 64 72 115 1 0 0 0 0 79 101 101 1 0 0 0 0 6 58 115 1 33 106 124 1 73 69 111 1 14 53 112 1 27 70 106 1 49 122 91 1 39 71 105 1 0 110 82 1 60 78 105 1 11 89 138 1 40 94 109 1 44 94 105 1 53 86 107 1 31 54 71 1 0 0 0 0 28 81 103 1 34 70 65 1 26 76 114 1 0 70 113 1 22 86 137 1 25 73 129 1 34 90 138 1 3 72 104 1 26 105 106 1 8 79 121 1 0 67 123 1 33 82 144 1
124 155 130 1 115 153 141 1 129 103 95 1 109 94 103 1 79 137 120 1 0 0 0 0 104 130 106 1 0 0 0 0 131 110 157 1 118 109 175 1 0 0 0 0 101 121 152 1 90 65 138 1 84 92 147 1 101 83 98 1 81 106 113 1 75 51 120 1 61 76 135 1 0 0 0 0 53 69 60 1 1 25 60 1 24 87 127 1 53 60 131 1 44 57 144 1 50 77 119 1 3 55 121 1 6 73 86 1 14 28 124 1 63 51 115 1 17 72 97 1 71 67 111 1 46 53 79 1 0 0 0 0 0 62 95 1 0 0 0 0 0 99 115 1 32 49 100 1 0 61 134 1 0 56 130 1 31 91 115 1 38 66 105 1 8 96 93 1 44 111 102 1 18 40 120 1 0 0 0 0 80 98 133 1 74 64 113 1 62 67 105 1 36 74 104 1 10 64 122 1 0 38 133 1 0 106 142 1 66 82 87 1 0 0 0 0 36 58 126 1 10 70 122 1 0 66 126 1 0 0 0 0 26 37 103 1 0 0 0 0 54 119 125 1
131 117 110 1 101 143 113 1 105 109 99 1 95 132 97 1 104 111 91 1 80 82 103 1 86 96 71 1 0 0 0 0 91 118 139 1 91 104 71 1 79 93 103 1 60 56 92 1 51 72 87 1 46 73 114 1 59 68 132 1 62 104 116 1 40 72 93 1 42 83 122 1 47 65 112 1 0 92 132 1 30 66 102 1 0 0 0 0 59 115 65 1 44 71 68 1 51 73 84 1 18 50 94 1 20 114 90 1 52 43 108 1 8 90 140 1 31 40 58 1 5 102 115 1 0 75 136 1 17 62 100 1 38 40 126 1 74 76 101 1 16 73 105 1 6 78 159 1 34 67 152 1 0 58 188 1 17 80 108 1 0 70 71 1 19 75 89 1 28 52 95 1 0 0 0 0 30 50 125 1 26 77 121 1 44 63 116 1 7 78 119 1 28 77 120 1 9 86 97 1 14 96 133 1 9 89 93 1 2 86 115 1 40 82 137 1 47 78 67 1 21 61 121 1 0 0 0 0 24 68 117 1 34 34 157 1 27 79 109 1 21 85 98 1
79 102 157 1 107 120 97 1 77 114 96 1 116 124 82 1 0 0 0 0 86 112 131 1 103 82 105 1 64 96 109 1 95 87 121 1 93 74 95 1 36 93 125 1 61 52 75 1 30 54 66 1 48 66 93 1 68 72 96 1 37 69 109 1 27 73 111 1 0 0 0 0 16 69 109 1 24 99 131 1 11 88 147 1 0 74 94 1 44 99 106 1 4 48 164 1 55 53 122 1 22 69 62 1 66 54 117 1 51 70 122 1 0 79 131 1 81 102 98 1 46 143 126 1 50 47 114 1 50 65 159 1 29 72 109 1 57 58 104 1 24 73 106 1 29 105 111 1 42 72 122 1 50 69 154 1 21 62 105 1 0 0 0 0 49 92 110 1 46 72 80 1 62 75 80 1 18 48 93 1 50 95 89 1 47 73 108 1 0 0 0 0 28 77 97 1 56 52 140 1 38 74 110 1 49 77 87 1 46 65 102 1 27 90 104 1 24 82 76 1 44 70 113 1 35 60 99 1 49 60 110 1 66 16 94 1 53 105 80 1 42 76 127 1
92 92 116 1 74 104 103 1 0 0 0 0 127 143 74 1 92 45 67 1 44 92 96 1 91 92 109 1 65 41 87 1 72 80 38 1 64 77 100 1 78 84 120 1 55 99 105 1 79 105 80 1 98 52 142 1 25 51 88 1 3 60 128 1 0 0 0 0 20 60 119 1 35 86 127 1 43 85 121 1 52 59 105 1 13 105 72 1 74 52 96 1 0 75 63 1 39 65 128 1 34 26 81 1 53 68 115 1 62 71 98 1 15 57 77 1 27 66 105 1 10 58 133 1 35 24 105 1 26 72 139 1 32 83 114 1 49 70 108 1 17 73 65 1 34 92 86 1 54 66 102 1 34 65 138 1 48 79 137 1 74 58 85 1 28 50 88 1 61 108 62 1 27 79 76 1 52 49 96 1 30 101 109 1 32 54 124 1 30 48 158 1 52 68 105 1 33 58 137 1 0 69 106 1 13 77 68 1 8 76 108 1 55 51 109 1 50 69 105 1 58 44 89 1 42 66 55 1 39 71 84 1 30 85 98 1 60 83 138 1 43 51 111 1
0 0 0 0 78 99 158 1 72 123 106 1 53 115 85 1 43 70 167 1 50 65 153 1 24 65 103 1 47 73 117 1 26 76 111 1 48 67 118 1 67 81 102 1 53 57 97 1 79 27 91 1 26 91 109 1 27 72 128 1 17 57 147 1 13 66 142 1 67 78 100 1 66 48 124 1 51 58 124 1 44 49 75 1 24 53 84 1 13 88 100 1 20 80 93 1 70 52 127 1 22 79 81 1 29 109 131 1 4 109 119 1 12 53 76 1 0 58 100 1 34 54 68 1 67 59 122 1 61 89 96 1 0 0 0 0 0 0 0 0 0 0 0 0 57 70 125 1 0 95 84 1 39 85 99 1 7 47 117 1 3 73 101 1 7 49 124 1 29 66 135 1 0 0 0 0 51 59 93 1 36 52 102 1 0 78 84 1 44 66 86 1 58 80 114 1 52 80 96 1 74 66 131 1 34 39 111 1 37 54 118 1 43 84 83 1 45 64 128 1 27 55 95 1 44 38 95 1 61 73 99 1 53 98 106 1 50 64 108 1 9 67 136 1
60 42 136 1 74 84 91 1 0 0 0 0 21 98 76 1 0 0 0 0 38 83 88 1 32 28 110 1 82 25 119 1 57 80 134 1 0 0 0 0 74 66 128 1 28 79 115 1 35 36 107 1 18 68 106 1 21 91 133 1 26 59 132 1 11 25 148 1 82 68 155 1 65 67 132 1 42 7 100 1 72 98 98 1 53 123 101 1 44 89 126 1 33 86 80 1 31 66 103 1 10 77 122 1 70 42 89 1 60 75 98 1 50 43 117 1 40 55 93 1 55 82 115 1 44 19 108 1 29 75 107 1 31 47 99 1 36 85 150 1 30 47 109 1 51 70 93 1 43 89 85 1 21 94 121 1 22 61 95 1 25 77 151 1 60 70 82 1 0 49 139 1 17 96 126 1 0 39 92 1 26 94 41 1 0 0 0 0 30 71 118 1 0 55 89 1 0 0 0 0 25 71 115 1 50 88 122 1 0 0 0 0 0 91 87 1 27 39 82 1 17 55 83 1 58 74 65 1 21 80 129 1 16 93 132 1 16 99 85 1 76 80 108 1
22 43 63 1 26 75 111 1 42 50 127 1 41 37 120 1 37 109 70 1 50 93 136 1 20 33 103 1 73 67 110 1 47 69 121 1 53 84 120 1 46 82 107 1 0 0 0 0 35 56 121 1 45 85 96 1 36 68 105 1 0 0 0 0 22 78 104 1 13 50 112 1 48 57 138 1 28 42 75 1 0 0 0 0 32 64 113 1 0 97 122 1 66 73 122 1 54 112 101 1 34 33 89 1 49 43 105 1 44 33 111 1 25 14 122 1 46 55 103 1 18 77 117 1 0 0 0 0 26 69 86 1 35 56 101 1 45 37 91 1 2 44 79 1 20 3 108 1 47 88 95 1 12 65 106 1 19 69 140 1 40 52 83 1 0 19 116 1 30 97 103 1 32 63 107 1 66 53 115 1 39 95 102 1 33 42 106 1 29 38 112 1 0 0 0 0 33 97 119 1 15 43 111 1 61 106 107 1 31 72 147 1 0 53 95 1 36 66 115 1 54 62 79 1 19 95 135 1 50 84 93 1 45 58 112 1 74 79 100 1 34 53 109 1
19 70 98 1 50 91 113 1 26 51 96 1 17 87 76 1 38 84 103 1 62 73 116 1 0 65 76 1 12 78 130 1 86 80 101 1 0 68 134 1 40 69 133 1 47 101 127 1 40 58 124 1 36 47 64 1 15 61 79 1 53 79 63 1 30 80 80 1 48 39 127 1 25 62 92 1 23 64 124 1 0 70 86 1 44 74 84 1 36 103 109 1 23 52 104 1 59 63 85 1 17 74 141 1 62 72 121 1 42 91 121 1 0 55 94 1 14 64 91 1 13 79 122 1 34 42 116 1 35 43 110 1 30 85 114 1 5 68 102 1 0 64 100 1 58 91 125 1 22 43 100 1 30 80 119 1 2 26 98 1 33 42 79 1 0 83 102 1 53 72 116 1 21 47 121 1 44 70 144 1 52 74 131 1 0 0 0 0 23 62 91 1 43 135 111 1 0 0 0 0 19 83 65 1 0 97 96 1 42 91 159 1 19 83 126 1 35 87 88 1 38 63 108 1 0 0 0 0 43 62 94 1 48 74 104 1 22 54 92 1 42 77 110 1
51 64 116 1 59 78 128 1 10 73 112 1 36 83 102 1 25 81 108 1 33 70 142 1 37 51 102 1 48 43 115 1 39 80 105 1 78 100 143 1 50 48 123 1 0 0 0 0 53 115 105 1 30 88 113 1 0 0 0 0 49 92 102 1 87 42 83 1 49 90 119 1 35 67 140 1 26 57 99 1 29 93 72 1 2 60 94 1 59 58 93 1 30 60 126 1 40 39 123 1 48 50 75 1 59 67 83 1 4 96 131 1 30 87 109 1 0 53 112 1 5 61 100 1 35 57 94 1 26 64 89 1 18 76 115 1 40 70 76 1 0 0 0 0 39 100 77 1 27 71 113 1 22 45 83 1 17 103 107 1 32 66 106 1 19 69 121 1 0 0 0 0 41 71 121 1 35 49 127 1 0 38 153 1 36 99 116 1 59 75 113 1 32 63 136 1 0 85 120 1 36 73 96 1 0 0 0 0 7 70 77 1 28 59 53 1 34 75 131 1 26 71 99 1 53 67 116 1 10 91 122 1 17 83 105 1 50 107 71 1 36 94 122 1
0 0 0 0 0 0 0 0 34 69 99 1 76 64 124 1 29 67 79 1 57 85 81 1 0 0 0 0 60 86 75 1 78 82 121 1 0 0 0 0 24 92 140 1 16 48 104 1 54 75 122 1 44 64 94 1 19 65 110 1 0 0 0 0 22 62 113 1 35 65 111 1 28 94 116 1 0 0 0 0 50 43 95 1 36 51 136 1 34 80 80 1 68 74 96 1 55 64 109 1 0 75 100 1 31 99 138 1 31 78 100 1 52 50 98 1 38 49 110 1 12 61 108 1 46 71 66 1 58 11 89 1 27 35 116 1 16 57 103 1 24 48 131 1 25 65 98 1 18 78 108 1 23 92 99 1 27 80 97 1 33 94 114 1 44 83 75 1 42 74 124 1 64 61 100 1 43 30 72 1 19 99 127 1 53 64 104 1 31 75 80 1 6 86 97 1 0 0 0 0 5 90 125 1 64 39 108 1 0 81 121 1 62 76 99 1 22 51 108 1 6 100 84 1 27 74 128 1 39 79 121 1 51 66 116 1 21 116 109 1 0 85 87 1
85 108 145 1 136 135 139 1 82 88 112 1 63 39 109 1 29 83 117 1 71 46 114 1 28 40 133 1 31 94 122 1 79 79 157 1 125 124 139 1 0 0 0 0 44 59 104 1 59 82 57 1 32 112 92 1 47 87 130 1 10 42 130 1 30 99 110 1 30 82 117 1 54 85 125 1 13 59 83 1 22 86 114 1 8 27 120 1 16 60 126 1 0 0 0 0 26 79 99 1 37 76 102 1 18 32 105 1 29 111 119 1 24 84 103 1 28 72 111 1 7 25 101 1 63 53 73 1 0 59 93 1 42 79 118 1 13 31 119 1 39 127 73 1 8 30 111 1 5 82 140 1 0 0 0 0 20 79 100 1 25 79 116 1 36 37 124 1 18 87 84 1 37 46 132 1 39 59 114 1 50 79 130 1 2 79 89 1 30 47 102 1 59 56 78 1 7 56 111 1 61 90 124 1 0 0 0 0 80 82 91 1 0 0 0 0 65 64 78 1 56 33 89 1 0 0 0 0 25 105 102 1 1 63 62 1 14 62 157 1 0 64 109 1
159 119 111 1 102 105 148 1 56 86 90 1 67 50 98 1 72 76 90 1 79 88 107 1 55 74 78 1 40 107 105 1 97 128 128 1 128 150 139 1 0 0 0 0 59 90 87 1 56 54 56 1 29 59 108 1 0 0 0 0 0 98 88 1 23 85 105 1 41 62 96 1 25 58 106 1 0 70 91 1 39 92 57 1 0 0 0 0 52 56 105 1 0 0 0 0 36 90 117 1 38 85 95 1 0 0 0 0 51 42 124 1 36 44 159 1 0 52 93 1 75 55 84 1 17 77 132 1 38 92 90 1 49 79 104 1 22 78 105 1 33 54 117 1 14 42 121 1 21 31 110 1 71 88 95 1 53 100 105 1 45 120 103 1 58 98 72 1 9 55 100 1 11 62 120 1 46 62 112 1 61 41 105 1 60 60 114 1 10 63 120 1 16 35 86 1 0 55 107 1 25 97 94 1 64 79 113 1 26 76 96 1 42 79 102 1 23 63 124 1 40 81 113 1 56 85 84 1 27 77 130 1 13 73 123 1 0 0 0 0 80 85 80 1
174 140 112 1 155 109 93 1 0 0 0 0 104 47 99 1 0 0 0 0 58 85 61 1 59 94 87 1 72 101 61 1 126 95 142 1 154 133 141 1 53 131 82 1 101 73 110 1 20 69 53 1 32 60 85 1 58 99 102 1 52 38 106 1 0 50 142 1 40 44 99 1 17 67 116 1 20 39 127 1 0 0 0 0 40 31 138 1 49 62 115 1 37 78 121 1 65 59 67 1 0 0 0 0 81 57 89 1 31 80 99 1 27 114 110 1 57 59 105 1 56 43 87 1 44 34 112 1 0 0 0 0 43 71 81 1 72 70 81 1 3 99 107 1 0 72 126 1 0 52 113 1 22 39 104 1 40 74 130 1 3 80 93 1 43 68 89 1 39 59 101 1 54 60 82 1 4 64 117 1 32 57 97 1 27 70 99 1 37 72 88 1 0 52 97 1 23 83 78 1 0 0 0 0 38 66 97 1 61 80 97 1 0 0 0 0 48 38 133 1 19 78 110 1 28 41 115 1 38 66 111 1 39 92 72 1 73 97 105 1 33 116 93 1
200 213 139 1 0 0 0 0 0 0 0 0 0 0 0 0 0 0 0 0 70 89 64 1 87 64 69 1 114 79 81 1 153 155 148 1 119 137 151 1 97 83 133 1 73 62 67 1 76 60 47 1 27 72 99 1 40 54 124 1 56 61 85 1 47 88 130 1 42 91 127 1 20 51 104 1 36 40 104 1 38 69 120 1 42 45 124 1 66 84 113 1 69 80 135 1 49 72 104 1 50 38 98 1 55 65 107 1 59 85 122 1 0 0 0 0 0 0 0 0 17 51 104 1 64 65 111 1 27 65 113 1 34 70 134 1 39 58 117 1 57 90 103 1 40 66 92 1 15 106 84 1 47 59 132 1 49 43 111 1 32 79 99 1 10 34 111 1 7 78 127 1 0 76 93 1 43 54 72 1 29 60 88 1 84 87 128 1 68 49 128 1 34 54 69 1 23 81 91 1 25 91 126 1 38 94 115 1 60 76 105 1 28 108 137 1 24 42 107 1 59 56 104 1 18 87 102 1 43 78 127 1 0 0 0 0 54 68 74 1 73 98 86 1
197 208 134 1 222 196 96 1 206 169 165 1 203 167 122 1 177 110 123 1 170 122 109 1 153 151 83 1 163 102 147 1 188 140 156 1 134 102 111 1 0 0 0 0 49 47 71 1 0 0 0 0 62 76 102 1 80 112 157 1 0 0 0 0 38 62 105 1 53 65 96 1 13 52 75 1 48 95 125 1 0 0 0 0 65 38 124 1 26 47 88 1 46 93 117 1 37 97 134 1 46 54 111 1 24 61 93 1 42 80 84 1 21 44 103 1 54 48 112 1 75 81 94 1 10 48 94 1 4 78 100 1 63 105 112 1 0 83 109 1 31 76 129 1 0 40 119 1 47 33 81 1 20 93 95 1 38 43 137 1 7 22 78 1 30 58 104 1 63 46 84 1 22 55 97 1 9 64 69 1 41 75 116 1 0 0 0 0 22 67 149 1 0 0 0 0 40 71 131 1 26 77 80 1 54 41 117 1 23 83 82 1 51 75 87 1 25 72 185 1 21 74 115 1 30 76 120 1 31 45 127 1 33 57 68 1 58 79 140 1 0 0 0 0
206 194 95 1 212 166 155 1 230 210 157 1 243 174 127 1 255 163 144 1 0 0 0 0 237 176 199 1 223 177 156 1 149 140 134 1 114 57 92 1 77 54 74 1 94 40 91 1 43 47 74 1 64 78 103 1 98 91 122 1 58 70 96 1 44 79 70 1 0 0 0 0 17 43 100 1 19 59 112 1 0 0 0 0 20 50 126 1 74 63 109 1 58 122 84 1 64 75 82 1 43 82 124 1 0 0 0 0 0 0 0 0 34 37 72 1 0 48 88 1 36 89 69 1 43 89 131 1 45 109 56 1 22 47 108 1 16 113 89 1 12 42 81 1 46 109 107 1 0 0 0 0 0 0 0 0 36 97 108 1 28 81 98 1 30 61 141 1 0 0 0 0 19 59 85 1 23 115 119 1 27 75 134 1 26 69 113 1 0 0 0 0 23 22 89 1 2 68 99 1 1 49 117 1 24 83 106 1 72 95 145 1 46 96 152 1 7 68 62 1 60 81 92 1 0 0 0 0 32 36 95 1 47 73 86 1 66 59 97 1 29 59 90 1
175 166 109 1 222 151 108 1 211 185 155 1 252 158 81 1 186 92 100 1 176 139 99 1 199 164 115 1 191 150 154 1 201 138 179 1 98 145 104 1 44 80 96 1 63 77 75 1 70 52 106 1 95 128 141 1 137 164 167 1 83 98 132 1 0 0 0 0 38 77 104 1 58 39 123 1 16 55 85 1 54 61 64 1 52 64 107 1 42 105 133 1 59 94 87 1 52 89 75 1 40 33 70 1 0 0 0 0 0 0 0 0 52 63 84 1 37 40 63 1 19 84 103 1 3 42 95 1 15 63 118 1 33 56 113 1 20 73 81 1 0 0 0 0 21 94 104 1 52 79 112 1 17 83 86 1 52 55 101 1 42 104 93 1 0 0 0 0 3 95 95 1 37 89 115 1 29 89 76 1 52 68 137 1 45 51 99 1 20 45 124 1 33 89 79 1 68 69 90 1 14 72 110 1 61 55 117 1 43 90 114 1 47 61 133 1 6 76 137 1 28 62 100 1 26 56 125 1 0 104 143 1 10 27 85 1 7 81 98 1 69 85 94 1
192 128 50 1 113 113 66 1 143 112 91 1 104 99 48 1 113 74 81 1 102 81 72 1 126 101 79 1 138 108 96 1 182 157 133 1 145 113 92 1 165 93 84 1 58 49 81 1 75 71 97 1 103 161 131 1 0 0 0 0 78 125 118 1 23 42 59 1 88 81 74 1 75 93 88 1 45 65 49 1 41 108 99 1 77 57 120 1 54 95 121 1 48 64 95 1 51 87 80 1 48 72 127 1 17 72 133 1 25 69 75 1 55 31 83 1 40 35 83 1 30 42 133 1 18 77 105 1 58 58 126 1 5 63 104 1 6 60 117 1 0 78 108 1 0 105 128 1 16 82 107 1 21 48 94 1 0 32 123 1 49 94 97 1 0 48 67 1 28 71 89 1 0 0 0 0 42 106 102 1 0 0 0 0 0 0 0 0 55 80 104 1 41 90 108 1 36 86 91 1 35 101 64 1 61 63 113 1 23 65 55 1 58 81 111 1 54 76 140 1 65 70 106 1 34 57 137 1 59 73 121 1 62 57 115 1 35 91 76 1 60 76 102 1
0 0 0 0 112 86 89 1 80 32 30 1 81 72 88 1 28 102 57 1 133 144 91 1 179 147 106 1 152 122 125 1 0 0 0 0 101 139 93 1 0 0 0 0 124 78 60 1 101 74 62 1 95 92 126 1 101 80 125 1 84 39 69 1 25 60 52 1 36 38 54 1 37 26 51 1 51 69 53 1 104 92 79 1 51 68 93 1 51 80 102 1 0 0 0 0 58 44 130 1 45 70 81 1 0 52 85 1 50 102 102 1 34 76 132 1 46 52 123 1 50 49 86 1 69 69 99 1 0 0 0 0 26 80 109 1 44 70 89 1 16 92 108 1 15 59 64 1 35 75 87 1 62 46 110 1 0 86 104 1 35 54 104 1 69 63 87 1 59 90 99 1 31 100 95 1 16 55 97 1 43 52 109 1 0 44 80 1 34 42 94 1 47 58 85 1 25 66 118 1 47 54 111 1 15 102 110 1 51 81 116 1 41 49 123 1 54 71 101 1 45 93 112 1 14 84 103 1 30 114 63 1 0 0 0 0 63 25 132 1 58 69 101 1
0 0 0 0 127 129 147 1 63 54 66 1 84 69 117 1 59 94 92 1 144 124 113 1 204 153 144 1 182 172 146 1 0 0 0 0 127 141 129 1 149 116 106 1 131 95 101 1 134 71 65 1 45 126 96 1 58 95 117 1 30 74 43 1 17 60 96 1 16 53 64 1 0 0 0 0 143 120 160 1 145 151 151 1 71 65 102 1 16 61 143 1 91 78 93 1 14 45 88 1 52 51 62 1 6 40 89 1 52 82 112 1 0 0 0 0 32 79 78 1 55 88 80 1 42 36 94 1 40 77 136 1 62 65 139 1 29 95 109 1 39 67 118 1 40 39 96 1 33 41 94 1 57 52 80 1 39 46 91 1 23 80 68 1 35 79 105 1 12 119 100 1 32 48 99 1 30 102 111 1 41 59 106 1 39 63 135 1 26 60 97 1 57 70 100 1 67 65 110 1 42 31 110 1 45 43 137 1 32 53 93 1 38 88 130 1 28 59 149 1 0 0 0 0 23 58 102 1 11 62 108 1 46 76 71 1 88 76 123 1 48 96 124 1
216 184 195 1 229 153 173 1 225 145 131 1 145 104 52 1 99 90 24 1 141 107 94 1 0 0 0 0 194 113 125 1 195 161 161 1 181 148 145 1 202 131 119 1 210 120 67 1 157 147 43 1 121 70 74 1 177 85 6 1 141 38 30 1 125 36 48 1 134 85 21 1 116 41 69 1 138 115 98 1 168 126 122 1 0 0 0 0 126 38 82 1 47 66 55 1 95 74 54 1 81 21 56 1 34 44 64 1 70 61 123 1 48 71 98 1 48 55 81 1 41 60 88 1 32 115 118 1 60 114 153 1 0 0 0 0 59 102 130 1 63 99 103 1 27 98 127 1 43 128 147 1 55 78 87 1 25 49 91 1 29 49 84 1 32 87 80 1 26 108 92 1 56 80 110 1 29 67 102 1 104 64 116 1 47 59 116 1 22 53 108 1 69 74 114 1 36 68 136 1 0 0 0 0 22 58 83 1 0 0 0 0 59 50 143 1 28 64 99 1 0 0 0 0 42 73 81 1 58 82 121 1 26 77 82 1 1 88 96 1 92 95 98 1
127 100 112 1 217 171 183 1 255 202 180 1 255 223 193 1 215 182 124 1 168 86 111 1 156 94 112 1 167 65 104 1 125 114 94 1 171 163 77 1 233 158 122 1 198 160 134 1 210 176 88 1 206 142 128 1 169 150 113 1 183 141 99 1 195 126 80 1 151 104 86 1 168 97 83 1 175 132 67 1 191 156 75 1 151 127 97 1 124 158 115 1 163 155 119 1 142 115 80 1 70 85 72 1 63 85 49 1 0 0 0 0 67 45 50 1 53 80 28 1 58 47 38 1 55 109 97 1 36 51 98 1 11 28 71 1 32 68 89 1 86 108 126 1 61 124 106 1 80 100 94 1 91 76 118 1 63 89 83 1 23 66 80 1 101 111 69 1 110 92 97 1 79 106 101 1 93 84 90 1 41 56 141 1 0 0 0 0 36 62 101 1 46 14 108 1 0 74 102 1 72 86 113 1 56 66 86 1 28 120 88 1 56 41 114 1 41 22 91 1 25 68 132 1 50 67 97 1 68 56 87 1 80 86 130 1 74 86 87 1 100 83 102 1
93 90 95 1 145 126 135 1 199 178 176 1 216 241 164 1 236 181 165 1 252 158 125 1 196 144 98 1 129 103 108 1 116 79 82 1 120 131 56 1 200 195 125 1 204 152 95 1 203 166 119 1 123 105 131 1 131 130 164 1 193 146 97 1 245 155 167 1 211 168 155 1 208 129 105 1 185 83 101 1 185 142 84 1 197 93 148 1 149 129 170 1 139 107 66 1 137 134 82 1 171 124 101 1 99 123 96 1 145 66 77 1 118 135 129 1 87 110 83 1 101 100 58 1 116 91 36 1 90 62 87 1 84 118 99 1 82 88 88 1 69 92 79 1 94 104 134 1 121 155 88 1 114 113 107 1 89 60 47 1 67 117 98 1 150 113 99 1 175 182 169 1 135 155 151 1 148 94 82 1 76 73 107 1 30 66 100 1 57 89 65 1 35 47 108 1 0 65 107 1 23 66 97 1 32 89 122 1 33 114 73 1 71 84 100 1 0 0 0 0 21 45 111 1 0 0 0 0 37 72 86 1 64 61 131 1 97 97 128 1 57 103 116 1
68 73 95 1 68 77 146 1 0 0 0 0 169 112 109 1 0 0 0 0 255 149 90 1 211 133 128 1 198 139 85 1 0 0 0 0 0 0 0 0 159 162 151 1 150 144 164 1 142 123 132 1 107 108 111 1 61 98 82 1 141 94 90 1 205 183 166 1 0 0 0 0 239 179 158 1 206 151 94 1 232 146 90 1 205 214 136 1 243 213 181 1 222 183 180 1 0 0 0 0 136 125 122 1 0 0 0 0 153 134 109 1 0 0 0 0 176 170 97 1 182 157 144 1 140 140 60 1 125 140 85 1 105 119 92 1 104 81 101 1 83 84 95 1 133 135 96 1 152 137 107 1 0 0 0 0 0 0 0 0 145 111 124 1 185 170 107 1 224 180 164 1 169 172 200 1 0 0 0 0 95 104 126 1 62 53 88 1 59 45 95 1 0 0 0 0 59 45 95 1 48 101 104 1 39 115 106 1 0 0 0 0 68 49 69 1 57 86 95 1 23 78 147 1 57 83 102 1 89 127 88 1 94 108 122 1 95 109 104 1 80 140 169 1
32 80 102 1 58 31 86 1 76 110 121 1 125 136 68 1 123 132 128 1 193 126 69 1 196 162 137 1 180 153 129 1 177 130 114 1 131 81 103 1 157 100 119 1 160 147 145 1 119 126 166 1 48 100 146 1 61 83 99 1 88 71 127 1 127 152 142 1 145 115 111 1 159 136 140 1 159 101 96 1 0 0 0 0 143 88 82 1 183 132 115 1 141 120 101 1 128 108 69 1 115 66 64 1 98 78 78 1 127 80 101 1 0 0 0 0 163 130 79 1 143 124 91 1 147 131 108 1 0 0 0 0 164 107 143 1 129 76 94 1 127 102 67 1 101 104 133 1 83 93 114 1 131 76 124 1 0 0 0 0 73 121 90 1 129 133 95 1 155 164 146 1 160 155 117 1 164 119 100 1 0 0 0 0 77 53 115 1 68 35 68 1 0 90 122 1 48 49 111 1 43 133 86 1 48 61 131 1 68 134 123 1 71 112 109 1 60 124 91 1 0 0 0 0 52 81 91 1 28 120 109 1 0 0 0 0 97 104 85 1 42 86 141 1
9 65 100 1 28 110 97 1 79 62 58 1 92 99 121 1 74 49 67 1 193 108 101 1 212 157 133 1 174 121 114 1 151 95 111 1 79 81 64 1 78 76 126 1 87 67 111 1 64 106 114 1 0 0 0 0 69 47 110 1 43 86 95 1 62 77 105 1 0 0 0 0 90 35 116 1 71 30 76 1 95 84 95 1 0 0 0 0 83 105 114 1 74 54 66 1 100 63 103 1 48 57 86 1 64 84 66 1 104 44 73 1 43 51 93 1 0 0 0 0 92 112 36 1 51 106 62 1 0 0 0 0 148 99 177 1 166 127 136 1 114 114 142 1 51 47 98 1 80 88 127 1 0 0 0 0 88 116 115 1 79 98 87 1 0 0 0 0 117 99 83 1 80 52 77 1 58 111 103 1 0 0 0 0 63 54 93 1 20 38 68 1 13 70 73 1 34 67 73 1 91 72 113 1 74 90 101 1 74 130 145 1 96 121 124 1 0 0 0 0 51 122 56 1 49 74 118 1 47 113 123 1 71 80 101 1 21 56 116 1 57 36 95 1
0 0 0 0 0 0 0 0 12 66 73 1 50 75 92 1 0 0 0 0 71 88 48 1 78 74 132 1 89 94 109 1 39 60 97 1 66 81 104 1 0 0 0 0 65 88 74 1 30 66 97 1 29 74 98 1 64 60 114 1 67 77 105 1 0 0 0 0 109 67 69 1 66 56 122 1 45 100 86 1 57 45 100 1 39 59 112 1 55 75 103 1 0 0 0 0 73 43 108 1 42 63 129 1 54 72 125 1 41 101 139 1 82 62 125 1 59 75 103 1 27 39 66 1 78 45 72 1 55 92 105 1 59 78 166 1 81 116 173 1 92 103 168 1 84 86 175 1 22 38 153 1 41 85 119 1 31 82 125 1 41 80 95 1 38 91 58 1 52 69 102 1 55 72 84 1 65 44 98 1 55 92 90 1 19 54 98 1 10 97 100 1 87 63 116 1 42 93 89 1 41 76 97 1 35 110 105 1 0 0 0 0 0 0 0 0 33 98 120 1 8 81 100 1 47 82 101 1 68 58 64 1 66 72 95 1 45 67 138 1 0 0 0 0
0 0 0 0 0 37 105 1 34 63 105 1 77 88 79 1 91 80 109 1 49 78 91 1 0 0 0 0 73 48 74 1 25 87 125 1 50 69 88 1 87 56 69 1 64 38 98 1 27 77 76 1 38 77 40 1 49 41 85 1 0 64 84 1 49 46 79 1 49 47 130 1 55 52 73 1 56 32 97 1 21 56 77 1 26 43 87 1 23 44 122 1 33 29 105 1 5 72 106 1 0 74 100 1 9 67 117 1 19 82 98 1 47 74 122 1 0 0 0 0 77 80 67 1 75 55 124 1 88 94 146 1 108 110 164 1 52 63 67 1 55 107 134 1 0 88 131 1 13 81 142 1 48 90 123 1 27 93 108 1 47 80 89 1 40 91 115 1 71 51 108 1 56 93 121 1 2 57 77 1 6 53 96 1 30 104 123 1 0 0 0 0 47 65 106 1 78 122 178 1 89 68 129 1 35 78 85 1 74 114 89 1 24 92 104 1 11 100 91 1 39 48 31 1 37 106 128 1 61 56 130 1 0 0 0 0 0 0 0 0 48 73 130 1
11 60 93 1 10 90 111 1 27 57 114 1 39 83 130 1 46 49 176 1 15 68 134 1 31 115 110 1 0 0 0 0 0 0 0 0 0 0 0 0 25 97 136 1 28 52 107 1 22 41 119 1 8 60 55 1 55 82 88 1 5 39 39 1 22 53 83 1 0 0 0 0 9 68 150 1 17 71 142 1 30 36 146 1 0 0 0 0 84 59 92 1 38 49 131 1 1 62 177 1 34 66 103 1 10 69 125 1 38 64 109 1 0 29 104 1 54 59 82 1 44 79 126 1 32 54 105 1 95 109 111 1 92 103 102 1 89 51 63 1 34 57 81 1 54 129 116 1 51 67 163 1 8 64 156 1 0 0 0 0 32 69 121 1 34 63 127 1 27 85 103 1 33 75 93 1 30 65 157 1 65 57 127 1 42 67 122 1 66 51 110 1 85 47 115 1 43 44 66 1 100 54 89 1 31 54 98 1 32 43 118 1 23 96 92 1 0 0 0 0 17 95 114 1 0 0 0 0 0 0 0 0 45 81 111 1 55 93 102 1 0 0 0 0
12 35 87 1 11 58 143 1 19 76 119 1 16 96 133 1 40 65 152 1 28 82 125 1 51 82 73 1 21 74 104 1 41 40 107 1 0 54 122 1 17 70 153 1 0 0 0 0 38 87 109 1 0 0 0 0 34 37 47 1 25 34 55 1 0 41 50 1 9 65 112 1 31 92 118 1 2 84 106 1 40 76 113 1 37 44 79 1 36 37 62 1 12 36 113 1 2 45 95 1 0 0 0 0 0 0 0 0 12 44 101 1 32 83 73 1 47 78 111 1 33 64 128 1 9 60 122 1 47 44 106 1 44 68 91 1 26 102 87 1 56 83 105 1 44 45 113 1 65 88 115 1 42 60 140 1 73 45 114 1 28 52 69 1 16 65 91 1 32 65 127 1 29 74 102 1 3 31 109 1 71 48 159 1 47 57 105 1 56 72 146 1 62 50 121 1 19 54 106 1 49 73 65 1 39 63 109 1 81 96 99 1 45 97 135 1 53 76 81 1 32 71 87 1 56 68 125 1 14 89 91 1 42 71 81 1 58 57 133 1 61 79 110 1
14 79 74 1 0 0 0 0 20 82 103 1 40 76 156 1 40 83 154 1 50 37 73 1 42 54 80 1 44 61 92 1 36 72 133 1 46 57 119 1 56 64 141 1 33 47 89 1 5 22 110 1 20 51 84 1 23 74 84 1 49 44 81 1 24 72 114 1 0 0 0 0 47 88 139 1 86 41 105 1 36 40 103 1 50 21 46 1 0 0 0 0 0 0 0 0 18 36 93 1 55 71 113 1 24 61 116 1 32 56 110 1 50 16 46 1 19 35 95 1 26 84 105 1 38 62 83 1 31 76 105 1 18 69 105 1 38 56 108 1 52 58 68 1 87 41 121 1 43 83 85 1 44 29 113 1 43 111 88 1 22 56 98 1 59 28 93 1 13 70 83 1 48 69 72 1 23 81 124 1 27 97 118 1 33 38 95 1 60 67 122 1 40 71 143 1 20 78 84 1 34 108 67 1 48 62 123 1 35 41 100 1 52 56 137 1 0 29 105 1 66 105 83 1 39 52 152 1 45 59 100 1 23 26 110 1 44 25 136 1 36 96 135 1
132 82 92 1 70 70 133 1 59 101 104 1 34 67 102 1 32 62 135 1 47 41 64 1 54 57 75 1 38 48 25 1 79 64 67 1 79 94 120 1 76 82 139 1 9 37 78 1 29 68 114 1 72 28 97 1 84 32 122 1 40 60 81 1 0 63 124 1 13 49 110 1 37 61 86 1 2 57 90 1 43 57 114 1 53 21 84 1 47 65 71 1 51 50 83 1 81 54 96 1 46 38 119 1 74 52 124 1 50 53 95 1 26 78 76 1 16 70 115 1 36 62 115 1 26 50 135 1 35 73 103 1 28 65 55 1 0 0 0 0 0 0 0 0 4 78 107 1 34 76 75 1 46 87 86 1 22 93 67 1 26 98 64 1 8 82 94 1 0 0 0 0 30 46 78 1 0 0 0 0 13 85 88 1 2 48 64 1 3 72 137 1 39 75 96 1 57 67 103 1 36 60 85 1 26 66 110 1 39 58 103 1 38 78 136 1 56 93 136 1 30 76 77 1 39 62 121 1 38 38 107 1 57 55 142 1 42 85 121 1 33 78 123 1
137 125 133 1 75 65 97 1 29 38 86 1 33 53 77 1 40 40 90 1 131 15 98 1 91 61 98 1 131 111 81 1 104 108 94 1 112 128 95 1 107 101 117 1 72 91 172 1 123 70 176 1 104 57 87 1 72 74 96 1 53 49 84 1 48 65 96 1 55 80 98 1 40 88 76 1 47 32 84 1 32 70 67 1 65 62 49 1 14 40 88 1 0 0 0 0 85 67 117 1 68 70 127 1 153 127 138 1 151 168 165 1 68 74 113 1 53 45 116 1 25 48 64 1 40 0 122 1 0 68 98 1 13 52 73 1 30 69 115 1 0 63 81 1 18 78 98 1 26 71 60 1 13 80 112 1 60 61 135 1 47 42 118 1 34 80 90 1 39 92 97 1 24 68 92 1 38 64 88 1 0 75 77 1 0 87 111 1 31 48 147 1 72 79 80 1 0 103 73 1 29 36 68 1 38 53 90 1 0 0 0 0 58 45 85 1 25 38 103 1 21 52 132 1 20 62 146 1 20 122 118 1 46 99 128 1 73 82 99 1 75 51 121 1
220 128 150 1 162 135 152 1 71 55 69 1 115 67 117 1 120 90 83 1 160 123 158 1 158 120 151 1 168 164 140 1 201 179 118 1 135 143 104 1 187 161 99 1 162 133 128 1 180 168 179 1 180 158 128 1 168 53 119 1 99 45 126 1 54 101 76 1 62 46 83 1 46 75 56 1 57 59 66 1 47 125 103 1 13 75 97 1 26 52 54 1 14 79 126 1 74 78 102 1 0 0 0 0 218 145 181 1 208 188 163 1 114 112 94 1 81 59 58 1 69 86 91 1 25 48 120 1 21 55 68 1 45 92 109 1 20 65 108 1 35 64 85 1 33 72 97 1 1 65 72 1 42 105 82 1 0 0 0 0 46 77 114 1 25 101 84 1 80 78 93 1 57 56 106 1 0 115 133 1 29 94 76 1 31 89 95 1 18 116 125 1 69 36 84 1 64 61 103 1 0 0 0 0 49 49 79 1 87 23 146 1 0 0 0 0 94 67 94 1 26 62 100 1 29 52 88 1 11 86 53 1 24 86 93 1 69 99 116 1 30 110 65 1
255 190 176 1 202 188 108 1 152 98 58 1 0 0 0 0 157 138 79 1 98 99 94 1 162 119 123 1 183 164 121 1 179 180 101 1 190 179 26 1 189 171 39 1 165 149 92 1 226 153 150 1 255 139 98 1 195 143 161 1 156 97 91 1 102 92 86 1 85 86 121 1 79 95 79 1 38 61 97 1 48 106 90 1 29 88 172 1 0 82 125 1 0 59 88 1 0 0 0 0 0 0 0 0 241 171 140 1 233 174 133 1 161 141 106 1 119 106 112 1 79 74 79 1 18 43 72 1 57 46 82 1 54 54 100 1 29 54 105 1 40 71 140 1 45 112 119 1 24 73 81 1 42 75 80 1 36 45 88 1 32 37 155 1 38 35 106 1 35 96 137 1 34 113 127 1 51 76 140 1 52 73 64 1 14 33 79 1 17 66 110 1 52 98 113 1 52 90 133 1 83 103 101 1 89 66 109 1 100 90 138 1 0 0 0 0 107 58 111 1 83 96 92 1 31 63 68 1 43 74 68 1 67 85 80 1 96 111 128 1 109 112 102 1
222 202 169 1 236 188 156 1 210 134 75 1 172 153 136 1 167 106 45 1 176 139 135 1 148 169 151 1 237 182 105 1 242 180 134 1 218 156 81 1 249 121 59 1 198 170 44 1 0 0 0 0 246 181 125 1 186 154 126 1 182 168 73 1 142 94 105 1 58 56 89 1 0 65 100 1 13 36 82 1 43 37 103 1 44 114 132 1 14 70 122 1 22 67 73 1 84 68 73 1 169 140 87 1 229 198 142 1 215 216 80 1 225 201 91 1 140 129 98 1 122 47 19 1 83 65 77 1 43 76 86 1 36 65 103 1 0 0 0 0 65 72 117 1 61 90 97 1 33 47 112 1 32 59 122 1 2 84 127 1 27 58 117 1 22 38 133 1 0 59 100 1 32 89 127 1 27 58 117 1 74 78 94 1 59 70 108 1 43 57 75 1 62 83 114 1 91 59 107 1 91 81 141 1 78 105 143 1 105 76 125 1 79 73 91 1 124 110 141 1 81 85 125 1 19 92 67 1 33 115 76 1 37 103 76 1 66 99 106 1 96 175 110 1
254 179 140 1 167 208 82 1 160 132 78 1 173 147 126 1 0 0 0 0 163 129 95 1 141 156 118 1 153 128 135 1 150 159 133 1 130 103 106 1 144 129 129 1 185 143 113 1 0 0 0 0 0 0 0 0 112 121 110 1 154 134 148 1 108 157 102 1 100 122 120 1 100 106 105 1 95 56 108 1 77 98 73 1 79 112 151 1 41 129 144 1 73 48 106 1 131 92 77 1 122 139 131 1 198 132 101 1 255 158 146 1 230 178 119 1 92 114 79 1 93 40 33 1 0 0 0 0 33 51 115 1 81 69 126 1 88 82 110 1 108 95 89 1 145 63 13 1 84 99 150 1 58 88 112 1 46 56 96 1 49 53 129 1 48 41 97 1 33 59 123 1 17 91 80 1 0 82 67 1 45 68 89 1 0 103 55 1 1 84 115 1 0 0 0 0 76 112 137 1 52 90 106 1 71 135 75 1 113 134 112 1 183 143 117 1 176 102 112 1 150 115 106 1 100 162 125 1 113 91 90 1 121 111 77 1 129 166 99 1 192 120 135 1
191 220 101 1 157 180 78 1 130 149 69 1 0 0 0 0 121 112 133 1 109 116 82 1 104 137 133 1 128 116 133 1 109 101 108 1 79 93 82 1 75 110 64 1 110 91 75 1 86 35 103 1 0 0 0 0 142 101 74 1 102 113 114 1 76 85 66 1 23 98 98 1 35 27 61 1 27 66 85 1 39 84 77 1 68 86 139 1 107 119 119 1 0 0 0 0 120 106 105 1 161 149 82 1 180 166 112 1 0 0 0 0 180 136 91 1 147 143 85 1 0 0 0 0 98 77 113 1 77 94 151 1 32 76 127 1 128 79 138 1 141 147 83 1 135 135 92 1 0 0 0 0 178 168 164 1 153 120 157 1 85 89 149 1 6 75 127 1 23 60 116 1 63 113 104 1 13 104 80 1 63 56 93 1 0 0 0 0 34 47 139 1 28 124 95 1 42 61 137 1 53 109 88 1 77 99 79 1 58 108 102 1 167 160 173 1 225 180 118 1 172 143 119 1 183 141 144 1 0 0 0 0 166 192 115 1 230 161 160 1 255 141 165 1
0 0 0 0 93 86 103 1 102 76 109 1 0 0 0 0 46 0 136 1 56 114 107 1 86 134 65 1 93 99 86 1 0 0 0 0 40 77 92 1 74 50 103 1 24 45 69 1 17 37 37 1 58 76 94 1 0 0 0 0 80 83 105 1 127 66 79 1 80 71 116 1 72 67 94 1 44 121 86 1 100 75 134 1 103 96 138 1 79 141 82 1 118 91 111 1 120 153 121 1 171 155 133 1 153 104 78 1 109 123 87 1 144 76 81 1 0 0 0 0 23 90 87 1 32 84 124 1 63 97 90 1 96 116 92 1 130 145 127 1 163 156 77 1 217 155 81 1 211 140 115 1 193 182 174 1 151 177 153 1 113 125 101 1 54 65 119 1 63 88 74 1 57 64 130 1 42 110 122 1 22 64 74 1 67 71 120 1 63 93 107 1 38 60 154 1 69 38 150 1 29 75 91 1 34 82 95 1 92 99 130 1 232 147 106 1 0 0 0 0 0 0 0 0 171 136 84 1 0 0 0 0 166 167 105 1 191 161 91 1 190 140 125 1
79 91 103 1 78 65 63 1 57 60 89 1 74 63 90 1 77 77 150 1 57 58 80 1 34 65 109 1 7 95 78 1 21 76 81 1 51 91 88 1 23 82 54 1 0 73 94 1 26 50 104 1 9 77 60 1 62 92 79 1 40 32 104 1 62 91 83 1 61 55 111 1 86 72 124 1 49 106 135 1 93 122 163 1 63 99 99 1 77 85 97 1 0 0 0 0 109 182 99 1 138 142 106 1 76 126 83 1 49 71 121 1 86 69 104 1 69 106 91 1 29 87 98 1 51 75 84 1 55 74 87 1 95 127 82 1 178 161 102 1 215 196 123 1 236 194 91 1 255 199 149 1 194 216 145 1 195 174 173 1 156 117 134 1 140 86 130 1 81 110 122 1 146 130 139 1 108 135 111 1 47 85 125 1 67 71 116 1 57 86 111 1 54 71 161 1 0 0 0 0 0 0 0 0 113 68 120 1 147 123 137 1 176 152 65 1 225 119 113 1 146 154 103 1 174 162 96 1 181 150 79 1 0 0 0 0 189 198 142 1 183 185 122 1
0 0 0 0 69 76 91 1 60 78 89 1 99 59 117 1 85 42 131 1 0 0 0 0 50 58 121 1 67 52 121 1 6 59 99 1 51 44 116 1 25 103 100 1 12 83 111 1 6 56 139 1 29 67 90 1 63 83 138 1 8 69 103 1 0 0 0 0 68 58 123 1 81 58 108 1 94 118 144 1 123 88 150 1 99 102 124 1 0 0 0 0 115 100 70 1 67 90 87 1 97 88 122 1 30 110 94 1 37 81 72 1 59 46 107 1 36 76 116 1 60 114 129 1 57 42 88 1 70 95 71 1 122 143 112 1 184 144 101 1 219 157 96 1 255 200 115 1 250 188 89 1 197 170 139 1 161 134 120 1 146 126 129 1 132 127 82 1 145 130 183 1 143 135 151 1 119 122 125 1 82 105 144 1 46 62 88 1 56 52 124 1 61 78 112 1 52 59 122 1 67 38 132 1 103 92 126 1 0 0 0 0 172 164 108 1 205 157 94 1 179 136 149 1 195 124 107 1 179 145 126 1 200 177 81 1 150 173 123 1 0 0 0 0
99 78 99 1 97 98 175 1 111 88 161 1 84 59 109 1 0 0 0 0 25 71 155 1 0 0 0 0 58 68 128 1 6 88 116 1 31 76 116 1 48 83 92 1 0 76 114 1 22 79 72 1 36 53 96 1 58 92 110 1 55 52 72 1 58 80 156 1 62 86 126 1 100 89 99 1 143 109 126 1 0 0 0 0 0 0 0 0 72 71 103 1 38 49 115 1 38 98 119 1 19 73 52 1 47 90 72 1 27 46 110 1 31 57 93 1 15 75 125 1 14 55 146 1 61 113 62 1 98 87 108 1 179 132 118 1 212 172 107 1 207 176 124 1 201 170 110 1 193 205 115 1 225 187 131 1 206 159 141 1 179 68 79 1 133 132 61 1 240 223 173 1 225 198 194 1 141 155 206 1 119 146 103 1 84 82 94 1 60 32 76 1 52 71 108 1 79 112 83 1 65 62 102 1 110 118 86 1 143 137 136 1 150 156 133 1 0 0 0 0 173 153 103 1 174 152 116 1 165 183 169 1 171 191 151 1 182 186 127 1 168 103 168 1
227 145 125 1 213 151 98 1 144 108 153 1 149 142 111 1 128 101 121 1 39 121 102 1 29 77 104 1 38 73 105 1 0 0 0 0 32 74 63 1 57 69 104 1 40 30 99 1 47 76 126 1 14 45 117 1 0 0 0 0 0 0 0 0 0 0 0 0 71 44 78 1 72 66 145 1 90 116 98 1 96 55 117 1 67 41 125 1 59 106 130 1 49 53 107 1 57 39 92 1 41 70 64 1 3 38 97 1 15 50 91 1 20 97 151 1 73 65 127 1 0 0 0 0 95 97 58 1 0 0 0 0 185 124 139 1 215 159 115 1 0 0 0 0 210 203 136 1 225 140 98 1 213 167 128 1 0 0 0 0 109 106 117 1 78 123 131 1 148 190 186 1 216 189 187 1 173 159 183 1 123 119 113 1 86 98 97 1 0 0 0 0 86 47 100 1 107 87 93 1 0 0 0 0 0 0 0 0 156 132 89 1 174 128 113 1 0 0 0 0 133 144 99 1 121 132 112 1 116 88 77 1 131 63 104 1 89 93 84 1 111 77 75 1
234 188 142 1 250 160 151 1 165 90 101 1 197 131 74 1 204 172 109 1 103 98 153 1 116 114 107 1 79 86 92 1 0 0 0 0 33 61 99 1 44 57 86 1 28 89 121 1 16 72 97 1 43 71 86 1 51 50 155 1 59 104 114 1 57 86 103 1 47 89 102 1 91 67 79 1 60 74 94 1 58 66 82 1 23 80 134 1 41 89 135 1 69 59 89 1 38 46 113 1 50 63 110 1 35 58 128 1 56 82 118 1 43 68 120 1 28 104 97 1 0 0 0 0 102 61 44 1 193 145 91 1 209 196 170 1 215 181 126 1 220 200 169 1 194 189 118 1 229 133 103 1 173 141 96 1 153 148 122 1 149 113 100 1 80 65 62 1 0 0 0 0 137 121 138 1 144 122 131 1 185 153 94 1 118 111 51 1 98 144 110 1 73 92 123 1 100 116 74 1 154 136 95 1 146 137 65 1 0 0 0 0 92 76 108 1 127 108 85 1 74 87 122 1 93 77 72 1 64 38 79 1 57 53 44 1 52 84 68 1 17 62 118 1
228 171 107 1 238 194 120 1 137 52 12 1 127 160 57 1 209 163 132 1 224 194 151 1 153 137 124 1 122 78 51 1 51 62 44 1 30 62 134 1 57 59 116 1 23 102 110 1 62 92 101 1 24 97 96 1 75 90 113 1 66 125 164 1 104 105 132 1 75 101 104 1 0 0 0 0 53 58 99 1 87 104 120 1 0 39 125 1 0 0 0 0 25 72 143 1 23 91 90 1 14 69 83 1 23 55 92 1 14 52 92 1 26 63 126 1 53 77 72 1 53 91 79 1 116 158 52 1 142 145 114 1 0 0 0 0 223 178 127 1 193 161 162 1 0 0 0 0 255 165 125 1 0 0 0 0 0 0 0 0 107 69 127 1 95 106 107 1 76 84 128 1 87 92 54 1 75 120 108 1 0 0 0 0 125 159 67 1 101 114 116 1 0 0 0 0 155 142 125 1 171 174 111 1 134 196 98 1 137 157 77 1 164 145 106 1 117 114 90 1 121 111 50 1 0 0 0 0 113 89 80 1 66 98 78 1 77 99 110 1 0 0 0 0
255 203 147 1 147 168 66 1 71 151 55 1 88 130 64 1 173 154 96 1 173 192 164 1 161 140 129 1 78 101 57 1 98 99 38 1 88 91 131 1 0 0 0 0 60 72 118 1 17 75 107 1 25 51 85 1 26 55 64 1 40 86 86 1 52 81 103 1 92 53 125 1 55 77 90 1 55 76 133 1 37 47 131 1 58 93 169 1 48 57 126 1 18 58 96 1 63 91 70 1 9 104 93 1 29 84 88 1 45 100 124 1 0 65 89 1 22 49 85 1 61 111 107 1 157 122 77 1 161 161 114 1 185 178 109 1 199 161 92 1 128 128 112 1 153 130 100 1 0 0 0 0 211 174 95 1 143 155 165 1 124 103 103 1 65 69 83 1 0 0 0 0 35 89 42 1 89 105 83 1 108 117 71 1 157 83 73 1 155 104 94 1 180 120 73 1 196 177 152 1 168 227 181 1 210 203 145 1 190 187 149 1 181 145 183 1 171 153 141 1 168 134 122 1 0 0 0 0 123 169 168 1 84 120 124 1 121 117 118 1 83 122 102 1
252 196 100 1 218 169 103 1 172 159 105 1 135 113 101 1 0 0 0 0 167 175 155 1 0 0 0 0 94 98 127 1 84 92 119 1 56 76 150 1 60 91 107 1 37 64 137 1 53 112 133 1 91 79 81 1 51 64 138 1 41 61 139 1 96 109 107 1 23 63 152 1 47 51 117 1 43 43 98 1 36 61 96 1 39 72 120 1 41 37 112 1 24 53 88 1 40 72 42 1 0 0 0 0 19 55 80 1 8 50 127 1 36 67 74 1 0 60 99 1 54 95 100 1 90 110 131 1 139 122 97 1 122 117 76 1 181 166 86 1 122 82 101 1 62 130 76 1 177 117 116 1 146 154 88 1 80 134 140 1 91 127 148 1 17 50 116 1 31 59 115 1 44 55 83 1 84 102 101 1 120 46 86 1 123 94 171 1 141 118 123 1 183 149 130 1 158 198 199 1 151 141 147 1 194 193 118 1 162 160 148 1 179 129 209 1 129 109 143 1 110 105 158 1 79 55 141 1 0 0 0 0 56 57 119 1 68 95 105 1 62 103 72 1
202 157 87 1 183 123 38 1 159 141 77 1 148 97 85 1 0 0 0 0 0 0 0 0 138 131 106 1 139 107 143 1 127 97 94 1 107 110 97 1 99 71 151 1 109 91 114 1 68 74 131 1 0 0 0 0 0 22 140 1 3 34 134 1 4 64 140 1 26 43 137 1 27 64 98 1 24 32 115 1 47 51 123 1 0 0 0 0 3 63 62 1 0 0 0 0 31 80 108 1 5 87 116 1 50 42 119 1 54 112 100 1 31 69 96 1 0 35 83 1 0 95 80 1 0 0 0 0 0 0 0 0 150 107 61 1 179 193 156 1 218 208 173 1 154 164 107 1 193 138 137 1 154 118 70 1 75 116 128 1 0 0 0 0 0 0 0 0 32 65 129 1 41 52 53 1 82 40 67 1 99 54 92 1 126 75 136 1 183 119 153 1 161 115 162 1 162 135 170 1 158 93 87 1 0 0 0 0 153 103 85 1 92 71 119 1 70 48 48 1 90 66 110 1 60 76 111 1 0 0 0 0 47 90 68 1 0 0 0 0 63 89 98 1
206 130 86 1 211 99 70 1 205 106 95 1 171 119 118 1 245 187 124 1 184 111 107 1 197 148 152 1 177 129 146 1 109 61 153 1 123 126 116 1 104 156 203 1 86 91 131 1 32 96 111 1 19 95 95 1 22 22 121 1 85 54 93 1 55 49 119 1 30 58 117 1 0 0 0 0 26 64 147 1 0 30 158 1 27 24 81 1 71 80 112 1 29 124 112 1 0 0 0 0 20 68 89 1 34 91 113 1 19 68 102 1 18 41 69 1 37 53 71 1 61 67 79 1 40 73 96 1 33 82 125 1 122 143 122 1 202 178 162 1 212 204 186 1 202 214 179 1 180 173 184 1 168 170 96 1 34 69 129 1 26 109 113 1 46 57 113 1 13 76 114 1 65 59 39 1 70 46 107 1 113 62 105 1 167 93 133 1 175 200 130 1 201 130 125 1 210 130 151 1 128 108 114 1 133 123 114 1 122 95 92 1 32 104 112 1 71 30 88 1 61 66 98 1 53 52 68 1 42 97 128 1 75 102 24 1 53 97 86 1 0 0 0 0
200 117 65 1 192 112 93 1 134 94 31 1 160 50 78 1 129 101 158 1 148 142 107 1 186 147 108 1 171 165 142 1 148 117 130 1 165 138 135 1 136 76 137 1 76 102 158 1 43 51 86 1 54 71 97 1 65 68 79 1 0 0 0 0 19 75 76 1 18 64 128 1 21 87 151 1 26 36 112 1 42 97 142 1 41 68 101 1 44 49 72 1 54 65 82 1 15 76 93 1 0 52 109 1 43 38 99 1 32 52 98 1 24 10 96 1 26 67 106 1 33 114 99 1 28 71 149 1 76 88 127 1 80 107 127 1 154 168 184 1 0 0 0 0 197 192 155 1 0 0 0 0 146 154 120 1 89 114 138 1 0 0 0 0 67 61 71 1 0 42 103 1 65 46 96 1 0 0 0 0 129 111 56 1 161 132 131 1 169 172 118 1 220 165 125 1 190 202 107 1 193 125 105 1 169 144 122 1 159 97 102 1 85 105 150 1 34 78 107 1 83 69 119 1 68 9 92 1 59 53 43 1 0 0 0 0 71 83 87 1 124 68 81 1
208 131 93 1 167 95 56 1 155 130 91 1 207 126 92 1 195 92 128 1 152 143 87 1 0 0 0 0 164 129 71 1 208 162 117 1 168 142 145 1 146 152 142 1 93 117 93 1 0 0 0 0 71 19 76 1 55 45 64 1 0 0 0 0 47 59 110 1 37 45 100 1 51 67 88 1 36 59 114 1 15 32 94 1 4 83 78 1 57 61 102 1 60 41 95 1 30 90 119 1 2 57 95 1 46 68 100 1 61 79 90 1 45 56 47 1 47 89 106 1 39 88 105 1 22 79 140 1 40 95 122 1 63 63 155 1 55 116 82 1 91 105 56 1 142 70 55 1 0 0 0 0 103 77 70 1 65 82 109 1 0 78 111 1 33 76 114 1 0 0 0 0 93 141 90 1 125 108 126 1 188 119 81 1 159 168 63 1 0 0 0 0 209 176 93 1 210 196 106 1 244 157 53 1 240 150 130 1 179 120 115 1 100 121 145 1 90 56 66 1 100 47 93 1 144 190 147 1 146 109 143 1 142 111 78 1 142 106 94 1 193 107 99 1
193 99 89 1 0 0 0 0 154 52 55 1 178 68 137 1 196 91 163 1 174 131 74 1 179 140 50 1 196 151 105 1 182 164 165 1 232 169 150 1 146 108 200 1 0 0 0 0 0 0 0 0 39 72 96 1 0 0 0 0 59 48 32 1 65 62 83 1 30 40 87 1 26 66 140 1 25 105 110 1 37 71 128 1 106 77 117 1 0 0 0 0 21 74 136 1 64 83 117 1 0 50 106 1 46 51 136 1 0 0 0 0 102 25 108 1 62 93 124 1 8 76 161 1 9 73 178 1 0 0 0 0 43 59 102 1 0 0 0 0 71 52 67 1 0 0 0 0 87 81 80 1 0 0 0 0 79 69 135 1 57 27 84 1 52 95 133 1 53 80 102 1 103 70 109 1 175 148 129 1 190 159 41 1 218 170 74 1 203 201 94 1 234 189 72 1 255 204 114 1 240 154 92 1 255 166 110 1 0 0 0 0 119 91 124 1 85 73 86 1 119 109 128 1 229 175 164 1 172 135 150 1 198 162 121 1 212 162 146 1 250 127 124 1
224 146 92 1 178 128 66 1 242 165 76 1 219 179 74 1 230 150 147 1 203 170 157 1 195 129 86 1 197 112 106 1 194 192 149 1 225 159 145 1 198 166 115 1 189 123 133 1 101 31 90 1 9 75 105 1 0 0 0 0 39 93 116 1 27 31 109 1 24 63 83 1 55 36 89 1 105 59 94 1 82 103 67 1 0 0 0 0 113 69 97 1 60 88 76 1 23 124 82 1 49 38 97 1 0 53 77 1 0 69 141 1 0 0 0 0 0 0 0 0 42 39 122 1 44 77 151 1 29 37 107 1 46 67 149 1 73 71 104 1 62 70 152 1 46 91 139 1 56 100 154 1 47 62 108 1 35 37 90 1 43 51 124 1 30 82 90 1 87 65 74 1 115 126 104 1 0 0 0 0 175 171 59 1 209 201 75 1 196 177 71 1 197 168 61 1 249 175 92 1 235 223 107 1 235 169 128 1 179 152 45 1 111 137 134 1 88 105 45 1 161 117 124 1 0 0 0 0 211 166 109 1 235 225 85 1 220 189 91 1 229 175 140 1
224 170 52 1 238 155 59 1 243 171 83 1 0 0 0 0 240 176 106 1 174 139 82 1 195 101 66 1 0 0 0 0 238 186 150 1 219 177 146 1 255 172 114 1 151 155 145 1 170 50 81 1 104 106 103 1 39 96 117 1 26 92 125 1 47 60 135 1 39 64 80 1 49 60 103 1 44 90 72 1 60 64 132 1 81 90 134 1 88 70 51 1 95 93 140 1 66 84 76 1 48 110 108 1 0 85 135 1 44 70 107 1 35 76 121 1 0 67 108 1 0 77 101 1 14 60 115 1 0 0 0 0 5 72 117 1 50 75 126 1 19 94 93 1 60 77 142 1 0 0 0 0 42 91 134 1 43 80 112 1 72 57 125 1 67 65 43 1 98 66 85 1 123 116 80 1 140 149 119 1 204 159 63 1 198 164 89 1 228 149 107 1 255 217 104 1 228 188 104 1 220 233 110 1 0 0 0 0 205 173 85 1 133 102 124 1 108 67 83 1 122 107 121 1 169 166 103 1 194 136 104 1 201 134 138 1 214 152 90 1 255 210 112 1
247 186 119 1 196 190 89 1 219 201 121 1 230 182 128 1 207 197 115 1 202 125 72 1 173 108 106 1 224 140 85 1 253 221 141 1 253 193 133 1 232 155 132 1 186 167 140 1 187 176 113 1 136 76 160 1 109 93 123 1 94 50 101 1 21 49 88 1 81 20 139 1 47 70 161 1 39 65 95 1 0 0 0 0 40 63 108 1 69 107 106 1 55 72 102 1 69 75 113 1 58 81 92 1 0 48 88 1 12 43 130 1 25 103 112 1 27 48 92 1 18 69 104 1 55 80 124 1 24 74 100 1 41 90 120 1 5 42 105 1 0 26 126 1 28 89 82 1 44 67 90 1 21 77 101 1 26 86 100 1 34 49 79 1 80 55 40 1 84 28 74 1 94 71 50 1 149 154 108 1 229 127 77 1 0 0 0 0 252 187 104 1 200 162 116 1 0 0 0 0 211 173 96 1 225 176 84 1 201 199 67 1 168 149 104 1 136 69 34 1 0 0 0 0 0 0 0 0 196 162 95 1 253 146 133 1 255 143 111 1 251 152 121 1
231 187 130 1 0 0 0 0 255 208 115 1 188 160 98 1 213 157 128 1 211 107 99 1 200 149 95 1 224 181 86 1 0 0 0 0 232 155 89 1 227 146 93 1 199 166 99 1 200 234 144 1 195 186 165 1 159 157 157 1 115 100 121 1 60 49 85 1 45 38 119 1 10 78 147 1 3 56 150 1 38 113 96 1 39 68 144 1 62 43 161 1 29 72 103 1 61 71 148 1 66 26 82 1 11 56 91 1 21 79 68 1 0 41 111 1 25 91 67 1 47 89 118 1 0 83 107 1 20 78 78 1 0 0 0 0 3 52 123 1 0 97 91 1 0 59 103 1 22 74 110 1 9 52 85 1 46 52 96 1 54 48 54 1 71 58 50 1 0 0 0 0 141 137 94 1 171 154 105 1 215 130 106 1 192 190 117 1 0 0 0 0 208 174 43 1 238 146 101 1 255 152 110 1 219 130 87 1 0 0 0 0 190 150 93 1 174 98 99 1 155 121 54 1 129 97 60 1 197 142 87 1 225 126 82 1 200 165 91 1 252 184 88 1
225 138 114 1 164 124 109 1 162 104 84 1 152 117 91 1 174 129 129 1 174 134 113 1 0 0 0 0 225 169 173 1 216 208 113 1 235 141 109 1 194 121 82 1 200 176 118 1 242 208 110 1 208 206 147 1 168 150 112 1 181 119 118 1 113 76 123 1 0 0 0 0 0 0 0 0 13 79 150 1 0 0 0 0 53 50 132 1 74 104 117 1 7 38 108 1 47 80 120 1 58 56 112 1 48 12 100 1 18 72 126 1 0 0 0 0 1 67 100 1 81 60 101 1 30 85 94 1 32 86 130 1 36 56 96 1 45 56 136 1 16 106 103 1 29 64 98 1 0 0 0 0 39 67 88 1 0 0 0 0 69 115 55 1 61 83 59 1 93 90 95 1 181 150 101 1 229 152 130 1 191 148 92 1 210 157 138 1 255 193 150 1 184 142 145 1 186 165 100 1 197 165 97 1 203 198 103 1 221 138 87 1 230 149 107 1 209 139 100 1 171 109 74 1 155 105 77 1 0 0 0 0 233 186 138 1 198 198 141 1 254 170 161 1
0 0 0 0 148 111 89 1 95 80 33 1 0 0 0 0 0 0 0 0 147 97 55 1 178 115 66 1 171 123 147 1 178 166 120 1 186 127 83 1 0 0 0 0 192 151 94 1 190 186 113 1 208 165 113 1 0 0 0 0 0 0 0 0 167 99 94 1 110 35 126 1 67 56 145 1 30 87 132 1 22 39 118 1 65 56 102 1 52 71 136 1 33 58 104 1 76 56 88 1 3 45 104 1 17 81 120 1 0 111 106 1 0 53 113 1 45 88 116 1 0 0 0 0 48 69 163 1 23 55 112 1 66 32 101 1 21 95 113 1 0 0 0 0 0 0 0 0 0 0 0 0 30 76 76 1 27 87 59 1 131 77 97 1 97 81 53 1 118 113 85 1 157 190 108 1 188 175 126 1 211 172 122 1 216 165 122 1 199 200 142 1 222 151 146 1 208 159 123 1 208 190 129 1 191 174 105 1 247 139 125 1 193 165 136 1 211 185 140 1 191 150 148 1 178 139 123 1 195 157 122 1 190 163 144 1 141 141 133 1 191 107 135 1
0 0 0 0 113 93 61 1 82 50 118 1 109 13 108 1 18 61 112 1 86 43 79 1 111 110 106 1 135 112 102 1 0 0 0 0 134 107 88 1 197 140 71 1 167 127 55 1 200 155 95 1 206 180 96 1 234 177 125 1 202 143 106 1 166 105 95 1 63 99 77 1 54 56 101 1 77 94 86 1 52 119 138 1 99 48 128 1 55 100 101 1 56 81 73 1 6 51 92 1 30 74 88 1 0 79 105 1 45 132 104 1 38 106 104 1 56 88 174 1 20 71 101 1 28 78 167 1 77 21 127 1 12 33 113 1 49 71 104 1 28 101 76 1 54 82 91 1 62 50 109 1 40 57 110 1 83 62 94 1 102 54 131 1 105 101 94 1 175 178 89 1 185 156 99 1 131 135 90 1 198 129 122 1 216 144 141 1 0 0 0 0 212 169 144 1 206 176 177 1 0 0 0 0 163 170 123 1 182 169 80 1 0 0 0 0 161 155 137 1 170 140 134 1 135 102 108 1 153 137 162 1 149 140 123 1 123 88 94 1 82 104 117 1
177 146 160 1 131 113 94 1 80 77 92 1 82 101 119 1 0 0 0 0 37 81 99 1 44 86 78 1 65 92 66 1 88 52 77 1 0 0 0 0 215 151 93 1 242 140 96 1 214 110 116 1 211 213 61 1 243 180 124 1 205 169 84 1 0 0 0 0 53 79 80 1 106 94 85 1 166 159 155 1 168 169 155 1 204 147 118 1 111 88 69 1 106 101 83 1 29 74 112 1 52 67 93 1 8 90 111 1 10 68 134 1 10 51 125 1 24 95 104 1 0 0 0 0 20 64 83 1 2 69 107 1 18 55 71 1 36 63 126 1 22 66 78 1 38 72 111 1 70 46 155 1 54 66 126 1 113 70 102 1 136 126 97 1 122 129 139 1 187 116 145 1 115 135 93 1 175 108 98 1 122 92 115 1 126 107 96 1 0 0 0 0 0 0 0 0 183 121 96 1 134 140 108 1 156 153 84 1 118 123 54 1 93 56 93 1 90 106 64 1 116 94 95 1 57 46 107 1 0 0 0 0 60 123 97 1 53 83 95 1 66 74 64 1