4
269 1571 83 64
121 36 61 1 46 35 48 1 55 49 40 1 48 91 34 1 88 58 79 1 69 82 7 1 65 46 61 1 114 91 67 1 92 52 69 1 81 100 14 1 102 104 94 1 0 0 0 0 123 53 84 1 75 78 64 1 0 0 0 0 0 0 0 0 70 39 5 1 66 32 36 1 0 0 0 0 54 26 79 1 6 18 36 1 55 12 60 1 62 83 57 1 26 86 32 1 34 77 52 1 75 60 53 1 59 89 81 1 42 74 48 1 0 0 0 0 0 0 0 0 11 47 58 1 33 36 46 1 45 67 43 1 78 89 62 1 62 123 31 1 100 61 28 1 55 23 40 1 19 66 47 1 41 35 43 1 61 123 63 1 90 106 68 1 85 77 89 1 0 0 0 0 0 0 0 0 82 72 82 1 65 88 92 1 67 107 12 1 61 69 50 1 63 69 55 1 40 65 68 1 58 59 43 1 0 0 0 0 93 76 82 1 43 85 68 1 49 112 68 1 25 98 63 1 30 86 91 1 87 86 92 1 91 135 53 1 107 118 79 1 105 73 98 1 122 129 51 1 156 134 98 1 111 132 69 1
64 89 59 1 71 106 85 1 47 53 54 1 59 46 0 1 28 41 24 1 43 92 17 1 86 92 9 1 57 58 66 1 90 91 65 1 98 119 100 1 102 103 78 1 113 83 107 1 89 61 82 1 14 22 57 1 40 48 76 1 47 48 16 1 48 26 51 1 38 43 7 1 26 70 46 1 22 36 98 1 21 39 31 1 35 42 62 1 2 65 89 1 32 42 47 1 23 62 25 1 77 34 67 1 53 63 36 1 68 63 71 1 55 77 68 1 51 56 70 1 70 93 46 1 16 71 46 1 55 53 49 1 64 73 20 1 59 87 46 1 40 84 64 1 29 52 53 1 15 45 58 1 71 66 58 1 60 106 45 1 32 91 57 1 83 110 61 1 54 97 85 1 70 90 65 1 0 0 0 0 0 0 0 0 78 87 37 1 15 61 35 1 48 107 39 1 47 53 58 1 69 103 61 1 91 46 75 1 45 82 55 1 34 53 44 1 13 55 27 1 19 66 36 1 44 84 43 1 62 60 66 1 83 82 56 1 0 0 0 0 38 62 10 1 105 90 66 1 125 103 136 1 136 151 94 1
107 42 41 1 47 56 62 1 81 47 42 1 46 47 49 1 34 55 30 1 8 54 60 1 16 78 35 1 18 53 69 1 91 81 33 1 92 112 53 1 0 0 0 0 78 125 42 1 72 85 39 1 16 63 65 1 26 42 50 1 0 0 0 0 58 27 9 1 25 50 43 1 29 76 62 1 28 40 36 1 0 61 53 1 26 85 59 1 0 48 18 1 80 55 13 1 50 52 37 1 54 79 84 1 54 119 48 1 62 97 117 1 68 93 74 1 63 104 77 1 50 77 77 1 34 75 53 1 29 85 54 1 31 72 67 1 42 41 52 1 65 81 49 1 48 53 74 1 0 31 28 1 0 50 33 1 42 38 60 1 49 53 55 1 87 95 74 1 90 99 51 1 68 79 113 1 85 104 83 1 0 0 0 0 49 61 64 1 54 49 52 1 31 67 65 1 22 88 86 1 36 63 59 1 76 84 46 1 85 105 38 1 63 54 76 1 29 95 35 1 31 104 47 1 20 87 62 1 26 81 57 1 60 86 50 1 69 74 78 1 49 101 85 1 102 93 78 1 106 88 87 1 88 108 63 1
75 96 73 1 75 91 37 1 56 83 122 1 0 0 0 0 39 70 50 1 0 0 0 0 54 7 35 1 0 0 0 0 57 75 54 1 106 102 49 1 179 105 79 1 109 83 25 1 75 48 76 1 51 70 46 1 36 56 58 1 14 47 17 1 0 0 0 0 39 108 56 1 29 27 58 1 0 78 46 1 29 57 40 1 0 77 94 1 29 58 27 1 20 22 69 1 43 49 60 1 46 77 72 1 46 63 65 1 38 68 48 1 87 78 64 1 86 81 92 1 11 55 57 1 63 54 79 1 6 53 48 1 0 0 0 0 29 69 66 1 31 76 54 1 84 124 31 1 15 14 61 1 27 57 80 1 42 95 41 1 63 46 20 1 64 49 64 1 97 88 83 1 47 58 45 1 0 0 0 0 61 79 59 1 60 92 56 1 18 93 13 1 34 87 76 1 5 45 64 1 0 0 0 0 39 70 39 1 46 62 58 1 31 100 71 1 36 100 49 1 83 93 72 1 35 82 42 1 84 69 53 1 77 71 43 1 72 69 35 1 101 73 66 1 94 60 48 1 117 98 72 1 78 71 64 1
137 82 72 1 85 80 53 1 61 63 81 1 23 75 57 1 55 49 85 1 2 47 58 1 43 32 80 1 33 32 38 1 83 83 83 1 124 73 79 1 171 135 76 1 0 0 0 0 70 81 66 1 36 33 81 1 36 56 30 1 48 46 5 1 67 42 37 1 29 90 21 1 15 55 64 1 29 22 70 1 1 71 44 1 13 41 62 1 37 43 61 1 78 41 24 1 54 36 49 1 61 45 41 1 59 61 72 1 77 90 53 1 0 0 0 0 61 76 38 1 23 68 70 1 32 36 16 1 0 0 0 0 0 52 25 1 12 94 85 1 42 79 25 1 19 50 65 1 16 70 45 1 0 50 75 1 47 74 37 1 0 0 0 0 67 48 65 1 68 88 88 1 23 78 71 1 26 82 37 1 0 58 63 1 0 0 0 0 61 54 50 1 32 78 34 1 36 76 60 1 59 2 45 1 0 0 0 0 30 38 50 1 30 35 47 1 21 66 40 1 11 94 63 1 67 26 71 1 25 34 39 1 87 42 46 1 64 85 28 1 46 78 36 1 40 66 59 1 87 92 21 1 77 47 85 1
138 123 74 1 0 0 0 0 86 124 83 1 66 110 85 1 80 55 73 1 36 40 38 1 51 99 48 1 89 57 54 1 106 71 57 1 86 99 25 1 87 60 104 1 66 127 77 1 109 115 78 1 46 106 67 1 54 62 59 1 0 0 0 0 37 59 3 1 32 50 39 1 57 40 18 1 19 38 72 1 0 0 0 0 1 53 67 1 40 67 65 1 31 69 23 1 82 43 79 1 100 69 72 1 69 47 26 1 72 71 49 1 60 9 52 1 116 77 55 1 55 50 45 1 20 38 20 1 0 18 17 1 20 79 43 1 20 75 70 1 38 25 91 1 19 56 55 1 0 44 28 1 16 63 6 1 0 28 45 1 73 71 70 1 79 89 89 1 40 35 82 1 48 73 95 1 42 50 90 1 23 36 88 1 10 45 29 1 47 52 61 1 50 64 45 1 39 78 74 1 37 41 48 1 0 0 0 0 47 50 73 1 70 80 71 1 47 86 72 1 79 86 101 1 60 74 87 1 34 73 43 1 16 48 45 1 32 67 73 1 42 49 26 1 0 0 0 0 0 0 0 0 31 44 43 1
148 113 56 1 139 134 97 1 113 119 106 1 93 126 82 1 113 120 96 1 0 0 0 0 118 59 77 1 151 122 64 1 123 56 82 1 77 81 82 1 0 0 0 0 59 103 59 1 74 38 49 1 57 98 27 1 86 103 111 1 65 88 110 1 56 73 76 1 59 60 28 1 25 33 29 1 25 60 78 1 38 67 0 1 59 41 33 1 52 73 48 1 51 74 48 1 89 100 74 1 142 87 50 1 97 105 62 1 90 70 21 1 72 108 75 1 91 100 89 1 110 36 68 1 52 80 63 1 35 97 35 1 62 31 57 1 74 85 36 1 78 50 26 1 58 63 63 1 46 15 58 1 38 13 41 1 88 79 40 1 109 94 94 1 165 119 95 1 0 0 0 0 87 55 97 1 14 72 47 1 40 19 51 1 32 45 49 1 0 0 0 0 9 33 24 1 25 75 98 1 31 59 43 1 79 76 36 1 105 89 25 1 66 133 102 1 71 65 68 1 48 112 51 1 22 30 61 1 15 14 48 1 0 66 45 1 1 68 32 1 0 0 0 0 29 79 33 1 0 0 0 0 0 0 0 0
0 0 0 0 108 92 92 1 106 103 43 1 169 116 69 1 109 115 85 1 126 114 65 1 94 96 54 1 145 102 103 1 91 121 86 1 83 87 74 1 66 52 52 1 99 61 68 1 95 71 81 1 99 85 78 1 85 111 79 1 97 118 114 1 91 65 98 1 70 56 54 1 22 58 14 1 0 0 0 0 64 78 32 1 71 112 75 1 140 101 60 1 0 0 0 0 134 134 102 1 131 105 67 1 50 64 40 1 53 80 45 1 0 0 0 0 69 45 29 1 70 45 46 1 51 58 44 1 55 42 24 1 72 63 52 1 119 115 60 1 96 118 41 1 77 116 87 1 108 72 51 1 111 94 68 1 90 118 111 1 154 137 116 1 190 133 58 1 124 115 91 1 87 92 71 1 56 70 47 1 0 0 0 0 16 112 57 1 42 85 66 1 52 32 56 1 9 90 62 1 58 42 71 1 84 71 36 1 0 0 0 0 123 131 73 1 79 51 61 1 0 0 0 0 0 71 29 1 0 53 26 1 4 50 57 1 7 26 44 1 0 54 16 1 0 44 60 1 0 28 75 1 0 38 68 1
27 90 47 1 59 91 85 1 108 137 91 1 108 157 75 1 128 121 73 1 94 75 48 1 146 102 71 1 125 115 75 1 77 93 80 1 62 82 68 1 81 83 75 1 40 100 72 1 66 74 89 1 68 100 48 1 102 90 55 1 125 88 29 1 79 53 61 1 42 86 17 1 42 51 55 1 68 74 58 1 68 71 61 1 91 138 97 1 122 130 47 1 109 114 116 1 127 119 92 1 140 129 76 1 108 93 50 1 71 64 19 1 47 60 48 1 50 83 80 1 50 65 69 1 37 27 91 1 86 102 47 1 118 55 61 1 82 107 46 1 124 118 90 1 78 131 95 1 190 130 98 1 117 94 71 1 173 136 63 1 128 138 114 1 176 136 114 1 104 119 57 1 119 118 61 1 43 24 36 1 0 0 0 0 0 0 0 0 30 29 41 1 74 30 80 1 97 89 50 1 43 54 79 1 0 0 0 0 85 106 111 1 124 122 60 1 42 68 64 1 15 72 51 1 7 21 39 1 0 0 0 0 30 50 49 1 0 41 71 1 1 48 75 1 0 22 32 1 0 24 12 1 65 74 57 1
36 94 70 1 0 0 0 0 97 92 73 1 0 0 0 0 146 134 56 1 151 118 65 1 144 115 71 1 120 83 64 1 89 110 53 1 110 74 70 1 79 88 30 1 0 0 0 0 81 74 71 1 91 101 118 1 89 91 93 1 79 90 76 1 97 97 65 1 81 70 83 1 39 87 47 1 95 57 51 1 116 73 78 1 109 69 61 1 126 132 87 1 155 119 87 1 124 119 83 1 120 114 81 1 81 53 49 1 87 67 59 1 50 88 58 1 77 103 78 1 52 51 66 1 101 66 13 1 143 81 79 1 93 77 62 1 113 120 25 1 106 125 83 1 100 119 75 1 104 99 61 1 0 0 0 0 132 65 84 1 180 141 94 1 157 127 73 1 116 134 68 1 112 103 70 1 55 77 83 1 79 58 47 1 42 76 14 1 11 53 13 1 23 94 59 1 62 60 42 1 52 88 74 1 51 59 89 1 124 74 88 1 0 0 0 0 59 71 9 1 24 37 67 1 19 44 62 1 10 2 8 1 65 65 50 1 21 49 24 1 66 39 46 1 0 0 0 0 0 40 53 1 0 52 0 1
11 29 42 1 43 57 25 1 52 111 99 1 0 0 0 0 122 122 54 1 159 130 62 1 105 92 51 1 93 102 27 1 73 85 62 1 51 64 83 1 71 89 44 1 45 109 41 1 60 116 60 1 92 103 73 1 83 96 63 1 100 131 88 1 0 0 0 0 139 55 101 1 0 0 0 0 112 98 43 1 118 96 56 1 121 118 89 1 108 115 76 1 168 163 92 1 146 104 49 1 81 103 60 1 142 90 72 1 127 58 79 1 147 71 61 1 68 45 66 1 109 70 70 1 73 73 64 1 104 75 86 1 78 103 50 1 86 66 32 1 132 99 94 1 143 78 110 1 171 55 59 1 148 115 75 1 132 124 89 1 147 85 86 1 96 85 60 1 109 94 94 1 52 150 92 1 109 91 52 1 22 97 73 1 0 111 13 1 44 56 80 1 89 83 94 1 0 0 0 0 62 68 63 1 50 91 58 1 28 79 87 1 33 42 67 1 64 22 38 1 0 0 0 0 44 54 10 1 0 23 40 1 28 55 33 1 22 70 54 1 0 20 57 1 0 6 55 1 0 0 0 0 3 0 33 1
1 80 70 1 38 80 70 1 25 51 42 1 0 0 0 0 132 135 71 1 144 64 58 1 65 95 45 1 0 0 0 0 88 104 45 1 66 66 31 1 44 81 55 1 78 60 53 1 56 65 49 1 101 102 97 1 93 112 107 1 89 107 69 1 110 77 68 1 96 118 108 1 91 100 31 1 117 88 70 1 172 70 84 1 105 112 95 1 116 82 47 1 124 113 80 1 113 72 52 1 60 86 72 1 103 105 79 1 127 117 110 1 101 148 46 1 40 82 71 1 57 77 49 1 106 53 85 1 94 94 57 1 144 112 67 1 79 88 34 1 89 87 74 1 114 100 79 1 0 0 0 0 147 75 94 1 106 75 102 1 154 92 122 1 125 151 85 1 141 156 40 1 138 68 88 1 0 0 0 0 68 70 66 1 44 56 49 1 90 68 36 1 84 72 65 1 87 84 47 1 38 66 48 1 29 94 20 1 12 67 57 1 17 61 28 1 0 46 26 1 0 35 44 1 0 84 15 1 1 30 0 1 29 61 34 1 26 33 87 1 15 49 56 1 0 43 33 1 18 9 33 1 3 22 20 1
40 113 42 1 40 53 45 1 117 63 52 1 106 114 89 1 112 105 85 1 86 97 87 1 16 86 72 1 41 44 46 1 51 65 34 1 95 80 60 1 64 62 47 1 33 51 74 1 60 75 34 1 0 0 0 0 85 93 105 1 92 93 25 1 111 125 92 1 97 82 63 1 84 91 53 1 73 120 67 1 122 79 47 1 0 0 0 0 130 78 67 1 0 0 0 0 46 93 88 1 107 111 56 1 123 108 51 1 126 121 100 1 0 0 0 0 96 50 56 1 68 68 77 1 100 103 58 1 106 139 75 1 114 107 33 1 87 110 42 1 80 109 83 1 89 82 52 1 98 86 63 1 122 103 54 1 112 102 12 1 91 129 70 1 0 0 0 0 111 103 45 1 135 85 74 1 95 50 71 1 0 0 0 0 48 29 68 1 59 73 81 1 43 100 86 1 85 57 23 1 0 0 0 0 24 40 62 1 28 10 33 1 0 77 73 1 0 35 69 1 5 37 16 1 11 39 15 1 4 35 53 1 14 42 36 1 4 38 47 1 28 43 59 1 0 59 9 1 19 35 79 1 0 26 35 1
112 89 83 1 107 51 78 1 77 100 85 1 131 102 107 1 0 0 0 0 0 0 0 0 40 140 16 1 55 43 68 1 22 73 65 1 94 67 61 1 0 0 0 0 64 91 76 1 55 57 88 1 75 95 90 1 86 99 54 1 0 0 0 0 107 71 89 1 108 58 45 1 38 57 62 1 51 74 105 1 0 0 0 0 80 82 47 1 71 105 61 1 80 49 18 1 81 143 101 1 81 60 34 1 0 0 0 0 146 103 50 1 110 139 38 1 130 89 101 1 74 112 71 1 96 106 93 1 80 136 54 1 105 172 62 1 95 150 44 1 88 123 66 1 63 118 47 1 0 0 0 0 77 116 70 1 110 105 60 1 68 77 69 1 57 55 77 1 48 61 59 1 75 147 80 1 81 57 39 1 65 60 70 1 61 63 58 1 57 86 47 1 61 60 43 1 49 49 21 1 26 49 31 1 0 57 49 1 7 42 47 1 0 51 45 1 0 0 0 0 5 19 77 1 31 59 2 1 0 23 21 1 0 12 45 1 0 30 25 1 0 64 57 1 31 45 34 1 0 63 7 1 0 31 34 1
115 78 122 1 116 97 102 1 90 117 70 1 113 91 69 1 0 0 0 0 128 117 64 1 66 79 94 1 0 0 0 0 60 103 96 1 102 112 74 1 88 97 43 1 109 113 42 1 0 0 0 0 77 67 21 1 51 53 45 1 0 0 0 0 27 82 74 1 41 65 47 1 39 58 55 1 74 75 26 1 28 73 29 1 36 36 55 1 44 111 98 1 88 134 77 1 0 0 0 0 50 93 76 1 0 0 0 0 126 112 65 1 138 111 48 1 128 135 55 1 136 96 63 1 107 117 92 1 130 133 84 1 133 91 64 1 73 108 67 1 83 100 92 1 45 45 59 1 45 47 47 1 48 77 56 1 43 80 61 1 64 103 57 1 5 99 69 1 80 78 36 1 68 81 46 1 81 77 67 1 56 75 60 1 28 90 41 1 0 52 35 1 0 0 0 0 30 55 54 1 21 18 60 1 0 65 29 1 44 75 41 1 0 7 39 1 16 55 37 1 0 80 31 1 8 74 64 1 0 0 0 0 18 44 27 1 6 70 56 1 6 32 61 1 33 58 15 1 6 20 40 1 0 0 3 1
135 114 71 1 0 0 0 0 102 83 43 1 101 92 111 1 0 0 0 0 125 84 72 1 0 0 0 0 50 71 69 1 98 58 57 1 72 119 31 1 125 84 73 1 96 115 60 1 116 98 70 1 93 80 53 1 0 0 0 0 12 46 87 1 0 0 0 0 18 40 50 1 26 63 49 1 34 70 30 1 2 59 59 1 19 76 89 1 44 66 25 1 54 49 59 1 66 77 75 1 71 53 89 1 90 70 65 1 109 117 75 1 180 111 80 1 153 130 85 1 128 178 65 1 167 100 87 1 112 107 37 1 126 118 75 1 140 98 69 1 100 90 60 1 37 106 67 1 25 59 19 1 51 28 58 1 40 66 59 1 33 81 30 1 22 64 37 1 38 77 48 1 15 83 46 1 86 58 34 1 62 78 78 1 0 0 0 0 2 45 49 1 2 61 77 1 0 0 0 0 0 0 0 0 6 20 45 1 3 19 35 1 0 0 0 0 0 36 0 1 0 26 44 1 10 33 50 1 0 52 12 1 0 49 26 1 15 33 68 1 0 41 46 1 1 52 39 1 0 59 34 1 11 45 62 1
81 127 36 1 87 109 53 1 85 66 62 1 0 0 0 0 0 0 0 0 0 0 0 0 62 79 52 1 61 93 62 1 24 92 52 1 0 0 0 0 100 90 65 1 83 74 14 1 99 80 62 1 78 72 62 1 27 77 57 1 0 39 19 1 6 72 40 1 0 0 0 0 42 70 49 1 51 86 53 1 0 88 44 1 13 64 77 1 37 43 57 1 7 77 100 1 27 103 36 1 0 0 0 0 8 63 66 1 79 101 56 1 153 123 58 1 93 87 52 1 123 110 54 1 159 112 81 1 119 92 67 1 92 108 73 1 45 98 92 1 53 57 28 1 63 52 28 1 48 49 36 1 53 25 79 1 79 64 37 1 0 0 0 0 30 91 79 1 27 89 78 1 69 82 83 1 0 0 0 0 0 0 0 0 0 0 0 0 3 63 67 1 0 0 0 0 0 0 0 0 4 69 14 1 37 65 29 1 27 59 37 1 57 57 25 1 0 44 53 1 0 27 38 1 0 58 23 1 31 74 26 1 0 63 58 1 20 69 28 1 0 59 14 1 4 44 48 1 0 81 36 1 2 40 44 1
96 79 79 1 45 114 26 1 0 0 0 0 95 108 52 1 57 78 47 1 53 79 71 1 75 88 68 1 119 97 92 1 0 0 0 0 79 75 52 1 72 101 56 1 79 99 86 1 55 96 50 1 0 0 0 0 28 45 65 1 0 35 20 1 20 29 37 1 72 67 69 1 85 69 61 1 82 101 85 1 44 90 43 1 54 51 0 1 67 73 85 1 59 48 44 1 44 18 14 1 49 35 67 1 37 42 56 1 57 85 48 1 117 76 92 1 151 139 60 1 94 127 65 1 120 119 100 1 115 107 48 1 80 122 53 1 94 103 41 1 61 82 65 1 55 87 58 1 8 69 56 1 9 59 30 1 21 33 39 1 61 59 32 1 39 59 57 1 81 67 53 1 60 95 77 1 0 0 0 0 68 80 61 1 0 0 0 0 0 0 0 0 0 33 42 1 57 26 29 1 57 66 60 1 18 56 10 1 33 30 72 1 44 62 71 1 5 69 64 1 0 0 0 0 0 0 34 1 1 36 38 1 7 43 59 1 21 34 44 1 0 58 35 1 0 59 78 1 0 34 50 1 5 38 64 1
104 97 55 1 51 79 32 1 45 102 35 1 66 64 54 1 80 80 68 1 73 102 77 1 94 94 102 1 128 110 116 1 146 91 100 1 123 105 104 1 75 72 92 1 69 55 31 1 83 86 59 1 63 115 68 1 62 50 32 1 27 79 15 1 84 74 80 1 40 101 73 1 108 95 107 1 125 29 62 1 41 89 93 1 0 0 0 0 53 74 59 1 49 72 74 1 53 53 42 1 57 63 50 1 57 91 72 1 74 97 65 1 140 68 90 1 0 0 0 0 121 106 83 1 155 100 122 1 120 92 69 1 115 132 70 1 74 73 90 1 79 103 92 1 57 91 60 1 34 74 44 1 0 0 0 0 57 47 66 1 0 0 0 0 38 57 42 1 0 64 87 1 68 94 69 1 44 52 79 1 62 44 74 1 94 66 75 1 21 51 58 1 19 69 26 1 22 13 56 1 23 48 60 1 24 63 60 1 44 44 79 1 0 86 28 1 0 78 3 1 6 58 78 1 21 42 9 1 25 42 44 1 15 40 59 1 1 57 42 1 6 38 5 1 0 36 18 1 0 69 38 1 0 43 27 1
97 106 63 1 0 0 0 0 55 63 34 1 79 94 62 1 52 86 82 1 93 79 42 1 100 83 70 1 0 0 0 0 85 131 53 1 70 111 61 1 89 44 54 1 135 100 97 1 67 102 63 1 103 83 90 1 0 0 0 0 58 81 51 1 100 81 41 1 92 116 22 1 141 93 65 1 0 0 0 0 61 51 51 1 29 88 31 1 55 38 59 1 63 44 75 1 70 101 47 1 138 113 54 1 0 0 0 0 103 114 87 1 0 0 0 0 118 133 87 1 131 139 87 1 139 140 101 1 119 123 131 1 136 131 34 1 96 92 76 1 113 81 68 1 0 0 0 0 90 63 53 1 40 46 76 1 42 50 16 1 50 74 47 1 32 76 60 1 35 60 58 1 4 39 65 1 46 44 36 1 32 66 41 1 0 0 0 0 109 87 58 1 51 57 8 1 60 59 62 1 45 64 90 1 12 12 33 1 62 87 64 1 48 22 69 1 74 63 64 1 0 77 66 1 3 60 50 1 0 50 53 1 0 25 68 1 0 90 63 1 0 76 19 1 0 61 73 1 0 46 14 1 8 0 33 1
141 118 59 1 114 113 63 1 102 123 76 1 42 84 54 1 65 124 51 1 72 77 49 1 83 115 39 1 0 0 0 0 74 91 64 1 46 35 53 1 54 78 67 1 98 45 45 1 107 111 109 1 66 123 54 1 91 76 73 1 72 88 59 1 43 90 77 1 111 115 41 1 127 84 66 1 74 113 100 1 53 69 75 1 0 0 0 0 15 53 55 1 78 54 52 1 64 83 78 1 108 137 50 1 127 112 75 1 97 114 104 1 87 91 46 1 107 99 72 1 118 108 92 1 141 75 75 1 80 131 86 1 119 90 47 1 96 59 76 1 0 0 0 0 108 116 105 1 104 66 39 1 29 82 64 1 45 61 59 1 60 30 89 1 29 21 26 1 42 22 55 1 0 72 0 1 42 29 40 1 69 35 65 1 111 103 69 1 0 0 0 0 91 89 80 1 72 107 50 1 71 79 90 1 9 38 58 1 25 68 47 1 86 46 102 1 53 43 59 1 17 38 64 1 4 62 37 1 0 47 79 1 0 0 0 0 0 35 0 1 12 65 53 1 0 45 68 1 0 83 66 1 0 0 0 0
144 112 87 1 146 123 109 1 133 160 115 1 83 115 34 1 72 99 41 1 44 104 43 1 61 43 29 1 74 33 53 1 0 17 46 1 0 0 0 0 32 77 65 1 108 87 72 1 135 117 97 1 104 94 89 1 67 129 4 1 115 109 58 1 64 53 90 1 79 85 35 1 64 73 50 1 0 0 0 0 49 38 62 1 22 37 23 1 0 87 53 1 87 53 87 1 116 114 72 1 110 97 95 1 128 128 79 1 75 70 80 1 80 71 75 1 101 108 73 1 123 62 30 1 91 92 34 1 79 98 55 1 94 105 98 1 137 89 98 1 128 62 77 1 141 85 112 1 94 114 78 1 62 105 30 1 68 64 72 1 37 73 43 1 0 0 0 0 0 0 0 0 52 79 43 1 21 47 47 1 31 64 22 1 60 100 81 1 99 120 59 1 125 83 80 1 86 100 64 1 57 112 67 1 77 103 71 1 44 89 76 1 78 76 53 1 35 72 59 1 7 88 44 1 4 60 20 1 0 35 39 1 3 32 52 1 2 23 12 1 2 37 27 1 12 40 52 1 17 21 55 1 0 11 43 1
159 148 137 1 127 150 126 1 131 119 76 1 155 143 104 1 149 129 66 1 141 119 120 1 64 145 71 1 64 44 74 1 7 52 59 1 6 58 53 1 48 61 74 1 95 81 59 1 94 109 90 1 119 85 73 1 118 130 85 1 104 87 71 1 82 90 60 1 72 74 60 1 73 97 79 1 83 54 55 1 0 0 0 0 0 0 0 0 0 43 28 1 17 112 85 1 80 74 83 1 69 47 79 1 109 104 61 1 112 120 113 1 47 87 76 1 82 84 70 1 86 80 99 1 87 62 92 1 90 90 64 1 57 103 107 1 89 91 94 1 64 93 98 1 96 77 65 1 77 59 44 1 93 32 76 1 0 0 0 0 8 48 58 1 19 30 33 1 72 76 70 1 23 68 46 1 49 80 45 1 32 64 56 1 0 0 0 0 76 91 77 1 86 98 44 1 86 87 78 1 67 56 19 1 0 0 0 0 36 95 64 1 27 93 64 1 0 47 71 1 37 58 61 1 0 0 0 0 0 40 25 1 34 56 41 1 14 56 20 1 24 70 28 1 0 43 62 1 10 62 13 1 4 23 31 1
192 158 97 1 0 0 0 0 123 129 88 1 179 130 93 1 189 139 95 1 192 120 98 1 151 79 85 1 132 86 74 1 37 45 69 1 13 52 51 1 66 85 19 1 31 17 38 1 111 115 78 1 109 113 47 1 132 125 81 1 113 98 113 1 112 159 76 1 118 121 100 1 54 75 89 1 110 88 63 1 86 53 39 1 0 0 0 0 25 47 48 1 23 33 70 1 28 66 60 1 0 0 0 0 99 122 126 1 73 87 98 1 80 95 106 1 0 0 0 0 102 90 61 1 113 115 102 1 0 0 0 0 63 80 13 1 102 88 67 1 113 93 72 1 65 103 42 1 106 70 95 1 58 38 56 1 58 102 46 1 39 77 30 1 52 41 88 1 59 98 44 1 55 62 54 1 59 83 57 1 44 71 40 1 0 0 0 0 88 57 58 1 47 153 82 1 41 110 62 1 56 52 70 1 0 81 40 1 6 68 52 1 5 44 77 1 0 46 2 1 0 66 71 1 0 67 66 1 0 40 47 1 0 0 0 0 7 30 44 1 0 49 13 1 8 20 65 1 0 16 55 1 0 39 73 1
170 155 107 1 201 145 96 1 124 129 122 1 154 82 132 1 159 162 70 1 231 153 110 1 174 150 115 1 199 92 148 1 108 98 92 1 90 90 84 1 68 97 48 1 105 61 66 1 0 0 0 0 90 100 104 1 0 0 0 0 0 0 0 0 95 95 39 1 94 96 36 1 0 0 0 0 84 65 119 1 106 91 107 1 36 82 78 1 18 71 8 1 0 0 0 0 64 67 5 1 72 109 30 1 86 116 71 1 93 93 72 1 71 92 88 1 54 97 63 1 99 97 67 1 133 85 82 1 94 107 76 1 55 82 57 1 51 91 112 1 105 100 79 1 112 83 74 1 0 0 0 0 102 95 45 1 54 74 17 1 29 92 117 1 59 53 57 1 49 97 48 1 84 79 36 1 82 48 25 1 36 94 41 1 0 0 0 0 76 110 91 1 119 85 94 1 77 103 39 1 36 70 65 1 53 54 73 1 17 35 65 1 0 59 5 1 0 24 30 1 46 39 0 1 2 10 22 1 17 50 39 1 0 0 0 0 0 52 2 1 0 23 29 1 0 9 55 1 22 33 23 1 0 30 46 1
0 0 0 0 165 178 94 1 0 0 0 0 159 181 124 1 215 176 129 1 183 145 102 1 185 129 74 1 202 115 88 1 199 158 93 1 162 115 118 1 159 108 99 1 133 64 76 1 86 90 68 1 104 127 150 1 77 104 64 1 56 90 78 1 36 64 69 1 120 104 57 1 76 68 69 1 83 76 71 1 70 71 57 1 0 0 0 0 23 40 75 1 16 30 69 1 0 0 0 0 72 54 39 1 89 92 33 1 68 98 46 1 113 130 100 1 113 88 100 1 123 54 20 1 77 90 26 1 79 92 75 1 91 86 16 1 96 88 64 1 112 121 82 1 180 118 74 1 104 99 78 1 72 61 60 1 30 122 55 1 68 72 44 1 43 73 72 1 61 89 88 1 46 35 67 1 51 70 83 1 93 81 71 1 15 81 37 1 89 84 84 1 96 85 84 1 93 91 93 1 84 138 68 1 84 107 62 1 18 60 62 1 0 0 0 0 0 34 73 1 15 54 30 1 0 42 44 1 0 0 63 1 17 72 25 1 0 49 49 1 17 52 75 1 7 22 55 1 0 63 40 1 7 34 56 1
207 190 143 1 173 128 110 1 155 115 128 1 195 198 153 1 244 208 101 1 199 179 102 1 167 164 84 1 173 113 100 1 0 0 0 0 0 0 0 0 171 151 122 1 157 145 65 1 84 81 50 1 109 74 79 1 92 53 94 1 45 78 67 1 76 80 68 1 81 96 95 1 80 82 78 1 81 85 63 1 96 71 76 1 0 0 0 0 15 61 25 1 57 67 31 1 47 57 20 1 6 60 43 1 76 33 21 1 112 118 49 1 144 105 109 1 118 104 36 1 127 125 60 1 107 110 58 1 106 99 74 1 49 37 64 1 0 0 0 0 86 62 64 1 111 101 66 1 122 90 60 1 81 71 77 1 67 79 11 1 84 103 87 1 64 63 27 1 79 82 65 1 41 94 69 1 65 80 15 1 70 141 66 1 57 110 41 1 111 89 52 1 0 0 0 0 0 0 0 0 75 94 86 1 0 0 0 0 27 102 76 1 6 56 43 1 7 31 44 1 0 32 27 1 0 44 37 1 0 81 31 1 0 0 0 0 0 0 0 0 0 45 19 1 0 44 57 1 0 23 47 1 0 28 40 1
0 0 0 0 181 163 100 1 169 211 116 1 213 189 121 1 255 188 145 1 216 173 84 1 171 123 94 1 137 126 109 1 158 91 90 1 162 126 100 1 172 132 71 1 154 149 134 1 158 109 98 1 91 128 74 1 149 84 75 1 0 0 0 0 123 83 48 1 84 84 54 1 111 84 35 1 0 0 0 0 74 108 72 1 10 112 82 1 0 0 0 0 33 53 61 1 44 48 48 1 41 90 55 1 46 73 46 1 128 165 91 1 106 143 54 1 125 134 85 1 121 108 69 1 106 106 67 1 77 91 72 1 45 73 48 1 69 54 61 1 93 61 88 1 122 107 81 1 90 108 88 1 110 108 47 1 31 82 88 1 56 59 57 1 50 80 61 1 58 53 57 1 57 51 31 1 66 83 67 1 63 121 77 1 61 77 76 1 72 116 41 1 120 113 72 1 80 132 51 1 102 105 93 1 44 68 92 1 57 105 56 1 21 83 56 1 0 0 0 0 36 41 71 1 0 8 9 1 0 35 40 1 0 60 17 1 0 0 0 0 34 19 25 1 0 72 39 1 0 40 53 1 28 39 6 1
200 148 142 1 210 190 103 1 229 184 96 1 223 171 150 1 203 174 131 1 188 156 110 1 173 157 109 1 164 156 100 1 161 164 112 1 163 118 68 1 121 74 76 1 129 123 120 1 144 125 99 1 154 91 117 1 172 98 101 1 147 110 84 1 133 117 86 1 114 107 72 1 61 54 62 1 52 82 19 1 77 52 76 1 0 0 0 0 43 41 59 1 34 36 30 1 76 120 105 1 97 99 53 1 105 105 93 1 110 159 76 1 109 106 75 1 0 0 0 0 115 113 59 1 155 114 78 1 0 0 0 0 117 82 119 1 93 72 48 1 94 102 15 1 107 92 64 1 79 98 67 1 65 95 45 1 96 89 42 1 64 75 81 1 68 96 67 1 58 82 57 1 101 94 85 1 103 93 73 1 78 109 69 1 77 76 83 1 22 92 68 1 95 84 40 1 75 155 55 1 93 101 34 1 0 0 0 0 61 86 78 1 90 97 35 1 89 62 86 1 41 79 70 1 0 75 75 1 65 62 37 1 0 73 21 1 0 57 57 1 20 8 29 1 34 18 37 1 2 0 22 1 30 29 46 1
135 130 100 1 145 154 127 1 0 0 0 0 210 194 91 1 216 185 161 1 218 155 161 1 207 215 113 1 0 0 0 0 112 139 93 1 168 136 104 1 159 111 76 1 119 96 108 1 107 96 63 1 128 136 100 1 132 129 43 1 147 107 122 1 117 157 98 1 77 110 59 1 60 55 35 1 31 88 49 1 98 97 27 1 0 0 0 0 96 98 34 1 84 112 62 1 101 129 86 1 109 116 34 1 124 92 66 1 134 128 52 1 112 109 68 1 63 109 66 1 112 70 32 1 118 111 85 1 139 124 115 1 0 0 0 0 163 145 99 1 117 128 113 1 92 100 40 1 97 105 69 1 120 112 84 1 95 83 68 1 99 85 75 1 88 83 38 1 108 86 75 1 121 127 75 1 74 79 88 1 81 71 48 1 124 128 60 1 54 105 73 1 71 90 79 1 90 125 68 1 77 118 85 1 111 79 86 1 68 69 83 1 56 86 62 1 28 88 68 1 44 102 78 1 61 45 74 1 34 57 39 1 38 50 8 1 0 66 55 1 70 81 34 1 19 74 23 1 0 44 59 1 90 69 115 1
180 124 58 1 177 135 88 1 192 170 119 1 127 166 117 1 221 165 103 1 0 0 0 0 166 159 102 1 133 157 138 1 172 107 113 1 190 156 115 1 149 171 105 1 163 158 75 1 0 0 0 0 105 90 78 1 0 0 0 0 122 96 79 1 132 107 83 1 133 101 92 1 101 34 48 1 83 72 47 1 63 17 56 1 71 69 69 1 89 113 53 1 65 123 66 1 0 0 0 0 117 150 54 1 108 114 77 1 110 116 36 1 102 137 94 1 96 106 101 1 139 118 68 1 140 132 65 1 139 120 68 1 134 112 81 1 134 109 103 1 147 119 69 1 117 102 100 1 105 116 103 1 147 146 107 1 110 106 78 1 65 89 79 1 109 75 63 1 110 65 77 1 90 100 69 1 0 0 0 0 0 0 0 0 91 66 75 1 97 106 62 1 71 129 63 1 81 56 87 1 111 126 72 1 145 100 89 1 110 76 52 1 78 79 72 1 53 72 58 1 0 0 0 0 0 0 0 0 84 78 18 1 67 78 71 1 0 45 62 1 16 28 18 1 71 53 44 1 49 75 97 1 96 86 76 1
173 165 88 1 179 155 86 1 132 185 119 1 164 170 133 1 184 156 160 1 164 138 81 1 168 144 146 1 138 114 71 1 172 160 90 1 0 0 0 0 197 157 119 1 202 156 163 1 201 149 87 1 123 139 104 1 66 98 110 1 96 88 81 1 103 94 87 1 130 94 63 1 95 39 70 1 82 88 41 1 117 54 52 1 63 96 55 1 81 98 49 1 80 120 17 1 102 65 97 1 105 114 32 1 108 133 83 1 105 116 68 1 127 97 48 1 86 105 73 1 115 136 66 1 126 103 35 1 0 0 0 0 132 121 92 1 0 0 0 0 126 95 57 1 139 131 127 1 103 106 136 1 174 113 79 1 97 124 102 1 152 106 53 1 68 94 0 1 129 96 103 1 101 95 72 1 84 103 80 1 90 109 107 1 134 130 71 1 114 114 93 1 97 84 101 1 0 0 0 0 53 146 35 1 82 125 65 1 87 55 17 1 28 79 51 1 53 58 35 1 54 57 13 1 67 98 37 1 64 75 126 1 93 98 65 1 0 0 0 0 34 50 69 1 71 46 59 1 97 85 100 1 88 94 74 1
211 151 122 1 191 160 161 1 197 155 111 1 176 153 146 1 173 157 134 1 155 171 111 1 174 163 130 1 0 0 0 0 164 154 91 1 202 164 84 1 183 139 138 1 190 159 133 1 181 107 113 1 152 159 93 1 152 94 76 1 89 117 59 1 86 75 56 1 105 103 36 1 102 118 57 1 73 76 66 1 96 91 37 1 43 49 73 1 41 70 26 1 43 57 18 1 51 75 91 1 77 81 82 1 0 0 0 0 80 124 69 1 122 133 99 1 102 124 88 1 109 122 86 1 119 86 45 1 111 146 93 1 191 109 48 1 0 0 0 0 120 114 95 1 138 100 90 1 146 170 93 1 131 111 52 1 157 107 50 1 79 134 78 1 76 86 72 1 116 85 98 1 94 106 98 1 92 90 77 1 0 0 0 0 104 108 66 1 104 115 104 1 92 109 69 1 107 97 41 1 54 62 96 1 53 90 44 1 57 42 62 1 69 52 59 1 65 52 43 1 54 105 10 1 72 112 82 1 139 95 72 1 85 126 42 1 97 56 58 1 56 37 59 1 53 36 54 1 114 74 46 1 94 78 76 1
168 174 117 1 160 162 95 1 186 147 129 1 154 162 104 1 180 150 122 1 142 144 112 1 181 147 94 1 165 159 98 1 185 137 94 1 186 131 104 1 171 175 78 1 181 164 142 1 156 141 128 1 153 137 135 1 138 112 68 1 145 132 89 1 110 165 99 1 94 59 102 1 99 68 56 1 98 131 56 1 83 56 42 1 61 114 77 1 107 74 120 1 91 78 48 1 77 82 51 1 109 96 75 1 97 96 85 1 79 62 32 1 110 73 42 1 71 95 46 1 102 121 72 1 46 86 48 1 97 87 58 1 144 119 92 1 0 0 0 0 140 113 78 1 113 144 63 1 103 158 83 1 146 95 57 1 135 62 83 1 113 122 83 1 83 113 68 1 111 104 54 1 87 79 70 1 81 72 51 1 45 82 81 1 132 112 53 1 83 87 85 1 97 119 41 1 100 127 56 1 104 90 43 1 70 47 41 1 87 89 57 1 56 33 82 1 50 83 60 1 69 76 89 1 130 64 90 1 120 120 80 1 148 94 88 1 0 0 0 0 57 54 48 1 92 59 80 1 0 0 0 0 68 95 56 1
190 182 131 1 165 163 148 1 147 152 118 1 121 150 97 1 164 144 106 1 155 118 87 1 184 142 123 1 218 73 140 1 174 139 79 1 0 0 0 0 167 162 112 1 201 157 115 1 129 149 110 1 0 0 0 0 172 172 119 1 182 124 100 1 121 77 117 1 117 120 103 1 130 125 88 1 162 86 81 1 109 68 62 1 116 46 69 1 86 58 12 1 86 70 22 1 70 72 38 1 63 93 63 1 55 84 75 1 41 70 48 1 40 65 83 1 68 51 29 1 81 96 66 1 77 95 45 1 0 0 0 0 154 137 95 1 189 128 59 1 157 88 64 1 145 157 110 1 105 122 120 1 124 104 82 1 96 143 74 1 97 106 94 1 112 124 71 1 91 86 75 1 93 89 79 1 0 0 0 0 62 67 92 1 105 70 89 1 41 85 99 1 145 132 61 1 128 112 100 1 111 104 82 1 105 148 53 1 92 50 60 1 106 53 70 1 0 0 0 0 0 0 0 0 117 74 62 1 161 114 75 1 143 90 84 1 127 87 81 1 147 75 84 1 89 127 92 1 51 74 77 1 0 0 0 0
187 150 102 1 152 119 140 1 163 159 121 1 176 171 104 1 174 140 119 1 152 149 98 1 170 111 77 1 198 154 131 1 0 0 0 0 152 136 55 1 161 134 127 1 160 174 127 1 178 179 135 1 198 191 131 1 207 171 112 1 199 188 150 1 151 114 103 1 67 135 84 1 137 78 46 1 0 0 0 0 119 55 71 1 48 86 69 1 79 64 88 1 69 94 73 1 82 107 47 1 0 0 0 0 73 98 38 1 0 0 0 0 95 102 72 1 76 74 83 1 61 52 47 1 140 102 85 1 94 70 40 1 187 129 39 1 132 104 73 1 126 151 55 1 149 123 106 1 167 156 56 1 150 137 87 1 128 126 91 1 108 150 63 1 141 101 105 1 85 91 78 1 56 118 24 1 67 39 54 1 84 111 74 1 55 115 89 1 141 108 98 1 162 131 61 1 0 0 0 0 0 0 0 0 149 140 70 1 84 130 57 1 46 79 65 1 15 47 52 1 75 70 32 1 0 0 0 0 123 73 49 1 154 95 52 1 133 156 71 1 103 108 62 1 61 60 65 1 114 46 87 1 79 85 76 1
163 93 98 1 157 134 111 1 140 151 82 1 114 150 141 1 217 198 114 1 201 156 126 1 208 192 133 1 227 139 114 1 181 202 114 1 157 147 143 1 223 135 148 1 192 165 121 1 191 142 142 1 214 180 67 1 0 0 0 0 185 196 164 1 170 160 159 1 108 97 91 1 87 111 24 1 124 116 53 1 0 0 0 0 119 111 26 1 0 0 0 0 102 131 78 1 74 90 79 1 80 132 56 1 103 88 51 1 110 107 111 1 116 111 61 1 113 84 78 1 104 117 88 1 123 114 77 1 90 97 74 1 79 128 73 1 122 156 72 1 148 96 72 1 153 138 73 1 0 0 0 0 98 134 102 1 0 0 0 0 106 107 70 1 119 114 47 1 84 151 77 1 112 90 68 1 97 119 84 1 115 102 101 1 148 134 111 1 181 66 102 1 179 147 164 1 186 163 95 1 155 151 83 1 119 65 112 1 94 93 48 1 102 51 58 1 27 84 16 1 87 97 55 1 118 114 76 1 0 0 0 0 155 81 89 1 147 123 98 1 112 134 93 1 0 0 0 0 94 98 63 1 114 97 82 1
145 64 85 1 119 102 94 1 149 96 125 1 0 0 0 0 170 158 119 1 202 170 154 1 186 141 133 1 207 183 116 1 182 163 87 1 196 122 117 1 0 0 0 0 0 0 0 0 204 191 106 1 166 113 115 1 0 0 0 0 183 180 107 1 123 92 84 1 146 122 54 1 89 72 78 1 0 0 0 0 102 95 78 1 29 70 46 1 63 57 68 1 93 2 53 1 100 92 85 1 102 102 65 1 100 92 100 1 104 80 53 1 105 61 83 1 147 115 89 1 119 100 43 1 139 62 54 1 92 67 89 1 146 121 42 1 112 74 55 1 142 105 61 1 0 0 0 0 134 105 62 1 105 97 81 1 93 133 68 1 115 96 59 1 79 103 56 1 114 123 98 1 0 0 0 0 92 82 63 1 115 99 76 1 104 137 86 1 171 133 61 1 182 169 74 1 0 0 0 0 0 0 0 0 98 120 72 1 98 93 65 1 0 0 0 0 29 72 65 1 60 94 25 1 94 69 97 1 89 120 72 1 164 114 89 1 168 123 93 1 124 113 90 1 124 121 66 1 133 88 92 1 122 78 94 1
176 125 90 1 0 0 0 0 90 146 84 1 186 139 93 1 139 128 113 1 162 141 108 1 198 166 75 1 168 131 102 1 201 135 110 1 168 170 123 1 210 168 138 1 168 144 105 1 164 149 91 1 205 128 79 1 157 156 97 1 142 141 88 1 59 100 111 1 100 105 53 1 108 88 52 1 0 0 0 0 61 39 65 1 71 66 75 1 40 71 46 1 107 68 96 1 36 77 52 1 97 78 86 1 112 84 67 1 66 90 63 1 0 0 0 0 114 118 100 1 72 70 50 1 147 109 75 1 128 87 93 1 0 0 0 0 73 59 51 1 148 103 82 1 114 74 65 1 110 106 58 1 101 163 61 1 110 101 77 1 127 131 88 1 133 130 63 1 102 132 85 1 82 136 100 1 65 90 68 1 89 83 34 1 118 107 55 1 109 95 89 1 141 125 84 1 109 119 56 1 101 82 85 1 84 126 88 1 107 89 53 1 0 0 0 0 98 84 51 1 94 71 89 1 64 158 105 1 0 0 0 0 125 109 99 1 161 116 77 1 160 127 73 1 154 120 131 1 148 115 97 1 80 115 111 1
159 171 149 1 141 188 70 1 152 112 61 1 159 94 91 1 0 0 0 0 131 133 89 1 142 84 102 1 148 174 110 1 163 146 108 1 140 207 131 1 168 164 150 1 158 151 113 1 131 110 137 1 102 110 67 1 102 79 72 1 107 80 57 1 83 83 57 1 91 69 62 1 65 84 86 1 42 101 98 1 64 80 65 1 37 24 71 1 66 56 72 1 0 0 0 0 82 79 75 1 73 69 87 1 0 0 0 0 87 88 72 1 77 90 43 1 61 102 59 1 83 95 49 1 0 0 0 0 120 120 69 1 136 120 89 1 119 94 92 1 0 0 0 0 141 125 91 1 161 97 74 1 128 124 70 1 120 103 24 1 122 104 56 1 116 125 36 1 128 137 72 1 135 109 90 1 125 111 94 1 88 97 86 1 101 91 44 1 134 70 82 1 0 0 0 0 112 117 62 1 124 76 52 1 133 129 76 1 121 108 70 1 119 92 62 1 128 116 55 1 121 93 101 1 140 65 126 1 0 0 0 0 156 126 155 1 166 124 108 1 120 117 100 1 120 118 84 1 97 107 73 1 84 86 95 1
173 144 135 1 141 116 112 1 177 107 127 1 164 157 117 1 175 116 132 1 177 117 89 1 103 113 96 1 128 156 71 1 167 118 114 1 229 180 120 1 184 148 125 1 151 156 89 1 194 159 137 1 130 130 99 1 0 0 0 0 102 99 24 1 45 113 39 1 51 54 73 1 61 71 43 1 106 90 47 1 73 48 83 1 77 76 64 1 83 40 63 1 95 81 83 1 97 90 75 1 0 0 0 0 64 69 41 1 94 49 73 1 50 70 66 1 58 58 57 1 69 51 56 1 51 104 50 1 116 101 67 1 0 0 0 0 147 109 66 1 0 0 0 0 123 117 68 1 113 116 83 1 121 89 87 1 138 71 98 1 0 0 0 0 127 135 85 1 133 84 77 1 118 149 74 1 120 67 78 1 121 134 86 1 175 130 64 1 118 109 33 1 166 97 83 1 117 119 86 1 0 0 0 0 139 123 85 1 145 139 25 1 155 154 111 1 90 96 76 1 127 93 117 1 158 113 90 1 153 133 118 1 143 96 123 1 0 0 0 0 123 130 129 1 107 87 33 1 77 86 11 1 91 116 85 1
142 160 98 1 199 196 104 1 0 0 0 0 174 179 115 1 199 157 103 1 176 123 116 1 138 158 95 1 0 0 0 0 153 172 126 1 0 0 0 0 179 148 145 1 185 150 127 1 197 144 108 1 107 126 106 1 57 86 51 1 49 63 26 1 61 85 57 1 28 61 57 1 64 56 72 1 53 79 43 1 0 0 0 0 27 89 59 1 68 73 60 1 75 139 56 1 113 88 75 1 66 91 67 1 110 39 55 1 43 77 37 1 0 0 0 0 57 81 38 1 48 23 48 1 82 75 48 1 73 84 75 1 86 87 52 1 83 90 71 1 111 70 78 1 81 117 77 1 96 88 33 1 119 100 95 1 0 0 0 0 141 75 59 1 77 121 66 1 120 86 82 1 119 115 77 1 124 89 101 1 148 94 139 1 96 96 82 1 90 104 74 1 121 91 79 1 131 136 65 1 135 87 81 1 110 93 90 1 115 131 65 1 138 117 58 1 137 111 59 1 116 83 87 1 0 0 0 0 151 130 132 1 147 113 90 1 126 109 92 1 93 77 73 1 12 87 102 1 68 63 70 1 89 92 73 1
157 138 68 1 221 165 117 1 221 163 96 1 178 156 119 1 151 132 95 1 210 126 110 1 172 187 151 1 0 0 0 0 208 158 124 1 201 142 101 1 0 0 0 0 176 147 89 1 192 159 118 1 140 130 76 1 73 52 56 1 75 64 56 1 55 79 70 1 94 41 67 1 40 75 62 1 0 0 0 0 58 83 69 1 82 77 36 1 69 87 55 1 84 84 45 1 0 0 0 0 57 61 19 1 0 0 0 0 64 69 88 1 0 0 0 0 70 37 60 1 22 69 37 1 75 44 82 1 69 70 29 1 76 72 62 1 56 66 29 1 41 58 33 1 67 75 29 1 73 68 69 1 0 0 0 0 65 51 30 1 104 130 67 1 0 0 0 0 84 79 75 1 120 91 102 1 81 119 76 1 78 76 91 1 0 0 0 0 0 0 0 0 129 70 71 1 114 110 70 1 0 0 0 0 109 140 65 1 99 99 94 1 110 108 85 1 49 90 71 1 165 104 108 1 151 146 71 1 155 149 67 1 130 131 112 1 74 112 70 1 79 120 64 1 96 120 97 1 64 34 58 1 85 53 94 1
127 159 134 1 167 174 128 1 205 130 87 1 164 113 108 1 171 166 99 1 0 0 0 0 198 178 149 1 187 184 149 1 144 125 93 1 149 109 74 1 178 162 117 1 157 135 93 1 141 155 138 1 100 108 47 1 66 49 83 1 0 0 0 0 99 93 57 1 81 93 64 1 73 77 19 1 63 74 25 1 57 122 33 1 35 110 83 1 36 99 91 1 0 0 0 0 69 50 69 1 78 78 52 1 86 72 53 1 72 111 55 1 69 86 63 1 61 41 43 1 76 91 66 1 63 82 39 1 36 69 76 1 68 45 42 1 72 54 79 1 32 60 56 1 65 71 30 1 132 73 55 1 56 63 63 1 52 80 31 1 83 80 78 1 93 83 83 1 48 84 87 1 53 81 87 1 62 35 77 1 64 75 40 1 76 72 40 1 127 80 22 1 141 102 99 1 133 138 74 1 133 144 72 1 0 0 0 0 151 108 69 1 176 112 65 1 170 84 82 1 205 159 76 1 161 137 95 1 158 130 107 1 143 124 106 1 100 103 58 1 60 78 41 1 93 108 76 1 81 70 63 1 85 63 111 1
171 200 113 1 173 201 123 1 220 131 107 1 157 152 158 1 167 175 158 1 170 137 116 1 0 0 0 0 156 137 120 1 138 145 123 1 106 136 100 1 181 107 92 1 151 150 104 1 144 99 99 1 65 86 36 1 50 82 79 1 0 0 0 0 43 50 88 1 58 54 60 1 50 69 45 1 56 48 21 1 78 46 45 1 61 72 43 1 90 47 64 1 74 86 81 1 77 58 75 1 51 57 32 1 55 75 68 1 69 32 50 1 52 32 66 1 37 92 64 1 37 56 41 1 69 96 72 1 53 113 20 1 100 86 51 1 72 58 83 1 0 0 0 0 68 49 33 1 32 95 101 1 43 58 54 1 0 0 0 0 105 99 65 1 78 86 60 1 6 26 59 1 75 48 74 1 72 66 37 1 92 71 54 1 125 128 86 1 181 130 103 1 204 140 109 1 0 0 0 0 0 0 0 0 213 73 95 1 157 129 105 1 198 116 81 1 161 153 61 1 168 150 80 1 202 141 35 1 193 118 94 1 0 0 0 0 88 60 27 1 82 91 90 1 0 0 0 0 78 79 91 1 89 65 67 1
0 0 0 0 193 210 178 1 153 128 97 1 0 0 0 0 178 168 159 1 163 165 100 1 143 167 82 1 134 169 101 1 161 159 120 1 177 143 115 1 134 163 83 1 139 58 87 1 104 75 43 1 0 0 0 0 52 110 29 1 46 35 54 1 72 71 54 1 51 90 98 1 75 61 82 1 85 82 60 1 65 84 14 1 82 110 40 1 89 47 99 1 82 99 60 1 48 52 24 1 67 94 64 1 17 76 33 1 44 79 48 1 0 0 0 0 70 62 40 1 39 64 45 1 80 90 56 1 65 54 57 1 0 0 0 0 69 80 21 1 76 56 75 1 88 89 75 1 0 0 0 0 71 57 61 1 68 83 77 1 82 54 65 1 99 69 98 1 0 0 0 0 58 54 90 1 95 71 57 1 129 58 73 1 166 119 64 1 212 143 75 1 255 173 116 1 255 160 136 1 193 152 101 1 215 133 103 1 192 160 66 1 201 142 120 1 215 126 116 1 201 115 134 1 202 176 104 1 164 172 118 1 0 0 0 0 114 122 114 1 105 68 37 1 56 110 60 1 76 102 67 1 0 0 0 0
213 143 110 1 242 165 145 1 188 165 171 1 173 179 134 1 156 178 99 1 147 172 110 1 158 116 123 1 154 162 116 1 119 165 116 1 198 160 155 1 211 150 111 1 147 97 53 1 78 83 88 1 40 62 43 1 117 64 78 1 42 79 37 1 49 46 57 1 79 90 43 1 36 77 76 1 36 95 52 1 56 64 86 1 85 111 32 1 94 64 92 1 12 76 37 1 70 65 52 1 65 45 65 1 37 79 24 1 23 62 3 1 52 22 63 1 51 86 49 1 39 82 37 1 0 0 0 0 61 104 63 1 0 0 0 0 50 94 52 1 51 67 85 1 63 99 91 1 51 91 62 1 48 99 40 1 74 84 43 1 71 117 73 1 0 0 0 0 92 34 79 1 48 48 65 1 116 69 75 1 119 99 53 1 157 149 83 1 205 193 83 1 196 167 75 1 229 211 171 1 255 203 93 1 205 143 116 1 184 151 106 1 187 142 77 1 189 133 70 1 224 152 89 1 210 156 113 1 212 125 113 1 134 119 97 1 109 107 76 1 107 107 49 1 90 109 60 1 75 124 56 1 46 100 46 1
238 185 145 1 225 182 141 1 167 149 123 1 175 157 133 1 132 202 117 1 0 0 0 0 0 0 0 0 192 162 121 1 167 148 105 1 172 124 143 1 142 169 139 1 122 96 121 1 78 53 49 1 40 82 102 1 81 70 59 1 87 105 54 1 51 99 76 1 0 0 0 0 37 61 38 1 73 99 44 1 102 95 0 1 96 84 91 1 54 75 96 1 56 64 58 1 45 69 48 1 66 71 52 1 69 86 60 1 40 90 50 1 60 53 39 1 0 0 0 0 80 50 52 1 83 38 43 1 16 39 77 1 99 25 84 1 61 93 38 1 38 105 70 1 75 67 50 1 56 82 45 1 30 73 24 1 97 71 33 1 72 97 71 1 78 100 41 1 77 74 36 1 55 73 46 1 83 112 39 1 119 80 53 1 166 88 100 1 192 167 92 1 0 0 0 0 241 221 119 1 0 0 0 0 154 156 64 1 146 154 95 1 172 125 72 1 194 130 106 1 186 172 73 1 203 165 75 1 187 154 53 1 119 112 114 1 107 114 91 1 129 120 96 1 93 60 55 1 81 106 85 1 0 0 0 0
219 180 183 1 248 189 142 1 197 181 112 1 0 0 0 0 163 125 139 1 154 121 114 1 192 180 104 1 205 153 144 1 160 136 127 1 175 170 124 1 171 135 135 1 142 123 116 1 0 0 0 0 33 90 90 1 106 63 53 1 63 80 57 1 46 55 37 1 54 41 61 1 72 44 59 1 77 86 59 1 97 71 29 1 79 93 36 1 0 0 0 0 72 44 96 1 74 75 73 1 33 73 32 1 55 97 16 1 66 54 56 1 94 35 64 1 53 51 63 1 46 67 73 1 44 51 42 1 45 81 74 1 75 88 95 1 40 52 85 1 83 83 53 1 83 63 63 1 56 107 34 1 0 0 0 0 83 85 58 1 57 108 83 1 65 73 46 1 0 0 0 0 0 0 0 0 0 0 0 0 117 99 53 1 0 0 0 0 174 133 70 1 191 133 114 1 0 0 0 0 214 149 102 1 178 157 138 1 0 0 0 0 141 131 105 1 156 117 100 1 183 93 115 1 171 148 55 1 155 100 87 1 117 134 70 1 0 0 0 0 106 92 135 1 77 82 98 1 141 138 95 1 105 151 62 1
0 0 0 0 216 151 135 1 182 162 93 1 176 126 95 1 151 113 106 1 185 146 95 1 199 124 118 1 202 208 138 1 205 174 115 1 233 155 147 1 160 138 114 1 116 99 115 1 43 65 42 1 88 77 64 1 70 46 25 1 71 110 55 1 92 49 68 1 55 41 58 1 57 73 89 1 58 86 68 1 64 98 35 1 85 105 45 1 71 95 59 1 73 95 7 1 40 63 51 1 95 58 74 1 30 52 63 1 22 66 55 1 53 52 89 1 74 8 85 1 92 67 70 1 20 101 58 1 80 79 117 1 0 0 0 0 39 102 23 1 78 56 62 1 55 57 77 1 0 0 0 0 86 85 56 1 76 78 60 1 84 62 0 1 57 140 76 1 94 87 79 1 90 59 88 1 70 80 65 1 121 131 76 1 114 100 65 1 129 82 71 1 147 173 82 1 182 127 111 1 170 142 120 1 122 84 116 1 134 112 57 1 117 117 102 1 124 87 45 1 0 0 0 0 129 96 61 1 86 125 48 1 0 0 0 0 123 132 90 1 120 91 52 1 96 85 96 1 106 127 90 1 0 0 0 0
190 138 139 1 0 0 0 0 208 165 111 1 170 113 115 1 181 109 155 1 198 191 124 1 229 176 135 1 0 0 0 0 167 170 126 1 189 164 119 1 0 0 0 0 79 55 90 1 80 79 80 1 37 66 34 1 76 86 46 1 55 87 47 1 21 63 49 1 43 102 32 1 0 0 0 0 85 81 37 1 57 105 60 1 56 67 87 1 98 121 61 1 99 57 47 1 72 80 39 1 81 61 106 1 65 63 49 1 69 66 90 1 58 64 84 1 0 0 0 0 0 0 0 0 59 84 40 1 74 44 26 1 71 71 41 1 78 89 59 1 0 0 0 0 77 94 85 1 67 95 84 1 92 98 56 1 70 122 47 1 42 67 38 1 51 58 78 1 99 122 98 1 87 134 67 1 145 65 71 1 0 0 0 0 117 119 90 1 92 137 64 1 112 87 59 1 119 130 103 1 146 88 84 1 140 105 87 1 69 99 64 1 146 68 74 1 90 99 76 1 0 0 0 0 143 73 75 1 127 108 110 1 118 110 78 1 0 0 0 0 110 130 126 1 124 110 74 1 96 75 93 1 112 106 98 1
195 194 113 1 149 207 105 1 153 167 109 1 194 137 136 1 180 154 130 1 196 131 114 1 224 219 169 1 239 137 89 1 177 137 117 1 0 0 0 0 0 0 0 0 85 44 51 1 63 75 55 1 78 67 45 1 43 62 63 1 77 79 77 1 27 46 77 1 69 62 66 1 104 64 59 1 75 81 83 1 94 48 101 1 76 137 74 1 76 69 57 1 84 74 35 1 75 72 58 1 0 0 0 0 99 48 79 1 44 51 76 1 77 89 45 1 98 46 59 1 94 84 51 1 76 80 45 1 33 90 59 1 78 55 46 1 64 50 43 1 73 81 78 1 100 97 60 1 88 110 86 1 122 39 66 1 67 112 59 1 67 110 64 1 65 114 33 1 105 98 88 1 107 113 92 1 91 105 77 1 83 89 60 1 86 91 65 1 92 113 98 1 121 67 76 1 75 81 84 1 69 87 47 1 42 92 66 1 0 0 0 0 87 85 78 1 100 55 75 1 107 92 78 1 96 95 95 1 102 71 54 1 124 110 124 1 0 0 0 0 144 119 105 1 149 106 84 1 161 101 56 1 0 0 0 0
126 131 143 1 179 164 92 1 110 153 79 1 128 111 85 1 0 0 0 0 174 158 112 1 0 0 0 0 167 128 94 1 156 151 79 1 125 100 126 1 95 108 73 1 0 0 0 0 0 0 0 0 41 60 77 1 90 47 54 1 67 65 52 1 89 59 46 1 76 82 72 1 77 68 19 1 106 46 57 1 79 70 43 1 47 84 84 1 61 63 52 1 78 57 48 1 73 80 83 1 54 31 60 1 53 50 62 1 31 78 65 1 53 92 29 1 27 78 16 1 67 75 43 1 45 86 35 1 73 60 65 1 63 61 39 1 86 97 79 1 103 84 76 1 0 0 0 0 112 80 82 1 73 26 73 1 37 78 33 1 42 76 67 1 86 109 61 1 0 0 0 0 131 76 104 1 146 76 51 1 94 104 69 1 74 120 69 1 55 78 35 1 100 56 65 1 0 0 0 0 61 99 67 1 0 0 0 0 17 12 22 1 0 0 0 0 80 98 25 1 102 96 44 1 118 59 88 1 92 104 52 1 89 95 73 1 123 123 95 1 87 85 73 1 160 87 108 1 106 153 114 1 147 128 104 1
157 166 119 1 146 149 93 1 139 96 88 1 120 77 81 1 133 95 69 1 150 126 88 1 145 161 85 1 140 155 105 1 166 133 94 1 0 0 0 0 56 42 51 1 42 60 27 1 37 77 78 1 44 26 41 1 91 50 61 1 75 74 33 1 64 81 62 1 87 100 76 1 113 93 43 1 68 85 45 1 99 69 55 1 58 86 54 1 58 66 39 1 107 94 38 1 38 56 89 1 59 81 67 1 56 44 79 1 105 89 59 1 67 68 63 1 69 89 79 1 0 0 0 0 62 26 54 1 91 42 59 1 96 85 38 1 114 69 96 1 75 93 53 1 105 81 60 1 72 90 68 1 98 47 95 1 78 75 58 1 39 49 73 1 0 0 0 0 128 83 80 1 94 141 49 1 0 0 0 0 133 124 75 1 148 72 82 1 0 0 0 0 83 133 61 1 43 83 89 1 63 40 49 1 28 95 68 1 31 17 83 1 42 70 19 1 65 107 67 1 116 125 57 1 133 94 79 1 149 130 79 1 90 94 77 1 0 0 0 0 81 63 81 1 105 97 63 1 137 140 92 1 154 134 116 1
168 134 111 1 148 146 90 1 0 0 0 0 89 118 91 1 97 121 63 1 0 0 0 0 164 115 129 1 184 131 132 1 108 121 93 1 88 87 25 1 30 112 57 1 63 89 81 1 79 103 35 1 54 54 39 1 35 19 31 1 47 42 36 1 78 68 26 1 43 73 91 1 70 84 59 1 30 46 108 1 72 75 41 1 0 0 0 0 68 79 31 1 66 59 57 1 49 76 28 1 45 77 68 1 82 35 84 1 41 82 61 1 93 87 78 1 83 70 48 1 83 92 42 1 96 66 69 1 73 75 67 1 100 113 73 1 125 49 75 1 101 80 60 1 98 62 46 1 73 60 48 1 81 75 80 1 133 62 45 1 116 94 35 1 102 91 73 1 143 132 49 1 139 107 79 1 138 106 30 1 115 103 104 1 0 0 0 0 96 153 72 1 127 85 54 1 37 93 68 1 39 65 49 1 31 72 51 1 2 11 7 1 2 42 32 1 75 63 64 1 94 97 93 1 139 109 54 1 154 138 91 1 78 116 126 1 43 59 37 1 38 56 86 1 95 121 27 1 117 66 95 1 166 107 108 1
134 136 98 1 139 108 66 1 0 0 0 0 0 0 0 0 160 127 106 1 113 122 58 1 169 108 115 1 146 108 109 1 81 117 78 1 88 86 82 1 53 67 49 1 85 63 64 1 70 29 67 1 0 0 0 0 87 85 61 1 65 36 28 1 53 32 58 1 53 74 41 1 81 98 58 1 79 54 74 1 48 62 50 1 39 68 63 1 68 66 55 1 68 32 54 1 58 81 11 1 78 93 55 1 107 48 84 1 86 93 0 1 100 86 92 1 90 42 59 1 74 57 5 1 104 92 74 1 59 131 68 1 93 70 30 1 78 92 46 1 75 65 44 1 0 0 0 0 95 82 63 1 0 0 0 0 0 0 0 0 123 103 62 1 153 104 90 1 188 112 113 1 147 144 78 1 167 118 77 1 89 101 71 1 129 89 68 1 97 89 67 1 85 109 0 1 0 0 0 0 43 51 28 1 11 26 60 1 21 18 57 1 15 60 45 1 82 83 48 1 122 90 96 1 135 91 104 1 126 131 81 1 104 107 85 1 35 69 59 1 63 41 52 1 77 66 58 1 138 92 84 1 114 108 89 1
156 140 61 1 143 154 125 1 138 123 63 1 128 125 79 1 157 103 101 1 167 155 69 1 166 135 103 1 114 69 36 1 66 71 62 1 0 0 0 0 73 66 55 1 59 84 53 1 70 32 67 1 59 40 71 1 0 0 0 0 46 90 25 1 0 0 0 0 83 69 77 1 93 65 42 1 0 0 0 0 53 72 81 1 44 94 45 1 62 83 43 1 89 72 78 1 102 83 54 1 43 112 27 1 99 91 46 1 121 80 76 1 95 100 45 1 82 61 86 1 77 56 54 1 45 81 47 1 40 69 65 1 29 45 23 1 67 91 21 1 111 79 81 1 88 77 51 1 105 81 57 1 87 111 104 1 124 148 71 1 120 120 118 1 162 74 120 1 145 209 85 1 189 161 82 1 99 114 108 1 113 100 72 1 106 107 72 1 0 0 0 0 46 92 19 1 36 55 59 1 12 45 67 1 18 38 51 1 0 34 67 1 2 49 37 1 0 0 0 0 95 69 66 1 0 0 0 0 69 79 55 1 49 78 45 1 1 49 0 1 0 0 0 0 41 66 61 1 121 88 37 1 93 104 102 1
157 130 94 1 0 0 0 0 152 105 71 1 116 112 119 1 193 131 124 1 164 165 160 1 173 127 97 1 118 136 81 1 93 72 51 1 60 38 77 1 51 113 76 1 53 93 32 1 89 73 56 1 55 69 48 1 87 78 57 1 96 75 106 1 93 90 91 1 85 72 30 1 45 85 59 1 65 97 53 1 63 61 78 1 63 88 52 1 60 96 80 1 0 0 0 0 0 0 0 0 116 113 40 1 150 84 108 1 95 103 87 1 80 101 74 1 75 114 63 1 84 80 80 1 52 63 71 1 14 36 61 1 11 20 0 1 38 55 60 1 42 55 38 1 57 75 98 1 84 69 39 1 98 85 67 1 182 160 91 1 128 95 129 1 154 139 68 1 154 103 109 1 96 117 78 1 92 94 30 1 80 109 103 1 0 0 0 0 106 112 88 1 68 72 23 1 39 70 74 1 0 101 21 1 3 27 36 1 9 34 29 1 18 45 57 1 0 97 73 1 37 60 53 1 86 86 24 1 33 106 88 1 0 0 0 0 74 36 47 1 73 91 69 1 115 90 118 1 0 0 0 0 133 118 98 1
126 95 94 1 99 117 79 1 140 108 104 1 0 0 0 0 205 145 128 1 159 159 143 1 148 146 138 1 82 129 42 1 72 89 35 1 39 74 77 1 26 55 34 1 105 48 68 1 88 83 43 1 91 92 34 1 27 49 67 1 72 136 62 1 102 57 40 1 113 90 105 1 50 45 80 1 104 100 78 1 63 104 98 1 80 76 99 1 98 41 44 1 97 85 63 1 65 75 49 1 106 93 68 1 72 116 72 1 107 117 107 1 82 102 77 1 122 127 89 1 0 0 0 0 57 61 83 1 32 25 68 1 31 76 36 1 21 77 14 1 5 55 0 1 27 63 85 1 0 0 0 0 83 65 43 1 99 115 115 1 94 153 51 1 147 86 88 1 124 120 70 1 134 67 96 1 0 0 0 0 90 103 19 1 83 50 56 1 92 112 91 1 79 36 73 1 0 0 0 0 58 96 44 1 0 61 41 1 8 46 47 1 23 33 31 1 23 68 53 1 67 48 38 1 92 88 58 1 0 0 0 0 9 64 50 1 39 38 59 1 0 0 0 0 93 87 66 1 141 65 49 1 138 71 106 1
151 105 68 1 69 112 98 1 173 131 82 1 147 137 101 1 161 154 104 1 169 175 171 1 0 0 0 0 0 0 0 0 0 0 0 0 42 43 26 1 0 0 0 0 86 74 35 1 65 82 96 1 87 94 40 1 77 50 58 1 87 79 29 1 60 83 72 1 76 75 48 1 88 84 63 1 65 91 85 1 117 85 72 1 79 89 18 1 87 75 50 1 47 104 113 1 0 0 0 0 68 74 75 1 98 124 46 1 102 67 71 1 70 99 96 1 113 120 71 1 80 59 64 1 92 88 63 1 39 70 22 1 0 59 60 1 4 44 39 1 0 0 53 1 4 50 25 1 0 0 0 0 47 46 17 1 78 60 55 1 116 108 27 1 133 103 90 1 0 0 0 0 0 0 0 0 119 59 82 1 66 109 47 1 67 121 63 1 85 117 81 1 72 75 69 1 49 81 71 1 66 69 20 1 30 56 70 1 2 44 31 1 0 32 42 1 2 72 50 1 27 61 40 1 43 39 57 1 3 72 58 1 26 99 48 1 26 40 53 1 23 75 22 1 40 101 49 1 99 103 92 1 112 74 50 1
182 138 107 1 165 137 80 1 138 98 118 1 173 161 148 1 159 133 158 1 100 138 118 1 67 104 85 1 79 71 63 1 60 79 78 1 0 0 0 0 85 86 87 1 97 72 61 1 0 0 0 0 45 74 62 1 56 65 50 1 101 53 61 1 0 0 0 0 73 81 60 1 54 68 47 1 52 81 57 1 91 59 62 1 91 83 51 1 121 83 101 1 79 67 53 1 101 71 71 1 94 63 59 1 74 81 75 1 135 78 63 1 64 101 31 1 99 91 53 1 133 128 61 1 94 110 29 1 109 63 58 1 46 80 86 1 15 28 50 1 0 59 17 1 0 27 58 1 29 55 9 1 10 12 18 1 0 59 38 1 38 45 75 1 85 87 16 1 84 84 72 1 0 0 0 0 88 57 39 1 53 81 11 1 0 0 0 0 93 86 70 1 68 88 78 1 74 105 67 1 73 63 74 1 100 87 81 1 20 79 42 1 0 0 0 0 1 7 31 1 22 51 43 1 43 62 49 1 0 56 46 1 13 62 38 1 0 66 0 1 82 73 13 1 68 84 97 1 112 77 82 1 121 104 62 1
183 177 109 1 161 167 135 1 0 0 0 0 192 148 90 1 154 170 117 1 108 66 72 1 100 102 72 1 34 39 59 1 30 62 14 1 24 24 28 1 89 85 69 1 43 116 57 1 57 100 65 1 41 56 41 1 108 74 50 1 43 55 64 1 44 81 72 1 63 82 42 1 0 0 0 0 82 55 79 1 96 27 30 1 95 91 76 1 40 118 98 1 102 58 81 1 76 67 39 1 109 85 97 1 102 109 104 1 128 91 93 1 101 55 24 1 90 119 35 1 141 109 30 1 95 92 50 1 107 113 65 1 0 0 0 0 64 57 50 1 33 69 67 1 17 75 21 1 0 66 57 1 2 32 43 1 16 48 34 1 0 83 28 1 0 0 0 0 55 83 14 1 56 53 47 1 62 94 60 1 107 104 68 1 69 92 23 1 32 115 84 1 42 77 89 1 55 98 77 1 91 123 93 1 77 115 60 1 63 106 35 1 34 57 41 1 37 40 6 1 6 15 35 1 0 0 0 0 31 0 17 1 0 0 0 0 33 98 28 1 42 90 85 1 115 35 91 1 111 128 73 1 117 137 78 1
134 179 143 1 118 119 97 1 134 148 103 1 182 144 104 1 0 0 0 0 75 89 58 1 56 69 71 1 0 0 0 0 26 72 34 1 0 0 0 0 57 101 37 1 22 51 20 1 102 55 33 1 84 74 65 1 50 78 63 1 78 78 56 1 0 0 0 0 59 76 35 1 65 78 32 1 0 0 0 0 66 90 81 1 116 71 61 1 59 104 87 1 71 40 55 1 77 76 39 1 95 92 59 1 122 98 81 1 102 111 93 1 78 88 41 1 109 105 54 1 0 0 0 0 140 111 55 1 129 136 79 1 152 118 57 1 161 118 77 1 36 110 99 1 0 0 0 0 0 0 0 0 5 73 50 1 16 74 37 1 0 0 0 0 0 40 30 1 0 0 0 0 66 18 48 1 45 72 41 1 90 51 96 1 57 77 94 1 36 65 28 1 66 101 76 1 117 103 77 1 94 146 39 1 133 131 71 1 95 104 94 1 26 73 40 1 33 51 81 1 6 16 48 1 14 59 73 1 0 54 51 1 48 59 76 1 50 65 67 1 104 81 94 1 118 76 101 1 94 120 79 1 130 95 52 1
141 115 101 1 103 103 63 1 156 129 57 1 121 110 122 1 0 0 0 0 98 109 53 1 88 90 69 1 19 55 72 1 46 83 54 1 54 78 32 1 62 62 32 1 60 64 30 1 51 57 38 1 75 92 42 1 114 41 86 1 59 96 81 1 66 53 88 1 59 83 53 1 60 125 85 1 0 0 0 0 67 72 67 1 98 49 68 1 0 0 0 0 70 38 60 1 93 155 38 1 116 94 116 1 105 138 69 1 66 107 82 1 90 72 36 1 82 73 58 1 87 79 75 1 0 0 0 0 132 109 51 1 166 89 93 1 123 165 52 1 69 73 105 1 70 130 63 1 40 66 63 1 0 65 31 1 17 75 42 1 5 54 62 1 16 75 65 1 30 83 70 1 22 53 35 1 19 75 43 1 51 44 63 1 60 79 39 1 74 128 67 1 68 55 61 1 71 122 95 1 81 130 101 1 82 139 124 1 34 124 46 1 57 109 96 1 0 57 41 1 11 35 51 1 8 74 44 1 9 40 60 1 29 100 66 1 45 106 71 1 102 87 68 1 131 161 100 1 0 0 0 0 123 131 93 1
97 121 93 1 112 72 55 1 134 110 79 1 83 113 100 1 67 75 62 1 84 84 97 1 52 97 28 1 81 99 40 1 56 104 34 1 91 88 46 1 89 85 79 1 0 0 0 0 32 98 40 1 98 76 53 1 79 108 76 1 72 35 46 1 45 83 80 1 46 60 62 1 31 103 58 1 58 42 25 1 47 82 67 1 80 78 44 1 85 112 72 1 112 92 87 1 134 86 98 1 84 110 92 1 80 100 91 1 69 130 63 1 61 69 29 1 119 82 99 1 64 84 63 1 41 58 70 1 44 68 80 1 84 46 59 1 125 101 70 1 107 107 50 1 32 110 63 1 18 65 29 1 0 39 54 1 4 38 61 1 17 51 67 1 0 0 0 0 0 58 32 1 29 56 53 1 9 65 45 1 37 76 74 1 83 82 45 1 89 106 55 1 0 0 0 0 36 71 75 1 46 84 65 1 77 72 31 1 53 68 39 1 32 97 25 1 46 43 33 1 10 78 74 1 0 62 48 1 14 67 57 1 49 37 62 1 78 39 97 1 131 123 80 1 166 127 139 1 0 0 0 0 55 68 94 1
101 117 67 1 150 122 83 1 0 0 0 0 109 95 71 1 71 64 16 1 54 80 54 1 81 50 71 1 49 70 41 1 44 84 58 1 89 65 49 1 76 97 78 1 106 90 65 1 79 61 61 1 101 81 56 1 69 87 22 1 67 41 64 1 38 81 83 1 46 33 83 1 75 61 67 1 64 115 38 1 64 117 55 1 57 87 74 1 104 66 45 1 137 133 87 1 105 106 75 1 112 139 102 1 118 113 40 1 85 78 89 1 96 77 65 1 66 53 68 1 0 0 0 0 33 51 59 1 0 0 0 0 19 65 48 1 50 81 82 1 94 146 63 1 72 122 62 1 43 55 38 1 42 79 48 1 30 83 25 1 46 66 35 1 7 61 4 1 24 56 75 1 0 0 0 0 12 92 59 1 61 70 24 1 107 79 68 1 94 80 84 1 90 111 68 1 0 0 0 0 68 56 58 1 45 93 75 1 35 58 0 1 38 78 47 1 15 70 59 1 42 81 46 1 75 57 60 1 13 59 69 1 69 140 61 1 121 95 55 1 102 130 67 1 147 115 100 1 70 86 61 1 110 118 96 1
81 113 98 1 102 80 71 1 0 0 0 0 87 96 81 1 76 67 48 1 92 30 44 1 46 57 65 1 86 65 45 1 25 58 38 1 88 84 68 1 78 76 76 1 64 67 78 1 88 64 62 1 109 78 65 1 59 77 80 1 76 96 59 1 26 51 43 1 0 85 34 1 72 56 63 1 68 107 36 1 85 91 44 1 0 0 0 0 101 80 63 1 108 75 104 1 87 123 118 1 89 74 70 1 87 105 37 1 0 0 0 0 63 94 42 1 59 117 32 1 53 57 36 1 26 45 58 1 0 20 36 1 5 46 67 1 0 43 44 1 43 43 45 1 82 81 64 1 60 110 76 1 81 94 62 1 36 116 77 1 60 89 84 1 33 68 79 1 46 32 56 1 0 64 76 1 0 0 0 0 17 69 50 1 78 90 68 1 0 0 0 0 89 110 61 1 83 84 82 1 0 0 0 0 29 56 0 1 0 0 0 0 31 76 38 1 18 76 75 1 66 91 22 1 92 79 59 1 59 116 86 1 101 89 73 1 94 106 87 1 129 92 69 1 71 103 76 1 75 74 94 1 72 119 21 1
129 51 67 1 61 80 38 1 42 53 74 1 0 0 0 0 65 103 74 1 37 51 26 1 0 0 0 0 0 0 0 0 0 0 0 0 103 68 55 1 0 0 0 0 0 0 0 0 90 55 38 1 37 52 61 1 46 53 58 1 23 56 40 1 51 46 59 1 72 79 22 1 76 72 51 1 62 65 55 1 91 66 47 1 0 0 0 0 108 102 87 1 135 145 56 1 95 74 87 1 43 102 80 1 28 50 37 1 3 63 29 1 43 96 47 1 0 58 62 1 34 33 42 1 0 40 17 1 0 7 72 1 0 10 41 1 46 21 12 1 30 54 44 1 88 84 59 1 58 81 53 1 87 91 72 1 80 109 93 1 91 107 72 1 35 104 30 1 31 90 43 1 15 91 64 1 0 62 32 1 24 63 27 1 37 94 54 1 33 92 77 1 76 95 72 1 51 85 73 1 13 72 45 1 6 30 53 1 1 66 55 1 9 54 12 1 0 48 68 1 32 8 19 1 21 89 55 1 0 0 0 0 110 103 65 1 146 112 114 1 125 156 99 1 98 109 110 1 67 69 51 1 31 70 10 1
94 68 67 1 67 70 80 1 63 79 61 1 87 64 84 1 104 95 58 1 82 112 84 1 36 93 38 1 117 50 58 1 65 75 45 1 94 28 62 1 86 86 80 1 72 77 55 1 63 34 29 1 40 74 115 1 52 79 45 1 64 35 100 1 41 81 47 1 56 59 68 1 102 96 49 1 84 47 66 1 0 0 0 0 148 99 77 1 147 99 92 1 115 92 86 1 85 88 77 1 63 76 54 1 0 0 0 0 34 40 33 1 33 43 32 1 40 57 8 1 29 104 59 1 0 0 0 0 7 75 52 1 17 7 0 1 44 40 11 1 35 50 58 1 6 61 39 1 62 79 37 1 91 94 88 1 0 0 0 0 4 79 34 1 52 94 67 1 38 46 75 1 3 48 87 1 5 80 36 1 0 45 28 1 42 63 65 1 61 58 39 1 77 96 38 1 66 78 56 1 35 37 71 1 50 74 43 1 0 75 49 1 0 64 34 1 0 19 62 1 0 24 50 1 9 53 64 1 89 66 66 1 88 68 53 1 145 140 118 1 176 154 97 1 139 131 69 1 66 101 70 1 38 49 56 1
0 0 0 0 84 56 34 1 54 21 65 1 96 56 57 1 74 83 95 1 89 76 57 1 50 90 48 1 44 53 63 1 63 77 68 1 0 0 0 0 90 45 59 1 60 75 16 1 64 42 73 1 70 76 16 1 0 0 0 0 54 69 85 1 107 110 71 1 104 104 50 1 85 79 56 1 101 111 61 1 116 43 60 1 138 129 103 1 131 140 76 1 153 87 95 1 131 124 84 1 119 93 61 1 47 89 72 1 27 57 34 1 22 63 54 1 21 72 67 1 54 68 36 1 68 60 43 1 20 55 60 1 0 0 0 0 31 17 18 1 7 50 72 1 22 32 23 1 12 50 41 1 42 82 63 1 52 85 89 1 0 0 0 0 51 89 69 1 4 43 58 1 6 81 31 1 54 24 51 1 10 65 97 1 32 83 12 1 62 71 59 1 48 88 47 1 26 60 29 1 72 102 32 1 70 90 30 1 42 68 42 1 0 0 0 0 28 39 23 1 0 43 11 1 60 48 32 1 33 34 34 1 63 73 68 1 84 112 106 1 98 131 150 1 120 145 95 1 120 108 81 1 62 90 32 1
97 77 71 1 56 79 31 1 83 87 49 1 94 64 75 1 46 98 69 1 59 76 55 1 81 94 93 1 100 50 69 1 41 58 70 1 68 61 49 1 97 61 80 1 82 85 35 1 0 0 0 0 71 62 41 1 66 81 58 1 93 106 103 1 88 67 92 1 112 110 94 1 92 90 61 1 84 83 10 1 90 94 110 1 143 97 40 1 143 120 106 1 118 79 38 1 0 0 0 0 99 99 74 1 61 85 60 1 92 94 106 1 52 75 78 1 53 33 82 1 67 48 72 1 54 59 66 1 0 0 0 0 0 50 37 1 38 0 52 1 1 19 61 1 0 45 37 1 26 18 0 1 8 47 58 1 50 64 42 1 30 60 54 1 29 45 55 1 7 95 19 1 0 52 60 1 0 12 11 1 58 71 38 1 25 68 70 1 25 91 55 1 44 106 61 1 51 83 47 1 68 85 36 1 101 134 89 1 43 74 37 1 66 80 56 1 24 35 57 1 0 0 0 0 34 37 42 1 0 0 0 0 60 54 14 1 0 0 0 0 90 89 89 1 0 0 0 0 81 86 92 1 77 92 69 1
68 40 65 1 52 76 78 1 73 57 44 1 52 87 63 1 49 77 79 1 40 69 91 1 41 71 47 1 74 59 106 1 85 58 51 1 110 68 46 1 87 88 16 1 52 101 88 1 29 74 74 1 45 81 63 1 70 88 77 1 88 110 81 1 80 102 60 1 112 63 43 1 0 0 0 0 88 91 65 1 79 72 90 1 86 79 65 1 115 120 107 1 194 130 96 1 0 0 0 0 113 121 93 1 115 126 90 1 121 123 63 1 126 101 64 1 94 82 85 1 0 0 0 0 0 0 0 0 55 58 66 1 0 63 56 1 41 46 25 1 0 34 51 1 9 43 5 1 5 26 60 1 0 28 78 1 3 29 14 1 10 108 81 1 12 74 79 1 31 41 56 1 0 48 19 1 30 40 29 1 42 71 20 1 20 50 78 1 13 77 63 1 34 55 7 1 69 90 32 1 59 98 31 1 0 0 0 0 82 86 59 1 45 95 64 1 7 58 54 1 0 0 0 0 0 57 35 1 2 42 24 1 7 71 56 1 84 78 60 1 110 89 57 1 107 136 54 1 116 83 86 1 55 69 65 1
61 62 100 1 71 89 70 1 73 86 57 1 81 53 60 1 92 100 92 1 54 117 50 1 60 96 77 1 92 71 36 1 85 65 71 1 68 72 20 1 57 47 57 1 56 72 37 1 61 116 55 1 77 45 78 1 82 55 57 1 117 128 92 1 75 105 69 1 129 87 104 1 48 94 61 1 95 64 74 1 71 51 13 1 46 85 74 1 76 73 51 1 102 105 73 1 111 138 94 1 112 153 44 1 105 102 45 1 95 94 43 1 145 109 81 1 125 115 97 1 131 105 89 1 80 71 19 1 48 96 51 1 47 106 69 1 0 0 0 0 0 3 57 1 0 38 64 1 5 15 70 1 14 6 16 1 21 57 16 1 19 113 31 1 0 0 0 0 0 63 56 1 2 51 25 1 24 72 65 1 56 111 45 1 46 59 38 1 0 51 61 1 0 60 37 1 26 45 67 1 45 85 46 1 64 66 69 1 0 0 0 0 11 71 98 1 0 0 0 0 21 63 52 1 0 52 44 1 9 63 46 1 0 0 0 0 63 85 76 1 128 130 114 1 142 101 54 1 112 88 115 1 86 71 78 1
37 81 79 1 81 50 53 1 94 113 35 1 69 66 83 1 79 114 67 1 75 55 48 1 78 122 56 1 27 63 65 1 52 89 67 1 91 80 59 1 0 0 0 0 77 79 61 1 89 82 64 1 47 80 42 1 120 101 51 1 107 123 94 1 118 92 81 1 92 85 77 1 33 63 72 1 96 86 77 1 55 74 52 1 82 66 56 1 60 80 101 1 88 70 48 1 114 88 90 1 82 102 87 1 104 95 122 1 106 93 88 1 142 88 103 1 118 92 68 1 93 126 111 1 135 76 60 1 69 128 92 1 64 36 36 1 25 100 41 1 0 19 17 1 19 72 53 1 0 79 49 1 4 23 43 1 0 23 40 1 10 40 66 1 0 43 6 1 12 44 33 1 0 0 0 0 53 63 76 1 65 65 52 1 50 72 55 1 11 46 27 1 11 41 102 1 14 46 100 1 55 65 26 1 52 52 47 1 56 21 93 1 34 24 70 1 0 0 0 0 0 0 35 1 0 48 54 1 26 62 77 1 95 82 74 1 146 111 84 1 171 152 119 1 124 117 90 1 92 93 71 1 85 110 35 1
85 56 54 1 62 102 65 1 81 76 81 1 78 44 77 1 108 115 57 1 0 0 0 0 109 69 60 1 0 0 0 0 73 73 62 1 91 77 76 1 74 91 58 1 75 51 112 1 70 75 80 1 80 33 34 1 82 75 82 1 0 0 0 0 99 99 67 1 54 88 76 1 99 45 36 1 55 93 78 1 99 62 30 1 40 67 51 1 75 54 23 1 72 85 0 1 101 78 121 1 107 103 50 1 49 84 83 1 78 103 83 1 118 131 76 1 111 119 94 1 204 160 125 1 166 168 135 1 143 173 101 1 107 105 100 1 38 73 37 1 24 129 51 1 0 82 46 1 0 44 46 1 31 46 51 1 6 66 0 1 0 44 23 1 0 61 14 1 45 26 39 1 91 88 51 1 34 113 40 1 68 70 70 1 36 61 34 1 0 87 56 1 9 85 71 1 0 0 0 0 24 32 51 1 41 29 31 1 28 59 56 1 0 75 54 1 17 71 14 1 27 46 25 1 0 0 0 0 56 91 39 1 135 83 69 1 120 86 53 1 157 94 59 1 81 89 56 1 114 97 71 1 108 106 100 1
78 74 59 1 96 73 71 1 100 67 67 1 100 78 45 1 0 0 0 0 102 95 84 1 133 90 85 1 0 0 0 0 124 62 59 1 68 107 45 1 85 97 71 1 131 61 67 1 72 77 46 1 81 99 58 1 103 102 56 1 104 96 80 1 0 0 0 0 120 77 70 1 92 80 38 1 106 89 77 1 112 93 41 1 64 92 54 1 36 68 56 1 0 0 0 0 54 80 56 1 120 94 74 1 92 84 77 1 97 75 97 1 0 0 0 0 106 60 107 1 145 123 105 1 169 128 85 1 137 129 97 1 120 120 62 1 24 53 76 1 59 58 39 1 29 95 67 1 0 81 33 1 35 71 58 1 0 43 81 1 26 12 30 1 12 29 47 1 0 0 0 0 82 90 83 1 92 81 61 1 65 94 71 1 66 37 62 1 35 86 43 1 0 56 50 1 7 48 52 1 21 59 45 1 16 70 45 1 5 49 32 1 30 48 13 1 5 51 45 1 3 32 7 1 50 50 48 1 73 91 87 1 146 92 69 1 76 99 93 1 117 123 70 1 95 84 61 1 54 99 52 1 73 110 65 1
50 81 105 1 66 58 42 1 63 65 68 1 100 123 78 1 71 100 58 1 116 124 91 1 100 111 57 1 100 112 70 1 74 68 54 1 73 111 33 1 0 0 0 0 66 86 28 1 80 86 52 1 98 90 59 1 89 75 106 1 102 113 84 1 121 99 59 1 108 120 130 1 90 88 76 1 110 99 52 1 74 71 114 1 104 85 98 1 55 102 52 1 69 104 103 1 77 86 42 1 31 79 62 1 66 73 91 1 85 86 23 1 53 84 88 1 115 125 53 1 119 106 91 1 154 152 58 1 153 72 111 1 0 0 0 0 103 120 111 1 89 88 74 1 20 67 48 1 9 80 73 1 13 52 45 1 0 52 41 1 16 48 51 1 0 0 0 0 45 77 48 1 49 116 20 1 92 104 74 1 82 104 62 1 17 86 85 1 0 35 43 1 0 48 50 1 0 0 0 0 13 38 42 1 0 80 25 1 0 69 30 1 0 35 21 1 37 59 63 1 27 75 64 1 106 98 89 1 95 133 75 1 120 92 112 1 116 93 114 1 84 81 45 1 54 73 91 1 78 52 40 1 26 49 56 1
125 60 78 1 120 99 76 1 88 86 52 1 99 52 95 1 123 161 114 1 127 147 144 1 141 142 161 1 0 0 0 0 99 80 58 1 89 102 21 1 75 95 90 1 84 102 39 1 79 60 58 1 91 81 74 1 144 88 66 1 85 109 90 1 91 95 94 1 92 61 85 1 95 106 35 1 57 98 47 1 0 0 0 0 77 95 52 1 45 100 60 1 85 82 95 1 50 110 81 1 50 70 54 1 44 69 77 1 79 52 66 1 91 74 57 1 0 0 0 0 0 0 0 0 130 111 94 1 123 145 75 1 127 132 121 1 95 101 83 1 88 76 72 1 42 100 24 1 59 89 70 1 2 82 36 1 22 42 39 1 0 43 37 1 0 0 0 0 0 0 0 0 42 72 44 1 50 55 52 1 53 70 61 1 58 88 80 1 6 14 14 1 10 25 9 1 0 26 11 1 23 37 44 1 0 36 41 1 0 8 53 1 18 66 38 1 39 32 66 1 0 0 0 0 101 73 107 1 98 121 67 1 108 73 81 1 81 83 83 1 0 0 0 0 78 49 80 1 65 70 38 1 59 94 29 1
0 0 0 0 69 82 14 1 97 119 82 1 105 68 56 1 157 123 96 1 124 128 65 1 115 112 82 1 112 96 90 1 107 69 100 1 89 63 41 1 80 105 76 1 65 69 60 1 88 89 59 1 0 0 0 0 92 109 62 1 69 80 51 1 96 104 87 1 100 85 52 1 61 89 77 1 82 63 33 1 56 87 96 1 93 93 58 1 73 91 60 1 106 109 70 1 59 120 99 1 0 0 0 0 68 100 39 1 40 69 62 1 38 80 75 1 87 93 48 1 67 98 54 1 108 112 103 1 104 139 85 1 87 123 96 1 56 67 92 1 76 109 92 1 0 0 0 0 29 100 78 1 15 62 53 1 41 64 30 1 33 85 34 1 57 91 48 1 37 75 53 1 0 0 0 0 8 55 52 1 0 43 18 1 34 25 65 1 0 70 31 1 0 34 37 1 0 50 16 1 10 40 32 1 19 33 21 1 0 21 56 1 13 65 21 1 36 50 97 1 95 92 66 1 114 83 113 1 89 81 59 1 90 97 54 1 88 83 92 1 107 102 74 1 82 95 76 1 48 84 29 1 63 93 35 1
0 0 0 0 89 124 63 1 96 140 90 1 105 144 88 1 112 140 70 1 116 127 127 1 115 130 96 1 120 126 75 1 104 112 60 1 104 81 65 1 71 89 47 1 66 70 90 1 63 61 39 1 80 74 39 1 72 93 59 1 99 81 83 1 59 79 73 1 84 96 32 1 50 46 79 1 86 56 45 1 91 120 66 1 47 90 48 1 79 104 65 1 79 97 57 1 93 86 89 1 27 93 63 1 0 0 0 0 49 64 53 1 31 42 40 1 0 0 0 0 54 38 82 1 54 71 51 1 0 0 0 0 84 68 78 1 63 37 104 1 86 98 39 1 69 104 77 1 65 69 71 1 0 0 0 0 25 110 18 1 20 69 44 1 96 83 78 1 53 87 67 1 66 77 49 1 4 80 21 1 18 82 42 1 29 70 41 1 2 62 45 1 0 48 21 1 0 52 21 1 7 41 51 1 0 31 59 1 28 60 56 1 6 55 21 1 50 80 86 1 123 123 111 1 121 112 79 1 100 99 71 1 53 89 63 1 108 89 48 1 87 107 53 1 84 84 62 1 66 115 66 1 54 75 87 1
71 63 72 1 127 102 45 1 130 134 89 1 125 114 84 1 130 158 86 1 125 95 89 1 127 101 84 1 66 107 51 1 108 91 68 1 109 89 60 1 91 49 52 1 63 71 73 1 74 78 20 1 81 128 82 1 80 65 80 1 0 0 0 0 104 95 57 1 85 98 63 1 64 70 67 1 78 73 48 1 60 70 54 1 56 94 64 1 28 57 104 1 70 69 41 1 87 128 111 1 76 61 95 1 26 59 82 1 32 29 88 1 30 52 39 1 6 65 66 1 0 18 47 1 28 40 48 1 12 18 49 1 7 47 32 1 85 75 71 1 92 64 88 1 38 88 84 1 60 71 49 1 13 82 77 1 69 101 57 1 60 135 77 1 94 136 87 1 102 60 39 1 31 49 87 1 13 81 55 1 0 0 0 0 0 61 37 1 9 32 56 1 0 0 0 0 33 0 30 1 0 44 67 1 38 28 35 1 8 73 57 1 49 75 82 1 115 113 96 1 130 102 138 1 127 133 88 1 82 67 64 1 48 92 54 1 64 104 76 1 88 64 81 1 0 0 0 0 75 90 54 1 37 94 98 1
53 80 71 1 0 0 0 0 128 127 59 1 101 134 98 1 111 103 81 1 0 0 0 0 126 129 55 1 92 110 58 1 81 69 76 1 113 91 99 1 83 87 48 1 73 81 58 1 78 76 55 1 86 90 88 1 112 62 54 1 112 74 82 1 106 129 73 1 75 64 71 1 85 89 87 1 77 97 56 1 69 101 97 1 14 72 73 1 23 51 52 1 0 0 0 0 83 76 89 1 46 117 71 1 0 0 0 0 31 63 76 1 10 48 75 1 0 0 0 0 31 38 17 1 13 20 37 1 25 80 26 1 27 95 32 1 20 87 60 1 43 105 104 1 32 83 103 1 16 70 48 1 0 0 0 0 64 73 69 1 74 118 57 1 75 110 120 1 80 95 73 1 26 95 77 1 28 74 61 1 35 47 17 1 42 69 57 1 0 86 106 1 0 14 15 1 15 72 5 1 12 10 66 1 0 38 58 1 5 63 42 1 51 31 55 1 67 90 46 1 120 116 56 1 0 0 0 0 87 126 39 1 58 49 65 1 55 67 107 1 96 59 91 1 90 60 45 1 83 120 106 1 72 73 78 1
61 87 61 1 115 71 38 1 107 89 55 1 82 88 95 1 0 0 0 0 107 118 87 1 67 80 98 1 111 85 65 1 117 85 61 1 117 79 95 1 106 85 47 1 86 72 62 1 62 87 74 1 108 99 33 1 91 99 47 1 0 0 0 0 89 59 37 1 0 0 0 0 19 57 75 1 79 48 82 1 24 81 63 1 0 0 0 0 66 44 29 1 2 102 36 1 84 45 76 1 42 77 59 1 51 52 30 1 36 58 22 1 0 12 9 1 0 44 46 1 4 43 30 1 0 48 20 1 5 80 17 1 3 80 53 1 0 67 80 1 0 0 0 0 9 39 35 1 0 58 48 1 42 65 61 1 0 0 0 0 45 95 76 1 127 96 69 1 18 50 26 1 29 67 26 1 30 55 30 1 0 73 31 1 27 77 58 1 0 63 35 1 0 12 0 1 0 16 31 1 0 0 0 0 48 21 57 1 11 65 60 1 60 83 70 1 56 85 55 1 114 73 42 1 0 0 0 0 0 0 0 0 101 61 74 1 72 106 49 1 91 100 73 1 70 88 81 1 78 88 59 1 37 75 63 1