6
2759 925 63 66
0 53 95 1 18 52 43 1 28 54 95 1 31 70 49 1 15 63 52 1 27 47 101 1 52 28 57 1 32 38 61 1 14 60 100 1 5 56 60 1 14 59 78 1 0 59 104 1 0 0 0 0 68 51 65 1 0 62 58 1 27 94 76 1 0 45 76 1 18 14 69 1 15 70 65 1 39 53 49 1 43 17 79 1 0 0 0 0 69 42 53 1 23 51 67 1 0 60 60 1 0 0 0 0 0 56 78 1 60 94 93 1 0 0 0 0 25 64 88 1 0 0 0 0 22 72 87 1 0 0 0 0 16 51 81 1 1 47 113 1 25 40 58 1 52 53 79 1 0 50 68 1 61 76 58 1 82 45 79 1 47 72 49 1 25 78 82 1 30 42 65 1 17 52 66 1 16 85 81 1 0 0 0 0 51 81 68 1 80 66 57 1 108 91 68 1 0 0 0 0 0 0 0 0 87 93 79 1 147 89 60 1 62 117 47 1 0 0 0 0 100 89 61 1 110 63 60 1 105 109 61 1 104 67 35 1 0 0 0 0 54 79 39 1 55 62 13 1 60 61 0 1 130 99 24 1 125 111 81 1 123 103 97 1
31 56 60 1 15 47 72 1 0 0 0 0 34 66 66 1 13 41 118 1 0 45 97 1 10 53 74 1 5 50 56 1 51 53 94 1 0 54 65 1 27 64 51 1 36 78 84 1 0 52 91 1 5 43 96 1 17 17 87 1 34 60 49 1 0 78 70 1 20 74 84 1 37 75 97 1 0 42 74 1 13 42 97 1 2 42 44 1 18 52 70 1 15 24 49 1 53 50 108 1 36 43 100 1 79 35 93 1 0 0 0 0 5 46 41 1 28 56 96 1 23 46 59 1 48 52 99 1 0 0 0 0 28 70 93 1 45 56 49 1 5 86 88 1 41 76 62 1 46 80 78 1 0 63 63 1 45 34 93 1 70 22 90 1 16 115 62 1 49 78 69 1 44 74 51 1 47 68 65 1 33 66 60 1 0 0 0 0 81 47 87 1 92 122 73 1 97 87 105 1 119 85 101 1 150 132 62 1 52 58 39 1 70 114 23 1 86 82 94 1 69 79 93 1 84 76 80 1 66 82 104 1 81 110 29 1 50 82 63 1 65 75 72 1 61 42 51 1 55 95 18 1 66 88 74 1 127 95 99 1 105 81 44 1
58 15 63 1 47 23 80 1 25 76 91 1 0 20 63 1 8 92 52 1 29 43 70 1 16 50 82 1 15 70 69 1 10 81 83 1 29 37 53 1 21 61 57 1 11 49 54 1 4 19 99 1 0 0 0 0 15 54 101 1 21 23 50 1 70 59 89 1 10 38 56 1 12 59 74 1 20 28 58 1 50 80 51 1 22 62 46 1 26 101 86 1 0 46 91 1 52 53 70 1 0 0 0 0 0 0 0 0 54 63 56 1 21 70 72 1 36 36 71 1 12 92 61 1 28 58 106 1 40 82 73 1 33 48 93 1 34 31 87 1 23 56 117 1 37 30 72 1 25 60 72 1 6 49 76 1 26 95 42 1 17 77 23 1 46 22 78 1 17 52 37 1 13 70 78 1 48 59 76 1 27 69 87 1 17 47 73 1 55 74 72 1 102 87 73 1 161 83 93 1 0 0 0 0 105 117 62 1 90 69 70 1 80 77 89 1 62 105 46 1 55 79 51 1 135 88 92 1 120 49 69 1 91 88 71 1 80 75 59 1 0 0 0 0 65 52 73 1 42 74 49 1 0 0 0 0 84 69 86 1 143 69 75 1
11 93 48 1 24 50 73 1 30 9 67 1 5 62 68 1 36 39 79 1 0 0 0 0 40 41 67 1 29 27 35 1 16 47 86 1 28 41 112 1 0 0 0 0 22 62 75 1 39 56 92 1 0 0 0 0 22 67 53 1 35 42 98 1 0 0 0 0 39 57 80 1 32 92 103 1 24 69 60 1 60 39 56 1 56 64 112 1 0 0 0 0 3 56 82 1 19 35 91 1 0 0 0 0 22 17 63 1 0 39 52 1 59 55 100 1 8 31 95 1 1 23 78 1 30 39 50 1 18 73 79 1 50 69 55 1 10 40 44 1 25 49 47 1 37 69 60 1 51 44 47 1 17 21 84 1 49 62 119 1 39 29 80 1 15 84 90 1 86 86 92 1 21 36 41 1 46 63 30 1 20 36 98 1 53 49 69 1 51 66 78 1 88 78 101 1 89 106 78 1 103 75 100 1 131 86 91 1 0 0 0 0 98 90 50 1 84 92 59 1 62 111 51 1 123 30 62 1 104 108 76 1 23 113 96 1 70 78 104 1 86 35 60 1 53 95 31 1 61 81 34 1 89 15 77 1 78 93 64 1 43 54 62 1
7 38 97 1 16 53 55 1 3 53 85 1 0 0 0 0 35 83 71 1 43 60 83 1 7 28 83 1 1 37 78 1 16 46 114 1 63 65 63 1 11 41 70 1 0 56 119 1 12 54 96 1 44 65 65 1 32 83 109 1 0 0 0 0 46 0 85 1 38 55 44 1 36 53 72 1 62 43 77 1 33 56 87 1 12 62 79 1 19 48 75 1 39 44 86 1 47 53 86 1 20 73 52 1 21 86 92 1 0 69 92 1 45 49 77 1 0 48 67 1 20 34 69 1 0 0 0 0 27 75 93 1 42 54 96 1 16 29 82 1 21 70 82 1 37 75 52 1 42 53 63 1 13 49 57 1 29 37 49 1 36 50 89 1 31 62 75 1 0 48 89 1 5 41 52 1 0 0 0 0 8 49 82 1 32 74 81 1 0 0 0 0 9 48 59 1 76 74 52 1 82 60 47 1 124 97 105 1 94 78 65 1 118 107 52 1 90 61 30 1 70 62 37 1 67 52 93 1 69 70 70 1 110 92 87 1 0 0 0 0 140 101 69 1 62 67 55 1 94 86 75 1 28 26 28 1 64 54 58 1 67 34 43 1
45 68 109 1 14 61 71 1 15 22 89 1 41 35 58 1 23 35 91 1 64 75 61 1 35 47 56 1 2 58 71 1 36 47 58 1 0 0 0 0 55 97 97 1 0 58 70 1 28 74 103 1 0 80 99 1 0 0 0 0 32 35 104 1 15 62 48 1 78 49 72 1 55 14 92 1 54 47 97 1 0 56 73 1 36 64 95 1 16 90 96 1 45 0 85 1 0 0 0 0 0 58 63 1 7 75 55 1 0 0 0 0 7 43 91 1 26 25 86 1 13 19 62 1 0 36 54 1 50 82 75 1 1 68 65 1 20 65 83 1 25 14 60 1 0 0 0 0 25 44 79 1 17 65 78 1 33 27 66 1 8 56 102 1 26 75 92 1 27 78 71 1 28 65 56 1 6 80 75 1 42 103 100 1 118 116 65 1 81 60 51 1 69 58 9 1 0 0 0 0 93 20 97 1 117 83 73 1 108 103 42 1 115 118 52 1 0 0 0 0 100 30 66 1 52 53 90 1 39 38 67 1 100 55 103 1 74 42 50 1 66 88 36 1 90 55 58 1 52 56 66 1 78 76 43 1 50 53 50 1 53 24 57 1
0 0 0 0 0 78 79 1 35 75 77 1 0 61 71 1 0 42 91 1 75 70 72 1 33 6 56 1 32 34 63 1 39 38 77 1 42 75 89 1 7 53 30 1 69 56 74 1 19 37 37 1 42 71 77 1 10 65 79 1 14 48 44 1 39 39 61 1 26 22 85 1 49 31 72 1 40 41 58 1 41 73 69 1 0 66 36 1 0 0 0 0 7 52 56 1 2 65 69 1 15 40 104 1 26 65 75 1 18 60 93 1 28 49 94 1 0 32 102 1 67 71 63 1 19 57 32 1 11 85 95 1 14 8 66 1 12 68 57 1 45 57 72 1 11 33 71 1 0 0 0 0 36 40 61 1 48 42 110 1 0 0 0 0 47 50 64 1 35 39 83 1 62 59 74 1 46 91 64 1 70 75 120 1 68 78 94 1 48 81 97 1 44 88 59 1 57 75 72 1 73 84 101 1 46 84 79 1 109 44 50 1 52 66 78 1 81 110 74 1 76 114 89 1 34 79 107 1 0 0 0 0 80 34 46 1 52 94 111 1 78 96 44 1 61 71 94 1 0 0 0 0 36 66 72 1 23 23 79 1 55 47 32 1
23 63 84 1 0 41 129 1 3 12 65 1 30 34 50 1 24 77 69 1 30 73 112 1 22 50 38 1 5 52 67 1 30 28 35 1 4 70 85 1 19 35 72 1 37 32 76 1 43 70 95 1 3 76 87 1 17 11 80 1 42 64 71 1 15 28 117 1 0 65 43 1 0 77 58 1 29 66 91 1 41 83 58 1 15 54 77 1 0 74 109 1 6 44 47 1 33 72 53 1 25 54 85 1 0 49 93 1 27 33 115 1 48 63 107 1 27 47 86 1 23 31 130 1 9 26 115 1 35 49 74 1 19 42 54 1 0 0 0 0 21 53 99 1 0 0 0 0 6 74 60 1 29 65 80 1 22 58 85 1 18 75 104 1 21 13 62 1 48 67 79 1 22 62 52 1 39 105 89 1 36 104 123 1 55 90 74 1 0 0 0 0 48 77 60 1 40 74 46 1 71 93 47 1 87 64 58 1 88 67 52 1 41 82 97 1 47 74 47 1 41 41 109 1 76 48 84 1 64 74 73 1 42 76 45 1 87 33 114 1 55 44 129 1 27 86 51 1 37 64 49 1 27 61 65 1 23 68 85 1 35 54 69 1
0 0 0 0 0 21 57 1 74 28 78 1 13 32 67 1 27 42 76 1 12 42 87 1 0 48 51 1 30 42 86 1 44 26 87 1 0 0 0 0 20 63 71 1 17 42 81 1 0 27 87 1 11 29 117 1 44 72 60 1 24 23 42 1 29 34 120 1 33 63 57 1 39 71 49 1 36 46 110 1 25 52 60 1 0 72 93 1 35 17 33 1 39 81 94 1 22 45 54 1 4 48 69 1 29 48 72 1 0 49 73 1 0 0 0 0 59 76 86 1 21 39 79 1 0 0 0 0 0 41 106 1 36 96 41 1 0 80 87 1 28 46 100 1 14 32 117 1 35 70 62 1 0 0 0 0 13 78 72 1 20 94 65 1 29 88 55 1 11 23 96 1 63 42 37 1 37 45 70 1 21 87 82 1 33 93 101 1 41 61 82 1 0 0 0 0 23 84 37 1 81 59 60 1 52 107 67 1 55 94 97 1 0 0 0 0 65 70 56 1 27 73 61 1 21 52 62 1 64 96 22 1 24 44 38 1 30 57 80 1 45 33 61 1 0 0 0 0 40 4 12 1 35 68 52 1 38 98 86 1 11 58 97 1
23 78 91 1 1 25 57 1 0 69 75 1 19 38 71 1 34 68 87 1 68 44 59 1 6 50 70 1 2 41 51 1 40 85 35 1 0 51 55 1 23 56 100 1 1 33 80 1 0 49 99 1 23 74 111 1 0 74 80 1 45 45 108 1 21 53 53 1 27 38 85 1 0 89 113 1 40 37 81 1 12 75 83 1 0 29 97 1 0 42 71 1 16 62 62 1 0 0 0 0 3 109 63 1 0 0 0 0 28 67 69 1 0 0 0 0 24 83 49 1 38 48 68 1 37 42 59 1 37 34 107 1 23 83 84 1 4 52 94 1 47 21 102 1 25 57 58 1 12 58 73 1 0 0 0 0 7 44 77 1 47 75 97 1 20 26 74 1 17 65 74 1 52 46 51 1 0 0 0 0 28 80 86 1 57 39 93 1 54 81 70 1 78 58 77 1 40 56 95 1 59 45 105 1 59 77 29 1 43 22 42 1 48 108 38 1 39 24 82 1 47 10 75 1 33 46 71 1 0 0 0 0 14 33 63 1 33 62 72 1 20 42 34 1 33 23 54 1 27 49 89 1 14 54 94 1 1 42 114 1 0 0 0 0
12 42 51 1 37 75 45 1 12 57 98 1 14 53 83 1 33 45 81 1 0 0 0 0 23 37 50 1 11 64 54 1 0 66 61 1 25 31 42 1 61 62 63 1 36 64 126 1 0 0 0 0 22 36 83 1 2 50 75 1 0 42 69 1 0 0 0 0 12 84 74 1 9 100 59 1 23 71 108 1 32 24 96 1 9 45 72 1 37 85 66 1 25 14 79 1 49 67 52 1 9 37 62 1 35 92 69 1 0 70 82 1 0 0 0 0 0 40 81 1 17 30 86 1 36 52 66 1 4 39 109 1 35 41 110 1 0 0 0 0 33 96 76 1 10 58 71 1 0 37 90 1 14 64 105 1 7 84 63 1 47 50 93 1 25 55 37 1 31 43 30 1 0 0 0 0 43 48 64 1 22 36 62 1 55 38 15 1 81 62 105 1 69 69 56 1 97 89 119 1 41 71 60 1 38 78 71 1 48 37 83 1 40 40 74 1 0 60 33 1 11 79 52 1 20 58 67 1 31 45 30 1 36 13 64 1 53 63 67 1 33 31 72 1 34 62 80 1 14 22 74 1 27 70 105 1 0 43 89 1 0 39 86 1
44 34 81 1 9 64 106 1 30 42 106 1 0 36 81 1 25 30 60 1 23 22 63 1 44 53 78 1 5 41 73 1 0 72 27 1 46 51 95 1 20 35 66 1 0 34 55 1 32 70 75 1 33 16 61 1 19 62 84 1 66 30 102 1 2 39 62 1 8 45 98 1 29 46 55 1 0 75 72 1 33 93 79 1 0 0 0 0 29 69 63 1 44 40 70 1 48 61 56 1 5 39 113 1 0 88 46 1 0 81 80 1 34 65 47 1 13 53 97 1 0 0 0 0 53 36 53 1 32 25 113 1 21 105 102 1 38 76 91 1 17 35 74 1 27 61 95 1 23 56 80 1 36 14 33 1 0 0 0 0 44 27 103 1 0 0 0 0 38 42 74 1 54 59 14 1 22 40 49 1 70 34 103 1 48 58 65 1 42 59 65 1 48 0 87 1 63 75 79 1 37 49 58 1 46 31 40 1 43 51 27 1 21 75 41 1 41 88 94 1 44 33 62 1 39 69 61 1 52 58 61 1 22 86 106 1 8 57 80 1 45 67 74 1 13 50 81 1 0 0 0 0 0 73 93 1 11 62 71 1 27 37 41 1
48 43 84 1 23 35 146 1 0 47 84 1 0 37 75 1 0 0 0 0 0 71 31 1 5 73 72 1 0 0 0 0 20 62 57 1 14 53 50 1 68 91 18 1 21 73 66 1 42 77 111 1 3 69 56 1 23 63 100 1 27 8 104 1 0 77 64 1 74 66 50 1 31 34 71 1 27 97 57 1 18 30 75 1 36 27 57 1 34 64 71 1 13 50 102 1 23 27 75 1 49 61 51 1 15 35 113 1 66 41 57 1 0 82 63 1 40 40 89 1 0 50 65 1 44 52 59 1 6 40 89 1 4 70 85 1 16 35 92 1 54 29 83 1 18 54 71 1 0 0 0 0 0 0 0 0 23 46 71 1 9 75 99 1 34 63 61 1 2 56 63 1 51 40 71 1 0 0 0 0 61 92 88 1 25 64 31 1 15 101 66 1 0 0 0 0 0 0 0 0 29 49 63 1 57 49 30 1 74 50 89 1 68 60 58 1 38 72 66 1 7 84 89 1 45 21 96 1 23 55 100 1 0 32 36 1 31 70 64 1 0 41 68 1 5 56 99 1 52 65 64 1 45 38 69 1 26 30 38 1 0 0 0 0
44 50 126 1 24 0 71 1 0 44 107 1 19 91 88 1 3 55 40 1 45 58 75 1 16 42 112 1 0 0 0 0 4 55 14 1 12 23 40 1 40 66 39 1 31 55 60 1 45 57 47 1 36 50 90 1 65 61 113 1 0 0 0 0 55 48 86 1 21 39 71 1 19 46 52 1 15 55 75 1 13 70 41 1 28 35 104 1 8 48 109 1 15 42 79 1 16 41 56 1 32 50 93 1 14 67 68 1 0 36 70 1 22 19 55 1 29 78 59 1 13 52 62 1 37 52 45 1 0 83 89 1 11 54 92 1 16 47 87 1 0 0 0 0 49 36 48 1 72 57 67 1 33 88 97 1 0 0 0 0 0 0 0 0 29 87 83 1 30 35 69 1 63 33 53 1 35 37 99 1 40 43 49 1 29 63 80 1 64 62 75 1 31 32 77 1 62 63 47 1 41 54 84 1 32 46 49 1 0 52 55 1 10 55 38 1 36 59 37 1 0 45 43 1 26 56 17 1 18 23 40 1 41 49 46 1 32 23 61 1 18 19 36 1 46 53 83 1 30 70 80 1 0 13 130 1 52 70 75 1 53 72 51 1
39 69 65 1 21 51 48 1 0 44 33 1 58 38 64 1 11 51 79 1 22 78 112 1 6 99 66 1 18 34 74 1 23 87 39 1 29 53 64 1 47 76 70 1 0 14 76 1 16 36 72 1 10 45 78 1 25 24 94 1 46 76 106 1 23 35 83 1 6 84 14 1 26 80 64 1 0 0 0 0 0 19 37 1 33 55 70 1 38 71 77 1 4 30 104 1 34 39 58 1 40 54 58 1 27 49 69 1 1 49 42 1 20 70 99 1 20 43 47 1 58 58 88 1 4 62 71 1 13 90 109 1 62 17 73 1 30 46 85 1 40 72 85 1 30 62 55 1 7 51 73 1 36 67 97 1 4 0 70 1 69 83 45 1 23 36 81 1 44 46 76 1 0 102 76 1 24 50 66 1 2 16 56 1 0 50 53 1 44 59 119 1 0 0 0 0 29 69 58 1 0 85 57 1 6 62 75 1 39 51 43 1 0 0 0 0 0 0 0 0 0 0 0 0 0 0 0 0 0 92 79 1 19 45 48 1 23 19 98 1 0 53 47 1 28 81 82 1 0 0 0 0 4 52 89 1 28 46 109 1 49 72 71 1
48 76 98 1 13 74 91 1 16 47 93 1 30 52 74 1 12 73 71 1 14 40 80 1 29 54 98 1 0 44 95 1 0 0 0 0 40 98 45 1 25 40 48 1 0 51 66 1 0 0 0 0 11 46 64 1 14 82 50 1 0 47 73 1 22 63 67 1 27 25 97 1 0 0 0 0 47 67 52 1 13 48 92 1 28 104 92 1 41 56 97 1 45 64 77 1 20 39 99 1 0 77 91 1 9 32 103 1 32 68 66 1 35 59 65 1 23 44 49 1 19 73 96 1 5 56 77 1 19 23 84 1 39 33 107 1 0 81 37 1 33 58 74 1 8 28 94 1 53 72 54 1 0 0 0 0 7 52 51 1 0 0 0 0 69 12 86 1 3 34 65 1 6 54 79 1 51 63 100 1 9 0 48 1 8 70 77 1 25 62 86 1 0 0 0 0 24 38 82 1 52 65 52 1 0 89 48 1 5 29 56 1 33 65 79 1 26 32 81 1 0 49 48 1 0 27 67 1 26 64 68 1 11 32 30 1 0 9 22 1 19 39 36 1 31 52 57 1 0 53 112 1 34 104 90 1 25 48 73 1 22 49 63 1
18 37 86 1 25 92 56 1 41 39 89 1 5 76 83 1 0 102 99 1 36 102 63 1 24 66 42 1 0 67 81 1 10 70 49 1 46 50 80 1 12 64 62 1 11 84 81 1 0 26 53 1 43 22 90 1 0 29 100 1 0 59 81 1 59 64 85 1 60 55 50 1 10 60 113 1 31 46 62 1 20 76 72 1 30 44 65 1 13 55 70 1 6 59 58 1 6 69 86 1 16 72 69 1 0 43 46 1 21 81 59 1 37 81 62 1 74 102 48 1 31 39 109 1 43 62 70 1 39 37 111 1 60 33 76 1 29 54 88 1 83 24 89 1 41 47 68 1 69 29 63 1 0 57 92 1 40 56 64 1 43 42 53 1 46 39 65 1 17 57 107 1 39 69 46 1 19 64 85 1 0 55 54 1 49 45 60 1 29 66 64 1 25 80 75 1 0 44 86 1 31 64 68 1 6 30 75 1 20 59 42 1 0 59 95 1 17 67 57 1 35 71 85 1 0 0 0 0 36 49 64 1 0 0 0 0 0 49 48 1 39 45 71 1 40 48 83 1 33 34 62 1 41 63 93 1 53 73 94 1 13 24 56 1
40 57 90 1 29 50 114 1 29 70 65 1 1 50 49 1 41 28 97 1 14 59 115 1 13 53 89 1 59 40 51 1 18 87 73 1 9 51 56 1 24 47 73 1 14 37 62 1 5 18 73 1 20 48 84 1 0 57 29 1 39 55 90 1 19 67 93 1 14 64 75 1 12 13 101 1 4 62 89 1 0 88 93 1 0 19 73 1 0 68 96 1 31 59 76 1 26 42 111 1 42 58 77 1 16 70 43 1 0 0 0 0 42 47 60 1 71 45 64 1 67 92 102 1 3 25 40 1 38 70 93 1 64 71 111 1 39 67 87 1 0 85 102 1 33 42 71 1 33 61 64 1 16 44 75 1 23 75 58 1 0 56 72 1 59 72 40 1 38 63 83 1 40 26 61 1 70 65 59 1 37 81 67 1 43 54 58 1 47 92 53 1 58 67 61 1 16 56 86 1 14 56 93 1 33 38 91 1 0 54 92 1 0 0 0 0 26 48 51 1 10 8 111 1 29 91 119 1 24 46 63 1 19 2 96 1 14 47 26 1 0 18 33 1 8 82 65 1 9 57 61 1 58 70 57 1 0 0 0 0 2 81 65 1
12 50 97 1 51 55 66 1 29 68 75 1 6 58 61 1 0 50 78 1 0 25 93 1 40 52 59 1 0 40 8 1 57 32 55 1 0 80 45 1 0 41 77 1 0 0 0 0 0 0 0 0 16 31 70 1 19 53 63 1 20 27 72 1 28 42 77 1 13 59 67 1 24 50 109 1 60 18 75 1 0 55 109 1 50 61 61 1 23 49 50 1 30 40 96 1 2 39 91 1 15 90 59 1 43 48 26 1 55 44 57 1 34 52 90 1 5 59 50 1 42 30 75 1 5 50 62 1 38 39 64 1 41 34 80 1 11 44 75 1 33 71 109 1 33 56 51 1 15 60 49 1 52 40 46 1 49 76 97 1 9 61 54 1 0 0 0 0 4 35 21 1 0 62 94 1 31 49 24 1 0 60 87 1 0 19 60 1 42 66 72 1 8 39 53 1 47 58 75 1 27 63 83 1 0 37 88 1 0 0 0 0 37 62 83 1 29 26 41 1 7 74 91 1 44 76 77 1 0 0 0 0 0 81 75 1 57 79 25 1 39 65 48 1 13 52 61 1 16 54 70 1 55 49 62 1 0 54 75 1 23 32 88 1
45 44 50 1 40 42 83 1 37 12 88 1 0 0 0 0 38 42 70 1 27 62 102 1 29 49 60 1 21 54 50 1 18 39 46 1 26 69 114 1 29 69 69 1 0 0 0 0 32 53 54 1 3 67 19 1 25 30 21 1 0 0 0 0 0 64 32 1 25 70 50 1 0 48 39 1 8 72 69 1 7 67 85 1 28 18 98 1 38 63 55 1 66 46 92 1 0 38 77 1 46 60 62 1 31 79 49 1 0 48 96 1 23 20 72 1 0 24 68 1 0 61 90 1 0 29 96 1 6 43 87 1 28 42 54 1 12 45 105 1 44 103 102 1 16 54 106 1 3 57 63 1 41 30 46 1 21 34 38 1 26 45 40 1 0 0 0 0 31 54 53 1 0 7 83 1 0 71 59 1 34 64 94 1 42 18 86 1 20 69 97 1 27 26 84 1 0 0 0 0 26 55 83 1 13 39 110 1 37 54 33 1 2 50 82 1 13 62 80 1 0 0 0 0 1 68 46 1 25 71 41 1 17 79 36 1 48 59 55 1 12 46 30 1 56 61 118 1 8 38 36 1 4 40 102 1 10 45 37 1 7 46 77 1
20 55 82 1 0 44 68 1 32 63 56 1 0 74 63 1 30 60 71 1 5 40 55 1 53 36 58 1 25 43 100 1 48 37 61 1 0 0 0 0 11 43 60 1 0 0 0 0 5 36 15 1 17 39 74 1 0 0 0 0 29 44 90 1 0 67 75 1 5 49 35 1 0 93 91 1 34 54 65 1 3 58 62 1 15 55 80 1 0 0 0 0 27 47 71 1 8 70 102 1 0 32 50 1 27 62 56 1 39 20 106 1 15 71 82 1 0 0 0 0 0 0 0 0 45 39 32 1 0 0 0 0 0 0 0 0 72 48 77 1 18 52 89 1 0 0 0 0 0 0 0 0 32 69 56 1 0 0 0 0 0 89 51 1 32 27 109 1 18 70 7 1 17 67 55 1 42 43 54 1 0 0 0 0 38 51 51 1 20 109 33 1 26 57 29 1 24 54 44 1 60 42 75 1 53 59 67 1 53 38 95 1 0 66 67 1 56 54 58 1 0 48 66 1 26 35 56 1 33 53 83 1 10 34 35 1 37 40 36 1 23 69 63 1 35 91 68 1 38 53 25 1 0 20 35 1 47 24 55 1 13 50 53 1
9 22 83 1 44 70 124 1 0 52 64 1 34 55 76 1 35 65 98 1 30 51 89 1 15 42 58 1 36 77 75 1 15 6 68 1 4 47 65 1 32 82 79 1 30 60 37 1 0 55 46 1 31 69 57 1 7 49 41 1 19 39 100 1 44 22 27 1 23 42 72 1 26 51 39 1 16 83 54 1 16 35 55 1 0 0 0 0 0 0 0 0 9 68 79 1 0 77 58 1 0 84 83 1 38 70 51 1 45 75 51 1 10 88 56 1 33 32 67 1 38 59 102 1 7 60 108 1 34 52 86 1 0 59 58 1 11 54 68 1 48 39 31 1 31 28 47 1 36 29 73 1 43 44 64 1 27 57 118 1 48 83 57 1 12 98 53 1 4 68 87 1 37 53 74 1 24 66 50 1 44 45 71 1 10 60 91 1 55 44 109 1 0 64 65 1 55 78 45 1 29 52 91 1 101 93 23 1 0 0 0 0 60 41 75 1 61 72 86 1 60 86 79 1 42 83 85 1 51 83 41 1 40 81 79 1 26 69 70 1 74 86 118 1 45 78 60 1 0 0 0 0 34 77 78 1 34 47 53 1 27 54 46 1
0 0 0 0 0 0 0 0 40 50 57 1 29 26 45 1 13 51 67 1 36 32 65 1 18 32 82 1 0 25 78 1 5 99 108 1 23 46 51 1 38 40 108 1 23 34 49 1 46 42 57 1 0 0 0 0 30 48 39 1 10 31 0 1 16 69 54 1 13 45 44 1 11 61 33 1 16 54 59 1 33 24 39 1 19 54 77 1 8 6 82 1 42 77 108 1 9 68 47 1 40 70 32 1 31 23 72 1 0 0 0 0 29 85 78 1 41 27 74 1 35 20 79 1 69 72 65 1 0 0 0 0 38 76 47 1 6 33 71 1 14 29 47 1 0 53 95 1 25 25 52 1 39 26 19 1 10 100 58 1 52 76 78 1 60 84 61 1 30 68 51 1 34 81 50 1 83 70 109 1 38 53 76 1 43 53 103 1 50 53 58 1 39 57 78 1 40 67 43 1 56 91 51 1 46 66 86 1 0 0 0 0 35 90 48 1 52 56 67 1 85 57 59 1 0 0 0 0 0 0 0 0 67 74 40 1 0 0 0 0 41 81 39 1 64 67 67 1 55 63 52 1 30 83 36 1 0 41 64 1 57 45 70 1
0 0 0 0 13 38 89 1 48 56 73 1 27 57 94 1 0 0 0 0 0 0 0 0 2 36 85 1 0 46 77 1 25 30 77 1 20 45 80 1 25 69 64 1 45 45 76 1 38 53 80 1 0 0 0 0 40 51 80 1 33 34 78 1 0 0 0 0 69 66 43 1 30 35 70 1 36 76 63 1 22 66 81 1 1 50 65 1 19 42 53 1 9 70 61 1 2 80 49 1 28 46 33 1 17 30 92 1 47 61 75 1 0 66 68 1 11 42 106 1 13 59 106 1 52 86 107 1 0 0 0 0 1 67 90 1 70 44 57 1 74 60 95 1 27 40 55 1 27 80 70 1 15 46 88 1 0 0 0 0 0 0 0 0 79 101 65 1 65 132 87 1 0 0 0 0 37 69 68 1 37 65 67 1 40 25 67 1 54 87 47 1 18 74 43 1 0 0 0 0 39 51 117 1 34 77 77 1 0 0 0 0 58 91 56 1 100 81 78 1 50 80 52 1 0 0 0 0 88 69 43 1 64 85 49 1 54 56 35 1 66 105 68 1 59 84 85 1 37 102 49 1 0 0 0 0 24 47 70 1 38 24 39 1
25 69 92 1 18 80 66 1 0 54 71 1 36 95 56 1 0 53 89 1 20 55 71 1 66 51 98 1 15 36 36 1 16 64 54 1 12 35 36 1 82 64 48 1 39 60 108 1 0 0 0 0 40 49 45 1 24 80 64 1 21 44 44 1 0 70 73 1 2 53 90 1 23 50 102 1 23 43 70 1 0 38 49 1 17 55 71 1 36 13 36 1 18 10 66 1 0 55 80 1 43 38 99 1 20 50 54 1 8 43 89 1 40 47 64 1 46 57 43 1 76 57 61 1 63 86 72 1 15 71 103 1 58 8 69 1 61 62 97 1 42 97 50 1 29 65 87 1 27 37 88 1 40 53 36 1 57 63 89 1 70 118 16 1 78 90 43 1 43 86 63 1 16 43 79 1 18 64 60 1 8 89 59 1 29 37 39 1 15 57 2 1 18 65 68 1 66 71 74 1 0 0 0 0 43 58 64 1 28 69 88 1 73 65 55 1 71 60 64 1 82 105 49 1 100 99 53 1 0 0 0 0 14 66 18 1 56 99 39 1 0 0 0 0 62 58 68 1 13 74 46 1 0 0 0 0 67 29 81 1 24 44 56 1
22 35 74 1 0 36 97 1 19 63 56 1 0 14 82 1 34 73 59 1 15 68 56 1 50 64 64 1 68 35 43 1 43 36 131 1 0 0 0 0 0 47 67 1 32 36 87 1 68 48 43 1 42 43 89 1 22 22 74 1 16 41 65 1 22 50 56 1 31 53 50 1 0 60 74 1 17 62 84 1 0 0 0 0 17 20 27 1 12 73 79 1 18 70 63 1 33 7 74 1 43 60 26 1 38 56 54 1 9 63 45 1 12 25 83 1 13 63 46 1 35 58 71 1 33 63 79 1 20 35 60 1 27 62 79 1 2 42 101 1 39 51 44 1 31 90 55 1 0 81 66 1 55 73 83 1 71 108 59 1 42 65 36 1 74 87 29 1 46 62 64 1 88 71 49 1 44 84 47 1 43 78 48 1 84 49 75 1 53 51 28 1 55 31 72 1 69 48 86 1 69 113 104 1 53 73 87 1 60 97 68 1 0 0 0 0 66 74 63 1 63 50 29 1 55 62 31 1 40 85 42 1 60 114 28 1 40 78 61 1 76 47 77 1 87 90 63 1 38 74 67 1 0 0 0 0 37 90 50 1 19 53 64 1
0 0 0 0 41 52 67 1 7 0 80 1 13 22 67 1 24 33 73 1 39 73 57 1 4 31 39 1 35 75 58 1 4 40 68 1 15 61 107 1 31 23 63 1 12 30 76 1 32 63 76 1 0 0 0 0 23 6 70 1 22 59 39 1 16 31 60 1 60 54 67 1 45 37 55 1 21 26 87 1 15 70 89 1 38 47 71 1 49 32 65 1 14 58 64 1 37 46 99 1 31 36 82 1 52 67 6 1 51 47 88 1 62 55 126 1 61 40 52 1 18 104 55 1 23 54 29 1 30 62 102 1 71 104 84 1 58 33 81 1 0 95 73 1 27 44 57 1 28 76 55 1 0 0 0 0 30 114 71 1 79 68 36 1 75 89 95 1 31 97 45 1 73 82 39 1 60 109 35 1 66 44 33 1 89 26 62 1 71 14 10 1 36 107 54 1 112 62 94 1 84 78 79 1 75 69 88 1 35 67 55 1 56 54 101 1 55 49 53 1 0 0 0 0 61 74 38 1 56 78 64 1 64 62 43 1 80 42 66 1 59 103 69 1 86 96 69 1 65 87 77 1 51 63 63 1 3 64 95 1 0 0 0 0
0 0 0 0 24 47 97 1 0 40 29 1 0 0 0 0 47 81 55 1 8 43 73 1 50 76 115 1 36 59 74 1 21 23 103 1 45 86 76 1 0 33 77 1 16 40 93 1 23 69 55 1 53 18 67 1 28 31 73 1 26 31 74 1 19 84 126 1 36 63 59 1 22 67 63 1 26 56 64 1 3 71 51 1 42 71 64 1 46 70 86 1 42 42 83 1 33 75 42 1 35 61 82 1 0 0 0 0 57 28 62 1 35 44 94 1 79 44 89 1 74 68 80 1 42 62 69 1 79 66 44 1 41 69 96 1 35 103 74 1 10 56 56 1 31 64 76 1 19 32 89 1 0 0 0 0 43 92 84 1 61 35 77 1 60 64 54 1 71 107 66 1 59 86 76 1 58 43 53 1 38 42 47 1 40 37 63 1 56 63 108 1 27 80 53 1 47 112 95 1 39 34 96 1 72 89 69 1 60 76 77 1 82 38 84 1 13 90 112 1 31 95 46 1 21 41 47 1 28 100 63 1 69 94 78 1 65 34 76 1 43 75 88 1 63 97 49 1 62 50 109 1 57 66 31 1 2 21 90 1 1 6 50 1
22 15 65 1 0 56 74 1 19 37 49 1 14 91 58 1 0 45 40 1 31 53 51 1 54 54 52 1 39 54 71 1 35 27 75 1 0 0 0 0 0 0 0 0 26 52 71 1 55 83 86 1 12 65 56 1 15 47 76 1 0 50 17 1 8 56 56 1 0 0 0 0 16 64 87 1 7 79 84 1 53 59 65 1 18 21 70 1 15 55 76 1 46 64 100 1 58 60 103 1 18 98 66 1 47 51 81 1 58 50 53 1 64 88 78 1 69 28 72 1 18 67 47 1 0 0 0 0 44 75 49 1 43 90 100 1 36 51 74 1 50 68 63 1 39 30 65 1 25 59 65 1 60 54 36 1 56 20 62 1 33 57 48 1 61 58 69 1 77 79 77 1 39 104 79 1 63 75 81 1 47 68 59 1 45 8 56 1 33 23 99 1 28 41 66 1 49 90 71 1 0 0 0 0 24 91 42 1 48 20 81 1 48 56 15 1 18 45 73 1 33 62 82 1 43 57 43 1 9 55 47 1 38 66 58 1 33 60 70 1 28 83 60 1 0 0 0 0 16 88 91 1 35 80 55 1 0 43 24 1 19 79 50 1
10 59 86 1 27 21 62 1 47 55 71 1 0 0 0 0 65 36 76 1 53 22 55 1 0 0 0 0 0 41 117 1 15 72 55 1 13 81 60 1 8 15 77 1 61 14 62 1 11 5 73 1 13 99 56 1 49 66 68 1 7 86 66 1 13 120 115 1 0 98 69 1 61 50 116 1 40 41 46 1 24 52 60 1 66 66 82 1 40 60 73 1 69 100 69 1 42 92 57 1 21 48 71 1 55 64 62 1 3 56 52 1 80 72 69 1 43 108 40 1 7 68 53 1 61 64 82 1 42 74 72 1 83 73 57 1 56 76 34 1 50 54 34 1 51 52 63 1 21 86 66 1 84 70 59 1 61 69 58 1 58 69 71 1 87 79 27 1 0 0 0 0 0 0 0 0 42 94 84 1 33 80 49 1 63 58 48 1 49 66 14 1 40 77 47 1 0 0 0 0 40 61 98 1 27 43 22 1 26 67 46 1 68 74 56 1 66 62 52 1 31 93 43 1 42 53 87 1 60 68 73 1 94 21 70 1 50 48 63 1 0 0 0 0 42 70 62 1 75 59 63 1 36 60 61 1 2 67 43 1 15 49 64 1
31 27 124 1 20 63 61 1 0 0 0 0 21 57 81 1 51 77 54 1 28 82 63 1 0 83 76 1 0 44 48 1 0 0 0 0 0 42 72 1 25 35 75 1 50 24 86 1 14 82 56 1 60 62 95 1 33 41 55 1 0 50 84 1 12 62 70 1 22 89 93 1 37 67 105 1 22 58 64 1 59 86 88 1 21 51 73 1 0 0 0 0 62 95 81 1 43 59 77 1 54 83 75 1 68 63 59 1 0 0 0 0 59 73 66 1 28 46 59 1 58 41 55 1 76 72 61 1 39 64 38 1 51 79 45 1 45 75 80 1 60 62 38 1 21 55 54 1 0 0 0 0 76 94 85 1 38 76 70 1 62 46 84 1 28 51 53 1 53 90 65 1 63 112 80 1 0 0 0 0 38 55 63 1 0 0 0 0 22 29 62 1 11 50 62 1 19 38 16 1 21 66 74 1 14 19 71 1 15 47 39 1 19 88 48 1 11 47 74 1 19 38 36 1 65 54 50 1 26 33 56 1 28 63 80 1 40 73 75 1 8 59 46 1 77 103 57 1 38 62 71 1 3 64 45 1 16 90 80 1 26 58 72 1
18 57 45 1 10 16 63 1 0 0 0 0 17 99 43 1 50 53 71 1 0 65 49 1 0 37 69 1 0 32 68 1 0 44 110 1 0 38 69 1 18 4 42 1 77 82 58 1 47 50 63 1 0 0 0 0 12 55 61 1 27 98 77 1 59 54 81 1 43 92 80 1 17 102 40 1 26 74 37 1 8 93 48 1 45 49 104 1 59 49 98 1 54 61 86 1 7 82 67 1 0 0 0 0 0 64 18 1 55 96 100 1 29 83 42 1 67 46 72 1 51 31 37 1 39 91 36 1 55 74 57 1 71 91 41 1 80 85 85 1 34 67 31 1 2 58 92 1 55 47 38 1 19 83 108 1 0 0 0 0 74 54 33 1 45 51 72 1 50 35 19 1 25 44 73 1 0 0 0 0 28 73 102 1 49 63 55 1 46 70 60 1 13 83 69 1 42 34 38 1 41 62 51 1 28 59 57 1 44 55 88 1 18 0 88 1 1 37 69 1 3 61 46 1 52 60 61 1 54 26 56 1 35 56 35 1 26 52 59 1 27 62 37 1 36 46 17 1 0 64 70 1 0 81 39 1 0 0 0 0 3 61 101 1
0 56 71 1 5 70 45 1 0 0 0 0 17 53 47 1 0 63 51 1 40 16 57 1 0 58 81 1 5 30 68 1 17 36 87 1 0 9 33 1 40 56 31 1 0 0 0 0 31 61 39 1 23 46 52 1 0 0 0 0 0 56 83 1 0 80 55 1 0 0 0 0 0 0 0 0 20 40 52 1 35 58 52 1 47 72 65 1 0 0 0 0 42 11 81 1 69 72 90 1 109 65 86 1 53 83 48 1 21 69 73 1 26 80 81 1 15 73 40 1 92 49 68 1 55 58 37 1 54 56 95 1 61 86 57 1 0 0 0 0 67 37 99 1 58 68 45 1 55 69 61 1 0 0 0 0 0 16 66 1 43 61 37 1 60 47 61 1 35 36 28 1 22 50 26 1 13 43 96 1 0 36 61 1 13 66 67 1 45 44 86 1 36 34 57 1 0 0 0 0 4 53 21 1 44 67 83 1 0 0 0 0 25 36 90 1 0 15 70 1 29 29 49 1 25 91 70 1 22 50 62 1 0 0 0 0 2 12 55 1 39 49 98 1 0 77 84 1 0 0 0 0 30 63 44 1 18 26 81 1 10 47 6 1
0 0 0 0 47 35 62 1 45 2 63 1 0 47 45 1 0 26 74 1 0 0 0 0 10 34 65 1 14 70 60 1 41 61 86 1 21 55 23 1 47 45 86 1 37 36 94 1 0 0 0 0 45 49 84 1 15 13 77 1 0 73 91 1 0 0 0 0 51 56 71 1 0 0 0 0 2 37 37 1 35 45 65 1 13 50 43 1 12 78 98 1 0 0 0 0 93 77 53 1 94 67 84 1 54 97 51 1 21 93 82 1 37 88 93 1 25 56 86 1 70 80 61 1 47 59 53 1 49 49 87 1 45 64 80 1 68 103 89 1 0 0 0 0 51 71 95 1 54 60 83 1 35 57 74 1 18 66 83 1 29 48 73 1 36 30 63 1 12 52 21 1 59 70 57 1 47 55 25 1 36 42 41 1 0 0 0 0 15 48 28 1 9 48 47 1 17 30 56 1 64 35 46 1 44 64 81 1 29 57 59 1 0 0 0 0 46 52 39 1 27 47 81 1 56 72 31 1 34 47 68 1 21 47 68 1 42 58 77 1 45 31 115 1 15 68 70 1 33 36 88 1 38 63 72 1 3 23 67 1 15 47 68 1
37 50 78 1 7 54 72 1 0 0 0 0 0 87 65 1 0 57 60 1 4 71 76 1 0 44 46 1 25 69 70 1 12 68 34 1 0 46 56 1 31 24 70 1 12 39 81 1 30 109 47 1 0 0 0 0 38 57 79 1 56 42 54 1 45 89 61 1 52 32 53 1 20 64 74 1 0 0 0 0 0 49 68 1 0 0 0 0 30 95 12 1 70 31 101 1 38 67 64 1 70 54 55 1 9 56 70 1 57 52 78 1 20 57 98 1 51 46 33 1 52 61 51 1 36 21 68 1 37 35 61 1 28 61 62 1 67 37 106 1 53 88 60 1 37 93 71 1 26 86 92 1 8 44 66 1 55 29 53 1 0 0 0 0 18 56 61 1 0 0 0 0 80 23 69 1 82 46 57 1 50 38 21 1 34 20 15 1 28 63 44 1 49 39 105 1 0 76 66 1 31 82 25 1 34 53 41 1 0 0 0 0 22 67 83 1 40 26 71 1 0 66 43 1 7 38 63 1 24 66 70 1 0 0 0 0 41 71 42 1 43 69 50 1 68 50 71 1 58 114 97 1 43 64 60 1 22 42 54 1 39 57 91 1
0 28 69 1 0 0 0 0 0 0 0 0 38 21 60 1 23 41 29 1 11 64 53 1 31 34 44 1 31 36 70 1 32 56 108 1 33 61 81 1 29 70 78 1 36 70 63 1 15 32 76 1 0 48 37 1 96 64 76 1 50 31 73 1 61 88 68 1 23 43 73 1 25 20 40 1 27 71 80 1 27 50 60 1 36 82 85 1 22 39 60 1 27 46 67 1 9 88 52 1 41 44 51 1 39 47 21 1 16 60 69 1 61 78 93 1 23 31 52 1 0 0 0 0 21 62 25 1 74 46 65 1 61 68 63 1 59 67 66 1 15 81 71 1 0 0 0 0 0 0 0 0 57 25 68 1 60 23 78 1 92 83 65 1 55 67 70 1 13 67 83 1 62 99 83 1 39 66 66 1 73 39 62 1 64 37 102 1 49 53 72 1 39 43 103 1 64 104 80 1 85 106 73 1 17 90 49 1 31 63 72 1 0 0 0 0 38 51 29 1 30 38 114 1 4 60 56 1 0 0 0 0 36 33 96 1 0 0 0 0 18 113 51 1 0 0 0 0 37 58 63 1 22 80 69 1 49 44 87 1 22 63 56 1
0 14 64 1 19 95 114 1 9 12 60 1 0 0 0 0 58 56 71 1 43 43 44 1 0 57 86 1 0 43 56 1 62 39 73 1 41 54 76 1 20 53 101 1 0 0 0 0 19 16 42 1 18 73 69 1 0 0 0 0 0 0 0 0 16 24 34 1 21 48 78 1 22 58 60 1 12 26 41 1 0 14 88 1 0 0 0 0 36 47 53 1 25 47 82 1 49 50 68 1 28 75 71 1 27 73 69 1 14 58 50 1 0 0 0 0 32 36 52 1 0 40 47 1 25 75 56 1 54 81 106 1 32 42 38 1 69 68 42 1 30 78 58 1 36 97 49 1 56 81 20 1 32 64 64 1 49 70 106 1 0 0 0 0 0 0 0 0 22 45 75 1 64 80 65 1 77 110 98 1 70 37 75 1 0 0 0 0 38 56 64 1 52 84 57 1 65 100 102 1 66 79 90 1 0 0 0 0 21 31 29 1 8 51 62 1 21 56 137 1 67 71 39 1 22 78 84 1 23 90 22 1 78 60 83 1 0 0 0 0 83 26 107 1 28 88 70 1 67 42 48 1 0 65 55 1 47 52 40 1 49 62 70 1
2 42 123 1 64 74 130 1 0 0 0 0 30 61 65 1 0 71 55 1 0 15 94 1 16 68 82 1 61 54 67 1 8 30 75 1 41 76 78 1 52 55 129 1 29 76 81 1 11 38 70 1 22 63 31 1 0 0 0 0 49 51 114 1 0 32 65 1 61 96 45 1 31 55 94 1 0 0 0 0 49 65 66 1 32 53 78 1 44 59 97 1 35 75 34 1 40 49 74 1 56 57 81 1 29 62 84 1 17 65 64 1 16 25 53 1 43 65 52 1 40 68 84 1 0 0 0 0 0 0 0 0 42 38 53 1 34 74 56 1 55 68 121 1 0 0 0 0 59 57 59 1 46 76 77 1 69 85 84 1 43 104 106 1 45 78 47 1 76 85 91 1 55 81 36 1 71 65 77 1 85 65 53 1 62 73 95 1 52 91 57 1 73 95 84 1 53 103 81 1 0 0 0 0 0 0 0 0 58 43 86 1 46 30 80 1 18 61 111 1 0 0 0 0 42 65 58 1 29 50 63 1 43 30 68 1 36 21 77 1 27 78 82 1 18 56 58 1 80 71 42 1 60 52 50 1 51 49 39 1 17 47 38 1
3 31 72 1 26 51 70 1 39 63 123 1 0 21 57 1 39 31 78 1 0 64 58 1 38 47 88 1 0 0 0 0 28 73 118 1 26 65 41 1 44 66 45 1 45 50 70 1 48 62 78 1 35 43 58 1 6 24 77 1 19 52 59 1 7 74 18 1 26 63 83 1 31 40 39 1 37 48 92 1 10 5 83 1 79 18 104 1 6 27 90 1 0 32 60 1 0 0 0 0 53 75 85 1 56 53 79 1 18 23 81 1 60 83 55 1 70 62 44 1 25 25 98 1 68 85 63 1 42 57 58 1 62 104 69 1 61 95 80 1 85 105 85 1 85 83 73 1 75 86 53 1 62 82 63 1 73 75 51 1 13 87 73 1 84 72 56 1 43 64 41 1 65 72 86 1 40 55 111 1 83 80 91 1 49 84 96 1 102 73 48 1 48 61 108 1 59 61 90 1 70 75 66 1 44 136 66 1 0 76 76 1 0 72 101 1 23 55 61 1 50 45 83 1 47 85 72 1 27 52 83 1 34 58 66 1 22 85 63 1 75 59 73 1 47 66 60 1 29 59 100 1 49 40 57 1 42 38 40 1 42 73 83 1
61 85 164 1 0 0 0 0 14 51 87 1 10 44 89 1 3 13 43 1 23 51 106 1 20 91 70 1 27 46 75 1 50 25 61 1 0 0 0 0 0 0 0 0 38 25 38 1 32 53 110 1 0 24 87 1 0 80 58 1 21 97 114 1 5 57 40 1 0 0 0 0 26 90 68 1 59 43 46 1 35 39 84 1 14 73 90 1 31 35 74 1 0 0 0 0 31 56 65 1 49 55 70 1 29 48 85 1 43 36 62 1 60 51 93 1 44 58 76 1 33 61 85 1 70 65 66 1 20 87 79 1 93 93 90 1 31 68 85 1 68 57 39 1 72 108 18 1 75 103 57 1 55 120 49 1 60 86 25 1 94 69 59 1 26 57 67 1 55 85 31 1 43 52 72 1 0 0 0 0 12 58 56 1 74 65 88 1 61 54 54 1 67 88 35 1 86 98 89 1 43 96 65 1 34 59 88 1 43 63 81 1 54 55 41 1 13 25 89 1 0 0 0 0 62 50 45 1 55 79 51 1 45 83 83 1 43 83 29 1 68 40 27 1 51 65 86 1 44 62 74 1 63 78 28 1 27 55 28 1 96 58 77 1
13 49 98 1 32 48 84 1 36 56 125 1 6 50 44 1 0 40 54 1 10 64 95 1 52 57 66 1 0 0 0 0 29 35 105 1 51 41 120 1 72 68 88 1 0 69 77 1 29 34 84 1 11 48 85 1 13 86 77 1 0 47 34 1 37 50 82 1 48 46 34 1 16 78 72 1 0 2 57 1 23 32 59 1 74 48 93 1 21 54 59 1 0 66 75 1 32 49 86 1 45 69 68 1 34 21 69 1 37 61 63 1 25 71 77 1 0 0 0 0 29 66 51 1 80 79 72 1 0 0 0 0 59 105 86 1 55 47 64 1 0 0 0 0 0 0 0 0 49 126 49 1 46 68 66 1 68 75 33 1 52 68 28 1 75 89 25 1 42 30 40 1 0 0 0 0 54 28 69 1 73 20 41 1 99 90 78 1 46 106 48 1 37 53 108 1 56 74 71 1 59 95 105 1 11 65 62 1 2 61 59 1 22 32 83 1 70 54 63 1 56 38 99 1 29 76 52 1 55 52 46 1 57 76 52 1 67 95 89 1 0 0 0 0 32 42 68 1 78 85 60 1 51 59 49 1 20 79 61 1 0 0 0 0
20 32 88 1 20 31 28 1 33 81 114 1 35 89 45 1 29 27 22 1 38 24 65 1 39 32 43 1 6 41 114 1 19 35 68 1 49 56 55 1 18 53 79 1 70 0 77 1 30 47 77 1 0 0 0 0 1 55 74 1 53 70 45 1 48 52 71 1 25 26 56 1 15 64 63 1 32 68 81 1 21 94 76 1 21 55 66 1 18 35 61 1 0 0 0 0 57 56 61 1 0 42 82 1 103 50 39 1 39 72 39 1 63 71 49 1 33 109 81 1 88 89 54 1 70 53 80 1 50 91 72 1 31 46 33 1 50 52 34 1 21 70 57 1 22 75 47 1 30 86 53 1 50 41 71 1 50 93 65 1 60 45 72 1 0 0 0 0 0 0 0 0 0 42 66 1 41 60 55 1 2 39 38 1 32 47 66 1 31 27 54 1 0 0 0 0 67 74 104 1 32 54 95 1 27 48 83 1 44 61 41 1 73 62 35 1 37 67 95 1 0 0 0 0 0 0 0 0 24 91 31 1 60 39 61 1 74 100 51 1 34 60 51 1 39 93 27 1 0 0 0 0 58 41 43 1 39 88 111 1 29 40 31 1
0 0 0 0 0 0 0 0 28 44 33 1 32 45 70 1 20 39 36 1 6 40 32 1 13 60 53 1 34 63 78 1 17 75 55 1 27 109 48 1 0 57 76 1 45 51 49 1 37 61 108 1 24 52 84 1 51 77 66 1 0 0 0 0 23 64 34 1 37 56 63 1 5 71 95 1 60 80 76 1 11 44 86 1 48 43 67 1 21 73 28 1 55 55 24 1 13 2 85 1 9 14 61 1 69 51 77 1 81 66 31 1 21 70 100 1 81 89 43 1 108 68 110 1 81 106 35 1 72 27 73 1 41 45 44 1 49 110 56 1 25 72 64 1 87 67 24 1 29 71 41 1 6 44 56 1 7 42 78 1 56 79 98 1 29 35 97 1 40 45 39 1 0 0 0 0 36 70 96 1 0 88 101 1 0 0 0 0 45 85 73 1 79 30 104 1 29 75 60 1 59 38 48 1 0 0 0 0 20 106 86 1 76 35 70 1 49 75 50 1 59 57 62 1 54 57 48 1 40 70 62 1 21 47 75 1 37 42 29 1 74 65 17 1 55 54 62 1 65 55 41 1 78 80 61 1 31 51 46 1 25 91 55 1
20 57 68 1 0 0 0 0 22 77 95 1 31 59 82 1 0 57 64 1 27 30 40 1 41 17 73 1 40 48 49 1 32 33 55 1 0 77 66 1 61 24 44 1 0 37 63 1 0 72 61 1 5 47 75 1 21 63 98 1 16 25 56 1 42 65 46 1 12 42 81 1 46 45 50 1 30 64 91 1 0 0 0 0 52 60 79 1 0 0 0 0 66 64 60 1 62 45 60 1 57 47 64 1 56 89 63 1 54 104 57 1 37 82 55 1 47 81 84 1 13 74 71 1 50 82 27 1 37 29 63 1 27 42 11 1 46 53 60 1 26 70 54 1 18 58 49 1 0 0 0 0 0 0 0 0 0 53 35 1 17 77 69 1 0 68 84 1 24 23 99 1 0 0 0 0 32 43 23 1 22 62 92 1 27 30 46 1 27 50 41 1 0 49 73 1 42 64 80 1 48 77 120 1 50 50 72 1 40 36 76 1 63 78 19 1 57 79 83 1 72 52 76 1 25 49 39 1 41 57 88 1 60 90 50 1 63 84 44 1 54 78 26 1 0 0 0 0 62 29 46 1 26 60 59 1 78 85 77 1 59 0 49 1
17 75 72 1 0 38 48 1 18 30 73 1 40 33 47 1 28 81 29 1 34 59 29 1 62 36 73 1 0 32 86 1 22 10 63 1 41 41 76 1 15 106 79 1 9 82 71 1 10 50 112 1 20 24 116 1 0 0 0 0 19 8 74 1 51 59 77 1 33 44 92 1 44 45 51 1 30 53 74 1 28 28 50 1 21 64 58 1 23 52 70 1 10 70 64 1 3 56 52 1 45 36 99 1 0 0 0 0 37 31 73 1 33 90 64 1 41 69 71 1 49 52 45 1 28 74 53 1 0 0 0 0 23 30 75 1 2 119 20 1 0 48 37 1 55 22 41 1 74 31 33 1 7 54 89 1 42 63 26 1 47 0 38 1 37 50 48 1 28 70 84 1 27 12 43 1 15 18 72 1 0 36 45 1 37 59 51 1 52 47 53 1 15 61 83 1 38 59 51 1 13 62 68 1 29 71 43 1 4 77 55 1 0 0 0 0 57 54 48 1 60 68 61 1 38 66 72 1 55 19 92 1 73 97 44 1 38 95 66 1 0 0 71 1 29 54 25 1 88 84 54 1 81 96 61 1 73 99 74 1 95 129 89 1
51 23 67 1 33 93 86 1 39 83 36 1 47 9 57 1 17 33 48 1 14 23 107 1 29 67 79 1 0 0 0 0 27 50 104 1 38 30 55 1 31 33 58 1 0 0 0 0 25 44 119 1 42 26 89 1 0 38 61 1 27 53 66 1 5 39 76 1 2 65 51 1 45 47 88 1 3 63 80 1 0 0 0 0 32 58 71 1 13 48 49 1 63 24 63 1 30 64 30 1 41 36 55 1 16 71 47 1 45 65 82 1 52 70 46 1 79 53 29 1 41 64 60 1 42 64 42 1 16 18 35 1 37 97 55 1 44 45 43 1 23 71 114 1 18 34 103 1 31 26 97 1 40 66 85 1 14 62 72 1 20 47 94 1 35 35 74 1 0 0 0 0 0 66 29 1 26 63 23 1 34 85 76 1 18 34 84 1 54 71 69 1 39 78 51 1 26 59 66 1 0 43 61 1 60 48 41 1 33 74 93 1 36 103 61 1 41 30 41 1 28 50 72 1 72 11 39 1 0 0 0 0 0 0 0 0 34 63 54 1 39 51 56 1 55 57 73 1 53 81 28 1 40 37 54 1 50 76 47 1 72 75 49 1
28 66 88 1 36 55 48 1 0 0 0 0 0 62 54 1 25 34 72 1 15 46 28 1 7 46 81 1 12 22 73 1 13 35 54 1 0 0 0 0 0 63 106 1 22 67 101 1 0 0 0 0 51 37 115 1 46 65 42 1 2 74 78 1 0 0 0 0 0 0 0 0 31 106 47 1 24 76 72 1 30 53 75 1 0 0 0 0 46 52 71 1 14 62 57 1 0 67 28 1 21 50 33 1 40 70 63 1 0 0 0 0 11 52 72 1 21 40 59 1 24 75 51 1 18 72 41 1 0 0 0 0 1 31 48 1 34 40 52 1 42 46 59 1 25 63 64 1 35 100 71 1 0 51 68 1 35 73 83 1 38 63 63 1 43 28 76 1 57 63 9 1 22 61 89 1 16 47 77 1 0 39 41 1 34 82 80 1 19 8 56 1 18 51 53 1 39 82 15 1 15 32 60 1 3 50 68 1 0 36 55 1 3 78 59 1 45 78 84 1 52 69 94 1 55 44 112 1 33 90 105 1 24 62 103 1 76 91 109 1 70 43 38 1 52 74 73 1 62 77 55 1 26 82 47 1 47 70 72 1 50 51 58 1
13 49 78 1 0 44 50 1 43 48 106 1 25 45 86 1 26 48 116 1 48 143 108 1 49 73 106 1 50 71 79 1 0 52 85 1 0 0 0 0 20 93 60 1 6 62 72 1 29 23 84 1 39 82 59 1 43 31 82 1 4 44 34 1 43 27 32 1 34 63 55 1 0 24 56 1 42 64 112 1 34 67 88 1 33 67 64 1 0 0 0 0 35 103 69 1 19 52 69 1 40 53 58 1 63 77 97 1 0 44 36 1 46 38 91 1 17 68 65 1 37 48 124 1 15 19 74 1 35 43 60 1 3 38 25 1 24 7 53 1 23 70 74 1 59 60 87 1 26 56 67 1 0 0 0 0 26 55 89 1 3 41 69 1 25 62 87 1 56 48 16 1 0 71 49 1 40 95 109 1 16 88 43 1 26 28 56 1 12 38 32 1 0 0 0 0 0 54 72 1 0 34 49 1 8 61 60 1 55 32 59 1 12 85 72 1 44 72 54 1 38 66 75 1 58 86 85 1 69 69 78 1 0 45 72 1 67 49 82 1 49 38 61 1 37 40 79 1 25 23 87 1 36 51 60 1 31 80 85 1 73 14 72 1
7 24 131 1 52 83 88 1 40 51 60 1 0 0 0 0 0 57 62 1 37 68 101 1 11 91 71 1 56 40 74 1 14 44 54 1 31 14 40 1 0 0 0 0 0 0 0 0 23 43 63 1 48 29 64 1 11 73 61 1 30 41 27 1 20 60 22 1 14 45 85 1 42 88 22 1 69 94 77 1 32 40 22 1 33 42 32 1 16 37 45 1 22 31 68 1 53 69 57 1 45 57 73 1 26 43 31 1 0 57 53 1 0 0 0 0 0 85 59 1 0 0 0 0 29 65 96 1 18 100 55 1 45 34 85 1 20 73 106 1 6 92 74 1 55 59 104 1 10 86 95 1 0 0 0 0 29 72 110 1 35 56 59 1 10 36 44 1 27 39 74 1 0 0 0 0 8 58 35 1 14 51 84 1 27 36 44 1 34 32 57 1 0 59 54 1 24 29 41 1 0 0 0 0 19 74 81 1 20 62 77 1 21 71 52 1 0 0 0 0 22 58 64 1 44 70 71 1 48 52 115 1 0 0 0 0 40 74 55 1 65 73 50 1 59 47 75 1 0 0 0 0 48 71 36 1 0 0 0 0 49 65 51 1
0 18 97 1 7 59 69 1 0 0 0 0 19 38 59 1 56 68 60 1 13 76 56 1 22 11 69 1 0 0 0 0 0 48 59 1 0 60 73 1 38 68 42 1 9 73 102 1 18 52 20 1 30 60 63 1 14 67 73 1 25 58 74 1 0 0 0 0 0 0 0 0 37 48 95 1 0 0 0 0 0 0 0 0 24 45 52 1 6 84 33 1 34 45 47 1 41 54 46 1 6 54 55 1 17 45 78 1 65 85 76 1 36 27 54 1 39 67 108 1 48 77 76 1 28 56 34 1 48 61 75 1 42 48 98 1 13 52 7 1 3 71 61 1 3 35 62 1 0 0 0 0 0 0 0 0 0 0 0 0 50 29 64 1 69 51 52 1 34 38 45 1 0 0 0 0 0 52 95 1 23 55 60 1 43 70 58 1 0 20 73 1 0 69 65 1 5 61 68 1 0 0 0 0 33 93 82 1 7 45 48 1 31 47 75 1 0 91 69 1 45 72 60 1 1 26 60 1 22 78 66 1 22 82 40 1 0 0 0 0 43 69 57 1 1 57 75 1 28 80 38 1 36 64 78 1 50 69 48 1 36 63 64 1
13 43 47 1 36 53 46 1 7 33 56 1 0 0 0 0 13 28 67 1 28 47 62 1 12 52 71 1 16 25 82 1 53 59 97 1 0 56 68 1 4 66 55 1 0 0 0 0 29 28 51 1 33 39 72 1 17 75 88 1 24 113 93 1 44 59 87 1 31 68 93 1 68 98 105 1 32 116 70 1 0 0 0 0 77 81 33 1 23 81 42 1 23 60 75 1 26 64 109 1 82 73 39 1 38 91 55 1 25 127 31 1 37 53 65 1 57 67 60 1 81 80 51 1 71 80 73 1 10 68 69 1 7 46 93 1 57 65 90 1 30 47 94 1 28 106 77 1 36 81 43 1 53 72 27 1 0 0 0 0 9 23 38 1 20 50 76 1 62 82 80 1 36 72 49 1 0 0 0 0 5 23 84 1 49 58 76 1 27 79 69 1 14 77 62 1 28 36 18 1 21 61 35 1 21 46 75 1 0 60 45 1 31 95 57 1 41 43 54 1 0 47 68 1 18 83 74 1 0 0 0 0 21 81 120 1 0 0 0 0 43 32 66 1 44 15 52 1 59 87 70 1 50 39 65 1 0 0 0 0 75 57 85 1
36 49 67 1 0 0 0 0 27 36 82 1 0 65 60 1 16 41 78 1 27 72 61 1 7 33 35 1 56 43 89 1 65 40 75 1 77 44 43 1 28 76 109 1 0 0 0 0 36 68 56 1 33 73 67 1 14 40 113 1 0 0 0 0 30 69 78 1 41 71 63 1 14 65 73 1 85 87 88 1 0 41 54 1 60 79 40 1 23 106 67 1 78 65 109 1 37 67 103 1 53 85 74 1 51 82 97 1 66 55 79 1 52 55 49 1 86 103 81 1 69 83 85 1 0 0 0 0 26 76 99 1 45 70 101 1 15 57 54 1 79 56 75 1 36 63 89 1 51 24 56 1 37 52 39 1 0 66 30 1 29 11 61 1 0 0 0 0 61 61 72 1 40 54 74 1 42 71 78 1 0 9 100 1 0 0 0 0 0 38 69 1 24 73 17 1 0 14 109 1 3 69 64 1 2 88 79 1 0 53 68 1 27 49 49 1 38 64 53 1 55 52 50 1 24 28 63 1 19 58 67 1 24 33 77 1 33 34 94 1 0 0 0 0 41 57 77 1 55 7 74 1 39 85 67 1 34 84 73 1 66 52 86 1
19 31 64 1 8 33 110 1 8 78 55 1 0 119 69 1 24 15 67 1 33 36 75 1 12 66 47 1 24 49 57 1 9 33 93 1 0 0 0 0 6 30 49 1 0 68 44 1 24 61 72 1 60 31 95 1 23 76 50 1 25 111 67 1 39 70 59 1 50 84 70 1 18 85 75 1 51 62 65 1 77 73 69 1 49 121 73 1 0 0 0 0 121 106 80 1 77 126 96 1 66 97 76 1 93 106 80 1 51 75 63 1 69 75 84 1 67 92 82 1 0 0 0 0 80 86 64 1 49 102 69 1 78 67 70 1 47 70 77 1 81 54 84 1 32 83 76 1 69 48 24 1 32 98 77 1 72 41 104 1 58 49 17 1 60 85 27 1 20 61 70 1 33 64 55 1 0 0 0 0 44 66 69 1 0 55 86 1 60 66 48 1 26 34 70 1 6 45 72 1 26 41 61 1 27 86 47 1 43 47 62 1 14 27 60 1 27 31 57 1 0 0 0 0 37 19 57 1 67 58 68 1 0 0 0 0 65 67 32 1 0 0 0 0 25 38 53 1 30 63 68 1 25 70 56 1 5 64 60 1 63 54 54 1
51 84 83 1 40 42 58 1 68 42 92 1 12 57 23 1 31 36 42 1 0 59 87 1 2 77 81 1 27 51 29 1 30 55 72 1 20 63 74 1 42 30 103 1 4 15 73 1 49 66 106 1 3 70 79 1 27 74 46 1 59 74 80 1 54 100 71 1 0 0 0 0 75 91 55 1 57 70 77 1 91 58 53 1 0 0 0 0 74 76 48 1 67 63 61 1 94 94 70 1 51 68 80 1 51 102 68 1 39 90 81 1 0 0 0 0 65 77 68 1 33 76 81 1 76 77 52 1 63 57 91 1 59 75 27 1 64 71 111 1 0 0 0 0 46 49 81 1 34 7 93 1 0 62 68 1 8 48 60 1 28 47 46 1 30 51 45 1 0 0 0 0 76 65 56 1 81 60 103 1 74 79 82 1 62 37 84 1 0 0 0 0 44 75 103 1 0 0 0 0 38 54 97 1 49 40 42 1 44 69 63 1 42 23 78 1 29 71 59 1 5 46 65 1 0 0 0 0 46 47 53 1 26 61 51 1 20 68 58 1 21 0 66 1 36 9 39 1 39 32 66 1 25 37 57 1 2 69 52 1 0 32 99 1
19 53 88 1 0 0 0 0 25 55 81 1 0 0 0 0 23 74 46 1 0 0 0 0 50 64 73 1 24 57 76 1 18 0 54 1 11 40 50 1 40 32 69 1 21 0 101 1 23 50 47 1 0 32 42 1 51 76 84 1 22 78 72 1 67 47 61 1 76 90 110 1 0 0 0 0 95 64 27 1 0 0 0 0 64 67 74 1 72 87 44 1 72 92 88 1 113 78 80 1 88 89 49 1 56 62 55 1 67 67 64 1 13 82 67 1 49 98 48 1 18 54 17 1 78 109 73 1 53 71 70 1 54 66 59 1 59 77 78 1 73 64 33 1 39 54 54 1 68 59 43 1 0 32 48 1 26 58 79 1 95 38 71 1 42 47 98 1 43 47 77 1 7 40 66 1 52 53 78 1 57 45 68 1 0 3 59 1 21 60 42 1 33 41 55 1 45 77 95 1 57 71 95 1 11 69 19 1 35 84 61 1 30 98 61 1 47 62 43 1 51 52 60 1 29 63 94 1 25 30 47 1 81 56 72 1 0 74 81 1 62 79 57 1 40 84 71 1 11 72 62 1 0 71 17 1 47 64 57 1 0 0 0 0
61 26 71 1 0 63 98 1 6 64 80 1 41 50 61 1 0 0 0 0 19 44 43 1 34 50 86 1 0 0 0 0 21 72 66 1 33 66 73 1 9 29 76 1 0 15 36 1 3 54 45 1 32 69 92 1 40 67 72 1 25 61 87 1 48 68 39 1 87 72 60 1 40 95 12 1 56 71 49 1 68 68 57 1 62 46 58 1 56 84 39 1 65 50 93 1 80 92 73 1 97 118 81 1 59 69 45 1 59 45 69 1 49 116 48 1 67 72 87 1 62 33 77 1 41 52 47 1 56 50 71 1 40 48 77 1 0 0 0 0 48 83 52 1 40 63 42 1 20 70 30 1 29 58 73 1 27 67 63 1 55 20 88 1 36 44 67 1 43 24 96 1 35 47 50 1 22 24 75 1 0 0 0 0 18 35 58 1 19 66 98 1 45 39 73 1 53 20 73 1 12 52 55 1 2 71 37 1 62 89 131 1 21 43 56 1 16 62 68 1 11 112 74 1 16 33 90 1 27 70 64 1 45 41 67 1 20 48 112 1 44 75 71 1 15 57 41 1 0 58 51 1 7 45 29 1 0 51 58 1 2 44 47 1
49 96 65 1 63 75 101 1 0 0 0 0 6 34 63 1 18 41 90 1 22 35 62 1 38 28 49 1 67 50 63 1 0 0 0 0 24 33 59 1 38 73 58 1 20 66 43 1 1 64 58 1 70 35 62 1 37 63 59 1 75 53 28 1 43 62 82 1 53 89 69 1 44 62 66 1 71 97 57 1 69 99 19 1 61 90 32 1 69 63 29 1 65 105 55 1 108 72 93 1 80 65 35 1 73 63 30 1 97 82 78 1 44 91 64 1 67 99 27 1 33 81 50 1 50 86 34 1 54 79 30 1 25 73 33 1 18 67 48 1 35 96 87 1 38 69 71 1 36 54 25 1 53 29 89 1 13 102 101 1 32 42 48 1 27 78 38 1 33 79 74 1 37 50 97 1 21 85 46 1 0 0 0 0 0 0 0 0 33 8 99 1 14 77 78 1 54 21 71 1 3 49 54 1 0 35 75 1 19 48 51 1 55 73 44 1 24 43 45 1 16 58 66 1 49 57 58 1 25 62 87 1 0 0 0 0 16 48 56 1 49 48 102 1 0 86 53 1 32 59 90 1 19 74 48 1 30 70 85 1 0 80 34 1
0 39 59 1 23 51 82 1 70 50 70 1 15 19 60 1 32 61 86 1 48 43 84 1 56 66 36 1 0 0 0 0 0 89 53 1 5 80 71 1 38 91 96 1 28 32 83 1 44 42 103 1 8 63 70 1 48 36 54 1 20 39 91 1 76 63 84 1 43 75 20 1 40 118 54 1 81 78 63 1 80 69 53 1 48 88 49 1 80 100 44 1 66 94 112 1 94 74 39 1 26 88 66 1 104 75 47 1 64 94 81 1 73 53 38 1 0 0 0 0 12 100 62 1 38 111 47 1 68 31 97 1 50 55 72 1 8 44 70 1 72 94 48 1 9 60 54 1 36 50 76 1 49 86 54 1 38 31 41 1 36 60 71 1 0 0 0 0 87 73 80 1 0 0 0 0 32 71 96 1 16 23 69 1 45 52 49 1 57 52 62 1 17 40 64 1 0 0 0 0 64 48 52 1 15 80 96 1 15 55 101 1 0 0 0 0 30 83 87 1 0 0 0 0 5 78 58 1 5 23 71 1 32 61 59 1 67 71 92 1 68 39 58 1 46 55 86 1 1 69 62 1 0 0 0 0 8 54 32 1 40 28 80 1
0 27 92 1 31 53 48 1 5 58 88 1 38 41 94 1 0 87 90 1 14 62 70 1 53 68 32 1 22 53 79 1 0 0 0 0 34 50 93 1 36 81 56 1 37 63 87 1 69 51 63 1 22 58 79 1 53 54 93 1 40 28 73 1 32 53 50 1 0 0 0 0 62 83 24 1 71 76 59 1 92 73 62 1 0 0 0 0 85 94 26 1 66 66 59 1 74 66 100 1 78 64 55 1 57 75 57 1 53 77 38 1 0 0 0 0 72 39 93 1 53 97 45 1 27 102 82 1 57 107 57 1 16 97 41 1 0 0 0 0 14 45 93 1 54 65 47 1 18 42 52 1 32 69 48 1 23 52 44 1 31 59 41 1 62 45 65 1 48 62 86 1 56 62 64 1 65 29 58 1 35 25 83 1 67 67 77 1 5 56 51 1 20 41 86 1 13 13 83 1 0 79 34 1 39 46 108 1 65 25 89 1 60 62 50 1 32 29 88 1 28 42 76 1 14 60 25 1 41 85 116 1 76 79 61 1 33 93 80 1 54 82 79 1 55 49 53 1 58 32 50 1 0 35 46 1 21 43 66 1 3 40 77 1
66 52 75 1 26 4 38 1 0 0 0 0 9 24 58 1 0 73 60 1 52 62 61 1 4 51 96 1 9 40 84 1 0 0 0 0 39 58 27 1 72 98 104 1 0 48 68 1 46 49 69 1 4 80 79 1 42 56 49 1 16 25 45 1 27 32 72 1 40 72 60 1 47 78 54 1 82 99 109 1 80 66 28 1 75 89 65 1 80 73 51 1 55 101 48 1 75 68 44 1 78 89 62 1 70 86 64 1 0 0 0 0 81 36 57 1 80 91 101 1 57 68 13 1 56 35 46 1 50 52 62 1 56 103 63 1 33 88 63 1 24 67 60 1 25 84 82 1 19 79 19 1 27 49 32 1 25 78 70 1 51 44 75 1 78 64 82 1 72 93 104 1 30 47 104 1 32 71 78 1 0 0 0 0 21 32 62 1 50 54 56 1 0 64 90 1 25 42 100 1 48 21 74 1 26 16 79 1 55 51 59 1 27 88 86 1 13 52 84 1 61 50 76 1 45 67 87 1 40 78 77 1 0 0 0 0 0 0 0 0 30 69 95 1 64 89 80 1 48 40 74 1 11 78 83 1 20 52 31 1 0 50 65 1
23 50 72 1 0 0 0 0 19 60 68 1 0 63 22 1 37 35 38 1 18 53 88 1 24 84 43 1 26 64 70 1 57 17 73 1 0 0 0 0 84 67 63 1 19 74 150 1 57 91 79 1 64 55 103 1 42 84 77 1 0 0 0 0 27 47 82 1 0 0 0 0 74 73 87 1 47 60 93 1 27 125 89 1 80 72 88 1 47 98 70 1 0 0 0 0 55 70 68 1 44 96 42 1 54 77 50 1 82 103 75 1 83 71 89 1 70 68 29 1 39 61 36 1 23 73 30 1 37 98 49 1 61 73 75 1 54 61 91 1 80 60 71 1 56 29 55 1 46 71 47 1 25 73 58 1 30 42 93 1 35 79 73 1 51 70 74 1 55 56 56 1 35 116 89 1 24 28 68 1 14 73 52 1 38 62 58 1 9 50 73 1 3 60 57 1 8 90 41 1 59 71 95 1 5 77 92 1 13 21 84 1 11 66 33 1 28 37 47 1 40 40 62 1 32 43 61 1 0 0 0 0 50 116 43 1 53 53 83 1 77 45 40 1 17 66 68 1 0 0 0 0 42 51 27 1 31 82 56 1 11 63 80 1
34 90 88 1 43 87 73 1 28 32 65 1 11 71 74 1 26 86 69 1 1 84 34 1 53 88 28 1 12 34 73 1 17 47 58 1 22 72 72 1 3 59 102 1 58 97 67 1 41 14 88 1 34 72 112 1 62 69 72 1 25 97 79 1 13 83 66 1 52 58 89 1 106 75 79 1 91 90 70 1 83 62 71 1 42 70 51 1 43 75 67 1 41 56 50 1 60 72 64 1 65 76 62 1 0 0 0 0 42 93 83 1 43 83 80 1 27 126 72 1 29 16 45 1 78 95 39 1 18 37 27 1 63 74 70 1 43 77 68 1 21 90 104 1 59 90 95 1 64 71 12 1 67 87 94 1 35 24 114 1 0 0 0 0 21 85 52 1 81 76 75 1 3 38 53 1 49 35 56 1 12 66 96 1 33 64 35 1 29 53 50 1 9 46 44 1 36 56 42 1 26 22 50 1 0 0 0 0 12 60 85 1 28 63 61 1 11 6 38 1 42 45 69 1 54 36 64 1 0 0 0 0 68 82 84 1 7 75 95 1 33 75 82 1 57 75 41 1 0 46 49 1 28 49 66 1 21 81 81 1 0 0 0 0
0 0 0 0 0 0 0 0 0 0 0 0 13 63 64 1 4 75 39 1 44 51 75 1 29 52 54 1 40 47 69 1 0 66 61 1 1 30 98 1 27 34 99 1 59 29 86 1 0 47 67 1 0 55 99 1 52 52 57 1 62 54 74 1 45 56 68 1 0 0 0 0 47 67 87 1 54 86 22 1 39 69 44 1 86 95 42 1 60 80 67 1 66 48 70 1 38 67 87 1 49 54 63 1 27 116 75 1 25 76 76 1 26 39 52 1 38 32 78 1 31 45 47 1 55 63 52 1 29 90 60 1 63 63 61 1 43 54 78 1 44 75 35 1 46 79 83 1 23 68 70 1 0 0 0 0 34 37 54 1 36 86 28 1 30 56 84 1 0 0 0 0 0 28 99 1 12 84 56 1 0 0 0 0 21 80 59 1 38 58 25 1 13 73 55 1 28 72 49 1 21 67 59 1 26 74 128 1 48 48 31 1 62 44 31 1 31 46 46 1 5 41 47 1 27 49 99 1 36 67 93 1 40 38 54 1 0 81 54 1 73 73 88 1 27 74 64 1 41 37 56 1 5 44 85 1 55 43 53 1 24 80 90 1