4
195 539 116 65
25 111 60 1 67 30 56 1 61 79 57 1 0 0 0 0 29 44 31 1 19 88 79 1 32 70 8 1 0 0 0 0 68 68 59 1 40 98 45 1 55 78 44 1 40 93 60 1 69 63 33 1 48 56 60 1 85 32 59 1 0 0 0 0 22 64 20 1 101 65 75 1 34 13 41 1 45 66 42 1 29 55 39 1 73 68 73 1 58 89 52 1 46 92 52 1 45 40 72 1 63 59 47 1 91 65 53 1 0 0 0 0 64 77 73 1 106 55 30 1 75 79 46 1 90 99 84 1 88 113 46 1 52 86 45 1 75 104 76 1 84 27 92 1 60 82 18 1 44 70 43 1 51 71 68 1 44 86 68 1 91 65 104 1 73 104 50 1 72 85 51 1 103 94 76 1 100 75 45 1 59 61 91 1 0 0 0 0 81 85 84 1 63 102 69 1 73 91 32 1 66 67 64 1 96 51 74 1 97 68 67 1 115 90 75 1 115 99 87 1 93 108 39 1 95 88 88 1 55 65 40 1 32 58 27 1 0 0 0 0 58 82 75 1 81 111 38 1 0 72 91 1 68 109 60 1 43 69 88 1
56 76 64 1 31 80 56 1 42 86 41 1 31 65 32 1 23 97 47 1 68 27 67 1 9 88 29 1 53 51 74 1 0 24 43 1 13 55 39 1 33 53 68 1 55 62 86 1 0 0 0 0 0 0 0 0 44 55 58 1 4 52 83 1 39 103 51 1 68 40 25 1 77 100 56 1 0 0 0 0 64 54 35 1 0 0 0 0 75 72 34 1 96 50 38 1 48 87 67 1 119 81 52 1 23 71 62 1 51 109 64 1 38 63 40 1 66 116 60 1 75 84 59 1 92 66 63 1 102 86 23 1 87 46 12 1 82 58 68 1 95 96 68 1 133 91 65 1 75 51 61 1 102 74 78 1 108 71 28 1 25 100 48 1 80 76 80 1 101 83 38 1 116 84 34 1 78 45 75 1 95 92 78 1 91 56 76 1 12 68 63 1 102 74 65 1 66 88 50 1 70 73 79 1 77 59 87 1 0 0 0 0 90 105 73 1 85 66 89 1 83 80 102 1 0 0 0 0 7 8 31 1 0 0 0 0 26 65 28 1 0 0 0 0 104 77 61 1 0 0 0 0 91 98 34 1 97 45 63 1
56 33 46 1 43 82 50 1 55 34 33 1 50 64 56 1 37 67 86 1 56 80 80 1 6 63 103 1 59 30 12 1 47 63 51 1 53 64 65 1 63 100 43 1 75 49 30 1 50 91 85 1 31 58 37 1 16 67 77 1 37 68 41 1 87 38 26 1 58 51 34 1 74 31 59 1 54 61 70 1 64 98 69 1 61 76 72 1 44 105 72 1 0 0 0 0 41 72 55 1 0 0 0 0 19 55 72 1 99 52 24 1 21 79 79 1 81 77 66 1 95 56 122 1 64 67 83 1 55 85 52 1 0 0 0 0 69 103 81 1 85 84 18 1 120 67 39 1 85 80 59 1 63 62 50 1 79 64 72 1 70 68 45 1 56 58 49 1 0 0 0 0 49 82 42 1 87 50 31 1 44 72 46 1 85 55 72 1 66 56 74 1 86 62 23 1 106 85 47 1 43 113 103 1 110 98 52 1 93 74 51 1 77 102 25 1 107 57 54 1 43 80 53 1 72 58 82 1 0 106 20 1 46 97 42 1 27 58 46 1 15 54 39 1 77 73 50 1 0 0 0 0 110 95 102 1 0 0 0 0
34 86 77 1 57 85 44 1 15 84 48 1 37 33 47 1 0 0 0 0 63 47 65 1 35 59 50 1 60 70 38 1 82 107 31 1 24 40 75 1 80 61 39 1 48 43 24 1 38 36 40 1 49 88 23 1 50 31 71 1 69 50 32 1 0 74 51 1 37 39 70 1 17 81 66 1 93 76 53 1 65 101 58 1 50 67 98 1 61 97 50 1 79 92 48 1 0 0 0 0 90 45 54 1 80 82 59 1 49 76 55 1 0 0 0 0 0 0 0 0 62 57 72 1 73 103 68 1 73 68 67 1 79 59 53 1 86 40 79 1 78 89 67 1 79 35 46 1 49 90 84 1 90 74 106 1 69 91 62 1 52 91 80 1 51 76 78 1 72 97 60 1 99 71 98 1 101 115 56 1 70 76 37 1 58 101 43 1 106 100 56 1 88 80 61 1 74 85 84 1 88 75 70 1 84 89 59 1 100 72 65 1 74 78 59 1 93 52 59 1 91 82 73 1 73 74 27 1 32 51 35 1 7 28 46 1 34 32 37 1 32 58 33 1 83 77 65 1 71 86 42 1 70 76 79 1 82 103 54 1
69 44 5 1 7 56 78 1 29 32 51 1 45 83 44 1 49 94 64 1 74 55 55 1 27 58 63 1 10 60 61 1 32 45 62 1 33 75 82 1 60 45 6 1 61 85 78 1 35 89 67 1 47 81 66 1 34 84 38 1 39 45 17 1 68 33 33 1 52 94 77 1 66 55 48 1 22 60 51 1 73 78 23 1 81 47 11 1 68 96 69 1 71 45 38 1 74 62 92 1 0 0 0 0 57 74 86 1 56 44 62 1 58 78 59 1 36 70 85 1 55 112 75 1 66 91 63 1 0 0 0 0 69 107 70 1 91 95 44 1 0 0 0 0 83 64 62 1 59 47 43 1 62 81 82 1 95 106 35 1 30 75 67 1 95 62 46 1 10 102 67 1 66 81 80 1 82 76 31 1 59 72 37 1 102 95 70 1 69 95 60 1 0 0 0 0 105 108 91 1 91 94 81 1 58 99 65 1 129 124 82 1 84 75 55 1 100 110 63 1 110 64 55 1 56 99 51 1 0 61 37 1 5 33 34 1 22 41 39 1 11 59 57 1 57 83 111 1 63 45 74 1 93 47 79 1 0 0 0 0
49 67 71 1 68 46 73 1 0 0 0 0 43 47 65 1 33 29 34 1 56 93 56 1 33 38 41 1 38 71 42 1 24 63 51 1 6 45 70 1 74 49 74 1 29 61 45 1 0 0 0 0 90 93 45 1 44 34 18 1 45 79 16 1 28 72 15 1 36 27 39 1 32 89 68 1 46 57 18 1 0 0 0 0 47 61 16 1 65 123 53 1 88 26 37 1 54 64 36 1 87 64 42 1 63 101 49 1 71 84 49 1 87 65 28 1 69 86 60 1 73 82 47 1 76 51 64 1 81 76 58 1 32 115 53 1 80 73 49 1 65 54 49 1 88 83 36 1 61 69 62 1 0 0 0 0 82 40 40 1 67 98 65 1 61 72 13 1 70 44 76 1 105 69 72 1 105 59 70 1 81 101 67 1 70 52 110 1 73 84 78 1 91 65 56 1 64 113 79 1 100 54 17 1 66 47 62 1 85 75 69 1 67 81 53 1 110 97 73 1 97 109 78 1 49 61 76 1 28 74 32 1 23 51 27 1 19 54 62 1 11 82 66 1 60 36 66 1 59 38 50 1 69 103 58 1 63 71 34 1
42 60 9 1 47 50 84 1 52 50 71 1 65 42 53 1 62 86 39 1 60 58 42 1 58 72 18 1 82 65 83 1 55 70 16 1 32 86 40 1 39 61 51 1 42 75 37 1 83 29 72 1 8 30 38 1 45 109 50 1 0 0 0 0 51 59 70 1 28 35 75 1 15 85 54 1 13 40 27 1 43 80 48 1 65 62 60 1 44 99 67 1 79 65 40 1 0 0 0 0 35 92 75 1 85 63 45 1 85 67 28 1 73 64 82 1 67 89 89 1 94 59 17 1 0 0 0 0 65 67 57 1 21 93 48 1 77 56 82 1 37 85 40 1 91 80 55 1 61 66 58 1 80 92 43 1 83 84 16 1 0 0 0 0 72 95 62 1 79 74 57 1 72 69 82 1 111 66 64 1 93 108 84 1 83 112 41 1 91 99 35 1 93 74 65 1 42 56 61 1 62 62 40 1 118 95 74 1 62 110 76 1 103 77 50 1 47 114 42 1 62 103 65 1 37 62 32 1 62 50 24 1 17 6 43 1 0 27 45 1 27 52 0 1 0 0 0 0 104 94 86 1 49 77 68 1 69 89 67 1
68 90 55 1 24 64 36 1 76 67 46 1 0 0 0 0 36 73 31 1 49 50 45 1 28 80 70 1 0 58 50 1 22 36 81 1 42 39 64 1 58 79 77 1 55 67 37 1 56 73 43 1 58 93 36 1 48 81 63 1 58 69 61 1 53 83 64 1 31 41 64 1 0 0 0 0 42 86 80 1 36 28 47 1 69 67 78 1 62 42 24 1 52 89 67 1 0 0 0 0 81 35 76 1 49 48 40 1 97 58 75 1 92 52 50 1 76 74 38 1 84 72 106 1 63 75 96 1 48 64 71 1 87 68 59 1 57 79 59 1 46 76 41 1 0 0 0 0 73 77 77 1 111 73 54 1 66 75 57 1 75 88 48 1 98 86 57 1 62 54 84 1 108 84 76 1 100 58 67 1 89 113 99 1 108 89 54 1 71 78 31 1 65 108 27 1 57 62 66 1 79 62 76 1 63 79 74 1 68 75 52 1 64 112 37 1 117 64 134 1 86 77 47 1 66 69 84 1 27 78 13 1 0 58 33 1 11 62 54 1 17 66 64 1 52 78 48 1 23 103 80 1 89 77 86 1 0 0 0 0
65 64 61 1 40 38 30 1 78 60 47 1 26 64 52 1 25 37 60 1 0 0 0 0 57 55 41 1 65 53 55 1 51 71 65 1 13 43 44 1 39 84 86 1 44 54 50 1 42 80 56 1 0 0 0 0 43 51 66 1 52 65 70 1 47 56 71 1 42 66 81 1 21 26 50 1 26 63 45 1 75 68 51 1 72 45 93 1 85 115 71 1 76 49 76 1 104 59 64 1 41 101 71 1 59 41 54 1 49 94 69 1 85 85 60 1 0 0 0 0 68 91 78 1 87 80 68 1 52 24 46 1 83 84 71 1 89 72 70 1 56 73 82 1 90 91 59 1 87 80 64 1 56 102 55 1 50 74 79 1 84 62 95 1 70 92 64 1 88 104 38 1 52 117 96 1 0 0 0 0 86 69 38 1 64 65 22 1 82 95 59 1 82 99 72 1 63 73 54 1 84 43 20 1 10 68 53 1 60 71 79 1 101 92 50 1 60 89 63 1 82 79 70 1 78 140 68 1 35 74 5 1 2 61 60 1 0 53 35 1 0 0 0 0 48 37 32 1 16 77 16 1 43 56 62 1 80 70 67 1
22 25 55 1 0 0 0 0 33 59 56 1 43 84 72 1 3 90 103 1 25 75 31 1 67 66 41 1 29 49 56 1 40 5 0 1 59 41 65 1 56 124 75 1 42 38 61 1 0 0 0 0 89 75 54 1 50 67 32 1 78 56 28 1 69 63 35 1 38 66 62 1 45 75 43 1 60 73 38 1 34 39 79 1 0 0 0 0 0 0 0 0 57 25 93 1 99 57 37 1 74 69 54 1 70 55 26 1 101 61 45 1 83 72 72 1 98 91 68 1 77 39 72 1 35 95 59 1 53 94 51 1 42 56 91 1 59 84 62 1 86 52 75 1 74 109 51 1 76 113 44 1 63 97 77 1 52 93 59 1 87 58 81 1 87 63 49 1 83 80 90 1 92 96 65 1 88 112 59 1 89 119 56 1 119 88 73 1 90 73 31 1 0 0 0 0 38 77 56 1 71 74 65 1 82 72 55 1 0 0 0 0 57 43 50 1 63 88 75 1 103 82 44 1 72 87 73 1 0 0 0 0 0 49 68 1 13 0 65 1 0 32 69 1 10 40 79 1 0 0 0 0 38 88 83 1 59 80 13 1
24 75 67 1 0 66 67 1 96 21 49 1 0 69 74 1 2 46 55 1 26 48 35 1 28 42 49 1 35 64 31 1 48 68 41 1 40 34 45 1 31 67 30 1 27 50 42 1 50 69 48 1 0 0 0 0 56 51 17 1 52 37 73 1 54 58 22 1 49 46 42 1 47 52 51 1 61 55 49 1 39 77 35 1 88 79 66 1 76 72 28 1 81 77 56 1 97 63 28 1 87 76 61 1 46 51 65 1 75 82 58 1 55 85 58 1 93 88 78 1 104 99 116 1 71 90 52 1 52 81 79 1 65 76 47 1 79 68 66 1 0 0 0 0 89 61 62 1 75 106 74 1 63 30 58 1 45 36 34 1 65 42 79 1 93 75 52 1 103 53 41 1 57 44 101 1 73 80 32 1 73 59 63 1 92 38 55 1 71 97 84 1 76 84 72 1 86 26 79 1 0 0 0 0 85 92 36 1 105 58 71 1 0 0 0 0 109 116 16 1 101 105 58 1 65 99 116 1 58 86 75 1 71 66 56 1 0 22 46 1 6 55 55 1 25 74 74 1 10 64 29 1 0 0 0 0 39 62 50 1
12 54 0 1 29 53 64 1 62 57 66 1 40 61 61 1 36 70 59 1 44 61 85 1 50 28 37 1 0 0 0 0 23 42 65 1 0 0 0 0 15 46 66 1 46 68 20 1 13 89 33 1 43 67 21 1 21 52 22 1 25 23 47 1 65 82 54 1 0 0 0 0 23 89 55 1 48 99 83 1 69 52 81 1 86 82 42 1 87 112 39 1 16 79 53 1 0 0 0 0 90 54 46 1 85 58 65 1 79 75 65 1 78 92 13 1 91 63 46 1 107 62 78 1 73 69 58 1 61 70 41 1 105 54 81 1 71 85 55 1 83 81 87 1 90 78 75 1 62 109 57 1 66 57 66 1 37 76 66 1 0 0 0 0 76 73 40 1 74 49 95 1 0 0 0 0 120 75 52 1 84 46 87 1 52 80 30 1 95 98 55 1 56 84 58 1 88 103 27 1 67 51 28 1 71 100 86 1 54 64 41 1 0 0 0 0 75 40 42 1 95 76 55 1 113 108 107 1 99 74 42 1 43 49 17 1 42 42 22 1 0 0 0 0 0 18 28 1 0 0 0 0 24 78 44 1 39 54 33 1
57 35 75 1 4 24 70 1 15 48 68 1 36 70 25 1 0 96 36 1 46 49 55 1 39 49 79 1 0 0 0 0 9 115 35 1 27 86 57 1 40 50 23 1 41 83 54 1 52 38 54 1 0 0 0 0 63 32 38 1 41 84 58 1 68 59 42 1 68 51 29 1 0 0 0 0 55 70 77 1 70 84 49 1 60 76 97 1 62 66 52 1 51 48 56 1 78 44 72 1 64 57 76 1 0 0 0 0 69 104 47 1 69 65 50 1 86 94 90 1 67 84 78 1 0 0 0 0 80 119 72 1 109 71 76 1 97 86 37 1 59 81 65 1 73 51 32 1 100 98 68 1 80 40 89 1 41 57 63 1 76 78 80 1 55 92 76 1 90 86 53 1 57 103 90 1 70 80 52 1 120 75 59 1 98 87 88 1 57 92 78 1 69 105 76 1 86 98 62 1 79 112 32 1 66 80 69 1 67 53 99 1 76 52 41 1 80 68 53 1 94 109 41 1 98 92 78 1 78 96 67 1 88 60 56 1 76 73 41 1 36 59 69 1 0 61 60 1 15 37 52 1 1 64 70 1 14 43 43 1
60 52 63 1 48 40 38 1 59 52 33 1 66 79 52 1 39 66 31 1 46 89 28 1 38 57 28 1 76 45 53 1 52 84 30 1 0 77 44 1 31 75 40 1 13 60 44 1 34 56 24 1 75 65 66 1 50 73 48 1 33 30 63 1 43 88 56 1 17 78 53 1 18 67 86 1 55 49 64 1 0 0 0 0 52 79 49 1 62 62 73 1 41 63 53 1 81 75 35 1 57 65 64 1 13 79 63 1 80 38 81 1 0 0 0 0 0 0 0 0 51 101 83 1 61 77 54 1 73 72 50 1 71 83 42 1 87 81 92 1 56 71 80 1 47 88 102 1 78 75 64 1 58 47 32 1 58 63 66 1 93 66 54 1 0 0 0 0 95 55 65 1 57 77 55 1 61 54 41 1 0 0 0 0 96 69 39 1 100 67 87 1 59 92 75 1 113 94 60 1 106 58 49 1 86 121 34 1 75 91 86 1 114 72 60 1 0 0 0 0 84 44 41 1 95 98 62 1 85 78 82 1 126 71 52 1 0 0 0 0 13 63 62 1 22 26 66 1 0 70 52 1 0 0 0 0 0 0 73 1
45 30 34 1 27 28 59 1 49 75 66 1 64 46 30 1 82 28 41 1 33 37 37 1 7 79 74 1 49 56 59 1 32 66 96 1 0 0 0 0 3 23 90 1 23 42 78 1 57 76 39 1 0 0 0 0 79 63 41 1 0 0 0 0 76 107 51 1 63 62 20 1 33 29 67 1 43 77 49 1 81 97 51 1 0 0 0 0 55 34 83 1 0 0 0 0 53 93 20 1 55 88 54 1 67 49 37 1 92 69 67 1 65 110 49 1 91 90 88 1 72 115 69 1 54 88 56 1 87 57 82 1 86 51 47 1 118 104 56 1 80 77 83 1 71 99 46 1 48 73 48 1 40 96 40 1 46 98 59 1 46 87 49 1 57 73 92 1 62 74 57 1 56 102 32 1 95 86 64 1 0 0 0 0 112 89 34 1 95 29 92 1 86 48 53 1 96 95 43 1 82 81 71 1 125 92 70 1 67 69 51 1 85 89 48 1 79 86 67 1 96 71 62 1 70 120 57 1 99 90 29 1 80 60 72 1 36 48 90 1 29 76 67 1 31 103 72 1 22 39 30 1 35 88 47 1 55 41 53 1
21 53 48 1 46 55 30 1 51 15 12 1 32 67 47 1 34 91 101 1 32 64 47 1 33 78 63 1 69 59 79 1 35 48 50 1 25 56 14 1 40 46 59 1 63 45 68 1 0 0 0 0 0 0 0 0 46 45 35 1 67 80 60 1 38 44 45 1 62 81 80 1 60 60 11 1 32 65 39 1 33 69 42 1 78 55 71 1 69 94 70 1 108 77 41 1 49 72 60 1 93 117 61 1 96 70 76 1 87 67 98 1 100 73 81 1 102 122 43 1 77 56 62 1 81 91 80 1 0 0 0 0 68 125 71 1 54 75 69 1 76 89 71 1 57 93 43 1 46 59 45 1 21 60 63 1 62 67 63 1 0 0 0 0 91 114 73 1 26 91 78 1 107 65 78 1 77 96 63 1 82 104 68 1 109 62 68 1 65 107 40 1 68 91 67 1 73 80 45 1 89 51 59 1 81 114 82 1 90 93 83 1 110 148 56 1 100 90 50 1 77 99 66 1 74 70 24 1 71 56 55 1 14 59 76 1 56 58 43 1 63 56 63 1 18 56 35 1 14 54 70 1 25 4 45 1 33 30 63 1
42 83 77 1 25 61 60 1 36 82 61 1 46 61 49 1 55 56 17 1 60 70 55 1 48 96 58 1 13 66 45 1 79 99 57 1 60 55 23 1 30 71 61 1 0 0 0 0 54 83 43 1 58 65 39 1 76 45 28 1 32 75 64 1 69 55 73 1 11 37 70 1 0 0 0 0 33 73 81 1 59 61 70 1 56 65 52 1 30 102 60 1 46 74 74 1 69 79 54 1 71 77 63 1 104 109 96 1 59 98 43 1 60 100 37 1 68 68 59 1 0 0 0 0 64 107 70 1 81 79 60 1 90 82 88 1 72 114 53 1 84 72 85 1 0 0 0 0 65 107 82 1 69 46 28 1 84 61 70 1 72 96 75 1 69 57 94 1 84 73 94 1 109 125 67 1 80 56 66 1 42 72 91 1 66 50 32 1 75 98 28 1 91 82 47 1 70 110 38 1 97 72 66 1 99 76 61 1 128 119 65 1 84 100 70 1 83 82 20 1 55 65 53 1 54 96 48 1 28 38 68 1 43 49 49 1 0 0 0 0 67 77 43 1 10 106 62 1 32 58 33 1 48 74 64 1 41 80 76 1
54 40 97 1 75 90 58 1 48 65 30 1 85 11 28 1 51 67 50 1 22 78 42 1 42 85 83 1 48 79 70 1 54 46 82 1 50 75 39 1 0 0 0 0 46 92 57 1 71 81 79 1 44 95 53 1 43 46 85 1 20 77 76 1 16 86 92 1 50 54 42 1 41 54 78 1 54 76 66 1 101 81 44 1 66 82 71 1 91 95 67 1 55 30 36 1 28 97 104 1 63 85 20 1 69 82 34 1 116 76 33 1 38 55 46 1 40 69 93 1 39 116 16 1 92 101 56 1 61 98 17 1 60 91 29 1 77 87 51 1 64 97 92 1 79 42 81 1 108 67 37 1 48 75 37 1 125 84 43 1 95 86 62 1 105 47 70 1 70 100 53 1 0 0 0 0 114 68 70 1 87 65 46 1 59 71 69 1 59 60 14 1 125 82 54 1 78 93 77 1 106 144 44 1 120 109 95 1 81 58 65 1 62 94 87 1 61 68 51 1 0 0 0 0 34 69 67 1 68 98 54 1 35 40 83 1 24 55 99 1 28 39 46 1 29 88 76 1 27 68 68 1 17 46 22 1 11 8 33 1
36 78 69 1 51 83 42 1 65 84 94 1 32 74 32 1 26 43 18 1 39 47 10 1 60 86 28 1 42 75 39 1 47 72 40 1 0 0 0 0 57 62 34 1 65 43 44 1 46 39 48 1 62 55 64 1 57 85 62 1 24 83 43 1 42 38 59 1 24 38 49 1 42 59 63 1 57 43 72 1 59 97 59 1 76 95 77 1 53 91 17 1 0 0 0 0 58 10 58 1 0 0 0 0 106 71 32 1 95 72 42 1 70 45 67 1 51 84 95 1 57 71 34 1 43 81 79 1 88 51 67 1 89 66 50 1 101 95 100 1 68 91 36 1 64 58 72 1 0 0 0 0 0 0 0 0 113 84 66 1 113 65 64 1 80 123 62 1 40 88 45 1 61 86 87 1 81 64 90 1 84 79 52 1 121 60 67 1 113 56 60 1 83 73 50 1 76 65 75 1 120 84 52 1 100 98 58 1 105 122 53 1 95 84 83 1 99 84 49 1 71 80 35 1 58 87 68 1 37 48 17 1 53 79 27 1 48 69 35 1 43 68 123 1 33 101 59 1 0 52 73 1 38 6 42 1 0 67 33 1
48 53 25 1 57 63 32 1 34 60 18 1 70 16 71 1 44 64 16 1 46 70 71 1 62 76 16 1 44 31 63 1 48 67 69 1 67 88 44 1 28 90 21 1 64 61 24 1 40 53 64 1 81 57 67 1 53 36 56 1 55 80 67 1 38 74 43 1 38 66 40 1 62 90 23 1 85 79 84 1 92 52 86 1 61 11 39 1 69 83 62 1 40 60 68 1 85 87 51 1 89 73 57 1 0 0 0 0 26 102 12 1 75 60 53 1 87 40 110 1 64 80 83 1 0 0 0 0 48 81 46 1 98 46 13 1 71 60 67 1 100 97 63 1 59 77 47 1 63 54 58 1 42 71 28 1 41 58 59 1 90 100 104 1 70 91 78 1 101 45 38 1 121 107 113 1 63 66 64 1 92 58 80 1 99 52 64 1 63 92 88 1 86 120 76 1 96 96 79 1 88 111 77 1 86 113 67 1 44 78 99 1 54 72 31 1 54 96 66 1 37 97 57 1 29 106 69 1 29 73 69 1 21 47 3 1 0 53 85 1 20 45 36 1 0 74 39 1 0 29 8 1 10 78 19 1 0 0 0 0
20 86 65 1 67 26 36 1 64 67 43 1 19 43 64 1 10 106 59 1 32 74 40 1 43 19 42 1 54 74 58 1 19 4 37 1 56 45 1 1 0 0 0 0 49 89 15 1 1 44 37 1 59 32 47 1 58 107 29 1 60 58 37 1 45 63 62 1 51 94 46 1 0 0 0 0 66 82 48 1 61 81 25 1 39 41 87 1 0 0 0 0 39 47 69 1 77 70 59 1 83 116 71 1 91 61 56 1 68 64 72 1 0 0 0 0 88 74 53 1 40 74 71 1 72 91 50 1 59 101 63 1 74 61 48 1 99 64 78 1 76 97 77 1 44 80 108 1 117 95 62 1 93 94 98 1 0 0 0 0 106 99 70 1 65 59 43 1 75 84 75 1 93 93 56 1 52 57 75 1 65 60 29 1 108 111 63 1 82 83 19 1 63 65 79 1 100 79 74 1 102 118 71 1 79 35 50 1 97 45 77 1 83 89 83 1 107 110 80 1 39 89 97 1 104 60 71 1 20 27 66 1 32 30 38 1 19 74 44 1 36 48 24 1 17 27 64 1 14 55 15 1 0 64 74 1 10 66 45 1
29 61 55 1 0 0 0 0 57 80 78 1 37 76 63 1 34 75 49 1 35 66 79 1 6 27 45 1 22 54 95 1 47 46 62 1 0 0 0 0 33 47 46 1 60 70 46 1 5 85 18 1 47 63 89 1 31 53 72 1 78 67 49 1 0 0 0 0 34 75 51 1 41 97 38 1 53 90 64 1 27 74 79 1 73 69 60 1 10 60 37 1 76 73 99 1 76 98 70 1 71 47 57 1 53 82 56 1 76 47 42 1 92 89 72 1 67 71 71 1 94 85 13 1 91 105 51 1 74 61 76 1 0 0 0 0 60 98 48 1 77 60 74 1 0 0 0 0 43 88 37 1 64 126 56 1 108 60 54 1 95 106 58 1 101 92 44 1 112 73 36 1 100 72 108 1 76 91 62 1 111 88 53 1 125 128 59 1 110 92 109 1 90 107 41 1 45 42 71 1 94 64 79 1 52 84 53 1 58 117 29 1 74 97 50 1 50 56 35 1 58 69 36 1 82 57 75 1 70 86 77 1 23 96 46 1 34 76 86 1 0 0 0 0 16 33 40 1 5 37 44 1 0 45 58 1 0 0 0 0
67 59 51 1 0 0 0 0 65 71 31 1 55 51 50 1 47 46 68 1 49 87 36 1 49 102 37 1 63 84 11 1 43 65 62 1 68 68 68 1 22 46 6 1 42 60 41 1 51 50 51 1 43 31 42 1 40 42 54 1 19 52 27 1 51 58 67 1 66 35 45 1 49 89 77 1 29 95 58 1 0 0 0 0 38 65 59 1 44 63 19 1 37 75 54 1 62 99 40 1 74 103 55 1 0 0 0 0 90 75 36 1 82 86 56 1 90 50 45 1 89 57 84 1 70 75 73 1 67 82 36 1 36 57 58 1 71 77 60 1 59 79 30 1 102 85 74 1 82 62 80 1 105 79 44 1 0 0 0 0 97 83 50 1 76 102 63 1 80 70 52 1 87 34 57 1 90 76 57 1 82 95 70 1 81 77 31 1 80 107 56 1 90 40 52 1 95 123 62 1 51 84 71 1 83 103 47 1 106 38 69 1 74 107 54 1 90 100 96 1 71 63 8 1 44 67 26 1 0 0 0 0 35 33 51 1 0 55 24 1 20 22 11 1 33 0 41 1 0 14 27 1 4 45 20 1 0 28 39 1
59 50 60 1 82 56 73 1 14 59 46 1 46 64 48 1 0 0 0 0 25 30 67 1 0 100 30 1 23 14 32 1 50 54 82 1 5 50 95 1 38 41 66 1 35 53 40 1 27 56 63 1 25 58 81 1 31 74 80 1 0 0 0 0 46 104 49 1 48 57 17 1 23 68 74 1 0 0 0 0 75 97 50 1 37 79 22 1 54 95 7 1 45 54 54 1 13 56 75 1 56 57 52 1 40 61 56 1 75 88 36 1 81 67 55 1 27 58 49 1 74 84 69 1 33 88 64 1 114 65 63 1 68 85 40 1 67 91 51 1 0 0 0 0 63 103 73 1 79 105 95 1 84 53 61 1 0 0 0 0 0 0 0 0 120 82 32 1 0 0 0 0 105 96 69 1 94 94 109 1 94 68 76 1 79 119 70 1 77 105 75 1 60 30 77 1 67 95 47 1 98 45 40 1 105 96 78 1 70 69 89 1 74 99 36 1 73 72 31 1 85 36 65 1 72 91 58 1 126 88 50 1 38 53 52 1 32 29 41 1 0 53 24 1 0 64 20 1 17 33 28 1 5 55 34 1 1 56 32 1
40 60 59 1 63 52 57 1 35 64 54 1 52 54 76 1 37 46 46 1 62 52 45 1 28 80 61 1 0 0 0 0 37 48 75 1 34 64 57 1 62 55 28 1 61 49 37 1 38 62 33 1 0 0 0 0 23 52 61 1 26 38 70 1 47 71 63 1 44 102 53 1 28 81 39 1 25 26 60 1 54 67 72 1 65 67 47 1 58 77 37 1 39 75 53 1 40 70 54 1 29 71 63 1 65 70 52 1 0 0 0 0 76 87 72 1 58 113 45 1 113 79 66 1 0 0 0 0 41 109 24 1 50 97 45 1 110 53 44 1 79 104 63 1 86 100 82 1 86 86 70 1 123 65 73 1 104 94 79 1 61 90 76 1 0 0 0 0 0 0 0 0 84 92 65 1 63 85 44 1 94 88 72 1 102 44 45 1 0 0 0 0 0 0 0 0 68 41 57 1 0 0 0 0 67 77 48 1 87 77 37 1 52 80 102 1 52 54 84 1 50 44 57 1 0 0 0 0 41 103 25 1 53 76 63 1 6 55 29 1 0 38 18 1 13 29 32 1 10 0 57 1 0 49 32 1 0 59 54 1
25 67 88 1 51 41 35 1 51 72 40 1 22 67 42 1 76 93 6 1 34 53 59 1 82 54 44 1 42 80 92 1 39 26 75 1 0 76 32 1 39 57 27 1 66 65 22 1 47 65 86 1 35 62 38 1 49 44 65 1 7 93 43 1 79 71 52 1 38 84 71 1 61 65 37 1 53 44 73 1 35 61 56 1 70 79 60 1 49 49 79 1 15 87 64 1 31 53 42 1 67 113 68 1 49 86 39 1 77 80 74 1 69 106 61 1 67 57 26 1 71 80 51 1 81 61 72 1 44 44 73 1 84 56 48 1 76 80 47 1 85 94 53 1 0 0 0 0 79 106 60 1 87 87 50 1 81 92 50 1 89 95 67 1 84 84 77 1 78 88 92 1 61 119 71 1 0 0 0 0 86 74 52 1 70 70 92 1 62 80 28 1 87 129 34 1 102 100 55 1 64 78 72 1 83 115 70 1 0 0 0 0 84 81 48 1 63 68 76 1 83 56 77 1 72 81 45 1 88 47 26 1 48 60 52 1 0 60 84 1 1 39 35 1 0 30 22 1 17 58 59 1 50 22 32 1 0 0 0 0
49 65 35 1 37 63 62 1 64 65 85 1 0 0 0 0 54 66 45 1 84 42 68 1 23 51 45 1 52 65 45 1 50 85 70 1 54 49 87 1 42 47 13 1 14 36 61 1 22 110 32 1 0 0 0 0 26 31 65 1 6 65 33 1 7 33 63 1 50 36 59 1 47 32 17 1 63 86 69 1 32 51 80 1 45 61 45 1 61 36 71 1 95 68 91 1 70 71 56 1 85 69 61 1 83 93 66 1 32 56 28 1 76 55 93 1 55 84 64 1 54 58 39 1 73 86 37 1 60 89 52 1 82 82 44 1 73 85 73 1 35 120 73 1 87 42 72 1 105 37 65 1 67 124 44 1 73 72 25 1 65 95 69 1 0 0 0 0 102 66 90 1 110 75 78 1 100 47 40 1 60 63 57 1 84 50 77 1 82 103 25 1 76 125 84 1 93 69 23 1 81 102 61 1 77 87 95 1 63 105 57 1 84 111 90 1 47 43 39 1 71 85 51 1 38 75 25 1 40 64 72 1 37 90 73 1 0 22 14 1 0 0 0 0 0 56 83 1 0 32 0 1 0 29 0 1 15 1 62 1
49 62 80 1 0 0 0 0 56 51 56 1 17 81 43 1 52 83 67 1 36 95 61 1 88 105 22 1 36 38 48 1 23 66 77 1 23 51 71 1 36 60 58 1 43 73 20 1 0 0 0 0 36 18 38 1 45 59 73 1 34 29 70 1 48 73 48 1 29 78 50 1 36 43 48 1 48 67 37 1 12 71 50 1 67 56 49 1 44 61 40 1 75 95 37 1 0 0 0 0 68 64 87 1 26 29 43 1 82 42 38 1 80 100 54 1 50 56 66 1 99 99 86 1 57 70 51 1 92 64 50 1 57 42 45 1 90 55 52 1 63 86 71 1 90 74 58 1 80 85 70 1 68 97 70 1 109 130 74 1 80 60 62 1 102 89 108 1 0 0 0 0 21 70 57 1 73 76 68 1 40 84 80 1 59 79 82 1 0 0 0 0 123 75 69 1 83 98 37 1 60 82 54 1 101 67 52 1 95 75 47 1 52 91 61 1 38 63 34 1 78 64 40 1 72 67 14 1 52 80 16 1 37 61 31 1 0 0 0 0 0 48 9 1 31 0 50 1 37 38 0 1 0 56 34 1 0 78 54 1
52 90 63 1 28 60 43 1 44 44 25 1 46 35 77 1 0 0 0 0 53 64 73 1 95 81 67 1 23 85 22 1 68 84 26 1 30 50 40 1 33 51 37 1 49 42 38 1 51 17 42 1 46 60 35 1 58 54 46 1 35 45 64 1 38 73 31 1 0 0 0 0 70 61 76 1 63 66 46 1 44 85 60 1 22 83 67 1 56 92 34 1 45 53 70 1 29 66 60 1 73 50 70 1 25 77 49 1 36 75 73 1 60 22 62 1 27 66 75 1 29 73 44 1 58 64 56 1 85 67 64 1 0 0 0 0 99 92 28 1 76 97 63 1 87 111 62 1 106 66 26 1 97 105 88 1 92 112 123 1 86 105 81 1 112 87 76 1 68 54 27 1 0 0 0 0 94 54 105 1 97 67 76 1 47 115 40 1 85 65 53 1 93 90 25 1 82 47 73 1 62 94 60 1 0 0 0 0 90 67 45 1 133 95 66 1 54 46 56 1 64 99 73 1 81 100 95 1 61 136 38 1 0 0 0 0 46 48 50 1 0 0 0 0 0 0 0 0 0 36 11 1 0 35 39 1 22 0 38 1
53 23 40 1 27 69 53 1 45 17 14 1 46 61 34 1 17 65 47 1 5 52 46 1 59 35 62 1 14 88 35 1 16 74 52 1 46 53 48 1 29 35 33 1 28 64 41 1 22 90 40 1 45 34 71 1 99 44 30 1 64 45 48 1 0 88 51 1 28 47 45 1 0 0 0 0 50 44 29 1 22 57 56 1 75 67 77 1 43 88 23 1 77 68 67 1 29 72 62 1 42 60 95 1 43 75 41 1 0 78 70 1 73 51 39 1 46 75 25 1 72 43 43 1 0 0 0 0 67 90 44 1 47 80 43 1 0 0 0 0 100 96 49 1 104 84 27 1 40 74 56 1 106 71 66 1 111 96 83 1 102 79 78 1 90 91 72 1 73 71 98 1 50 84 39 1 0 0 0 0 89 93 55 1 0 0 0 0 100 54 54 1 82 102 71 1 117 76 83 1 84 89 91 1 71 78 41 1 77 102 76 1 79 96 53 1 68 83 69 1 75 61 23 1 46 72 45 1 74 74 70 1 71 68 85 1 34 45 32 1 15 59 3 1 0 39 55 1 0 85 41 1 0 83 40 1 25 43 55 1
38 56 54 1 24 63 69 1 0 0 0 0 61 61 78 1 10 46 35 1 0 55 48 1 0 0 0 0 68 52 14 1 22 74 41 1 15 57 79 1 51 93 67 1 6 89 59 1 0 0 0 0 42 54 42 1 11 68 17 1 42 92 14 1 51 46 89 1 54 44 40 1 26 74 46 1 25 39 46 1 6 59 93 1 57 79 64 1 0 0 0 0 62 25 46 1 72 60 49 1 29 71 44 1 0 0 0 0 42 88 44 1 56 52 56 1 24 56 61 1 39 58 13 1 23 58 67 1 24 70 61 1 67 77 100 1 101 114 63 1 79 124 44 1 62 97 61 1 54 95 26 1 0 0 0 0 101 103 51 1 104 89 77 1 84 96 44 1 62 67 60 1 95 77 68 1 81 57 83 1 0 0 0 0 60 80 54 1 87 82 49 1 86 85 92 1 112 67 49 1 34 87 53 1 48 110 35 1 41 58 43 1 79 53 73 1 66 61 90 1 110 94 67 1 59 57 43 1 55 60 70 1 38 90 99 1 41 114 57 1 31 85 17 1 24 69 43 1 8 36 0 1 0 20 52 1 0 0 0 0
41 38 54 1 40 69 53 1 60 60 26 1 0 87 63 1 53 69 77 1 31 57 32 1 38 63 36 1 0 0 0 0 45 6 44 1 0 0 0 0 50 41 49 1 34 10 51 1 57 34 39 1 46 76 64 1 24 86 67 1 28 60 71 1 32 39 78 1 16 70 15 1 28 54 47 1 47 37 83 1 47 58 9 1 0 0 0 0 0 0 0 0 77 81 49 1 63 122 58 1 86 107 51 1 62 61 25 1 42 51 22 1 48 53 16 1 92 78 90 1 46 58 86 1 99 97 95 1 92 76 77 1 84 65 32 1 57 91 92 1 99 91 79 1 102 72 84 1 118 115 77 1 86 60 57 1 92 68 86 1 111 114 26 1 68 71 58 1 76 40 63 1 84 113 32 1 35 62 56 1 66 79 83 1 91 74 57 1 106 66 79 1 47 85 49 1 73 78 79 1 31 95 55 1 22 97 57 1 32 70 50 1 3 38 31 1 41 62 15 1 58 44 47 1 50 81 55 1 45 52 68 1 82 63 94 1 0 0 0 0 26 66 77 1 0 61 61 1 32 35 5 1 0 43 29 1 36 74 17 1
0 98 50 1 0 0 0 0 25 83 73 1 35 25 54 1 21 45 73 1 63 45 86 1 16 70 35 1 38 59 19 1 41 64 36 1 63 81 40 1 0 0 0 0 40 54 70 1 0 0 0 0 35 44 42 1 23 68 49 1 0 0 0 0 20 58 45 1 50 52 50 1 28 65 53 1 23 51 44 1 18 51 24 1 0 0 0 0 36 37 64 1 54 80 20 1 27 56 36 1 0 0 0 0 30 36 32 1 36 95 51 1 62 50 49 1 37 45 66 1 93 62 44 1 55 46 8 1 59 97 53 1 51 68 46 1 91 110 99 1 76 87 61 1 115 123 84 1 78 59 63 1 86 102 58 1 50 94 70 1 52 80 94 1 73 70 53 1 80 87 29 1 0 0 0 0 56 91 26 1 50 93 61 1 76 81 87 1 33 44 45 1 0 0 0 0 3 28 37 1 5 54 83 1 0 56 20 1 19 47 25 1 0 68 31 1 10 59 32 1 0 60 86 1 0 18 74 1 59 110 102 1 25 78 62 1 41 57 68 1 0 39 32 1 1 78 84 1 3 59 54 1 0 0 0 0 5 13 51 1
65 25 51 1 35 25 61 1 15 36 54 1 39 78 48 1 16 50 43 1 28 14 44 1 39 39 88 1 18 54 61 1 54 65 101 1 20 60 15 1 14 38 37 1 47 95 25 1 19 65 9 1 21 79 61 1 33 17 62 1 51 30 29 1 31 47 56 1 36 82 95 1 39 51 28 1 35 47 43 1 52 43 62 1 50 68 15 1 0 45 73 1 52 12 32 1 54 66 66 1 60 51 70 1 42 74 68 1 46 75 93 1 36 57 42 1 44 74 86 1 81 77 77 1 91 85 28 1 48 94 41 1 132 106 79 1 83 128 67 1 80 36 49 1 120 136 53 1 89 83 51 1 73 67 79 1 91 52 68 1 57 62 60 1 48 58 87 1 73 59 73 1 98 87 71 1 77 79 58 1 0 0 0 0 57 68 89 1 18 82 70 1 29 54 36 1 16 22 19 1 0 18 16 1 0 0 0 0 36 30 0 1 0 53 52 1 0 61 38 1 23 72 45 1 0 52 46 1 35 80 13 1 30 90 40 1 37 74 54 1 20 79 0 1 0 0 0 0 17 58 86 1 0 60 55 1 0 24 0 1
32 65 60 1 18 40 59 1 31 53 51 1 38 56 16 1 0 92 44 1 21 83 24 1 0 0 0 0 29 74 5 1 41 93 38 1 59 36 23 1 20 49 41 1 37 67 41 1 23 61 50 1 61 37 18 1 47 47 43 1 57 59 91 1 43 67 42 1 49 68 43 1 43 73 70 1 17 45 55 1 0 0 0 0 0 0 0 0 56 81 28 1 26 81 68 1 34 34 63 1 47 44 84 1 50 66 62 1 87 60 60 1 83 131 53 1 82 70 14 1 80 35 96 1 82 58 79 1 73 74 51 1 88 55 57 1 99 89 90 1 107 88 62 1 138 110 58 1 46 90 84 1 0 0 0 0 108 91 54 1 103 92 116 1 88 112 57 1 57 89 76 1 21 39 58 1 58 90 91 1 100 65 41 1 66 56 34 1 24 88 41 1 20 10 68 1 0 19 64 1 0 62 46 1 0 61 11 1 0 38 21 1 0 31 44 1 0 30 56 1 0 0 0 0 0 48 26 1 0 38 48 1 13 27 36 1 26 57 23 1 0 58 68 1 28 46 43 1 48 75 52 1 0 62 37 1 0 56 33 1
35 68 64 1 54 37 7 1 24 46 46 1 78 12 0 1 38 30 49 1 39 73 13 1 0 0 0 0 26 51 45 1 30 69 63 1 75 57 63 1 20 37 53 1 33 61 11 1 48 88 57 1 25 91 62 1 51 65 34 1 48 71 79 1 36 81 84 1 4 60 60 1 66 60 67 1 42 66 30 1 40 41 20 1 81 56 57 1 40 85 18 1 57 52 69 1 0 0 0 0 0 0 0 0 59 73 29 1 0 0 0 0 55 43 15 1 0 0 0 0 77 75 56 1 83 84 40 1 68 102 83 1 69 58 69 1 75 103 122 1 89 116 108 1 111 86 83 1 98 122 61 1 53 99 22 1 81 116 70 1 78 108 81 1 83 85 44 1 0 0 0 0 71 55 70 1 74 98 33 1 99 66 52 1 30 58 8 1 0 0 0 0 0 76 54 1 0 36 42 1 7 44 59 1 20 42 0 1 5 26 16 1 0 27 90 1 0 23 31 1 0 0 0 0 0 77 38 1 0 17 0 1 0 0 0 0 0 61 47 1 0 51 38 1 0 53 48 1 20 83 53 1 0 14 33 1 13 90 82 1
33 46 52 1 26 53 47 1 10 95 32 1 18 48 15 1 32 94 7 1 28 32 0 1 25 67 70 1 29 61 72 1 0 0 0 0 25 39 22 1 47 49 68 1 0 0 0 0 55 89 57 1 15 59 78 1 1 62 34 1 57 25 55 1 30 71 71 1 70 54 33 1 0 59 30 1 44 73 22 1 29 54 0 1 32 41 45 1 53 22 75 1 65 104 73 1 37 46 31 1 22 62 55 1 67 77 60 1 60 29 37 1 48 43 22 1 83 99 36 1 35 51 51 1 47 64 96 1 62 66 47 1 125 81 77 1 88 100 51 1 109 68 77 1 79 93 82 1 108 78 96 1 111 87 58 1 112 88 86 1 87 68 72 1 63 90 40 1 111 115 86 1 120 87 83 1 96 60 61 1 90 69 77 1 20 26 25 1 4 75 31 1 10 36 62 1 0 0 0 0 14 57 41 1 0 0 0 0 0 71 23 1 1 50 49 1 0 30 34 1 9 59 50 1 21 33 41 1 20 38 30 1 0 0 0 0 0 0 0 0 8 66 58 1 0 34 46 1 0 89 58 1 10 12 22 1 0 37 17 1
23 42 79 1 26 68 46 1 55 77 67 1 47 10 28 1 46 80 64 1 62 64 69 1 49 71 12 1 72 38 32 1 26 57 79 1 0 0 0 0 28 41 0 1 43 70 89 1 37 55 53 1 25 66 55 1 43 48 40 1 39 57 4 1 41 92 37 1 44 12 17 1 47 91 39 1 6 70 52 1 11 75 50 1 56 66 12 1 23 82 42 1 0 0 0 0 109 50 80 1 26 40 21 1 34 96 50 1 91 80 66 1 68 61 43 1 24 48 56 1 28 69 26 1 102 76 63 1 0 0 0 0 80 110 91 1 79 120 65 1 120 104 57 1 83 79 85 1 64 40 85 1 87 114 0 1 57 86 72 1 71 96 66 1 84 81 115 1 0 0 0 0 54 81 109 1 63 75 41 1 37 18 33 1 43 59 64 1 0 75 67 1 0 53 48 1 0 56 38 1 0 31 62 1 10 77 37 1 15 80 28 1 0 84 26 1 0 53 19 1 21 61 28 1 12 49 63 1 8 43 32 1 0 0 0 0 38 68 10 1 0 48 27 1 0 54 17 1 10 41 47 1 0 36 66 1 0 74 25 1
0 48 24 1 35 38 17 1 59 55 67 1 45 75 20 1 39 90 70 1 9 54 47 1 0 0 0 0 25 45 27 1 71 64 27 1 43 32 35 1 31 42 76 1 32 61 60 1 18 81 57 1 40 42 45 1 61 71 21 1 0 0 0 0 0 0 0 0 57 65 70 1 13 69 67 1 27 67 55 1 31 108 30 1 40 72 63 1 67 83 83 1 0 0 0 0 65 66 48 1 57 46 56 1 104 53 24 1 77 85 60 1 38 36 78 1 50 53 68 1 87 56 36 1 35 70 50 1 96 99 63 1 82 107 52 1 109 74 75 1 79 102 30 1 62 60 18 1 99 85 73 1 32 65 63 1 72 64 70 1 41 84 45 1 62 84 70 1 38 59 55 1 0 0 0 0 48 27 8 1 68 51 47 1 48 69 37 1 0 0 0 0 0 0 0 0 0 0 0 0 28 44 62 1 24 52 19 1 0 43 18 1 0 0 0 0 40 19 59 1 38 31 66 1 24 78 17 1 14 57 58 1 11 36 26 1 50 72 20 1 0 46 49 1 0 0 46 1 52 18 25 1 0 32 24 1 10 31 30 1
43 80 44 1 11 80 105 1 33 31 93 1 25 82 70 1 0 0 0 0 53 64 76 1 22 63 23 1 11 75 53 1 0 0 0 0 40 35 62 1 35 62 60 1 7 94 48 1 42 42 34 1 50 46 42 1 55 36 70 1 49 72 61 1 66 54 69 1 0 0 0 0 31 65 88 1 59 92 51 1 52 55 0 1 35 97 31 1 45 97 16 1 62 72 62 1 69 57 40 1 83 67 70 1 82 83 44 1 76 51 81 1 85 75 59 1 94 82 60 1 0 0 0 0 102 99 37 1 0 0 0 0 71 68 40 1 32 92 37 1 13 54 32 1 0 0 0 0 64 84 7 1 52 52 37 1 0 0 0 0 0 0 0 0 21 65 41 1 0 0 0 0 5 64 68 1 0 81 20 1 28 52 4 1 14 60 62 1 12 66 40 1 59 68 40 1 68 87 36 1 57 68 58 1 52 36 53 1 0 0 0 0 62 31 42 1 73 54 61 1 51 78 40 1 36 76 71 1 62 46 70 1 62 91 88 1 20 75 37 1 36 41 56 1 0 79 59 1 0 0 0 0 9 88 55 1 17 21 32 1
42 38 48 1 42 68 47 1 0 0 0 0 76 89 51 1 61 31 26 1 59 52 69 1 48 64 54 1 21 55 86 1 21 52 39 1 53 41 30 1 18 97 19 1 54 39 62 1 0 0 0 0 32 89 47 1 49 64 82 1 16 91 62 1 54 48 77 1 25 73 79 1 28 26 25 1 34 84 33 1 48 71 59 1 33 39 31 1 65 36 30 1 11 55 48 1 54 59 64 1 42 72 31 1 21 61 72 1 42 85 59 1 45 55 53 1 92 62 43 1 116 95 76 1 62 85 90 1 102 119 65 1 60 87 56 1 0 0 0 0 50 40 61 1 37 112 69 1 93 70 33 1 19 83 69 1 0 0 0 0 52 49 40 1 52 57 89 1 25 26 35 1 15 74 47 1 50 53 0 1 23 75 41 1 46 61 76 1 76 88 39 1 60 108 81 1 66 81 94 1 0 0 0 0 45 64 65 1 70 90 32 1 74 42 43 1 72 41 86 1 87 57 58 1 46 81 58 1 0 0 0 0 51 86 43 1 66 82 30 1 26 101 69 1 15 84 69 1 61 88 59 1 4 79 44 1 0 0 0 0
62 56 40 1 9 72 55 1 18 65 40 1 9 47 79 1 0 0 0 0 0 0 0 0 45 39 52 1 48 35 66 1 12 53 27 1 34 53 42 1 16 49 71 1 60 60 76 1 12 53 65 1 41 66 52 1 61 57 45 1 63 33 73 1 36 79 33 1 53 56 10 1 0 0 0 0 13 8 53 1 41 60 67 1 38 57 7 1 66 59 68 1 46 66 57 1 26 112 91 1 14 32 52 1 38 69 81 1 59 78 68 1 55 39 54 1 104 69 36 1 98 54 34 1 109 96 34 1 66 96 56 1 47 87 23 1 46 19 46 1 45 48 53 1 66 0 60 1 0 0 0 0 63 52 13 1 68 80 29 1 53 57 60 1 39 68 64 1 47 47 26 1 45 104 36 1 75 57 70 1 74 34 78 1 77 53 79 1 82 70 57 1 72 37 55 1 89 81 77 1 50 64 53 1 13 56 49 1 25 56 48 1 48 94 80 1 52 91 49 1 57 73 64 1 22 65 44 1 46 94 62 1 59 75 56 1 0 0 0 0 56 84 52 1 95 65 28 1 44 54 44 1 39 70 60 1 11 65 37 1
0 0 0 0 9 45 24 1 0 63 53 1 22 77 54 1 42 54 46 1 29 22 42 1 36 73 54 1 17 66 55 1 60 59 20 1 40 51 93 1 34 43 45 1 0 0 0 0 54 26 69 1 0 101 71 1 0 0 0 0 10 23 30 1 29 27 78 1 57 56 18 1 15 62 28 1 39 28 45 1 8 74 78 1 39 69 42 1 36 96 64 1 30 81 41 1 64 78 23 1 71 57 32 1 40 70 84 1 64 77 68 1 36 89 26 1 51 78 32 1 0 0 0 0 40 94 36 1 58 46 75 1 46 87 31 1 83 46 20 1 75 65 70 1 23 59 41 1 44 103 54 1 79 76 50 1 84 82 43 1 22 34 72 1 0 0 0 0 58 54 48 1 0 0 0 0 65 104 39 1 0 0 0 0 135 113 45 1 107 77 69 1 0 0 0 0 0 0 0 0 49 55 58 1 40 43 82 1 0 13 73 1 39 79 40 1 58 45 42 1 0 0 0 0 39 81 86 1 41 125 62 1 78 113 31 1 35 51 72 1 0 0 0 0 75 52 45 1 0 0 0 0 0 0 0 0 50 55 79 1
18 15 46 1 0 0 0 0 14 26 29 1 56 27 65 1 0 0 0 0 24 57 33 1 22 46 10 1 10 44 41 1 81 70 57 1 16 62 59 1 37 16 16 1 47 48 38 1 39 66 14 1 44 47 59 1 0 30 84 1 11 59 50 1 0 0 0 0 40 89 50 1 19 49 61 1 30 73 74 1 61 59 26 1 21 70 35 1 60 99 46 1 45 66 67 1 28 54 20 1 40 74 61 1 55 108 28 1 51 47 13 1 38 87 58 1 61 40 22 1 44 80 76 1 49 75 74 1 35 83 86 1 36 61 48 1 43 73 79 1 70 68 62 1 0 0 0 0 72 31 30 1 84 69 44 1 0 0 0 0 52 84 39 1 19 101 64 1 80 62 90 1 75 97 61 1 70 75 56 1 94 76 105 1 101 76 64 1 103 72 44 1 48 119 34 1 69 99 70 1 80 47 66 1 48 76 29 1 0 60 36 1 53 48 33 1 25 56 107 1 72 81 41 1 89 87 35 1 69 41 60 1 58 57 35 1 0 0 0 0 66 64 88 1 61 61 54 1 59 49 51 1 0 0 0 0 64 48 61 1
56 81 44 1 24 73 55 1 27 48 60 1 32 38 39 1 0 0 0 0 47 71 22 1 27 35 7 1 9 62 46 1 38 99 23 1 36 83 21 1 42 54 39 1 0 41 56 1 27 88 45 1 16 38 9 1 73 73 99 1 41 68 21 1 68 70 98 1 54 87 78 1 23 56 81 1 45 43 43 1 0 0 0 0 66 76 49 1 26 69 32 1 35 88 35 1 7 48 49 1 30 56 23 1 54 99 46 1 62 47 69 1 0 0 0 0 67 84 26 1 61 97 88 1 82 78 69 1 63 39 52 1 56 52 41 1 63 64 37 1 75 71 106 1 81 72 69 1 58 78 66 1 113 71 74 1 39 84 44 1 62 86 28 1 22 52 65 1 17 84 39 1 57 62 65 1 52 89 44 1 82 63 60 1 56 96 91 1 56 54 62 1 116 65 54 1 37 79 49 1 0 0 0 0 59 48 47 1 74 28 69 1 24 44 22 1 0 0 0 0 48 46 34 1 51 46 73 1 50 70 33 1 64 117 65 1 81 68 51 1 53 87 50 1 30 41 56 1 85 69 22 1 48 69 63 1 27 80 95 1
55 53 51 1 32 66 35 1 0 0 0 0 0 59 59 1 0 0 0 0 52 60 50 1 43 38 28 1 72 56 17 1 40 64 54 1 30 37 82 1 63 68 16 1 0 0 0 0 27 47 50 1 0 73 44 1 88 41 46 1 0 0 0 0 33 60 40 1 34 58 59 1 55 35 55 1 67 82 75 1 44 88 40 1 0 0 0 0 0 0 0 0 65 78 0 1 0 42 102 1 71 71 65 1 0 0 0 0 64 94 82 1 66 28 66 1 86 67 48 1 69 118 107 1 68 98 53 1 51 85 88 1 73 68 34 1 58 80 80 1 60 67 40 1 0 0 0 0 29 74 37 1 100 116 53 1 32 95 46 1 68 86 63 1 48 91 46 1 73 105 71 1 83 98 95 1 74 66 53 1 94 48 69 1 77 105 74 1 50 94 84 1 59 96 71 1 0 0 0 0 31 54 64 1 56 52 34 1 42 53 6 1 49 71 17 1 85 83 53 1 50 64 42 1 48 91 59 1 95 82 72 1 38 59 52 1 73 53 21 1 0 0 0 0 0 0 0 0 44 64 25 1 37 105 39 1 75 45 38 1
28 63 41 1 47 44 17 1 56 40 45 1 38 33 24 1 18 70 53 1 41 62 51 1 2 92 50 1 0 0 0 0 39 57 58 1 20 43 66 1 0 0 0 0 30 74 65 1 17 6 22 1 42 85 32 1 24 49 40 1 14 88 66 1 14 100 29 1 0 57 33 1 40 34 73 1 0 0 0 0 36 83 20 1 37 18 16 1 26 54 48 1 48 59 46 1 0 0 0 0 0 0 0 0 34 69 48 1 83 72 65 1 78 35 78 1 0 0 0 0 117 100 80 1 91 111 60 1 70 71 75 1 91 75 72 1 22 79 53 1 61 55 66 1 45 88 51 1 63 65 51 1 61 71 29 1 71 85 52 1 84 42 26 1 0 0 0 0 0 0 0 0 76 61 17 1 86 82 22 1 88 110 29 1 61 81 32 1 51 86 57 1 67 98 65 1 73 76 44 1 37 104 12 1 0 0 0 0 39 73 39 1 51 77 73 1 70 71 53 1 96 60 75 1 48 102 28 1 70 72 44 1 129 81 72 1 62 67 34 1 68 99 46 1 66 86 66 1 0 0 0 0 51 49 51 1 88 54 37 1
15 66 62 1 33 31 48 1 11 44 76 1 9 76 5 1 33 43 76 1 23 87 31 1 0 0 0 0 45 100 66 1 3 63 49 1 24 36 44 1 29 60 99 1 27 65 59 1 32 72 55 1 37 78 45 1 33 78 17 1 33 52 77 1 24 76 45 1 31 31 61 1 34 56 62 1 42 64 48 1 69 56 34 1 61 77 29 1 43 61 60 1 29 25 74 1 13 79 17 1 58 75 43 1 52 52 39 1 39 41 47 1 0 0 0 0 95 90 72 1 106 58 44 1 83 101 85 1 98 76 91 1 71 94 56 1 68 72 67 1 65 74 18 1 100 60 39 1 70 92 45 1 0 0 0 0 94 75 49 1 39 70 69 1 38 67 70 1 0 0 0 0 65 70 24 1 17 116 68 1 73 59 54 1 85 94 24 1 109 79 104 1 54 66 63 1 45 77 62 1 77 80 55 1 90 86 49 1 79 60 63 1 33 80 51 1 50 78 77 1 107 85 60 1 99 72 49 1 56 72 60 1 55 95 42 1 79 76 81 1 89 71 74 1 22 69 71 1 0 0 0 0 35 42 99 1 33 106 57 1
73 87 62 1 0 0 0 0 42 69 47 1 71 42 60 1 45 61 70 1 36 34 68 1 5 69 84 1 0 0 0 0 44 76 52 1 0 0 0 0 52 87 69 1 28 25 58 1 20 102 58 1 16 69 70 1 43 70 56 1 49 67 73 1 37 33 59 1 0 0 0 0 44 42 74 1 0 0 0 0 31 35 45 1 77 43 44 1 19 50 62 1 0 0 0 0 13 95 40 1 44 50 61 1 42 78 26 1 103 91 27 1 27 28 74 1 81 62 58 1 99 88 66 1 87 77 71 1 85 104 73 1 74 67 76 1 70 78 96 1 76 73 59 1 62 30 61 1 58 36 78 1 43 44 85 1 22 69 83 1 58 94 47 1 0 0 0 0 0 0 0 0 55 64 71 1 81 51 99 1 82 72 64 1 89 89 87 1 97 64 57 1 34 72 66 1 47 60 82 1 42 92 61 1 44 85 44 1 71 95 93 1 77 72 56 1 85 70 19 1 44 98 111 1 67 77 58 1 76 89 33 1 110 103 45 1 91 97 46 1 49 76 62 1 61 75 69 1 97 80 40 1 0 0 0 0 93 100 47 1
29 49 10 1 42 61 34 1 18 32 75 1 12 43 38 1 17 46 54 1 33 87 43 1 53 42 79 1 41 64 13 1 0 0 0 0 4 54 52 1 64 53 31 1 63 85 46 1 39 79 48 1 15 90 59 1 0 0 0 0 24 37 68 1 27 63 54 1 57 56 56 1 0 0 0 0 42 52 23 1 0 0 0 0 69 67 77 1 0 0 0 0 53 95 91 1 24 70 36 1 56 87 24 1 63 89 40 1 52 59 43 1 96 112 96 1 68 68 70 1 71 71 86 1 86 83 58 1 83 90 75 1 85 77 73 1 76 57 40 1 96 68 43 1 0 0 0 0 32 38 80 1 52 34 42 1 94 59 65 1 25 79 46 1 56 42 89 1 112 57 63 1 102 99 44 1 79 91 60 1 67 73 78 1 99 55 96 1 47 88 67 1 68 92 76 1 72 108 96 1 66 93 102 1 0 0 0 0 50 116 35 1 58 64 91 1 0 0 0 0 121 36 71 1 84 85 99 1 105 85 46 1 83 119 82 1 53 58 56 1 62 94 85 1 77 87 42 1 61 54 99 1 0 0 0 0 46 108 77 1
33 40 53 1 40 38 36 1 42 109 33 1 45 44 88 1 0 0 0 0 50 55 61 1 34 49 44 1 0 20 72 1 45 17 28 1 45 50 20 1 15 69 27 1 0 81 16 1 0 0 0 0 15 85 54 1 13 44 43 1 46 44 41 1 55 50 63 1 27 76 0 1 37 41 54 1 55 92 21 1 55 44 54 1 58 53 87 1 43 73 104 1 43 43 61 1 84 42 24 1 31 76 61 1 36 48 61 1 61 67 50 1 41 60 54 1 102 92 69 1 80 43 92 1 96 101 64 1 103 100 74 1 0 0 0 0 96 78 80 1 70 98 47 1 66 80 40 1 55 62 17 1 0 0 0 0 55 80 61 1 0 0 0 0 69 68 52 1 80 88 79 1 59 104 66 1 82 75 50 1 70 88 80 1 72 99 55 1 81 66 38 1 73 113 65 1 83 74 69 1 69 109 66 1 0 0 0 0 78 100 76 1 95 91 77 1 69 105 60 1 103 53 45 1 56 100 90 1 67 95 47 1 89 93 86 1 91 79 62 1 102 116 45 1 96 74 58 1 99 73 91 1 89 102 43 1 70 89 79 1
34 42 30 1 38 112 49 1 0 0 0 0 54 50 37 1 0 88 40 1 24 34 60 1 11 71 32 1 32 35 49 1 53 51 5 1 30 57 59 1 58 61 69 1 16 60 26 1 35 61 47 1 49 84 36 1 51 32 34 1 45 53 53 1 0 0 0 0 26 35 55 1 78 39 3 1 0 0 0 0 35 86 25 1 22 82 50 1 89 72 59 1 60 61 60 1 0 0 0 0 48 78 59 1 77 72 42 1 99 69 80 1 60 62 88 1 121 42 51 1 83 94 54 1 97 108 62 1 130 137 91 1 92 69 59 1 79 85 49 1 91 80 76 1 82 68 45 1 83 128 33 1 6 133 38 1 48 85 76 1 68 49 35 1 81 52 54 1 85 43 21 1 63 56 61 1 105 69 96 1 101 83 38 1 99 63 66 1 110 94 47 1 0 0 0 0 112 93 94 1 70 78 70 1 0 0 0 0 76 86 81 1 97 88 48 1 82 88 93 1 61 109 52 1 118 58 96 1 82 124 69 1 101 91 107 1 104 31 36 1 81 120 67 1 101 83 59 1 0 0 0 0 0 0 0 0 82 74 71 1
16 62 0 1 21 65 44 1 0 0 0 0 39 51 48 1 0 0 0 0 69 67 61 1 57 40 55 1 16 49 17 1 34 36 84 1 24 51 23 1 40 71 39 1 25 65 52 1 24 32 29 1 31 37 1 1 18 67 36 1 71 80 30 1 13 79 61 1 41 60 44 1 58 64 78 1 0 0 0 0 54 26 52 1 49 39 82 1 61 78 40 1 50 66 49 1 0 0 0 0 43 74 44 1 38 60 33 1 72 50 62 1 70 100 58 1 73 93 70 1 0 0 0 0 80 61 57 1 75 66 53 1 110 65 66 1 91 106 104 1 57 103 81 1 3 100 100 1 88 87 53 1 45 102 100 1 34 78 99 1 98 44 93 1 102 81 48 1 81 80 75 1 91 110 69 1 0 0 0 0 47 93 35 1 0 0 0 0 71 62 52 1 0 0 0 0 85 88 41 1 74 100 94 1 101 95 71 1 70 80 87 1 114 93 77 1 81 96 59 1 102 74 76 1 105 27 69 1 69 83 71 1 61 68 54 1 77 96 125 1 102 72 43 1 95 105 62 1 86 55 55 1 102 90 55 1 96 45 58 1
55 57 6 1 36 59 44 1 23 50 42 1 41 78 71 1 51 93 61 1 26 62 63 1 56 81 47 1 54 32 47 1 18 61 51 1 20 56 8 1 16 39 54 1 0 49 40 1 28 77 34 1 14 38 60 1 33 48 51 1 29 72 81 1 41 80 69 1 26 19 65 1 55 66 75 1 21 93 39 1 46 47 65 1 52 26 47 1 71 41 60 1 88 91 73 1 67 79 59 1 57 82 101 1 63 58 52 1 56 100 54 1 63 60 97 1 0 0 0 0 37 111 42 1 111 80 81 1 58 112 68 1 101 80 79 1 99 68 60 1 104 67 45 1 66 108 77 1 69 68 65 1 87 97 51 1 0 0 0 0 73 90 28 1 84 76 37 1 43 99 75 1 77 111 57 1 0 0 0 0 125 46 79 1 103 112 34 1 80 97 61 1 86 45 30 1 84 63 76 1 66 37 29 1 111 115 49 1 71 35 58 1 72 59 42 1 103 68 71 1 112 95 42 1 94 97 68 1 0 0 0 0 99 47 48 1 0 0 0 0 72 91 69 1 82 107 72 1 82 101 78 1 0 0 0 0 36 56 67 1
15 67 57 1 0 54 33 1 22 54 78 1 50 40 51 1 30 49 47 1 35 42 43 1 13 72 61 1 44 60 62 1 9 28 75 1 47 38 50 1 55 60 21 1 0 0 0 0 72 56 50 1 31 62 63 1 58 67 41 1 34 31 51 1 52 38 1 1 76 66 60 1 41 94 53 1 70 75 18 1 0 0 0 0 22 77 47 1 46 55 12 1 57 49 40 1 66 73 57 1 91 21 72 1 67 44 43 1 103 73 27 1 61 71 56 1 92 59 48 1 54 41 64 1 49 85 74 1 112 100 55 1 0 0 0 0 69 65 82 1 100 92 20 1 62 69 56 1 79 104 66 1 85 65 84 1 64 68 83 1 48 70 80 1 0 0 0 0 104 69 57 1 88 34 55 1 83 78 75 1 76 63 77 1 79 91 51 1 0 0 0 0 104 54 111 1 76 95 62 1 83 90 68 1 63 89 48 1 80 102 57 1 59 115 60 1 64 64 82 1 67 84 75 1 0 0 0 0 97 114 43 1 94 106 45 1 87 88 92 1 105 91 56 1 89 68 61 1 104 45 60 1 52 86 12 1 76 125 47 1
72 15 28 1 44 90 50 1 35 77 93 1 54 84 97 1 51 44 39 1 40 63 4 1 33 24 50 1 0 0 0 0 44 82 53 1 42 7 35 1 54 49 48 1 0 63 65 1 2 41 73 1 51 76 87 1 2 31 28 1 33 50 89 1 65 87 88 1 43 92 55 1 47 98 56 1 0 0 0 0 49 16 66 1 93 85 36 1 61 65 63 1 106 96 40 1 92 61 51 1 47 73 79 1 79 93 38 1 84 77 74 1 57 54 42 1 79 55 98 1 56 85 39 1 43 100 69 1 97 58 78 1 64 69 56 1 49 85 57 1 0 0 0 0 66 83 40 1 63 51 80 1 62 84 40 1 76 68 100 1 99 76 83 1 98 97 67 1 71 82 81 1 93 110 51 1 104 60 35 1 88 62 73 1 84 85 0 1 64 67 27 1 50 99 40 1 101 39 21 1 0 0 0 0 84 67 125 1 79 111 61 1 92 84 40 1 92 84 81 1 84 96 61 1 90 103 51 1 57 75 53 1 0 0 0 0 100 106 65 1 69 81 78 1 57 94 86 1 105 84 86 1 54 79 56 1 107 76 56 1
20 71 37 1 29 54 41 1 47 33 56 1 59 72 42 1 0 62 44 1 57 25 75 1 49 63 51 1 44 73 15 1 45 71 40 1 77 42 59 1 33 41 15 1 57 77 65 1 0 0 0 0 0 42 78 1 14 64 50 1 0 0 0 0 45 36 54 1 70 56 51 1 0 0 0 0 35 106 33 1 72 38 27 1 78 66 81 1 49 82 60 1 54 65 45 1 71 69 72 1 0 0 0 0 94 92 62 1 42 69 41 1 50 62 87 1 67 92 39 1 63 83 83 1 59 71 2 1 67 72 46 1 121 84 69 1 57 93 73 1 81 64 51 1 73 75 82 1 84 95 60 1 101 92 98 1 57 49 98 1 39 62 71 1 33 80 52 1 92 73 65 1 72 99 41 1 49 68 44 1 69 31 99 1 61 68 79 1 91 89 22 1 64 77 85 1 116 64 65 1 90 67 57 1 109 90 72 1 90 123 51 1 0 0 0 0 89 57 43 1 0 0 0 0 74 67 95 1 108 80 41 1 56 80 29 1 68 77 65 1 79 43 67 1 74 73 65 1 88 134 54 1 117 64 69 1 95 39 79 1
0 78 68 1 20 46 46 1 71 70 63 1 11 59 70 1 29 32 32 1 17 47 61 1 57 57 59 1 0 0 0 0 20 80 54 1 41 38 57 1 17 49 60 1 30 47 65 1 20 69 88 1 31 66 75 1 44 74 68 1 45 52 34 1 81 48 64 1 62 58 88 1 44 66 35 1 0 0 0 0 0 68 55 1 39 89 60 1 48 59 74 1 87 50 53 1 48 82 57 1 91 76 58 1 57 60 42 1 55 53 84 1 82 89 40 1 76 84 44 1 54 38 28 1 91 92 80 1 73 83 74 1 98 100 58 1 89 94 64 1 72 78 54 1 89 103 36 1 41 95 38 1 67 64 60 1 69 92 55 1 122 67 95 1 38 78 56 1 0 0 0 0 54 75 51 1 72 96 54 1 70 75 74 1 110 109 61 1 0 0 0 0 84 23 96 1 0 0 0 0 89 75 47 1 52 77 49 1 61 86 85 1 77 66 88 1 48 137 59 1 85 68 89 1 96 113 34 1 68 57 56 1 82 100 71 1 76 57 13 1 79 85 56 1 60 53 82 1 47 92 74 1 24 55 84 1 0 0 0 0
61 66 33 1 34 76 48 1 44 41 51 1 0 105 21 1 51 54 38 1 29 85 66 1 39 31 13 1 25 53 67 1 5 66 32 1 0 75 25 1 66 37 105 1 19 71 88 1 64 67 87 1 0 0 0 0 28 50 34 1 36 97 88 1 28 79 57 1 32 51 92 1 15 77 74 1 59 64 63 1 50 43 54 1 0 0 0 0 63 58 38 1 61 29 36 1 72 84 36 1 77 60 65 1 73 61 80 1 87 61 62 1 54 81 54 1 63 57 71 1 38 85 48 1 62 102 51 1 66 102 35 1 106 122 55 1 75 122 61 1 61 62 69 1 85 73 70 1 67 86 49 1 0 0 0 0 63 52 29 1 99 68 66 1 92 61 74 1 79 73 50 1 76 80 62 1 82 82 68 1 52 75 95 1 76 82 26 1 81 77 33 1 63 59 26 1 86 71 73 1 76 68 51 1 72 71 71 1 51 59 82 1 0 0 0 0 97 89 88 1 72 64 36 1 104 113 61 1 95 54 72 1 0 0 0 0 59 89 84 1 110 78 40 1 0 0 0 0 0 0 0 0 88 84 15 1 76 44 79 1
11 53 69 1 51 39 12 1 30 39 26 1 34 61 64 1 16 21 17 1 25 42 63 1 0 85 13 1 77 53 54 1 32 40 0 1 37 61 34 1 81 74 46 1 26 79 62 1 51 99 73 1 24 18 35 1 68 61 66 1 0 0 0 0 0 77 52 1 38 62 39 1 65 59 56 1 84 50 32 1 102 53 41 1 28 79 46 1 49 114 62 1 49 50 7 1 65 56 75 1 17 92 71 1 0 0 0 0 0 0 0 0 62 76 56 1 0 0 0 0 104 75 63 1 113 52 47 1 48 87 90 1 67 117 80 1 106 87 61 1 54 65 61 1 61 54 65 1 40 45 70 1 0 0 0 0 48 80 67 1 70 77 60 1 69 72 47 1 78 89 37 1 58 62 29 1 63 56 65 1 33 75 51 1 33 48 62 1 66 82 71 1 73 81 104 1 0 0 0 0 62 58 63 1 78 56 83 1 73 109 6 1 0 0 0 0 65 53 63 1 52 71 74 1 82 38 54 1 95 93 50 1 64 101 96 1 86 64 74 1 60 83 83 1 70 53 38 1 65 59 51 1 106 59 63 1 58 58 14 1
2 81 7 1 60 37 75 1 49 17 56 1 7 59 63 1 23 24 28 1 51 74 34 1 26 39 45 1 40 66 61 1 9 56 29 1 24 107 27 1 75 49 42 1 54 44 48 1 11 78 19 1 0 36 25 1 39 19 37 1 18 21 84 1 50 107 61 1 0 0 0 0 68 73 60 1 47 56 73 1 51 68 27 1 81 68 46 1 66 39 21 1 100 38 43 1 59 41 47 1 60 82 56 1 43 70 49 1 60 62 89 1 86 105 79 1 70 93 48 1 51 91 31 1 39 70 92 1 78 48 39 1 95 75 102 1 54 105 62 1 77 77 34 1 82 38 40 1 68 78 20 1 90 37 84 1 63 45 47 1 43 72 62 1 43 39 68 1 35 56 20 1 86 81 39 1 70 10 69 1 77 31 71 1 66 90 74 1 121 65 50 1 0 0 0 0 87 52 84 1 85 79 89 1 62 80 8 1 90 65 76 1 39 71 72 1 83 80 14 1 49 58 78 1 64 70 36 1 61 103 53 1 95 98 81 1 93 62 94 1 102 73 75 1 83 81 50 1 53 65 67 1 58 41 35 1 70 81 59 1
31 60 71 1 17 26 56 1 53 56 36 1 47 74 69 1 67 92 63 1 9 38 57 1 51 80 57 1 34 66 39 1 44 69 34 1 9 70 80 1 65 35 57 1 4 58 25 1 30 45 92 1 11 82 59 1 23 80 53 1 47 47 57 1 43 73 64 1 31 39 35 1 7 81 32 1 0 0 0 0 48 77 27 1 44 76 47 1 60 85 20 1 67 64 61 1 31 61 71 1 92 75 60 1 56 93 62 1 32 70 92 1 93 43 77 1 32 72 61 1 87 120 40 1 40 85 65 1 69 82 32 1 69 103 79 1 0 0 0 0 79 89 45 1 52 104 59 1 47 56 57 1 111 80 73 1 93 41 86 1 0 0 0 0 89 68 53 1 62 79 60 1 76 23 106 1 110 67 20 1 48 56 56 1 51 68 61 1 0 0 0 0 0 0 0 0 33 57 64 1 60 70 61 1 83 51 54 1 69 105 73 1 87 101 58 1 44 103 45 1 76 62 43 1 27 70 48 1 89 99 43 1 50 49 67 1 54 85 51 1 0 0 0 0 77 72 66 1 94 67 90 1 76 58 99 1 0 0 0 0
33 60 57 1 9 74 39 1 28 22 48 1 0 0 0 0 40 41 23 1 0 0 0 0 0 0 0 0 0 0 0 0 28 30 50 1 8 36 52 1 65 68 51 1 53 52 59 1 42 51 49 1 8 47 57 1 33 59 52 1 17 57 53 1 0 0 0 0 39 50 19 1 27 56 61 1 50 69 38 1 0 0 0 0 60 80 46 1 73 82 60 1 65 74 35 1 37 55 94 1 13 100 51 1 72 58 74 1 61 35 88 1 67 34 70 1 67 64 56 1 26 71 70 1 70 69 47 1 125 119 80 1 101 51 34 1 89 74 66 1 78 105 80 1 0 0 0 0 75 61 43 1 71 80 63 1 60 91 91 1 62 95 62 1 76 74 23 1 99 62 69 1 69 102 68 1 60 67 49 1 78 59 44 1 50 66 48 1 38 68 43 1 39 67 69 1 64 82 44 1 85 42 52 1 76 49 52 1 79 62 34 1 47 64 71 1 83 69 38 1 85 80 65 1 77 60 109 1 73 62 12 1 82 76 64 1 73 80 67 1 57 104 35 1 48 98 68 1 84 68 90 1 53 82 88 1 26 58 48 1
10 65 36 1 24 25 44 1 0 0 0 0 72 52 48 1 45 47 63 1 25 43 37 1 51 53 46 1 2 100 47 1 9 62 28 1 25 28 38 1 38 20 33 1 54 54 49 1 57 78 68 1 5 62 52 1 67 80 37 1 29 43 47 1 32 21 16 1 45 31 63 1 54 25 28 1 57 66 31 1 38 44 25 1 51 54 83 1 59 41 66 1 56 86 54 1 39 48 41 1 72 104 61 1 64 67 41 1 44 44 59 1 69 82 85 1 111 44 55 1 32 87 59 1 0 0 0 0 51 87 66 1 34 69 60 1 66 39 67 1 82 60 52 1 100 81 60 1 57 60 69 1 93 57 53 1 0 0 0 0 61 55 57 1 80 59 79 1 46 90 39 1 54 51 78 1 58 63 28 1 53 81 67 1 62 87 14 1 0 0 0 0 120 36 18 1 92 77 29 1 4 88 38 1 103 67 83 1 82 84 41 1 46 66 51 1 61 73 38 1 0 0 0 0 64 65 76 1 0 0 0 0 85 55 68 1 62 97 92 1 70 91 43 1 74 60 50 1 0 0 0 0 67 70 58 1 75 75 47 1
12 84 65 1 52 94 64 1 35 50 52 1 8 41 56 1 27 38 97 1 30 75 59 1 0 18 44 1 0 0 0 0 52 53 69 1 18 63 53 1 2 19 103 1 27 34 70 1 36 56 50 1 30 52 67 1 0 74 73 1 44 50 65 1 5 97 68 1 66 73 46 1 71 44 65 1 11 57 50 1 23 75 90 1 43 73 18 1 43 76 41 1 46 63 31 1 17 67 51 1 82 79 46 1 47 98 55 1 0 0 0 0 51 88 79 1 63 70 81 1 63 54 107 1 43 64 19 1 59 82 101 1 30 66 42 1 83 107 36 1 0 0 0 0 85 82 92 1 112 64 56 1 106 63 52 1 79 78 38 1 41 54 80 1 84 68 61 1 54 54 63 1 31 49 73 1 67 64 56 1 68 113 76 1 26 99 61 1 61 73 32 1 58 100 55 1 36 39 56 1 81 31 74 1 50 91 47 1 91 62 65 1 59 51 91 1 49 80 77 1 59 43 71 1 92 63 67 1 39 104 56 1 115 58 74 1 87 61 55 1 0 0 0 0 74 84 71 1 0 0 0 0 117 73 57 1 106 79 73 1
23 46 80 1 43 48 50 1 52 59 37 1 28 52 69 1 27 49 31 1 0 0 0 0 19 75 67 1 34 34 47 1 76 59 70 1 18 52 58 1 0 0 0 0 24 33 19 1 12 52 23 1 11 55 26 1 21 66 42 1 0 0 0 0 55 24 12 1 0 0 0 0 47 68 23 1 52 51 55 1 74 100 95 1 47 40 57 1 35 77 10 1 0 0 0 0 36 66 59 1 48 129 72 1 82 74 41 1 93 102 46 1 57 53 86 1 79 57 60 1 49 57 31 1 125 105 88 1 61 45 40 1 73 74 76 1 98 110 81 1 92 113 68 1 103 75 52 1 116 43 78 1 0 0 0 0 0 0 0 0 103 59 66 1 87 52 60 1 99 87 73 1 0 0 0 0 54 108 32 1 126 76 65 1 61 101 44 1 89 48 46 1 100 87 75 1 47 75 109 1 60 92 88 1 76 134 95 1 64 103 75 1 57 107 64 1 56 107 77 1 54 77 63 1 74 88 59 1 59 93 83 1 41 95 55 1 79 111 34 1 0 0 0 0 86 46 79 1 63 60 65 1 79 73 58 1 91 102 68 1
33 51 41 1 43 106 49 1 7 48 2 1 29 87 30 1 48 79 30 1 33 45 55 1 64 56 75 1 9 74 39 1 67 47 32 1 0 90 14 1 0 0 0 0 0 0 0 0 0 0 0 0 18 50 48 1 71 54 56 1 0 0 0 0 68 89 38 1 31 52 43 1 55 88 58 1 78 35 61 1 37 84 86 1 32 85 102 1 78 94 86 1 0 0 0 0 41 51 58 1 79 83 70 1 63 92 55 1 47 88 22 1 26 96 29 1 89 38 76 1 30 73 39 1 61 100 53 1 96 78 42 1 64 83 70 1 91 82 71 1 73 88 94 1 102 93 76 1 75 60 70 1 62 77 61 1 82 60 44 1 102 54 25 1 63 82 67 1 48 88 48 1 81 89 95 1 32 45 48 1 68 63 75 1 60 64 48 1 111 101 102 1 72 86 43 1 59 65 104 1 22 79 73 1 53 98 75 1 73 51 96 1 61 103 80 1 86 83 59 1 77 72 77 1 28 87 38 1 79 59 52 1 35 82 74 1 107 59 52 1 60 81 37 1 83 42 42 1 83 63 75 1 100 68 80 1 68 68 63 1
59 50 59 1 22 79 64 1 47 52 87 1 1 29 42 1 36 40 35 1 37 63 40 1 37 44 86 1 7 38 41 1 27 59 16 1 59 91 48 1 24 51 52 1 27 71 11 1 0 0 0 0 33 48 26 1 77 65 39 1 56 33 6 1 30 49 50 1 0 0 0 0 35 65 25 1 35 74 26 1 76 25 54 1 62 55 78 1 42 61 55 1 36 56 34 1 19 72 83 1 56 68 57 1 79 101 51 1 38 100 65 1 75 80 78 1 0 0 0 0 57 43 57 1 86 82 32 1 55 52 62 1 52 83 50 1 64 88 73 1 97 84 72 1 85 89 43 1 83 69 64 1 110 67 50 1 97 70 87 1 68 78 70 1 56 85 41 1 58 102 86 1 91 77 60 1 73 62 47 1 49 69 99 1 73 82 51 1 58 96 73 1 93 28 83 1 61 112 52 1 123 88 54 1 80 83 41 1 69 52 16 1 71 49 67 1 75 94 49 1 93 100 36 1 81 63 41 1 66 63 66 1 104 54 93 1 86 101 98 1 80 75 76 1 50 100 90 1 55 94 40 1 73 59 64 1 0 0 0 0
16 53 58 1 33 91 55 1 25 86 45 1 35 65 38 1 15 59 60 1 20 44 68 1 20 69 74 1 0 57 48 1 0 0 0 0 8 75 54 1 0 0 0 0 56 67 31 1 37 74 49 1 66 37 82 1 30 88 66 1 26 49 42 1 46 59 57 1 0 65 59 1 0 0 0 0 22 87 56 1 66 85 54 1 3 60 65 1 0 0 0 0 41 56 21 1 0 0 0 0 16 46 40 1 29 80 36 1 58 62 29 1 72 71 31 1 83 61 40 1 72 67 50 1 50 86 60 1 65 45 89 1 41 88 96 1 86 71 57 1 75 71 81 1 94 111 53 1 71 104 83 1 93 65 108 1 65 77 78 1 0 0 0 0 41 74 39 1 96 64 44 1 78 105 73 1 96 72 98 1 90 83 76 1 84 55 111 1 61 97 56 1 99 57 51 1 0 0 0 0 94 76 68 1 47 102 75 1 61 80 30 1 74 78 37 1 78 79 93 1 78 71 76 1 81 75 52 1 95 79 63 1 67 64 22 1 90 70 52 1 68 43 9 1 41 109 110 1 87 66 45 1 68 90 66 1 110 87 94 1
44 47 33 1 0 55 48 1 0 89 61 1 53 85 49 1 2 28 54 1 1 32 19 1 11 22 18 1 17 48 98 1 41 42 79 1 45 55 34 1 56 75 40 1 26 37 24 1 0 87 0 1 66 80 76 1 5 84 53 1 31 63 50 1 0 0 0 0 56 84 57 1 24 53 69 1 50 49 10 1 39 40 56 1 33 89 63 1 48 59 51 1 58 69 43 1 64 36 30 1 51 50 35 1 46 75 60 1 56 46 83 1 36 100 41 1 46 65 46 1 75 88 59 1 57 62 83 1 40 69 86 1 46 68 62 1 52 58 48 1 89 72 71 1 63 60 58 1 96 80 86 1 91 58 53 1 88 64 20 1 76 81 97 1 43 45 27 1 76 86 49 1 0 0 0 0 101 77 22 1 74 51 23 1 51 93 33 1 63 29 58 1 85 76 58 1 101 118 59 1 77 109 73 1 92 75 56 1 61 86 18 1 74 75 92 1 64 81 61 1 89 75 99 1 43 85 64 1 43 48 54 1 41 69 76 1 67 111 73 1 81 78 39 1 109 79 45 1 56 82 89 1 75 102 76 1 78 66 58 1
52 112 46 1 69 26 25 1 26 60 27 1 20 72 44 1 51 80 46 1 0 0 0 0 26 15 79 1 0 45 42 1 66 61 46 1 26 44 60 1 10 63 0 1 57 49 32 1 48 32 30 1 37 68 35 1 70 62 2 1 40 21 28 1 0 0 0 0 16 89 59 1 11 53 50 1 55 44 46 1 39 49 59 1 74 82 37 1 50 100 79 1 58 66 61 1 39 55 43 1 0 0 0 0 70 91 81 1 68 49 39 1 38 56 72 1 0 0 0 0 78 76 65 1 61 55 10 1 30 51 66 1 62 100 77 1 80 84 57 1 40 32 77 1 41 76 52 1 90 106 56 1 87 77 47 1 0 0 0 0 96 87 95 1 93 52 94 1 37 94 62 1 46 76 44 1 31 34 59 1 49 89 83 1 0 0 0 0 70 99 68 1 75 75 44 1 102 57 64 1 88 115 72 1 0 0 0 0 71 83 76 1 83 41 62 1 30 63 71 1 80 82 49 1 125 93 50 1 79 79 61 1 59 32 67 1 91 69 57 1 29 105 64 1 58 66 85 1 52 69 70 1 75 91 77 1 0 0 0 0
71 63 61 1 12 60 80 1 40 39 56 1 0 0 0 0 36 36 29 1 2 58 34 1 42 46 27 1 24 106 52 1 44 45 37 1 42 33 56 1 17 34 66 1 59 93 13 1 33 35 42 1 40 67 30 1 19 6 51 1 0 0 0 0 21 16 46 1 83 61 22 1 16 71 41 1 58 78 41 1 34 33 0 1 53 38 16 1 30 82 38 1 35 53 48 1 32 58 74 1 57 90 41 1 81 77 36 1 48 57 63 1 0 0 0 0 75 92 12 1 55 74 38 1 94 49 38 1 71 64 61 1 37 67 77 1 66 53 60 1 84 57 62 1 64 100 26 1 79 86 46 1 68 94 71 1 77 81 70 1 0 0 0 0 66 74 18 1 29 88 84 1 39 82 82 1 92 89 65 1 115 95 85 1 77 99 61 1 0 0 0 0 0 0 0 0 85 75 75 1 68 88 79 1 67 65 44 1 0 0 0 0 84 79 67 1 71 84 89 1 90 90 94 1 81 76 52 1 95 73 46 1 72 64 112 1 73 101 44 1 83 80 49 1 59 81 78 1 55 89 106 1 0 0 0 0 63 116 78 1
76 91 43 1 54 45 79 1 39 28 47 1 21 31 40 1 31 40 34 1 19 54 76 1 18 41 59 1 27 52 78 1 57 36 42 1 57 12 19 1 26 37 78 1 48 112 37 1 45 20 71 1 48 40 61 1 63 86 59 1 13 47 59 1 56 46 45 1 68 67 17 1 39 68 72 1 0 64 40 1 33 54 57 1 66 61 56 1 50 58 36 1 58 80 85 1 111 100 44 1 86 86 60 1 54 52 50 1 72 58 57 1 40 81 77 1 59 39 55 1 71 48 89 1 85 56 71 1 86 70 39 1 58 63 41 1 62 90 71 1 76 46 83 1 93 102 55 1 75 128 58 1 114 105 72 1 75 92 74 1 80 55 92 1 0 0 0 0 61 53 41 1 60 98 66 1 37 74 51 1 103 41 35 1 70 75 62 1 81 42 50 1 21 97 76 1 52 87 93 1 41 99 88 1 112 45 48 1 105 91 54 1 70 102 47 1 78 56 67 1 51 79 35 1 0 0 0 0 81 79 97 1 90 72 76 1 104 41 97 1 59 61 44 1 72 77 73 1 0 0 0 0 101 144 48 1 132 78 68 1
28 68 82 1 56 40 47 1 20 63 75 1 29 42 55 1 18 62 25 1 46 45 72 1 47 63 87 1 33 60 66 1 46 8 0 1 0 0 0 0 9 53 42 1 40 43 5 1 58 58 0 1 39 75 59 1 74 29 62 1 14 79 112 1 35 39 70 1 29 69 27 1 18 85 69 1 35 59 50 1 87 61 52 1 34 81 51 1 0 0 0 0 0 0 0 0 83 84 29 1 24 40 71 1 60 49 92 1 80 122 57 1 58 66 86 1 43 57 22 1 33 75 70 1 75 57 35 1 52 86 92 1 78 92 42 1 83 86 51 1 64 54 71 1 31 86 67 1 0 0 0 0 85 67 96 1 109 85 90 1 68 74 94 1 76 91 54 1 78 100 99 1 41 67 30 1 96 67 86 1 48 76 77 1 67 55 75 1 86 80 48 1 75 76 66 1 71 85 58 1 59 54 73 1 50 70 82 1 79 82 42 1 81 64 36 1 64 87 39 1 131 83 64 1 55 71 37 1 55 66 98 1 86 79 48 1 0 0 0 0 0 0 0 0 52 75 61 1 0 0 0 0 115 79 42 1 90 73 72 1
27 31 41 1 1 61 9 1 28 30 68 1 25 33 30 1 42 63 73 1 46 68 50 1 42 54 77 1 28 60 55 1 19 62 72 1 50 47 25 1 16 53 34 1 42 20 44 1 24 24 44 1 19 51 24 1 42 71 23 1 75 62 64 1 9 49 39 1 0 0 0 0 25 34 66 1 62 41 53 1 0 0 0 0 16 53 70 1 83 98 27 1 57 72 38 1 105 71 84 1 50 89 61 1 104 84 18 1 31 85 63 1 90 74 72 1 83 71 84 1 25 48 58 1 44 59 45 1 0 0 0 0 62 72 16 1 73 88 48 1 43 17 45 1 75 76 47 1 97 66 51 1 0 0 0 0 92 86 95 1 80 83 41 1 14 74 81 1 83 75 79 1 85 110 50 1 85 85 72 1 65 71 87 1 84 53 85 1 57 70 38 1 85 57 80 1 72 56 83 1 99 71 63 1 55 66 72 1 82 105 67 1 109 52 42 1 69 64 41 1 90 81 39 1 85 62 116 1 60 65 34 1 0 0 0 0 121 85 15 1 80 104 45 1 98 74 67 1 94 75 42 1 40 72 58 1 0 0 0 0
30 47 15 1 50 107 58 1 25 61 62 1 49 66 56 1 30 40 88 1 63 57 40 1 34 65 60 1 33 72 45 1 0 0 0 0 31 89 64 1 38 71 0 1 34 37 39 1 51 47 77 1 36 80 49 1 89 77 31 1 39 68 26 1 46 58 27 1 50 47 82 1 41 95 30 1 16 87 81 1 9 54 27 1 34 87 95 1 75 62 62 1 41 85 95 1 63 78 76 1 0 0 0 0 102 75 48 1 85 44 44 1 40 109 76 1 50 77 52 1 43 76 39 1 14 56 78 1 0 0 0 0 22 54 71 1 86 49 50 1 0 0 0 0 85 52 93 1 49 65 32 1 113 70 74 1 92 78 54 1 102 81 74 1 0 0 0 0 76 81 69 1 62 61 56 1 86 64 91 1 53 109 68 1 0 0 0 0 51 70 66 1 86 85 55 1 90 86 50 1 76 72 30 1 89 89 78 1 79 86 45 1 69 84 60 1 97 49 86 1 62 89 81 1 80 87 56 1 46 76 54 1 59 92 72 1 77 112 59 1 71 97 29 1 93 103 53 1 80 76 36 1 57 96 38 1 76 98 33 1
18 76 32 1 29 59 41 1 57 31 44 1 0 0 0 0 0 0 34 1 0 91 46 1 54 70 61 1 19 74 15 1 38 62 31 1 29 65 48 1 47 76 25 1 24 77 35 1 30 66 34 1 29 45 17 1 34 60 67 1 54 84 45 1 0 0 0 0 51 77 61 1 78 43 44 1 38 66 29 1 91 71 31 1 43 72 69 1 68 108 63 1 73 77 87 1 79 55 46 1 77 83 32 1 68 47 82 1 70 73 39 1 46 87 52 1 0 0 0 0 25 96 63 1 0 0 0 0 64 70 14 1 80 80 71 1 46 80 58 1 40 96 32 1 0 0 0 0 85 56 52 1 104 110 62 1 84 117 46 1 0 0 0 0 146 77 75 1 78 89 78 1 69 90 59 1 66 61 75 1 86 83 39 1 71 43 57 1 66 63 74 1 76 64 67 1 96 70 28 1 102 68 59 1 77 87 45 1 72 104 86 1 75 52 50 1 108 94 28 1 96 47 63 1 88 76 58 1 0 0 0 0 0 0 0 0 99 64 61 1 87 64 25 1 66 80 22 1 96 95 44 1 35 57 34 1 42 61 65 1
45 62 65 1 40 54 31 1 42 74 45 1 68 55 10 1 33 50 41 1 0 61 76 1 20 20 64 1 27 61 76 1 51 39 63 1 16 77 44 1 60 57 75 1 18 44 64 1 48 53 36 1 37 30 17 1 0 0 0 0 39 52 49 1 81 45 47 1 49 87 59 1 77 73 35 1 53 72 30 1 23 65 68 1 97 65 95 1 53 101 39 1 24 56 57 1 50 115 67 1 57 54 24 1 61 65 73 1 0 0 0 0 0 0 0 0 0 0 0 0 53 57 56 1 22 53 34 1 64 73 58 1 72 61 78 1 64 82 35 1 83 98 101 1 70 69 28 1 53 92 73 1 104 120 52 1 78 125 38 1 57 98 82 1 37 67 104 1 74 64 40 1 67 75 46 1 86 76 35 1 75 111 76 1 95 77 88 1 99 48 79 1 96 61 74 1 57 92 73 1 67 89 50 1 51 73 68 1 36 73 40 1 68 99 63 1 51 77 88 1 70 92 68 1 78 84 58 1 76 87 49 1 102 82 83 1 58 95 39 1 71 62 60 1 61 70 47 1 18 62 59 1 34 89 50 1 23 49 72 1
33 70 39 1 62 45 61 1 0 80 34 1 35 68 0 1 45 30 74 1 52 28 34 1 16 39 86 1 0 0 0 0 51 92 38 1 30 66 56 1 64 79 26 1 31 93 70 1 25 37 26 1 42 99 39 1 57 60 11 1 16 36 88 1 29 99 34 1 38 78 67 1 53 13 46 1 33 38 34 1 35 52 45 1 67 92 38 1 19 79 64 1 41 64 43 1 40 49 50 1 57 79 36 1 47 63 70 1 49 94 79 1 21 72 48 1 36 69 41 1 63 24 55 1 32 85 76 1 77 50 80 1 77 66 41 1 53 21 61 1 58 70 51 1 50 51 92 1 36 99 71 1 97 113 109 1 124 51 61 1 92 63 43 1 0 0 0 0 70 24 53 1 59 90 100 1 85 77 23 1 76 72 15 1 76 59 43 1 97 59 42 1 88 62 46 1 57 87 79 1 85 47 106 1 68 40 59 1 79 30 31 1 72 57 76 1 64 93 101 1 0 0 0 0 9 64 43 1 58 88 71 1 53 103 38 1 59 48 46 1 29 39 42 1 0 0 0 0 41 73 27 1 12 54 19 1 31 58 15 1
47 50 30 1 41 65 37 1 32 49 51 1 48 52 39 1 73 54 19 1 18 86 63 1 55 67 84 1 56 66 58 1 17 43 39 1 48 31 42 1 0 0 0 0 20 53 44 1 45 60 47 1 48 103 57 1 80 65 75 1 73 52 78 1 45 88 41 1 41 56 43 1 50 41 32 1 27 83 48 1 60 24 88 1 41 30 38 1 36 43 29 1 79 48 36 1 45 56 39 1 46 88 62 1 40 59 44 1 51 56 62 1 70 95 56 1 40 83 71 1 91 70 39 1 56 102 61 1 0 0 0 0 86 46 77 1 77 93 72 1 53 79 50 1 112 91 87 1 0 0 0 0 64 62 55 1 90 77 76 1 91 83 22 1 66 70 15 1 98 98 65 1 94 67 25 1 87 121 29 1 45 86 73 1 96 33 15 1 87 88 36 1 74 71 37 1 76 78 35 1 81 97 1 1 57 105 19 1 71 98 40 1 102 109 60 1 73 92 44 1 30 80 31 1 33 43 39 1 26 64 37 1 43 63 49 1 31 56 42 1 43 20 35 1 0 41 45 1 0 0 0 0 0 0 0 0 19 55 35 1
50 69 9 1 43 48 74 1 37 52 21 1 64 100 44 1 4 56 74 1 42 55 50 1 41 36 76 1 58 77 31 1 21 63 50 1 63 58 59 1 61 51 60 1 32 51 38 1 14 73 72 1 38 46 60 1 74 39 29 1 88 37 12 1 0 0 0 0 74 62 56 1 0 66 70 1 56 92 65 1 63 65 21 1 17 101 59 1 51 35 29 1 41 54 33 1 26 51 41 1 39 42 49 1 57 87 79 1 23 69 66 1 0 0 0 0 71 66 46 1 37 73 61 1 33 82 82 1 37 77 28 1 70 105 66 1 47 88 48 1 44 89 61 1 51 50 54 1 63 53 37 1 46 74 85 1 113 99 110 1 63 102 92 1 56 53 89 1 46 78 105 1 25 59 65 1 61 34 70 1 33 52 47 1 29 92 85 1 0 0 0 0 20 82 27 1 44 67 45 1 87 44 58 1 48 72 26 1 74 78 53 1 40 38 0 1 36 76 45 1 18 48 47 1 48 46 53 1 59 93 33 1 0 79 30 1 0 55 20 1 0 66 8 1 0 41 40 1 28 37 27 1 8 38 35 1 0 32 20 1
53 52 77 1 63 29 58 1 22 96 34 1 33 13 44 1 30 28 41 1 68 47 18 1 20 56 51 1 35 45 5 1 61 68 87 1 43 59 81 1 68 36 71 1 47 74 43 1 44 62 24 1 45 71 31 1 62 94 47 1 43 74 29 1 42 50 39 1 52 59 40 1 69 107 95 1 55 61 46 1 71 39 42 1 26 34 43 1 33 24 20 1 19 55 26 1 48 68 63 1 31 114 73 1 41 60 48 1 24 90 90 1 30 65 89 1 52 27 24 1 53 89 48 1 0 0 0 0 40 53 89 1 53 85 41 1 0 0 0 0 80 83 72 1 33 58 61 1 73 112 61 1 72 53 54 1 68 53 28 1 18 108 57 1 0 96 44 1 32 29 24 1 38 80 45 1 46 70 24 1 0 0 0 0 45 84 40 1 29 66 54 1 0 45 20 1 0 0 0 0 0 0 0 0 0 0 0 0 40 36 53 1 48 65 33 1 26 86 36 1 0 0 0 0 0 0 0 0 19 38 8 1 0 0 0 0 2 59 21 1 0 0 0 0 0 9 48 1 0 62 39 1 3 18 12 1 0 61 55 1
0 0 0 0 39 58 35 1 52 74 24 1 0 0 0 0 0 0 0 0 44 87 18 1 0 0 0 0 59 40 38 1 0 0 0 0 66 73 56 1 29 54 0 1 42 29 13 1 49 88 32 1 77 28 38 1 69 27 38 1 0 0 0 0 37 32 61 1 53 68 57 1 49 71 71 1 0 0 0 0 38 46 48 1 31 41 42 1 34 12 75 1 61 5 0 1 77 58 31 1 55 87 40 1 74 49 55 1 101 56 73 1 60 101 56 1 0 0 0 0 34 24 72 1 78 50 69 1 0 0 0 0 27 59 61 1 58 68 81 1 51 34 47 1 38 45 73 1 63 66 52 1 48 47 27 1 60 98 67 1 44 67 70 1 46 87 54 1 0 0 0 0 49 59 89 1 18 70 18 1 0 44 38 1 0 56 5 1 0 0 0 0 3 33 51 1 0 15 23 1 25 61 42 1 28 91 48 1 0 72 34 1 17 54 55 1 17 38 40 1 0 48 30 1 0 56 40 1 0 20 2 1 0 0 0 0 1 22 61 1 5 51 31 1 22 30 19 1 0 75 21 1 0 36 18 1 35 45 36 1
68 42 73 1 23 58 42 1 49 71 7 1 44 59 48 1 27 45 97 1 45 82 21 1 41 79 52 1 36 33 44 1 89 59 34 1 44 55 57 1 10 93 34 1 14 65 58 1 44 60 46 1 49 78 71 1 32 25 98 1 15 65 56 1 55 29 73 1 28 63 64 1 34 50 27 1 19 49 54 1 45 90 55 1 26 70 37 1 129 46 46 1 15 98 62 1 78 41 63 1 59 88 84 1 56 45 43 1 54 71 50 1 0 0 0 0 53 54 80 1 26 71 63 1 46 77 88 1 51 63 66 1 31 92 26 1 51 64 95 1 47 85 41 1 0 0 0 0 64 78 80 1 46 70 59 1 72 129 78 1 0 0 0 0 40 59 53 1 0 0 0 0 61 49 51 1 24 65 23 1 0 57 19 1 1 92 68 1 9 46 46 1 0 70 24 1 0 30 52 1 5 31 63 1 70 46 43 1 48 48 22 1 0 51 22 1 0 47 29 1 0 18 26 1 0 0 77 1 0 0 0 0 15 49 55 1 0 30 23 1 0 42 21 1 2 43 0 1 0 48 0 1 0 0 0 0 0 23 27 1
46 30 36 1 73 70 43 1 59 22 16 1 0 30 44 1 64 88 43 1 57 47 40 1 15 109 35 1 0 0 0 0 74 56 29 1 28 51 16 1 48 50 61 1 29 93 59 1 0 0 0 0 66 87 55 1 22 84 33 1 42 62 37 1 0 0 0 0 0 87 48 1 0 0 0 0 44 56 20 1 0 82 45 1 66 40 28 1 59 97 42 1 71 52 65 1 35 75 64 1 52 63 42 1 62 56 43 1 20 44 49 1 47 60 48 1 78 99 0 1 58 83 108 1 81 74 43 1 42 39 50 1 60 77 56 1 105 103 51 1 64 59 7 1 73 52 39 1 54 67 53 1 0 0 0 0 49 61 68 1 46 66 65 1 0 49 51 1 0 0 0 0 16 48 33 1 0 40 0 1 0 85 52 1 0 0 0 0 9 37 46 1 0 0 0 0 22 55 10 1 0 64 0 1 0 0 0 0 15 10 35 1 0 44 27 1 0 32 13 1 0 29 39 1 0 0 0 0 8 12 18 1 0 27 19 1 0 50 51 1 0 77 38 1 1 73 48 1 0 57 38 1 0 36 20 1 0 20 41 1
49 42 30 1 43 67 23 1 22 84 58 1 55 17 59 1 0 48 35 1 44 104 71 1 71 35 53 1 36 49 71 1 26 75 60 1 10 76 73 1 4 37 74 1 43 64 59 1 52 75 76 1 9 102 28 1 51 58 38 1 12 66 34 1 58 89 74 1 54 48 84 1 36 66 43 1 46 12 62 1 33 30 47 1 35 43 57 1 33 59 53 1 52 86 48 1 11 39 32 1 25 42 40 1 61 93 17 1 64 46 26 1 71 87 93 1 0 0 0 0 0 0 0 0 50 78 52 1 108 119 44 1 43 49 40 1 44 75 71 1 22 84 36 1 78 84 51 1 0 0 0 0 80 121 106 1 70 104 73 1 29 16 25 1 1 34 4 1 0 40 55 1 18 28 29 1 0 0 0 0 0 34 71 1 13 46 32 1 0 32 67 1 41 58 55 1 0 0 0 0 6 37 71 1 0 0 0 0 0 10 73 1 0 0 0 0 17 67 17 1 0 20 38 1 1 46 63 1 0 71 30 1 0 70 17 1 0 44 55 1 0 0 19 1 0 54 43 1 0 29 46 1 0 20 34 1 0 22 75 1
24 46 34 1 57 92 30 1 46 64 67 1 27 33 45 1 36 57 35 1 22 82 39 1 17 79 68 1 23 45 29 1 64 81 30 1 0 0 0 0 0 0 0 0 31 28 61 1 34 75 33 1 35 72 44 1 67 88 80 1 67 25 85 1 13 50 38 1 31 47 88 1 40 39 62 1 59 36 43 1 0 0 0 0 33 65 83 1 81 78 0 1 0 0 0 0 62 54 18 1 67 98 57 1 58 74 57 1 95 67 28 1 21 88 16 1 62 41 51 1 87 84 56 1 38 83 38 1 58 81 62 1 104 108 73 1 0 0 0 0 67 54 38 1 64 81 51 1 73 55 36 1 95 67 65 1 0 0 0 0 43 32 22 1 18 18 75 1 0 16 71 1 9 45 55 1 42 31 1 1 0 53 51 1 0 13 61 1 0 74 28 1 26 35 19 1 16 21 79 1 0 49 33 1 0 39 26 1 40 65 52 1 0 62 52 1 0 30 63 1 2 44 36 1 58 45 32 1 25 84 34 1 0 0 0 0 0 30 42 1 0 18 35 1 2 44 32 1 10 34 29 1 7 61 37 1 0 16 45 1
39 98 60 1 0 0 0 0 18 64 64 1 3 69 48 1 54 77 21 1 39 92 79 1 24 76 35 1 63 70 55 1 41 23 25 1 31 47 14 1 35 38 68 1 10 104 33 1 52 59 48 1 35 51 47 1 38 101 57 1 21 64 1 1 37 53 73 1 29 72 23 1 28 53 30 1 16 69 37 1 50 83 90 1 12 52 36 1 0 0 0 0 32 60 41 1 25 61 59 1 41 80 67 1 42 48 43 1 64 94 63 1 36 60 95 1 41 39 68 1 90 54 39 1 68 41 44 1 31 88 43 1 72 52 69 1 44 94 53 1 50 39 32 1 56 88 85 1 80 31 80 1 62 63 57 1 53 81 27 1 4 76 8 1 0 0 0 0 0 19 26 1 24 57 39 1 27 43 35 1 0 45 33 1 24 21 43 1 37 44 29 1 37 27 92 1 0 58 19 1 28 42 45 1 59 58 22 1 0 71 47 1 5 81 69 1 2 61 84 1 23 26 43 1 0 36 11 1 32 36 44 1 0 50 49 1 0 24 32 1 36 64 31 1 0 43 62 1 0 38 23 1 7 37 85 1 0 0 0 0
34 79 59 1 33 72 50 1 22 33 45 1 53 70 53 1 0 0 0 0 29 60 23 1 53 59 52 1 76 49 71 1 55 86 41 1 50 56 73 1 40 46 48 1 0 0 0 0 31 64 45 1 30 26 94 1 29 81 71 1 53 46 91 1 37 73 43 1 0 0 0 0 26 73 36 1 27 39 81 1 28 8 84 1 43 45 25 1 68 79 75 1 0 0 0 0 51 41 43 1 58 65 41 1 24 43 72 1 75 90 33 1 26 68 76 1 5 51 76 1 95 77 35 1 68 81 62 1 58 67 60 1 55 37 63 1 81 81 65 1 100 83 55 1 57 78 69 1 69 48 81 1 19 65 47 1 22 64 57 1 12 55 42 1 0 42 21 1 0 54 35 1 5 60 48 1 0 0 0 0 3 67 23 1 0 32 0 1 0 78 42 1 0 36 31 1 0 86 45 1 25 34 43 1 15 6 61 1 0 101 24 1 59 47 30 1 7 67 31 1 8 0 23 1 15 57 54 1 0 60 74 1 7 14 20 1 0 0 51 1 7 30 56 1 0 38 0 1 0 0 0 0 20 80 45 1 0 36 42 1
74 72 39 1 59 76 85 1 46 42 46 1 9 47 63 1 0 0 0 0 17 40 49 1 49 81 76 1 8 74 58 1 29 48 67 1 38 62 42 1 27 76 28 1 51 69 69 1 0 0 0 0 39 37 52 1 47 13 81 1 48 70 61 1 76 94 92 1 12 58 42 1 52 62 69 1 42 50 68 1 18 55 56 1 49 36 50 1 42 63 47 1 33 97 71 1 36 36 54 1 70 10 27 1 70 40 56 1 75 57 40 1 47 49 54 1 82 71 83 1 52 67 45 1 76 97 66 1 106 71 75 1 40 52 25 1 58 68 57 1 76 72 61 1 119 72 64 1 64 49 90 1 16 53 15 1 4 1 41 1 0 0 0 0 0 53 47 1 6 58 39 1 0 54 21 1 0 42 43 1 26 42 29 1 0 0 45 1 1 45 39 1 3 57 26 1 23 48 75 1 0 36 35 1 8 35 30 1 0 28 42 1 5 59 82 1 10 0 60 1 2 9 41 1 0 20 36 1 0 55 24 1 0 15 29 1 8 40 45 1 29 64 33 1 5 60 2 1 0 43 20 1 5 59 49 1 55 24 69 1
37 49 81 1 6 39 35 1 48 46 81 1 40 73 56 1 64 75 77 1 9 65 67 1 15 62 59 1 61 70 22 1 11 84 35 1 21 68 15 1 0 0 0 0 1 47 31 1 17 66 26 1 50 49 63 1 0 0 0 0 26 41 55 1 12 87 51 1 56 43 29 1 42 56 42 1 42 28 43 1 14 73 38 1 44 62 77 1 0 0 0 0 92 42 56 1 59 55 16 1 75 72 97 1 52 38 34 1 45 115 55 1 67 61 56 1 100 73 57 1 79 61 82 1 74 50 47 1 31 19 17 1 57 99 57 1 72 93 33 1 65 80 65 1 73 78 76 1 79 85 61 1 18 51 71 1 0 56 49 1 0 31 3 1 0 30 39 1 19 32 36 1 7 33 47 1 0 47 35 1 0 0 0 0 13 40 29 1 0 12 25 1 34 51 42 1 10 51 43 1 7 9 41 1 19 74 22 1 24 33 24 1 0 25 44 1 0 23 77 1 17 16 54 1 0 21 58 1 0 7 12 1 0 0 0 0 17 32 35 1 0 24 49 1 0 23 46 1 24 78 3 1 15 33 24 1 45 44 39 1
55 97 62 1 33 50 44 1 40 55 37 1 69 95 61 1 0 0 0 0 0 0 0 0 57 114 34 1 65 64 59 1 65 68 66 1 29 64 70 1 34 47 28 1 47 58 49 1 20 43 0 1 7 53 20 1 0 0 0 0 44 18 50 1 25 33 52 1 73 64 34 1 54 82 93 1 61 55 69 1 22 15 72 1 50 57 56 1 47 68 28 1 53 76 44 1 29 79 43 1 90 73 62 1 97 74 61 1 25 87 43 1 81 68 63 1 68 82 57 1 64 79 83 1 27 5 54 1 73 65 44 1 93 55 66 1 55 53 77 1 90 82 42 1 0 0 0 0 56 74 54 1 18 83 37 1 0 36 38 1 40 76 3 1 0 42 53 1 0 58 0 1 15 45 75 1 7 28 39 1 0 73 34 1 0 0 0 0 0 10 33 1 4 22 0 1 29 21 57 1 0 22 26 1 14 34 45 1 9 82 25 1 7 25 57 1 9 20 32 1 43 13 0 1 0 30 56 1 0 18 37 1 0 15 37 1 20 38 24 1 14 46 45 1 28 53 47 1 0 39 13 1 0 39 52 1 0 0 0 0
37 63 65 1 41 80 61 1 6 54 55 1 64 83 48 1 27 57 72 1 46 25 39 1 19 62 77 1 45 55 56 1 69 39 73 1 0 0 0 0 62 70 37 1 62 74 35 1 0 0 0 0 35 75 25 1 38 99 38 1 40 76 49 1 63 67 55 1 40 0 46 1 57 77 40 1 53 57 65 1 26 44 45 1 49 55 83 1 24 48 72 1 62 30 40 1 24 70 30 1 75 65 48 1 83 82 16 1 63 98 23 1 92 42 42 1 72 100 77 1 81 9 93 1 0 0 0 0 81 50 63 1 76 57 71 1 50 77 76 1 99 47 27 1 80 79 82 1 13 39 38 1 18 60 27 1 11 40 0 1 17 15 20 1 0 56 45 1 0 41 63 1 0 0 0 0 1 37 46 1 0 0 10 1 0 23 47 1 0 63 19 1 23 32 35 1 28 94 45 1 0 43 48 1 32 32 45 1 0 0 0 0 7 3 28 1 0 27 33 1 0 44 52 1 11 58 40 1 7 57 40 1 0 54 22 1 0 0 0 0 0 51 63 1 19 36 27 1 9 33 84 1 69 63 50 1 56 70 18 1
12 61 83 1 28 30 22 1 0 0 0 0 103 38 48 1 41 23 8 1 55 27 60 1 29 52 75 1 0 0 0 0 0 64 70 1 46 42 30 1 0 0 0 0 0 0 0 0 38 39 25 1 48 46 64 1 51 33 42 1 28 60 18 1 54 60 38 1 53 60 103 1 47 27 58 1 52 68 60 1 45 58 58 1 86 73 40 1 73 65 35 1 45 75 65 1 66 51 60 1 56 35 90 1 44 58 39 1 64 86 56 1 41 119 52 1 86 88 94 1 70 46 65 1 94 95 79 1 65 80 53 1 61 94 110 1 105 50 43 1 65 86 59 1 59 28 22 1 0 0 0 0 0 65 53 1 0 42 50 1 4 31 17 1 10 10 42 1 9 29 54 1 0 50 0 1 0 49 88 1 0 25 26 1 10 78 46 1 14 46 59 1 6 0 31 1 0 0 43 1 4 64 31 1 10 46 33 1 16 32 65 1 0 48 33 1 0 37 42 1 0 2 42 1 7 35 0 1 0 43 38 1 0 29 34 1 0 98 43 1 0 14 73 1 30 50 21 1 23 11 58 1 0 0 0 0 50 76 68 1
33 86 61 1 76 48 43 1 28 42 51 1 38 42 61 1 0 63 47 1 19 57 73 1 33 94 79 1 0 88 60 1 10 21 73 1 37 58 55 1 0 0 0 0 42 39 47 1 3 57 91 1 23 109 70 1 53 79 0 1 0 0 0 0 59 50 51 1 28 42 82 1 0 0 0 0 75 81 62 1 69 58 45 1 56 67 41 1 26 47 72 1 65 99 96 1 60 59 69 1 68 54 59 1 66 90 44 1 39 80 80 1 93 50 89 1 91 87 72 1 0 0 0 0 69 32 17 1 58 27 89 1 90 54 53 1 0 0 0 0 18 104 57 1 8 86 27 1 9 63 77 1 0 17 34 1 2 30 16 1 39 21 19 1 0 38 41 1 23 49 67 1 0 0 0 0 0 8 35 1 0 0 0 0 0 46 32 1 0 34 30 1 12 81 7 1 0 0 9 1 0 0 0 0 43 25 23 1 1 54 85 1 27 38 2 1 28 19 16 1 15 4 38 1 0 46 40 1 19 78 40 1 0 48 2 1 20 34 22 1 32 37 65 1 28 37 49 1 44 85 62 1 38 68 54 1 0 36 1 1
25 26 15 1 27 55 20 1 49 71 59 1 0 0 0 0 18 56 37 1 25 63 41 1 45 65 37 1 41 58 44 1 35 34 64 1 56 67 0 1 0 0 0 0 33 68 56 1 53 60 59 1 60 43 35 1 0 0 0 0 40 67 17 1 73 50 52 1 35 88 72 1 65 52 60 1 45 43 68 1 60 56 46 1 73 78 56 1 76 120 63 1 53 43 87 1 36 84 15 1 72 79 41 1 0 0 0 0 0 0 0 0 88 76 51 1 95 86 69 1 82 71 30 1 38 70 64 1 54 52 48 1 45 49 64 1 100 58 36 1 68 91 83 1 0 47 26 1 0 37 38 1 0 64 30 1 15 28 20 1 0 43 54 1 0 0 0 0 0 52 21 1 0 17 65 1 0 61 64 1 0 26 19 1 0 58 17 1 0 0 0 0 8 50 11 1 0 47 79 1 0 0 0 0 16 34 5 1 2 21 65 1 0 0 0 0 0 17 52 1 8 51 74 1 0 62 38 1 0 44 11 1 28 45 51 1 37 5 51 1 13 19 33 1 54 57 15 1 36 52 25 1 88 35 64 1 61 80 38 1
44 74 47 1 9 38 47 1 0 0 0 0 38 54 34 1 17 96 19 1 31 60 25 1 0 0 0 0 30 77 56 1 0 0 0 0 47 16 78 1 0 0 0 0 57 95 45 1 62 43 50 1 17 58 33 1 59 8 36 1 65 63 29 1 56 45 56 1 68 58 8 1 42 82 48 1 9 74 77 1 89 73 59 1 0 0 0 0 42 62 88 1 60 77 35 1 19 98 80 1 62 64 59 1 105 115 85 1 56 87 83 1 23 49 63 1 53 121 47 1 84 75 59 1 76 98 49 1 92 82 47 1 89 99 57 1 35 50 94 1 24 100 39 1 56 55 3 1 0 0 0 0 0 71 46 1 0 81 28 1 0 64 32 1 4 28 33 1 0 45 59 1 0 36 46 1 0 34 0 1 0 0 0 0 7 83 58 1 30 56 24 1 30 48 55 1 20 68 36 1 25 33 43 1 4 36 71 1 6 51 17 1 22 49 15 1 0 77 43 1 16 38 43 1 0 31 20 1 20 62 18 1 0 34 19 1 0 55 28 1 35 51 38 1 43 49 55 1 13 57 45 1 45 56 4 1 11 64 77 1
31 76 59 1 53 35 58 1 31 79 22 1 0 0 0 0 55 58 62 1 0 113 56 1 62 87 71 1 36 82 45 1 21 66 77 1 64 37 69 1 31 55 10 1 63 86 65 1 32 68 66 1 1 16 55 1 42 80 30 1 0 13 69 1 39 55 48 1 58 77 31 1 34 51 36 1 57 75 38 1 75 66 44 1 43 46 79 1 72 50 38 1 67 45 51 1 47 88 67 1 0 0 0 0 95 66 47 1 57 90 44 1 33 80 9 1 85 29 91 1 73 79 55 1 78 70 62 1 77 71 13 1 65 67 63 1 73 92 106 1 47 39 63 1 0 0 0 0 0 20 48 1 0 2 44 1 0 64 57 1 23 30 51 1 7 20 52 1 0 26 60 1 38 41 35 1 0 0 0 0 0 41 60 1 0 43 40 1 10 49 51 1 16 39 61 1 4 34 19 1 0 0 0 0 14 32 31 1 0 50 60 1 9 51 0 1 16 69 34 1 10 40 4 1 13 72 51 1 0 76 73 1 9 25 41 1 25 62 15 1 39 55 71 1 0 0 0 0 46 54 52 1 5 84 44 1 19 44 60 1
24 46 27 1 26 59 88 1 62 35 75 1 45 71 67 1 54 67 28 1 64 51 43 1 30 89 15 1 13 89 84 1 23 65 49 1 54 77 14 1 43 50 43 1 40 51 47 1 0 0 0 0 51 82 47 1 39 58 52 1 0 0 0 0 49 50 74 1 49 44 41 1 0 0 0 0 17 81 67 1 48 37 67 1 90 60 61 1 38 57 63 1 35 41 43 1 59 75 57 1 71 102 66 1 60 72 64 1 0 0 0 0 0 0 0 0 68 76 64 1 57 81 50 1 34 57 70 1 69 84 81 1 123 64 102 1 0 0 0 0 30 52 17 1 0 0 0 0 0 0 0 0 26 63 24 1 0 34 20 1 16 58 67 1 0 64 55 1 15 29 36 1 10 74 45 1 0 40 35 1 0 6 58 1 0 29 60 1 0 41 38 1 35 59 32 1 0 26 33 1 1 16 34 1 0 34 29 1 0 13 33 1 0 40 33 1 0 30 18 1 0 20 36 1 0 29 7 1 0 0 0 0 0 45 51 1 27 60 14 1 41 66 23 1 0 0 0 0 77 36 88 1 51 61 50 1 57 73 63 1
48 51 43 1 0 0 0 0 0 0 0 0 65 38 55 1 45 68 62 1 68 63 29 1 56 73 75 1 0 0 0 0 46 80 41 1 0 0 0 0 17 36 0 1 32 39 15 1 0 0 0 0 53 100 31 1 44 49 49 1 27 64 52 1 0 0 0 0 91 48 43 1 43 45 79 1 39 62 33 1 55 64 72 1 0 0 0 0 91 46 37 1 50 79 40 1 46 39 33 1 32 62 41 1 80 98 51 1 59 48 29 1 73 63 80 1 72 66 55 1 76 65 63 1 126 73 50 1 93 74 56 1 127 108 90 1 91 118 73 1 46 58 63 1 0 66 23 1 0 0 0 0 0 0 0 0 1 10 23 1 6 71 49 1 0 64 12 1 40 45 49 1 0 48 3 1 0 46 69 1 0 45 20 1 0 62 23 1 0 19 26 1 0 38 0 1 0 30 55 1 0 18 54 1 15 51 58 1 0 38 42 1 14 75 0 1 0 68 20 1 4 57 37 1 0 25 8 1 0 35 57 1 34 60 73 1 38 78 45 1 49 61 26 1 28 40 8 1 56 35 28 1 59 30 72 1 45 36 52 1
57 33 33 1 74 64 51 1 18 32 57 1 0 0 0 0 53 26 70 1 55 35 47 1 0 0 0 0 43 37 34 1 0 0 0 0 29 55 30 1 0 0 0 0 42 58 20 1 67 73 88 1 0 0 0 0 52 52 60 1 29 78 58 1 42 63 67 1 71 21 35 1 29 96 13 1 0 0 0 0 44 43 20 1 28 51 43 1 66 52 42 1 75 70 65 1 63 73 24 1 27 68 63 1 43 92 78 1 30 69 48 1 53 51 38 1 87 88 44 1 77 45 93 1 44 82 38 1 0 0 0 0 87 70 45 1 0 0 0 0 74 76 48 1 45 55 7 1 23 0 90 1 34 26 48 1 4 51 24 1 1 93 32 1 14 59 29 1 0 59 58 1 14 24 60 1 0 60 44 1 1 51 12 1 0 23 53 1 0 5 19 1 0 26 0 1 0 57 18 1 0 46 42 1 0 0 0 0 0 73 26 1 0 38 54 1 0 51 23 1 24 60 7 1 8 8 75 1 1 0 43 1 0 20 51 1 24 41 49 1 52 66 26 1 59 70 22 1 64 40 45 1 6 82 56 1 51 59 52 1
67 25 63 1 39 76 53 1 71 83 60 1 34 23 4 1 39 61 9 1 58 54 85 1 30 77 31 1 20 67 42 1 54 67 86 1 27 29 59 1 56 99 57 1 0 0 0 0 0 0 0 0 0 67 76 1 43 48 78 1 43 74 77 1 50 94 61 1 60 62 43 1 43 94 52 1 38 44 28 1 0 0 0 0 60 62 54 1 23 65 53 1 66 82 46 1 61 75 82 1 41 54 30 1 94 68 60 1 59 79 62 1 101 39 12 1 0 0 0 0 99 90 49 1 40 28 49 1 81 98 77 1 54 110 81 1 0 0 0 0 61 62 74 1 93 74 42 1 62 75 14 1 55 57 52 1 42 54 57 1 56 48 0 1 57 29 1 1 22 57 32 1 0 69 30 1 10 17 29 1 0 25 47 1 54 55 12 1 29 29 17 1 16 43 26 1 27 41 38 1 0 20 48 1 12 35 0 1 6 24 45 1 20 29 17 1 0 34 65 1 0 51 38 1 0 37 51 1 0 68 9 1 24 77 89 1 55 36 56 1 87 84 67 1 68 73 14 1 40 79 31 1 0 0 0 0 28 68 48 1
87 89 56 1 33 36 38 1 30 25 68 1 34 105 20 1 48 79 64 1 57 55 4 1 34 46 48 1 6 72 16 1 52 54 58 1 34 50 71 1 36 17 83 1 16 28 46 1 0 0 0 0 38 83 50 1 33 79 89 1 18 46 81 1 52 69 34 1 53 117 76 1 36 39 59 1 27 46 65 1 0 0 0 0 0 0 0 0 73 70 43 1 128 44 51 1 62 73 81 1 76 87 37 1 81 86 31 1 0 0 0 0 87 68 59 1 45 86 37 1 62 93 61 1 74 49 65 1 78 60 103 1 99 83 94 1 84 65 67 1 75 104 50 1 53 88 47 1 0 0 0 0 0 0 0 0 23 80 41 1 57 46 28 1 57 95 49 1 29 49 67 1 10 75 41 1 9 27 30 1 28 8 0 1 19 22 66 1 0 68 25 1 1 12 45 1 0 37 109 1 6 11 26 1 0 72 21 1 0 38 57 1 11 1 24 1 0 65 38 1 0 74 63 1 0 43 59 1 5 43 56 1 29 60 42 1 39 30 52 1 47 8 9 1 0 118 92 1 21 23 39 1 26 47 1 1 0 77 32 1
59 26 65 1 69 25 49 1 0 0 0 0 9 52 64 1 19 54 45 1 74 74 20 1 22 43 60 1 72 42 58 1 17 88 53 1 76 51 58 1 54 60 54 1 40 23 48 1 0 0 0 0 26 77 83 1 11 48 65 1 55 39 44 1 33 61 28 1 65 44 62 1 88 83 57 1 37 66 73 1 31 110 56 1 51 76 58 1 96 72 23 1 70 50 83 1 52 79 71 1 68 76 40 1 72 48 78 1 47 58 87 1 47 61 56 1 76 104 105 1 63 55 58 1 34 51 53 1 51 93 78 1 47 69 68 1 88 78 62 1 63 76 90 1 76 36 67 1 95 73 46 1 46 51 76 1 0 0 0 0 29 40 79 1 47 89 30 1 17 79 33 1 57 22 70 1 26 32 0 1 0 0 0 0 22 46 31 1 0 79 46 1 5 41 44 1 11 44 35 1 32 0 56 1 7 102 34 1 3 39 43 1 4 30 23 1 17 75 29 1 0 55 85 1 0 61 35 1 0 51 17 1 37 42 60 1 37 50 64 1 38 33 33 1 16 77 20 1 0 45 59 1 15 32 82 1 25 54 47 1
57 30 68 1 24 48 30 1 27 44 62 1 52 60 30 1 71 52 33 1 38 46 83 1 0 0 0 0 0 0 0 0 0 0 0 0 35 36 51 1 58 58 37 1 63 77 44 1 70 31 70 1 9 74 80 1 30 43 16 1 43 55 64 1 33 46 80 1 61 42 34 1 53 56 51 1 18 22 100 1 71 61 64 1 47 67 62 1 93 60 59 1 7 58 23 1 52 37 59 1 65 74 48 1 48 71 88 1 54 74 15 1 52 79 70 1 72 69 47 1 55 95 47 1 87 86 85 1 64 123 65 1 77 82 47 1 66 70 49 1 39 43 75 1 45 92 46 1 45 68 61 1 41 33 14 1 55 57 47 1 68 43 38 1 84 78 50 1 42 79 67 1 41 43 46 1 0 37 42 1 0 47 66 1 0 39 24 1 0 93 44 1 33 30 46 1 12 29 57 1 29 8 53 1 0 43 66 1 0 13 43 1 0 0 0 0 34 13 22 1 0 0 0 0 0 92 32 1 23 53 41 1 39 26 53 1 48 99 63 1 46 74 65 1 13 27 70 1 29 59 45 1 0 0 0 0 0 79 44 1
32 86 30 1 0 0 0 0 31 52 52 1 35 24 37 1 41 27 51 1 27 65 48 1 32 60 60 1 59 57 65 1 24 75 75 1 37 46 65 1 37 66 40 1 44 64 44 1 0 0 0 0 36 50 51 1 40 64 56 1 0 0 0 0 38 74 65 1 13 79 83 1 51 79 72 1 48 77 44 1 54 54 59 1 58 58 68 1 52 55 85 1 0 0 0 0 83 64 68 1 50 64 47 1 27 76 66 1 41 49 50 1 79 74 41 1 59 101 14 1 65 92 56 1 104 86 38 1 68 94 41 1 100 78 75 1 79 65 16 1 105 101 66 1 54 52 60 1 40 60 63 1 101 75 69 1 49 69 72 1 50 75 53 1 63 43 59 1 21 72 77 1 85 66 23 1 40 60 64 1 0 55 35 1 0 47 30 1 10 52 48 1 24 58 44 1 0 57 86 1 51 40 36 1 12 36 18 1 0 37 51 1 0 0 0 0 3 60 38 1 21 28 37 1 0 35 42 1 16 54 16 1 77 43 64 1 55 72 66 1 25 86 31 1 16 68 67 1 4 43 83 1 0 0 0 0 28 59 72 1
17 34 64 1 42 55 74 1 30 58 47 1 0 0 0 0 25 65 73 1 68 65 29 1 35 67 29 1 22 63 76 1 54 44 47 1 58 46 63 1 22 59 20 1 80 60 48 1 76 38 54 1 59 88 68 1 54 73 40 1 10 90 29 1 0 0 0 0 76 56 35 1 35 21 40 1 70 54 51 1 66 72 8 1 48 61 70 1 55 69 79 1 84 66 43 1 54 66 87 1 0 0 0 0 61 69 31 1 76 80 63 1 0 0 0 0 103 89 69 1 69 85 47 1 59 91 55 1 82 76 47 1 71 57 63 1 58 43 91 1 58 52 57 1 59 93 24 1 41 42 61 1 55 100 68 1 63 80 71 1 56 54 70 1 55 101 58 1 47 73 62 1 51 81 47 1 59 28 49 1 12 35 46 1 10 50 34 1 0 70 26 1 0 73 48 1 0 45 72 1 0 0 0 0 0 31 40 1 0 42 23 1 0 32 0 1 0 50 64 1 15 29 17 1 14 59 57 1 0 0 0 0 31 43 86 1 47 79 26 1 63 66 59 1 13 24 31 1 49 44 59 1 33 59 8 1 35 30 33 1
8 64 36 1 0 0 0 0 61 103 28 1 17 73 51 1 37 25 52 1 91 32 26 1 0 0 0 0 0 0 0 0 26 22 40 1 0 68 49 1 26 58 57 1 32 60 61 1 49 60 42 1 37 64 66 1 0 0 0 0 46 69 51 1 13 46 20 1 13 72 86 1 32 50 25 1 0 0 0 0 83 44 50 1 60 61 56 1 0 0 0 0 77 70 48 1 47 46 93 1 0 0 0 0 70 47 61 1 48 80 62 1 33 57 53 1 86 46 68 1 63 55 79 1 113 62 77 1 53 56 62 1 59 72 52 1 0 0 0 0 74 58 39 1 0 0 0 0 51 65 49 1 0 0 0 0 45 76 63 1 74 78 46 1 66 47 33 1 33 75 51 1 55 70 68 1 42 70 22 1 19 9 8 1 0 40 37 1 0 42 26 1 0 58 37 1 0 0 0 0 0 96 47 1 0 0 0 0 0 0 0 0 22 39 18 1 0 63 48 1 0 60 54 1 40 46 41 1 47 49 42 1 24 48 17 1 59 22 27 1 55 52 55 1 20 38 57 1 27 35 23 1 21 47 45 1 9 21 64 1
27 60 68 1 14 50 71 1 0 0 0 0 59 45 45 1 68 45 37 1 49 56 39 1 50 46 37 1 52 73 50 1 30 17 71 1 0 0 0 0 30 42 18 1 50 60 67 1 39 63 39 1 28 56 58 1 35 87 13 1 55 65 24 1 30 71 71 1 27 66 58 1 34 65 34 1 48 101 35 1 24 89 66 1 60 46 40 1 31 95 53 1 31 78 86 1 53 78 53 1 56 84 41 1 69 74 40 1 46 53 72 1 84 97 36 1 32 79 25 1 112 116 64 1 70 63 42 1 83 65 53 1 47 67 52 1 28 57 76 1 81 80 67 1 64 68 17 1 22 69 54 1 37 42 49 1 79 86 75 1 22 56 49 1 0 0 0 0 95 70 36 1 32 69 53 1 37 1 16 1 26 66 60 1 0 103 37 1 0 38 43 1 32 34 0 1 0 44 24 1 21 56 35 1 44 67 54 1 26 20 48 1 0 0 0 0 0 34 54 1 0 69 31 1 60 24 46 1 32 40 65 1 32 51 44 1 37 41 47 1 10 32 76 1 18 52 50 1 59 45 69 1 26 48 73 1 3 57 71 1
47 45 43 1 30 57 27 1 35 59 22 1 38 28 32 1 14 62 33 1 50 50 97 1 23 22 74 1 84 48 57 1 8 56 57 1 32 48 44 1 53 25 93 1 24 50 63 1 21 62 54 1 0 0 0 0 65 63 78 1 10 90 86 1 56 57 71 1 51 69 57 1 49 50 71 1 24 45 72 1 52 46 31 1 40 76 73 1 30 57 43 1 0 0 0 0 0 0 0 0 58 73 53 1 39 81 53 1 61 90 95 1 95 37 24 1 64 119 43 1 0 0 0 0 69 98 47 1 0 0 0 0 85 81 79 1 0 88 58 1 90 70 44 1 59 82 69 1 2 70 88 1 0 0 0 0 55 80 55 1 46 64 42 1 43 82 80 1 84 95 50 1 0 0 0 0 0 42 33 1 14 34 55 1 5 73 29 1 0 79 25 1 0 32 77 1 16 70 28 1 28 67 3 1 40 53 11 1 3 57 36 1 32 54 29 1 14 22 48 1 0 30 82 1 8 66 59 1 24 49 36 1 67 63 50 1 44 64 39 1 59 49 54 1 86 76 16 1 60 92 39 1 0 68 27 1 0 36 28 1
13 56 21 1 47 59 52 1 22 46 67 1 30 31 5 1 31 41 34 1 0 55 40 1 54 57 56 1 0 0 0 0 32 59 39 1 64 43 41 1 32 46 45 1 56 54 45 1 21 75 46 1 35 30 45 1 30 39 62 1 13 35 43 1 53 74 61 1 0 0 0 0 56 60 39 1 26 42 58 1 60 23 70 1 9 59 20 1 0 0 0 0 40 58 56 1 65 84 47 1 53 72 85 1 51 66 59 1 48 74 66 1 71 48 63 1 67 40 61 1 81 69 85 1 59 100 69 1 85 71 50 1 51 90 27 1 52 52 48 1 83 24 78 1 50 73 30 1 0 0 0 0 33 50 62 1 76 71 43 1 0 0 0 0 0 0 0 0 35 53 29 1 24 32 49 1 0 55 12 1 30 55 21 1 0 35 47 1 0 0 0 0 5 49 25 1 0 46 35 1 0 25 54 1 16 75 49 1 3 64 44 1 10 68 48 1 0 0 0 0 63 86 77 1 64 59 29 1 90 95 86 1 97 76 49 1 106 65 52 1 125 113 62 1 100 101 69 1 94 51 79 1 24 68 94 1 26 66 14 1
59 53 71 1 38 42 46 1 30 43 62 1 12 45 22 1 49 67 75 1 63 82 57 1 32 63 42 1 51 49 59 1 62 82 64 1 9 36 55 1 37 27 15 1 58 53 57 1 81 56 67 1 0 75 103 1 45 118 37 1 82 52 72 1 49 90 49 1 47 49 29 1 0 0 0 0 36 54 41 1 60 80 60 1 58 66 50 1 83 56 57 1 64 91 82 1 33 65 78 1 29 62 57 1 59 46 35 1 0 0 0 0 43 89 50 1 0 0 0 0 74 65 38 1 59 29 70 1 64 33 36 1 53 84 62 1 50 94 53 1 68 38 37 1 32 70 94 1 65 56 37 1 66 30 70 1 34 111 70 1 0 0 0 0 38 104 41 1 31 56 37 1 0 76 12 1 2 49 27 1 0 30 31 1 0 20 11 1 0 48 49 1 0 0 0 0 13 47 36 1 0 29 11 1 37 57 1 1 32 42 43 1 10 17 0 1 0 48 55 1 41 51 13 1 96 36 54 1 115 79 49 1 84 114 67 1 170 124 78 1 128 115 65 1 155 96 85 1 121 96 47 1 91 61 52 1 34 72 61 1
49 56 46 1 0 0 0 0 0 0 0 0 63 22 40 1 53 30 43 1 43 61 84 1 20 76 43 1 40 36 78 1 33 40 38 1 0 66 27 1 37 70 18 1 43 49 50 1 43 30 65 1 53 43 26 1 9 65 44 1 36 77 91 1 57 33 58 1 31 59 31 1 45 87 32 1 60 83 78 1 28 49 30 1 38 60 35 1 31 59 42 1 42 64 41 1 26 114 56 1 51 96 37 1 0 0 0 0 61 37 57 1 86 65 71 1 69 91 65 1 80 82 84 1 20 34 72 1 0 0 0 0 42 78 64 1 71 116 39 1 39 66 28 1 0 0 0 0 55 65 71 1 54 68 65 1 45 85 75 1 96 105 73 1 61 53 93 1 17 55 51 1 0 53 51 1 0 27 31 1 16 41 59 1 8 45 40 1 0 57 19 1 10 42 56 1 0 33 59 1 0 56 52 1 10 28 48 1 0 0 0 0 34 37 0 1 0 0 0 0 29 84 48 1 0 0 0 0 78 44 39 1 165 102 91 1 163 128 58 1 0 0 0 0 217 113 83 1 141 97 74 1 160 86 68 1 118 98 68 1
43 63 35 1 0 0 0 0 55 13 22 1 0 48 30 1 41 56 32 1 56 17 39 1 69 69 12 1 43 57 35 1 70 47 73 1 21 7 34 1 67 19 67 1 21 56 45 1 11 44 80 1 30 64 34 1 76 88 53 1 33 87 56 1 31 61 57 1 83 51 45 1 50 60 47 1 44 69 50 1 0 0 0 0 50 92 49 1 45 54 59 1 69 44 41 1 42 68 56 1 37 66 51 1 0 0 0 0 75 81 55 1 71 77 63 1 84 39 58 1 71 43 75 1 44 73 29 1 0 0 0 0 55 86 42 1 57 66 50 1 46 43 82 1 87 53 56 1 86 62 57 1 0 0 0 0 68 51 60 1 43 81 67 1 60 64 51 1 23 30 2 1 11 81 52 1 6 31 45 1 0 36 19 1 8 23 13 1 0 71 18 1 16 24 43 1 0 102 35 1 0 0 0 0 0 74 58 1 31 0 60 1 5 24 41 1 43 41 7 1 46 35 54 1 64 103 35 1 59 71 84 1 83 69 48 1 107 95 82 1 185 51 52 1 139 102 31 1 142 91 52 1 109 93 81 1 120 92 60 1
28 58 23 1 41 50 48 1 33 32 81 1 7 74 60 1 44 40 49 1 13 68 35 1 28 98 21 1 44 58 57 1 23 52 76 1 46 77 27 1 51 51 25 1 17 29 30 1 0 100 51 1 49 77 29 1 47 70 69 1 24 75 43 1 52 54 59 1 47 49 39 1 0 0 0 0 58 57 65 1 68 120 54 1 0 0 0 0 62 89 85 1 77 63 54 1 89 67 71 1 32 35 47 1 43 56 54 1 0 0 0 0 87 65 61 1 45 75 65 1 84 42 53 1 54 64 60 1 37 76 47 1 62 31 44 1 53 24 23 1 0 0 0 0 32 67 51 1 59 80 43 1 59 51 52 1 112 115 95 1 66 95 48 1 51 58 58 1 28 27 65 1 13 48 13 1 17 33 45 1 0 55 18 1 1 31 14 1 0 36 50 1 0 110 47 1 0 53 36 1 0 74 52 1 11 49 43 1 23 28 58 1 0 62 18 1 0 73 22 1 41 57 30 1 64 89 64 1 74 106 87 1 41 54 70 1 72 69 63 1 118 60 59 1 72 35 18 1 68 58 59 1 48 78 64 1 64 63 56 1
0 0 0 0 9 80 40 1 49 53 46 1 12 83 63 1 79 20 29 1 0 0 0 0 30 84 39 1 0 71 39 1 77 52 14 1 47 72 65 1 36 67 69 1 0 0 0 0 0 64 20 1 69 54 49 1 59 26 31 1 39 66 0 1 0 0 0 0 73 49 51 1 42 31 38 1 39 57 11 1 25 41 49 1 63 33 49 1 29 53 59 1 80 51 60 1 62 91 52 1 103 82 74 1 32 44 57 1 66 72 74 1 56 104 66 1 69 78 74 1 60 86 87 1 0 0 0 0 57 73 85 1 0 0 0 0 89 130 48 1 66 52 62 1 36 80 81 1 60 68 45 1 41 76 31 1 102 104 34 1 87 46 83 1 84 61 40 1 21 47 50 1 0 18 30 1 8 47 35 1 6 38 32 1 7 43 46 1 0 28 48 1 0 62 39 1 0 0 53 1 20 46 32 1 37 21 6 1 16 59 34 1 34 67 74 1 51 55 67 1 29 58 73 1 96 39 32 1 99 53 92 1 92 92 46 1 26 55 83 1 38 32 71 1 14 96 26 1 42 38 36 1 61 73 63 1 65 73 68 1