1
895 1854 71 60
0 46 87 1 13 43 91 1 21 42 58 1 17 40 97 1 80 69 100 1 39 52 73 1 47 55 99 1 0 0 0 0 41 28 107 1 29 57 114 1 6 47 58 1 0 0 0 0 12 62 105 1 0 56 106 1 2 23 72 1 28 73 97 1 14 57 114 1 90 53 112 1 26 51 89 1 3 87 96 1 24 21 68 1 0 0 0 0 0 29 61 1 0 25 63 1 0 0 0 0 59 35 47 1 0 22 91 1 20 29 59 1 0 47 51 1 28 0 61 1 0 29 53 1 0 43 78 1 21 54 83 1 13 0 132 1 0 18 63 1 0 71 36 1 0 0 0 0 23 40 65 1 29 59 54 1 12 86 70 1 20 78 107 1 12 79 95 1 0 55 86 1 12 22 47 1 34 16 57 1 24 26 60 1 19 24 76 1 6 97 64 1 14 55 74 1 21 54 76 1 11 5 46 1 0 0 0 0 19 21 58 1 0 6 38 1 0 0 0 0 30 29 75 1 1 35 61 1 20 10 132 1 0 55 66 1 51 45 76 1
65 14 119 1 12 62 92 1 34 112 140 1 0 0 0 0 61 58 89 1 70 104 90 1 49 99 114 1 2 124 177 1 66 67 111 1 21 81 113 1 55 68 108 1 6 78 68 1 12 44 72 1 10 54 100 1 32 43 76 1 48 20 38 1 0 77 83 1 28 71 77 1 0 30 54 1 35 50 79 1 19 46 55 1 32 11 29 1 0 0 0 0 26 63 92 1 0 0 0 0 0 0 0 0 17 51 53 1 0 39 82 1 29 75 76 1 0 0 0 0 0 6 104 1 0 34 80 1 13 33 66 1 6 25 70 1 0 0 0 0 0 52 50 1 0 0 0 0 0 0 0 0 0 24 53 1 0 0 0 0 15 38 114 1 0 0 0 0 23 39 64 1 0 56 66 1 37 71 49 1 5 83 94 1 16 58 92 1 19 55 78 1 3 66 71 1 42 76 110 1 43 57 88 1 74 56 69 1 41 53 89 1 64 57 83 1 0 0 0 0 39 94 115 1 0 85 55 1 56 75 78 1 37 50 101 1 56 53 118 1
0 0 0 0 36 73 127 1 68 67 96 1 44 112 152 1 56 77 122 1 46 91 111 1 49 142 165 1 44 125 123 1 66 104 168 1 0 0 0 0 51 107 78 1 29 80 122 1 0 0 0 0 12 137 107 1 0 59 105 1 11 62 97 1 8 84 106 1 0 51 85 1 0 65 92 1 0 0 0 0 21 18 95 1 30 76 49 1 22 72 70 1 1 55 67 1 0 73 68 1 0 61 85 1 39 63 92 1 0 31 35 1 0 0 0 0 13 47 121 1 6 32 114 1 0 105 38 1 0 22 64 1 0 0 71 1 2 12 41 1 11 21 90 1 25 44 63 1 12 48 96 1 0 29 114 1 10 30 106 1 0 34 28 1 0 0 0 0 16 0 59 1 13 35 66 1 2 24 78 1 33 34 70 1 3 50 80 1 27 40 70 1 4 48 68 1 16 50 88 1 8 38 102 1 40 45 82 1 10 65 107 1 44 75 144 1 50 60 119 1 17 56 88 1 43 84 61 1 0 27 99 1 35 69 71 1 42 70 60 1
50 130 127 1 42 137 95 1 0 0 0 0 46 91 94 1 0 0 0 0 75 103 144 1 32 113 148 1 98 145 141 1 74 109 147 1 39 96 94 1 66 98 129 1 59 61 99 1 51 76 106 1 59 110 93 1 0 0 0 0 29 95 99 1 31 80 139 1 53 117 112 1 35 34 102 1 47 91 73 1 37 104 80 1 28 99 112 1 0 59 81 1 48 59 53 1 32 70 61 1 0 0 0 0 0 28 108 1 0 0 0 0 35 83 133 1 50 51 97 1 17 69 142 1 0 34 111 1 2 76 93 1 24 84 77 1 48 48 113 1 18 17 57 1 0 49 86 1 0 43 80 1 0 77 99 1 41 17 85 1 39 62 60 1 49 43 86 1 23 51 65 1 27 71 63 1 6 18 67 1 13 23 58 1 0 62 46 1 0 90 86 1 23 43 87 1 34 77 104 1 20 85 89 1 63 66 98 1 0 0 0 0 19 54 97 1 50 84 116 1 0 0 0 0 16 73 72 1 23 98 96 1 18 50 97 1 38 69 87 1
68 148 126 1 48 93 109 1 52 75 107 1 60 87 132 1 0 0 0 0 47 113 139 1 66 62 122 1 60 140 132 1 86 95 115 1 68 143 107 1 39 107 86 1 65 127 148 1 78 73 141 1 38 87 127 1 89 135 128 1 62 84 143 1 34 95 119 1 73 110 122 1 0 0 0 0 37 109 135 1 12 104 92 1 55 63 137 1 1 62 102 1 0 0 0 0 38 51 119 1 0 16 82 1 37 84 86 1 0 48 81 1 0 0 0 0 50 101 118 1 56 35 84 1 27 55 100 1 3 82 92 1 7 112 87 1 9 61 86 1 16 50 99 1 51 62 70 1 13 101 106 1 44 100 110 1 20 65 109 1 43 87 63 1 5 42 85 1 0 0 0 0 25 49 81 1 12 27 47 1 0 12 67 1 12 45 71 1 0 30 52 1 27 42 70 1 3 53 114 1 35 92 79 1 15 52 94 1 18 52 72 1 0 0 0 0 38 86 146 1 39 52 79 1 45 73 89 1 45 79 90 1 33 70 117 1 36 74 115 1
27 106 133 1 54 119 121 1 80 73 130 1 63 138 99 1 86 81 141 1 28 107 140 1 80 83 126 1 63 122 109 1 64 91 75 1 79 95 166 1 30 109 121 1 65 111 146 1 40 96 101 1 60 122 175 1 82 106 148 1 65 113 170 1 95 76 143 1 74 95 160 1 77 133 116 1 0 0 0 0 40 108 179 1 40 116 91 1 40 98 129 1 53 72 120 1 21 50 157 1 0 75 91 1 35 72 111 1 24 102 96 1 60 65 125 1 52 67 101 1 0 0 0 0 37 20 109 1 32 31 121 1 47 26 87 1 29 36 102 1 0 38 72 1 0 68 90 1 0 98 76 1 72 48 77 1 58 87 130 1 0 0 0 0 0 102 148 1 19 111 136 1 0 65 139 1 55 62 52 1 42 45 88 1 61 42 81 1 17 62 87 1 39 29 88 1 39 118 89 1 24 83 81 1 38 50 54 1 12 74 69 1 0 0 0 0 17 84 111 1 61 65 89 1 0 0 0 0 51 75 122 1 20 53 111 1 13 73 124 1
59 112 84 1 64 97 128 1 31 128 95 1 35 106 177 1 0 85 131 1 17 45 125 1 41 85 82 1 63 57 113 1 12 73 131 1 33 92 150 1 56 125 126 1 0 0 0 0 42 93 128 1 62 55 136 1 78 95 149 1 63 122 139 1 94 108 113 1 24 103 143 1 45 78 121 1 42 114 153 1 38 95 151 1 31 54 113 1 12 113 110 1 22 55 118 1 40 91 117 1 30 93 123 1 54 131 86 1 65 100 100 1 13 41 131 1 2 113 92 1 46 61 102 1 40 98 89 1 26 70 90 1 0 35 98 1 40 11 78 1 0 0 0 0 0 60 96 1 13 81 111 1 40 68 116 1 52 68 121 1 69 107 106 1 55 58 102 1 46 85 101 1 29 58 132 1 40 43 109 1 17 75 112 1 51 95 104 1 0 50 118 1 0 92 90 1 0 0 0 0 0 45 87 1 56 18 115 1 0 0 0 0 0 40 81 1 11 51 90 1 35 46 86 1 43 63 111 1 0 0 0 0 32 28 106 1 69 55 96 1
40 89 109 1 36 79 82 1 0 0 0 0 26 74 69 1 34 63 102 1 23 45 163 1 37 65 87 1 60 75 102 1 60 99 122 1 26 84 136 1 32 67 115 1 21 119 108 1 0 0 0 0 75 97 101 1 44 81 105 1 77 81 119 1 0 0 0 0 45 106 124 1 36 36 121 1 41 65 112 1 33 49 153 1 7 111 71 1 0 81 117 1 41 70 132 1 83 104 145 1 15 86 128 1 74 98 118 1 44 89 157 1 47 68 110 1 48 103 148 1 0 0 0 0 57 96 139 1 35 107 122 1 41 75 125 1 0 0 0 0 31 56 106 1 58 118 108 1 51 75 137 1 19 43 128 1 0 0 0 0 11 90 114 1 20 58 101 1 78 124 117 1 0 0 0 0 37 107 93 1 61 74 103 1 0 0 0 0 70 77 135 1 29 68 112 1 13 67 66 1 10 51 93 1 0 40 84 1 38 39 66 1 25 91 88 1 14 42 97 1 69 73 142 1 0 66 111 1 27 54 116 1 26 52 100 1 0 92 127 1
108 42 90 1 25 93 116 1 30 74 90 1 58 56 92 1 38 28 97 1 52 63 113 1 49 89 127 1 0 0 0 0 31 114 125 1 58 99 120 1 0 85 135 1 42 91 98 1 8 89 109 1 62 112 123 1 33 99 124 1 58 108 166 1 74 105 150 1 43 107 130 1 33 79 99 1 14 88 129 1 14 46 104 1 24 103 111 1 28 103 74 1 14 110 155 1 0 0 0 0 42 88 113 1 0 0 0 0 43 73 101 1 51 113 101 1 61 93 159 1 69 114 166 1 58 101 155 1 90 121 191 1 0 0 0 0 45 129 143 1 49 139 140 1 49 97 153 1 56 114 143 1 50 70 147 1 50 77 108 1 2 30 154 1 10 26 111 1 0 0 0 0 26 91 127 1 28 60 93 1 38 81 138 1 21 75 78 1 43 72 125 1 0 0 0 0 34 76 70 1 44 51 158 1 29 37 85 1 26 71 93 1 0 93 113 1 8 68 110 1 23 49 126 1 28 75 88 1 20 40 116 1 0 0 0 0 7 54 100 1
10 39 92 1 0 60 101 1 36 31 73 1 0 70 110 1 17 59 95 1 25 80 106 1 29 82 94 1 68 72 97 1 51 68 91 1 2 45 102 1 16 66 95 1 25 66 88 1 71 94 120 1 20 97 118 1 70 102 123 1 62 136 171 1 38 121 146 1 35 89 161 1 12 142 90 1 50 71 139 1 0 0 0 0 32 96 148 1 2 103 129 1 52 104 166 1 23 85 128 1 0 0 0 0 43 107 158 1 30 146 101 1 0 0 0 0 0 0 0 0 61 115 154 1 77 92 128 1 54 63 135 1 90 107 147 1 53 111 150 1 0 0 0 0 0 0 0 0 59 104 129 1 42 112 116 1 78 52 192 1 37 104 175 1 45 130 113 1 63 79 135 1 67 85 125 1 44 57 132 1 0 0 0 0 57 71 123 1 17 71 103 1 65 66 106 1 65 117 114 1 78 102 114 1 0 0 0 0 34 73 122 1 50 81 108 1 21 75 141 1 40 51 101 1 18 103 97 1 65 87 129 1 25 101 146 1 36 102 113 1
46 55 82 1 18 76 85 1 0 40 79 1 0 0 0 0 0 88 96 1 0 105 97 1 18 85 111 1 34 65 101 1 24 43 130 1 14 68 113 1 0 70 62 1 62 54 126 1 7 43 94 1 45 93 116 1 79 99 128 1 0 119 172 1 91 71 133 1 0 111 162 1 38 96 119 1 41 107 118 1 75 78 131 1 15 110 108 1 23 105 126 1 62 62 100 1 0 0 0 0 73 71 151 1 34 83 104 1 49 75 147 1 70 94 152 1 45 121 123 1 28 60 143 1 74 69 151 1 0 0 0 0 42 113 135 1 23 97 108 1 61 110 160 1 0 0 0 0 53 83 147 1 31 106 173 1 73 69 137 1 55 127 126 1 50 133 91 1 27 96 149 1 30 67 118 1 40 88 136 1 60 59 129 1 40 106 124 1 87 95 126 1 65 83 139 1 50 101 145 1 0 0 0 0 53 93 85 1 56 85 114 1 74 82 59 1 46 65 115 1 23 85 141 1 40 91 125 1 35 117 120 1 61 99 146 1 65 91 99 1
17 46 98 1 13 42 79 1 33 91 36 1 0 0 0 0 60 74 91 1 54 75 115 1 12 85 133 1 21 56 127 1 0 0 0 0 56 87 86 1 8 131 132 1 0 0 0 0 3 103 151 1 57 79 153 1 52 59 107 1 7 151 111 1 43 99 124 1 58 85 108 1 36 56 102 1 0 0 0 0 0 0 0 0 41 85 148 1 59 90 150 1 37 95 146 1 29 93 156 1 16 78 139 1 45 100 146 1 91 65 121 1 7 64 101 1 0 0 0 0 50 67 104 1 26 69 109 1 0 0 0 0 28 86 129 1 27 69 80 1 57 66 92 1 61 82 112 1 70 130 189 1 52 100 119 1 35 102 90 1 57 93 103 1 58 97 139 1 58 105 126 1 89 56 105 1 0 60 100 1 43 119 119 1 32 73 125 1 38 91 130 1 35 122 117 1 0 0 0 0 0 0 0 0 106 111 119 1 74 84 133 1 64 119 96 1 97 104 171 1 72 102 149 1 77 132 172 1 92 98 170 1 92 110 166 1 95 154 151 1
15 57 72 1 10 54 73 1 0 51 71 1 20 68 89 1 15 59 115 1 24 67 110 1 5 46 110 1 0 71 111 1 15 89 121 1 47 86 109 1 0 0 0 0 68 91 56 1 32 102 89 1 0 0 0 0 0 0 0 0 24 122 129 1 26 101 101 1 38 100 80 1 32 99 113 1 75 58 121 1 61 105 168 1 67 101 119 1 58 120 117 1 26 81 145 1 14 108 104 1 12 80 124 1 0 0 0 0 29 85 65 1 20 44 79 1 48 65 83 1 20 53 94 1 29 92 117 1 52 68 131 1 60 67 119 1 36 62 107 1 50 64 119 1 0 73 103 1 20 95 139 1 19 47 106 1 1 73 97 1 58 93 70 1 0 0 0 0 0 0 0 0 11 99 133 1 68 106 156 1 67 99 148 1 43 94 97 1 57 93 107 1 102 108 122 1 62 132 123 1 58 131 150 1 103 83 171 1 43 154 178 1 0 0 0 0 64 131 160 1 61 97 118 1 77 67 161 1 84 150 147 1 70 108 107 1 61 138 140 1
39 90 87 1 27 73 65 1 8 63 78 1 0 0 0 0 26 43 98 1 7 38 75 1 15 118 96 1 60 92 66 1 29 99 113 1 53 61 99 1 105 107 88 1 41 102 106 1 60 108 119 1 32 73 92 1 58 90 128 1 24 88 124 1 33 86 146 1 0 108 128 1 24 62 112 1 25 99 95 1 65 87 124 1 16 123 86 1 54 65 126 1 55 77 116 1 32 65 113 1 15 80 97 1 36 68 87 1 0 73 61 1 60 70 97 1 24 67 100 1 43 58 113 1 0 58 116 1 37 36 100 1 18 92 74 1 17 56 108 1 12 86 109 1 17 57 104 1 37 41 58 1 0 0 0 0 14 59 103 1 0 70 76 1 87 86 92 1 25 91 109 1 53 43 129 1 34 67 118 1 41 65 129 1 64 95 130 1 53 70 134 1 26 111 115 1 48 139 113 1 99 95 152 1 80 138 159 1 69 125 119 1 71 96 147 1 56 94 153 1 56 88 169 1 57 109 132 1 40 100 112 1 117 110 170 1 70 120 158 1
0 3 58 1 0 15 97 1 11 69 95 1 45 67 85 1 40 63 106 1 16 50 83 1 40 97 129 1 47 71 81 1 38 107 65 1 53 69 127 1 66 83 78 1 61 50 86 1 0 101 113 1 22 57 133 1 23 30 100 1 14 103 109 1 0 0 0 0 52 59 115 1 27 51 138 1 50 53 85 1 22 60 83 1 59 54 95 1 45 75 112 1 29 61 101 1 1 75 104 1 0 0 0 0 37 48 96 1 75 55 122 1 39 97 93 1 34 39 75 1 45 58 83 1 13 38 105 1 30 54 63 1 38 54 83 1 33 39 135 1 22 55 90 1 0 0 0 0 57 76 136 1 38 80 93 1 39 75 106 1 28 77 101 1 0 0 0 0 22 70 126 1 76 118 119 1 33 40 113 1 34 39 137 1 50 109 108 1 21 74 132 1 94 23 110 1 43 53 87 1 27 57 93 1 44 56 89 1 35 56 113 1 34 72 66 1 0 61 137 1 0 0 0 0 16 56 87 1 30 99 83 1 57 87 118 1 74 104 175 1
25 32 40 1 24 36 70 1 63 76 140 1 51 79 98 1 20 57 95 1 0 86 82 1 28 44 117 1 15 74 90 1 0 56 91 1 35 59 97 1 8 36 96 1 4 55 105 1 6 58 70 1 35 19 82 1 28 88 73 1 0 72 115 1 34 100 104 1 26 38 112 1 26 60 97 1 21 74 158 1 34 80 114 1 0 0 0 0 42 46 117 1 36 100 111 1 0 0 0 0 37 54 148 1 45 92 112 1 79 70 118 1 37 55 114 1 49 66 115 1 14 42 64 1 2 61 84 1 18 0 88 1 29 70 90 1 36 46 112 1 51 88 68 1 9 48 100 1 4 77 104 1 29 60 106 1 22 68 104 1 5 63 93 1 10 58 57 1 19 72 104 1 0 83 123 1 0 0 0 0 42 84 118 1 0 0 0 0 18 66 90 1 0 44 89 1 36 51 85 1 42 93 106 1 43 42 83 1 0 0 0 0 6 64 66 1 0 0 0 0 0 0 0 0 39 127 138 1 32 52 119 1 45 88 115 1 43 79 144 1
21 90 77 1 34 42 61 1 0 0 0 0 48 53 116 1 53 60 83 1 22 85 96 1 6 106 70 1 0 45 80 1 13 59 79 1 7 48 61 1 35 96 89 1 0 58 95 1 8 59 91 1 0 85 99 1 13 77 103 1 53 92 102 1 39 71 122 1 46 53 135 1 54 86 149 1 23 73 116 1 0 0 0 0 27 92 51 1 30 81 106 1 29 39 88 1 10 110 124 1 10 71 106 1 16 137 110 1 21 73 75 1 20 47 103 1 36 44 84 1 17 48 43 1 21 9 79 1 58 55 19 1 8 31 61 1 25 36 41 1 19 13 105 1 0 0 0 0 35 66 106 1 17 72 81 1 4 75 84 1 26 37 104 1 0 48 131 1 28 78 76 1 55 82 89 1 20 88 79 1 6 87 76 1 23 55 100 1 36 36 104 1 29 46 93 1 12 60 81 1 28 69 110 1 27 72 88 1 13 75 67 1 33 95 116 1 20 114 92 1 38 78 75 1 9 62 122 1 24 45 102 1 48 78 85 1 44 64 78 1
32 48 91 1 42 61 69 1 48 53 62 1 31 99 88 1 5 66 89 1 22 33 94 1 52 36 111 1 0 61 96 1 60 76 77 1 34 42 107 1 36 64 62 1 73 75 78 1 1 43 91 1 30 65 91 1 35 148 99 1 86 115 97 1 0 0 0 0 69 104 113 1 45 91 98 1 52 73 84 1 74 95 115 1 70 58 107 1 31 111 100 1 66 50 105 1 53 52 98 1 28 64 95 1 36 99 105 1 21 72 95 1 18 87 69 1 21 49 65 1 0 0 0 0 3 1 63 1 8 53 65 1 29 26 78 1 0 8 54 1 29 17 76 1 0 0 0 0 0 53 101 1 0 0 0 0 13 40 54 1 0 0 0 0 12 66 80 1 11 56 101 1 18 89 92 1 0 3 78 1 0 0 0 0 6 47 72 1 27 5 59 1 24 28 24 1 9 39 51 1 0 34 33 1 0 50 58 1 16 56 70 1 46 80 62 1 24 74 99 1 73 67 84 1 9 42 71 1 0 0 0 0 17 65 56 1 0 67 67 1
60 65 85 1 70 46 71 1 29 74 77 1 33 94 71 1 8 88 108 1 0 0 0 0 11 12 81 1 35 61 101 1 81 61 81 1 0 0 0 0 8 60 68 1 1 63 91 1 29 75 73 1 25 91 166 1 47 62 139 1 48 91 121 1 73 92 130 1 21 101 149 1 39 74 120 1 46 89 84 1 48 98 100 1 46 85 84 1 12 97 106 1 56 45 93 1 57 58 72 1 25 60 98 1 41 73 122 1 41 112 100 1 31 62 91 1 27 38 64 1 11 40 81 1 27 20 79 1 10 51 22 1 0 59 53 1 20 45 68 1 0 40 53 1 0 36 50 1 0 41 34 1 25 61 96 1 3 64 98 1 0 0 0 0 0 33 93 1 15 59 78 1 0 20 39 1 37 97 56 1 61 45 87 1 23 0 57 1 16 44 103 1 0 31 52 1 9 35 41 1 0 0 0 0 31 43 96 1 0 91 72 1 9 55 80 1 46 39 72 1 0 37 89 1 1 75 113 1 29 86 75 1 8 53 81 1 22 16 106 1
34 43 99 1 34 62 108 1 44 73 112 1 3 89 80 1 45 32 73 1 29 38 99 1 71 72 69 1 65 62 72 1 43 56 63 1 47 23 106 1 0 87 67 1 0 59 140 1 24 85 108 1 1 90 106 1 45 75 134 1 68 63 99 1 37 118 93 1 0 0 0 0 0 0 0 0 16 88 131 1 98 66 124 1 17 81 142 1 67 78 116 1 27 85 105 1 32 103 104 1 71 87 81 1 65 74 119 1 65 90 94 1 19 60 98 1 25 78 95 1 35 62 107 1 19 81 78 1 0 0 0 0 62 43 102 1 1 19 75 1 25 18 60 1 0 0 0 0 0 0 0 0 0 75 100 1 22 70 77 1 2 25 84 1 0 4 114 1 0 9 77 1 0 0 0 0 66 54 102 1 13 28 100 1 10 40 79 1 16 53 82 1 0 60 82 1 21 79 38 1 0 14 38 1 0 0 57 1 22 28 98 1 7 41 61 1 26 87 38 1 18 30 146 1 4 68 70 1 23 36 49 1 10 29 84 1 0 48 85 1
17 71 112 1 3 103 111 1 31 92 130 1 34 81 107 1 35 93 98 1 9 76 98 1 16 47 83 1 0 0 0 0 25 79 99 1 0 0 0 0 32 54 81 1 37 51 94 1 44 71 79 1 40 76 111 1 77 92 172 1 39 104 101 1 59 81 91 1 40 110 101 1 0 23 91 1 31 86 79 1 0 0 0 0 60 34 74 1 29 65 84 1 39 62 114 1 27 51 122 1 41 66 86 1 28 42 61 1 29 53 49 1 0 15 41 1 0 42 81 1 22 79 58 1 19 58 72 1 0 64 98 1 16 22 94 1 31 50 105 1 65 88 133 1 5 72 84 1 29 64 89 1 29 65 100 1 26 76 82 1 5 65 115 1 3 87 78 1 8 69 74 1 30 60 119 1 0 68 87 1 27 39 79 1 60 35 59 1 24 54 106 1 52 43 100 1 25 75 87 1 2 51 67 1 0 59 91 1 0 31 42 1 30 74 41 1 0 0 0 0 17 49 56 1 23 42 67 1 10 60 49 1 14 55 81 1 0 38 93 1
11 66 107 1 15 80 83 1 66 64 100 1 42 47 106 1 42 84 86 1 42 72 118 1 0 0 0 0 0 14 123 1 14 73 79 1 61 82 74 1 4 52 110 1 23 94 119 1 26 79 74 1 73 76 116 1 15 110 109 1 45 65 144 1 38 65 123 1 39 128 68 1 53 64 48 1 62 38 66 1 0 21 56 1 22 69 91 1 47 74 54 1 24 36 64 1 34 44 56 1 18 31 100 1 0 51 54 1 4 45 46 1 4 0 71 1 0 21 58 1 23 19 59 1 50 98 65 1 0 53 68 1 34 77 101 1 47 67 97 1 48 62 102 1 0 66 127 1 35 40 74 1 49 76 112 1 39 66 80 1 22 63 63 1 0 68 69 1 41 46 77 1 0 62 101 1 7 43 124 1 40 78 117 1 48 51 83 1 0 0 0 0 0 0 0 0 0 89 96 1 54 47 109 1 58 50 74 1 25 64 72 1 19 42 64 1 15 28 75 1 3 14 75 1 17 61 61 1 0 0 107 1 17 54 99 1 15 63 62 1
26 58 98 1 17 81 55 1 47 75 105 1 0 74 105 1 76 116 104 1 11 105 96 1 21 70 100 1 13 85 93 1 67 90 112 1 33 100 140 1 22 117 120 1 25 83 117 1 16 61 121 1 17 55 128 1 48 89 112 1 49 79 108 1 10 62 114 1 41 94 79 1 54 46 82 1 0 0 0 0 51 67 74 1 32 60 61 1 0 53 76 1 3 67 106 1 15 63 85 1 36 50 98 1 0 0 0 0 4 41 63 1 0 41 88 1 34 0 78 1 15 36 55 1 19 69 44 1 0 32 72 1 2 88 111 1 0 0 0 0 31 70 102 1 43 60 140 1 13 54 136 1 38 98 80 1 40 63 99 1 45 95 99 1 28 77 140 1 1 77 102 1 0 50 96 1 42 54 125 1 45 62 103 1 0 0 0 0 0 0 0 0 32 115 129 1 0 65 126 1 0 0 0 0 0 68 138 1 0 0 0 0 46 40 75 1 49 42 130 1 22 62 123 1 0 0 0 0 49 38 134 1 31 40 98 1 31 85 46 1
32 100 108 1 41 46 94 1 27 68 131 1 0 0 0 0 36 56 112 1 34 75 130 1 12 80 93 1 43 48 79 1 42 78 144 1 45 124 82 1 44 55 186 1 82 11 122 1 63 123 91 1 26 100 91 1 74 86 72 1 44 74 109 1 35 42 100 1 18 74 77 1 35 70 108 1 10 31 107 1 29 88 59 1 51 30 71 1 0 57 86 1 23 23 63 1 11 57 61 1 23 94 57 1 69 22 61 1 72 74 75 1 0 0 0 0 13 56 108 1 16 59 107 1 33 57 69 1 43 49 63 1 53 86 70 1 23 80 90 1 41 97 108 1 3 90 104 1 8 68 86 1 32 93 125 1 54 122 80 1 50 83 106 1 20 93 128 1 37 86 74 1 38 83 119 1 15 121 106 1 22 76 114 1 14 62 77 1 3 101 136 1 23 90 96 1 79 69 138 1 56 120 126 1 90 87 120 1 66 114 115 1 48 69 133 1 31 73 144 1 32 87 103 1 0 0 0 0 60 81 71 1 41 20 97 1 13 55 94 1
0 0 0 0 68 101 106 1 77 84 129 1 35 87 116 1 78 84 103 1 10 49 103 1 33 78 93 1 30 122 101 1 19 85 111 1 39 107 99 1 55 78 132 1 74 60 87 1 46 70 110 1 0 0 0 0 79 84 80 1 32 111 98 1 16 72 53 1 37 83 108 1 0 0 0 0 54 85 97 1 57 69 86 1 28 76 104 1 32 53 99 1 0 45 101 1 20 57 96 1 49 52 90 1 1 74 104 1 7 81 92 1 58 44 103 1 47 114 73 1 56 26 103 1 27 75 80 1 11 93 100 1 34 120 136 1 7 81 158 1 0 0 0 0 21 115 108 1 33 80 113 1 4 92 109 1 33 135 136 1 41 128 111 1 0 0 0 0 37 66 135 1 0 0 0 0 16 72 137 1 0 0 0 0 0 80 79 1 83 85 137 1 0 0 0 0 94 145 128 1 66 92 133 1 78 70 122 1 43 116 144 1 63 76 123 1 33 67 123 1 42 106 100 1 42 53 125 1 19 94 127 1 43 95 110 1 63 69 64 1
45 69 117 1 15 75 129 1 69 67 123 1 0 0 0 0 6 117 127 1 57 84 95 1 0 62 83 1 0 0 0 0 0 0 0 0 52 102 118 1 38 111 139 1 80 81 96 1 57 106 142 1 0 0 0 0 60 140 106 1 86 58 116 1 39 73 82 1 41 69 95 1 8 84 66 1 23 100 93 1 35 31 90 1 32 102 68 1 38 51 95 1 57 68 107 1 40 71 94 1 85 60 134 1 36 109 133 1 54 125 150 1 14 45 135 1 64 99 104 1 76 93 120 1 70 75 146 1 60 65 122 1 39 75 103 1 45 50 142 1 36 75 108 1 30 72 73 1 20 92 98 1 35 99 72 1 38 127 127 1 53 101 132 1 43 115 152 1 52 124 127 1 24 120 126 1 28 125 146 1 0 0 0 0 58 128 120 1 95 121 164 1 100 104 146 1 77 115 137 1 29 94 113 1 89 84 160 1 0 0 0 0 57 91 183 1 0 0 0 0 49 102 131 1 33 100 148 1 88 131 148 1 88 115 139 1 85 149 148 1
24 41 97 1 49 62 111 1 65 70 91 1 29 78 105 1 46 63 117 1 75 52 47 1 23 79 89 1 75 100 123 1 0 0 0 0 28 89 76 1 53 32 96 1 44 134 107 1 46 100 87 1 58 134 74 1 55 97 84 1 51 102 72 1 26 44 82 1 0 0 0 0 49 64 94 1 92 92 117 1 30 79 96 1 2 24 79 1 34 97 123 1 46 67 119 1 50 98 117 1 65 84 138 1 94 99 106 1 29 100 124 1 32 70 104 1 51 83 107 1 29 89 131 1 24 75 122 1 70 108 133 1 36 115 82 1 8 81 118 1 53 88 122 1 22 68 134 1 10 92 127 1 65 110 128 1 20 144 129 1 61 131 170 1 80 87 125 1 66 136 135 1 38 102 128 1 69 118 124 1 53 76 143 1 49 133 124 1 108 117 142 1 70 114 98 1 0 0 0 0 64 107 155 1 57 135 132 1 74 105 132 1 26 184 125 1 62 103 150 1 65 109 147 1 71 122 190 1 103 137 126 1 52 138 148 1 71 136 172 1
0 23 63 1 9 48 85 1 2 94 111 1 16 83 97 1 8 56 108 1 54 62 79 1 16 68 64 1 50 42 69 1 51 65 90 1 42 74 89 1 28 64 75 1 37 68 76 1 0 0 0 0 40 69 88 1 10 32 92 1 0 0 0 0 52 68 144 1 40 87 113 1 43 67 87 1 22 87 106 1 47 56 70 1 0 0 0 0 29 70 112 1 62 74 114 1 54 88 142 1 77 107 119 1 65 102 153 1 50 82 117 1 37 50 109 1 18 75 113 1 41 29 121 1 23 64 82 1 0 0 0 0 55 92 80 1 41 79 134 1 62 50 103 1 0 0 0 0 99 73 148 1 0 0 0 0 77 115 127 1 60 105 113 1 76 116 156 1 80 116 131 1 0 0 0 0 60 84 144 1 51 111 124 1 85 91 108 1 64 116 167 1 46 125 145 1 69 102 177 1 46 139 139 1 25 108 138 1 60 85 143 1 49 85 121 1 39 109 114 1 78 122 125 1 44 106 113 1 44 108 84 1 82 132 133 1 24 151 176 1
45 59 97 1 0 0 0 0 27 83 91 1 31 83 63 1 0 28 81 1 25 60 50 1 14 43 87 1 48 97 104 1 0 70 122 1 21 87 82 1 15 37 50 1 23 43 78 1 36 61 102 1 2 47 84 1 38 25 61 1 3 9 73 1 55 99 87 1 0 0 0 0 74 66 125 1 35 83 143 1 30 87 131 1 17 48 105 1 18 110 136 1 54 75 137 1 97 71 110 1 43 74 117 1 0 0 0 0 26 73 133 1 12 60 110 1 2 52 103 1 21 76 57 1 26 60 116 1 0 0 0 0 0 94 139 1 0 71 106 1 24 48 155 1 5 53 111 1 69 85 93 1 66 106 117 1 65 112 113 1 71 81 154 1 83 107 147 1 51 105 166 1 72 144 136 1 85 97 79 1 26 93 103 1 38 81 108 1 0 0 0 0 29 84 96 1 88 96 88 1 56 106 100 1 40 88 118 1 43 79 161 1 54 72 122 1 0 0 0 0 53 86 102 1 33 139 127 1 27 112 145 1 28 93 122 1 93 100 150 1
72 74 97 1 33 86 93 1 31 4 123 1 8 89 72 1 27 64 74 1 4 90 79 1 15 12 77 1 18 65 93 1 0 47 102 1 6 57 97 1 47 83 97 1 0 0 0 0 0 15 94 1 27 42 87 1 0 46 85 1 66 62 64 1 0 0 0 0 0 0 0 0 77 91 123 1 0 0 0 0 62 105 153 1 63 103 155 1 0 0 0 0 50 73 73 1 78 78 147 1 40 72 127 1 11 49 98 1 50 58 96 1 0 51 136 1 76 78 97 1 0 55 111 1 37 65 101 1 64 46 102 1 20 91 88 1 0 0 0 0 21 92 131 1 8 76 71 1 25 83 109 1 25 126 121 1 51 102 121 1 0 0 0 0 51 70 144 1 20 87 131 1 24 141 139 1 94 102 158 1 36 105 116 1 50 73 128 1 86 54 133 1 35 143 133 1 58 122 116 1 0 0 0 0 33 91 112 1 41 99 130 1 19 100 115 1 0 0 0 0 49 104 144 1 22 104 125 1 44 99 114 1 0 0 0 0 32 109 118 1
0 0 0 0 33 14 156 1 30 72 79 1 26 80 92 1 15 39 76 1 5 35 85 1 7 57 58 1 12 36 84 1 52 18 103 1 45 77 85 1 31 56 95 1 0 0 0 0 18 20 53 1 0 0 0 0 0 67 46 1 0 54 56 1 50 108 76 1 19 67 55 1 46 110 124 1 0 0 0 0 54 91 80 1 53 87 94 1 55 78 89 1 0 93 61 1 45 67 129 1 38 99 113 1 54 126 83 1 44 87 113 1 65 112 132 1 64 81 120 1 0 86 128 1 22 94 110 1 3 70 118 1 30 72 100 1 0 0 0 0 51 118 144 1 0 94 107 1 0 63 116 1 0 0 0 0 30 77 114 1 49 38 106 1 56 96 159 1 34 58 118 1 38 91 149 1 62 94 116 1 35 90 136 1 62 91 117 1 35 67 125 1 32 64 126 1 24 54 142 1 24 112 117 1 30 78 154 1 0 0 0 0 30 88 95 1 74 41 114 1 18 34 103 1 27 62 117 1 72 98 111 1 20 35 149 1 27 54 113 1
14 72 67 1 0 65 78 1 28 61 82 1 11 51 57 1 29 54 47 1 0 37 106 1 28 26 55 1 36 48 47 1 1 65 83 1 41 68 101 1 44 54 103 1 0 0 0 0 29 77 77 1 25 43 63 1 0 13 68 1 41 51 56 1 15 58 49 1 67 51 57 1 66 68 83 1 49 84 122 1 0 63 113 1 32 45 76 1 16 49 110 1 35 37 82 1 18 32 73 1 54 80 116 1 32 60 108 1 47 73 93 1 57 68 97 1 76 76 137 1 41 85 131 1 35 94 124 1 32 47 100 1 24 65 83 1 0 0 0 0 0 80 129 1 2 94 122 1 26 58 121 1 24 64 107 1 17 81 93 1 46 68 79 1 46 63 93 1 0 0 0 0 48 98 102 1 37 102 117 1 38 68 89 1 84 68 118 1 0 0 0 0 5 91 95 1 91 44 92 1 13 105 55 1 12 80 103 1 47 54 132 1 1 92 118 1 0 0 0 0 15 93 95 1 1 60 134 1 56 61 109 1 0 0 0 0 13 105 107 1
47 17 65 1 32 54 98 1 0 8 91 1 0 35 77 1 19 36 75 1 18 17 77 1 1 19 75 1 30 57 55 1 21 20 72 1 0 59 100 1 0 0 0 0 0 34 62 1 0 64 48 1 0 0 0 0 0 14 58 1 0 46 50 1 0 68 36 1 22 26 63 1 41 86 87 1 37 22 64 1 0 47 105 1 3 42 91 1 19 48 88 1 0 0 0 0 42 43 66 1 0 81 90 1 28 73 106 1 12 69 80 1 77 62 106 1 53 68 79 1 15 76 113 1 12 94 121 1 0 70 47 1 11 76 86 1 47 58 72 1 59 62 104 1 12 27 110 1 17 66 116 1 29 68 101 1 41 89 117 1 13 76 107 1 0 0 0 0 31 88 108 1 0 0 0 0 37 98 130 1 36 84 128 1 14 75 103 1 29 53 88 1 0 67 96 1 0 52 79 1 0 87 70 1 52 118 93 1 54 47 93 1 45 69 104 1 0 61 93 1 46 46 94 1 0 0 0 0 20 66 150 1 43 101 101 1 11 48 108 1
15 46 81 1 0 0 0 0 45 55 93 1 0 80 10 1 0 84 60 1 10 6 83 1 6 23 76 1 0 0 0 0 0 20 59 1 0 34 63 1 0 38 105 1 0 49 72 1 4 41 57 1 21 45 52 1 5 40 33 1 0 59 88 1 12 18 71 1 42 41 101 1 0 0 0 0 17 42 98 1 41 51 114 1 26 50 109 1 0 0 0 0 0 0 0 0 27 82 75 1 36 70 124 1 24 61 94 1 22 41 60 1 0 49 57 1 22 65 48 1 6 27 98 1 0 93 105 1 62 7 70 1 19 11 87 1 43 68 81 1 24 68 78 1 0 0 0 0 21 52 105 1 49 72 77 1 46 78 104 1 15 86 64 1 29 26 105 1 27 70 75 1 33 63 115 1 0 40 104 1 0 26 70 1 0 33 75 1 16 65 57 1 22 31 96 1 6 64 40 1 0 54 90 1 7 47 79 1 3 72 113 1 35 37 105 1 0 82 63 1 42 55 131 1 7 81 153 1 14 61 100 1 0 0 0 0 5 67 88 1
20 65 79 1 0 0 0 0 27 30 128 1 16 23 74 1 0 65 88 1 8 24 81 1 10 43 110 1 41 61 87 1 10 46 94 1 22 18 99 1 28 74 66 1 32 67 79 1 1 9 87 1 0 58 72 1 2 56 59 1 0 66 57 1 9 95 103 1 48 44 85 1 49 84 99 1 36 60 87 1 0 0 0 0 42 114 94 1 59 47 47 1 0 0 0 0 27 54 80 1 6 52 82 1 32 32 66 1 16 65 89 1 0 0 0 0 0 0 0 0 14 85 68 1 0 5 116 1 0 0 0 0 0 59 72 1 35 46 63 1 0 0 0 0 59 34 101 1 60 47 93 1 29 15 102 1 48 43 105 1 11 34 114 1 16 82 109 1 19 51 62 1 17 31 66 1 7 76 82 1 7 66 83 1 30 43 81 1 22 45 73 1 23 67 74 1 22 58 48 1 0 18 75 1 4 46 68 1 26 42 67 1 0 55 91 1 32 39 60 1 18 84 80 1 0 17 70 1 0 108 131 1 38 63 54 1 13 78 168 1
15 77 114 1 54 63 108 1 0 32 62 1 21 69 100 1 48 61 70 1 31 76 90 1 19 66 42 1 21 97 128 1 50 70 97 1 0 0 0 0 38 40 122 1 0 0 0 0 11 55 45 1 22 46 87 1 20 93 80 1 34 56 116 1 10 110 78 1 0 72 88 1 10 52 67 1 15 107 48 1 14 53 100 1 64 64 101 1 47 69 147 1 42 49 109 1 24 68 91 1 14 47 120 1 0 0 0 0 0 0 0 0 0 16 51 1 12 39 74 1 0 10 93 1 5 19 68 1 0 26 71 1 0 65 52 1 0 37 55 1 32 29 91 1 0 0 0 0 0 36 90 1 22 58 88 1 34 57 80 1 28 43 75 1 37 46 43 1 0 17 67 1 10 43 69 1 0 60 68 1 0 48 31 1 0 50 82 1 0 0 0 0 13 7 41 1 26 33 119 1 0 9 46 1 33 5 59 1 0 30 56 1 0 40 53 1 20 72 68 1 10 56 94 1 0 37 33 1 0 0 0 0 22 59 125 1 39 40 98 1
46 75 131 1 19 112 129 1 36 89 72 1 45 106 105 1 15 101 75 1 33 68 125 1 39 97 124 1 55 87 111 1 38 83 110 1 35 99 136 1 45 65 60 1 12 103 116 1 90 41 97 1 29 50 82 1 50 65 110 1 20 51 105 1 0 50 93 1 57 73 111 1 0 58 126 1 18 81 92 1 7 75 103 1 13 55 99 1 0 77 106 1 52 98 80 1 17 113 106 1 41 56 137 1 10 68 93 1 2 66 109 1 0 0 0 0 18 76 77 1 0 37 59 1 0 30 101 1 16 30 74 1 20 42 53 1 0 0 0 0 0 71 59 1 48 46 75 1 30 51 45 1 0 39 57 1 9 32 57 1 0 0 57 1 30 9 105 1 2 39 63 1 0 66 33 1 0 0 0 0 0 0 0 0 33 27 78 1 21 32 101 1 4 68 70 1 9 13 33 1 10 51 73 1 0 38 69 1 0 16 56 1 3 34 76 1 0 58 49 1 0 45 56 1 0 37 36 1 0 55 67 1 6 46 85 1 0 50 64 1
63 78 114 1 84 133 97 1 54 61 135 1 34 107 143 1 35 86 99 1 0 0 0 0 13 81 147 1 0 0 0 0 0 0 0 0 0 0 0 0 45 101 119 1 21 74 115 1 49 74 95 1 53 75 93 1 50 95 117 1 33 121 109 1 86 58 95 1 46 104 135 1 39 79 105 1 34 82 86 1 18 60 97 1 0 0 0 0 42 46 91 1 45 67 113 1 68 90 144 1 0 0 0 0 47 78 75 1 37 58 88 1 38 53 70 1 0 0 0 0 26 34 75 1 0 0 0 0 24 42 84 1 47 52 69 1 14 83 88 1 0 33 56 1 24 50 84 1 0 67 41 1 17 32 69 1 0 26 58 1 0 37 84 1 28 36 57 1 28 0 87 1 1 39 54 1 13 61 50 1 0 32 99 1 3 37 63 1 6 74 73 1 0 51 45 1 0 51 79 1 0 47 46 1 0 31 68 1 0 0 0 0 0 10 33 1 12 19 58 1 0 35 0 1 0 16 41 1 0 11 34 1 26 24 53 1 2 93 60 1
54 92 137 1 37 107 96 1 0 0 0 0 46 65 101 1 23 79 103 1 20 99 102 1 6 35 97 1 26 88 100 1 3 79 89 1 8 46 109 1 29 67 69 1 92 59 121 1 36 83 129 1 47 52 90 1 35 135 114 1 24 85 114 1 45 81 85 1 70 66 148 1 36 94 109 1 33 73 110 1 0 0 0 0 36 98 116 1 0 0 0 0 53 85 124 1 0 75 117 1 0 0 0 0 51 98 142 1 50 96 129 1 61 99 98 1 0 86 97 1 43 76 73 1 8 48 91 1 0 56 57 1 32 63 67 1 5 107 79 1 33 63 74 1 25 14 92 1 20 28 67 1 0 52 82 1 33 29 85 1 5 71 84 1 0 53 94 1 47 97 83 1 3 77 108 1 0 95 94 1 49 79 76 1 8 84 101 1 0 58 91 1 0 81 57 1 26 28 102 1 0 52 76 1 16 4 71 1 7 43 86 1 0 0 0 0 0 0 0 0 0 49 49 1 13 19 74 1 11 6 68 1 0 37 69 1 0 37 49 1
35 67 114 1 74 71 120 1 56 85 122 1 0 0 0 0 44 80 115 1 94 93 91 1 13 76 83 1 39 84 122 1 39 46 83 1 40 47 80 1 0 0 0 0 7 90 98 1 27 83 154 1 65 56 115 1 57 85 77 1 31 88 124 1 71 64 114 1 42 117 88 1 38 55 91 1 26 80 88 1 32 41 77 1 6 37 91 1 54 75 94 1 66 70 79 1 48 76 92 1 38 7 115 1 27 70 94 1 54 63 73 1 57 76 91 1 56 53 80 1 26 44 93 1 22 52 96 1 23 57 119 1 25 32 103 1 44 63 75 1 19 54 84 1 30 77 58 1 26 47 122 1 0 62 62 1 32 83 81 1 0 0 0 0 33 84 61 1 62 79 123 1 39 97 124 1 29 101 67 1 58 89 109 1 16 64 112 1 0 0 0 0 26 72 70 1 0 0 0 0 26 84 64 1 57 21 87 1 37 52 91 1 17 73 69 1 27 41 72 1 29 56 79 1 0 10 92 1 0 67 70 1 0 38 87 1 0 0 0 0
27 67 139 1 56 75 76 1 30 54 80 1 48 57 85 1 84 104 87 1 45 81 109 1 55 62 86 1 0 65 75 1 35 77 96 1 10 80 123 1 0 70 114 1 41 102 72 1 7 107 103 1 20 81 112 1 29 76 94 1 19 38 123 1 48 37 78 1 55 64 86 1 26 84 115 1 18 45 73 1 21 69 100 1 65 60 85 1 48 51 74 1 48 47 125 1 7 50 124 1 22 0 92 1 0 32 80 1 8 52 116 1 0 41 78 1 31 20 68 1 0 0 0 0 15 0 115 1 46 75 91 1 0 64 81 1 30 47 107 1 29 2 92 1 69 69 93 1 83 80 73 1 7 55 130 1 39 69 65 1 38 74 85 1 40 80 84 1 44 65 109 1 20 77 98 1 0 0 0 0 43 98 122 1 16 60 137 1 53 117 107 1 18 70 105 1 26 69 118 1 46 90 131 1 7 90 123 1 44 74 115 1 44 82 98 1 55 101 123 1 30 57 126 1 37 75 74 1 22 38 83 1 0 57 54 1 0 60 63 1
6 30 92 1 0 15 76 1 36 108 64 1 22 63 86 1 0 0 0 0 0 0 0 0 63 73 137 1 37 107 70 1 21 81 117 1 59 46 123 1 34 49 105 1 67 93 77 1 32 54 107 1 0 0 0 0 84 79 62 1 23 85 103 1 5 58 97 1 23 30 94 1 23 44 51 1 43 32 91 1 18 26 102 1 36 84 94 1 10 22 82 1 0 37 65 1 0 63 89 1 37 32 97 1 0 38 93 1 34 58 95 1 0 59 82 1 10 48 122 1 0 67 54 1 0 44 70 1 14 7 61 1 0 0 0 0 0 0 0 0 1 51 93 1 43 0 77 1 40 29 50 1 5 58 81 1 0 78 102 1 0 66 75 1 0 49 68 1 0 0 0 0 2 63 89 1 0 64 83 1 39 45 87 1 22 41 75 1 30 81 83 1 19 83 92 1 0 0 0 0 14 56 94 1 33 113 75 1 46 76 122 1 46 67 110 1 0 0 0 0 59 58 85 1 63 98 103 1 51 87 137 1 28 89 148 1 34 61 78 1
4 33 106 1 0 0 71 1 8 68 92 1 0 39 87 1 23 13 80 1 16 65 68 1 42 89 72 1 56 39 88 1 52 93 99 1 0 0 0 0 36 82 121 1 58 66 100 1 8 22 84 1 0 0 0 0 37 46 111 1 0 0 0 0 27 54 110 1 17 38 57 1 0 0 0 0 0 53 37 1 2 55 49 1 17 43 101 1 0 61 68 1 19 31 85 1 63 57 69 1 0 0 0 0 32 74 97 1 0 0 0 0 33 69 94 1 44 100 93 1 0 75 94 1 0 29 52 1 16 74 99 1 8 84 73 1 22 66 105 1 0 0 0 0 8 54 71 1 0 68 28 1 36 71 67 1 4 75 49 1 63 55 71 1 0 99 72 1 22 57 28 1 0 68 29 1 0 51 72 1 0 82 136 1 26 32 60 1 0 108 96 1 0 0 0 0 17 44 99 1 0 30 111 1 0 86 118 1 67 86 98 1 48 86 107 1 44 89 125 1 19 90 89 1 51 100 92 1 55 85 99 1 62 81 114 1 85 96 99 1
0 62 73 1 2 24 77 1 4 33 66 1 6 30 42 1 18 55 87 1 21 15 77 1 16 50 78 1 30 31 122 1 20 67 136 1 31 107 100 1 14 58 108 1 0 62 52 1 26 41 102 1 0 29 75 1 22 58 99 1 0 32 106 1 27 19 77 1 0 0 0 0 2 83 112 1 28 21 116 1 13 56 107 1 4 62 69 1 48 36 39 1 20 54 88 1 0 0 0 0 69 30 63 1 17 56 101 1 1 50 74 1 54 63 78 1 37 94 108 1 41 75 58 1 38 73 103 1 0 0 0 0 32 71 88 1 24 92 124 1 45 104 83 1 41 56 66 1 8 48 86 1 31 77 80 1 0 71 102 1 14 68 117 1 0 88 126 1 0 0 0 0 0 36 81 1 13 48 81 1 27 52 61 1 44 28 83 1 0 0 0 0 25 59 94 1 0 57 101 1 0 88 67 1 0 0 0 0 23 99 95 1 52 50 103 1 33 87 132 1 38 90 136 1 60 56 108 1 0 0 0 0 82 124 166 1 41 73 126 1
0 48 44 1 0 0 0 0 3 51 58 1 20 21 108 1 30 33 57 1 46 64 130 1 36 68 72 1 35 78 93 1 16 55 109 1 0 0 0 0 20 59 94 1 48 106 88 1 0 0 0 0 3 42 107 1 36 40 78 1 0 10 51 1 8 60 79 1 10 56 96 1 0 40 69 1 49 31 83 1 0 28 124 1 25 55 74 1 0 0 0 0 56 91 50 1 0 29 111 1 55 84 90 1 33 49 90 1 0 0 0 0 0 0 0 0 20 87 128 1 57 120 72 1 54 69 89 1 27 77 63 1 74 101 104 1 51 86 76 1 56 120 140 1 87 105 127 1 60 81 116 1 71 64 107 1 53 72 123 1 33 78 125 1 27 134 121 1 0 64 101 1 68 122 130 1 59 62 132 1 0 0 0 0 13 87 130 1 21 104 88 1 37 62 138 1 11 103 111 1 0 0 0 0 30 76 119 1 7 103 109 1 31 61 108 1 38 45 80 1 44 65 125 1 44 93 130 1 73 83 101 1 0 0 0 0 43 94 122 1
0 30 111 1 18 17 46 1 9 73 91 1 2 43 90 1 44 72 66 1 0 0 0 0 18 68 93 1 3 22 102 1 32 53 99 1 3 53 87 1 42 56 84 1 11 44 79 1 0 49 106 1 17 56 74 1 21 31 87 1 76 52 77 1 23 29 96 1 7 71 51 1 0 31 40 1 5 36 99 1 18 66 114 1 0 0 0 0 47 48 82 1 6 15 58 1 0 35 101 1 31 27 74 1 0 60 58 1 29 52 54 1 31 84 52 1 0 67 80 1 47 35 49 1 0 32 72 1 22 72 86 1 38 85 98 1 43 116 165 1 46 139 132 1 63 141 112 1 34 132 169 1 0 0 0 0 11 81 106 1 35 138 132 1 28 129 126 1 45 65 120 1 0 0 0 0 57 83 121 1 35 67 95 1 53 56 118 1 31 69 116 1 59 69 107 1 35 85 159 1 37 92 157 1 56 118 91 1 24 120 81 1 82 70 96 1 19 94 126 1 53 59 61 1 34 82 120 1 35 51 120 1 32 64 128 1 0 0 0 0
7 38 79 1 0 72 110 1 0 12 57 1 45 25 106 1 2 25 84 1 33 42 47 1 37 19 83 1 0 0 0 0 0 51 35 1 0 0 0 0 17 46 62 1 0 15 90 1 0 0 0 0 22 34 53 1 9 31 49 1 0 51 56 1 0 48 73 1 32 34 111 1 0 24 64 1 0 70 64 1 50 63 92 1 3 51 112 1 13 60 68 1 2 52 61 1 0 0 94 1 46 100 50 1 0 52 83 1 0 32 73 1 23 5 100 1 38 38 64 1 8 45 88 1 17 80 105 1 19 40 81 1 12 79 81 1 10 85 95 1 6 108 105 1 19 40 129 1 45 89 121 1 0 0 0 0 37 119 114 1 34 66 104 1 0 87 104 1 52 122 97 1 53 101 107 1 66 104 105 1 31 63 84 1 35 119 155 1 111 85 125 1 71 119 121 1 0 0 0 0 1 111 121 1 32 80 119 1 15 90 131 1 5 108 99 1 30 79 83 1 38 91 111 1 64 63 97 1 0 0 0 0 14 81 91 1 41 43 105 1
6 61 79 1 26 81 74 1 0 52 89 1 0 47 76 1 34 45 96 1 40 28 94 1 7 22 82 1 38 55 90 1 10 34 82 1 0 32 100 1 4 0 72 1 22 15 78 1 4 59 107 1 0 37 75 1 19 44 76 1 40 51 54 1 33 43 94 1 0 5 71 1 26 39 40 1 15 58 46 1 17 36 29 1 0 25 77 1 14 46 100 1 0 28 46 1 0 0 0 0 2 29 66 1 1 62 80 1 0 82 77 1 0 0 0 0 40 78 55 1 0 0 0 0 23 78 102 1 24 96 111 1 29 36 107 1 36 59 107 1 5 67 95 1 0 0 0 0 0 83 117 1 32 72 118 1 47 101 124 1 69 100 84 1 70 75 103 1 79 92 117 1 0 0 0 0 24 76 100 1 22 112 124 1 21 83 103 1 0 0 0 0 106 82 102 1 60 93 104 1 20 134 118 1 41 39 121 1 25 79 106 1 12 68 148 1 63 73 112 1 22 75 134 1 49 85 92 1 48 90 104 1 0 52 122 1 7 43 93 1
30 40 77 1 47 41 79 1 23 67 97 1 10 66 102 1 38 66 78 1 23 51 116 1 0 18 65 1 6 23 57 1 0 26 60 1 0 0 0 0 0 27 91 1 22 94 73 1 0 32 74 1 9 69 72 1 5 55 88 1 18 51 61 1 28 15 99 1 40 34 58 1 20 18 51 1 39 40 45 1 0 33 131 1 19 12 30 1 1 67 87 1 0 27 87 1 0 32 68 1 44 63 104 1 0 30 84 1 0 50 81 1 0 0 0 0 24 46 61 1 14 57 130 1 0 0 0 0 17 67 51 1 28 49 85 1 27 46 79 1 0 76 83 1 28 81 74 1 35 19 82 1 24 75 90 1 0 119 142 1 63 101 100 1 0 76 131 1 57 93 118 1 28 111 86 1 20 80 108 1 26 115 150 1 29 98 139 1 10 101 128 1 114 77 136 1 65 108 124 1 0 0 0 0 51 99 105 1 49 80 126 1 95 97 126 1 49 77 132 1 55 79 117 1 16 84 99 1 34 47 130 1 51 25 84 1 28 39 131 1
0 78 71 1 39 50 88 1 38 75 128 1 55 83 89 1 48 62 82 1 52 50 76 1 14 90 95 1 1 13 74 1 9 49 80 1 6 39 61 1 0 39 61 1 24 23 67 1 2 20 61 1 3 41 105 1 0 20 91 1 36 44 35 1 19 40 43 1 0 80 85 1 28 46 87 1 0 0 0 0 0 29 92 1 30 47 52 1 35 16 83 1 0 53 84 1 29 56 93 1 50 90 117 1 0 0 0 0 0 49 117 1 26 58 56 1 0 0 0 0 22 85 37 1 0 59 75 1 30 18 71 1 0 65 42 1 40 69 75 1 0 75 60 1 5 71 83 1 0 38 118 1 0 62 79 1 0 84 92 1 0 39 99 1 14 52 48 1 9 60 120 1 44 68 84 1 0 0 0 0 46 80 71 1 42 77 118 1 42 76 113 1 39 110 119 1 52 85 131 1 26 110 129 1 74 69 109 1 0 48 113 1 25 72 123 1 0 0 0 0 31 83 117 1 54 62 154 1 60 121 113 1 31 96 139 1 31 57 121 1
16 69 43 1 48 75 101 1 21 81 102 1 12 48 134 1 39 59 103 1 55 39 87 1 26 109 101 1 11 39 103 1 22 54 85 1 0 62 79 1 0 53 106 1 5 98 36 1 11 49 80 1 22 40 55 1 0 0 0 0 0 55 92 1 77 47 41 1 15 46 101 1 0 0 0 0 0 49 77 1 7 56 63 1 29 51 104 1 28 30 90 1 30 78 104 1 52 34 79 1 53 49 77 1 48 58 73 1 28 77 66 1 20 93 104 1 20 12 72 1 11 5 70 1 25 48 72 1 10 63 48 1 28 56 110 1 0 61 101 1 0 42 60 1 9 38 93 1 0 73 96 1 51 30 110 1 0 80 49 1 0 0 0 0 0 0 0 0 36 74 47 1 0 33 69 1 0 27 76 1 25 70 107 1 25 74 88 1 25 76 89 1 40 74 108 1 46 76 81 1 12 67 108 1 58 50 81 1 45 87 92 1 49 43 107 1 54 54 92 1 71 63 144 1 44 105 137 1 0 0 0 0 60 71 110 1 8 93 95 1
33 67 82 1 39 125 110 1 41 61 94 1 18 51 88 1 40 72 100 1 25 89 102 1 60 97 83 1 0 0 0 0 13 82 123 1 13 121 65 1 20 66 77 1 30 45 59 1 6 64 85 1 37 52 86 1 34 96 82 1 0 38 82 1 0 37 104 1 0 36 92 1 32 37 98 1 51 66 96 1 6 80 107 1 13 80 81 1 37 48 87 1 0 0 0 0 41 58 101 1 15 37 122 1 60 59 92 1 7 19 108 1 0 0 0 0 0 0 0 0 0 41 97 1 10 47 64 1 22 46 77 1 0 0 0 0 20 6 82 1 12 43 75 1 17 56 97 1 29 42 51 1 4 36 57 1 0 59 69 1 10 46 59 1 0 8 94 1 10 51 104 1 0 66 62 1 8 19 48 1 0 33 86 1 20 40 78 1 25 62 87 1 34 44 49 1 12 46 96 1 0 0 0 0 29 63 86 1 0 23 107 1 9 50 72 1 19 75 85 1 25 73 107 1 14 103 121 1 45 89 109 1 19 86 140 1 46 69 104 1
27 47 148 1 0 69 127 1 0 59 125 1 59 126 66 1 71 69 107 1 53 69 99 1 80 117 108 1 54 49 113 1 48 98 139 1 27 73 121 1 1 49 79 1 18 84 74 1 29 96 120 1 0 0 0 0 72 83 101 1 32 27 80 1 57 94 79 1 77 70 88 1 0 0 0 0 15 73 86 1 60 56 74 1 0 71 85 1 43 78 135 1 31 63 99 1 0 0 0 0 19 44 66 1 11 2 65 1 0 46 99 1 39 50 72 1 40 58 119 1 37 58 94 1 29 65 68 1 62 88 95 1 67 68 128 1 38 84 93 1 0 99 107 1 27 55 117 1 0 39 104 1 0 89 113 1 6 54 87 1 35 56 111 1 4 73 69 1 0 60 122 1 0 28 63 1 0 71 82 1 15 18 104 1 62 53 74 1 34 38 109 1 8 63 85 1 30 66 97 1 4 48 110 1 0 71 86 1 5 34 58 1 42 62 90 1 32 85 115 1 39 96 86 1 17 108 109 1 47 59 146 1 51 56 118 1 44 65 97 1
8 70 81 1 52 57 104 1 3 97 82 1 43 96 143 1 40 77 129 1 17 52 73 1 33 10 65 1 15 52 119 1 53 96 78 1 60 94 54 1 10 71 121 1 48 98 114 1 12 110 149 1 23 101 113 1 0 74 95 1 43 76 107 1 41 92 104 1 8 41 110 1 30 105 118 1 0 0 0 0 50 92 98 1 20 42 100 1 72 41 99 1 15 56 90 1 0 76 83 1 0 84 87 1 61 75 143 1 0 51 86 1 28 109 87 1 40 30 64 1 8 54 109 1 0 0 0 0 49 65 114 1 67 83 116 1 3 84 100 1 45 67 99 1 11 70 87 1 44 75 143 1 8 107 103 1 0 47 99 1 0 60 119 1 33 53 119 1 0 0 0 0 7 85 72 1 12 91 112 1 0 48 63 1 2 3 112 1 0 22 92 1 29 55 94 1 0 56 120 1 21 68 99 1 0 27 94 1 10 68 90 1 0 0 0 0 4 72 111 1 13 63 179 1 20 94 74 1 40 81 87 1 49 129 139 1 36 104 124 1
59 65 106 1 48 100 89 1 48 75 110 1 47 102 126 1 45 90 104 1 0 65 93 1 32 72 75 1 14 86 68 1 0 26 109 1 22 75 74 1 0 88 120 1 10 83 57 1 62 91 139 1 43 92 126 1 56 79 109 1 11 103 94 1 77 124 117 1 76 60 104 1 63 94 129 1 32 84 152 1 35 42 65 1 0 40 121 1 0 0 0 0 43 112 118 1 84 83 119 1 29 43 115 1 0 0 0 0 48 97 104 1 0 0 0 0 28 97 81 1 31 55 78 1 23 63 113 1 61 81 76 1 35 95 92 1 42 105 140 1 45 66 117 1 0 0 0 0 0 0 0 0 38 87 140 1 70 116 117 1 67 110 129 1 30 84 133 1 56 56 111 1 52 88 101 1 23 54 71 1 36 58 146 1 57 113 119 1 20 57 91 1 19 79 107 1 44 63 118 1 4 57 121 1 4 65 97 1 38 70 106 1 0 0 0 0 45 83 93 1 0 0 0 0 45 117 136 1 38 80 154 1 69 123 159 1 57 72 152 1
48 94 134 1 44 107 137 1 0 0 0 0 53 72 145 1 23 104 128 1 31 60 79 1 13 86 132 1 25 55 75 1 0 25 45 1 0 37 86 1 40 79 81 1 0 50 77 1 4 52 74 1 14 62 108 1 15 65 80 1 37 72 131 1 0 0 0 0 35 77 95 1 54 90 86 1 8 86 115 1 61 79 142 1 0 0 0 0 18 56 75 1 52 70 78 1 43 79 121 1 7 93 99 1 80 58 105 1 100 89 109 1 0 0 0 0 44 64 101 1 3 72 134 1 4 66 83 1 14 52 76 1 23 85 103 1 33 29 102 1 42 62 93 1 0 100 123 1 0 0 0 0 59 97 122 1 41 97 109 1 62 70 100 1 40 47 138 1 0 111 99 1 0 57 100 1 22 70 111 1 27 97 85 1 51 97 139 1 20 59 128 1 0 55 81 1 59 62 108 1 0 66 92 1 15 65 104 1 57 28 80 1 29 89 112 1 56 86 110 1 59 115 184 1 63 101 122 1 32 123 125 1 53 109 160 1 86 105 182 1
41 127 141 1 26 108 131 1 39 103 141 1 73 69 130 1 41 49 110 1 59 68 120 1 4 35 55 1 0 57 95 1 0 74 80 1 0 0 0 0 0 55 92 1 0 0 0 0 15 45 60 1 0 15 82 1 0 53 45 1 0 0 0 0 53 55 88 1 0 54 79 1 18 56 83 1 21 56 81 1 0 14 85 1 71 82 89 1 36 60 140 1 17 84 126 1 44 46 86 1 0 0 0 0 29 36 100 1 25 105 95 1 0 0 0 0 34 40 118 1 34 58 108 1 21 73 133 1 45 48 113 1 9 68 97 1 80 90 98 1 13 96 77 1 37 74 102 1 11 68 101 1 71 93 91 1 19 65 130 1 30 89 163 1 50 125 124 1 34 91 107 1 15 96 114 1 29 79 94 1 21 134 147 1 0 0 0 0 23 86 139 1 0 0 0 0 1 71 117 1 1 63 121 1 38 112 89 1 9 123 56 1 26 74 102 1 4 41 127 1 0 82 147 1 30 67 158 1 47 125 153 1 27 92 143 1 66 129 97 1
0 0 0 0 58 148 136 1 81 129 169 1 0 0 0 0 65 74 122 1 0 0 0 0 73 86 130 1 5 59 95 1 29 52 101 1 41 67 74 1 0 0 0 0 0 12 69 1 0 33 57 1 3 32 44 1 0 49 110 1 0 0 0 0 0 0 99 1 14 52 63 1 39 18 50 1 0 70 76 1 21 59 92 1 6 62 103 1 17 60 112 1 0 46 123 1 0 52 81 1 0 63 35 1 0 38 74 1 0 36 95 1 4 49 115 1 0 66 100 1 0 47 96 1 0 70 114 1 0 0 0 0 21 61 107 1 40 118 118 1 26 94 92 1 36 96 107 1 26 57 113 1 43 58 109 1 38 81 115 1 36 75 127 1 40 98 137 1 46 60 131 1 38 94 144 1 37 124 111 1 26 110 117 1 43 69 117 1 50 91 140 1 81 97 140 1 48 139 178 1 22 101 149 1 40 95 155 1 54 80 125 1 50 91 118 1 45 106 140 1 56 80 162 1 47 98 94 1 30 110 120 1 24 50 118 1 29 106 147 1
27 130 156 1 56 120 124 1 0 0 0 0 29 101 138 1 28 65 138 1 60 86 76 1 89 124 124 1 55 100 131 1 24 73 93 1 16 72 70 1 0 54 108 1 0 0 0 0 0 71 49 1 14 52 73 1 55 28 94 1 7 41 86 1 0 56 100 1 0 55 58 1 0 46 66 1 0 39 73 1 0 0 0 0 48 60 121 1 0 75 81 1 0 0 0 0 0 61 105 1 17 25 151 1 11 55 79 1 5 36 104 1 21 78 90 1 8 39 110 1 0 43 87 1 20 57 134 1 25 29 145 1 0 0 0 0 55 88 127 1 0 0 0 0 23 79 109 1 15 88 64 1 13 43 115 1 28 70 91 1 19 71 102 1 23 104 84 1 20 79 141 1 73 92 126 1 22 72 95 1 1 90 137 1 64 114 78 1 64 124 161 1 51 99 119 1 78 114 129 1 58 117 124 1 69 69 162 1 0 0 0 0 59 61 139 1 74 113 107 1 0 0 0 0 26 134 177 1 67 98 111 1 49 82 133 1 25 115 147 1
8 68 142 1 38 159 116 1 60 96 152 1 77 86 127 1 31 40 134 1 0 0 0 0 54 87 124 1 14 102 106 1 21 106 150 1 79 90 115 1 27 65 78 1 39 58 83 1 69 77 83 1 41 62 77 1 37 53 121 1 0 35 97 1 0 38 101 1 0 0 0 0 7 52 110 1 0 53 110 1 33 78 88 1 36 55 85 1 6 55 104 1 16 54 86 1 0 0 0 0 9 87 52 1 0 68 104 1 2 104 108 1 0 90 78 1 0 64 114 1 2 84 113 1 42 70 76 1 36 48 76 1 37 67 118 1 53 85 120 1 0 59 72 1 28 43 111 1 47 88 85 1 6 39 111 1 2 104 106 1 15 70 74 1 45 39 92 1 54 62 130 1 54 75 133 1 39 26 99 1 42 84 111 1 47 65 107 1 29 59 121 1 31 94 133 1 60 114 69 1 73 94 91 1 12 85 137 1 46 51 127 1 31 116 165 1 38 108 127 1 24 88 142 1 37 85 118 1 25 122 107 1 62 111 96 1 29 120 146 1
20 37 100 1 0 0 0 0 23 88 122 1 11 94 144 1 0 87 76 1 12 79 103 1 23 49 106 1 63 132 120 1 51 94 101 1 20 107 135 1 90 71 92 1 53 98 89 1 30 76 109 1 38 109 132 1 12 80 110 1 84 98 113 1 0 0 0 0 63 77 112 1 8 72 134 1 4 78 90 1 16 86 108 1 0 0 0 0 27 71 119 1 24 76 88 1 0 30 115 1 0 0 0 0 3 49 104 1 19 79 89 1 10 99 85 1 36 30 126 1 25 54 120 1 4 99 81 1 32 88 95 1 0 68 114 1 7 73 100 1 0 92 94 1 0 124 103 1 16 31 85 1 9 44 73 1 0 0 0 0 0 74 105 1 14 48 96 1 47 104 128 1 23 38 63 1 7 20 119 1 21 49 63 1 0 52 82 1 21 84 98 1 30 78 102 1 0 58 56 1 9 54 76 1 0 0 0 0 0 0 0 0 3 92 131 1 43 102 122 1 40 70 112 1 32 92 117 1 64 69 136 1 29 99 134 1 22 119 115 1
22 77 105 1 45 121 86 1 46 85 121 1 19 33 108 1 50 110 122 1 34 132 82 1 22 84 126 1 53 105 154 1 2 110 156 1 58 112 71 1 43 67 97 1 0 0 0 0 0 0 0 0 29 91 134 1 23 108 146 1 12 109 98 1 0 0 0 0 11 54 124 1 57 40 98 1 39 106 113 1 20 122 104 1 31 109 122 1 0 0 0 0 17 38 94 1 44 77 91 1 18 89 94 1 5 66 145 1 37 86 114 1 17 50 109 1 5 67 130 1 0 54 92 1 1 66 128 1 0 109 169 1 2 56 113 1 0 71 89 1 0 85 118 1 0 34 74 1 50 43 61 1 9 29 106 1 47 55 77 1 0 47 75 1 31 79 98 1 55 28 104 1 13 73 71 1 0 0 0 0 13 64 50 1 8 56 89 1 0 43 92 1 12 71 85 1 30 35 68 1 0 84 120 1 11 46 119 1 45 30 110 1 14 55 80 1 34 93 88 1 0 0 0 0 0 93 80 1 35 63 106 1 35 71 131 1 46 46 132 1
3 94 122 1 36 76 128 1 46 84 99 1 19 76 114 1 27 90 114 1 46 119 99 1 17 108 90 1 26 70 112 1 26 83 90 1 13 93 118 1 47 100 102 1 25 101 110 1 36 108 68 1 22 108 118 1 24 100 61 1 0 0 0 0 30 50 120 1 8 68 110 1 17 91 133 1 48 104 121 1 29 80 120 1 0 0 0 0 42 128 149 1 0 0 0 0 66 60 108 1 18 111 98 1 55 102 119 1 50 93 108 1 14 52 132 1 41 23 114 1 0 0 0 0 0 108 125 1 0 41 76 1 32 82 131 1 30 60 138 1 30 58 127 1 23 90 90 1 42 73 165 1 49 77 111 1 51 81 137 1 45 77 83 1 31 77 100 1 11 39 85 1 30 56 85 1 0 73 62 1 34 55 80 1 0 73 91 1 4 53 70 1 0 73 58 1 31 56 84 1 0 74 81 1 26 64 118 1 9 67 120 1 0 97 119 1 23 116 132 1 0 111 76 1 7 89 121 1 37 53 90 1 0 84 83 1 19 118 84 1
31 131 96 1 3 48 78 1 8 134 123 1 0 0 0 0 30 96 131 1 54 126 123 1 43 138 120 1 17 112 95 1 4 87 85 1 36 137 103 1 1 88 74 1 59 113 116 1 33 153 87 1 60 128 163 1 18 107 131 1 39 90 129 1 0 0 0 0 32 114 148 1 25 96 116 1 37 65 103 1 44 119 99 1 29 107 106 1 70 94 128 1 9 112 147 1 13 78 115 1 55 117 171 1 41 56 156 1 49 84 154 1 22 74 110 1 44 109 170 1 43 86 168 1 15 112 136 1 37 61 116 1 2 17 133 1 22 64 148 1 17 89 85 1 5 85 114 1 13 133 86 1 24 76 132 1 68 52 117 1 21 88 127 1 0 0 0 0 48 94 136 1 19 70 88 1 9 57 132 1 13 87 94 1 5 37 111 1 26 87 100 1 0 0 0 0 56 45 77 1 23 116 115 1 56 74 134 1 0 0 0 0 39 87 128 1 21 85 123 1 0 0 0 0 22 102 92 1 24 92 132 1 0 71 150 1 1 69 111 1
49 107 113 1 87 96 102 1 39 133 140 1 32 111 92 1 45 130 168 1 58 143 122 1 40 150 134 1 0 0 0 0 18 106 90 1 24 118 133 1 2 83 144 1 30 118 124 1 71 85 146 1 55 134 124 1 40 122 127 1 34 75 133 1 32 90 141 1 58 109 158 1 25 111 163 1 45 91 186 1 29 120 123 1 0 0 0 0 0 0 0 0 50 84 130 1 27 95 145 1 65 98 119 1 40 66 140 1 6 120 145 1 28 59 108 1 10 112 185 1 39 94 140 1 23 99 116 1 42 93 108 1 21 60 117 1 0 0 0 0 0 0 0 0 4 98 108 1 2 66 113 1 45 55 96 1 0 0 0 0 20 85 106 1 30 91 94 1 62 57 127 1 27 98 107 1 30 103 93 1 66 81 117 1 40 81 175 1 22 123 85 1 0 95 126 1 35 72 110 1 21 104 91 1 69 76 105 1 39 94 106 1 55 115 127 1 39 92 132 1 46 113 153 1 6 109 128 1 48 81 126 1 41 83 103 1 27 89 135 1
53 134 166 1 93 120 168 1 18 89 142 1 7 104 122 1 66 109 159 1 88 123 120 1 100 181 191 1 68 144 188 1 61 138 168 1 29 99 127 1 46 147 199 1 17 82 143 1 24 101 125 1 55 144 179 1 58 155 194 1 74 120 209 1 64 130 171 1 95 143 188 1 68 158 156 1 53 128 164 1 11 132 150 1 60 109 147 1 54 127 142 1 37 128 128 1 27 118 183 1 0 0 0 0 42 98 168 1 6 102 101 1 25 97 131 1 0 130 137 1 47 114 160 1 2 147 128 1 49 89 135 1 20 77 148 1 40 76 152 1 53 119 129 1 24 120 82 1 53 93 134 1 48 131 121 1 10 120 146 1 22 92 70 1 32 99 121 1 0 0 0 0 13 79 133 1 46 116 124 1 0 101 128 1 47 73 137 1 46 94 114 1 57 83 129 1 34 94 107 1 9 88 142 1 0 85 114 1 65 81 85 1 18 104 118 1 44 117 111 1 0 0 0 0 42 131 148 1 0 0 0 0 27 94 131 1 8 71 141 1
40 130 128 1 70 127 120 1 0 0 0 0 47 130 166 1 66 160 134 1 48 126 135 1 0 0 0 0 91 149 145 1 58 108 140 1 36 123 124 1 23 120 167 1 31 85 140 1 0 0 0 0 54 106 149 1 78 92 139 1 57 110 135 1 69 114 162 1 52 126 151 1 0 0 0 0 35 103 173 1 0 0 0 0 26 92 160 1 65 86 120 1 27 128 203 1 0 0 0 0 0 0 0 0 49 129 140 1 60 146 135 1 17 84 125 1 29 88 132 1 25 86 144 1 36 132 196 1 46 101 135 1 6 131 149 1 72 90 143 1 17 84 140 1 38 90 113 1 38 80 110 1 19 105 139 1 30 99 114 1 38 125 135 1 41 103 101 1 68 78 122 1 47 119 135 1 30 98 123 1 35 84 133 1 0 122 123 1 28 106 130 1 17 134 108 1 7 104 106 1 0 0 0 0 0 98 123 1 0 83 112 1 28 44 115 1 3 92 110 1 21 119 121 1 0 45 106 1 9 101 96 1 27 113 136 1 16 135 122 1
60 169 147 1 78 125 161 1 11 98 136 1 33 136 143 1 25 112 125 1 72 133 156 1 18 150 154 1 102 165 158 1 76 119 155 1 41 141 133 1 35 147 179 1 8 109 170 1 46 107 115 1 32 113 138 1 0 0 0 0 18 130 164 1 8 47 148 1 1 91 119 1 29 104 125 1 3 119 161 1 32 103 133 1 82 126 132 1 16 108 114 1 42 96 125 1 23 137 143 1 23 117 134 1 51 173 199 1 36 105 145 1 60 132 145 1 58 123 166 1 50 114 120 1 37 160 154 1 72 117 135 1 46 129 131 1 76 125 123 1 29 101 130 1 46 112 153 1 51 138 177 1 27 144 150 1 48 131 114 1 0 0 0 0 62 142 132 1 47 130 135 1 44 123 106 1 42 100 123 1 26 134 178 1 18 102 137 1 42 87 136 1 10 135 169 1 0 112 103 1 0 44 83 1 16 62 95 1 9 97 87 1 0 100 118 1 0 0 0 0 0 80 73 1 39 77 125 1 22 84 107 1 27 91 149 1 0 110 145 1
70 65 126 1 0 78 104 1 29 168 108 1 18 80 134 1 0 125 123 1 18 139 142 1 42 118 164 1 43 103 139 1 65 114 126 1 0 0 0 0 53 139 152 1 29 150 192 1 42 100 111 1 53 121 131 1 5 108 108 1 15 144 149 1 48 141 135 1 41 138 114 1 0 103 158 1 14 101 109 1 37 98 121 1 19 108 147 1 59 159 139 1 21 140 130 1 62 113 157 1 78 141 122 1 66 87 148 1 0 0 0 0 54 153 122 1 35 166 131 1 90 137 181 1 102 141 162 1 88 131 150 1 0 0 0 0 42 150 164 1 50 130 115 1 81 134 166 1 113 128 126 1 48 122 159 1 40 147 154 1 79 148 170 1 26 179 139 1 50 131 173 1 38 110 166 1 18 131 153 1 29 102 153 1 49 106 142 1 11 106 125 1 0 0 0 0 7 109 149 1 42 124 159 1 14 131 157 1 4 142 182 1 0 143 145 1 35 139 109 1 44 83 151 1 7 78 135 1 32 138 142 1 12 131 144 1 37 85 144 1
0 88 137 1 0 125 124 1 55 97 134 1 46 110 106 1 5 96 119 1 37 83 124 1 3 111 116 1 21 100 141 1 28 70 108 1 0 0 0 0 37 139 146 1 62 112 116 1 37 148 110 1 42 151 130 1 88 103 150 1 41 147 106 1 33 132 140 1 40 112 151 1 30 83 125 1 40 96 123 1 34 121 130 1 28 121 116 1 37 112 135 1 0 0 0 0 0 0 0 0 18 102 161 1 16 139 158 1 23 139 154 1 43 91 121 1 36 106 143 1 73 115 162 1 26 128 168 1 66 104 164 1 62 145 164 1 44 153 168 1 54 149 161 1 60 133 175 1 66 108 145 1 40 129 214 1 88 108 159 1 38 125 168 1 39 127 106 1 33 101 167 1 1 123 161 1 18 89 147 1 32 136 147 1 56 111 202 1 54 155 116 1 58 138 156 1 60 126 134 1 58 131 123 1 57 147 170 1 29 122 140 1 38 156 173 1 28 130 109 1 44 131 128 1 50 106 112 1 22 166 142 1 4 116 183 1 41 87 152 1
0 94 139 1 0 64 96 1 0 92 82 1 0 103 105 1 0 48 108 1 12 85 103 1 34 122 128 1 37 152 116 1 66 67 118 1 41 145 143 1 40 143 155 1 68 149 135 1 12 118 141 1 45 143 126 1 0 0 0 0 0 0 0 0 73 123 148 1 0 0 0 0 18 154 167 1 32 116 138 1 71 110 139 1 47 119 137 1 0 0 0 0 62 100 163 1 17 141 201 1 14 152 164 1 69 117 141 1 58 125 147 1 35 105 141 1 40 119 141 1 37 98 184 1 30 129 112 1 48 86 142 1 108 188 165 1 59 126 179 1 24 139 160 1 66 140 153 1 0 0 0 0 69 102 168 1 32 118 127 1 0 0 0 0 50 129 139 1 42 121 171 1 22 114 126 1 67 117 124 1 5 132 154 1 0 129 173 1 48 123 153 1 58 116 166 1 28 106 139 1 0 0 0 0 49 128 176 1 57 145 137 1 98 149 202 1 40 166 164 1 102 156 219 1 112 161 222 1 54 124 201 1 53 132 179 1 53 150 164 1