5
65 487 89 61
12 59 50 1 105 120 113 1 123 163 101 1 0 0 0 0 0 0 0 0 113 79 27 1 62 149 104 1 152 114 89 1 120 124 121 1 94 99 109 1 57 111 80 1 104 67 80 1 68 87 94 1 79 104 84 1 57 61 51 1 48 95 72 1 53 106 89 1 116 136 84 1 175 125 95 1 140 121 122 1 116 133 59 1 57 129 43 1 125 149 117 1 96 152 132 1 101 114 112 1 94 79 78 1 70 75 58 1 63 124 117 1 51 75 64 1 30 39 24 1 0 0 0 0 0 0 0 0 26 77 3 1 0 0 9 1 83 66 44 1 159 96 107 1 101 173 140 1 88 190 108 1 118 147 81 1 61 76 28 1 166 132 76 1 0 0 0 0 77 94 59 1 53 125 109 1 0 0 0 0 68 75 76 1 62 106 59 1 108 72 71 1 89 126 46 1 75 130 83 1 104 173 68 1 66 120 54 1 108 50 58 1 72 98 61 1 58 83 48 1 17 55 51 1 11 52 0 1 0 7 18 1 8 8 3 1 51 0 36 1 9 28 31 1
5 68 19 1 117 104 116 1 149 164 138 1 0 0 0 0 70 96 36 1 45 46 40 1 81 102 105 1 0 0 0 0 97 75 63 1 56 75 42 1 0 47 12 1 0 41 4 1 37 70 50 1 97 77 97 1 50 118 37 1 71 90 92 1 68 94 101 1 99 112 111 1 152 110 140 1 149 170 99 1 137 141 104 1 93 130 105 1 101 155 125 1 118 152 122 1 0 0 0 0 68 129 107 1 122 124 69 1 0 0 0 0 106 103 114 1 96 100 55 1 81 97 91 1 0 0 0 0 59 113 124 1 84 133 100 1 124 111 113 1 83 120 101 1 107 134 109 1 107 145 75 1 38 71 68 1 0 28 0 1 9 53 41 1 57 79 105 1 59 108 78 1 0 0 0 0 27 75 70 1 64 27 47 1 0 0 0 0 55 65 55 1 96 56 31 1 100 118 100 1 102 115 102 1 146 176 150 1 54 81 53 1 35 38 6 1 0 0 35 1 37 22 0 1 0 42 14 1 32 35 21 1 32 87 33 1 16 16 2 1 33 3 0 1
80 68 45 1 67 85 94 1 97 107 69 1 49 96 44 1 50 82 35 1 93 129 22 1 66 115 74 1 136 123 133 1 106 129 98 1 6 68 32 1 0 4 0 1 15 15 0 1 9 22 74 1 76 119 113 1 172 160 138 1 86 119 96 1 68 58 71 1 90 89 65 1 79 59 83 1 129 127 93 1 100 99 99 1 92 151 63 1 98 93 99 1 82 61 63 1 96 59 84 1 96 107 65 1 123 122 97 1 100 103 102 1 114 105 86 1 88 169 110 1 79 100 116 1 177 147 113 1 124 128 105 1 127 125 112 1 150 141 80 1 0 0 0 0 109 138 94 1 60 71 33 1 45 93 45 1 44 92 29 1 99 91 91 1 103 105 80 1 0 0 0 0 0 0 0 0 95 90 103 1 81 43 91 1 50 87 57 1 82 94 50 1 32 76 91 1 75 146 106 1 131 105 128 1 138 116 155 1 11 44 27 1 23 56 16 1 52 77 61 1 8 0 0 1 12 37 71 1 15 51 31 1 0 50 26 1 12 23 0 1 0 46 17 1
143 113 100 1 71 121 147 1 64 74 54 1 25 66 34 1 0 0 0 0 31 84 41 1 73 85 36 1 131 106 103 1 49 76 28 1 21 28 19 1 10 3 0 1 43 88 47 1 51 36 49 1 51 106 61 1 126 78 51 1 42 73 10 1 18 69 44 1 75 83 72 1 66 93 73 1 0 0 0 0 96 129 76 1 104 121 80 1 42 109 127 1 116 90 79 1 130 117 97 1 91 144 73 1 125 77 73 1 68 71 68 1 121 64 48 1 164 148 124 1 110 139 96 1 78 115 118 1 71 149 106 1 87 132 109 1 105 139 73 1 97 124 74 1 69 116 52 1 35 29 53 1 0 0 0 0 87 116 87 1 114 150 116 1 81 101 73 1 60 61 112 1 97 103 76 1 82 90 90 1 95 99 23 1 85 85 89 1 125 118 70 1 92 107 69 1 114 129 91 1 11 18 0 1 15 48 14 1 0 23 20 1 49 82 70 1 58 99 92 1 49 53 58 1 1 65 30 1 0 15 32 1 64 10 56 1 0 0 0 0 0 0 0 0
100 116 34 1 151 138 85 1 115 156 107 1 121 136 105 1 126 133 93 1 47 125 47 1 87 120 77 1 105 138 88 1 51 94 61 1 52 23 0 1 0 0 0 0 97 104 93 1 0 0 0 0 0 0 0 0 16 27 24 1 0 22 0 1 0 35 17 1 0 0 28 1 58 49 37 1 97 100 69 1 135 75 50 1 0 0 0 0 102 113 6 1 123 104 93 1 103 159 72 1 122 135 153 1 82 69 105 1 122 90 87 1 75 135 58 1 180 186 109 1 117 154 137 1 58 138 91 1 93 117 79 1 92 118 84 1 84 103 91 1 84 76 43 1 96 90 21 1 90 123 117 1 55 122 85 1 95 86 48 1 30 59 31 1 56 71 66 1 84 59 47 1 49 100 48 1 74 99 116 1 104 128 102 1 0 0 0 0 115 135 112 1 95 111 74 1 58 91 64 1 0 20 0 1 19 19 0 1 58 71 24 1 87 131 100 1 113 147 78 1 126 120 121 1 95 145 86 1 49 38 58 1 90 118 87 1 102 113 84 1 136 132 86 1
55 88 77 1 61 129 106 1 88 126 115 1 92 113 83 1 76 81 67 1 56 93 28 1 65 78 46 1 0 0 0 0 80 131 84 1 96 105 113 1 123 86 99 1 112 147 108 1 88 127 103 1 112 90 78 1 0 0 0 0 0 0 0 0 22 37 7 1 0 16 22 1 71 114 88 1 79 89 83 1 0 0 0 0 83 78 45 1 70 67 64 1 94 101 67 1 103 107 126 1 146 133 104 1 120 139 125 1 123 105 70 1 98 129 113 1 0 0 0 0 143 128 57 1 110 157 113 1 101 103 112 1 102 99 88 1 114 120 111 1 50 116 110 1 95 151 99 1 70 110 60 1 0 0 0 0 80 60 20 1 21 5 18 1 49 36 37 1 49 82 56 1 87 96 58 1 99 164 97 1 101 148 89 1 117 67 103 1 70 91 117 1 83 101 60 1 0 84 79 1 31 26 13 1 0 19 0 1 47 62 97 1 133 113 82 1 60 95 74 1 82 107 129 1 99 157 109 1 82 102 91 1 79 100 72 1 113 101 103 1 82 112 100 1
74 106 31 1 102 88 88 1 95 97 118 1 78 130 103 1 60 79 55 1 80 79 67 1 83 98 86 1 112 130 68 1 86 134 72 1 135 91 112 1 0 0 0 0 86 132 89 1 0 0 0 0 108 132 106 1 26 58 11 1 0 82 31 1 0 0 22 1 28 87 9 1 90 95 107 1 51 134 93 1 104 108 108 1 124 107 87 1 117 89 94 1 0 0 0 0 82 161 103 1 93 72 74 1 134 103 104 1 64 116 121 1 114 142 115 1 89 111 99 1 68 153 87 1 96 84 96 1 63 95 96 1 63 123 85 1 107 134 78 1 145 134 99 1 76 134 87 1 53 115 107 1 73 96 75 1 35 93 57 1 0 0 0 0 63 106 73 1 106 131 104 1 45 127 66 1 113 135 101 1 121 104 43 1 93 82 48 1 107 85 90 1 117 90 87 1 114 67 93 1 37 80 38 1 0 50 51 1 110 139 111 1 121 102 119 1 81 126 97 1 34 77 72 1 0 33 32 1 18 74 32 1 89 134 58 1 96 152 60 1 72 101 85 1
131 96 89 1 87 109 92 1 102 122 87 1 101 154 102 1 175 165 99 1 0 0 0 0 131 134 125 1 61 105 81 1 82 96 72 1 83 134 122 1 97 149 129 1 0 0 0 0 155 156 92 1 54 68 66 1 15 34 8 1 0 24 21 1 0 0 0 0 2 22 0 1 9 45 46 1 60 110 114 1 97 108 109 1 80 121 121 1 45 78 84 1 122 140 71 1 94 140 68 1 97 82 68 1 110 103 74 1 140 88 86 1 161 81 109 1 97 127 86 1 79 116 71 1 0 0 0 0 63 79 27 1 116 119 61 1 110 117 94 1 84 108 82 1 116 89 90 1 87 134 62 1 70 87 87 1 67 106 76 1 69 80 35 1 94 96 112 1 105 120 89 1 111 132 121 1 119 118 88 1 51 84 61 1 82 76 84 1 116 159 106 1 109 145 94 1 72 103 61 1 80 85 73 1 136 166 131 1 198 232 212 1 96 99 78 1 0 55 0 1 0 0 0 1 36 29 42 1 59 129 99 1 92 98 99 1 72 94 78 1 75 101 88 1
109 124 78 1 88 90 75 1 104 104 79 1 106 115 88 1 115 115 94 1 141 148 124 1 132 138 137 1 0 0 0 0 116 151 86 1 115 148 142 1 94 119 42 1 30 54 42 1 0 0 0 0 36 34 74 1 7 38 0 1 24 77 37 1 0 0 0 0 24 34 0 1 11 92 53 1 84 130 76 1 57 80 115 1 106 120 95 1 98 91 60 1 130 97 41 1 144 94 108 1 103 112 113 1 159 126 100 1 0 0 0 0 0 0 0 0 62 86 79 1 100 150 70 1 0 0 0 0 47 96 77 1 0 0 0 0 79 106 64 1 116 102 73 1 116 71 98 1 115 133 130 1 137 87 124 1 90 65 42 1 34 0 9 1 46 78 65 1 124 140 118 1 112 165 97 1 159 186 146 1 112 160 114 1 122 109 42 1 132 176 98 1 149 172 134 1 136 152 140 1 105 144 149 1 128 150 93 1 48 63 52 1 0 0 0 0 0 0 16 1 0 0 0 0 0 12 0 1 62 16 109 1 129 79 88 1 93 188 104 1 0 0 0 0
108 133 89 1 143 87 102 1 108 151 96 1 89 98 75 1 88 105 80 1 113 191 109 1 66 109 78 1 85 112 77 1 110 117 101 1 0 0 0 0 0 0 0 0 0 7 0 1 55 61 42 1 27 21 0 1 62 40 29 1 110 121 95 1 112 130 97 1 0 0 0 0 49 65 62 1 61 92 61 1 56 94 36 1 0 0 0 0 77 99 78 1 0 0 0 0 131 78 145 1 93 107 74 1 128 140 123 1 139 125 99 1 0 0 0 0 84 118 67 1 132 118 74 1 123 119 122 1 108 129 127 1 107 98 47 1 61 101 74 1 105 125 94 1 109 134 109 1 156 140 130 1 152 115 120 1 95 86 85 1 45 88 40 1 69 104 77 1 122 134 139 1 103 133 48 1 206 227 180 1 133 135 158 1 52 41 64 1 100 110 75 1 135 182 144 1 93 119 114 1 0 0 0 0 0 0 0 0 26 15 8 1 18 18 0 1 4 23 8 1 0 0 10 1 11 28 21 1 16 44 0 1 87 137 78 1 146 120 95 1 75 76 60 1
73 127 97 1 100 123 92 1 119 79 72 1 84 130 71 1 131 157 148 1 84 105 94 1 116 137 133 1 84 111 88 1 0 0 0 0 34 87 74 1 0 0 0 0 38 28 0 1 0 12 28 1 0 0 24 1 70 107 68 1 133 151 147 1 83 152 134 1 103 159 111 1 90 112 107 1 66 150 115 1 48 130 98 1 44 125 61 1 128 142 104 1 149 115 93 1 97 118 67 1 86 108 31 1 73 129 85 1 82 98 44 1 0 0 0 0 0 0 0 0 74 93 46 1 125 78 81 1 0 0 0 0 105 118 74 1 87 105 89 1 68 122 86 1 86 104 123 1 122 115 74 1 108 137 99 1 102 160 103 1 131 126 75 1 135 101 106 1 93 103 115 1 108 103 79 1 139 122 108 1 147 154 116 1 135 92 108 1 98 109 92 1 0 0 0 0 95 125 96 1 0 0 0 0 70 74 0 1 0 0 0 0 27 10 5 1 5 37 0 1 2 29 9 1 0 33 19 1 59 11 0 1 46 93 81 1 83 139 98 1 92 107 88 1
81 101 39 1 122 99 118 1 0 0 0 0 135 107 62 1 113 115 91 1 98 139 96 1 120 108 60 1 99 127 94 1 70 50 82 1 0 0 0 0 21 10 0 1 0 6 0 1 0 0 0 0 0 9 3 1 65 91 77 1 107 124 108 1 84 90 45 1 64 115 55 1 57 126 74 1 20 99 99 1 111 92 101 1 99 80 111 1 70 97 63 1 118 68 75 1 106 171 117 1 52 124 44 1 165 142 91 1 105 80 69 1 0 56 0 1 52 41 57 1 10 98 61 1 117 132 67 1 90 127 80 1 122 119 58 1 108 131 68 1 91 119 78 1 126 88 80 1 125 107 122 1 131 117 135 1 133 82 135 1 100 113 68 1 154 161 115 1 82 74 66 1 134 166 100 1 0 0 0 0 233 230 231 1 176 183 136 1 103 121 80 1 130 129 99 1 43 115 68 1 169 161 156 1 141 109 81 1 61 103 92 1 55 41 46 1 15 9 7 1 0 32 30 1 27 60 10 1 101 87 37 1 0 0 0 0 118 133 91 1 106 98 69 1
101 137 99 1 134 145 151 1 150 141 119 1 107 152 120 1 91 112 77 1 89 121 109 1 79 68 83 1 88 120 105 1 67 136 136 1 67 148 98 1 75 109 54 1 26 38 1 1 0 30 51 1 44 20 0 1 121 120 79 1 0 0 0 0 110 120 135 1 78 90 98 1 146 135 68 1 98 97 88 1 105 112 123 1 118 91 102 1 105 127 121 1 121 111 86 1 104 142 96 1 114 125 107 1 126 133 113 1 83 77 56 1 76 79 44 1 67 59 64 1 32 101 41 1 90 108 57 1 80 71 68 1 106 144 50 1 101 86 73 1 134 133 95 1 0 0 0 0 117 114 66 1 63 66 19 1 52 10 34 1 144 156 169 1 87 142 125 1 108 58 44 1 69 80 32 1 112 118 125 1 109 134 68 1 131 107 150 1 0 0 0 0 87 73 66 1 81 96 79 1 124 130 69 1 96 105 82 1 87 115 111 1 55 87 117 1 63 108 29 1 40 72 84 1 77 136 88 1 78 127 95 1 66 98 62 1 38 83 86 1 113 106 59 1
86 104 77 1 129 140 101 1 123 131 133 1 111 118 75 1 46 107 58 1 98 88 76 1 59 134 103 1 84 142 80 1 70 95 36 1 102 73 101 1 127 126 90 1 20 37 14 1 0 23 7 1 38 58 93 1 113 116 118 1 37 90 57 1 123 122 95 1 127 176 148 1 102 135 125 1 95 109 94 1 105 108 58 1 87 84 71 1 131 124 89 1 119 157 157 1 148 86 106 1 145 115 108 1 145 154 94 1 107 155 127 1 77 85 90 1 102 71 97 1 88 99 45 1 123 150 120 1 107 116 67 1 102 107 74 1 0 0 0 0 85 110 110 1 101 86 72 1 69 78 53 1 0 25 81 1 33 66 13 1 127 140 158 1 71 126 69 1 67 97 55 1 108 155 99 1 106 123 70 1 163 132 146 1 0 0 0 0 139 75 50 1 70 94 82 1 63 70 51 1 87 75 132 1 119 157 82 1 117 129 75 1 112 108 84 1 37 129 84 1 113 192 108 1 63 103 77 1 51 83 56 1 77 123 111 1 99 111 91 1 80 142 98 1
84 90 79 1 84 139 106 1 111 160 96 1 86 126 50 1 32 79 12 1 71 95 4 1 97 81 67 1 123 169 115 1 114 137 95 1 74 129 103 1 48 132 115 1 17 73 21 1 0 21 17 1 26 31 1 1 97 101 63 1 6 79 0 1 84 92 54 1 0 0 0 0 92 127 102 1 136 145 116 1 91 111 83 1 52 62 11 1 105 110 83 1 0 0 0 0 192 170 135 1 148 172 165 1 114 145 103 1 116 122 88 1 88 157 100 1 63 83 85 1 41 81 14 1 75 81 42 1 81 118 93 1 88 76 37 1 73 60 75 1 0 0 0 0 43 74 80 1 39 45 80 1 25 23 13 1 114 115 135 1 119 218 119 1 0 0 0 0 114 137 117 1 76 114 97 1 55 100 64 1 134 185 129 1 130 173 67 1 108 73 82 1 141 98 96 1 0 0 0 0 120 102 107 1 0 0 0 0 128 123 88 1 93 134 107 1 44 127 99 1 80 101 33 1 110 100 94 1 85 121 114 1 60 115 91 1 43 29 38 1 12 60 68 1
0 0 0 0 80 162 144 1 96 108 102 1 0 0 0 0 98 74 62 1 74 109 58 1 83 99 81 1 0 0 0 0 79 118 97 1 85 111 38 1 74 130 31 1 21 49 6 1 0 45 0 1 0 0 0 0 53 112 100 1 3 48 0 1 2 0 0 1 61 88 76 1 106 180 91 1 144 154 135 1 110 109 101 1 95 100 56 1 105 132 114 1 146 110 123 1 154 164 171 1 172 160 125 1 152 110 100 1 110 127 110 1 94 88 99 1 84 93 93 1 43 89 60 1 0 0 0 0 111 114 74 1 106 65 68 1 125 125 99 1 107 145 94 1 50 42 65 1 47 104 58 1 38 0 26 1 112 152 65 1 78 142 109 1 108 155 61 1 108 132 110 1 23 103 34 1 86 66 76 1 0 0 0 0 125 143 68 1 0 0 0 0 154 82 48 1 102 79 96 1 96 100 77 1 62 117 64 1 104 130 92 1 127 156 77 1 106 112 82 1 74 108 37 1 102 132 73 1 79 93 81 1 54 81 88 1 40 0 17 1 6 0 37 1
67 116 70 1 91 97 113 1 83 101 77 1 89 99 96 1 87 145 84 1 0 0 0 0 139 130 70 1 0 0 0 0 0 0 0 0 42 78 48 1 101 121 115 1 7 90 61 1 25 68 82 1 0 0 0 0 52 61 42 1 37 29 0 1 0 26 10 1 57 45 58 1 92 101 56 1 110 115 99 1 117 116 112 1 101 126 66 1 143 134 96 1 0 0 0 0 96 146 136 1 121 116 86 1 130 121 100 1 0 0 0 0 0 0 0 0 55 108 63 1 55 137 79 1 0 0 0 0 115 115 81 1 96 126 59 1 72 97 118 1 0 0 0 0 0 0 0 0 23 80 35 1 15 41 33 1 79 61 52 1 62 118 108 1 46 110 80 1 72 68 64 1 94 99 55 1 96 135 71 1 73 110 50 1 133 97 104 1 126 140 112 1 111 114 79 1 100 103 94 1 133 123 79 1 136 102 121 1 55 76 75 1 77 132 88 1 81 92 54 1 126 85 83 1 105 88 41 1 0 65 3 1 0 41 50 1 0 45 5 1 0 7 15 1
94 89 102 1 86 116 86 1 60 113 74 1 0 0 0 0 77 84 94 1 110 60 41 1 93 141 83 1 140 90 101 1 89 153 75 1 118 127 118 1 57 41 79 1 71 75 102 1 62 73 117 1 8 57 3 1 0 37 5 1 0 0 0 0 0 0 0 0 26 32 2 1 112 138 99 1 90 159 122 1 99 168 131 1 116 127 72 1 72 120 109 1 89 82 76 1 156 138 15 1 118 114 90 1 126 135 88 1 94 98 103 1 126 170 69 1 76 124 32 1 72 46 61 1 82 51 55 1 127 144 124 1 82 163 96 1 136 164 63 1 94 128 91 1 58 97 24 1 5 30 74 1 6 37 0 1 74 78 64 1 97 136 76 1 66 106 49 1 62 69 69 1 105 124 67 1 85 122 96 1 107 109 94 1 105 121 95 1 62 128 78 1 85 124 105 1 77 109 64 1 94 79 106 1 93 124 65 1 45 62 18 1 60 50 52 1 46 79 99 1 82 160 98 1 100 123 61 1 47 91 10 1 6 35 44 1 13 0 30 1 0 39 43 1
65 90 86 1 56 30 70 1 14 0 9 1 42 47 36 1 125 151 129 1 52 84 53 1 0 0 0 0 93 75 84 1 77 109 72 1 73 81 99 1 17 46 42 1 0 38 24 1 44 78 91 1 80 114 118 1 46 107 40 1 27 72 25 1 19 25 20 1 28 6 28 1 0 0 0 0 79 114 114 1 0 0 0 0 123 87 110 1 97 96 105 1 99 90 47 1 114 111 120 1 112 117 95 1 129 152 106 1 0 0 0 0 89 86 73 1 79 78 51 1 78 103 89 1 152 181 94 1 102 100 84 1 79 79 49 1 65 98 29 1 81 98 76 1 8 39 20 1 18 14 0 1 0 27 25 1 74 99 62 1 102 113 111 1 102 85 66 1 59 113 69 1 121 101 58 1 151 117 145 1 108 98 76 1 133 98 47 1 53 127 69 1 52 43 20 1 119 74 67 1 77 66 116 1 122 128 103 1 109 118 87 1 13 94 47 1 0 0 0 0 0 0 0 0 57 71 44 1 0 14 0 1 0 0 0 1 9 4 29 1 20 37 27 1
70 117 59 1 40 24 11 1 11 29 2 1 0 62 48 1 89 73 46 1 0 0 0 0 22 101 70 1 93 128 103 1 115 129 127 1 92 96 106 1 15 2 0 1 0 28 15 1 14 54 42 1 106 132 104 1 122 68 104 1 0 0 0 0 0 36 17 1 12 0 0 1 29 92 68 1 106 99 118 1 89 102 93 1 103 95 85 1 118 75 57 1 94 121 97 1 137 105 71 1 162 176 108 1 146 116 111 1 83 106 83 1 111 99 79 1 67 119 78 1 81 105 67 1 77 112 63 1 104 133 42 1 57 106 80 1 99 119 74 1 54 95 68 1 25 63 20 1 0 32 0 1 29 49 87 1 76 89 64 1 40 82 51 1 43 116 37 1 81 93 64 1 58 84 70 1 122 169 118 1 57 71 57 1 107 90 112 1 98 122 127 1 85 102 85 1 74 87 108 1 120 119 116 1 62 47 46 1 103 81 93 1 83 105 76 1 101 132 112 1 52 83 59 1 16 40 42 1 3 39 47 1 0 0 0 0 3 52 19 1 32 5 40 1
166 152 136 1 101 130 60 1 137 167 131 1 48 116 98 1 76 89 63 1 96 109 89 1 106 150 96 1 0 0 0 0 58 101 133 1 35 94 121 1 0 11 1 1 29 36 51 1 0 52 0 1 51 98 47 1 117 95 116 1 69 146 109 1 90 106 65 1 0 0 0 0 0 0 0 0 112 98 92 1 69 83 62 1 82 139 66 1 120 144 84 1 113 120 78 1 80 121 109 1 98 148 69 1 0 0 0 0 106 88 41 1 155 90 76 1 111 151 107 1 111 126 96 1 92 107 28 1 68 90 27 1 62 88 70 1 0 0 0 0 79 91 60 1 0 0 0 0 32 88 84 1 60 96 55 1 28 38 28 1 0 23 0 1 11 52 0 1 77 97 84 1 34 87 53 1 0 0 0 0 91 92 52 1 0 0 0 0 112 96 84 1 54 74 42 1 0 0 0 0 0 0 0 0 114 153 105 1 58 117 70 1 132 119 72 1 105 111 119 1 0 54 55 1 0 0 12 1 0 32 18 1 1 32 8 1 29 23 29 1 13 38 5 1
0 0 0 0 131 146 146 1 208 170 147 1 129 115 38 1 117 153 85 1 97 119 104 1 131 146 31 1 101 121 96 1 104 121 72 1 46 51 91 1 0 43 13 1 0 0 0 1 0 21 8 1 71 99 49 1 0 0 0 0 115 110 107 1 129 92 62 1 106 100 58 1 138 97 90 1 123 114 96 1 109 79 99 1 120 128 85 1 0 0 0 0 112 166 85 1 89 118 60 1 104 119 112 1 64 110 70 1 126 40 64 1 0 0 0 0 103 139 122 1 112 131 70 1 89 121 74 1 119 134 99 1 40 71 68 1 108 104 76 1 86 110 81 1 93 90 50 1 63 151 115 1 61 102 89 1 34 61 33 1 33 26 19 1 63 103 39 1 78 105 60 1 79 63 64 1 106 100 95 1 74 116 44 1 105 108 66 1 119 126 93 1 113 126 101 1 0 0 0 0 68 119 94 1 231 253 174 1 122 93 81 1 89 69 67 1 90 83 110 1 55 66 68 1 52 100 41 1 7 52 62 1 9 25 10 1 41 40 0 1 3 39 11 1
220 230 155 1 161 224 176 1 126 147 103 1 78 118 79 1 61 101 22 1 131 133 96 1 0 0 0 0 91 130 144 1 0 0 0 0 54 82 74 1 0 0 0 1 83 91 21 1 0 0 0 0 87 74 79 1 89 106 100 1 126 132 114 1 78 139 87 1 101 130 80 1 0 0 0 0 110 146 87 1 71 116 70 1 112 133 101 1 87 113 112 1 116 110 131 1 0 0 0 0 120 105 61 1 96 134 67 1 95 106 42 1 105 140 113 1 94 99 56 1 111 128 40 1 104 103 91 1 0 0 0 0 122 106 76 1 99 165 104 1 96 130 96 1 0 0 0 0 0 0 0 0 21 61 54 1 30 69 20 1 0 16 11 1 57 75 35 1 48 71 67 1 107 133 77 1 96 100 115 1 74 85 20 1 36 38 44 1 83 51 30 1 89 106 67 1 73 41 54 1 0 59 64 1 131 137 132 1 110 129 125 1 141 76 71 1 94 110 81 1 151 141 117 1 90 128 94 1 72 100 73 1 0 0 0 0 2 53 58 1 0 36 62 1
66 116 90 1 129 137 96 1 108 140 63 1 61 48 29 1 24 66 44 1 86 142 38 1 105 123 78 1 84 130 90 1 87 143 101 1 31 28 53 1 10 15 16 1 21 63 0 1 80 134 57 1 49 92 45 1 71 70 31 1 98 96 86 1 131 138 89 1 0 0 0 0 110 124 99 1 115 165 104 1 74 122 87 1 148 163 76 1 86 112 91 1 113 111 157 1 108 102 63 1 112 130 100 1 119 87 74 1 74 71 113 1 111 125 96 1 63 69 87 1 127 78 91 1 60 108 74 1 108 102 108 1 57 131 88 1 113 142 91 1 96 104 53 1 71 104 39 1 94 80 93 1 40 59 47 1 20 30 47 1 0 23 4 1 4 69 0 1 0 30 19 1 0 0 0 0 124 100 102 1 83 63 45 1 74 133 101 1 132 123 90 1 115 125 114 1 89 54 57 1 58 43 50 1 91 89 81 1 89 110 102 1 86 121 96 1 107 97 92 1 79 105 108 1 0 0 0 0 75 93 50 1 0 48 7 1 0 35 0 1 26 26 11 1
117 133 68 1 130 142 98 1 103 100 94 1 60 71 41 1 0 0 0 0 89 101 32 1 68 116 66 1 99 110 92 1 90 98 100 1 0 0 0 0 0 57 0 1 13 15 9 1 64 72 42 1 144 144 111 1 132 130 87 1 169 96 74 1 137 127 81 1 126 138 76 1 104 132 145 1 61 138 64 1 136 157 73 1 134 95 102 1 85 105 58 1 86 163 78 1 54 128 29 1 122 125 74 1 0 0 0 0 54 83 81 1 82 92 90 1 0 0 0 0 82 95 97 1 0 0 0 0 0 0 0 0 0 0 0 0 99 100 66 1 95 91 130 1 118 133 129 1 90 115 59 1 48 39 38 1 19 21 2 1 22 10 22 1 0 0 0 0 6 22 36 1 0 0 0 0 93 115 65 1 103 98 102 1 61 101 111 1 114 164 83 1 142 123 101 1 91 75 42 1 68 73 68 1 0 0 0 0 104 142 85 1 46 109 77 1 122 112 77 1 0 0 0 0 96 120 67 1 132 121 79 1 23 5 25 1 7 35 15 1 0 34 0 1
82 132 39 1 91 111 49 1 92 142 64 1 0 0 0 0 126 188 139 1 90 124 67 1 91 115 111 1 99 96 105 1 68 125 99 1 42 50 49 1 0 0 47 1 41 68 21 1 0 0 0 0 104 156 77 1 131 88 73 1 139 88 57 1 98 128 64 1 84 113 85 1 61 89 80 1 131 126 122 1 99 89 76 1 137 148 98 1 99 104 35 1 78 104 89 1 121 101 107 1 101 133 77 1 95 100 74 1 105 99 49 1 57 113 108 1 68 124 61 1 94 135 58 1 129 69 78 1 77 127 49 1 63 104 59 1 95 47 78 1 85 102 50 1 106 110 36 1 27 92 64 1 41 46 34 1 7 45 9 1 11 0 20 1 0 0 0 0 47 56 66 1 83 137 124 1 0 0 0 0 41 141 77 1 69 80 54 1 80 117 63 1 111 85 65 1 53 106 79 1 96 155 81 1 0 0 0 0 113 129 89 1 99 108 98 1 116 142 99 1 102 96 52 1 71 83 28 1 101 166 98 1 102 95 56 1 0 0 0 0 54 108 87 1
97 125 76 1 121 118 92 1 97 128 134 1 49 72 50 1 0 0 0 0 16 61 39 1 77 80 51 1 118 98 111 1 94 94 126 1 22 76 34 1 39 0 17 1 59 73 22 1 135 149 90 1 110 146 102 1 116 118 76 1 146 176 101 1 0 0 0 0 89 89 46 1 86 97 59 1 0 0 0 0 102 85 37 1 116 124 101 1 0 0 0 0 0 0 0 0 106 102 86 1 0 0 0 0 72 114 54 1 92 126 77 1 108 112 76 1 53 65 12 1 91 102 94 1 66 87 55 1 0 0 0 0 0 0 0 0 78 143 123 1 111 121 61 1 124 82 83 1 14 59 54 1 6 64 45 1 0 0 0 0 29 0 39 1 0 0 0 0 38 78 49 1 0 0 0 0 52 81 99 1 53 108 64 1 68 92 92 1 148 160 91 1 107 130 125 1 91 100 51 1 78 76 65 1 81 93 116 1 66 48 83 1 39 27 50 1 77 110 38 1 96 98 38 1 79 123 80 1 107 81 39 1 87 99 102 1 103 148 74 1 56 127 92 1
101 192 124 1 59 107 42 1 80 76 73 1 102 120 98 1 123 90 39 1 90 91 26 1 105 154 134 1 0 0 0 0 55 91 70 1 0 0 47 1 0 41 43 1 57 64 65 1 89 99 68 1 73 122 53 1 99 104 87 1 0 0 0 0 125 110 41 1 78 134 44 1 24 74 49 1 12 87 30 1 88 93 69 1 125 130 128 1 121 122 78 1 128 120 93 1 99 68 37 1 73 110 83 1 83 83 72 1 85 58 99 1 0 0 0 0 111 123 87 1 62 133 106 1 107 112 88 1 108 105 109 1 86 148 90 1 0 0 0 0 53 113 51 1 104 109 106 1 7 21 15 1 34 0 13 1 0 0 0 0 13 54 20 1 48 57 16 1 51 95 54 1 85 73 107 1 23 48 10 1 0 0 0 0 54 56 46 1 72 98 79 1 59 77 96 1 112 107 79 1 89 102 95 1 0 0 0 0 89 94 87 1 70 92 53 1 115 98 68 1 74 98 97 1 77 82 17 1 34 70 63 1 71 110 56 1 41 90 27 1 78 63 84 1
112 169 100 1 78 96 70 1 78 76 81 1 98 125 123 1 95 87 44 1 69 109 77 1 111 104 64 1 16 70 25 1 0 62 0 1 9 53 51 1 0 0 0 0 3 23 21 1 13 63 63 1 40 93 30 1 61 75 72 1 74 93 71 1 110 71 101 1 133 129 72 1 108 84 94 1 0 0 0 0 101 89 97 1 90 122 90 1 119 110 58 1 0 0 0 0 25 90 24 1 70 83 34 1 88 109 50 1 112 84 82 1 54 67 85 1 109 117 20 1 74 117 50 1 97 80 75 1 124 92 88 1 81 121 75 1 78 88 45 1 119 108 92 1 189 168 150 1 60 83 99 1 41 73 42 1 64 78 73 1 101 96 60 1 83 107 113 1 49 119 80 1 47 58 20 1 0 46 24 1 0 45 11 1 8 15 10 1 0 0 0 0 0 61 0 1 0 0 0 0 70 72 83 1 55 110 128 1 73 112 86 1 74 99 77 1 44 69 53 1 60 105 23 1 36 90 55 1 77 104 49 1 101 110 40 1 12 58 58 1 89 77 74 1
85 107 72 1 79 79 84 1 46 105 74 1 31 42 22 1 41 69 52 1 68 106 70 1 64 106 58 1 85 131 90 1 18 48 77 1 16 35 0 1 0 22 35 1 0 0 0 0 43 37 46 1 0 9 4 1 1 40 2 1 85 124 58 1 109 117 114 1 105 85 95 1 130 124 100 1 92 97 90 1 101 93 93 1 102 83 78 1 88 90 50 1 127 147 112 1 74 91 123 1 83 111 84 1 109 84 84 1 110 114 134 1 67 107 60 1 97 81 37 1 96 81 84 1 46 93 68 1 83 88 87 1 117 95 73 1 0 0 0 0 94 80 96 1 0 0 0 0 255 222 218 1 135 124 127 1 134 119 138 1 87 113 107 1 94 145 88 1 46 99 24 1 6 33 0 1 7 34 11 1 44 88 57 1 24 32 47 1 0 77 18 1 0 61 31 1 23 44 32 1 64 49 91 1 68 96 98 1 94 97 34 1 56 99 85 1 0 0 0 0 61 93 63 1 98 108 68 1 71 103 42 1 71 67 65 1 86 75 75 1 85 78 101 1
75 106 81 1 69 70 76 1 24 66 51 1 25 88 52 1 27 56 0 1 48 101 25 1 63 89 85 1 98 102 71 1 61 33 33 1 29 84 102 1 50 103 87 1 53 101 76 1 49 81 66 1 0 0 0 0 32 21 47 1 48 91 60 1 72 105 57 1 0 0 0 0 8 42 38 1 105 139 99 1 74 78 101 1 0 0 0 0 117 115 96 1 121 130 88 1 73 119 80 1 85 150 63 1 112 135 80 1 0 0 0 0 110 103 39 1 106 128 80 1 68 114 95 1 59 82 66 1 0 0 0 0 139 106 56 1 113 101 117 1 152 103 45 1 226 255 231 1 204 238 148 1 128 131 132 1 93 80 108 1 99 92 67 1 113 113 72 1 0 0 0 0 56 54 25 1 26 14 17 1 11 22 21 1 23 24 32 1 19 39 48 1 0 0 0 0 0 32 1 1 49 53 56 1 119 145 126 1 98 89 104 1 107 125 128 1 139 120 87 1 102 53 51 1 80 157 77 1 123 92 42 1 0 0 0 0 107 96 40 1 65 170 100 1
64 119 92 1 78 126 37 1 79 89 63 1 54 94 68 1 15 46 73 1 22 51 67 1 0 0 0 0 25 64 29 1 0 15 7 1 0 0 0 0 25 88 84 1 66 89 129 1 90 124 69 1 77 115 98 1 65 123 82 1 121 82 120 1 0 0 0 0 93 93 103 1 71 109 26 1 92 136 86 1 93 112 72 1 0 0 0 0 163 138 134 1 78 91 85 1 118 156 93 1 83 122 105 1 129 151 97 1 111 87 74 1 73 118 67 1 114 136 133 1 125 138 132 1 98 142 88 1 0 0 0 0 67 93 42 1 82 106 77 1 69 74 61 1 190 220 147 1 136 201 132 1 117 147 32 1 59 80 66 1 97 92 80 1 99 106 93 1 95 125 76 1 106 102 61 1 42 22 54 1 10 33 0 1 80 32 34 1 30 27 26 1 0 79 29 1 26 40 6 1 0 0 0 0 45 58 86 1 57 85 46 1 63 100 66 1 130 167 141 1 0 0 0 0 106 115 77 1 104 95 52 1 30 61 31 1 51 66 91 1 98 100 114 1
98 117 95 1 53 70 54 1 96 73 77 1 19 82 83 1 71 114 73 1 60 95 65 1 118 176 94 1 57 81 48 1 0 28 0 1 0 37 1 1 50 28 6 1 18 41 12 1 0 0 0 0 91 108 89 1 127 149 141 1 159 116 77 1 89 101 80 1 103 149 89 1 71 75 78 1 166 165 142 1 0 0 0 0 0 0 0 0 117 111 115 1 105 79 84 1 78 129 88 1 119 98 73 1 136 125 118 1 127 122 64 1 105 121 75 1 0 0 0 0 64 131 59 1 86 138 94 1 86 83 79 1 78 92 62 1 112 134 36 1 116 102 102 1 142 124 95 1 127 91 92 1 107 69 80 1 103 120 109 1 93 76 74 1 0 0 0 0 60 131 100 1 88 127 87 1 0 0 0 0 0 0 0 0 0 9 34 1 56 71 53 1 2 40 22 1 7 0 29 1 25 9 0 1 0 0 11 1 15 51 30 1 60 78 58 1 79 130 70 1 107 124 53 1 76 87 94 1 118 66 23 1 80 131 37 1 69 74 122 1 51 99 85 1
121 130 82 1 102 122 72 1 61 65 73 1 57 59 66 1 33 68 18 1 73 117 79 1 80 84 64 1 76 76 33 1 19 41 50 1 32 54 21 1 1 24 0 1 0 0 0 0 6 24 0 1 0 10 2 1 56 75 53 1 83 88 105 1 112 128 76 1 111 117 107 1 88 90 74 1 41 88 70 1 142 144 150 1 77 47 44 1 80 71 27 1 122 116 86 1 41 74 0 1 102 113 72 1 112 101 92 1 117 77 85 1 144 165 101 1 92 135 86 1 81 128 94 1 57 100 70 1 0 0 0 0 51 98 92 1 100 135 100 1 115 131 104 1 122 121 94 1 60 46 48 1 94 89 70 1 72 71 18 1 71 72 117 1 105 173 77 1 61 103 103 1 0 0 0 0 60 69 46 1 34 4 35 1 9 23 8 1 35 0 0 1 0 38 35 1 0 26 24 1 29 9 42 1 3 46 41 1 0 27 33 1 0 1 4 1 53 49 73 1 115 85 115 1 88 52 46 1 106 98 42 1 87 98 61 1 24 90 58 1 68 17 32 1
82 120 81 1 105 74 85 1 75 90 46 1 45 124 58 1 47 85 95 1 62 96 83 1 94 118 71 1 61 113 102 1 83 116 96 1 56 74 17 1 29 57 82 1 39 140 74 1 18 0 32 1 0 0 27 1 111 121 88 1 94 129 70 1 129 125 99 1 137 84 89 1 129 127 55 1 54 59 25 1 135 87 135 1 100 82 82 1 82 133 110 1 177 173 117 1 107 120 93 1 148 156 104 1 129 99 106 1 78 71 53 1 86 104 95 1 76 70 62 1 27 56 34 1 0 0 0 0 83 105 96 1 118 119 79 1 0 0 0 0 53 40 60 1 0 0 0 0 113 117 109 1 91 110 85 1 105 82 68 1 101 82 86 1 114 138 108 1 106 109 148 1 79 85 82 1 6 38 12 1 0 13 34 1 0 50 0 1 0 15 12 1 0 33 0 1 0 36 31 1 0 43 39 1 0 23 39 1 25 13 21 1 31 0 31 1 0 0 0 0 142 125 123 1 70 65 48 1 98 82 27 1 0 0 0 0 32 13 16 1 0 16 0 1
60 58 73 1 90 114 113 1 80 107 134 1 68 83 59 1 64 92 72 1 110 164 119 1 50 92 81 1 30 114 84 1 142 135 85 1 90 116 95 1 83 47 100 1 108 99 75 1 70 77 79 1 11 0 4 1 67 81 62 1 70 119 35 1 115 132 124 1 155 151 148 1 175 170 166 1 91 122 76 1 107 78 78 1 135 94 85 1 108 153 98 1 152 127 113 1 160 141 113 1 0 0 0 0 120 154 106 1 56 107 84 1 123 134 70 1 132 105 87 1 127 173 143 1 38 59 59 1 65 82 75 1 95 126 89 1 122 108 99 1 153 139 120 1 105 127 115 1 92 56 80 1 112 149 138 1 144 83 82 1 51 26 28 1 9 22 0 1 48 22 56 1 32 51 15 1 4 29 22 1 0 24 26 1 0 16 24 1 15 21 48 1 0 85 18 1 7 4 42 1 23 11 40 1 0 42 38 1 22 29 35 1 0 0 0 1 16 3 0 1 80 58 84 1 113 111 99 1 76 132 99 1 24 51 60 1 37 42 12 1 12 0 0 1
96 104 33 1 62 78 78 1 103 143 91 1 42 77 31 1 86 83 70 1 31 127 63 1 81 105 81 1 0 0 0 0 0 0 0 0 130 113 173 1 92 87 65 1 111 92 82 1 62 117 61 1 18 75 27 1 143 138 112 1 115 150 117 1 180 168 145 1 129 153 126 1 155 156 121 1 114 115 133 1 205 207 141 1 112 160 147 1 101 102 134 1 192 147 146 1 118 89 70 1 0 0 0 0 115 90 92 1 103 120 116 1 0 0 0 0 64 117 58 1 7 49 0 1 0 9 0 1 55 65 24 1 96 154 81 1 113 94 58 1 78 152 114 1 145 115 79 1 121 111 76 1 80 129 98 1 95 134 141 1 84 109 78 1 25 0 30 1 0 0 0 0 0 20 27 1 12 26 42 1 0 36 23 1 3 13 59 1 3 0 16 1 7 20 35 1 0 34 23 1 29 8 42 1 0 0 0 0 0 24 16 1 0 16 37 1 0 0 0 0 83 101 24 1 120 141 100 1 101 119 129 1 86 117 52 1 107 105 57 1 0 0 0 0
51 90 71 1 114 90 119 1 0 0 0 0 45 89 95 1 48 95 63 1 111 72 71 1 87 104 55 1 115 112 113 1 112 134 141 1 103 118 57 1 0 0 0 0 0 0 0 0 122 113 102 1 96 92 51 1 117 143 97 1 148 123 140 1 196 244 123 1 239 255 171 1 177 133 141 1 168 198 139 1 143 163 184 1 209 193 164 1 165 201 203 1 99 126 86 1 90 136 82 1 120 112 104 1 101 89 41 1 95 100 81 1 110 121 106 1 46 62 71 1 0 22 0 1 45 108 51 1 82 72 41 1 129 63 103 1 83 128 89 1 101 107 96 1 100 97 81 1 0 0 0 0 88 101 74 1 93 94 69 1 81 116 88 1 62 64 37 1 2 56 51 1 5 53 19 1 55 71 42 1 0 86 39 1 17 45 55 1 0 1 36 1 0 22 13 1 0 13 0 1 0 0 36 1 14 30 0 1 0 0 0 1 0 0 0 0 0 0 12 1 96 94 67 1 102 144 69 1 29 103 55 1 95 138 93 1 131 121 105 1 109 65 84 1
75 38 43 1 72 107 89 1 71 98 49 1 71 76 79 1 0 0 0 0 70 75 32 1 65 142 81 1 152 121 97 1 83 127 116 1 112 114 93 1 87 78 90 1 115 149 107 1 0 0 0 0 78 74 47 1 141 129 116 1 203 157 119 1 184 172 159 1 179 171 156 1 141 88 97 1 222 253 223 1 176 137 105 1 116 77 105 1 0 0 0 0 111 86 62 1 51 19 28 1 0 0 0 0 64 99 86 1 73 81 98 1 1 56 32 1 0 56 10 1 18 48 38 1 22 70 13 1 108 125 79 1 93 125 65 1 68 66 40 1 82 116 57 1 77 94 39 1 47 72 49 1 79 61 47 1 105 119 61 1 80 137 91 1 103 128 118 1 65 80 70 1 69 36 59 1 21 26 42 1 32 53 36 1 0 66 34 1 5 15 38 1 11 38 29 1 7 62 4 1 0 36 0 1 0 54 79 1 19 28 30 1 0 0 30 1 0 0 3 1 73 84 91 1 0 0 0 0 115 125 106 1 48 63 43 1 85 72 59 1 68 104 44 1
65 113 81 1 73 112 59 1 103 137 117 1 83 158 20 1 94 152 81 1 86 131 94 1 0 0 0 0 111 81 71 1 152 72 99 1 118 116 102 1 122 89 63 1 156 86 78 1 98 98 98 1 82 82 105 1 116 83 81 1 76 106 81 1 152 156 139 1 149 176 143 1 225 252 158 1 0 0 0 0 100 107 97 1 117 123 74 1 166 149 125 1 142 130 82 1 43 43 4 1 0 3 30 1 0 10 0 1 1 26 8 1 0 0 0 0 8 21 32 1 4 64 46 1 0 11 15 1 31 28 0 1 0 0 0 0 43 8 0 1 12 55 55 1 86 121 72 1 57 126 84 1 102 140 94 1 0 0 0 0 95 113 98 1 96 111 70 1 72 125 99 1 84 63 67 1 14 78 26 1 21 57 11 1 48 5 40 1 0 22 23 1 15 44 32 1 0 16 27 1 0 39 10 1 0 0 0 0 10 55 38 1 0 58 15 1 27 64 27 1 70 76 38 1 68 96 65 1 93 70 73 1 78 95 65 1 128 94 76 1 82 51 58 1
104 132 123 1 43 77 77 1 0 0 0 0 130 137 77 1 0 0 0 0 182 222 239 1 0 0 0 0 132 122 70 1 96 120 92 1 82 112 89 1 124 79 43 1 88 117 110 1 85 153 87 1 98 124 92 1 104 105 91 1 86 89 56 1 108 91 116 1 0 0 0 0 82 131 73 1 84 110 102 1 122 141 131 1 149 101 100 1 61 82 60 1 131 145 117 1 72 90 66 1 0 44 53 1 0 14 23 1 0 0 0 0 29 42 30 1 52 11 13 1 56 58 34 1 3 6 6 1 5 49 9 1 0 0 0 0 16 21 0 1 31 27 40 1 0 0 0 0 141 147 99 1 89 103 70 1 23 93 34 1 14 55 18 1 58 45 27 1 0 0 0 0 43 81 17 1 0 42 3 1 0 0 0 0 8 59 3 1 1 53 55 1 0 26 0 1 0 23 10 1 11 14 24 1 29 84 49 1 120 127 92 1 81 166 74 1 117 114 119 1 97 99 107 1 43 87 15 1 101 124 90 1 115 126 79 1 94 121 62 1 75 121 48 1
0 0 0 0 93 142 146 1 124 121 98 1 118 138 93 1 152 146 72 1 166 121 133 1 61 149 94 1 83 103 96 1 81 92 55 1 72 99 73 1 92 99 45 1 90 133 130 1 90 81 95 1 72 71 79 1 93 135 97 1 117 128 96 1 156 115 135 1 0 0 0 0 99 84 31 1 107 137 93 1 73 122 84 1 86 93 82 1 76 78 75 1 104 186 126 1 10 30 46 1 0 0 0 0 0 0 8 1 60 10 7 1 19 0 0 1 6 25 60 1 0 35 55 1 18 44 84 1 10 19 10 1 20 14 49 1 3 32 21 1 0 30 12 1 0 0 42 1 5 52 22 1 0 4 0 1 0 0 0 1 0 18 11 1 0 47 0 1 5 60 40 1 0 0 0 0 0 66 42 1 5 47 52 1 0 32 17 1 13 22 18 1 0 45 33 1 6 7 0 1 76 48 34 1 96 130 108 1 117 119 46 1 0 0 0 0 68 117 58 1 32 94 33 1 30 111 34 1 109 133 52 1 34 76 48 1 87 95 62 1 108 98 70 1
89 82 111 1 59 87 52 1 79 132 136 1 159 186 113 1 74 145 94 1 54 85 64 1 108 110 82 1 96 105 49 1 38 66 47 1 87 98 52 1 0 0 0 0 85 146 100 1 107 136 154 1 0 0 0 0 55 94 61 1 70 75 56 1 113 121 65 1 44 83 61 1 86 68 66 1 78 37 44 1 115 166 149 1 66 112 47 1 127 145 110 1 155 151 175 1 103 129 79 1 0 66 0 1 0 0 0 0 18 68 40 1 0 23 0 1 31 0 44 1 8 33 0 1 26 25 16 1 0 39 0 1 0 0 0 0 46 41 42 1 4 51 18 1 0 40 0 1 43 21 24 1 10 15 16 1 22 38 30 1 9 27 34 1 0 0 0 0 0 0 0 0 66 85 84 1 14 72 0 1 26 14 13 1 0 0 5 1 9 83 12 1 9 46 9 1 12 0 71 1 52 105 69 1 96 131 83 1 84 81 40 1 38 94 55 1 93 158 53 1 63 107 56 1 33 78 31 1 25 62 0 1 104 140 98 1 147 138 96 1 119 119 62 1
7 0 52 1 27 24 22 1 117 134 88 1 185 195 171 1 94 86 46 1 0 51 0 1 20 20 25 1 0 0 0 0 27 26 0 1 54 77 43 1 118 124 99 1 124 100 98 1 111 146 74 1 118 136 115 1 95 94 68 1 121 113 89 1 107 126 113 1 142 149 69 1 71 84 59 1 84 44 66 1 91 105 48 1 123 99 58 1 94 45 63 1 117 136 122 1 83 117 49 1 0 0 0 0 44 52 15 1 48 73 33 1 0 5 11 1 35 87 24 1 0 56 28 1 0 30 17 1 0 29 62 1 22 53 34 1 52 48 37 1 0 59 33 1 9 2 40 1 22 2 46 1 0 43 28 1 13 53 17 1 19 28 31 1 0 42 20 1 0 0 0 0 29 48 28 1 24 42 61 1 19 0 47 1 0 51 39 1 21 1 24 1 0 6 5 1 12 48 61 1 94 74 125 1 97 138 93 1 90 157 97 1 117 141 94 1 85 104 52 1 75 140 35 1 161 133 60 1 0 0 0 0 143 121 85 1 159 189 130 1 0 0 0 0
0 7 0 1 21 26 10 1 139 164 154 1 140 164 173 1 43 63 34 1 29 19 0 1 10 2 7 1 0 27 0 1 0 51 15 1 13 16 8 1 35 18 20 1 37 89 68 1 64 84 64 1 90 160 126 1 78 125 110 1 0 0 0 0 70 83 64 1 104 81 50 1 65 90 95 1 0 50 40 1 104 91 129 1 145 159 134 1 155 135 122 1 151 171 154 1 119 173 132 1 84 66 85 1 88 116 88 1 70 118 98 1 58 42 103 1 38 85 69 1 12 40 57 1 20 8 36 1 0 65 35 1 0 36 36 1 3 28 55 1 0 18 18 1 0 20 13 1 43 48 27 1 12 69 14 1 30 48 17 1 0 36 24 1 0 0 0 0 0 59 31 1 24 42 10 1 0 0 0 0 0 41 2 1 23 22 45 1 3 3 28 1 25 52 25 1 14 11 40 1 0 57 0 1 0 56 16 1 31 66 39 1 40 100 99 1 61 97 84 1 59 113 77 1 50 79 60 1 63 118 49 1 58 74 21 1 102 105 33 1 145 140 84 1
0 7 5 1 51 40 71 1 212 208 170 1 103 128 84 1 0 30 7 1 0 14 0 1 0 19 29 1 0 28 20 1 0 50 80 1 0 0 0 0 0 0 0 0 0 22 49 1 20 29 42 1 46 119 108 1 100 37 63 1 120 90 69 1 45 75 50 1 30 85 70 1 57 105 47 1 4 0 0 1 64 88 107 1 85 128 88 1 113 140 84 1 114 147 97 1 60 87 61 1 0 0 0 0 87 78 59 1 75 89 97 1 33 77 92 1 23 51 51 1 0 0 0 1 7 9 26 1 0 56 29 1 34 20 58 1 0 20 36 1 0 46 26 1 0 26 0 1 15 0 46 1 10 74 64 1 30 36 60 1 0 0 0 0 68 108 59 1 18 67 52 1 0 54 2 1 2 75 0 1 13 14 13 1 8 25 50 1 0 0 37 1 26 46 20 1 0 0 0 0 0 0 0 0 0 0 9 1 44 52 51 1 26 41 34 1 52 25 24 1 58 93 2 1 117 97 106 1 98 117 102 1 100 101 34 1 95 101 87 1 101 119 136 1
1 0 0 1 48 65 28 1 67 83 89 1 20 0 0 1 6 30 31 1 0 55 18 1 13 0 35 1 0 0 0 0 0 0 0 0 0 1 45 1 13 71 67 1 1 43 63 1 13 3 28 1 42 55 0 1 0 0 0 0 108 145 76 1 128 126 79 1 38 79 36 1 0 0 0 0 45 102 79 1 0 25 0 1 29 15 0 1 24 61 17 1 19 20 7 1 9 30 12 1 30 79 26 1 48 57 62 1 122 111 79 1 85 134 109 1 54 82 35 1 0 26 9 1 0 58 15 1 33 14 0 1 0 2 47 1 24 0 13 1 0 0 0 0 0 43 10 1 0 0 20 1 24 51 8 1 33 40 28 1 11 28 21 1 1 38 55 1 39 47 25 1 0 0 0 0 0 29 17 1 0 38 34 1 14 66 2 1 0 21 36 1 8 42 14 1 0 28 15 1 0 13 37 1 46 51 53 1 0 0 0 0 40 42 55 1 54 95 11 1 91 94 42 1 103 107 81 1 102 159 82 1 77 116 57 1 112 119 98 1 103 90 97 1
20 101 37 1 111 140 116 1 87 82 121 1 0 0 0 0 0 18 44 1 0 36 1 1 0 12 0 1 24 7 51 1 28 29 8 1 0 0 0 0 0 19 30 1 2 11 0 1 0 23 2 1 2 12 0 1 9 46 18 1 138 125 99 1 97 133 92 1 61 71 44 1 4 98 72 1 25 49 72 1 30 52 33 1 0 52 0 1 0 16 0 1 26 16 0 1 11 4 0 1 0 14 9 1 20 36 25 1 58 67 43 1 34 53 81 1 0 9 25 1 0 26 0 1 4 45 16 1 0 0 0 0 0 45 36 1 0 16 0 1 0 50 36 1 16 26 17 1 21 29 14 1 0 60 37 1 42 56 29 1 36 37 70 1 0 35 61 1 3 25 0 1 31 31 33 1 8 63 3 1 8 27 3 1 0 38 24 1 0 1 19 1 0 43 0 1 2 19 0 1 70 117 76 1 60 64 33 1 47 111 54 1 0 0 0 0 78 96 98 1 97 95 109 1 52 73 72 1 101 73 42 1 88 88 81 1 137 121 106 1 105 127 89 1
0 0 0 0 152 171 151 1 35 55 34 1 25 6 26 1 7 17 17 1 0 0 20 1 0 6 30 1 0 16 60 1 7 37 0 1 0 29 34 1 11 15 43 1 0 33 0 1 0 0 0 0 0 24 32 1 6 28 48 1 107 178 88 1 0 0 0 0 90 122 87 1 97 137 112 1 0 70 16 1 1 0 19 1 17 44 33 1 27 15 0 1 0 36 23 1 0 11 67 1 68 63 69 1 67 57 102 1 28 70 49 1 17 54 12 1 0 22 70 1 0 47 44 1 14 57 14 1 5 25 38 1 0 20 12 1 0 6 0 1 0 19 63 1 0 0 0 0 27 44 40 1 0 0 0 0 19 23 33 1 0 0 0 0 7 29 23 1 0 47 0 1 43 22 14 1 38 44 21 1 44 46 36 1 0 23 15 1 37 51 47 1 14 67 35 1 59 118 48 1 88 126 88 1 0 0 0 0 110 88 52 1 73 92 89 1 0 0 0 0 44 81 36 1 0 34 5 1 0 0 0 0 89 109 85 1 118 159 79 1 58 63 95 1
140 204 179 1 114 150 97 1 0 0 27 1 1 0 3 1 1 30 54 1 0 34 49 1 0 66 27 1 0 39 86 1 20 0 46 1 0 52 41 1 44 30 38 1 1 7 34 1 26 15 0 1 25 43 17 1 54 59 53 1 117 139 93 1 61 98 70 1 134 134 158 1 15 32 26 1 5 49 37 1 13 24 19 1 10 36 41 1 0 43 4 1 12 19 0 1 0 58 15 1 14 15 33 1 21 63 8 1 0 10 15 1 0 0 0 0 11 26 51 1 0 19 58 1 0 0 0 0 28 55 25 1 0 0 0 0 42 30 57 1 13 38 57 1 7 50 19 1 0 11 34 1 0 57 8 1 0 42 21 1 0 56 6 1 29 33 12 1 28 29 0 1 8 23 0 1 27 41 66 1 98 99 105 1 77 72 10 1 34 24 0 1 78 141 127 1 0 0 0 0 112 131 74 1 96 137 116 1 92 95 63 1 113 104 58 1 36 110 62 1 5 0 32 1 0 17 4 1 104 77 42 1 130 173 155 1 98 81 93 1 0 0 0 0
161 195 172 1 68 114 71 1 0 9 13 1 17 66 42 1 0 20 19 1 0 37 44 1 0 1 44 1 0 0 56 1 19 3 47 1 43 0 52 1 20 42 9 1 0 37 61 1 0 66 39 1 0 40 3 1 38 46 85 1 92 95 72 1 0 0 0 0 0 38 20 1 0 25 36 1 0 26 27 1 13 10 36 1 0 35 13 1 12 24 42 1 0 47 27 1 0 0 0 0 0 67 0 1 0 0 6 1 0 40 24 1 20 52 34 1 0 59 0 1 0 3 11 1 24 23 0 1 0 44 41 1 30 20 30 1 0 0 0 0 0 49 74 1 4 7 10 1 29 14 25 1 41 79 39 1 0 0 0 0 0 23 8 1 0 28 0 1 7 19 55 1 0 32 10 1 27 55 40 1 0 0 0 0 87 58 33 1 49 79 56 1 133 92 58 1 109 96 33 1 117 150 101 1 101 148 90 1 102 85 103 1 0 0 0 0 0 37 0 1 48 38 0 1 26 84 67 1 81 96 109 1 163 162 130 1 25 95 61 1 86 100 115 1
0 0 0 0 64 49 33 1 9 9 0 1 0 24 0 1 0 17 0 1 0 32 30 1 0 61 56 1 0 40 46 1 0 9 64 1 34 13 39 1 5 0 0 1 15 57 41 1 35 19 43 1 0 6 51 1 0 0 0 0 0 0 0 0 90 122 89 1 9 43 0 1 0 37 36 1 29 45 61 1 0 0 0 0 0 22 18 1 4 39 6 1 12 12 14 1 14 41 30 1 12 74 27 1 9 46 12 1 9 22 91 1 0 37 33 1 0 25 26 1 4 4 8 1 2 47 4 1 28 23 17 1 9 25 10 1 14 51 44 1 2 44 7 1 17 33 8 1 23 58 59 1 44 20 31 1 0 30 22 1 0 36 3 1 17 43 2 1 1 28 0 1 0 0 0 0 100 113 104 1 125 118 83 1 63 82 77 1 88 80 103 1 132 127 76 1 111 114 118 1 140 128 132 1 88 146 78 1 41 93 53 1 16 9 14 1 0 70 0 1 47 108 82 1 115 123 92 1 82 85 114 1 73 59 60 1 41 43 33 1 14 99 41 1
228 239 197 1 124 162 71 1 54 52 10 1 14 0 0 1 0 46 0 1 1 36 0 1 14 40 23 1 0 58 30 1 0 25 40 1 53 21 59 1 46 26 99 1 0 12 63 1 32 62 43 1 0 15 37 1 0 44 0 1 51 95 100 1 29 76 77 1 9 25 0 1 0 0 0 0 10 26 85 1 19 38 54 1 3 45 22 1 0 16 30 1 29 57 38 1 0 35 47 1 28 4 0 1 25 50 26 1 0 34 0 1 0 0 26 1 17 0 0 1 0 0 0 0 40 51 28 1 0 46 21 1 3 30 23 1 28 46 45 1 23 68 68 1 41 47 0 1 65 58 34 1 0 24 26 1 1 31 0 1 0 35 24 1 55 93 41 1 64 98 42 1 61 60 50 1 102 133 59 1 97 111 48 1 0 0 0 0 117 105 93 1 108 113 67 1 94 103 71 1 92 96 105 1 6 0 14 1 12 32 0 1 0 16 11 1 45 74 68 1 99 120 122 1 59 115 49 1 27 72 47 1 0 21 0 1 16 25 11 1 44 96 75 1
255 255 230 1 140 147 145 1 28 27 27 1 0 0 7 1 26 37 16 1 0 25 40 1 0 0 48 1 1 0 35 1 0 23 29 1 2 21 22 1 5 9 5 1 0 43 12 1 15 43 0 1 8 43 66 1 8 45 36 1 0 0 0 0 0 46 9 1 1 35 19 1 0 50 39 1 0 0 35 1 0 28 15 1 10 36 43 1 0 4 0 1 38 37 61 1 0 33 59 1 28 45 31 1 4 75 45 1 3 0 19 1 9 5 16 1 0 6 14 1 0 55 29 1 0 17 0 1 0 0 0 0 27 24 0 1 36 28 48 1 0 0 0 0 0 0 0 0 38 37 25 1 40 69 44 1 0 0 0 0 51 117 84 1 97 109 93 1 168 155 143 1 108 162 111 1 0 0 0 0 117 159 90 1 152 106 132 1 79 99 91 1 33 107 48 1 52 30 29 1 54 87 40 1 49 54 21 1 0 29 26 1 34 64 56 1 84 121 77 1 82 132 99 1 53 77 41 1 9 50 68 1 14 29 54 1 1 17 39 1 1 59 0 1
201 170 125 1 36 113 87 1 71 56 123 1 9 83 32 1 25 41 34 1 28 47 36 1 0 39 61 1 0 51 51 1 0 54 74 1 11 50 15 1 32 59 1 1 0 0 0 1 0 5 22 1 0 15 33 1 48 74 113 1 36 91 82 1 0 19 41 1 27 22 14 1 0 19 10 1 0 36 43 1 0 50 38 1 10 31 29 1 0 19 0 1 41 51 41 1 16 45 0 1 0 49 8 1 20 41 59 1 4 28 0 1 12 13 23 1 16 13 26 1 22 29 0 1 26 53 39 1 0 34 27 1 3 44 38 1 0 36 45 1 0 34 19 1 0 27 5 1 0 0 0 1 20 12 0 1 3 74 66 1 31 40 37 1 30 83 42 1 98 91 65 1 20 83 47 1 155 140 136 1 121 120 129 1 83 43 72 1 12 20 0 1 54 69 40 1 0 31 15 1 0 25 43 1 0 55 11 1 12 24 18 1 35 14 66 1 83 105 56 1 81 96 46 1 0 0 0 0 27 27 35 1 17 56 60 1 45 26 0 1 0 5 2 1
191 184 177 1 92 130 109 1 53 85 48 1 37 0 11 1 0 9 12 1 16 24 30 1 8 2 0 1 19 6 32 1 0 0 0 0 0 0 0 0 0 0 0 0 6 41 24 1 0 40 50 1 11 54 50 1 17 79 81 1 0 59 39 1 26 65 23 1 0 19 22 1 15 0 48 1 9 12 5 1 2 1 4 1 28 43 54 1 0 10 37 1 0 0 0 0 0 40 29 1 0 0 0 0 35 12 7 1 0 26 0 1 14 8 49 1 16 25 34 1 0 0 0 0 36 53 34 1 41 4 24 1 54 83 35 1 0 0 0 0 0 19 21 1 19 13 46 1 0 17 1 1 15 67 2 1 8 34 12 1 2 28 12 1 13 46 5 1 0 11 27 1 83 117 31 1 99 144 108 1 36 85 23 1 2 56 0 1 0 1 23 1 22 0 12 1 0 55 29 1 17 19 35 1 0 28 9 1 52 61 67 1 31 15 36 1 75 78 66 1 74 108 40 1 14 0 11 1 0 0 0 0 35 37 38 1 14 49 56 1 0 0 0 0
161 173 197 1 97 124 112 1 75 53 53 1 0 35 8 1 11 15 38 1 0 12 42 1 0 0 30 1 0 0 0 0 0 24 0 1 0 33 58 1 12 76 18 1 40 8 9 1 0 28 12 1 14 66 94 1 0 6 11 1 0 0 0 0 0 19 31 1 0 14 33 1 0 25 4 1 9 6 18 1 0 31 14 1 0 0 0 0 5 35 61 1 18 47 29 1 24 43 17 1 13 40 34 1 12 10 41 1 0 25 21 1 10 0 39 1 0 28 26 1 9 10 32 1 0 2 10 1 0 0 0 0 0 46 8 1 20 18 1 1 30 48 38 1 103 92 82 1 0 0 0 0 0 0 0 0 31 95 49 1 64 63 78 1 62 63 54 1 16 0 9 1 98 51 91 1 109 85 105 1 0 0 21 1 28 69 0 1 33 33 15 1 0 0 0 0 0 0 0 0 5 41 34 1 0 0 51 1 2 57 56 1 0 42 37 1 76 89 81 1 43 37 93 1 0 40 0 1 0 0 0 0 0 29 0 1 0 4 0 1 0 0 0 0
0 0 0 0 114 179 179 1 137 135 129 1 49 60 65 1 0 34 0 1 0 0 0 0 2 19 19 1 13 7 0 1 19 13 10 1 32 19 48 1 15 19 0 1 65 49 82 1 124 152 103 1 63 99 95 1 33 71 73 1 0 5 60 1 11 28 57 1 1 50 14 1 2 37 31 1 80 65 70 1 24 0 15 1 0 5 48 1 0 0 0 0 6 35 0 1 22 22 33 1 0 43 0 1 16 70 35 1 18 6 78 1 0 0 0 0 5 29 37 1 0 0 17 1 23 2 0 1 6 104 55 1 82 72 60 1 106 89 93 1 33 66 52 1 56 90 62 1 99 80 75 1 99 116 37 1 97 158 122 1 75 98 72 1 0 0 0 0 55 59 51 1 24 51 29 1 0 29 11 1 1 5 48 1 4 0 26 1 0 46 40 1 0 44 6 1 0 27 72 1 52 75 44 1 37 45 22 1 0 0 0 0 33 54 31 1 98 105 7 1 38 68 68 1 23 62 18 1 11 40 41 1 15 32 16 1 40 46 59 1 29 36 21 1
126 96 87 1 141 182 143 1 115 120 93 1 40 83 53 1 0 19 0 1 0 0 9 1 35 14 9 1 18 0 0 1 25 27 0 1 8 50 0 1 74 106 86 1 109 118 113 1 92 125 70 1 68 50 103 1 0 72 70 1 0 36 31 1 23 28 49 1 45 67 37 1 40 36 17 1 16 19 1 1 3 14 23 1 61 69 48 1 40 75 39 1 84 96 115 1 42 123 51 1 103 52 76 1 0 91 27 1 40 12 58 1 0 53 42 1 0 44 14 1 31 99 31 1 9 67 59 1 94 113 96 1 82 121 97 1 58 70 30 1 78 64 21 1 82 110 93 1 93 74 75 1 107 94 54 1 0 0 0 0 61 112 33 1 62 92 64 1 49 72 73 1 49 81 20 1 13 50 25 1 0 16 14 1 3 8 10 1 25 23 53 1 43 28 24 1 0 42 7 1 28 66 32 1 39 40 14 1 4 72 47 1 26 2 31 1 41 77 39 1 106 120 109 1 49 50 20 1 29 22 36 1 0 45 21 1 1 12 1 1 0 17 13 1
185 161 137 1 144 161 115 1 0 0 0 0 0 0 0 0 35 15 39 1 16 13 17 1 30 54 10 1 0 0 0 0 48 83 39 1 49 117 67 1 143 130 106 1 89 145 140 1 90 58 96 1 53 71 38 1 0 20 20 1 0 23 0 1 21 34 40 1 0 62 11 1 22 55 31 1 0 65 73 1 14 37 16 1 13 82 95 1 100 91 116 1 97 142 77 1 137 97 89 1 93 119 84 1 75 86 47 1 53 72 3 1 35 29 0 1 0 41 0 1 24 82 41 1 52 104 13 1 83 109 60 1 112 121 71 1 0 0 0 0 73 61 91 1 49 108 70 1 67 85 1 1 74 98 70 1 46 55 40 1 0 0 0 0 75 70 77 1 27 10 28 1 3 66 21 1 65 74 64 1 57 67 82 1 35 1 8 1 0 8 16 1 0 7 37 1 17 24 42 1 0 63 7 1 0 43 22 1 0 61 6 1 3 55 26 1 12 63 55 1 106 115 115 1 42 61 73 1 0 0 0 0 17 73 39 1 0 0 0 0 0 6 28 1
71 130 88 1 59 53 43 1 106 108 75 1 188 143 161 1 46 78 79 1 28 64 34 1 0 0 0 0 159 177 128 1 164 147 177 1 131 181 118 1 120 117 77 1 134 127 130 1 81 107 88 1 23 43 34 1 19 34 0 1 15 42 0 1 18 45 6 1 0 12 0 1 0 65 15 1 42 12 4 1 11 92 58 1 93 100 87 1 81 127 49 1 8 76 43 1 70 80 39 1 38 76 69 1 116 115 62 1 90 84 107 1 113 110 100 1 82 131 55 1 86 49 92 1 75 124 81 1 0 0 0 0 99 91 86 1 89 136 90 1 50 34 35 1 57 0 31 1 79 95 2 1 87 103 81 1 70 167 85 1 68 69 41 1 31 63 0 1 6 18 0 1 0 0 0 0 49 74 0 1 15 90 48 1 0 0 0 0 0 50 20 1 8 22 49 1 0 18 7 1 0 15 20 1 14 67 47 1 0 0 0 0 0 61 43 1 8 67 49 1 95 106 103 1 23 25 50 1 61 76 65 1 70 83 51 1 0 31 0 1 50 82 45 1
131 145 106 1 84 105 152 1 0 0 0 0 130 113 91 1 109 125 63 1 60 92 59 1 139 112 156 1 136 165 147 1 179 173 151 1 144 151 110 1 115 106 116 1 94 93 70 1 91 104 83 1 29 42 60 1 0 42 0 1 0 0 37 1 0 0 0 0 0 0 0 0 0 39 0 1 39 9 102 1 45 100 50 1 96 125 99 1 34 85 45 1 61 117 29 1 105 168 119 1 123 114 69 1 105 115 58 1 67 129 95 1 105 162 113 1 104 113 89 1 0 0 0 0 26 91 39 1 89 90 3 1 94 79 85 1 77 90 84 1 16 23 6 1 16 0 0 1 19 124 70 1 48 71 62 1 63 113 72 1 0 49 46 1 67 121 107 1 0 34 29 1 3 33 69 1 22 79 1 1 68 96 69 1 70 65 39 1 8 38 0 1 12 27 21 1 0 27 33 1 32 61 29 1 46 29 2 1 22 30 29 1 70 69 67 1 102 127 96 1 81 104 109 1 4 44 2 1 18 91 63 1 18 101 70 1 0 0 0 0 0 109 80 1
136 117 126 1 82 113 44 1 139 166 84 1 110 107 74 1 0 0 0 0 119 154 115 1 123 123 99 1 71 97 85 1 90 97 66 1 97 103 83 1 80 65 107 1 115 85 65 1 81 104 94 1 55 92 17 1 15 32 0 1 0 40 39 1 0 48 60 1 0 0 0 0 1 55 14 1 0 0 0 0 103 120 67 1 68 73 35 1 71 111 73 1 64 40 43 1 120 99 80 1 135 130 149 1 73 133 88 1 98 80 62 1 82 64 46 1 73 59 46 1 0 47 0 1 0 0 0 0 17 61 38 1 80 126 60 1 98 73 86 1 31 52 28 1 34 45 27 1 24 53 31 1 41 60 13 1 79 97 68 1 82 65 0 1 179 228 213 1 34 40 31 1 0 18 1 1 0 0 0 0 50 108 36 1 49 108 81 1 0 0 0 1 44 4 4 1 0 7 18 1 48 36 26 1 2 21 14 1 41 53 52 1 29 88 75 1 56 105 104 1 49 36 23 1 0 0 0 0 36 42 14 1 26 30 64 1 34 46 31 1 20 49 42 1
79 96 77 1 99 90 96 1 0 0 0 0 130 108 81 1 93 140 134 1 128 156 113 1 111 96 119 1 23 87 73 1 71 92 17 1 53 85 82 1 0 0 0 0 106 98 66 1 22 67 42 1 0 30 42 1 7 21 33 1 34 39 58 1 0 0 0 0 7 58 114 1 100 105 117 1 119 106 65 1 98 122 77 1 94 107 37 1 80 118 70 1 84 112 79 1 85 88 54 1 90 141 91 1 106 119 107 1 0 0 0 0 0 0 0 0 31 32 0 1 6 12 10 1 0 7 0 1 23 56 26 1 105 131 129 1 0 43 28 1 0 29 54 1 17 37 35 1 0 0 0 1 0 0 0 0 27 37 49 1 27 36 18 1 155 220 111 1 72 129 71 1 21 73 100 1 0 0 0 0 35 19 6 1 0 6 29 1 23 120 101 1 0 78 79 1 18 20 58 1 0 21 0 1 14 41 13 1 32 18 13 1 78 71 68 1 79 109 49 1 30 1 0 1 0 21 12 1 16 76 53 1 0 0 0 0 0 43 22 1 25 8 0 1
70 107 59 1 0 0 0 0 89 156 110 1 135 105 104 1 56 121 43 1 127 171 132 1 100 163 131 1 80 110 68 1 62 103 13 1 0 0 0 0 96 95 81 1 39 35 40 1 0 3 39 1 19 35 34 1 34 35 69 1 84 91 100 1 0 0 0 0 36 117 99 1 52 105 103 1 59 118 101 1 92 99 65 1 96 99 50 1 76 49 90 1 125 137 80 1 95 98 116 1 80 115 132 1 57 133 99 1 68 117 61 1 41 11 43 1 0 0 11 1 33 29 23 1 30 29 9 1 24 40 43 1 77 111 90 1 14 61 0 1 5 0 40 1 29 0 15 1 2 48 0 1 6 37 7 1 10 56 23 1 0 0 0 0 0 0 0 0 33 47 11 1 74 109 33 1 42 53 29 1 13 33 0 1 42 80 26 1 74 84 75 1 0 0 0 0 0 71 32 1 0 0 0 0 0 59 7 1 52 21 39 1 87 111 93 1 88 98 127 1 19 88 56 1 0 37 0 1 8 46 11 1 0 10 5 1 0 22 0 1 0 10 8 1
46 68 45 1 121 94 51 1 104 81 70 1 83 117 108 1 85 109 105 1 98 115 103 1 104 135 117 1 109 117 84 1 48 110 96 1 113 121 87 1 67 106 60 1 0 18 0 1 10 7 6 1 0 29 0 1 0 68 15 1 82 82 88 1 59 103 137 1 82 114 137 1 73 172 62 1 76 125 73 1 97 109 104 1 112 199 90 1 80 105 95 1 103 91 40 1 112 87 13 1 103 117 139 1 98 124 96 1 41 34 40 1 9 23 10 1 26 51 31 1 27 58 13 1 14 70 21 1 21 53 2 1 58 92 99 1 45 36 39 1 0 18 28 1 0 12 0 1 0 6 58 1 13 50 13 1 52 76 15 1 0 0 0 0 41 46 84 1 0 31 15 1 27 11 0 1 0 0 0 0 13 65 5 1 35 56 13 1 2 46 16 1 0 56 4 1 0 31 54 1 5 64 38 1 35 67 47 1 55 112 63 1 102 130 89 1 78 143 97 1 81 92 100 1 0 45 28 1 0 0 0 0 7 27 30 1 24 86 58 1 0 60 42 1
113 136 94 1 90 122 93 1 74 58 35 1 45 103 36 1 94 109 57 1 73 101 86 1 77 81 66 1 22 98 24 1 119 90 107 1 107 106 92 1 20 55 39 1 1 74 0 1 0 46 49 1 19 28 18 1 0 11 0 1 62 45 20 1 59 99 99 1 108 96 66 1 77 99 87 1 78 111 56 1 72 102 81 1 62 74 43 1 80 79 97 1 122 101 123 1 0 0 0 0 98 111 111 1 101 89 50 1 31 22 27 1 0 43 14 1 10 45 11 1 34 60 95 1 0 0 0 0 61 113 57 1 15 99 53 1 51 101 31 1 0 67 84 1 0 24 49 1 0 49 0 1 0 32 18 1 40 73 32 1 0 16 0 1 4 8 46 1 38 17 33 1 0 58 6 1 0 0 0 0 0 0 0 0 1 54 38 1 9 14 39 1 0 28 37 1 3 47 19 1 36 41 11 1 49 64 29 1 0 0 0 0 58 109 64 1 104 122 79 1 85 108 82 1 40 46 11 1 0 0 0 0 0 6 0 1 13 46 9 1 69 45 78 1
71 92 25 1 114 71 54 1 65 124 103 1 60 73 78 1 44 65 53 1 88 105 49 1 152 130 93 1 123 185 143 1 106 171 176 1 138 193 166 1 72 96 74 1 29 30 22 1 0 0 0 1 0 65 0 1 4 48 7 1 47 104 56 1 85 86 52 1 66 111 71 1 85 93 47 1 0 0 0 0 128 111 102 1 93 130 79 1 85 89 65 1 85 49 70 1 124 127 45 1 98 95 76 1 69 88 45 1 14 70 3 1 0 42 25 1 0 37 20 1 17 74 41 1 0 0 0 0 118 155 105 1 34 57 73 1 30 90 40 1 83 92 66 1 56 107 52 1 0 16 22 1 0 0 0 0 34 34 8 1 0 9 0 1 28 55 48 1 0 15 7 1 68 73 81 1 78 86 74 1 50 51 31 1 0 54 14 1 1 42 36 1 37 9 16 1 0 0 0 0 15 34 0 1 0 29 0 1 0 63 16 1 51 46 0 1 28 87 63 1 48 87 89 1 40 113 54 1 1 85 81 1 24 24 39 1 90 105 71 1 102 123 84 1
132 103 76 1 73 133 99 1 123 126 81 1 69 94 88 1 78 120 62 1 122 106 84 1 77 133 91 1 84 75 58 1 79 107 86 1 0 0 0 0 120 135 118 1 97 74 85 1 14 29 35 1 0 26 0 1 0 115 12 1 143 146 109 1 66 85 65 1 0 0 0 0 84 69 63 1 55 128 61 1 71 115 54 1 105 118 83 1 101 117 82 1 0 0 0 0 133 138 93 1 99 109 69 1 35 48 52 1 14 27 0 1 0 72 37 1 0 38 4 1 10 55 4 1 43 43 39 1 73 113 62 1 0 8 0 1 44 64 85 1 4 114 91 1 0 0 0 0 6 38 52 1 0 41 35 1 45 45 28 1 64 70 42 1 0 29 28 1 29 58 34 1 69 92 52 1 7 29 18 1 20 76 4 1 54 50 0 1 0 0 0 0 0 0 0 0 28 13 13 1 6 25 27 1 32 70 30 1 29 81 68 1 0 0 0 0 39 99 38 1 0 0 0 0 0 0 0 0 25 80 28 1 0 0 0 0 21 29 28 1 31 32 0 1
85 81 89 1 128 142 73 1 125 117 130 1 161 139 165 1 136 171 153 1 177 177 141 1 98 122 69 1 49 77 45 1 0 0 0 0 57 123 82 1 91 99 109 1 68 84 100 1 97 129 83 1 102 110 97 1 138 176 122 1 128 142 133 1 130 71 113 1 52 115 105 1 46 120 16 1 87 77 50 1 102 101 74 1 136 121 82 1 0 0 0 0 169 155 119 1 113 92 88 1 42 96 80 1 30 49 20 1 0 0 68 1 11 50 26 1 40 74 53 1 36 92 105 1 12 81 7 1 86 114 61 1 30 24 0 1 39 92 81 1 15 52 44 1 0 64 0 1 0 23 56 1 32 81 78 1 117 159 92 1 90 114 85 1 10 61 45 1 45 94 80 1 0 0 0 0 0 0 0 0 0 30 9 1 19 59 36 1 31 44 39 1 29 44 57 1 31 62 5 1 52 90 63 1 75 85 50 1 80 105 6 1 61 84 84 1 63 100 61 1 65 72 27 1 37 86 21 1 21 7 0 1 0 43 5 1 47 81 37 1 0 39 1 1
141 113 108 1 0 0 0 0 135 136 85 1 0 0 0 0 165 165 152 1 103 113 110 1 64 108 83 1 0 0 0 0 105 60 65 1 120 141 83 1 48 108 44 1 77 81 47 1 98 109 119 1 192 167 116 1 98 129 100 1 80 109 69 1 122 111 85 1 116 107 114 1 17 97 36 1 47 69 0 1 80 130 98 1 101 115 67 1 131 119 100 1 148 163 96 1 111 152 121 1 57 65 42 1 5 9 21 1 25 67 96 1 35 64 90 1 4 47 42 1 0 31 16 1 4 96 10 1 36 96 60 1 31 115 90 1 102 102 77 1 0 0 0 0 0 0 0 0 1 30 44 1 88 89 84 1 68 88 111 1 0 30 38 1 47 59 66 1 0 0 0 0 37 79 49 1 0 53 49 1 13 50 17 1 0 49 19 1 26 59 27 1 0 76 29 1 0 17 21 1 0 0 0 0 22 132 54 1 52 101 47 1 16 65 51 1 108 124 88 1 90 60 55 1 24 49 2 1 0 11 4 1 18 18 49 1 12 75 27 1 7 21 0 1
95 129 116 1 83 77 88 1 68 98 56 1 179 191 137 1 0 0 0 0 105 139 163 1 131 60 70 1 101 91 72 1 106 120 93 1 137 168 128 1 126 91 118 1 44 72 68 1 141 145 110 1 178 166 151 1 0 0 0 0 101 149 94 1 146 115 125 1 87 144 110 1 0 0 0 0 120 113 108 1 109 113 135 1 119 102 101 1 76 78 53 1 92 102 104 1 128 114 116 1 65 44 77 1 6 12 31 1 0 41 38 1 33 135 108 1 0 24 8 1 47 0 5 1 78 163 83 1 0 0 0 0 73 95 10 1 40 107 26 1 40 78 23 1 7 15 38 1 0 0 0 0 50 74 79 1 46 77 73 1 33 27 0 1 48 92 50 1 0 0 0 0 15 61 61 1 0 0 26 1 37 47 37 1 32 48 55 1 0 23 46 1 0 12 45 1 0 101 13 1 50 134 61 1 113 104 119 1 44 71 51 1 50 74 23 1 83 115 85 1 32 88 54 1 1 26 17 1 6 69 9 1 0 26 7 1 0 45 17 1 39 65 51 1
98 155 110 1 164 140 127 1 93 130 113 1 110 163 136 1 171 171 116 1 0 0 0 0 123 102 116 1 79 134 97 1 114 120 93 1 164 205 161 1 134 154 146 1 110 139 90 1 126 166 104 1 182 153 131 1 126 135 99 1 67 90 16 1 155 107 103 1 148 139 68 1 38 102 58 1 63 97 55 1 0 0 0 0 0 0 0 0 79 87 83 1 128 125 155 1 161 146 92 1 70 74 61 1 0 0 20 1 14 80 64 1 22 78 58 1 0 0 44 1 27 54 0 1 121 178 135 1 184 191 111 1 68 99 51 1 75 106 107 1 99 137 99 1 19 46 61 1 75 132 42 1 41 108 82 1 25 50 39 1 0 0 0 0 23 8 0 1 8 45 33 1 0 68 63 1 0 0 0 0 42 35 26 1 0 47 30 1 0 0 7 1 0 0 0 0 0 67 17 1 24 78 56 1 55 77 46 1 35 41 8 1 57 58 32 1 71 114 48 1 18 72 43 1 15 18 9 1 2 21 27 1 17 0 0 1 0 0 0 0 92 102 63 1
0 0 0 0 49 73 16 1 27 46 36 1 96 99 79 1 150 147 89 1 121 122 95 1 167 168 204 1 165 137 125 1 100 61 87 1 130 182 168 1 166 129 163 1 103 118 68 1 114 88 68 1 147 133 106 1 159 144 120 1 105 124 137 1 160 135 135 1 124 102 67 1 72 75 37 1 79 89 51 1 158 169 204 1 139 167 156 1 0 0 0 0 149 181 140 1 95 149 132 1 0 0 0 0 0 46 36 1 0 0 0 0 0 0 0 0 66 140 95 1 80 103 100 1 113 178 169 1 125 164 81 1 60 93 27 1 127 126 92 1 125 125 100 1 0 0 0 0 0 38 41 1 14 36 13 1 11 58 28 1 35 56 0 1 0 72 4 1 0 37 22 1 0 0 0 1 0 0 0 1 7 26 39 1 8 24 3 1 11 46 26 1 36 47 54 1 43 92 75 1 77 76 86 1 25 68 60 1 26 21 0 1 103 79 41 1 55 124 77 1 45 76 50 1 34 64 78 1 57 111 93 1 39 55 24 1 0 32 8 1 0 56 28 1
0 0 3 1 0 0 0 0 42 56 31 1 68 97 113 1 255 204 223 1 184 142 175 1 0 0 0 0 156 119 133 1 173 143 176 1 134 125 98 1 0 0 0 0 84 62 106 1 84 101 94 1 78 104 96 1 85 102 81 1 117 82 137 1 135 155 122 1 87 73 84 1 0 0 0 0 110 106 72 1 131 110 122 1 188 149 138 1 151 119 124 1 137 149 122 1 113 129 91 1 50 143 78 1 0 0 0 0 78 122 77 1 110 173 129 1 129 151 117 1 0 0 0 0 153 206 116 1 146 174 112 1 46 95 25 1 0 0 0 0 118 149 62 1 2 10 19 1 0 45 16 1 0 25 6 1 59 75 12 1 38 66 63 1 0 0 0 0 33 123 74 1 71 123 65 1 4 84 25 1 33 55 57 1 0 59 28 1 21 26 6 1 34 68 26 1 94 110 78 1 77 139 82 1 73 102 65 1 18 67 0 1 103 94 48 1 84 110 128 1 21 30 55 1 42 82 37 1 54 86 51 1 36 52 39 1 108 70 42 1 55 77 33 1
25 38 0 1 50 88 70 1 50 68 76 1 96 98 69 1 119 135 109 1 198 213 174 1 125 84 88 1 63 79 91 1 116 99 92 1 105 112 93 1 134 107 95 1 111 108 99 1 130 67 115 1 128 125 132 1 83 118 123 1 0 0 0 0 82 93 80 1 96 138 61 1 94 137 79 1 110 139 115 1 153 102 112 1 120 123 98 1 108 98 67 1 86 111 85 1 94 85 61 1 77 125 112 1 62 106 79 1 112 127 78 1 64 144 100 1 58 111 39 1 46 100 30 1 157 174 121 1 147 173 99 1 67 61 28 1 38 73 20 1 20 28 0 1 5 4 20 1 0 30 15 1 32 53 40 1 53 125 41 1 60 57 69 1 0 0 0 0 107 69 68 1 124 175 60 1 74 121 63 1 123 127 89 1 50 76 30 1 18 79 0 1 0 0 0 0 63 74 6 1 69 115 104 1 85 66 41 1 0 66 2 1 76 98 64 1 99 151 132 1 17 34 37 1 48 83 62 1 35 86 52 1 25 83 46 1 129 144 94 1 103 91 69 1
67 114 102 1 77 101 132 1 35 21 66 1 77 83 47 1 93 102 110 1 118 149 160 1 126 139 94 1 0 0 0 0 54 80 75 1 50 76 75 1 96 119 66 1 110 78 68 1 67 76 59 1 113 84 58 1 93 53 95 1 103 117 128 1 121 125 78 1 78 119 58 1 85 90 46 1 83 62 74 1 87 131 45 1 75 67 68 1 79 77 95 1 0 0 0 0 73 117 117 1 75 83 88 1 8 71 18 1 45 98 57 1 137 96 84 1 105 154 93 1 92 142 135 1 126 171 95 1 99 124 80 1 41 94 84 1 38 44 27 1 12 33 2 1 2 37 0 1 42 63 10 1 46 48 39 1 59 86 58 1 93 108 82 1 64 125 78 1 0 0 0 0 88 109 52 1 116 141 55 1 154 119 112 1 39 94 67 1 9 0 2 1 0 53 0 1 0 23 39 1 55 117 32 1 31 44 0 1 5 77 45 1 96 47 87 1 78 110 115 1 47 83 62 1 33 60 33 1 62 45 62 1 24 76 108 1 0 0 0 0 35 60 11 1
0 0 0 0 0 0 1 1 33 41 43 1 115 98 84 1 89 61 55 1 141 144 157 1 117 117 131 1 142 110 157 1 100 89 76 1 50 66 84 1 69 42 54 1 78 60 29 1 0 0 0 0 78 111 146 1 111 122 123 1 87 121 66 1 96 109 110 1 136 127 135 1 135 134 72 1 78 149 80 1 143 127 63 1 90 80 57 1 65 104 15 1 54 64 15 1 31 50 21 1 91 86 73 1 47 54 55 1 51 102 44 1 38 88 32 1 43 107 80 1 114 124 99 1 0 0 0 0 109 118 108 1 81 134 98 1 103 125 53 1 0 0 0 0 120 118 101 1 155 157 129 1 12 138 57 1 106 131 68 1 109 137 102 1 0 0 0 0 47 60 47 1 0 0 0 0 66 120 57 1 72 129 48 1 0 0 0 0 120 105 33 1 98 89 91 1 31 85 41 1 0 0 0 0 23 66 5 1 0 0 0 0 0 0 0 0 0 0 0 0 35 49 80 1 58 59 59 1 43 85 50 1 55 116 66 1 0 0 0 0 44 102 30 1
0 0 0 0 77 136 108 1 102 136 93 1 120 140 117 1 0 0 0 0 69 103 67 1 92 122 119 1 141 167 141 1 15 76 39 1 0 4 0 1 0 3 42 1 0 34 23 1 8 35 23 1 79 141 92 1 151 140 117 1 81 92 82 1 100 93 81 1 160 192 121 1 54 106 63 1 36 41 33 1 107 119 93 1 50 101 38 1 98 18 54 1 139 161 152 1 102 117 107 1 103 82 91 1 77 137 78 1 33 91 62 1 29 104 44 1 52 68 55 1 48 115 51 1 86 87 80 1 116 116 106 1 60 106 47 1 108 102 76 1 75 94 67 1 84 122 38 1 86 95 64 1 105 140 117 1 111 152 85 1 99 58 67 1 23 86 76 1 76 142 96 1 0 0 0 0 131 81 50 1 129 122 115 1 115 100 79 1 65 91 59 1 111 150 78 1 29 78 45 1 16 37 0 1 35 111 74 1 78 135 71 1 0 0 0 0 43 26 26 1 6 16 0 1 0 0 0 0 11 64 37 1 74 124 20 1 113 101 60 1 63 98 63 1
181 189 199 1 219 217 189 1 156 172 135 1 0 0 0 0 50 97 101 1 0 0 0 0 76 30 48 1 5 8 29 1 22 4 65 1 0 18 0 1 8 55 53 1 0 0 0 0 25 30 12 1 71 49 30 1 96 94 68 1 145 122 126 1 99 92 65 1 92 88 57 1 71 97 40 1 73 81 56 1 0 0 0 0 103 71 102 1 77 135 66 1 106 175 98 1 109 155 100 1 123 122 120 1 82 136 46 1 67 125 157 1 94 123 95 1 61 77 102 1 121 108 42 1 78 94 64 1 108 123 77 1 92 74 68 1 81 108 123 1 102 122 66 1 84 157 50 1 0 0 0 0 0 0 0 0 0 0 0 0 92 100 75 1 93 121 101 1 68 57 77 1 42 134 81 1 79 63 77 1 55 105 88 1 85 87 73 1 113 135 97 1 73 143 117 1 84 103 99 1 28 93 46 1 72 101 76 1 96 110 54 1 59 167 75 1 58 68 32 1 78 65 86 1 74 117 13 1 47 85 52 1 92 97 43 1 73 156 84 1 50 128 53 1
208 198 183 1 160 163 170 1 0 0 0 0 190 185 181 1 0 0 0 0 46 42 84 1 55 61 28 1 28 47 9 1 0 7 0 1 0 0 0 0 29 66 66 1 56 65 38 1 0 35 77 1 30 64 36 1 155 128 101 1 147 128 153 1 121 159 110 1 107 70 12 1 62 59 50 1 104 157 51 1 107 152 97 1 0 0 0 0 130 169 84 1 63 81 84 1 115 136 109 1 51 132 105 1 21 77 40 1 21 128 109 1 68 74 53 1 61 99 56 1 75 67 66 1 121 122 97 1 122 105 110 1 77 86 54 1 93 118 109 1 0 0 0 0 123 109 105 1 0 0 0 0 32 122 40 1 99 108 97 1 123 126 63 1 95 93 37 1 27 84 25 1 114 135 73 1 61 77 61 1 62 86 98 1 104 115 128 1 114 117 120 1 0 0 0 0 47 73 85 1 5 36 21 1 56 75 23 1 44 108 81 1 102 130 59 1 30 92 32 1 11 0 0 1 71 70 49 1 49 77 55 1 0 0 0 0 86 88 85 1 90 104 75 1
101 143 134 1 113 98 111 1 162 152 106 1 149 166 111 1 162 146 157 1 0 0 0 0 158 143 101 1 95 147 113 1 80 116 68 1 73 126 113 1 95 99 124 1 97 90 82 1 0 0 0 0 98 88 67 1 173 175 168 1 127 136 135 1 128 138 59 1 121 117 85 1 41 87 21 1 100 143 101 1 62 126 118 1 131 157 113 1 111 149 98 1 69 57 42 1 0 0 0 0 0 0 0 0 68 120 98 1 63 113 80 1 77 25 61 1 0 0 0 0 84 116 103 1 77 117 92 1 0 0 0 0 0 0 0 0 28 71 17 1 90 121 86 1 74 116 70 1 81 84 67 1 83 95 84 1 115 95 0 1 0 0 0 0 70 100 85 1 58 91 68 1 60 121 82 1 70 100 103 1 63 73 84 1 94 68 41 1 72 83 64 1 32 58 60 1 66 95 96 1 0 0 0 0 0 94 6 1 51 111 61 1 89 110 109 1 44 95 79 1 28 59 18 1 82 95 78 1 100 132 60 1 96 78 79 1 64 114 41 1 94 128 48 1
97 122 135 1 110 126 91 1 179 198 215 1 177 158 148 1 159 158 116 1 137 146 152 1 189 201 195 1 0 0 0 0 85 140 113 1 0 0 0 0 54 111 99 1 108 86 67 1 137 73 120 1 121 84 86 1 123 126 80 1 107 111 141 1 0 0 0 0 141 99 115 1 110 89 54 1 74 142 70 1 70 111 58 1 63 77 57 1 84 103 73 1 11 42 47 1 66 72 70 1 84 101 110 1 93 107 112 1 18 27 1 1 25 41 60 1 17 85 41 1 0 0 0 0 61 128 90 1 60 73 78 1 0 28 12 1 24 15 59 1 76 98 36 1 119 105 113 1 84 111 80 1 0 0 0 0 30 141 11 1 0 0 0 0 73 100 40 1 48 86 75 1 71 98 80 1 106 81 118 1 37 49 21 1 26 14 20 1 0 0 0 1 0 0 23 1 64 104 73 1 26 77 52 1 32 33 16 1 46 71 13 1 0 0 0 0 64 132 109 1 34 64 9 1 0 0 0 0 87 125 41 1 68 85 39 1 68 83 12 1 91 103 52 1
98 78 25 1 130 117 92 1 0 0 0 0 144 192 173 1 0 0 0 0 154 231 174 1 120 131 118 1 145 115 129 1 88 137 130 1 0 0 0 0 121 96 93 1 144 99 88 1 149 115 88 1 49 63 58 1 0 0 0 0 113 119 97 1 90 113 44 1 133 104 99 1 45 98 61 1 79 125 78 1 42 91 76 1 44 63 21 1 132 118 89 1 63 66 60 1 67 78 91 1 74 74 60 1 81 94 60 1 66 83 31 1 9 15 0 1 34 15 15 1 62 91 102 1 60 132 78 1 5 11 0 1 21 14 0 1 72 32 0 1 47 90 53 1 49 84 46 1 65 108 41 1 62 57 12 1 110 74 76 1 65 85 78 1 69 53 74 1 46 81 41 1 70 71 63 1 56 80 47 1 0 11 0 1 0 12 15 1 7 9 0 1 3 0 21 1 0 0 0 0 61 147 102 1 37 71 61 1 12 48 35 1 88 88 46 1 68 81 36 1 0 32 18 1 62 129 81 1 109 141 158 1 87 111 68 1 0 0 0 0 70 104 69 1
117 117 91 1 162 168 160 1 164 96 146 1 0 0 0 0 55 71 35 1 61 28 64 1 0 0 0 0 111 128 102 1 0 0 0 0 96 104 60 1 186 134 142 1 161 145 151 1 0 0 0 0 0 0 0 0 0 0 0 0 88 90 102 1 71 124 50 1 91 92 46 1 107 122 91 1 96 86 62 1 0 0 0 0 41 79 0 1 22 64 37 1 0 0 0 1 17 73 44 1 71 139 114 1 11 131 43 1 15 59 56 1 72 83 66 1 14 16 0 1 70 46 70 1 59 123 23 1 69 91 66 1 52 48 43 1 0 1 4 1 76 113 54 1 79 119 72 1 76 90 72 1 57 81 37 1 0 0 0 0 67 72 11 1 59 100 49 1 86 125 85 1 38 75 61 1 15 43 1 1 0 37 35 1 26 16 39 1 12 29 0 1 0 0 0 0 12 88 53 1 87 101 107 1 49 80 73 1 17 55 17 1 67 69 74 1 80 86 39 1 70 56 26 1 52 110 71 1 107 119 126 1 142 168 107 1 112 110 90 1 0 0 0 0
178 220 160 1 175 216 203 1 199 145 131 1 103 115 90 1 0 0 0 0 27 117 62 1 56 55 22 1 86 129 61 1 116 83 66 1 113 102 109 1 146 180 134 1 255 228 212 1 114 157 140 1 51 108 53 1 118 108 99 1 0 0 0 0 133 101 86 1 135 156 106 1 107 92 74 1 93 83 66 1 157 137 100 1 0 0 0 0 1 18 41 1 104 69 56 1 39 91 44 1 84 122 95 1 89 91 98 1 67 117 79 1 0 0 0 0 77 157 86 1 70 75 76 1 0 0 0 0 82 108 87 1 0 21 63 1 3 0 0 1 110 122 80 1 114 79 79 1 53 70 12 1 84 79 82 1 106 83 75 1 113 134 63 1 50 85 38 1 157 183 118 1 93 48 20 1 0 0 0 0 0 31 0 1 1 7 0 1 40 53 0 1 7 6 10 1 51 49 13 1 66 96 56 1 131 125 133 1 32 58 50 1 93 71 62 1 0 0 0 0 4 61 40 1 61 80 4 1 77 117 35 1 122 177 109 1 125 135 99 1 110 130 114 1
0 0 0 0 152 183 142 1 203 173 184 1 154 132 69 1 85 93 93 1 0 0 0 0 0 0 0 0 91 144 96 1 64 100 54 1 35 109 45 1 117 118 94 1 203 249 211 1 155 177 128 1 0 0 0 0 105 112 58 1 140 123 106 1 57 69 44 1 100 79 93 1 115 99 105 1 103 92 78 1 157 182 127 1 31 99 70 1 0 0 0 0 114 101 124 1 101 112 38 1 86 121 122 1 94 113 88 1 98 100 73 1 85 134 72 1 179 210 193 1 170 203 154 1 99 116 80 1 100 129 109 1 0 0 0 0 73 88 94 1 130 127 112 1 93 121 81 1 0 0 0 0 48 68 34 1 102 81 62 1 109 136 76 1 0 0 0 0 152 125 107 1 133 119 87 1 63 65 54 1 89 95 105 1 68 100 98 1 0 0 0 0 28 62 10 1 31 48 51 1 95 84 65 1 94 85 78 1 21 63 6 1 61 101 85 1 56 67 41 1 0 0 0 0 37 18 17 1 116 55 64 1 73 95 16 1 85 76 37 1 141 146 148 1
183 170 140 1 0 0 0 0 239 238 175 1 206 175 176 1 154 173 171 1 53 75 72 1 0 0 0 0 0 0 0 0 58 65 38 1 46 82 70 1 0 0 0 0 142 116 104 1 0 0 0 0 86 114 77 1 88 73 73 1 0 0 0 0 86 122 127 1 122 102 78 1 62 102 81 1 113 85 52 1 126 156 146 1 130 156 137 1 90 109 82 1 114 78 73 1 109 92 93 1 70 75 96 1 70 86 63 1 124 125 84 1 82 94 101 1 129 104 78 1 152 170 131 1 60 68 74 1 0 0 0 0 0 0 0 0 129 136 102 1 105 124 93 1 113 84 76 1 111 115 61 1 126 152 98 1 143 91 81 1 125 99 100 1 91 75 100 1 0 0 0 0 99 72 106 1 80 100 77 1 80 106 94 1 42 100 73 1 60 75 11 1 32 82 26 1 63 133 76 1 0 0 0 0 97 83 91 1 61 54 78 1 90 97 67 1 24 40 32 1 25 13 0 1 0 36 34 1 73 83 104 1 68 89 29 1 81 89 46 1 156 103 85 1
0 0 0 0 0 0 0 0 163 204 136 1 255 255 239 1 153 146 126 1 119 148 115 1 0 0 0 0 113 111 82 1 27 58 42 1 77 73 44 1 137 106 98 1 89 122 123 1 77 106 66 1 62 108 31 1 100 95 73 1 115 131 122 1 106 142 112 1 143 126 84 1 0 0 0 0 131 157 130 1 0 0 0 0 124 117 105 1 104 98 90 1 83 111 89 1 97 104 81 1 79 78 34 1 8 66 0 1 55 56 65 1 101 132 83 1 99 101 124 1 158 172 130 1 44 119 74 1 93 80 65 1 93 98 78 1 97 147 86 1 100 104 100 1 83 129 96 1 170 126 130 1 144 155 114 1 142 134 96 1 132 178 95 1 177 161 103 1 150 121 136 1 114 120 132 1 104 122 96 1 77 108 104 1 120 77 72 1 111 130 98 1 83 84 119 1 97 163 83 1 112 126 92 1 13 27 23 1 84 47 20 1 46 78 55 1 43 14 0 1 30 52 36 1 35 100 89 1 44 75 35 1 68 82 53 1 79 127 81 1 0 0 0 0