5
315 1404 74 60
88 100 62 1 117 84 54 1 98 115 58 1 43 107 59 1 37 84 81 1 73 70 65 1 58 117 41 1 60 98 62 1 67 57 5 1 100 138 57 1 57 63 3 1 0 17 0 1 41 30 39 1 34 0 0 1 28 27 17 1 6 9 0 1 0 43 22 1 44 104 72 1 88 68 51 1 53 69 111 1 0 0 0 0 0 46 25 1 56 62 17 1 124 106 84 1 97 115 104 1 16 18 34 1 16 18 18 1 0 41 0 1 30 46 33 1 0 0 0 0 121 146 147 1 85 121 63 1 118 115 93 1 90 119 114 1 106 117 109 1 100 155 115 1 134 99 67 1 75 121 87 1 56 53 72 1 72 47 22 1 104 127 93 1 213 250 156 1 133 146 152 1 62 77 87 1 36 45 15 1 0 0 0 0 0 0 0 0 34 30 35 1 26 50 55 1 0 0 0 1 12 19 7 1 6 26 0 1 0 0 0 1 40 1 0 1 0 50 24 1 28 20 31 1 0 0 0 0 5 60 26 1 29 35 12 1 0 39 20 1
63 118 79 1 0 0 0 0 102 42 24 1 54 59 26 1 52 51 38 1 32 34 11 1 64 74 12 1 60 78 94 1 89 112 56 1 108 117 47 1 82 136 68 1 80 139 108 1 0 0 0 0 36 60 28 1 24 22 47 1 19 64 0 1 1 45 0 1 30 75 43 1 0 0 0 0 42 76 50 1 44 57 7 1 44 38 24 1 0 0 0 0 61 90 46 1 94 77 27 1 10 46 0 1 20 0 37 1 38 47 37 1 0 0 0 0 141 123 90 1 0 0 0 0 0 0 0 0 102 113 79 1 121 112 81 1 105 128 43 1 75 98 63 1 21 49 27 1 0 0 0 0 199 211 228 1 214 241 241 1 222 248 203 1 210 224 198 1 110 124 112 1 75 86 56 1 20 29 0 1 13 1 20 1 32 0 0 1 52 0 4 1 0 57 6 1 0 45 72 1 7 11 24 1 0 0 0 0 0 61 41 1 0 28 52 1 0 21 55 1 0 0 0 1 29 35 35 1 0 0 0 1 55 10 25 1 0 0 0 0
0 28 0 1 29 39 28 1 56 56 0 1 20 50 0 1 7 17 2 1 61 64 0 1 77 56 17 1 72 86 83 1 90 145 68 1 0 0 0 0 100 97 89 1 128 104 85 1 117 141 124 1 57 61 101 1 0 0 0 0 115 88 63 1 60 76 40 1 11 59 54 1 12 34 20 1 34 43 31 1 57 66 59 1 61 73 53 1 0 0 5 1 38 73 83 1 62 98 108 1 0 2 23 1 0 42 0 1 0 9 0 1 0 0 0 0 110 92 91 1 123 114 90 1 65 135 51 1 149 116 70 1 103 140 156 1 164 134 141 1 74 97 60 1 83 135 43 1 45 102 46 1 182 171 156 1 0 0 0 0 4 80 47 1 0 28 0 1 33 12 0 1 0 4 9 1 8 0 0 1 0 44 41 1 3 13 23 1 0 31 43 1 6 13 39 1 5 0 49 1 21 13 20 1 0 25 0 1 53 0 66 1 0 25 15 1 0 0 0 0 0 0 0 0 26 68 61 1 29 127 40 1 51 32 60 1 33 43 21 1
13 51 1 1 0 0 0 0 55 131 70 1 54 29 0 1 0 30 0 1 0 43 1 1 0 0 0 0 0 0 0 0 79 84 75 1 48 70 50 1 0 0 0 0 0 15 38 1 0 0 0 0 82 107 72 1 0 49 33 1 0 0 0 0 0 50 67 1 0 0 0 0 0 13 25 1 25 36 43 1 93 77 88 1 70 50 20 1 13 64 31 1 26 71 0 1 47 77 50 1 15 8 7 1 0 76 15 1 14 32 27 1 56 0 31 1 26 72 9 1 124 127 116 1 83 126 123 1 137 175 102 1 107 115 109 1 130 168 117 1 93 130 38 1 39 78 6 1 97 107 65 1 65 92 67 1 0 52 0 1 0 53 0 1 4 25 13 1 0 63 50 1 47 65 32 1 66 143 71 1 54 91 52 1 10 42 33 1 23 80 25 1 27 97 34 1 36 45 68 1 85 68 99 1 17 35 0 1 4 60 36 1 6 49 26 1 42 0 8 1 34 12 16 1 0 0 0 0 27 60 38 1 42 56 63 1 6 81 67 1
53 87 37 1 64 125 44 1 81 98 86 1 111 75 68 1 21 18 8 1 28 0 12 1 1 41 41 1 0 0 0 0 19 43 8 1 0 0 0 0 0 0 0 1 45 23 24 1 0 29 21 1 5 49 0 1 0 38 1 1 0 0 19 1 39 54 21 1 0 0 0 0 0 4 25 1 21 18 0 1 3 34 18 1 25 0 37 1 0 2 28 1 0 11 6 1 14 50 12 1 40 32 56 1 23 50 55 1 62 64 61 1 0 0 0 0 19 31 24 1 58 83 90 1 96 127 64 1 114 89 52 1 120 151 90 1 151 146 141 1 116 162 88 1 104 89 30 1 74 87 105 1 42 64 2 1 101 81 73 1 62 124 101 1 127 123 72 1 106 108 111 1 126 154 125 1 90 127 79 1 59 55 55 1 64 110 65 1 56 107 62 1 97 109 133 1 0 0 0 0 51 70 32 1 82 39 73 1 49 86 31 1 7 42 0 1 15 0 34 1 0 0 0 0 32 65 61 1 18 80 81 1 49 66 21 1 16 24 45 1
106 88 67 1 65 67 46 1 45 75 70 1 45 31 6 1 0 0 0 0 0 42 5 1 12 34 0 1 31 32 36 1 12 20 57 1 52 54 46 1 59 88 20 1 0 28 0 1 10 71 5 1 26 88 85 1 30 65 58 1 22 59 20 1 30 0 13 1 6 0 45 1 27 0 35 1 0 40 24 1 32 14 30 1 25 2 14 1 0 28 34 1 0 12 20 1 0 29 51 1 0 50 19 1 0 0 0 0 1 11 10 1 0 0 41 1 0 0 0 0 0 76 30 1 74 79 29 1 55 66 65 1 102 133 67 1 108 119 96 1 118 137 97 1 143 123 85 1 147 97 71 1 63 86 51 1 53 63 71 1 77 104 33 1 14 46 51 1 19 52 0 1 91 46 56 1 57 90 53 1 38 63 72 1 77 88 31 1 46 63 71 1 70 66 56 1 63 54 9 1 60 57 33 1 85 104 110 1 112 118 109 1 0 0 0 0 49 18 9 1 10 83 11 1 33 17 24 1 2 4 0 1 32 48 0 1 0 33 0 1
53 67 40 1 39 52 36 1 0 6 17 1 15 23 12 1 0 16 0 1 28 22 25 1 0 0 0 0 23 71 5 1 0 48 26 1 0 0 0 0 75 60 34 1 9 67 14 1 0 37 33 1 97 129 98 1 60 113 85 1 18 34 2 1 0 0 0 0 0 51 33 1 0 59 26 1 0 14 0 1 29 41 41 1 0 8 40 1 7 0 23 1 59 0 0 1 19 42 23 1 7 26 15 1 28 37 42 1 11 40 23 1 0 28 0 1 9 72 37 1 77 139 56 1 68 111 66 1 87 121 68 1 102 139 86 1 131 155 145 1 124 155 124 1 0 0 0 0 81 95 13 1 86 96 58 1 109 119 84 1 0 0 0 0 108 120 71 1 120 145 101 1 59 56 49 1 92 95 46 1 66 114 83 1 120 111 80 1 164 134 109 1 151 132 135 1 86 131 78 1 103 156 107 1 92 70 27 1 8 44 48 1 43 43 20 1 9 15 20 1 0 48 0 1 38 61 31 1 41 68 50 1 7 36 26 1 0 0 0 0
32 4 52 1 11 30 0 1 74 77 61 1 0 56 50 1 77 75 39 1 60 41 69 1 53 79 34 1 0 12 0 1 42 62 28 1 0 0 0 0 0 62 18 1 19 32 0 1 19 64 33 1 34 56 21 1 43 17 54 1 0 42 0 1 0 31 31 1 6 46 70 1 0 29 58 1 0 0 0 0 1 32 29 1 0 3 25 1 23 4 24 1 0 0 0 0 8 36 25 1 8 46 55 1 8 0 27 1 30 55 54 1 47 49 0 1 0 29 67 1 0 0 0 0 0 0 0 0 70 111 83 1 86 101 72 1 80 105 86 1 80 110 26 1 53 123 65 1 0 0 0 0 89 147 50 1 91 130 77 1 50 108 48 1 44 108 50 1 45 110 0 1 92 86 122 1 105 81 81 1 69 75 56 1 36 89 68 1 0 0 0 0 6 63 53 1 22 21 12 1 57 102 65 1 12 3 59 1 8 22 1 1 0 59 0 1 13 24 17 1 33 58 55 1 57 78 42 1 75 50 25 1 50 70 60 1 75 108 86 1
20 5 0 1 14 72 0 1 89 93 84 1 110 57 97 1 86 79 116 1 67 85 85 1 4 74 0 1 50 28 48 1 52 62 39 1 35 27 32 1 0 11 38 1 40 76 0 1 0 0 0 1 45 62 20 1 65 95 64 1 69 88 67 1 36 50 77 1 39 41 54 1 21 45 16 1 16 40 28 1 18 89 16 1 0 0 21 1 9 39 34 1 60 105 119 1 77 111 67 1 23 31 22 1 24 2 0 1 0 0 0 0 0 0 0 0 37 8 0 1 0 0 0 0 81 78 44 1 100 122 56 1 29 92 16 1 60 78 60 1 56 123 80 1 43 100 41 1 76 40 0 1 31 32 0 1 16 86 71 1 34 39 58 1 0 0 0 0 21 70 39 1 64 70 16 1 52 52 57 1 0 11 0 1 13 2 9 1 53 40 27 1 0 42 21 1 22 36 0 1 3 34 0 1 0 61 9 1 22 0 33 1 0 36 48 1 0 60 17 1 12 16 28 1 76 49 91 1 96 102 97 1 37 94 99 1 29 33 56 1
44 66 29 1 5 13 30 1 51 42 35 1 37 93 61 1 76 67 66 1 48 86 50 1 0 0 0 0 6 62 40 1 56 100 60 1 69 46 21 1 20 98 60 1 74 96 40 1 0 0 0 0 15 36 32 1 35 75 54 1 17 54 19 1 15 22 30 1 0 51 0 1 21 34 0 1 3 20 0 1 0 18 13 1 15 79 55 1 58 91 93 1 108 84 72 1 73 94 50 1 48 74 44 1 58 65 50 1 74 77 22 1 22 42 38 1 0 18 30 1 49 89 76 1 45 95 82 1 69 115 62 1 13 41 49 1 49 66 78 1 56 89 55 1 55 76 86 1 35 76 59 1 0 0 0 0 20 54 44 1 0 0 0 0 7 6 13 1 0 0 18 1 27 61 29 1 14 43 0 1 0 30 27 1 0 39 36 1 0 17 6 1 31 25 0 1 34 0 30 1 13 28 18 1 7 92 48 1 0 10 25 1 19 46 31 1 38 67 21 1 20 42 109 1 75 102 54 1 22 87 79 1 69 71 27 1 55 22 41 1
0 0 0 0 18 26 0 1 0 0 0 0 54 112 86 1 0 0 0 0 120 110 61 1 71 55 48 1 19 42 22 1 25 23 43 1 28 46 8 1 0 0 0 0 101 105 139 1 0 4 11 1 4 10 0 1 0 23 22 1 30 44 0 1 44 13 27 1 0 2 51 1 46 29 31 1 58 51 69 1 43 50 23 1 0 0 0 0 55 81 33 1 65 104 43 1 22 44 0 1 26 4 32 1 38 48 45 1 39 71 14 1 29 42 47 1 16 15 17 1 1 37 39 1 0 23 37 1 6 54 6 1 0 0 0 0 29 16 0 1 6 0 0 1 0 0 0 0 16 28 0 1 14 28 21 1 40 82 30 1 6 58 33 1 26 48 63 1 38 49 37 1 62 68 59 1 0 0 0 0 0 47 51 1 15 58 58 1 56 73 43 1 47 64 47 1 59 68 56 1 77 83 58 1 1 33 26 1 19 45 16 1 71 81 98 1 88 83 99 1 20 66 21 1 60 116 69 1 30 19 53 1 16 53 41 1 22 0 39 1
14 34 34 1 10 22 46 1 45 61 25 1 36 63 128 1 86 89 58 1 73 136 143 1 38 86 41 1 93 78 50 1 27 45 45 1 90 91 101 1 179 233 165 1 63 87 47 1 0 0 0 1 24 52 11 1 20 40 0 1 0 0 0 0 24 66 28 1 85 49 56 1 65 115 75 1 65 107 34 1 0 0 0 0 58 104 44 1 71 142 74 1 67 99 46 1 31 83 11 1 67 83 34 1 0 0 0 0 58 98 92 1 0 0 0 0 58 104 48 1 38 65 56 1 28 40 20 1 40 78 22 1 67 96 79 1 29 53 39 1 4 60 10 1 12 24 12 1 29 20 13 1 24 21 16 1 0 0 0 1 0 0 15 1 23 88 60 1 62 89 35 1 76 93 109 1 0 0 0 0 3 0 14 1 0 0 32 1 0 0 2 1 16 29 13 1 0 7 17 1 16 42 42 1 10 39 48 1 0 0 0 0 56 137 91 1 81 108 100 1 47 62 85 1 50 56 69 1 50 20 33 1 24 0 0 1 0 30 0 1
11 68 13 1 3 57 25 1 56 56 29 1 18 64 75 1 70 108 101 1 89 97 72 1 71 108 62 1 0 0 0 0 23 40 60 1 75 69 47 1 24 29 0 1 9 43 7 1 0 31 31 1 41 106 48 1 0 0 0 0 11 9 23 1 31 90 95 1 71 95 79 1 63 76 47 1 57 70 53 1 61 62 30 1 32 32 1 1 78 93 37 1 85 109 54 1 76 107 52 1 87 81 47 1 99 123 120 1 73 90 52 1 7 48 48 1 20 10 27 1 26 50 11 1 27 46 27 1 33 28 8 1 35 68 57 1 32 48 10 1 26 44 51 1 23 41 72 1 22 83 70 1 67 73 34 1 57 86 85 1 64 90 60 1 46 85 54 1 32 49 36 1 29 91 58 1 44 56 24 1 19 60 9 1 0 0 0 0 71 116 28 1 49 66 4 1 65 85 66 1 36 55 40 1 34 91 60 1 10 74 39 1 87 8 71 1 14 84 63 1 0 0 0 0 44 9 49 1 0 27 8 1 0 0 0 0 0 33 0 1
14 64 1 1 0 39 33 1 40 0 0 1 0 38 58 1 64 64 20 1 12 82 0 1 92 80 85 1 42 38 47 1 68 32 40 1 0 0 0 1 0 46 0 1 0 23 2 1 14 65 12 1 50 63 29 1 0 0 0 0 3 0 10 1 9 16 47 1 28 74 71 1 42 78 60 1 77 89 70 1 14 52 24 1 65 50 18 1 16 62 72 1 0 0 0 0 132 119 74 1 88 103 115 1 153 160 126 1 84 114 52 1 0 34 43 1 0 79 15 1 0 0 0 0 28 38 41 1 46 69 21 1 68 122 86 1 54 79 62 1 51 100 82 1 79 76 75 1 67 29 64 1 0 0 0 0 164 206 201 1 0 0 0 0 101 116 119 1 108 90 70 1 94 95 63 1 0 0 0 0 111 149 82 1 86 122 148 1 75 109 83 1 104 116 138 1 0 0 0 0 69 99 108 1 0 0 0 0 13 49 57 1 0 29 27 1 14 19 0 1 36 5 0 1 0 0 7 1 0 39 0 1 0 17 3 1 0 22 23 1
2 68 0 1 56 27 14 1 23 54 11 1 29 56 54 1 12 76 65 1 0 59 30 1 69 97 76 1 33 43 10 1 61 20 35 1 15 40 0 1 0 29 0 1 0 0 0 0 0 0 0 0 26 44 33 1 0 0 0 0 0 0 0 0 0 0 0 0 61 77 68 1 62 88 48 1 62 67 53 1 56 115 56 1 61 47 32 1 71 70 5 1 42 101 46 1 50 80 41 1 0 0 0 0 104 95 46 1 27 47 26 1 0 11 0 1 56 101 62 1 0 0 0 0 58 41 39 1 98 121 76 1 84 104 59 1 100 97 81 1 61 83 56 1 51 77 60 1 115 115 66 1 139 150 80 1 129 130 140 1 115 97 69 1 115 98 44 1 52 42 54 1 24 61 70 1 0 0 0 0 72 113 89 1 51 36 54 1 13 10 43 1 3 72 26 1 2 58 53 1 30 38 31 1 1 50 37 1 34 52 44 1 0 0 6 1 23 22 7 1 0 0 0 0 19 0 2 1 0 10 19 1 0 0 0 0 0 15 2 1
44 48 0 1 1 5 17 1 23 56 32 1 62 131 81 1 59 61 72 1 9 75 61 1 7 40 35 1 0 59 0 1 0 30 0 1 47 44 18 1 66 53 39 1 40 46 71 1 35 38 43 1 0 45 0 1 0 31 0 1 4 29 42 1 38 30 3 1 62 68 39 1 113 89 69 1 46 88 75 1 88 131 88 1 62 90 41 1 19 55 44 1 91 81 81 1 0 0 0 0 0 52 4 1 0 0 0 0 29 80 88 1 0 0 0 0 115 127 143 1 148 163 126 1 127 153 118 1 77 104 94 1 115 134 101 1 99 149 127 1 118 113 83 1 101 136 59 1 113 119 131 1 137 123 148 1 110 158 133 1 0 0 0 0 108 104 106 1 16 39 58 1 0 27 5 1 0 0 0 1 0 0 34 1 4 11 0 1 0 10 44 1 10 22 0 1 0 28 14 1 2 0 7 1 6 32 0 1 0 0 0 1 27 0 7 1 34 56 72 1 18 31 20 1 31 21 10 1 19 20 0 1 10 0 5 1 25 40 39 1
0 48 6 1 0 31 38 1 32 89 42 1 0 42 1 1 74 61 61 1 60 43 11 1 73 82 102 1 104 147 92 1 0 0 0 0 53 107 70 1 92 125 84 1 54 75 23 1 42 46 30 1 50 45 49 1 63 114 110 1 80 74 10 1 35 88 86 1 70 110 107 1 53 110 57 1 54 110 65 1 100 139 112 1 89 91 65 1 108 104 88 1 69 81 63 1 77 102 70 1 94 82 58 1 65 88 35 1 71 90 41 1 72 70 91 1 90 92 91 1 88 121 72 1 101 101 117 1 164 170 166 1 128 115 63 1 60 36 61 1 81 93 103 1 95 114 101 1 0 0 0 0 21 27 27 1 56 18 65 1 41 44 12 1 0 45 28 1 0 39 19 1 0 26 42 1 46 7 0 1 0 53 0 1 0 8 14 1 0 14 0 1 0 19 0 1 22 51 0 1 0 1 23 1 0 15 33 1 0 0 0 0 0 57 54 1 0 0 0 0 0 0 0 0 0 7 7 1 17 6 0 1 0 0 2 1 6 3 2 1
0 0 0 0 36 84 43 1 92 134 100 1 63 122 32 1 75 69 69 1 129 118 82 1 136 156 113 1 105 147 92 1 120 139 108 1 134 178 117 1 45 90 49 1 105 99 59 1 59 66 55 1 3 48 80 1 122 149 111 1 115 113 94 1 49 125 53 1 0 0 0 0 54 40 0 1 47 66 67 1 5 48 68 1 69 71 60 1 16 45 33 1 0 38 28 1 77 71 88 1 135 127 81 1 98 178 149 1 77 123 104 1 80 126 81 1 109 111 125 1 39 55 66 1 42 87 45 1 34 74 51 1 33 45 0 1 0 0 15 1 0 0 0 1 50 69 0 1 5 35 0 1 0 36 5 1 0 0 0 0 0 23 11 1 13 0 28 1 0 28 37 1 0 20 9 1 0 1 0 1 0 0 0 1 0 32 6 1 34 34 0 1 36 0 0 1 28 33 26 1 13 23 0 1 0 0 0 0 27 0 0 1 23 25 13 1 1 85 30 1 0 15 0 1 41 30 0 1 7 73 20 1 29 43 19 1 1 71 25 1
15 101 33 1 56 92 59 1 83 95 66 1 80 114 85 1 75 46 56 1 34 5 0 1 66 74 29 1 89 92 121 1 0 0 0 0 112 204 122 1 60 104 117 1 107 109 110 1 50 146 112 1 51 104 61 1 104 104 95 1 0 0 0 0 0 38 46 1 25 54 0 1 68 125 49 1 50 61 20 1 27 74 57 1 24 39 48 1 4 43 72 1 0 0 0 0 117 170 158 1 111 130 135 1 86 102 82 1 50 54 43 1 37 47 59 1 45 35 54 1 0 3 0 1 21 0 3 1 13 14 0 1 1 11 2 1 47 97 66 1 64 84 44 1 20 0 41 1 18 16 26 1 5 10 37 1 30 36 11 1 51 47 34 1 39 28 26 1 0 15 20 1 0 3 24 1 0 44 61 1 0 4 0 1 25 10 59 1 0 60 2 1 8 0 0 1 0 0 0 0 0 18 46 1 0 0 0 0 46 31 38 1 3 49 31 1 14 48 30 1 9 21 48 1 37 66 38 1 35 70 29 1 145 136 118 1 164 183 133 1
97 90 87 1 105 161 65 1 77 104 53 1 104 124 81 1 64 142 97 1 44 76 70 1 0 37 11 1 18 48 28 1 78 125 87 1 86 122 72 1 14 46 31 1 0 26 6 1 59 113 55 1 75 132 30 1 22 102 47 1 17 115 51 1 62 132 87 1 54 92 91 1 31 56 51 1 0 47 42 1 60 42 56 1 72 127 92 1 58 111 45 1 115 125 111 1 0 0 0 0 57 50 38 1 40 43 17 1 0 0 0 0 9 51 0 1 8 0 0 1 0 0 0 0 22 67 53 1 90 116 74 1 0 0 0 0 0 53 38 1 14 45 20 1 2 3 28 1 0 78 38 1 0 83 39 1 5 48 41 1 0 76 5 1 0 48 5 1 54 43 67 1 7 33 54 1 0 0 15 1 0 0 16 1 22 73 0 1 84 107 66 1 15 29 30 1 59 84 48 1 95 93 76 1 108 85 89 1 18 90 22 1 57 91 35 1 76 81 102 1 56 58 87 1 70 74 54 1 80 136 70 1 106 117 138 1 0 0 0 0
56 73 48 1 135 160 106 1 76 145 93 1 78 114 108 1 93 83 100 1 87 166 86 1 15 83 27 1 8 47 8 1 73 118 76 1 82 118 114 1 15 124 55 1 102 134 109 1 0 59 9 1 27 77 70 1 8 99 40 1 23 54 11 1 25 84 52 1 112 116 125 1 29 54 64 1 47 26 19 1 57 81 124 1 0 0 0 0 78 62 40 1 23 97 37 1 0 0 0 0 0 7 22 1 10 20 0 1 18 0 25 1 19 102 84 1 75 116 100 1 0 0 0 0 0 123 67 1 43 82 91 1 0 0 15 1 29 12 0 1 18 95 79 1 53 57 55 1 0 38 23 1 23 59 63 1 68 30 65 1 0 36 18 1 9 41 12 1 24 1 0 1 41 82 66 1 10 75 3 1 0 40 22 1 119 121 89 1 128 153 105 1 84 96 73 1 82 129 111 1 83 109 111 1 76 117 76 1 37 103 40 1 126 152 119 1 84 106 115 1 52 75 82 1 75 102 68 1 141 152 140 1 143 151 126 1 97 61 92 1
82 89 37 1 0 0 0 0 0 0 0 0 99 123 70 1 112 108 66 1 117 140 124 1 29 73 12 1 68 112 62 1 75 136 103 1 126 84 119 1 0 79 0 1 0 0 0 0 0 18 0 1 29 131 59 1 65 168 99 1 0 65 4 1 8 41 10 1 104 100 101 1 121 159 126 1 7 47 42 1 30 62 29 1 27 37 5 1 0 47 7 1 33 70 52 1 47 82 57 1 50 86 6 1 71 103 128 1 0 53 21 1 0 0 0 0 0 0 0 0 33 53 56 1 125 144 167 1 95 84 100 1 0 0 0 0 17 68 38 1 76 116 38 1 82 99 83 1 17 25 35 1 0 122 17 1 82 21 66 1 8 51 41 1 19 111 71 1 32 84 84 1 88 104 91 1 53 102 59 1 80 43 53 1 96 131 107 1 101 128 54 1 62 104 18 1 33 42 3 1 61 147 100 1 121 120 80 1 43 106 50 1 85 137 80 1 46 98 85 1 10 25 0 1 119 133 91 1 173 202 191 1 182 158 146 1 158 146 111 1
50 123 43 1 125 112 63 1 50 53 88 1 69 60 30 1 114 125 90 1 22 61 59 1 0 42 0 1 52 84 30 1 61 71 87 1 151 187 183 1 2 49 0 1 20 52 14 1 0 68 0 1 53 109 48 1 91 146 121 1 33 59 45 1 26 103 39 1 40 129 78 1 80 93 80 1 19 39 0 1 0 13 12 1 17 10 18 1 10 1 9 1 13 50 43 1 28 102 57 1 29 57 50 1 40 61 36 1 4 40 34 1 61 104 96 1 0 0 0 0 0 0 0 0 115 83 94 1 56 108 98 1 17 87 83 1 29 71 29 1 45 61 85 1 61 133 92 1 56 97 38 1 42 58 24 1 31 83 63 1 69 72 75 1 66 108 111 1 0 0 0 0 89 101 76 1 93 92 110 1 72 67 55 1 138 126 124 1 99 89 124 1 0 0 0 0 77 123 104 1 86 88 112 1 122 136 95 1 40 48 58 1 68 81 84 1 91 113 87 1 43 27 0 1 87 100 39 1 170 211 150 1 117 89 89 1 0 26 24 1
55 61 21 1 82 81 36 1 98 136 61 1 147 162 143 1 107 134 82 1 0 0 0 0 0 0 0 0 146 173 128 1 127 123 108 1 160 195 146 1 122 143 148 1 97 139 89 1 46 59 44 1 7 32 1 1 42 84 111 1 103 110 111 1 106 96 99 1 7 54 83 1 0 0 0 1 15 0 0 1 12 15 7 1 12 2 51 1 1 39 62 1 15 0 0 1 25 39 47 1 34 98 51 1 42 85 42 1 22 60 79 1 50 79 92 1 98 107 118 1 30 28 97 1 0 0 0 0 32 89 75 1 64 156 124 1 148 186 143 1 72 125 144 1 64 67 46 1 1 71 0 1 37 39 28 1 87 89 31 1 112 90 116 1 66 82 83 1 143 131 139 1 82 114 55 1 38 87 59 1 94 108 23 1 45 141 102 1 0 0 0 0 170 137 119 1 0 0 0 0 148 125 88 1 94 141 79 1 86 107 62 1 127 142 82 1 136 208 153 1 73 93 97 1 30 79 49 1 57 48 86 1 103 129 33 1 104 132 93 1
133 87 122 1 101 99 102 1 95 104 70 1 68 93 61 1 42 143 62 1 0 0 0 0 50 74 57 1 94 142 112 1 53 67 79 1 61 68 63 1 0 0 0 0 67 93 99 1 51 96 49 1 39 48 91 1 0 35 25 1 0 67 58 1 0 27 24 1 0 12 11 1 0 39 52 1 0 0 0 0 7 65 0 1 32 13 0 1 29 0 0 1 0 18 31 1 2 1 0 1 0 1 19 1 41 24 52 1 3 74 28 1 31 61 68 1 8 85 35 1 97 82 81 1 34 50 56 1 0 31 21 1 53 27 70 1 52 27 67 1 0 30 36 1 20 57 2 1 26 62 66 1 54 60 3 1 79 80 53 1 91 109 53 1 30 8 39 1 63 48 0 1 88 103 89 1 75 104 88 1 68 68 36 1 9 60 0 1 44 85 28 1 44 81 14 1 29 42 29 1 50 89 23 1 18 57 0 1 17 39 19 1 0 33 16 1 70 78 21 1 0 21 31 1 0 33 0 1 0 0 0 0 27 50 22 1 16 53 0 1
0 0 0 0 111 197 69 1 136 117 98 1 33 102 66 1 91 112 47 1 65 86 69 1 50 90 42 1 78 69 56 1 77 72 56 1 92 113 99 1 56 101 54 1 44 95 43 1 37 20 37 1 0 37 12 1 0 4 15 1 32 0 30 1 17 21 16 1 5 0 4 1 48 27 78 1 0 0 0 0 1 69 57 1 0 55 33 1 21 34 55 1 15 62 11 1 39 80 33 1 81 85 63 1 56 84 67 1 7 54 57 1 0 67 25 1 0 0 0 0 0 0 0 0 8 10 23 1 24 20 0 1 23 19 0 1 0 42 27 1 12 35 25 1 0 0 0 0 45 80 52 1 49 117 39 1 84 78 69 1 70 62 45 1 0 67 32 1 0 45 34 1 101 67 71 1 87 136 78 1 57 76 52 1 26 57 5 1 72 74 65 1 47 40 32 1 59 32 50 1 20 19 31 1 20 57 0 1 15 62 4 1 94 52 60 1 68 87 55 1 52 54 45 1 0 61 52 1 52 3 22 1 40 48 47 1 38 83 24 1
32 38 58 1 46 106 105 1 56 71 35 1 51 56 29 1 69 58 37 1 45 60 37 1 80 100 61 1 79 121 103 1 42 72 81 1 80 101 50 1 27 24 0 1 12 5 6 1 2 2 29 1 0 39 42 1 17 38 19 1 0 11 3 1 22 15 3 1 0 60 0 1 34 0 0 1 0 32 26 1 50 59 54 1 40 37 13 1 13 63 31 1 47 21 21 1 70 66 55 1 47 49 53 1 0 0 0 0 0 40 11 1 21 69 18 1 15 0 6 1 50 31 23 1 6 43 24 1 0 37 46 1 22 99 52 1 18 69 81 1 38 76 67 1 33 85 62 1 0 0 0 0 0 0 0 0 0 0 0 0 59 80 79 1 0 40 15 1 16 51 24 1 36 46 30 1 7 15 27 1 10 93 0 1 36 66 31 1 0 0 0 0 43 52 71 1 0 0 0 0 0 70 40 1 46 68 64 1 60 66 99 1 16 95 58 1 70 56 46 1 33 19 62 1 0 0 0 0 20 42 0 1 17 68 32 1 30 85 79 1
55 43 34 1 161 134 110 1 68 72 105 1 53 65 56 1 0 0 0 0 42 75 59 1 104 113 54 1 72 94 65 1 33 56 30 1 7 0 4 1 0 29 28 1 0 0 18 1 0 0 0 1 0 4 7 1 40 62 43 1 23 41 29 1 0 0 3 1 0 0 0 0 43 62 16 1 58 98 70 1 59 42 38 1 0 87 34 1 51 39 62 1 0 36 15 1 34 77 14 1 9 69 29 1 0 26 0 1 0 0 0 0 11 39 5 1 18 10 20 1 0 0 0 0 0 0 0 0 64 75 100 1 45 104 100 1 34 103 79 1 41 76 17 1 68 46 32 1 88 92 54 1 55 86 41 1 7 81 61 1 54 81 72 1 0 5 0 1 46 0 52 1 18 23 21 1 81 97 67 1 111 133 113 1 81 75 41 1 0 101 16 1 0 20 20 1 0 22 5 1 49 73 59 1 28 109 48 1 31 62 17 1 19 54 9 1 66 60 39 1 57 95 89 1 0 36 36 1 14 39 13 1 43 69 0 1 7 30 31 1
48 80 40 1 88 127 126 1 34 87 49 1 81 77 50 1 41 72 67 1 50 78 94 1 40 51 37 1 0 36 12 1 11 7 0 1 0 0 0 0 37 33 15 1 7 38 28 1 37 31 0 1 4 31 33 1 1 7 14 1 0 0 32 1 32 8 13 1 0 62 40 1 0 60 75 1 54 52 60 1 0 30 45 1 11 25 0 1 3 20 0 1 15 0 0 1 26 0 37 1 53 79 54 1 37 16 32 1 11 18 0 1 38 70 20 1 35 70 27 1 21 0 70 1 6 13 20 1 49 28 0 1 49 95 29 1 80 80 59 1 39 82 84 1 69 86 34 1 56 80 67 1 53 55 31 1 58 15 25 1 1 82 0 1 41 45 0 1 26 22 0 1 28 54 5 1 124 126 133 1 44 30 56 1 29 0 8 1 8 24 46 1 23 44 58 1 72 87 45 1 60 62 52 1 14 10 0 1 29 25 0 1 0 0 0 0 99 74 27 1 0 0 0 0 9 63 54 1 1 33 32 1 7 0 0 1 0 28 46 1
0 0 0 0 74 82 76 1 45 58 61 1 65 67 50 1 31 43 21 1 10 0 1 1 8 0 0 1 1 32 23 1 6 20 5 1 0 16 0 1 0 1 38 1 21 0 13 1 0 41 46 1 30 17 0 1 0 0 28 1 9 23 0 1 0 0 0 0 0 63 0 1 3 0 17 1 0 15 0 1 5 21 0 1 67 54 39 1 56 0 0 1 0 0 0 0 0 21 7 1 6 0 0 1 27 25 39 1 53 0 33 1 0 0 0 0 0 57 13 1 0 46 16 1 5 78 15 1 0 17 7 1 18 51 57 1 3 0 8 1 12 33 0 1 43 52 42 1 51 131 59 1 29 18 0 1 32 86 33 1 30 77 25 1 55 35 11 1 16 28 14 1 0 12 0 1 10 65 59 1 81 84 77 1 55 57 67 1 44 40 62 1 3 61 41 1 68 71 33 1 70 84 31 1 21 86 31 1 0 0 0 0 56 93 60 1 90 105 77 1 64 99 56 1 0 30 14 1 40 41 2 1 0 2 0 1 0 43 9 1
31 21 30 1 0 40 25 1 67 6 28 1 23 47 0 1 0 38 7 1 4 17 20 1 0 57 33 1 0 37 60 1 0 55 22 1 15 14 17 1 20 51 17 1 0 76 34 1 0 52 40 1 8 15 67 1 0 64 0 1 0 0 0 1 8 15 48 1 34 23 15 1 0 37 4 1 28 39 39 1 29 44 40 1 26 42 51 1 48 99 34 1 2 40 23 1 0 26 0 1 0 25 42 1 17 0 8 1 0 15 20 1 2 0 0 1 0 25 7 1 30 19 20 1 0 0 0 0 68 114 54 1 65 95 19 1 32 19 11 1 7 45 0 1 0 60 0 1 24 85 11 1 0 28 17 1 83 78 37 1 61 42 65 1 15 78 38 1 0 0 0 0 35 31 15 1 12 65 35 1 35 39 51 1 59 79 49 1 35 52 72 1 13 34 13 1 0 28 13 1 0 59 60 1 0 63 55 1 0 35 9 1 18 22 0 1 12 76 29 1 47 53 28 1 0 12 0 1 0 37 20 1 9 19 8 1 0 30 0 1
0 42 41 1 0 0 0 0 0 35 69 1 0 26 65 1 0 41 0 1 29 64 7 1 47 65 7 1 6 41 23 1 0 0 26 1 0 4 18 1 0 26 33 1 0 41 28 1 32 0 37 1 0 42 43 1 17 24 19 1 4 59 25 1 0 27 8 1 0 0 0 0 16 0 26 1 0 45 16 1 0 0 0 0 73 58 0 1 23 22 35 1 0 43 12 1 21 17 0 1 0 56 38 1 10 0 11 1 10 11 48 1 1 28 55 1 0 14 0 1 3 6 9 1 0 15 0 1 16 38 31 1 78 91 73 1 59 97 40 1 41 75 4 1 98 89 80 1 83 114 57 1 36 37 52 1 68 46 40 1 0 0 0 0 13 0 20 1 0 1 0 1 42 32 0 1 0 0 0 0 0 18 2 1 0 86 37 1 45 67 54 1 0 56 16 1 3 22 22 1 31 2 0 1 2 3 0 1 0 33 0 1 18 50 13 1 48 18 37 1 77 54 43 1 6 11 15 1 0 14 37 1 0 44 8 1 0 35 0 1
3 46 15 1 13 0 15 1 0 16 0 1 0 32 31 1 18 0 53 1 6 80 50 1 0 0 0 0 0 36 13 1 0 27 20 1 0 48 23 1 0 0 15 1 0 56 25 1 0 7 4 1 20 44 29 1 0 27 72 1 26 31 0 1 0 0 0 0 1 14 47 1 0 0 9 1 0 0 21 1 0 15 51 1 0 0 19 1 0 0 11 1 12 18 5 1 2 0 38 1 4 21 26 1 23 0 12 1 0 0 0 0 0 0 0 0 0 0 0 0 0 0 0 1 20 42 11 1 8 73 13 1 63 50 30 1 104 102 78 1 89 75 112 1 81 80 51 1 52 91 49 1 53 62 47 1 57 83 96 1 66 107 67 1 6 33 20 1 0 58 0 1 14 21 30 1 0 0 0 0 0 0 0 1 0 0 0 0 0 0 0 1 0 6 13 1 24 5 0 1 4 12 0 1 0 0 10 1 3 17 22 1 37 53 40 1 34 92 30 1 79 41 66 1 8 38 12 1 24 14 18 1 0 0 0 0 32 27 33 1
0 0 0 0 10 22 20 1 25 18 43 1 6 27 42 1 20 34 39 1 26 12 40 1 0 9 50 1 0 10 0 1 26 0 30 1 0 0 0 0 0 11 42 1 27 28 11 1 0 34 34 1 35 49 55 1 4 2 47 1 3 21 21 1 7 31 42 1 0 0 0 1 0 0 0 0 32 17 45 1 0 0 0 0 33 0 17 1 13 13 0 1 6 48 0 1 0 0 0 0 4 31 25 1 0 36 0 1 1 18 18 1 0 27 66 1 0 66 0 1 6 15 31 1 50 62 22 1 5 36 0 1 28 35 65 1 32 45 69 1 34 75 65 1 52 85 78 1 94 115 101 1 18 79 65 1 0 0 0 0 0 0 0 0 0 28 72 1 0 43 31 1 0 17 0 1 36 26 6 1 22 32 17 1 0 55 4 1 33 3 52 1 2 0 0 1 3 0 26 1 0 0 0 0 0 53 27 1 19 0 30 1 12 1 0 1 7 28 11 1 0 0 0 0 27 40 0 1 0 0 0 0 10 35 39 1 0 28 15 1
16 37 8 1 28 24 24 1 0 30 0 1 43 17 41 1 14 15 58 1 32 62 9 1 28 25 23 1 0 1 31 1 18 0 0 1 0 29 16 1 53 36 44 1 5 6 30 1 6 32 26 1 0 54 51 1 10 30 31 1 38 34 37 1 0 9 11 1 14 13 2 1 0 46 17 1 43 29 0 1 0 18 13 1 18 28 0 1 4 27 13 1 16 0 32 1 0 0 0 0 0 0 0 0 37 2 0 1 42 4 24 1 0 17 45 1 0 0 0 0 0 0 0 0 0 0 0 0 0 17 0 1 20 57 59 1 46 58 64 1 0 0 0 0 78 87 69 1 0 0 0 0 0 0 0 0 0 55 9 1 32 76 18 1 0 0 11 1 31 16 17 1 7 7 11 1 23 50 46 1 97 82 60 1 77 71 76 1 0 6 27 1 2 3 9 1 41 0 11 1 0 49 27 1 21 60 31 1 25 39 22 1 49 58 43 1 64 73 95 1 73 145 110 1 66 116 79 1 36 78 32 1 25 25 35 1 0 0 0 1
0 39 23 1 3 44 0 1 1 29 0 1 21 16 0 1 0 21 76 1 5 60 60 1 19 47 11 1 10 0 27 1 4 26 0 1 17 18 13 1 0 68 2 1 21 31 0 1 0 29 0 1 27 18 0 1 33 0 33 1 0 87 30 1 29 52 19 1 15 36 45 1 1 0 58 1 26 0 3 1 12 0 0 1 12 34 13 1 13 22 0 1 0 0 0 0 0 11 30 1 16 11 29 1 0 39 29 1 30 24 8 1 51 28 24 1 9 9 30 1 0 20 18 1 21 44 10 1 28 8 18 1 0 8 0 1 52 83 38 1 16 41 47 1 17 50 56 1 73 101 81 1 0 0 0 0 38 51 53 1 67 47 73 1 0 15 1 1 0 21 5 1 3 25 23 1 57 31 27 1 59 52 80 1 18 47 65 1 0 40 53 1 6 13 45 1 12 43 0 1 0 0 0 0 5 30 62 1 13 67 24 1 0 0 0 0 101 67 92 1 73 130 64 1 100 145 104 1 114 92 13 1 57 58 10 1 29 30 27 1
39 76 35 1 3 21 38 1 0 13 23 1 0 12 31 1 11 10 28 1 13 34 21 1 0 52 11 1 0 0 0 0 7 18 4 1 0 33 14 1 0 30 10 1 3 0 0 1 15 5 27 1 17 71 0 1 0 40 0 1 19 29 11 1 29 34 50 1 0 0 0 0 0 29 0 1 0 0 0 1 7 0 0 1 30 4 17 1 8 35 18 1 7 27 51 1 46 29 13 1 13 26 54 1 11 48 55 1 0 17 39 1 2 29 31 1 13 17 28 1 0 26 14 1 0 24 42 1 11 0 14 1 10 2 32 1 0 0 0 1 10 17 0 1 69 67 90 1 102 122 91 1 50 47 79 1 0 17 0 1 42 63 21 1 0 10 18 1 0 21 15 1 0 37 24 1 30 57 17 1 0 0 13 1 0 29 0 1 3 24 0 1 0 0 0 0 40 0 15 1 0 3 15 1 11 21 0 1 10 29 20 1 36 72 0 1 53 93 76 1 91 146 102 1 112 79 53 1 34 82 33 1 29 23 31 1 0 38 0 1
0 0 0 0 10 58 24 1 46 35 38 1 9 28 26 1 39 31 23 1 11 46 20 1 16 42 32 1 31 63 49 1 1 9 0 1 4 0 18 1 0 25 0 1 0 44 34 1 75 58 21 1 47 12 75 1 0 0 0 0 6 31 15 1 0 16 29 1 15 26 17 1 11 30 0 1 0 0 0 1 26 43 20 1 0 0 0 1 0 21 5 1 0 54 30 1 2 0 0 1 36 0 3 1 0 0 32 1 0 0 0 0 0 0 3 1 8 45 0 1 51 1 2 1 0 21 0 1 0 13 0 1 21 38 16 1 0 0 0 1 5 0 20 1 72 67 16 1 106 88 91 1 0 69 43 1 0 21 9 1 36 42 61 1 0 24 29 1 13 0 21 1 15 0 0 1 7 55 0 1 0 40 32 1 0 0 0 0 7 24 0 1 0 20 0 1 7 15 37 1 0 42 0 1 41 15 21 1 0 31 21 1 0 13 0 1 54 2 30 1 0 40 30 1 66 61 45 1 83 104 54 1 86 80 86 1 53 75 55 1
0 33 55 1 27 32 72 1 33 42 50 1 0 0 12 1 0 0 41 1 0 53 33 1 0 27 41 1 13 24 35 1 28 21 16 1 0 12 1 1 62 96 78 1 24 106 34 1 33 41 47 1 0 0 0 0 14 37 68 1 35 38 38 1 15 43 44 1 44 29 44 1 18 14 4 1 0 19 35 1 0 26 10 1 0 34 28 1 0 74 17 1 0 40 42 1 0 0 0 0 21 48 41 1 41 44 18 1 32 58 56 1 77 52 70 1 55 88 39 1 36 89 33 1 0 0 0 0 63 73 42 1 41 59 47 1 0 6 30 1 0 22 20 1 84 97 44 1 59 118 52 1 90 92 54 1 0 10 12 1 0 43 0 1 0 37 29 1 9 17 14 1 34 24 31 1 24 20 9 1 0 15 34 1 21 29 0 1 22 52 0 1 16 11 23 1 12 35 45 1 16 21 0 1 1 1 18 1 0 14 24 1 16 58 34 1 0 30 0 1 0 36 0 1 16 0 0 1 0 0 0 0 107 115 72 1 141 135 102 1
61 29 16 1 3 18 38 1 13 23 44 1 0 0 14 1 37 51 13 1 0 27 2 1 11 43 26 1 0 0 0 0 2 52 3 1 24 65 6 1 100 71 120 1 52 68 20 1 50 6 8 1 9 26 0 1 0 9 0 1 0 23 35 1 0 26 37 1 24 24 0 1 0 48 0 1 0 0 0 0 0 0 0 0 33 27 0 1 0 58 0 1 20 11 9 1 16 40 0 1 75 57 10 1 31 47 67 1 71 55 32 1 87 93 66 1 76 96 101 1 96 96 67 1 44 67 50 1 94 89 50 1 118 123 94 1 63 30 4 1 29 5 0 1 74 107 69 1 5 36 11 1 15 34 9 1 12 39 0 1 14 0 13 1 0 36 33 1 14 19 42 1 10 33 0 1 4 54 21 1 0 51 21 1 0 0 0 0 0 2 24 1 0 0 0 1 0 37 48 1 0 0 22 1 0 3 0 1 0 77 8 1 9 15 8 1 0 32 30 1 30 31 0 1 14 21 0 1 36 40 4 1 44 57 20 1 0 0 0 0
0 0 0 0 53 56 41 1 14 27 27 1 0 27 30 1 49 60 47 1 46 57 55 1 50 24 49 1 24 98 81 1 82 91 33 1 30 60 22 1 92 87 53 1 13 32 2 1 14 0 0 1 0 0 0 0 0 0 0 0 22 0 13 1 8 1 37 1 0 22 11 1 29 15 0 1 0 8 32 1 20 21 28 1 15 14 38 1 19 53 21 1 50 64 82 1 78 79 41 1 0 0 0 0 46 77 66 1 77 101 84 1 81 108 71 1 81 87 85 1 93 96 59 1 68 92 74 1 75 109 88 1 57 71 54 1 9 37 15 1 27 20 24 1 6 0 0 1 0 7 30 1 5 29 0 1 52 41 75 1 23 51 12 1 0 32 0 1 0 0 13 1 0 44 12 1 0 0 0 0 39 13 31 1 0 29 9 1 0 0 0 0 10 5 20 1 21 56 40 1 52 57 6 1 29 45 69 1 0 1 2 1 0 0 0 0 7 62 10 1 0 39 0 1 0 17 17 1 4 37 6 1 0 0 0 0 21 54 72 1
0 16 0 1 0 7 0 1 0 17 7 1 0 55 39 1 0 25 42 1 0 0 0 0 41 0 2 1 30 43 20 1 32 79 50 1 80 90 61 1 6 89 45 1 0 25 50 1 36 10 13 1 14 24 19 1 0 0 0 1 0 33 23 1 9 0 14 1 18 0 0 1 21 8 18 1 0 47 24 1 0 0 0 0 0 55 1 1 3 19 0 1 0 0 49 1 55 51 23 1 0 0 0 0 115 156 97 1 136 140 120 1 95 106 51 1 78 73 62 1 47 102 83 1 123 91 23 1 0 0 0 0 10 47 27 1 0 0 0 0 27 40 17 1 39 16 23 1 51 0 5 1 10 42 24 1 0 22 44 1 8 32 31 1 0 53 0 1 2 0 0 1 18 67 38 1 33 55 43 1 0 65 19 1 0 0 0 1 0 0 0 0 64 112 78 1 38 80 72 1 70 72 76 1 43 51 36 1 28 26 22 1 23 107 85 1 45 94 104 1 19 10 0 1 47 20 12 1 23 25 26 1 0 14 0 1 7 21 0 1
11 27 13 1 34 25 6 1 37 0 17 1 0 10 0 1 0 17 4 1 0 72 50 1 0 0 6 1 41 57 31 1 0 0 0 0 93 126 69 1 0 2 30 1 0 7 0 1 0 7 16 1 0 23 13 1 0 0 0 1 26 8 13 1 30 15 30 1 39 19 19 1 41 0 28 1 0 34 0 1 52 36 27 1 0 0 0 0 24 8 22 1 31 45 50 1 0 0 0 0 62 83 56 1 81 124 19 1 52 106 87 1 74 117 62 1 87 98 72 1 94 65 63 1 72 140 78 1 19 34 44 1 0 11 11 1 2 16 0 1 8 42 10 1 12 25 20 1 7 0 8 1 0 67 63 1 41 41 93 1 0 16 5 1 19 0 1 1 10 70 0 1 85 90 91 1 9 29 69 1 0 0 0 0 29 60 16 1 36 98 42 1 75 100 70 1 103 45 42 1 70 80 107 1 0 0 0 0 71 97 76 1 0 0 0 0 65 99 71 1 0 7 5 1 13 11 28 1 8 95 48 1 43 63 45 1 0 39 11 1
53 48 19 1 0 41 27 1 0 29 0 1 0 0 0 0 0 0 27 1 60 98 14 1 0 37 13 1 82 87 50 1 56 119 74 1 56 91 20 1 24 32 50 1 1 0 29 1 4 22 15 1 0 1 0 1 0 0 0 0 0 18 0 1 0 0 0 0 18 39 56 1 10 38 39 1 22 66 1 1 51 49 0 1 40 54 29 1 41 78 45 1 54 68 19 1 91 83 76 1 107 72 49 1 85 111 93 1 82 126 74 1 90 82 91 1 106 99 56 1 0 0 0 0 68 78 0 1 41 35 34 1 43 38 31 1 7 20 49 1 34 0 9 1 22 24 41 1 35 40 22 1 32 72 72 1 34 28 38 1 0 0 0 1 0 18 5 1 0 0 0 0 16 94 60 1 35 60 27 1 0 78 4 1 77 54 27 1 75 97 63 1 67 89 95 1 81 117 132 1 88 88 128 1 73 79 84 1 106 74 81 1 103 126 40 1 83 80 26 1 34 51 48 1 0 62 41 1 19 27 61 1 0 42 20 1 0 62 7 1
0 58 31 1 0 10 7 1 8 41 67 1 3 27 11 1 0 0 0 0 20 63 3 1 19 0 0 1 57 51 55 1 45 101 68 1 46 84 69 1 1 55 0 1 17 0 0 1 6 48 8 1 25 24 32 1 0 25 0 1 10 52 47 1 57 44 0 1 68 77 40 1 8 36 0 1 59 38 5 1 0 5 0 1 57 52 0 1 90 40 53 1 57 53 38 1 0 0 0 0 0 0 0 0 98 110 34 1 43 82 52 1 0 0 0 0 72 100 35 1 51 57 0 1 19 46 3 1 40 65 68 1 70 48 50 1 30 78 47 1 14 49 0 1 20 45 17 1 0 69 16 1 0 0 0 0 38 19 48 1 0 9 8 1 0 0 0 0 0 0 0 0 29 74 90 1 42 55 23 1 0 54 5 1 44 77 35 1 108 138 67 1 98 72 39 1 48 73 33 1 62 47 64 1 52 88 56 1 0 0 0 0 61 64 15 1 89 85 48 1 16 49 30 1 23 57 51 1 58 90 88 1 49 40 72 1 47 46 27 1
0 17 0 1 56 8 19 1 0 7 0 1 13 41 17 1 30 50 9 1 11 0 28 1 11 0 0 1 25 56 27 1 0 0 0 0 48 51 37 1 0 0 25 1 0 23 11 1 21 28 0 1 20 68 14 1 22 27 27 1 12 27 47 1 9 35 50 1 33 46 2 1 18 77 18 1 57 32 38 1 62 56 35 1 59 99 64 1 57 72 76 1 102 128 36 1 132 72 81 1 77 98 58 1 78 71 24 1 100 74 52 1 0 0 0 0 51 76 18 1 0 0 0 0 35 64 54 1 57 82 31 1 54 81 63 1 18 33 54 1 0 41 0 1 0 34 21 1 0 0 14 1 18 59 57 1 14 58 44 1 0 0 0 0 44 52 0 1 12 31 0 1 52 95 42 1 35 59 52 1 33 10 0 1 64 101 41 1 50 77 95 1 0 0 0 0 35 98 41 1 69 70 36 1 67 111 37 1 0 0 0 0 0 0 0 0 0 64 38 1 45 68 0 1 59 78 6 1 76 89 96 1 56 75 36 1 0 46 4 1
0 0 11 1 0 27 45 1 6 10 14 1 0 6 48 1 9 61 47 1 10 35 14 1 0 41 9 1 0 0 0 0 66 67 7 1 36 27 7 1 0 0 0 0 0 0 0 0 68 87 43 1 74 63 78 1 0 9 19 1 23 49 10 1 47 25 14 1 32 37 2 1 13 36 55 1 56 34 55 1 96 75 44 1 94 95 61 1 43 67 72 1 127 122 115 1 68 63 84 1 117 77 69 1 82 74 69 1 27 58 24 1 0 0 0 0 89 77 25 1 57 54 31 1 26 83 55 1 62 32 31 1 42 50 92 1 0 53 8 1 6 9 0 1 12 25 9 1 0 0 0 0 27 65 64 1 61 47 0 1 0 0 0 1 0 10 0 1 37 35 6 1 68 55 49 1 30 91 68 1 66 45 19 1 34 69 42 1 28 70 29 1 9 30 0 1 45 70 51 1 41 42 27 1 79 48 39 1 58 56 73 1 0 0 0 0 97 67 51 1 0 0 0 0 0 0 0 0 76 129 90 1 100 117 63 1 69 67 27 1
0 17 13 1 50 0 0 1 31 23 24 1 38 36 26 1 0 57 59 1 0 17 8 1 0 11 24 1 0 22 36 1 18 0 0 1 2 24 11 1 33 52 17 1 0 48 2 1 20 70 37 1 55 100 54 1 71 57 55 1 5 42 6 1 67 70 0 1 62 75 31 1 71 76 77 1 48 75 37 1 33 38 71 1 70 84 53 1 41 52 52 1 87 137 126 1 0 0 0 0 74 86 41 1 65 46 21 1 0 0 0 0 41 76 19 1 39 32 0 1 80 114 38 1 63 59 46 1 17 106 21 1 76 63 61 1 31 40 15 1 40 39 8 1 10 59 19 1 14 30 51 1 27 2 6 1 0 22 35 1 0 0 0 0 8 6 52 1 33 0 13 1 0 0 0 0 63 104 42 1 62 59 39 1 65 54 49 1 54 101 26 1 39 72 15 1 66 125 83 1 92 113 87 1 87 91 45 1 90 54 72 1 98 122 61 1 99 143 101 1 53 104 76 1 44 48 46 1 25 74 3 1 42 66 6 1 46 47 38 1
0 25 24 1 16 36 0 1 13 34 34 1 57 20 60 1 0 10 16 1 7 26 11 1 32 40 13 1 16 57 27 1 3 0 0 1 0 56 28 1 0 21 2 1 12 22 21 1 27 18 34 1 67 101 35 1 79 101 55 1 74 68 63 1 69 93 32 1 79 101 68 1 112 115 56 1 88 70 53 1 69 69 0 1 94 86 70 1 77 57 43 1 123 87 88 1 83 78 44 1 57 70 57 1 0 0 0 0 0 0 0 0 0 0 0 0 16 78 28 1 91 73 54 1 57 61 53 1 75 60 55 1 36 38 59 1 31 13 35 1 0 0 0 0 82 62 46 1 0 59 2 1 0 57 36 1 9 10 35 1 31 9 19 1 22 0 9 1 0 16 12 1 0 77 44 1 51 45 80 1 71 83 58 1 54 68 52 1 0 0 0 0 48 95 36 1 87 154 69 1 81 72 42 1 74 81 48 1 74 105 0 1 61 72 35 1 108 106 67 1 63 55 56 1 97 78 61 1 97 97 63 1 0 0 0 0 73 99 51 1
17 13 29 1 28 23 0 1 16 11 29 1 0 31 44 1 4 18 54 1 47 28 32 1 0 0 0 0 0 63 2 1 0 0 0 0 0 10 0 1 13 4 0 1 25 29 18 1 26 33 60 1 70 52 63 1 0 0 0 0 101 107 96 1 78 100 61 1 113 63 72 1 86 64 37 1 58 68 28 1 0 0 0 0 82 70 32 1 110 77 35 1 131 70 87 1 124 105 51 1 108 112 50 1 42 72 6 1 58 58 1 1 96 34 72 1 62 86 29 1 64 57 33 1 35 68 30 1 101 88 64 1 60 87 75 1 53 58 49 1 113 107 92 1 94 56 79 1 36 14 29 1 37 46 32 1 19 18 69 1 12 15 25 1 0 0 0 0 24 8 44 1 64 80 43 1 98 127 61 1 0 0 0 0 45 52 69 1 70 53 16 1 0 0 0 0 100 125 80 1 0 0 0 0 66 97 25 1 2 38 37 1 14 65 32 1 68 88 68 1 70 33 55 1 88 99 65 1 30 75 25 1 0 0 0 0 80 121 31 1
0 0 29 1 0 48 0 1 10 38 33 1 0 50 17 1 0 50 72 1 0 37 47 1 0 50 19 1 10 67 44 1 23 83 36 1 0 75 23 1 59 34 68 1 32 51 43 1 16 45 10 1 12 52 2 1 70 81 71 1 67 120 38 1 66 73 7 1 69 64 36 1 46 23 56 1 85 38 98 1 120 104 53 1 100 93 22 1 106 118 91 1 98 49 78 1 92 86 40 1 83 80 66 1 94 64 74 1 60 111 17 1 111 90 81 1 84 98 62 1 103 57 89 1 93 89 45 1 57 64 11 1 70 78 22 1 0 0 0 0 126 148 134 1 17 74 54 1 38 77 0 1 28 65 31 1 3 10 22 1 0 0 0 0 40 80 14 1 23 32 15 1 39 94 44 1 84 132 73 1 0 0 0 0 73 48 44 1 82 97 29 1 38 79 42 1 87 114 58 1 68 111 60 1 69 91 57 1 88 59 49 1 39 97 33 1 52 89 8 1 28 107 13 1 63 62 27 1 55 65 31 1 47 95 58 1 72 92 84 1
38 0 44 1 0 0 0 0 3 17 5 1 16 21 17 1 3 0 12 1 10 16 44 1 0 0 0 0 72 32 8 1 70 63 71 1 17 27 51 1 12 26 5 1 46 53 38 1 61 67 65 1 67 115 118 1 0 0 0 0 0 0 0 0 41 60 25 1 68 81 49 1 69 78 75 1 98 84 91 1 0 0 0 0 76 78 69 1 102 116 94 1 125 104 44 1 70 91 43 1 102 71 62 1 0 0 0 0 76 106 52 1 52 87 60 1 65 52 44 1 0 0 0 0 44 90 58 1 62 61 31 1 26 69 73 1 48 49 50 1 43 89 34 1 0 0 0 0 0 0 0 0 64 31 32 1 23 33 14 1 0 0 0 0 45 110 59 1 47 20 36 1 0 63 48 1 67 105 14 1 63 46 44 1 59 43 43 1 42 84 44 1 51 62 0 1 58 123 23 1 54 99 72 1 109 87 35 1 30 86 60 1 93 101 39 1 72 40 32 1 19 50 49 1 61 80 55 1 0 0 0 0 54 76 0 1 79 100 49 1
12 36 55 1 0 0 0 0 0 0 0 0 0 56 37 1 0 29 7 1 0 0 0 1 42 62 38 1 66 38 46 1 65 43 40 1 53 76 23 1 0 13 42 1 70 78 34 1 21 42 18 1 0 0 0 0 53 63 17 1 87 132 69 1 85 107 45 1 43 100 38 1 103 61 57 1 0 0 0 0 156 105 88 1 95 104 99 1 149 81 81 1 152 97 49 1 175 127 69 1 123 115 50 1 148 144 80 1 89 74 42 1 98 100 49 1 90 89 55 1 90 33 84 1 44 84 41 1 38 92 45 1 55 32 40 1 17 0 12 1 0 22 0 1 10 22 35 1 87 96 25 1 46 83 37 1 21 8 2 1 0 22 16 1 80 118 111 1 70 81 85 1 35 52 36 1 87 146 106 1 95 113 83 1 41 86 57 1 81 90 71 1 58 77 49 1 0 0 0 0 0 0 0 0 99 108 65 1 32 90 77 1 95 93 45 1 75 69 45 1 0 0 0 0 63 58 49 1 73 56 48 1 92 114 37 1 33 45 74 1
0 81 35 1 0 0 0 0 17 61 34 1 0 0 0 0 0 44 20 1 0 28 0 1 0 0 0 0 46 45 18 1 30 31 26 1 0 34 0 1 21 35 18 1 11 13 17 1 35 60 50 1 28 54 35 1 53 45 60 1 110 65 32 1 0 0 0 0 67 89 45 1 74 111 82 1 68 60 41 1 118 109 66 1 137 150 54 1 133 123 102 1 125 186 65 1 97 130 98 1 106 134 60 1 148 125 107 1 80 96 48 1 75 59 39 1 75 66 57 1 65 144 74 1 110 92 106 1 102 114 65 1 49 56 44 1 0 0 0 0 0 0 0 0 17 72 40 1 116 101 91 1 47 23 42 1 18 37 18 1 0 62 46 1 64 74 61 1 44 53 45 1 68 96 52 1 87 104 98 1 119 80 57 1 72 70 27 1 52 73 103 1 75 82 83 1 81 63 25 1 49 32 45 1 61 69 19 1 106 99 19 1 120 67 80 1 70 57 33 1 88 35 41 1 106 77 79 1 94 85 37 1 126 84 37 1 76 75 29 1
8 48 31 1 0 51 30 1 21 53 37 1 23 65 42 1 39 28 40 1 55 46 60 1 5 56 0 1 36 64 3 1 68 62 13 1 0 51 4 1 40 54 15 1 28 9 0 1 77 1 46 1 73 58 118 1 68 63 94 1 45 108 74 1 102 66 36 1 119 118 74 1 148 98 102 1 124 131 105 1 179 128 135 1 123 145 78 1 102 108 61 1 122 138 98 1 87 123 25 1 0 0 0 0 86 110 65 1 129 95 51 1 98 65 60 1 91 96 47 1 58 78 51 1 91 89 49 1 65 94 72 1 0 0 0 0 27 30 63 1 0 21 8 1 0 61 24 1 100 101 92 1 13 0 39 1 30 33 14 1 13 39 19 1 36 94 49 1 46 46 0 1 0 0 0 0 68 71 44 1 129 78 67 1 80 65 59 1 41 88 20 1 0 0 0 0 92 92 63 1 0 0 0 0 6 55 33 1 63 119 66 1 107 127 76 1 80 100 46 1 71 118 36 1 38 90 4 1 88 82 45 1 67 96 88 1 0 0 0 0
0 0 0 0 0 0 0 0 21 32 0 1 61 41 0 1 51 44 6 1 0 17 19 1 49 32 20 1 7 1 9 1 18 17 46 1 36 30 51 1 70 107 66 1 72 133 72 1 116 93 69 1 38 49 53 1 14 56 60 1 43 26 49 1 125 143 88 1 110 121 68 1 127 140 117 1 139 129 68 1 155 155 108 1 137 133 72 1 148 97 71 1 143 124 69 1 125 98 77 1 86 76 73 1 101 99 81 1 82 93 33 1 29 87 65 1 61 84 35 1 111 64 55 1 85 101 31 1 69 118 15 1 71 42 38 1 22 28 23 1 17 44 6 1 0 0 0 0 0 0 0 0 8 48 39 1 27 33 0 1 3 35 39 1 61 66 44 1 49 105 29 1 0 0 0 0 0 0 0 0 105 74 90 1 0 0 0 0 90 139 84 1 94 89 45 1 75 103 59 1 95 144 92 1 89 111 27 1 87 53 36 1 78 83 101 1 93 110 70 1 0 0 0 0 102 74 62 1 92 66 85 1 56 48 33 1 87 95 46 1
81 84 71 1 32 39 0 1 23 70 38 1 47 84 55 1 59 73 37 1 76 91 0 1 33 24 43 1 22 17 0 1 46 57 36 1 41 68 44 1 38 46 47 1 37 77 19 1 43 28 80 1 43 57 21 1 21 44 29 1 21 0 0 1 109 119 100 1 188 173 109 1 146 158 97 1 132 124 126 1 0 0 0 0 126 98 65 1 135 147 28 1 81 121 87 1 93 103 54 1 76 93 39 1 77 130 48 1 112 89 50 1 55 81 48 1 107 71 79 1 50 87 38 1 46 63 44 1 33 49 34 1 60 80 43 1 11 63 3 1 0 14 13 1 36 80 10 1 72 81 74 1 22 37 0 1 18 16 35 1 12 49 11 1 13 42 19 1 64 51 95 1 61 69 50 1 105 124 70 1 84 135 106 1 0 0 0 0 72 95 54 1 49 92 14 1 44 76 59 1 111 89 71 1 90 79 73 1 26 84 76 1 87 73 101 1 129 141 63 1 107 92 112 1 132 108 74 1 87 108 56 1 115 112 67 1 106 148 86 1
71 111 72 1 77 38 19 1 16 41 33 1 0 0 0 0 61 45 37 1 77 119 70 1 48 41 45 1 26 56 39 1 16 50 81 1 0 65 10 1 47 90 40 1 21 69 48 1 70 104 58 1 69 91 58 1 12 27 30 1 44 29 44 1 129 128 99 1 191 179 93 1 84 136 78 1 134 98 16 1 141 130 106 1 152 120 72 1 149 126 130 1 108 110 65 1 133 100 72 1 96 54 41 1 0 0 0 0 117 141 104 1 123 70 63 1 138 104 62 1 61 85 29 1 51 64 48 1 33 86 16 1 54 88 66 1 5 62 0 1 11 41 41 1 49 28 45 1 28 52 29 1 39 73 38 1 25 34 40 1 87 44 74 1 43 56 17 1 67 79 67 1 0 0 0 0 63 32 39 1 0 0 0 0 0 0 0 0 111 95 0 1 81 91 67 1 100 119 41 1 106 107 94 1 106 101 73 1 71 116 49 1 90 44 60 1 111 85 33 1 43 98 88 1 124 128 126 1 109 80 87 1 98 80 65 1 130 106 76 1
59 48 59 1 66 56 56 1 38 69 37 1 20 64 42 1 69 62 86 1 93 60 75 1 0 62 71 1 36 68 41 1 39 82 43 1 7 59 41 1 24 65 44 1 76 54 33 1 115 87 58 1 50 55 52 1 10 26 29 1 105 134 90 1 193 236 126 1 152 185 72 1 196 182 107 1 154 151 116 1 134 103 86 1 158 204 69 1 131 134 69 1 165 95 82 1 73 80 70 1 94 150 87 1 110 93 89 1 106 117 103 1 99 101 68 1 134 108 81 1 78 80 50 1 57 44 45 1 40 38 35 1 74 47 65 1 0 18 23 1 44 54 39 1 0 89 43 1 30 49 26 1 46 34 15 1 53 24 9 1 54 50 0 1 0 29 30 1 127 120 87 1 59 110 88 1 85 64 26 1 76 65 36 1 34 35 46 1 0 0 0 0 77 60 23 1 57 38 11 1 103 116 89 1 108 105 96 1 89 105 79 1 58 70 60 1 45 32 26 1 0 0 0 0 90 81 105 1 0 0 0 0 78 118 50 1 105 137 62 1
44 80 48 1 86 83 90 1 58 67 55 1 18 55 52 1 43 76 35 1 33 81 23 1 0 29 0 1 11 50 47 1 44 18 35 1 69 52 41 1 46 61 3 1 27 72 69 1 79 77 101 1 107 112 36 1 0 0 0 0 0 0 0 0 152 154 137 1 0 0 0 0 155 140 79 1 121 138 76 1 139 113 68 1 131 102 51 1 65 79 74 1 0 0 0 0 100 106 51 1 119 135 68 1 72 101 88 1 0 0 0 0 78 115 91 1 65 97 64 1 39 122 45 1 70 35 33 1 85 84 5 1 50 65 54 1 19 52 30 1 25 103 79 1 98 101 93 1 79 57 27 1 13 42 4 1 0 28 0 1 0 0 0 0 57 39 59 1 121 116 75 1 101 123 53 1 71 66 52 1 83 66 66 1 86 91 36 1 94 123 43 1 23 61 22 1 69 59 44 1 118 77 68 1 78 60 56 1 110 97 71 1 0 0 0 0 96 97 40 1 89 76 90 1 126 109 57 1 86 78 75 1 113 102 82 1 141 105 77 1
80 102 51 1 0 0 0 0 39 76 37 1 20 95 32 1 116 95 77 1 81 44 61 1 32 64 50 1 0 0 0 0 48 96 10 1 26 1 23 1 14 44 31 1 44 96 63 1 0 0 0 0 110 131 87 1 125 111 83 1 194 178 176 1 153 152 132 1 162 83 100 1 128 126 119 1 125 59 88 1 0 0 0 0 121 128 41 1 135 123 84 1 101 76 88 1 72 140 76 1 99 83 60 1 89 71 44 1 79 110 31 1 75 135 50 1 115 119 93 1 91 79 83 1 76 84 25 1 47 39 29 1 49 67 51 1 8 57 26 1 0 0 0 0 0 0 0 0 0 0 0 0 0 0 34 1 0 15 9 1 51 80 14 1 40 70 90 1 149 103 86 1 107 116 11 1 90 111 73 1 80 91 46 1 83 89 74 1 88 109 57 1 81 109 94 1 69 105 69 1 73 78 76 1 89 89 60 1 109 84 55 1 99 98 68 1 115 86 69 1 84 106 39 1 70 124 79 1 95 63 55 1 98 51 72 1 62 58 52 1
90 104 109 1 49 67 69 1 81 42 32 1 43 47 13 1 47 90 33 1 28 71 50 1 43 75 55 1 44 95 18 1 57 93 24 1 0 0 4 1 0 0 0 0 76 98 64 1 100 125 80 1 75 89 53 1 104 82 59 1 219 208 153 1 152 164 107 1 107 141 98 1 0 0 0 0 133 158 138 1 138 100 57 1 136 151 85 1 101 133 79 1 103 105 31 1 84 50 70 1 103 112 71 1 45 67 60 1 0 0 0 0 97 64 67 1 80 76 87 1 91 114 77 1 46 84 47 1 38 57 44 1 59 72 69 1 43 99 27 1 69 123 60 1 0 0 0 0 40 71 35 1 6 7 40 1 0 82 0 1 40 42 20 1 69 74 38 1 62 85 46 1 94 117 60 1 105 102 84 1 54 86 26 1 47 61 0 1 88 102 60 1 57 99 75 1 125 111 100 1 100 96 86 1 62 99 60 1 0 0 0 0 116 93 71 1 93 94 62 1 78 67 40 1 0 0 0 0 0 0 0 0 127 103 71 1 69 101 63 1
87 96 108 1 142 108 81 1 106 95 33 1 0 35 50 1 49 108 60 1 91 65 30 1 33 26 34 1 82 105 63 1 26 56 29 1 2 15 54 1 46 65 25 1 101 139 148 1 35 29 48 1 104 101 84 1 96 116 65 1 233 209 185 1 181 155 155 1 204 168 102 1 185 156 101 1 155 107 85 1 135 112 54 1 103 83 69 1 115 83 79 1 106 119 69 1 64 98 61 1 79 82 53 1 96 114 88 1 104 114 60 1 25 92 80 1 75 107 68 1 95 108 49 1 0 0 0 0 19 53 30 1 65 52 26 1 64 75 29 1 71 83 55 1 78 120 51 1 19 44 28 1 30 0 0 1 89 75 61 1 37 83 28 1 119 83 25 1 143 175 101 1 173 133 75 1 124 87 5 1 0 0 0 0 61 89 50 1 0 0 0 0 149 111 46 1 149 128 76 1 105 126 57 1 81 127 55 1 89 86 26 1 101 104 56 1 86 110 0 1 89 78 56 1 96 94 80 1 124 115 46 1 105 95 99 1 104 70 60 1
107 132 76 1 95 56 63 1 58 40 27 1 50 49 18 1 46 98 79 1 0 0 0 0 85 80 32 1 0 0 0 0 62 76 34 1 0 0 0 0 70 56 47 1 0 0 0 0 62 78 52 1 188 139 104 1 71 79 56 1 121 156 82 1 161 170 102 1 145 103 94 1 0 0 0 0 158 196 115 1 165 140 101 1 138 136 110 1 92 88 34 1 82 135 86 1 57 108 38 1 30 60 33 1 59 58 17 1 59 28 51 1 11 85 31 1 74 72 25 1 27 70 46 1 21 89 0 1 20 45 40 1 0 24 4 1 0 0 0 0 88 88 43 1 81 138 59 1 63 67 38 1 70 65 31 1 45 56 0 1 0 0 0 0 55 81 71 1 158 171 149 1 122 160 91 1 0 0 0 0 95 145 57 1 77 74 68 1 0 0 0 0 85 93 64 1 0 0 0 0 129 70 66 1 80 109 88 1 112 127 95 1 142 84 68 1 118 105 36 1 99 81 36 1 150 71 67 1 112 121 93 1 104 102 39 1 0 0 0 0
0 0 0 0 51 66 65 1 66 29 54 1 38 126 39 1 0 0 0 0 110 53 83 1 34 76 57 1 74 112 78 1 35 107 59 1 32 27 11 1 24 13 17 1 41 26 33 1 143 171 100 1 158 181 174 1 165 112 145 1 0 0 0 0 124 129 106 1 96 93 88 1 88 107 91 1 152 118 101 1 101 104 89 1 103 134 39 1 123 142 60 1 66 114 86 1 63 63 60 1 81 57 23 1 0 0 0 0 22 96 22 1 65 50 44 1 56 51 0 1 35 7 0 1 60 35 18 1 25 8 25 1 38 48 14 1 0 0 0 0 7 69 1 1 0 0 0 0 84 108 3 1 37 45 16 1 32 50 21 1 0 0 0 0 96 126 57 1 0 0 0 0 165 109 110 1 156 94 126 1 119 91 106 1 119 106 61 1 95 129 75 1 123 130 57 1 97 94 62 1 65 78 72 1 93 116 48 1 98 121 105 1 96 139 45 1 87 97 87 1 81 69 43 1 91 129 56 1 72 104 85 1 95 115 42 1 109 112 52 1
89 93 67 1 113 112 141 1 96 105 109 1 53 76 51 1 102 109 85 1 45 111 65 1 76 96 73 1 83 85 80 1 66 56 17 1 0 13 3 1 65 45 74 1 60 56 6 1 166 162 117 1 178 169 153 1 201 157 151 1 191 175 110 1 0 0 0 0 131 150 85 1 146 132 125 1 106 116 152 1 107 144 94 1 73 102 91 1 73 134 83 1 63 85 102 1 115 127 62 1 121 116 79 1 101 116 65 1 0 0 0 0 117 148 88 1 115 94 67 1 110 97 61 1 123 95 65 1 58 58 38 1 26 36 25 1 38 50 0 1 22 31 15 1 44 86 37 1 62 109 58 1 99 106 80 1 59 68 36 1 48 72 62 1 117 116 85 1 63 120 35 1 114 165 110 1 111 113 70 1 105 110 29 1 0 0 0 0 108 113 91 1 135 154 84 1 104 118 32 1 87 108 28 1 85 93 56 1 90 88 63 1 76 101 48 1 119 100 69 1 120 74 75 1 0 0 0 0 46 56 3 1 33 65 49 1 77 67 41 1
116 106 66 1 169 106 166 1 170 188 143 1 0 0 0 0 123 114 60 1 71 69 73 1 88 68 115 1 33 76 77 1 78 56 28 1 22 42 44 1 26 34 4 1 0 0 0 0 194 189 174 1 206 191 136 1 255 225 191 1 221 217 200 1 214 165 192 1 167 205 132 1 0 0 0 0 104 148 105 1 121 151 72 1 89 119 97 1 100 81 70 1 59 90 55 1 132 94 71 1 0 0 0 0 130 127 60 1 115 125 108 1 158 152 112 1 122 113 84 1 65 89 59 1 101 129 89 1 39 105 52 1 15 73 12 1 38 75 0 1 36 58 63 1 80 81 43 1 41 92 75 1 31 84 33 1 1 32 25 1 0 32 2 1 70 66 81 1 81 125 86 1 101 78 82 1 117 79 91 1 57 66 57 1 67 39 77 1 0 0 0 0 82 136 82 1 96 91 99 1 98 125 78 1 86 113 68 1 97 58 70 1 115 88 73 1 86 114 49 1 78 64 44 1 0 0 0 0 56 103 40 1 26 76 23 1 8 46 46 1
106 108 34 1 145 177 118 1 179 180 143 1 218 211 184 1 162 194 126 1 115 113 89 1 0 0 0 0 53 49 20 1 91 143 90 1 71 72 43 1 95 36 62 1 93 81 68 1 162 140 166 1 189 197 135 1 169 247 178 1 238 181 128 1 216 210 151 1 175 147 144 1 98 146 141 1 119 109 155 1 117 151 136 1 164 180 125 1 134 170 153 1 44 39 41 1 113 103 56 1 153 162 158 1 199 174 135 1 156 137 130 1 0 0 0 0 143 144 85 1 111 131 81 1 107 120 86 1 77 92 50 1 27 62 67 1 80 96 58 1 43 76 40 1 17 63 47 1 74 74 92 1 72 121 108 1 45 41 49 1 127 158 150 1 187 159 154 1 161 149 161 1 138 103 104 1 0 0 0 0 82 109 77 1 111 91 62 1 84 95 111 1 100 118 50 1 0 0 0 0 93 87 81 1 100 137 44 1 100 105 67 1 102 91 59 1 78 98 41 1 101 134 76 1 113 90 89 1 58 83 53 1 60 97 0 1 80 106 62 1
72 110 115 1 0 0 0 0 120 80 57 1 179 146 165 1 152 178 94 1 93 75 48 1 139 105 89 1 110 113 86 1 83 97 80 1 65 98 91 1 86 108 70 1 132 97 64 1 76 74 0 1 122 124 90 1 158 129 138 1 155 171 149 1 181 149 159 1 124 205 164 1 134 153 138 1 145 128 107 1 147 154 103 1 117 124 86 1 152 137 136 1 147 153 116 1 125 116 58 1 120 136 120 1 169 163 173 1 0 0 0 0 183 140 122 1 186 201 117 1 105 118 91 1 113 112 83 1 112 133 59 1 108 90 59 1 98 112 79 1 51 73 26 1 36 53 72 1 15 62 7 1 60 75 45 1 47 34 0 1 0 0 0 0 105 148 83 1 89 105 102 1 131 107 21 1 92 132 95 1 122 89 89 1 127 125 101 1 0 0 0 0 116 141 71 1 122 150 42 1 101 115 111 1 0 0 0 0 126 83 55 1 116 95 54 1 97 118 90 1 72 114 79 1 118 117 104 1 84 81 67 1 81 94 84 1 90 79 36 1
247 228 228 1 112 82 109 1 96 96 60 1 149 38 30 1 129 165 63 1 140 120 86 1 123 115 109 1 61 59 87 1 0 0 0 0 0 0 0 0 126 143 104 1 124 148 106 1 108 89 82 1 158 127 100 1 198 202 175 1 186 211 171 1 233 252 220 1 146 170 178 1 132 118 112 1 159 130 147 1 157 120 128 1 141 173 146 1 180 182 149 1 150 165 121 1 100 145 87 1 111 137 106 1 132 173 116 1 121 152 122 1 90 140 87 1 118 166 47 1 0 0 0 0 157 78 51 1 108 131 54 1 91 117 78 1 109 114 22 1 37 44 62 1 59 49 56 1 84 55 69 1 48 46 37 1 22 72 38 1 89 65 82 1 136 109 108 1 120 125 85 1 97 110 54 1 141 138 71 1 137 137 85 1 138 96 110 1 159 113 103 1 94 123 134 1 106 111 100 1 116 90 64 1 85 86 41 1 100 78 43 1 0 0 0 0 0 0 0 0 68 84 45 1 113 91 85 1 128 118 100 1 60 60 84 1 85 96 57 1
217 184 176 1 214 208 237 1 169 192 175 1 154 126 144 1 148 143 154 1 148 171 96 1 60 83 100 1 55 72 104 1 87 116 71 1 108 80 124 1 0 0 0 0 64 37 56 1 100 132 94 1 172 151 159 1 221 175 192 1 194 182 167 1 191 198 116 1 190 135 127 1 177 193 120 1 172 179 196 1 0 0 0 0 0 0 0 0 188 164 160 1 175 200 131 1 97 187 100 1 142 90 79 1 0 0 0 0 126 129 78 1 0 0 0 0 122 83 78 1 145 149 88 1 97 122 85 1 77 115 78 1 134 90 84 1 54 75 25 1 71 47 22 1 56 90 59 1 49 45 56 1 0 0 0 1 10 19 53 1 57 43 18 1 83 100 62 1 160 138 113 1 201 116 109 1 119 124 103 1 132 98 68 1 146 92 80 1 115 120 92 1 89 111 52 1 102 68 57 1 61 95 73 1 85 77 12 1 87 108 53 1 67 117 75 1 101 120 67 1 117 104 12 1 41 98 96 1 75 99 16 1 39 78 39 1 77 45 21 1
252 255 228 1 233 199 175 1 107 156 139 1 167 172 159 1 162 197 190 1 99 115 160 1 83 152 120 1 96 80 137 1 96 123 101 1 123 160 134 1 161 150 138 1 106 89 84 1 168 177 121 1 254 191 247 1 219 221 177 1 191 182 166 1 166 146 136 1 191 161 153 1 203 179 175 1 158 162 202 1 146 180 141 1 168 194 175 1 0 0 0 0 150 128 115 1 148 191 112 1 122 157 100 1 115 105 104 1 115 101 47 1 147 125 80 1 112 138 88 1 169 133 106 1 133 105 68 1 109 125 102 1 71 122 58 1 29 15 44 1 80 99 92 1 83 96 83 1 36 77 97 1 22 60 22 1 40 70 45 1 14 35 16 1 107 79 32 1 104 144 106 1 149 109 108 1 100 94 53 1 87 121 98 1 0 0 0 0 97 142 66 1 117 104 55 1 58 26 64 1 90 69 62 1 46 68 78 1 89 103 63 1 82 113 53 1 98 126 59 1 0 0 0 0 60 83 20 1 52 55 105 1 73 79 99 1 58 43 67 1
215 235 251 1 237 221 205 1 216 229 245 1 183 196 169 1 138 166 231 1 0 0 0 0 93 152 154 1 103 98 112 1 68 124 117 1 107 72 85 1 82 90 92 1 0 0 0 0 196 181 174 1 183 145 154 1 143 133 131 1 140 182 119 1 224 217 186 1 208 215 169 1 0 0 0 0 190 176 176 1 138 152 103 1 144 143 61 1 206 175 98 1 141 107 92 1 148 160 78 1 168 127 59 1 96 142 77 1 127 102 69 1 118 115 39 1 111 164 140 1 135 113 94 1 116 161 102 1 93 93 69 1 85 85 98 1 15 72 23 1 51 106 73 1 91 149 173 1 92 100 103 1 67 71 58 1 67 68 28 1 7 38 0 1 104 121 46 1 140 176 139 1 136 104 79 1 120 109 74 1 105 92 58 1 116 119 79 1 146 107 59 1 74 107 41 1 69 63 21 1 93 87 41 1 98 133 76 1 129 120 93 1 153 106 74 1 93 101 63 1 84 94 57 1 87 127 63 1 117 136 92 1 55 95 74 1 96 85 65 1
215 187 158 1 250 203 152 1 161 138 134 1 199 176 195 1 194 187 194 1 89 109 128 1 100 120 145 1 106 127 132 1 96 108 120 1 0 0 0 0 122 176 153 1 0 0 0 0 201 236 177 1 189 167 129 1 123 106 95 1 202 182 162 1 208 150 144 1 149 123 70 1 169 147 91 1 202 176 142 1 184 170 146 1 109 150 97 1 180 179 141 1 147 135 114 1 161 149 128 1 0 0 0 0 150 96 134 1 117 97 84 1 0 0 0 0 112 116 68 1 82 60 79 1 116 113 71 1 118 108 107 1 72 96 52 1 46 62 69 1 78 62 65 1 66 73 78 1 74 80 85 1 64 84 66 1 143 156 108 1 97 100 77 1 146 129 104 1 110 126 63 1 145 134 38 1 111 128 71 1 111 110 88 1 130 139 85 1 101 87 43 1 78 77 17 1 73 105 83 1 107 89 69 1 125 101 74 1 122 123 130 1 99 89 67 1 64 101 64 1 77 91 35 1 64 98 49 1 64 96 33 1 64 86 14 1 120 83 76 1