5
850 1246 116 62
131 83 125 1 91 101 102 1 127 136 106 1 88 149 126 1 110 115 89 1 106 64 50 1 105 86 90 1 86 90 98 1 107 134 90 1 101 90 124 1 61 106 87 1 59 75 108 1 83 54 78 1 12 38 64 1 5 45 61 1 103 137 91 1 81 108 22 1 0 0 0 1 39 90 44 1 99 95 143 1 147 123 126 1 166 104 146 1 163 171 137 1 0 0 0 0 0 0 0 0 168 140 110 1 107 58 82 1 60 83 82 1 116 125 105 1 0 0 0 0 107 134 83 1 136 113 106 1 100 90 98 1 146 118 102 1 93 129 104 1 130 84 91 1 63 13 79 1 0 0 0 0 64 61 56 1 31 82 131 1 30 45 93 1 0 26 99 1 0 0 0 0 12 48 54 1 17 24 56 1 0 0 0 0 0 47 60 1 12 61 79 1 31 49 62 1 12 33 40 1 0 34 63 1 29 57 66 1 11 46 51 1 20 51 62 1 0 45 0 1 14 38 64 1 8 24 42 1 0 0 0 0 47 64 58 1 0 0 0 0 11 6 60 1 0 0 0 0
0 0 0 0 147 147 82 1 166 175 147 1 77 109 114 1 0 0 0 0 114 120 78 1 101 147 108 1 81 133 98 1 100 106 102 1 92 116 114 1 0 0 0 0 6 70 35 1 0 6 20 1 54 80 77 1 44 7 62 1 0 0 0 0 0 16 3 1 0 49 39 1 26 1 65 1 23 83 82 1 188 134 159 1 130 131 107 1 143 112 72 1 140 128 58 1 135 109 135 1 111 122 77 1 94 57 88 1 40 75 68 1 0 0 0 0 74 120 28 1 109 123 97 1 103 142 108 1 123 100 83 1 126 101 110 1 124 116 110 1 61 88 31 1 86 105 92 1 28 35 67 1 31 68 46 1 73 111 72 1 3 36 64 1 38 14 12 1 0 17 95 1 40 20 60 1 31 10 71 1 0 8 92 1 0 43 27 1 9 21 63 1 0 0 0 0 0 0 0 0 13 11 61 1 0 0 62 1 0 0 0 0 0 0 0 0 15 52 45 1 10 13 48 1 0 5 75 1 0 31 76 1 0 2 32 1 20 23 16 1 0 88 19 1 0 18 30 1
163 109 145 1 114 133 128 1 79 102 43 1 90 116 123 1 73 99 63 1 71 69 78 1 106 61 21 1 69 108 89 1 53 91 83 1 80 41 62 1 3 23 32 1 0 58 81 1 0 0 0 0 0 26 37 1 0 65 88 1 0 61 33 1 33 53 113 1 33 14 73 1 0 45 53 1 0 31 35 1 143 132 152 1 148 121 119 1 156 143 112 1 176 167 145 1 138 109 103 1 120 114 87 1 43 106 58 1 86 90 11 1 75 77 78 1 69 76 67 1 86 100 125 1 109 124 115 1 166 120 96 1 0 0 0 0 116 149 101 1 23 65 63 1 39 73 51 1 92 126 119 1 40 62 93 1 75 75 76 1 51 106 69 1 0 49 44 1 7 75 70 1 15 10 84 1 0 33 25 1 33 29 54 1 0 65 80 1 16 50 54 1 6 17 66 1 0 19 31 1 0 22 62 1 0 0 0 0 0 41 66 1 11 17 66 1 30 17 43 1 0 42 66 1 0 53 17 1 0 52 36 1 15 38 41 1 6 41 46 1 22 53 41 1 0 47 35 1
87 88 75 1 81 59 53 1 104 123 119 1 48 40 55 1 0 0 0 0 0 0 0 0 20 7 73 1 22 83 64 1 22 0 75 1 0 0 0 0 52 60 85 1 30 19 32 1 0 53 69 1 33 10 75 1 0 26 63 1 0 68 13 1 11 35 37 1 0 0 0 0 0 53 53 1 20 14 8 1 30 83 61 1 39 73 97 1 76 114 62 1 95 128 109 1 126 177 119 1 117 118 80 1 81 106 97 1 57 109 105 1 86 105 61 1 45 89 32 1 0 0 0 0 123 133 140 1 135 151 61 1 32 50 41 1 90 65 46 1 54 87 66 1 77 93 91 1 54 114 90 1 6 36 55 1 0 30 29 1 0 0 0 0 0 66 77 1 0 0 0 0 13 0 47 1 10 53 70 1 13 27 43 1 20 66 47 1 18 5 71 1 0 0 0 0 13 58 79 1 25 77 17 1 0 0 0 0 0 44 43 1 0 85 28 1 0 10 41 1 6 39 48 1 0 80 58 1 0 42 38 1 0 44 100 1 0 32 53 1 20 21 36 1 1 55 53 1
33 82 78 1 55 85 63 1 0 35 56 1 0 0 0 0 0 19 47 1 6 50 59 1 29 38 61 1 25 36 42 1 8 44 28 1 0 0 0 0 8 44 16 1 7 34 60 1 23 47 78 1 0 0 0 0 20 31 37 1 0 80 40 1 0 0 0 0 15 57 58 1 0 50 72 1 0 23 69 1 2 37 11 1 32 72 46 1 60 53 54 1 58 61 58 1 129 115 137 1 86 136 113 1 126 181 153 1 94 133 105 1 67 69 77 1 57 79 68 1 0 0 0 0 122 109 110 1 142 131 140 1 96 115 70 1 55 66 73 1 68 90 39 1 0 65 37 1 0 41 40 1 27 90 55 1 0 74 50 1 0 0 0 0 19 100 46 1 10 59 32 1 36 0 73 1 0 0 44 1 30 29 14 1 5 53 34 1 1 52 75 1 0 0 0 0 4 64 60 1 26 30 39 1 0 34 48 1 19 55 40 1 7 43 60 1 0 65 59 1 0 15 88 1 41 35 56 1 9 49 33 1 0 55 107 1 0 0 0 0 24 110 44 1 0 40 34 1
5 67 17 1 0 64 5 1 10 58 74 1 3 33 60 1 25 1 89 1 23 51 61 1 0 55 53 1 0 71 77 1 0 50 79 1 36 71 106 1 0 45 16 1 3 48 36 1 46 65 56 1 15 58 30 1 32 41 71 1 44 48 42 1 19 36 36 1 8 60 49 1 0 63 25 1 20 71 35 1 2 44 18 1 0 30 34 1 0 28 55 1 29 23 28 1 33 50 87 1 56 103 66 1 111 145 109 1 97 79 66 1 63 75 33 1 81 109 104 1 79 63 9 1 145 78 83 1 170 170 132 1 158 119 92 1 0 56 49 1 0 5 37 1 28 25 46 1 0 54 68 1 5 65 56 1 0 52 72 1 7 32 39 1 11 49 58 1 12 41 83 1 0 33 40 1 11 23 41 1 27 64 62 1 0 65 19 1 0 34 37 1 1 71 39 1 15 15 76 1 0 41 64 1 0 0 0 0 15 72 23 1 0 60 52 1 24 77 42 1 0 45 16 1 3 46 18 1 0 53 72 1 10 30 43 1 0 79 54 1 18 22 48 1 17 50 76 1
0 4 62 1 14 72 82 1 44 73 59 1 0 52 68 1 0 0 0 0 25 37 83 1 9 70 89 1 15 31 66 1 0 59 65 1 0 50 82 1 14 47 52 1 0 31 64 1 0 0 0 0 0 0 0 0 0 54 74 1 27 35 76 1 3 0 64 1 0 93 64 1 14 82 22 1 0 22 91 1 9 52 50 1 5 7 11 1 13 46 15 1 0 0 0 0 0 38 37 1 38 55 80 1 126 181 180 1 100 128 135 1 137 84 85 1 125 127 162 1 86 65 113 1 87 128 112 1 67 99 81 1 75 81 100 1 28 20 44 1 1 18 67 1 26 41 64 1 0 48 45 1 4 31 68 1 11 42 60 1 0 0 0 0 0 0 0 0 45 35 51 1 17 4 49 1 0 0 0 0 30 59 48 1 0 46 70 1 11 46 42 1 0 66 40 1 29 68 52 1 1 32 48 1 29 27 46 1 8 69 63 1 0 27 61 1 0 20 36 1 39 25 59 1 0 0 0 0 0 29 70 1 0 0 0 0 12 67 21 1 0 29 36 1 7 48 40 1
15 19 62 1 0 20 7 1 31 55 43 1 43 35 69 1 10 59 63 1 27 32 22 1 0 0 0 0 0 31 98 1 5 7 52 1 36 42 52 1 0 13 56 1 56 39 55 1 0 23 51 1 35 44 35 1 0 55 51 1 11 39 75 1 0 21 35 1 0 55 77 1 14 60 85 1 0 86 50 1 0 56 79 1 0 58 36 1 16 67 89 1 16 68 81 1 0 0 0 0 0 18 35 1 1 23 50 1 0 5 0 1 0 0 52 1 21 47 50 1 9 29 62 1 0 52 42 1 0 21 33 1 20 70 63 1 16 50 0 1 9 37 53 1 14 59 78 1 0 0 0 0 0 21 59 1 11 54 96 1 15 59 29 1 3 56 62 1 13 40 91 1 13 101 52 1 0 73 48 1 0 0 69 1 19 42 34 1 20 10 83 1 0 0 0 0 0 0 85 1 25 58 48 1 30 22 76 1 28 50 58 1 19 89 51 1 0 0 0 0 0 60 50 1 24 46 37 1 0 35 39 1 0 78 60 1 43 33 36 1 0 10 27 1 13 41 55 1
15 53 62 1 0 40 72 1 0 35 79 1 27 50 56 1 9 40 45 1 51 39 40 1 0 42 25 1 0 51 67 1 22 55 48 1 2 45 18 1 36 63 23 1 22 33 39 1 0 63 97 1 0 33 49 1 0 0 32 1 32 35 73 1 0 18 61 1 34 55 73 1 0 50 40 1 36 94 54 1 0 0 0 0 0 0 0 0 22 18 67 1 2 46 86 1 41 49 75 1 46 56 71 1 26 37 59 1 10 31 47 1 0 63 86 1 0 0 0 0 35 71 74 1 0 0 0 0 0 69 41 1 41 79 52 1 0 0 0 0 0 62 67 1 48 20 42 1 0 60 47 1 23 13 84 1 17 40 57 1 33 56 89 1 0 63 60 1 0 45 70 1 0 19 52 1 47 36 75 1 0 51 69 1 13 43 78 1 0 60 35 1 38 41 43 1 0 78 52 1 25 42 64 1 0 29 6 1 7 41 94 1 0 17 52 1 0 0 0 0 0 40 45 1 0 20 34 1 36 66 50 1 0 36 52 1 0 30 36 1 78 86 77 1 0 0 0 0
0 69 36 1 0 45 25 1 12 30 46 1 5 14 47 1 33 13 35 1 0 29 20 1 12 28 58 1 23 50 73 1 13 81 69 1 45 6 5 1 0 36 17 1 7 47 52 1 7 18 49 1 38 49 48 1 15 95 51 1 14 0 51 1 0 40 92 1 0 0 0 0 14 8 72 1 41 55 45 1 0 56 45 1 6 80 91 1 10 36 47 1 3 25 58 1 32 70 71 1 0 0 0 0 0 31 32 1 18 82 80 1 0 0 0 0 0 38 31 1 10 6 17 1 0 62 41 1 0 44 64 1 0 69 34 1 0 73 103 1 0 48 32 1 0 69 52 1 20 13 52 1 0 0 0 0 0 26 35 1 0 36 75 1 12 38 47 1 0 41 21 1 0 82 24 1 0 51 36 1 0 6 23 1 1 51 41 1 0 11 47 1 26 48 70 1 0 0 78 1 0 74 72 1 20 48 49 1 44 52 63 1 0 24 27 1 32 21 53 1 27 49 20 1 24 51 36 1 34 7 36 1 0 35 0 1 62 86 81 1 99 86 69 1 82 92 107 1
16 29 57 1 0 42 88 1 12 29 14 1 0 56 27 1 18 27 58 1 18 73 59 1 0 44 7 1 33 16 55 1 0 0 0 0 0 43 72 1 24 63 61 1 0 0 0 0 5 41 43 1 37 52 62 1 0 56 68 1 15 54 56 1 12 68 54 1 1 81 56 1 0 30 52 1 0 29 40 1 0 14 13 1 0 0 0 0 0 52 46 1 10 33 40 1 0 39 38 1 0 64 30 1 0 53 70 1 0 69 57 1 27 75 60 1 0 43 36 1 0 76 57 1 12 23 14 1 0 54 48 1 0 50 39 1 0 51 97 1 4 55 39 1 27 53 55 1 0 45 75 1 0 0 0 0 0 48 84 1 0 0 0 0 0 0 0 0 0 85 49 1 31 30 53 1 0 48 58 1 16 78 65 1 2 39 49 1 26 6 53 1 0 3 33 1 2 69 84 1 0 1 44 1 23 59 72 1 19 53 70 1 0 64 14 1 25 29 10 1 6 36 47 1 33 54 12 1 13 33 54 1 69 117 84 1 15 75 70 1 59 60 78 1 74 34 33 1
44 43 61 1 0 17 52 1 0 28 51 1 0 15 32 1 42 81 49 1 5 55 95 1 13 38 27 1 54 21 103 1 39 54 21 1 10 35 77 1 14 86 54 1 5 52 62 1 0 0 49 1 0 30 80 1 0 78 54 1 0 53 53 1 0 59 40 1 0 62 55 1 18 38 54 1 2 36 84 1 0 0 0 0 0 21 29 1 14 26 25 1 0 38 22 1 0 26 58 1 12 46 83 1 7 47 70 1 0 0 0 0 31 56 42 1 0 15 39 1 10 82 41 1 0 67 46 1 43 56 53 1 0 63 38 1 0 0 0 0 0 22 47 1 41 38 63 1 47 36 59 1 2 42 53 1 26 41 67 1 29 50 61 1 0 0 0 0 0 0 0 0 20 69 53 1 0 26 37 1 19 48 35 1 15 72 37 1 8 41 53 1 18 38 53 1 0 69 73 1 2 72 68 1 24 50 20 1 16 29 7 1 22 18 71 1 79 133 68 1 125 81 116 1 7 113 62 1 43 87 58 1 13 46 51 1 10 22 62 1 46 36 19 1 101 72 56 1
0 63 72 1 0 0 0 0 4 35 86 1 39 43 39 1 4 84 62 1 31 75 49 1 12 55 42 1 0 61 26 1 27 71 58 1 2 60 62 1 0 0 0 0 37 0 23 1 22 37 39 1 46 1 49 1 0 34 42 1 0 53 67 1 15 23 55 1 15 43 51 1 0 0 0 0 28 71 80 1 26 29 84 1 0 0 0 0 0 83 45 1 0 71 28 1 9 43 82 1 0 0 0 0 26 67 61 1 21 83 50 1 17 48 71 1 30 34 68 1 0 49 43 1 0 42 94 1 0 77 85 1 0 0 0 0 17 83 42 1 0 38 49 1 0 7 48 1 0 55 39 1 14 28 21 1 10 37 49 1 0 17 83 1 26 38 60 1 0 60 58 1 0 36 48 1 29 71 20 1 0 8 17 1 18 49 6 1 11 34 59 1 43 25 31 1 52 60 60 1 56 84 73 1 0 0 0 0 26 51 58 1 23 38 45 1 58 32 73 1 0 0 47 1 29 8 5 1 0 27 77 1 46 69 64 1 101 85 77 1 115 96 95 1 100 105 107 1
0 0 0 0 10 49 32 1 3 28 39 1 16 65 59 1 9 64 63 1 5 64 51 1 17 47 53 1 0 64 68 1 0 0 0 0 0 41 53 1 0 0 0 0 0 0 0 0 25 33 70 1 0 29 46 1 4 77 16 1 21 56 39 1 0 0 0 0 0 0 0 0 0 0 0 0 0 80 57 1 0 40 42 1 20 30 17 1 4 19 73 1 7 40 11 1 18 22 42 1 0 38 66 1 0 54 45 1 16 67 24 1 3 53 30 1 41 35 80 1 2 33 46 1 0 39 71 1 3 41 63 1 11 48 73 1 0 59 82 1 25 25 62 1 31 32 9 1 0 56 67 1 64 18 77 1 0 58 80 1 11 61 74 1 40 16 82 1 4 50 70 1 0 17 42 1 24 16 19 1 38 121 66 1 82 65 105 1 23 37 42 1 35 42 37 1 85 78 67 1 69 66 71 1 19 77 33 1 22 42 72 1 31 53 38 1 48 42 58 1 47 29 33 1 63 64 84 1 75 88 102 1 47 63 59 1 81 68 78 1 2 57 85 1 47 75 43 1
17 48 41 1 11 27 76 1 27 44 60 1 3 35 69 1 0 65 38 1 22 80 51 1 21 57 32 1 15 52 46 1 11 48 62 1 10 20 67 1 45 33 100 1 15 27 30 1 0 49 41 1 5 40 51 1 10 49 29 1 15 29 77 1 13 18 70 1 5 44 56 1 33 48 10 1 0 36 51 1 0 28 59 1 38 31 61 1 19 34 43 1 0 28 29 1 0 47 24 1 3 81 34 1 0 70 40 1 30 30 44 1 54 27 61 1 20 38 47 1 4 52 18 1 21 53 29 1 0 27 87 1 0 0 0 0 0 59 45 1 0 24 36 1 24 62 46 1 0 8 74 1 20 88 25 1 29 57 24 1 23 0 38 1 27 26 5 1 24 61 51 1 58 59 53 1 85 90 79 1 0 0 0 0 34 34 13 1 13 0 36 1 39 53 42 1 89 69 77 1 79 137 87 1 49 49 69 1 35 40 20 1 66 60 63 1 67 61 106 1 77 95 76 1 35 57 46 1 25 30 43 1 0 34 39 1 25 18 19 1 0 2 34 1 37 62 29 1
39 42 34 1 0 31 75 1 19 27 80 1 11 49 84 1 0 0 0 0 10 46 81 1 21 49 27 1 54 39 52 1 0 17 56 1 15 66 56 1 18 41 20 1 28 17 57 1 9 45 79 1 0 31 30 1 18 25 65 1 0 26 71 1 7 60 81 1 0 25 34 1 0 32 39 1 8 0 55 1 42 59 45 1 0 54 43 1 0 63 44 1 3 76 56 1 6 53 43 1 0 53 55 1 30 36 51 1 19 46 41 1 0 66 48 1 0 45 22 1 14 23 42 1 0 71 51 1 0 30 81 1 0 0 0 0 0 44 43 1 0 32 66 1 13 33 24 1 0 0 0 0 34 34 30 1 21 45 22 1 0 0 0 0 42 69 51 1 69 79 67 1 97 58 92 1 69 83 78 1 0 0 0 0 57 50 42 1 48 44 58 1 0 0 0 0 75 72 86 1 68 108 95 1 84 102 80 1 136 126 115 1 158 116 129 1 96 97 102 1 0 0 0 0 12 30 23 1 9 39 33 1 50 66 60 1 59 48 67 1 66 54 75 1 26 29 62 1
0 0 0 0 4 85 52 1 0 59 44 1 26 42 37 1 0 67 20 1 0 38 70 1 0 25 24 1 48 44 28 1 25 70 86 1 7 20 28 1 9 21 38 1 0 0 0 0 0 6 74 1 0 0 0 0 9 34 57 1 0 25 52 1 11 85 79 1 0 0 0 0 0 35 72 1 0 41 28 1 0 0 0 0 12 65 84 1 30 56 68 1 0 43 73 1 0 0 0 0 23 9 69 1 15 51 53 1 15 72 13 1 0 21 31 1 1 62 41 1 0 45 77 1 17 57 33 1 0 75 58 1 0 71 47 1 0 50 63 1 0 0 0 0 57 20 40 1 13 71 82 1 8 35 48 1 4 11 35 1 60 63 62 1 158 136 99 1 60 82 55 1 95 84 57 1 49 64 83 1 65 85 63 1 87 94 53 1 83 38 70 1 72 45 17 1 119 139 105 1 90 165 119 1 104 109 73 1 0 0 0 0 59 75 26 1 3 6 0 1 0 46 15 1 0 26 18 1 21 37 32 1 10 18 15 1 33 40 26 1 30 20 14 1 4 75 51 1
43 15 38 1 0 0 0 0 0 0 0 0 33 38 80 1 0 0 0 0 59 33 68 1 14 52 47 1 7 45 46 1 22 0 59 1 2 55 52 1 0 0 0 0 0 22 46 1 0 39 39 1 39 54 25 1 0 0 0 0 0 0 0 0 0 20 55 1 27 82 57 1 30 44 39 1 0 32 46 1 0 0 0 0 17 89 59 1 0 41 68 1 15 27 23 1 0 47 63 1 11 47 31 1 0 0 0 0 0 52 85 1 0 33 31 1 0 56 85 1 0 28 84 1 1 60 63 1 4 48 56 1 0 56 75 1 18 50 89 1 7 37 52 1 39 28 19 1 0 31 28 1 18 0 54 1 84 70 78 1 95 136 80 1 85 72 41 1 91 70 42 1 0 0 0 0 73 70 68 1 67 159 140 1 58 129 99 1 73 73 80 1 55 64 84 1 48 41 89 1 25 61 81 1 30 11 19 1 4 8 24 1 6 22 19 1 0 22 0 1 0 45 0 1 16 55 26 1 0 0 0 0 26 2 21 1 0 65 0 1 29 45 20 1 29 27 29 1
0 0 0 0 33 64 79 1 46 51 83 1 0 27 66 1 0 75 46 1 0 31 74 1 73 43 69 1 0 12 93 1 0 41 53 1 61 23 64 1 0 40 94 1 1 44 34 1 0 6 64 1 26 46 74 1 0 51 71 1 6 0 42 1 1 13 86 1 0 57 31 1 12 52 66 1 0 0 0 0 0 22 54 1 12 38 32 1 17 26 42 1 0 65 36 1 31 56 31 1 0 14 20 1 0 10 46 1 0 49 51 1 0 69 27 1 0 53 44 1 8 35 53 1 0 56 58 1 0 0 0 0 0 0 0 0 13 29 57 1 23 69 41 1 0 49 22 1 24 34 5 1 93 111 118 1 125 115 67 1 0 0 0 0 0 0 0 0 104 88 62 1 124 77 88 1 108 114 111 1 106 87 79 1 47 77 64 1 39 10 25 1 42 15 26 1 43 49 9 1 32 17 11 1 30 0 43 1 0 45 23 1 11 34 81 1 0 49 18 1 20 50 20 1 18 51 46 1 7 42 15 1 25 26 29 1 22 70 69 1 73 104 108 1 65 57 76 1
0 17 74 1 43 41 37 1 0 0 0 0 4 65 32 1 0 0 0 0 1 36 83 1 6 27 16 1 33 63 48 1 43 81 69 1 0 45 80 1 21 82 44 1 0 35 76 1 0 11 12 1 0 44 93 1 22 67 23 1 39 47 48 1 0 54 36 1 0 46 63 1 26 39 49 1 0 25 27 1 0 0 0 0 17 28 42 1 5 0 64 1 8 66 23 1 0 0 0 0 15 44 45 1 12 70 42 1 0 0 0 0 0 0 0 0 21 42 51 1 13 49 40 1 0 38 64 1 0 44 94 1 14 38 56 1 41 50 36 1 14 0 32 1 40 104 89 1 101 133 148 1 96 137 80 1 48 48 79 1 75 80 77 1 174 151 139 1 140 158 173 1 112 114 128 1 81 79 78 1 35 79 22 1 41 38 16 1 45 3 30 1 3 20 0 1 13 53 48 1 0 0 0 1 16 32 57 1 24 0 67 1 0 4 38 1 6 3 31 1 12 48 20 1 4 0 14 1 60 47 75 1 36 65 0 1 82 80 28 1 65 61 71 1 48 32 34 1
0 0 0 0 0 48 43 1 32 17 105 1 3 34 29 1 22 70 82 1 0 48 30 1 36 60 73 1 21 51 77 1 0 0 0 0 0 11 60 1 9 36 9 1 14 59 95 1 3 52 51 1 12 17 67 1 0 30 57 1 0 0 0 0 15 43 40 1 17 49 62 1 0 21 25 1 42 64 79 1 0 55 42 1 13 39 46 1 7 57 60 1 0 17 84 1 4 8 80 1 12 8 68 1 0 15 60 1 29 0 35 1 59 43 33 1 0 18 38 1 0 57 50 1 0 36 15 1 9 14 37 1 21 51 47 1 1 25 2 1 33 62 9 1 69 86 113 1 86 65 65 1 8 4 46 1 54 27 51 1 90 101 36 1 89 98 60 1 77 101 74 1 0 21 35 1 9 0 0 1 0 0 0 1 0 50 19 1 61 68 51 1 25 22 2 1 13 21 17 1 0 23 26 1 33 0 84 1 26 43 14 1 5 23 25 1 22 7 54 1 27 86 41 1 14 13 70 1 45 52 24 1 43 11 4 1 0 0 0 0 41 56 59 1 18 31 6 1
4 55 29 1 14 50 48 1 65 42 58 1 41 61 34 1 36 26 61 1 15 54 69 1 0 0 0 0 0 41 48 1 83 43 68 1 17 42 70 1 3 44 38 1 0 44 53 1 0 57 47 1 34 47 23 1 0 27 90 1 30 66 50 1 0 0 0 0 0 49 48 1 0 0 0 0 25 33 25 1 35 60 63 1 0 26 15 1 41 0 69 1 0 0 0 0 0 24 81 1 0 36 66 1 49 44 62 1 17 19 44 1 0 58 49 1 0 36 72 1 12 23 31 1 0 31 88 1 0 14 14 1 16 65 53 1 6 62 88 1 19 68 61 1 49 91 56 1 16 51 34 1 60 60 43 1 53 66 82 1 42 55 63 1 34 86 42 1 33 56 4 1 35 15 5 1 37 34 0 1 0 0 0 0 0 0 0 0 36 22 29 1 22 14 26 1 15 19 39 1 29 15 35 1 0 41 40 1 28 56 6 1 0 0 0 0 0 0 0 0 60 24 82 1 27 50 32 1 33 37 42 1 10 38 70 1 38 46 33 1 41 63 12 1 4 38 32 1
0 44 90 1 0 56 29 1 0 0 0 0 0 0 0 0 30 16 53 1 33 59 45 1 50 40 76 1 0 0 0 0 4 46 56 1 0 0 0 0 9 42 97 1 23 25 78 1 15 73 38 1 0 0 65 1 0 22 63 1 17 59 20 1 0 39 10 1 0 51 62 1 12 57 37 1 17 42 84 1 2 54 45 1 13 50 50 1 14 44 55 1 36 0 57 1 2 38 38 1 23 58 60 1 7 41 20 1 0 26 42 1 0 70 58 1 45 40 25 1 0 0 0 0 0 19 47 1 0 63 43 1 21 63 31 1 56 43 68 1 44 39 23 1 46 102 93 1 60 67 73 1 25 65 85 1 17 25 28 1 5 50 29 1 0 13 5 1 0 0 0 0 0 0 0 0 37 54 0 1 13 59 27 1 44 64 17 1 1 40 10 1 31 50 41 1 48 82 31 1 25 32 32 1 42 0 30 1 13 59 10 1 12 24 89 1 20 48 14 1 0 33 1 1 11 23 27 1 22 0 11 1 0 0 0 0 24 50 70 1 48 42 19 1 0 10 26 1
0 57 37 1 9 30 59 1 0 0 0 0 0 73 62 1 18 55 56 1 9 85 59 1 9 29 22 1 57 76 93 1 25 54 10 1 4 77 48 1 12 28 70 1 31 19 70 1 0 0 0 0 20 54 47 1 19 33 16 1 37 16 75 1 0 7 40 1 0 31 57 1 0 0 0 0 0 51 28 1 0 41 56 1 0 14 49 1 0 78 28 1 24 53 48 1 0 0 0 0 0 0 0 0 17 43 46 1 0 41 57 1 27 33 92 1 26 7 65 1 0 75 54 1 32 52 37 1 0 0 0 0 40 35 27 1 64 23 73 1 82 90 82 1 0 0 0 0 29 5 53 1 25 37 30 1 7 16 66 1 8 53 57 1 13 47 34 1 0 13 3 1 0 16 21 1 21 58 24 1 21 66 84 1 11 55 35 1 46 65 31 1 29 82 60 1 30 36 60 1 36 25 36 1 0 66 11 1 28 80 16 1 23 49 59 1 6 33 0 1 28 0 0 1 0 27 56 1 5 41 49 1 0 0 0 0 0 0 0 0 51 0 31 1 29 13 48 1
14 32 16 1 32 11 31 1 0 49 61 1 0 35 47 1 10 61 80 1 17 52 95 1 23 14 45 1 30 65 76 1 53 52 64 1 0 28 49 1 22 51 23 1 16 28 77 1 0 44 48 1 0 79 69 1 18 37 17 1 16 34 72 1 0 0 0 0 11 43 32 1 21 78 17 1 0 53 39 1 0 0 0 0 4 49 52 1 30 48 34 1 7 8 40 1 13 17 27 1 0 14 55 1 9 32 59 1 19 0 112 1 31 28 41 1 14 23 28 1 8 74 47 1 0 44 27 1 63 52 21 1 44 76 59 1 38 93 82 1 24 117 42 1 9 47 36 1 32 25 60 1 33 32 15 1 0 0 0 0 24 86 69 1 16 104 65 1 0 65 52 1 56 79 90 1 35 42 39 1 60 64 16 1 0 0 0 0 30 45 54 1 37 121 101 1 41 33 46 1 0 66 27 1 32 12 18 1 3 65 20 1 0 29 44 1 15 25 12 1 0 12 0 1 0 19 34 1 41 90 1 1 0 53 26 1 15 68 91 1 0 33 74 1 19 3 24 1
4 29 57 1 0 60 60 1 0 9 41 1 0 35 37 1 0 63 51 1 0 0 0 0 0 20 42 1 28 35 34 1 44 7 58 1 47 57 69 1 0 0 0 0 0 34 48 1 0 40 49 1 0 32 88 1 0 56 17 1 41 35 49 1 16 57 53 1 11 27 43 1 29 85 28 1 0 36 33 1 8 36 18 1 0 14 40 1 24 20 87 1 0 46 48 1 26 73 56 1 0 29 13 1 28 33 54 1 24 24 69 1 0 12 31 1 62 61 78 1 107 59 74 1 33 75 22 1 0 0 0 0 72 90 58 1 57 59 38 1 16 17 66 1 14 3 35 1 33 44 38 1 0 53 26 1 20 44 12 1 24 73 23 1 15 28 42 1 7 60 38 1 18 82 41 1 0 0 0 0 13 21 0 1 0 59 57 1 47 85 70 1 32 63 47 1 4 75 44 1 17 76 16 1 27 22 37 1 0 0 0 0 0 0 0 0 0 54 65 1 0 2 5 1 0 0 0 0 28 70 15 1 13 38 80 1 6 52 57 1 33 39 5 1 0 4 0 1
13 33 77 1 30 41 46 1 0 32 54 1 0 0 0 0 19 1 54 1 49 20 60 1 0 58 25 1 13 60 32 1 20 52 48 1 0 0 0 0 0 48 49 1 2 8 33 1 3 29 29 1 0 44 29 1 29 69 55 1 9 34 24 1 9 48 94 1 0 47 68 1 2 61 3 1 14 55 27 1 0 41 45 1 0 50 49 1 8 53 40 1 0 0 0 0 13 45 15 1 0 0 0 0 36 14 83 1 0 0 0 0 82 126 111 1 77 87 61 1 16 35 41 1 57 63 41 1 85 77 49 1 37 56 25 1 8 48 0 1 0 0 0 0 8 19 18 1 0 21 52 1 0 0 0 0 27 9 44 1 0 52 54 1 0 4 43 1 16 50 19 1 0 0 0 0 9 35 48 1 23 89 23 1 66 69 67 1 0 0 0 0 37 16 10 1 21 44 36 1 1 21 18 1 0 0 0 0 30 58 12 1 12 49 14 1 6 40 73 1 0 44 0 1 1 49 0 1 24 54 22 1 6 82 37 1 2 25 33 1 0 25 31 1 0 89 11 1
0 40 30 1 44 58 38 1 23 0 54 1 5 59 83 1 21 65 29 1 2 60 72 1 31 38 47 1 25 3 64 1 8 18 24 1 0 21 94 1 32 73 38 1 0 0 0 0 0 0 0 0 21 53 25 1 0 37 48 1 25 22 65 1 15 65 21 1 5 67 7 1 7 46 57 1 2 49 48 1 8 63 81 1 0 0 0 0 0 64 71 1 17 64 42 1 23 3 0 1 0 0 0 0 21 63 31 1 68 75 95 1 24 68 71 1 38 47 38 1 75 77 45 1 66 39 82 1 41 22 40 1 1 31 38 1 41 29 76 1 22 21 19 1 24 29 27 1 5 30 45 1 3 27 15 1 0 15 21 1 11 47 40 1 0 0 0 0 20 26 40 1 0 74 15 1 49 35 6 1 0 0 0 0 0 46 48 1 1 31 0 1 25 45 42 1 0 0 0 0 0 55 25 1 20 51 23 1 28 30 0 1 4 31 36 1 42 62 0 1 0 37 9 1 4 83 31 1 0 30 33 1 0 0 5 1 0 39 16 1 0 0 0 0 39 48 41 1
0 16 72 1 0 0 0 0 0 34 51 1 31 40 57 1 13 51 23 1 0 52 67 1 24 44 78 1 14 14 31 1 0 29 50 1 1 58 64 1 45 32 74 1 0 22 49 1 0 45 56 1 59 64 43 1 0 0 0 0 0 92 37 1 4 38 48 1 49 66 82 1 20 66 74 1 0 28 26 1 0 35 40 1 0 22 39 1 18 17 74 1 7 39 21 1 4 28 40 1 0 46 85 1 47 85 109 1 37 104 62 1 13 0 37 1 24 39 15 1 54 65 51 1 94 102 75 1 51 49 78 1 0 55 25 1 4 52 44 1 0 29 0 1 0 48 35 1 0 40 29 1 21 16 5 1 48 36 34 1 30 52 37 1 20 52 8 1 9 51 35 1 0 53 0 1 0 18 25 1 0 0 0 0 0 14 48 1 0 21 6 1 0 21 1 1 19 30 40 1 50 26 40 1 4 56 58 1 60 40 19 1 45 22 44 1 38 15 45 1 1 0 35 1 21 0 0 1 0 12 45 1 0 38 88 1 6 24 0 1 43 25 17 1 52 67 61 1
49 43 54 1 0 85 43 1 0 0 0 0 0 0 0 0 0 32 23 1 40 10 48 1 0 40 44 1 21 53 65 1 18 33 44 1 0 0 0 0 21 15 65 1 0 0 0 0 30 98 49 1 18 31 87 1 0 8 43 1 23 62 60 1 0 49 34 1 18 53 30 1 22 21 38 1 0 25 39 1 0 0 0 0 1 30 24 1 0 0 48 1 0 50 56 1 25 21 37 1 78 68 76 1 38 22 26 1 9 0 0 1 0 0 0 0 37 25 30 1 0 0 1 1 45 30 26 1 0 58 46 1 25 11 0 1 21 17 44 1 10 20 37 1 0 0 0 0 0 65 14 1 4 22 24 1 16 49 37 1 23 44 57 1 3 19 17 1 0 30 27 1 35 36 52 1 21 31 19 1 0 0 0 0 21 11 0 1 0 19 16 1 27 46 40 1 0 63 24 1 8 37 21 1 21 24 18 1 8 53 54 1 6 51 50 1 78 28 74 1 6 52 29 1 0 9 17 1 0 37 27 1 2 65 28 1 50 74 54 1 38 73 59 1 53 56 46 1
0 74 76 1 18 14 54 1 27 34 100 1 4 48 28 1 32 40 49 1 36 72 41 1 25 33 88 1 38 40 57 1 19 66 20 1 21 14 41 1 17 58 35 1 0 74 19 1 0 0 0 0 46 56 40 1 0 29 53 1 0 0 0 0 0 42 63 1 12 29 87 1 0 0 0 0 34 56 43 1 0 31 71 1 0 3 14 1 7 17 44 1 30 69 89 1 0 43 66 1 12 41 47 1 0 0 0 0 17 0 8 1 0 0 0 0 6 55 68 1 35 66 54 1 5 0 58 1 50 46 59 1 46 34 28 1 24 40 52 1 41 20 0 1 0 90 33 1 70 71 51 1 23 72 29 1 49 81 35 1 31 87 50 1 52 79 15 1 40 33 28 1 21 41 49 1 0 36 44 1 0 56 51 1 21 64 60 1 23 40 66 1 0 0 0 0 0 0 0 0 1 43 26 1 7 25 0 1 0 0 0 0 0 31 44 1 42 40 56 1 19 63 51 1 1 19 40 1 0 0 0 0 27 69 0 1 114 71 73 1 109 40 28 1 43 94 64 1
6 23 29 1 5 81 60 1 0 0 0 0 0 59 50 1 46 28 26 1 0 18 45 1 14 65 62 1 4 85 82 1 0 0 39 1 0 0 0 0 0 51 88 1 0 41 25 1 34 11 40 1 0 38 44 1 0 41 51 1 19 49 50 1 24 27 38 1 6 33 46 1 0 17 47 1 0 0 0 0 0 35 69 1 25 66 9 1 40 85 92 1 66 94 86 1 10 27 51 1 0 32 44 1 0 51 28 1 0 0 0 0 30 23 76 1 59 52 6 1 0 0 0 0 37 59 98 1 22 24 63 1 61 49 18 1 20 8 0 1 28 12 0 1 48 51 42 1 53 125 71 1 21 37 48 1 29 78 52 1 43 50 38 1 0 44 49 1 21 58 43 1 47 14 25 1 0 10 3 1 0 34 0 1 5 44 26 1 0 36 0 1 33 16 0 1 0 44 28 1 7 52 43 1 4 40 50 1 0 0 0 0 10 85 69 1 39 67 76 1 25 39 0 1 40 69 40 1 0 0 0 0 0 0 0 0 69 87 109 1 0 0 0 0 71 44 65 1
0 40 55 1 18 55 57 1 0 40 56 1 0 0 0 0 45 22 32 1 31 48 53 1 19 49 29 1 0 17 86 1 12 62 94 1 6 66 42 1 0 46 42 1 0 0 74 1 0 0 0 0 0 68 67 1 0 19 17 1 0 65 69 1 0 23 48 1 3 51 85 1 9 27 42 1 19 4 8 1 5 40 32 1 28 81 61 1 29 74 111 1 3 13 25 1 25 27 55 1 22 0 24 1 24 24 47 1 14 38 52 1 13 42 24 1 9 0 13 1 35 50 33 1 55 38 10 1 50 56 47 1 0 0 0 0 51 56 42 1 0 0 0 0 33 52 30 1 52 92 58 1 0 0 0 0 45 84 90 1 13 60 19 1 0 0 0 0 48 45 20 1 26 50 56 1 0 58 16 1 2 34 29 1 0 16 6 1 0 11 25 1 0 0 0 0 0 21 24 1 20 8 0 1 11 72 43 1 32 47 38 1 0 8 0 1 49 39 50 1 26 90 50 1 0 0 0 0 0 0 0 0 91 114 66 1 114 83 75 1 43 50 55 1 14 38 14 1
0 21 49 1 25 1 81 1 24 15 58 1 0 55 27 1 23 42 31 1 14 63 48 1 0 0 0 0 0 17 48 1 0 44 99 1 24 35 72 1 39 79 50 1 0 0 0 0 0 69 36 1 0 0 0 0 0 13 31 1 0 70 58 1 0 28 32 1 16 61 20 1 0 0 0 0 0 22 10 1 30 74 65 1 64 87 93 1 24 55 40 1 20 37 17 1 16 41 64 1 14 26 71 1 29 60 53 1 51 55 52 1 0 44 48 1 47 12 68 1 0 0 0 0 46 58 65 1 60 46 24 1 0 9 0 1 0 0 0 0 33 59 30 1 0 0 0 0 7 34 51 1 22 37 55 1 68 32 45 1 0 0 0 0 2 20 31 1 6 47 47 1 35 24 10 1 0 52 2 1 17 29 12 1 5 28 30 1 0 3 0 1 19 50 0 1 45 102 63 1 0 0 0 0 87 72 100 1 83 90 40 1 66 65 40 1 33 46 27 1 0 0 0 0 52 53 2 1 40 23 0 1 101 126 102 1 31 45 50 1 19 46 2 1 0 0 0 0
22 16 42 1 23 49 63 1 0 24 64 1 0 58 49 1 17 0 42 1 1 15 61 1 0 0 0 0 12 65 20 1 9 50 52 1 26 23 32 1 0 47 38 1 0 0 0 0 0 46 67 1 17 55 56 1 0 37 52 1 0 17 26 1 0 0 54 1 0 0 0 0 36 8 18 1 94 52 77 1 0 0 0 0 51 62 35 1 34 68 39 1 42 71 67 1 0 61 30 1 25 44 36 1 28 28 0 1 12 33 31 1 0 31 36 1 16 48 50 1 36 13 26 1 0 0 39 1 9 11 15 1 0 0 0 0 18 75 28 1 70 36 45 1 36 11 56 1 12 1 20 1 30 44 29 1 29 50 24 1 0 0 0 0 8 46 0 1 60 58 0 1 38 20 15 1 0 53 25 1 0 0 31 1 0 56 35 1 54 102 0 1 42 76 62 1 109 122 80 1 77 68 42 1 97 94 75 1 129 136 93 1 127 170 104 1 49 74 61 1 9 7 17 1 35 27 0 1 53 112 30 1 141 106 57 1 28 63 27 1 83 71 27 1 79 66 55 1
22 54 13 1 3 34 62 1 0 63 37 1 22 22 59 1 45 59 55 1 42 56 56 1 0 0 0 0 0 36 61 1 13 39 57 1 0 66 51 1 0 56 43 1 17 23 0 1 6 31 21 1 0 36 38 1 4 4 47 1 0 75 97 1 8 2 35 1 18 31 32 1 52 58 25 1 46 72 66 1 105 84 73 1 38 113 26 1 7 59 36 1 24 46 47 1 23 28 7 1 31 46 24 1 0 53 28 1 10 35 3 1 21 79 12 1 17 48 45 1 24 47 68 1 0 33 27 1 6 43 17 1 0 0 0 0 2 65 46 1 18 70 20 1 22 46 9 1 6 51 4 1 0 27 29 1 41 35 16 1 3 27 9 1 0 74 73 1 98 50 55 1 15 0 15 1 69 56 45 1 67 100 83 1 29 49 66 1 28 85 72 1 132 99 85 1 72 82 66 1 38 70 59 1 30 20 44 1 63 101 47 1 83 74 0 1 49 31 14 1 80 82 55 1 91 76 56 1 80 62 37 1 140 167 114 1 96 120 114 1 51 126 81 1 79 79 48 1
14 11 57 1 0 0 0 0 4 50 65 1 7 58 71 1 16 32 81 1 17 60 45 1 0 0 0 0 43 20 76 1 0 55 22 1 0 52 51 1 11 59 52 1 0 43 28 1 0 32 34 1 19 40 44 1 0 4 66 1 0 8 51 1 40 36 34 1 0 0 0 0 58 58 21 1 0 0 0 0 42 74 94 1 61 73 87 1 39 56 24 1 74 45 7 1 0 0 0 0 23 61 28 1 40 56 20 1 0 8 20 1 48 64 27 1 37 13 7 1 12 21 57 1 0 1 17 1 53 64 42 1 0 49 67 1 0 0 0 0 0 0 27 1 7 30 43 1 14 78 43 1 15 28 7 1 0 0 20 1 6 18 15 1 52 33 42 1 37 66 54 1 42 51 40 1 20 21 27 1 17 61 61 1 49 60 45 1 71 20 9 1 29 42 73 1 14 15 0 1 0 39 3 1 0 44 22 1 0 28 0 1 21 44 7 1 111 101 84 1 73 130 122 1 0 0 0 0 26 62 28 1 96 55 40 1 36 65 27 1 55 91 78 1 0 0 0 0
13 29 62 1 11 3 18 1 2 36 84 1 0 35 31 1 15 21 37 1 5 38 21 1 9 30 26 1 0 0 0 0 25 8 2 1 0 51 46 1 0 40 62 1 28 37 40 1 30 38 47 1 10 15 41 1 0 60 80 1 0 16 76 1 0 27 43 1 30 35 70 1 77 87 25 1 61 55 23 1 65 37 62 1 67 80 39 1 100 26 59 1 37 30 92 1 33 28 21 1 0 0 0 0 23 56 23 1 0 23 31 1 0 0 0 0 29 71 91 1 19 71 1 1 31 63 31 1 0 33 41 1 0 50 55 1 0 35 39 1 10 4 67 1 2 19 47 1 9 0 0 1 28 0 0 1 2 0 16 1 4 65 3 1 39 52 24 1 12 58 70 1 31 50 67 1 18 44 48 1 0 73 64 1 100 107 80 1 0 0 0 0 0 21 0 1 11 0 0 1 1 36 38 1 45 31 62 1 0 53 3 1 43 39 39 1 104 122 111 1 0 0 0 0 79 44 21 1 59 39 30 1 53 41 29 1 61 58 22 1 91 88 36 1 0 0 0 0
0 34 41 1 50 35 59 1 0 0 0 0 0 30 81 1 0 0 0 0 0 42 36 1 0 3 31 1 0 45 37 1 39 36 75 1 0 48 63 1 14 48 18 1 0 0 0 0 15 32 50 1 41 46 25 1 0 34 17 1 13 71 39 1 77 92 93 1 66 69 65 1 54 55 45 1 35 60 49 1 53 45 36 1 55 24 19 1 0 0 0 0 75 86 50 1 43 76 60 1 36 4 0 1 44 22 55 1 5 75 42 1 72 70 87 1 27 72 52 1 26 34 12 1 0 28 45 1 29 38 24 1 0 12 36 1 4 58 23 1 0 29 45 1 0 10 50 1 2 40 20 1 0 27 23 1 1 0 18 1 47 3 0 1 14 8 52 1 40 13 50 1 67 60 65 1 0 0 0 0 0 0 0 0 50 90 44 1 0 0 0 0 0 32 0 1 56 75 66 1 43 99 70 1 26 25 28 1 38 76 17 1 138 130 113 1 0 0 0 0 0 0 0 0 96 103 72 1 33 82 71 1 70 52 26 1 88 73 73 1 37 5 16 1 45 66 10 1
0 0 0 0 0 0 0 0 11 70 73 1 5 7 40 1 0 61 34 1 0 0 0 0 0 18 58 1 22 28 41 1 0 0 0 0 0 0 0 0 23 36 6 1 0 33 22 1 0 22 16 1 17 64 7 1 6 15 7 1 40 63 5 1 96 87 120 1 132 88 103 1 0 0 0 0 56 48 45 1 0 0 0 0 20 46 11 1 3 73 0 1 0 45 21 1 22 36 26 1 61 48 60 1 46 42 42 1 0 0 0 0 68 83 53 1 14 39 17 1 0 66 0 1 0 14 14 1 17 7 0 1 11 8 0 1 0 25 28 1 7 33 1 1 4 1 66 1 14 34 50 1 75 33 40 1 4 52 47 1 2 43 8 1 11 36 14 1 6 50 16 1 29 66 56 1 0 44 4 1 22 22 11 1 13 43 24 1 0 0 0 0 28 50 57 1 8 63 0 1 52 81 85 1 0 0 0 0 46 40 10 1 79 107 86 1 160 179 91 1 117 97 64 1 121 58 32 1 96 81 78 1 0 0 0 0 18 61 18 1 86 106 76 1 57 86 78 1
26 51 37 1 15 54 73 1 7 13 62 1 30 11 43 1 3 20 26 1 0 0 0 0 0 0 0 0 10 51 59 1 0 61 88 1 0 0 0 0 0 0 18 1 0 0 0 0 0 26 25 1 0 0 0 0 0 30 0 1 56 39 68 1 64 56 70 1 46 50 42 1 1 13 51 1 0 0 0 0 29 27 43 1 16 66 39 1 8 35 15 1 0 60 35 1 50 37 32 1 10 9 46 1 22 48 59 1 60 38 39 1 3 22 0 1 44 28 35 1 0 47 19 1 22 46 47 1 25 45 44 1 22 87 53 1 0 33 84 1 26 49 68 1 22 59 2 1 0 31 73 1 0 33 44 1 0 0 0 0 0 13 55 1 35 53 37 1 27 24 0 1 10 12 50 1 9 4 0 1 10 78 0 1 17 14 18 1 0 0 0 0 0 0 0 0 62 52 35 1 18 44 0 1 46 51 25 1 120 118 62 1 143 151 100 1 0 0 0 0 74 75 40 1 132 58 44 1 74 77 44 1 96 119 53 1 41 103 3 1 78 111 90 1 63 80 80 1
0 67 51 1 0 38 20 1 31 0 57 1 12 58 31 1 0 22 36 1 4 51 73 1 5 25 38 1 0 6 37 1 19 0 0 1 0 16 40 1 0 9 13 1 8 46 51 1 14 48 6 1 21 44 57 1 49 65 53 1 0 63 46 1 49 0 39 1 0 5 17 1 18 0 6 1 37 41 25 1 19 38 0 1 0 40 26 1 13 19 0 1 0 0 44 1 8 22 3 1 17 6 33 1 0 43 10 1 0 0 0 0 5 0 0 1 0 0 26 1 19 15 62 1 0 33 60 1 0 44 46 1 61 73 70 1 8 77 66 1 36 43 35 1 20 94 86 1 30 13 34 1 17 41 5 1 0 72 30 1 0 0 0 0 28 26 11 1 13 22 0 1 0 25 13 1 47 65 11 1 38 50 85 1 0 43 49 1 17 12 0 1 0 12 0 1 76 108 56 1 215 174 158 1 178 223 153 1 114 82 58 1 87 88 73 1 179 105 57 1 0 0 0 0 142 114 97 1 88 54 10 1 38 90 71 1 81 56 62 1 107 128 74 1 57 75 32 1
7 58 38 1 5 25 9 1 0 28 42 1 0 23 17 1 0 55 0 1 0 7 23 1 3 10 28 1 0 40 44 1 57 100 92 1 49 66 61 1 80 61 96 1 72 129 67 1 61 106 68 1 37 28 44 1 84 76 54 1 45 42 71 1 5 96 30 1 54 43 0 1 0 0 0 0 0 50 0 1 0 15 45 1 0 51 47 1 27 36 23 1 48 21 16 1 18 22 37 1 22 16 10 1 0 0 36 1 26 6 21 1 4 67 0 1 2 28 0 1 20 40 2 1 9 56 60 1 16 58 29 1 23 47 5 1 26 16 19 1 0 32 46 1 6 53 0 1 0 44 51 1 11 33 62 1 60 61 31 1 11 33 41 1 0 24 0 1 33 57 34 1 35 38 0 1 72 38 59 1 35 66 83 1 22 41 12 1 41 23 62 1 52 55 51 1 150 136 101 1 131 115 113 1 0 0 0 0 121 126 122 1 132 120 102 1 138 115 46 1 61 37 0 1 62 82 34 1 45 85 3 1 0 51 10 1 44 79 44 1 72 70 73 1 54 44 57 1
0 0 0 0 23 24 15 1 80 23 73 1 20 54 61 1 41 62 55 1 19 77 53 1 15 37 54 1 45 36 54 1 56 117 78 1 68 114 47 1 0 0 0 0 20 3 26 1 0 0 0 0 68 71 74 1 20 77 35 1 53 49 51 1 0 0 0 0 10 43 32 1 27 14 7 1 0 0 0 0 34 105 54 1 33 49 68 1 70 84 64 1 45 23 56 1 8 0 68 1 0 22 43 1 33 73 0 1 10 40 56 1 17 0 51 1 0 0 0 0 13 37 8 1 37 4 19 1 15 39 0 1 5 64 19 1 46 7 0 1 0 19 18 1 4 15 17 1 24 6 33 1 16 3 11 1 0 0 0 0 22 62 18 1 0 0 0 0 27 57 24 1 46 58 20 1 59 77 96 1 17 78 30 1 93 35 73 1 45 120 92 1 112 124 104 1 197 198 131 1 139 159 148 1 0 0 0 0 64 50 46 1 93 115 41 1 74 85 29 1 0 0 0 0 0 0 0 0 0 42 26 1 32 9 53 1 37 86 36 1 17 49 30 1 0 0 0 0
75 65 76 1 121 141 105 1 60 105 50 1 120 41 26 1 58 69 43 1 55 82 59 1 76 64 64 1 0 0 0 0 34 54 51 1 20 20 23 1 0 0 0 0 12 9 20 1 60 68 41 1 58 92 41 1 18 49 38 1 34 70 59 1 10 62 39 1 31 59 44 1 95 85 65 1 0 0 0 0 119 111 74 1 53 54 39 1 0 0 0 0 0 0 0 0 0 20 28 1 5 55 47 1 14 39 0 1 6 12 38 1 15 17 28 1 0 0 0 0 1 47 3 1 0 0 0 0 4 21 38 1 20 47 15 1 35 51 48 1 56 65 19 1 0 32 0 1 15 10 34 1 61 30 15 1 0 0 0 0 54 23 75 1 70 126 90 1 57 102 66 1 59 51 56 1 79 69 37 1 33 75 48 1 57 61 41 1 91 114 90 1 130 143 109 1 118 129 108 1 94 37 29 1 74 74 48 1 112 111 150 1 96 87 123 1 25 68 25 1 37 41 52 1 28 73 52 1 42 66 51 1 19 79 28 1 83 71 90 1 14 81 28 1 27 41 22 1
129 65 108 1 139 108 106 1 82 40 0 1 29 4 0 1 24 11 16 1 23 2 17 1 37 25 34 1 7 25 12 1 0 47 25 1 32 28 40 1 49 91 79 1 0 0 0 0 9 35 39 1 29 63 33 1 4 20 23 1 7 13 29 1 24 43 22 1 25 69 67 1 39 32 22 1 79 101 52 1 83 99 62 1 29 57 25 1 0 34 2 1 22 13 52 1 43 6 59 1 39 61 43 1 15 37 16 1 0 57 54 1 0 0 0 0 0 23 37 1 0 0 0 0 5 37 34 1 29 32 38 1 11 0 15 1 0 59 0 1 0 54 15 1 7 35 0 1 13 29 0 1 0 25 0 1 0 52 0 1 0 0 0 0 136 146 67 1 79 86 66 1 66 110 67 1 99 112 63 1 52 71 14 1 0 0 0 0 0 0 0 0 104 93 68 1 112 49 74 1 70 48 38 1 90 65 61 1 67 72 67 1 63 96 25 1 40 63 25 1 34 68 66 1 47 57 28 1 58 59 50 1 36 88 80 1 0 60 57 1 0 31 0 1 55 85 44 1
58 103 48 1 40 57 52 1 16 44 48 1 62 30 5 1 65 67 44 1 51 49 49 1 12 19 57 1 0 0 0 0 1 55 71 1 11 68 70 1 28 69 50 1 36 60 44 1 40 63 47 1 10 0 74 1 45 26 49 1 0 0 0 0 0 15 62 1 0 30 30 1 27 50 49 1 15 32 20 1 42 76 26 1 12 76 26 1 3 79 47 1 0 32 41 1 0 44 56 1 0 60 15 1 0 32 0 1 39 67 18 1 30 53 39 1 48 40 29 1 0 34 42 1 3 3 0 1 35 58 19 1 0 0 79 1 30 19 17 1 0 44 19 1 0 0 0 0 20 57 0 1 0 34 0 1 115 174 91 1 121 105 121 1 81 100 38 1 128 107 61 1 107 115 90 1 73 71 79 1 0 0 0 0 22 34 50 1 96 130 86 1 129 111 86 1 124 107 57 1 43 63 59 1 0 0 0 0 9 100 40 1 58 56 41 1 71 74 35 1 79 44 34 1 32 85 23 1 79 111 68 1 56 63 58 1 55 58 74 1 4 80 0 1 42 70 63 1
0 0 0 0 43 76 48 1 58 61 28 1 52 79 0 1 9 67 45 1 38 37 15 1 0 0 0 0 0 71 17 1 36 72 45 1 44 82 73 1 46 59 12 1 8 67 13 1 0 44 11 1 0 84 28 1 13 48 64 1 0 0 0 0 0 0 0 0 0 0 0 0 28 18 47 1 30 15 29 1 30 21 11 1 15 37 16 1 0 49 32 1 23 55 44 1 26 33 58 1 0 31 51 1 5 48 33 1 0 0 0 0 0 47 23 1 15 40 25 1 13 21 35 1 49 83 1 1 11 52 9 1 1 58 47 1 7 24 42 1 32 72 0 1 34 60 25 1 18 34 34 1 114 145 105 1 121 177 80 1 120 100 91 1 109 91 78 1 88 72 22 1 88 108 91 1 123 133 94 1 74 53 24 1 62 87 9 1 116 140 92 1 3 50 50 1 0 0 0 0 0 0 0 0 69 82 10 1 56 44 27 1 18 57 11 1 52 70 14 1 37 91 33 1 73 99 72 1 92 87 70 1 83 104 84 1 63 104 86 1 10 50 30 1 6 36 9 1
11 44 37 1 2 48 37 1 21 51 30 1 51 75 30 1 84 84 42 1 43 76 55 1 0 0 0 0 0 0 0 0 20 47 88 1 55 33 60 1 5 59 0 1 22 38 32 1 6 27 4 1 18 46 66 1 26 27 47 1 15 46 0 1 34 32 24 1 0 42 24 1 0 11 40 1 43 17 26 1 7 28 54 1 48 51 45 1 0 28 0 1 0 44 0 1 0 50 30 1 18 73 17 1 0 0 0 0 31 22 21 1 0 0 0 0 35 53 34 1 0 20 0 1 0 48 24 1 22 70 30 1 34 71 15 1 30 31 26 1 32 24 0 1 23 72 4 1 164 120 90 1 173 165 133 1 103 76 76 1 127 103 51 1 0 0 0 0 120 45 82 1 117 86 38 1 61 63 13 1 8 19 42 1 21 54 6 1 68 31 36 1 0 0 0 0 59 75 26 1 66 58 0 1 72 55 28 1 56 12 31 1 38 47 48 1 46 54 21 1 4 47 0 1 95 124 66 1 81 91 53 1 27 47 60 1 42 6 7 1 0 34 11 1 3 14 3 1
15 15 0 1 45 28 55 1 0 0 0 0 60 92 88 1 62 73 70 1 44 66 15 1 0 13 46 1 21 70 40 1 84 82 59 1 27 34 21 1 10 14 13 1 20 55 46 1 26 77 42 1 12 16 26 1 14 55 7 1 5 33 54 1 3 21 58 1 42 67 62 1 3 27 53 1 3 29 48 1 0 0 0 0 0 67 6 1 0 41 0 1 0 38 33 1 33 62 20 1 8 21 0 1 20 0 1 1 13 36 7 1 8 0 37 1 19 16 0 1 27 20 23 1 81 64 25 1 0 0 0 0 104 138 98 1 75 112 105 1 126 123 88 1 183 118 103 1 192 212 133 1 131 136 66 1 0 0 0 0 82 72 51 1 0 0 0 0 185 160 164 1 119 140 104 1 78 76 81 1 65 73 35 1 49 97 20 1 0 0 0 0 71 119 63 1 61 74 37 1 36 53 38 1 22 38 14 1 104 118 70 1 73 110 62 1 46 91 19 1 0 0 0 0 26 44 27 1 102 49 61 1 5 47 68 1 0 46 0 1 0 5 8 1 15 44 22 1
60 83 94 1 32 56 71 1 11 83 50 1 28 31 1 1 33 56 21 1 11 16 43 1 13 29 11 1 36 67 37 1 48 43 42 1 35 48 54 1 43 57 45 1 0 0 0 0 29 28 9 1 26 46 54 1 32 33 67 1 39 0 0 1 38 29 51 1 7 65 31 1 15 0 57 1 0 24 30 1 14 37 15 1 0 54 16 1 5 66 0 1 9 70 48 1 0 49 12 1 0 60 12 1 28 99 26 1 43 39 53 1 0 3 23 1 0 15 0 1 90 58 25 1 110 97 111 1 100 121 76 1 170 157 93 1 174 181 107 1 140 167 105 1 142 150 129 1 172 154 118 1 116 166 115 1 58 71 67 1 67 69 81 1 89 83 114 1 94 89 130 1 90 98 80 1 28 42 32 1 85 72 77 1 78 72 33 1 84 73 39 1 38 22 46 1 8 69 50 1 61 39 28 1 83 129 78 1 0 0 0 0 101 113 81 1 0 0 0 0 0 0 0 0 14 69 21 1 13 79 39 1 27 76 16 1 0 18 0 1 46 35 43 1 90 97 88 1
23 97 54 1 48 74 53 1 39 52 58 1 14 17 41 1 43 49 0 1 24 52 50 1 28 76 78 1 49 20 11 1 0 59 3 1 1 13 0 1 7 34 0 1 29 11 0 1 0 20 26 1 47 49 24 1 0 28 4 1 0 22 3 1 21 36 29 1 0 29 14 1 14 8 24 1 3 0 16 1 0 3 14 1 39 36 17 1 7 63 33 1 48 23 21 1 1 66 41 1 6 38 8 1 13 40 52 1 33 49 28 1 20 90 67 1 45 74 33 1 0 0 0 0 84 71 14 1 0 0 0 0 85 84 31 1 158 112 61 1 158 164 70 1 194 199 132 1 171 150 102 1 91 111 28 1 68 45 44 1 78 88 27 1 37 36 25 1 0 28 0 1 67 38 46 1 20 7 0 1 15 0 0 1 55 125 73 1 0 39 20 1 0 52 28 1 28 82 71 1 4 53 43 1 129 149 138 1 154 154 146 1 51 98 50 1 66 58 63 1 33 69 16 1 0 66 61 1 18 0 15 1 2 24 0 1 0 53 22 1 22 71 48 1 120 148 174 1
56 62 61 1 15 39 0 1 68 100 138 1 18 52 35 1 18 45 18 1 27 8 18 1 49 53 40 1 4 74 67 1 38 24 39 1 16 25 20 1 40 68 40 1 26 31 31 1 35 58 26 1 49 46 21 1 33 45 67 1 0 33 49 1 27 62 34 1 63 69 0 1 32 41 65 1 0 46 32 1 30 21 30 1 0 0 0 0 62 10 35 1 4 76 23 1 24 0 0 1 66 83 52 1 64 70 14 1 29 33 58 1 30 40 62 1 24 32 0 1 20 61 35 1 62 50 28 1 47 63 41 1 34 104 25 1 97 47 41 1 47 20 15 1 39 37 12 1 105 113 51 1 100 89 44 1 0 12 0 1 55 78 24 1 0 25 0 1 6 26 21 1 4 58 25 1 99 82 82 1 33 72 21 1 50 19 17 1 27 33 50 1 0 0 0 0 0 0 0 0 16 49 51 1 95 103 103 1 39 78 60 1 13 68 46 1 20 41 29 1 22 55 58 1 15 78 13 1 0 12 10 1 25 55 69 1 0 51 22 1 0 0 0 0 34 105 87 1
50 7 21 1 25 31 28 1 86 102 70 1 39 43 43 1 0 0 0 0 0 31 0 1 10 0 22 1 18 53 37 1 15 64 61 1 38 45 39 1 18 33 47 1 36 37 48 1 43 72 14 1 26 40 68 1 28 12 33 1 0 0 0 0 33 80 39 1 34 25 34 1 15 14 23 1 40 23 46 1 7 38 33 1 29 33 25 1 25 30 30 1 48 46 0 1 38 58 50 1 17 48 52 1 52 72 32 1 40 64 23 1 28 53 38 1 47 46 23 1 48 71 64 1 57 86 42 1 64 83 84 1 0 0 0 0 49 43 0 1 50 23 14 1 91 107 49 1 125 115 85 1 0 0 0 0 53 83 31 1 50 51 99 1 27 53 9 1 47 45 41 1 38 69 0 1 57 63 35 1 52 81 42 1 0 57 5 1 52 96 34 1 33 79 4 1 70 55 5 1 0 0 0 0 52 63 53 1 49 75 69 1 33 56 50 1 48 56 33 1 13 58 43 1 23 54 45 1 20 40 37 1 9 17 30 1 0 59 51 1 26 49 20 1 39 67 41 1
41 17 34 1 97 57 33 1 21 51 26 1 23 48 51 1 27 45 55 1 26 31 63 1 3 8 38 1 70 75 58 1 26 64 7 1 44 39 48 1 55 69 37 1 23 70 55 1 42 53 62 1 32 45 43 1 36 51 24 1 22 26 4 1 0 70 30 1 0 31 57 1 2 20 38 1 0 24 30 1 24 80 87 1 68 62 41 1 55 100 64 1 85 64 62 1 72 68 63 1 66 76 9 1 26 77 39 1 35 86 57 1 27 40 39 1 33 69 78 1 10 60 51 1 46 67 64 1 22 56 50 1 17 66 84 1 23 22 0 1 41 82 13 1 84 119 59 1 76 78 44 1 150 192 126 1 55 76 54 1 58 41 0 1 37 86 0 1 0 0 0 0 42 51 33 1 78 105 76 1 75 144 96 1 62 75 12 1 36 34 70 1 22 62 0 1 0 0 0 0 0 27 33 1 34 59 65 1 57 45 16 1 59 62 13 1 31 6 36 1 16 6 35 1 34 91 54 1 34 50 25 1 25 39 0 1 46 38 36 1 39 58 16 1 69 79 50 1
42 51 27 1 50 51 65 1 0 56 24 1 4 22 54 1 83 60 31 1 0 16 47 1 0 26 31 1 12 12 42 1 37 66 34 1 77 79 31 1 77 47 64 1 51 45 74 1 0 76 19 1 34 28 41 1 26 36 0 1 0 25 2 1 1 22 36 1 54 79 82 1 39 60 9 1 43 68 65 1 31 74 62 1 10 78 51 1 25 31 20 1 8 81 47 1 0 0 0 0 3 67 54 1 15 73 40 1 64 77 32 1 59 64 37 1 62 41 27 1 0 30 18 1 22 95 55 1 24 33 7 1 7 38 0 1 0 33 45 1 27 0 11 1 2 36 0 1 99 82 73 1 157 222 159 1 72 96 51 1 69 94 70 1 43 40 6 1 28 78 34 1 0 0 0 0 58 119 50 1 68 116 63 1 0 0 0 0 71 69 31 1 77 103 27 1 69 63 24 1 36 65 63 1 34 87 42 1 32 26 36 1 0 54 0 1 15 30 64 1 39 16 0 1 10 56 47 1 14 18 14 1 0 53 0 1 37 35 33 1 30 57 20 1 49 76 70 1
47 45 52 1 28 47 0 1 19 11 18 1 9 35 0 1 0 14 0 1 0 0 1 1 0 24 5 1 63 84 19 1 17 66 29 1 0 0 0 0 52 82 56 1 70 90 68 1 43 39 31 1 0 15 66 1 38 45 42 1 0 0 0 0 50 96 37 1 28 0 19 1 33 50 38 1 26 14 30 1 46 25 49 1 65 64 93 1 33 50 31 1 7 55 60 1 0 0 0 0 38 71 25 1 25 82 20 1 1 32 9 1 16 63 57 1 28 58 72 1 32 15 37 1 0 0 0 0 0 53 52 1 0 69 35 1 0 0 0 0 31 0 0 1 30 77 0 1 70 68 6 1 113 131 56 1 164 195 85 1 76 128 65 1 41 58 44 1 67 78 18 1 16 43 54 1 53 54 0 1 0 0 0 0 67 67 67 1 19 90 30 1 42 71 60 1 0 0 0 0 35 56 79 1 25 65 28 1 0 55 23 1 4 24 8 1 7 47 5 1 25 24 21 1 45 71 56 1 50 66 4 1 30 42 29 1 0 91 63 1 23 72 47 1 6 62 39 1
36 30 38 1 42 72 65 1 4 0 79 1 0 0 0 0 3 24 28 1 4 42 4 1 1 27 0 1 0 0 0 0 61 63 65 1 95 64 47 1 79 63 34 1 0 0 0 0 47 0 0 1 16 13 9 1 44 78 14 1 38 66 80 1 84 62 55 1 52 53 44 1 63 72 79 1 81 93 101 1 110 77 54 1 62 72 55 1 33 63 60 1 22 33 31 1 24 57 21 1 44 15 31 1 44 71 18 1 32 65 12 1 48 28 2 1 0 74 68 1 0 2 8 1 6 33 15 1 16 30 3 1 0 36 2 1 12 14 21 1 38 42 32 1 65 92 50 1 141 131 92 1 165 97 105 1 105 96 32 1 81 60 42 1 0 0 0 0 45 84 0 1 40 52 37 1 55 52 25 1 30 105 29 1 79 79 42 1 53 49 62 1 28 108 63 1 0 0 0 0 39 71 21 1 14 93 42 1 29 22 48 1 65 30 66 1 0 60 24 1 0 0 0 0 30 7 51 1 23 15 40 1 3 43 15 1 0 39 38 1 5 49 73 1 16 34 30 1
0 0 0 0 1 58 31 1 33 7 62 1 49 100 22 1 0 65 0 1 0 58 9 1 0 1 23 1 58 48 91 1 48 66 73 1 37 54 71 1 33 54 27 1 55 64 37 1 38 39 73 1 52 59 14 1 37 88 40 1 92 78 14 1 58 83 98 1 32 44 22 1 57 59 40 1 59 51 87 1 37 37 49 1 25 54 42 1 39 63 31 1 39 71 42 1 23 29 20 1 14 75 30 1 35 60 0 1 10 27 39 1 47 36 47 1 52 30 40 1 13 61 54 1 7 31 54 1 0 80 20 1 0 50 0 1 43 29 45 1 70 67 62 1 81 88 46 1 74 87 61 1 86 111 49 1 0 0 0 0 55 55 32 1 42 22 1 1 39 74 37 1 27 19 0 1 39 80 70 1 10 44 23 1 45 92 40 1 88 114 66 1 44 56 9 1 35 91 68 1 50 78 58 1 0 0 0 0 0 28 46 1 20 38 49 1 8 40 0 1 30 47 45 1 5 84 14 1 37 51 14 1 46 3 28 1 0 32 60 1 25 54 14 1 16 43 51 1
11 72 78 1 15 24 25 1 0 0 0 0 0 0 0 0 0 26 44 1 0 28 4 1 2 15 29 1 0 0 0 0 93 88 90 1 33 68 10 1 29 33 49 1 34 55 0 1 40 24 22 1 41 47 21 1 0 55 31 1 57 92 38 1 46 79 34 1 0 0 0 0 81 65 54 1 24 59 29 1 29 27 58 1 84 58 49 1 9 18 21 1 33 29 10 1 12 53 61 1 0 0 38 1 0 28 23 1 28 42 35 1 0 78 81 1 37 46 21 1 51 53 61 1 0 21 64 1 33 66 56 1 0 0 0 0 83 97 51 1 97 92 52 1 129 105 69 1 74 35 41 1 114 110 81 1 70 67 55 1 32 67 20 1 38 82 29 1 0 77 60 1 16 56 27 1 0 0 0 0 51 78 23 1 150 94 146 1 141 158 90 1 52 38 40 1 34 70 87 1 98 70 45 1 22 60 54 1 0 41 0 1 20 32 24 1 2 81 18 1 6 58 31 1 7 38 53 1 15 16 19 1 13 62 0 1 19 0 0 1 0 45 37 1 13 40 0 1
30 24 9 1 26 40 7 1 0 53 73 1 0 23 52 1 22 16 11 1 0 0 0 0 53 54 20 1 0 80 61 1 76 84 107 1 76 84 60 1 13 51 0 1 42 38 11 1 0 24 0 1 0 43 58 1 25 35 35 1 9 43 3 1 0 0 0 0 0 0 0 0 12 63 51 1 43 68 51 1 38 60 36 1 56 0 38 1 26 37 7 1 26 34 19 1 10 70 59 1 12 43 62 1 40 80 53 1 52 70 72 1 34 81 74 1 0 0 0 0 0 20 34 1 0 0 0 0 0 0 0 0 75 44 46 1 61 90 2 1 101 110 66 1 134 70 84 1 52 97 95 1 0 0 0 0 47 92 47 1 16 54 0 1 44 96 31 1 38 70 52 1 46 74 51 1 0 0 0 0 92 127 127 1 97 134 99 1 75 98 54 1 62 67 97 1 55 81 37 1 34 86 50 1 56 108 47 1 0 0 0 0 0 21 24 1 30 23 40 1 64 58 0 1 57 79 81 1 7 34 37 1 6 36 21 1 0 5 0 1 0 51 12 1 67 29 0 1
34 28 14 1 8 26 0 1 11 37 30 1 0 0 0 0 14 76 35 1 0 54 27 1 30 37 7 1 22 55 31 1 36 70 45 1 69 104 80 1 35 66 34 1 59 144 87 1 25 61 2 1 0 0 0 0 56 50 32 1 22 22 44 1 10 57 0 1 6 53 5 1 8 22 18 1 0 37 70 1 37 16 53 1 0 0 0 0 18 68 18 1 31 53 51 1 35 16 0 1 0 47 0 1 28 41 67 1 71 94 82 1 15 29 28 1 5 0 3 1 5 47 21 1 48 69 25 1 45 99 36 1 57 38 27 1 0 0 0 0 92 104 61 1 89 54 6 1 106 64 74 1 65 61 64 1 71 62 27 1 24 60 69 1 0 0 0 0 43 71 51 1 40 122 64 1 55 123 34 1 81 112 22 1 48 101 0 1 9 65 43 1 19 38 61 1 19 70 65 1 0 0 0 0 4 65 53 1 27 0 41 1 2 38 0 1 40 62 42 1 81 78 38 1 44 47 0 1 51 73 76 1 68 74 28 1 47 44 21 1 0 0 0 0 0 0 0 1
21 53 38 1 13 57 37 1 25 36 57 1 0 21 3 1 50 29 1 1 5 53 11 1 31 68 1 1 11 17 6 1 40 71 47 1 0 0 0 0 32 74 91 1 59 78 54 1 86 38 69 1 28 76 73 1 26 37 0 1 11 45 25 1 16 36 4 1 16 24 22 1 0 35 23 1 44 8 40 1 16 51 28 1 36 36 39 1 2 48 46 1 2 39 35 1 4 5 29 1 26 13 31 1 0 0 0 0 0 0 0 0 29 12 34 1 35 52 26 1 10 55 0 1 5 80 33 1 60 49 36 1 104 92 52 1 62 79 75 1 29 97 41 1 0 0 0 0 42 60 68 1 37 46 30 1 73 69 21 1 46 63 55 1 13 65 30 1 70 97 43 1 33 73 28 1 46 96 69 1 25 70 41 1 22 57 23 1 46 63 37 1 72 52 57 1 69 53 58 1 37 63 52 1 4 39 0 1 1 2 9 1 17 83 16 1 0 0 0 0 13 105 73 1 0 0 0 0 44 47 53 1 0 0 0 0 65 57 40 1 64 62 10 1 34 87 47 1
52 75 19 1 0 0 0 0 38 58 23 1 36 63 14 1 0 34 18 1 0 16 36 1 36 62 23 1 41 55 52 1 62 80 96 1 61 88 47 1 29 81 26 1 10 0 25 1 42 68 56 1 0 0 0 0 12 69 14 1 16 56 38 1 3 42 0 1 0 21 0 1 16 0 83 1 40 37 70 1 4 0 66 1 25 5 39 1 19 44 3 1 35 22 80 1 0 27 16 1 0 0 0 0 25 35 65 1 0 0 0 0 10 27 33 1 38 70 69 1 43 74 60 1 119 83 31 1 75 114 29 1 42 113 61 1 80 68 23 1 76 102 31 1 26 50 54 1 33 56 29 1 27 69 1 1 56 41 25 1 65 85 19 1 38 76 49 1 0 0 0 0 25 61 55 1 60 75 75 1 53 80 64 1 29 53 46 1 22 75 10 1 67 80 78 1 51 71 5 1 28 38 25 1 16 31 32 1 45 73 29 1 31 29 71 1 0 0 0 0 4 103 22 1 52 76 41 1 20 52 44 1 15 16 39 1 33 54 43 1 0 0 0 0 0 0 0 0
41 53 53 1 52 76 51 1 59 78 73 1 47 53 17 1 22 42 0 1 26 51 43 1 55 99 73 1 82 91 77 1 58 136 77 1 0 0 0 0 42 0 21 1 14 25 64 1 0 0 0 0 0 4 9 1 0 88 49 1 42 39 8 1 2 0 29 1 7 27 18 1 0 0 0 0 50 65 47 1 15 43 45 1 8 41 45 1 32 61 77 1 10 4 48 1 52 39 56 1 0 7 0 1 0 19 1 1 9 52 48 1 20 87 62 1 0 0 0 0 50 100 65 1 75 69 52 1 0 74 35 1 65 122 26 1 31 56 10 1 55 81 68 1 34 84 34 1 59 110 74 1 69 57 57 1 3 35 10 1 24 58 38 1 0 0 0 0 7 71 48 1 45 59 54 1 31 72 20 1 48 58 37 1 24 63 44 1 35 70 18 1 0 0 0 0 19 41 45 1 0 31 17 1 0 10 0 1 35 0 0 1 11 0 22 1 18 56 0 1 13 45 45 1 26 55 53 1 24 42 16 1 35 89 23 1 0 0 0 0 30 75 58 1 17 26 0 1
22 56 59 1 56 92 51 1 29 77 70 1 33 95 33 1 124 97 78 1 125 133 98 1 50 61 23 1 50 70 42 1 61 91 91 1 59 18 39 1 14 52 6 1 5 57 28 1 11 41 2 1 8 49 15 1 0 0 0 0 0 21 0 1 10 34 0 1 0 0 0 0 5 38 4 1 59 52 60 1 0 57 16 1 0 25 48 1 0 0 0 0 50 53 24 1 80 90 41 1 62 44 8 1 14 75 69 1 48 64 69 1 59 80 75 1 90 115 32 1 75 119 68 1 30 61 77 1 0 0 0 0 0 0 0 0 71 57 72 1 73 68 73 1 64 63 23 1 21 43 30 1 43 56 0 1 40 89 77 1 73 99 75 1 77 105 68 1 38 71 24 1 0 0 0 0 26 60 70 1 66 62 40 1 42 34 40 1 0 0 0 0 44 82 68 1 20 66 86 1 0 0 0 0 4 0 47 1 23 21 7 1 6 42 52 1 0 12 2 1 0 0 0 0 0 0 0 0 0 22 55 1 0 53 16 1 10 22 13 1 0 37 55 1 0 12 0 1
29 89 53 1 80 59 14 1 49 31 22 1 0 0 0 0 102 87 97 1 57 128 49 1 63 67 48 1 125 111 30 1 104 122 149 1 39 19 0 1 2 11 1 1 0 68 32 1 10 25 22 1 0 0 40 1 0 0 0 0 0 52 5 1 3 22 0 1 34 33 15 1 0 0 0 0 8 35 45 1 0 0 0 0 35 28 22 1 33 50 17 1 61 75 61 1 88 65 40 1 34 30 4 1 0 0 0 0 64 123 32 1 77 113 95 1 61 44 67 1 68 65 55 1 74 93 58 1 66 75 54 1 24 89 58 1 74 83 6 1 35 57 31 1 52 82 19 1 51 82 75 1 38 91 75 1 40 40 59 1 38 61 74 1 71 111 45 1 82 90 53 1 22 41 67 1 11 62 20 1 5 71 0 1 109 101 84 1 73 127 92 1 29 55 61 1 0 18 16 1 28 66 49 1 16 25 0 1 12 36 27 1 16 23 46 1 6 30 39 1 23 18 32 1 0 36 12 1 29 72 0 1 0 46 14 1 0 16 19 1 9 31 18 1 0 21 14 1
42 75 0 1 37 76 33 1 0 0 0 0 30 82 47 1 58 71 22 1 86 88 51 1 60 106 75 1 32 52 27 1 0 0 0 0 0 15 9 1 40 65 63 1 27 2 0 1 0 0 9 1 52 52 35 1 24 62 76 1 54 55 35 1 0 0 0 0 17 19 3 1 31 52 21 1 0 21 17 1 22 36 39 1 0 0 0 0 0 0 0 0 140 124 92 1 134 160 136 1 50 118 58 1 93 96 63 1 60 79 16 1 19 108 64 1 81 114 75 1 103 96 94 1 61 80 61 1 0 55 56 1 106 108 73 1 27 61 53 1 32 60 24 1 0 0 0 0 43 43 24 1 47 66 11 1 0 74 81 1 72 70 71 1 167 147 156 1 90 89 104 1 41 70 56 1 8 63 21 1 36 37 53 1 75 95 81 1 109 81 99 1 0 0 0 0 0 48 29 1 0 35 5 1 40 18 24 1 0 16 51 1 43 67 40 1 38 52 67 1 30 36 20 1 0 0 0 0 0 0 0 0 0 49 34 1 36 54 12 1 13 20 34 1 0 0 18 1
47 43 13 1 55 34 23 1 0 0 0 0 50 62 0 1 0 0 0 0 101 99 72 1 112 90 66 1 48 110 26 1 118 115 116 1 58 55 27 1 0 21 13 1 0 17 23 1 17 22 2 1 46 109 90 1 46 89 88 1 2 65 23 1 68 127 71 1 94 85 107 1 7 35 45 1 0 57 1 1 85 40 0 1 40 59 32 1 71 81 57 1 84 70 42 1 110 92 84 1 47 86 44 1 96 59 59 1 94 64 45 1 106 106 69 1 97 97 43 1 53 73 77 1 43 85 41 1 0 0 0 0 38 68 18 1 25 91 10 1 17 51 40 1 46 30 0 1 35 53 31 1 18 37 35 1 61 63 0 1 52 96 43 1 32 54 45 1 30 81 22 1 34 53 9 1 70 64 27 1 23 65 19 1 96 70 63 1 43 46 10 1 60 20 21 1 0 50 70 1 35 65 3 1 24 68 39 1 53 67 59 1 61 50 73 1 20 104 45 1 32 51 19 1 43 53 35 1 37 50 15 1 0 0 0 1 35 36 40 1 0 31 14 1 46 43 0 1
29 62 0 1 32 51 0 1 0 0 0 0 72 46 12 1 25 44 28 1 70 89 33 1 127 137 81 1 60 74 72 1 67 99 50 1 50 109 41 1 29 44 15 1 50 27 49 1 89 65 52 1 73 84 20 1 0 0 0 0 56 67 27 1 24 77 53 1 99 150 43 1 14 74 33 1 18 48 35 1 77 61 76 1 83 98 17 1 78 120 56 1 58 56 104 1 75 64 45 1 71 65 44 1 83 80 60 1 99 58 88 1 58 87 80 1 121 121 81 1 65 83 36 1 0 0 0 0 143 110 102 1 76 121 57 1 37 72 6 1 44 48 16 1 20 38 10 1 87 81 38 1 65 58 28 1 27 63 47 1 68 72 43 1 10 33 54 1 18 84 24 1 56 81 0 1 63 29 26 1 54 50 63 1 53 37 53 1 45 0 0 1 30 61 25 1 49 45 16 1 49 66 24 1 34 31 24 1 50 77 81 1 33 115 74 1 0 0 0 0 57 90 17 1 0 0 0 0 48 77 51 1 47 104 70 1 29 33 7 1 81 80 0 1 37 133 46 1
44 60 56 1 71 68 86 1 75 53 67 1 115 82 43 1 71 87 50 1 60 71 24 1 66 139 46 1 0 0 0 0 53 80 42 1 90 139 50 1 61 100 57 1 80 115 92 1 98 92 105 1 124 119 85 1 45 25 0 1 91 83 42 1 100 139 55 1 121 99 46 1 113 154 77 1 127 114 68 1 114 102 116 1 79 57 9 1 75 88 20 1 45 117 76 1 58 82 36 1 58 93 21 1 48 78 5 1 85 91 52 1 21 66 39 1 0 64 56 1 60 101 66 1 30 73 22 1 83 79 53 1 0 0 0 0 62 49 51 1 66 109 49 1 119 136 87 1 131 167 133 1 84 104 84 1 43 84 0 1 69 62 57 1 81 56 37 1 34 46 80 1 60 32 43 1 41 57 59 1 0 0 0 0 0 12 7 1 15 3 33 1 18 36 0 1 61 64 36 1 22 67 33 1 0 13 0 1 14 27 0 1 86 131 112 1 31 86 36 1 41 25 48 1 55 106 25 1 27 47 0 1 59 58 43 1 0 0 0 0 111 119 159 1 95 161 112 1
35 78 28 1 0 0 0 0 31 28 57 1 54 57 57 1 0 0 0 0 33 49 68 1 52 98 59 1 78 78 95 1 0 0 0 0 53 95 92 1 18 102 46 1 49 60 41 1 76 49 74 1 40 106 39 1 59 66 22 1 119 99 56 1 76 112 48 1 101 46 55 1 135 140 71 1 149 62 80 1 106 95 80 1 111 123 3 1 101 98 69 1 78 104 59 1 13 25 47 1 61 73 0 1 18 44 1 1 48 77 35 1 49 49 14 1 0 0 0 0 3 44 40 1 67 54 8 1 48 105 89 1 70 85 60 1 101 133 91 1 87 156 58 1 209 164 162 1 134 142 92 1 57 69 16 1 5 38 64 1 34 48 13 1 16 27 14 1 61 57 68 1 66 93 50 1 10 44 25 1 0 34 0 1 9 13 15 1 44 73 76 1 22 71 30 1 10 0 77 1 33 26 14 1 13 16 21 1 75 91 44 1 124 113 133 1 0 0 0 0 47 67 36 1 0 0 0 0 0 0 0 0 40 16 8 1 0 22 0 1 72 90 90 1 0 0 0 0
32 79 44 1 60 59 57 1 94 107 54 1 73 93 55 1 72 79 41 1 68 76 39 1 50 84 79 1 100 74 70 1 82 65 36 1 63 87 72 1 68 88 46 1 56 95 43 1 74 94 92 1 64 82 52 1 33 76 23 1 71 56 20 1 71 93 99 1 91 64 48 1 114 156 83 1 122 92 78 1 102 72 78 1 0 0 0 0 66 123 89 1 64 84 51 1 32 51 22 1 62 76 22 1 39 56 45 1 49 76 45 1 21 88 65 1 26 83 45 1 62 57 64 1 37 91 47 1 0 0 0 0 81 57 32 1 58 70 39 1 40 76 34 1 88 88 32 1 42 59 0 1 22 85 27 1 32 60 64 1 34 94 44 1 37 26 34 1 30 38 32 1 36 56 39 1 49 25 0 1 2 20 17 1 21 45 70 1 71 104 111 1 39 70 69 1 20 49 45 1 0 0 0 0 0 62 46 1 0 0 0 0 31 64 1 1 18 48 57 1 28 43 18 1 25 18 32 1 92 74 77 1 59 82 34 1 0 78 0 1 36 66 36 1 81 54 53 1
43 42 25 1 24 10 44 1 58 29 25 1 69 83 38 1 16 74 51 1 36 119 64 1 101 135 110 1 66 67 97 1 0 0 0 0 71 60 60 1 73 55 41 1 27 16 33 1 0 0 0 0 16 72 33 1 63 79 0 1 60 79 38 1 89 89 47 1 76 116 43 1 112 101 71 1 89 83 64 1 0 0 0 0 54 117 22 1 85 61 37 1 74 76 27 1 65 50 50 1 43 84 53 1 49 49 38 1 30 44 12 1 27 44 31 1 41 84 72 1 58 72 52 1 92 116 50 1 45 73 4 1 0 0 0 0 92 107 69 1 44 72 73 1 77 28 18 1 49 68 57 1 54 60 22 1 43 78 70 1 48 88 65 1 78 36 45 1 36 71 55 1 0 0 0 0 0 48 51 1 7 0 42 1 31 9 46 1 25 55 87 1 3 36 59 1 26 56 18 1 23 44 66 1 30 65 18 1 74 67 86 1 78 95 45 1 15 42 55 1 0 57 43 1 38 84 0 1 16 56 48 1 70 94 57 1 59 99 103 1 0 0 0 0 62 68 63 1
0 0 0 0 34 41 1 1 59 101 68 1 100 68 62 1 130 94 63 1 45 79 25 1 53 52 30 1 98 126 84 1 156 163 172 1 119 135 87 1 59 67 41 1 23 79 41 1 23 73 36 1 64 74 55 1 80 80 74 1 0 0 0 0 73 90 90 1 71 111 56 1 80 91 29 1 44 56 10 1 17 48 30 1 35 48 0 1 92 108 0 1 54 31 37 1 61 97 33 1 6 20 63 1 135 139 69 1 82 67 80 1 24 51 37 1 71 57 57 1 43 45 52 1 91 99 63 1 0 0 0 0 0 0 0 0 0 0 0 0 30 60 68 1 5 56 41 1 14 106 46 1 35 79 36 1 52 60 49 1 40 70 85 1 49 90 46 1 16 6 17 1 0 0 0 0 23 61 28 1 35 33 50 1 0 22 52 1 0 2 5 1 0 22 51 1 28 85 28 1 21 52 51 1 26 28 10 1 0 53 0 1 0 0 0 0 0 15 44 1 56 75 44 1 21 55 40 1 0 0 0 0 33 92 82 1 42 34 80 1 39 61 35 1 0 5 25 1
39 71 54 1 35 79 43 1 0 0 0 0 61 47 54 1 49 55 51 1 27 63 66 1 54 51 30 1 58 67 10 1 37 51 60 1 28 46 30 1 75 60 12 1 56 82 8 1 62 108 48 1 62 70 8 1 50 76 45 1 52 58 16 1 34 80 13 1 47 73 9 1 65 149 65 1 49 60 32 1 70 83 46 1 73 105 25 1 23 68 39 1 0 0 0 0 34 46 33 1 64 79 59 1 119 121 138 1 104 112 113 1 38 98 70 1 39 52 63 1 38 31 41 1 48 93 33 1 51 108 36 1 67 67 69 1 67 84 65 1 66 61 35 1 47 88 77 1 0 0 0 0 58 47 69 1 123 28 76 1 45 51 77 1 1 81 30 1 0 0 0 0 7 30 42 1 0 0 5 1 34 35 34 1 37 37 52 1 13 31 14 1 14 39 16 1 32 48 39 1 45 54 50 1 0 53 38 1 0 54 56 1 74 46 43 1 23 55 28 1 0 0 0 0 31 25 70 1 55 66 23 1 64 117 70 1 30 59 57 1 67 72 56 1 33 64 25 1
46 46 26 1 15 29 37 1 0 67 80 1 8 22 15 1 39 48 4 1 35 38 61 1 18 64 31 1 7 58 62 1 57 87 57 1 47 25 60 1 61 14 71 1 56 72 54 1 0 0 0 0 66 82 85 1 42 84 25 1 68 52 55 1 54 63 18 1 82 51 50 1 60 57 4 1 75 76 17 1 64 91 89 1 64 72 39 1 21 71 62 1 44 82 0 1 64 118 47 1 65 77 89 1 96 67 107 1 62 86 48 1 38 56 20 1 22 117 22 1 47 62 65 1 85 41 96 1 52 104 49 1 91 53 48 1 85 103 43 1 0 60 0 1 17 55 26 1 51 68 50 1 51 74 54 1 11 19 0 1 0 35 0 1 0 29 6 1 3 25 28 1 0 0 0 0 0 76 14 1 0 27 32 1 0 0 0 0 3 31 26 1 10 57 49 1 15 59 43 1 23 21 29 1 25 31 10 1 0 0 0 0 33 36 15 1 0 18 2 1 44 93 29 1 38 40 14 1 59 36 50 1 21 30 12 1 0 0 0 0 2 63 34 1 19 30 63 1
66 42 42 1 15 56 58 1 41 95 36 1 0 46 30 1 14 63 26 1 10 0 14 1 20 47 23 1 20 60 27 1 35 31 31 1 48 88 55 1 94 65 47 1 29 48 13 1 20 75 75 1 32 68 49 1 91 42 55 1 43 75 49 1 85 83 55 1 46 64 28 1 0 90 41 1 45 91 40 1 0 0 0 0 41 84 49 1 92 79 40 1 67 112 72 1 0 0 0 0 90 52 33 1 58 61 39 1 23 39 23 1 18 35 10 1 54 31 43 1 39 66 64 1 71 118 105 1 77 102 76 1 22 53 34 1 0 0 0 0 39 84 47 1 17 67 26 1 67 85 44 1 32 54 38 1 44 63 34 1 0 48 17 1 0 33 11 1 27 0 28 1 12 14 0 1 2 5 22 1 0 0 0 0 18 48 0 1 0 26 28 1 56 19 3 1 30 0 34 1 32 46 39 1 0 0 0 0 0 51 13 1 32 21 22 1 4 35 49 1 21 7 14 1 42 51 49 1 4 29 8 1 48 46 46 1 12 71 73 1 0 13 29 1 0 14 41 1
54 70 51 1 58 48 32 1 46 23 22 1 26 69 17 1 37 41 0 1 0 42 0 1 38 68 55 1 34 71 23 1 47 43 28 1 0 0 0 0 46 60 46 1 31 59 94 1 25 118 48 1 71 103 38 1 44 46 8 1 0 0 0 0 27 65 35 1 65 98 0 1 25 100 79 1 37 55 35 1 46 45 0 1 32 54 88 1 39 62 20 1 28 72 38 1 24 37 62 1 0 0 0 0 35 50 33 1 23 63 48 1 29 76 29 1 82 68 54 1 46 64 34 1 42 56 50 1 48 54 59 1 37 53 59 1 69 54 80 1 59 90 104 1 58 76 85 1 44 108 54 1 0 24 12 1 22 0 31 1 41 73 29 1 0 0 0 0 4 64 29 1 30 30 28 1 9 42 49 1 32 24 8 1 0 39 42 1 0 0 0 0 0 66 99 1 27 74 21 1 14 51 15 1 0 9 35 1 11 23 2 1 7 34 28 1 8 38 5 1 0 11 55 1 41 0 49 1 37 60 42 1 27 62 31 1 5 58 43 1 1 42 11 1 33 74 69 1
48 52 79 1 69 77 86 1 25 18 26 1 30 28 15 1 0 0 0 0 0 0 0 0 47 39 33 1 36 23 32 1 8 55 48 1 0 0 0 0 18 27 5 1 32 54 26 1 70 57 43 1 64 94 55 1 88 99 89 1 20 96 44 1 12 66 13 1 72 120 52 1 51 26 80 1 62 108 45 1 48 67 38 1 55 41 48 1 74 45 0 1 0 0 0 0 102 79 76 1 19 107 88 1 45 78 62 1 56 106 28 1 0 0 0 0 55 75 41 1 65 97 62 1 88 84 91 1 67 55 108 1 15 58 35 1 21 37 75 1 0 0 0 0 21 31 41 1 0 14 14 1 0 51 15 1 36 70 64 1 59 99 41 1 4 55 0 1 0 44 35 1 15 75 22 1 0 29 42 1 65 63 58 1 85 68 79 1 33 57 42 1 35 77 14 1 54 66 0 1 22 65 0 1 22 34 24 1 27 61 17 1 29 41 53 1 0 37 17 1 0 0 0 1 0 22 0 1 29 64 38 1 34 16 3 1 0 0 0 0 41 104 62 1 35 60 0 1
30 51 12 1 62 72 79 1 18 50 78 1 36 47 55 1 17 57 39 1 61 35 41 1 0 0 0 0 49 51 56 1 33 42 28 1 40 50 64 1 83 60 56 1 13 31 28 1 31 54 4 1 43 100 0 1 45 110 51 1 55 32 76 1 93 86 102 1 70 91 79 1 65 78 38 1 95 73 48 1 87 65 74 1 99 19 37 1 43 53 40 1 66 95 41 1 45 90 55 1 0 0 0 0 62 86 40 1 95 56 62 1 40 52 54 1 32 38 71 1 10 78 41 1 61 64 80 1 0 0 0 0 0 38 52 1 0 0 0 0 7 25 29 1 52 49 12 1 23 40 51 1 11 35 35 1 99 98 125 1 86 111 127 1 25 75 57 1 0 0 0 0 18 65 54 1 63 88 56 1 62 22 21 1 14 53 33 1 28 91 42 1 39 68 21 1 32 36 45 1 71 59 68 1 89 115 66 1 52 37 49 1 0 90 35 1 5 18 28 1 0 0 0 0 0 7 0 1 14 23 0 1 0 47 35 1 6 23 0 1 5 2 22 1 21 14 14 1
75 51 56 1 102 84 72 1 45 86 60 1 0 0 0 0 47 88 56 1 33 73 68 1 64 87 68 1 74 64 30 1 25 116 64 1 69 70 51 1 73 101 73 1 33 52 46 1 5 52 28 1 0 59 0 1 12 70 0 1 0 0 0 0 55 72 43 1 28 69 35 1 36 83 45 1 40 75 80 1 41 62 6 1 61 100 52 1 46 55 6 1 78 55 95 1 61 99 86 1 53 82 88 1 39 13 21 1 0 0 0 0 78 93 81 1 77 64 95 1 24 93 39 1 4 45 37 1 0 0 0 0 14 43 73 1 8 0 12 1 0 42 0 1 59 80 15 1 0 0 0 0 19 44 6 1 31 60 18 1 17 78 22 1 18 74 41 1 36 65 81 1 66 80 34 1 48 55 66 1 58 51 15 1 54 64 51 1 70 63 14 1 53 32 35 1 60 62 53 1 86 53 12 1 68 151 88 1 37 44 47 1 27 16 0 1 27 48 9 1 0 46 16 1 7 17 32 1 0 24 39 1 0 9 10 1 46 59 29 1 58 71 33 1 17 6 52 1
123 101 69 1 87 102 75 1 0 0 0 0 34 30 52 1 55 64 25 1 88 24 8 1 75 42 63 1 66 72 42 1 0 0 0 0 0 0 0 0 39 29 65 1 56 35 66 1 0 0 0 0 17 46 0 1 0 0 0 0 49 66 45 1 43 71 49 1 66 86 63 1 95 57 23 1 0 0 0 0 100 102 116 1 86 116 69 1 55 79 54 1 40 55 45 1 52 14 71 1 23 62 67 1 47 53 82 1 94 88 50 1 0 0 0 0 11 30 44 1 0 0 0 0 0 2 19 1 0 0 0 0 31 48 40 1 13 33 15 1 0 25 17 1 19 82 40 1 18 84 22 1 53 17 41 1 19 56 0 1 0 4 34 1 44 78 8 1 29 76 37 1 67 24 14 1 51 54 20 1 36 42 6 1 38 59 43 1 7 78 0 1 42 27 19 1 39 82 72 1 73 77 101 1 71 74 55 1 6 57 18 1 0 63 7 1 7 30 24 1 6 26 0 1 29 42 0 1 0 16 14 1 6 28 58 1 42 11 33 1 0 66 24 1 25 37 0 1
48 67 15 1 45 70 68 1 67 57 62 1 23 30 81 1 44 64 38 1 0 0 0 0 69 86 43 1 70 63 74 1 65 77 36 1 44 88 77 1 65 56 73 1 35 81 50 1 38 72 31 1 39 88 55 1 71 91 34 1 11 36 28 1 46 55 67 1 53 91 62 1 44 64 50 1 87 95 19 1 136 142 74 1 0 0 0 0 105 73 96 1 34 61 66 1 33 44 95 1 29 57 69 1 34 62 40 1 20 61 33 1 0 0 0 0 24 79 24 1 23 43 10 1 0 12 46 1 14 13 0 1 0 51 55 1 60 57 49 1 56 80 52 1 40 58 54 1 12 0 49 1 9 0 34 1 0 0 0 0 0 49 9 1 0 0 0 1 24 14 0 1 0 15 1 1 0 31 41 1 0 34 0 1 41 93 47 1 21 41 13 1 5 22 25 1 3 33 9 1 52 100 32 1 60 14 16 1 37 47 11 1 0 0 0 0 57 37 45 1 37 33 52 1 0 0 33 1 13 15 11 1 49 48 26 1 0 48 22 1 0 44 53 1 6 33 17 1
43 24 54 1 7 48 53 1 18 24 39 1 22 17 21 1 54 52 19 1 47 51 26 1 47 58 80 1 47 44 61 1 14 83 59 1 68 60 60 1 29 70 73 1 55 30 73 1 61 74 44 1 46 90 15 1 46 65 50 1 47 51 59 1 78 110 63 1 62 91 46 1 24 82 34 1 0 77 66 1 41 39 38 1 30 50 19 1 4 49 51 1 43 49 70 1 29 69 43 1 0 0 0 0 12 56 85 1 41 58 62 1 31 65 58 1 1 25 53 1 42 35 38 1 0 68 61 1 35 59 33 1 65 95 56 1 116 122 108 1 80 103 51 1 28 62 59 1 45 64 48 1 59 79 32 1 17 71 45 1 46 16 14 1 66 39 10 1 49 30 43 1 84 95 58 1 76 127 92 1 72 58 109 1 70 69 39 1 55 74 26 1 54 62 30 1 0 0 0 0 64 77 61 1 56 98 72 1 75 74 93 1 30 52 27 1 69 67 50 1 0 0 0 0 16 9 16 1 14 23 16 1 0 60 27 1 0 18 16 1 66 95 23 1 15 39 47 1
0 100 20 1 21 72 48 1 52 27 30 1 14 41 5 1 23 42 24 1 37 61 45 1 40 49 60 1 45 82 37 1 68 63 78 1 70 68 46 1 59 64 57 1 41 76 51 1 55 97 67 1 69 81 53 1 72 65 35 1 0 0 0 0 132 96 115 1 121 136 120 1 37 66 32 1 30 70 18 1 58 77 72 1 44 56 47 1 26 75 35 1 53 73 72 1 73 48 43 1 75 83 87 1 81 66 75 1 38 41 57 1 0 51 41 1 0 25 2 1 15 19 35 1 0 21 43 1 11 35 28 1 13 17 12 1 36 62 6 1 25 64 38 1 32 41 42 1 9 56 19 1 59 33 21 1 0 51 10 1 0 33 34 1 47 77 8 1 85 59 59 1 69 81 114 1 120 96 53 1 47 80 52 1 50 69 37 1 42 56 62 1 98 56 10 1 33 107 50 1 50 97 73 1 102 50 72 1 62 93 16 1 75 89 32 1 63 59 39 1 24 62 39 1 25 23 12 1 0 0 0 0 5 62 56 1 18 31 46 1 15 38 48 1 28 60 12 1
0 29 11 1 0 63 5 1 18 70 36 1 43 39 50 1 53 85 52 1 75 82 47 1 92 82 68 1 60 82 79 1 50 63 25 1 30 66 80 1 49 87 58 1 59 83 44 1 98 95 74 1 97 109 71 1 119 103 45 1 112 163 119 1 119 101 117 1 67 70 48 1 20 63 44 1 6 34 54 1 87 56 69 1 42 67 71 1 46 29 38 1 49 45 65 1 31 80 49 1 0 0 0 0 36 17 90 1 0 23 28 1 6 29 8 1 0 29 51 1 7 28 63 1 27 65 57 1 0 0 0 0 36 33 72 1 18 38 53 1 0 88 28 1 54 31 51 1 35 18 60 1 48 58 14 1 0 20 32 1 8 67 19 1 51 51 68 1 49 59 24 1 0 0 0 0 37 45 46 1 31 60 46 1 40 63 21 1 55 73 55 1 55 79 44 1 28 38 18 1 61 83 37 1 32 39 60 1 47 27 14 1 41 68 38 1 53 59 14 1 16 56 27 1 35 61 14 1 0 0 0 0 35 53 28 1 1 37 46 1 31 68 4 1 16 41 27 1
7 26 30 1 0 42 15 1 86 79 96 1 105 86 107 1 0 0 0 0 120 128 88 1 78 83 75 1 15 61 32 1 39 100 72 1 79 56 60 1 68 74 48 1 0 0 0 0 62 83 24 1 28 31 23 1 128 104 81 1 126 180 123 1 26 89 21 1 48 41 55 1 104 100 108 1 52 58 43 1 34 47 37 1 0 0 0 0 45 89 27 1 18 9 32 1 0 21 0 1 6 5 0 1 12 24 0 1 0 12 28 1 29 21 22 1 8 22 42 1 0 21 14 1 13 44 36 1 0 0 0 0 59 97 109 1 31 40 32 1 63 67 14 1 16 73 46 1 27 68 15 1 14 44 28 1 0 0 0 0 23 18 29 1 56 59 74 1 0 0 0 0 6 59 61 1 17 41 41 1 18 53 4 1 0 29 0 1 12 43 49 1 15 40 3 1 31 64 35 1 27 60 3 1 7 21 40 1 0 0 0 0 52 69 31 1 5 68 20 1 12 60 0 1 0 0 0 0 8 32 68 1 8 15 2 1 0 0 0 0 0 0 0 0 41 26 0 1
0 0 0 0 0 0 0 0 114 116 119 1 127 171 151 1 0 0 0 0 166 160 115 1 118 93 77 1 57 90 54 1 97 79 53 1 59 88 32 1 62 49 65 1 0 0 0 0 37 70 66 1 46 77 78 1 0 0 0 0 28 54 63 1 70 37 41 1 46 65 58 1 0 0 0 0 45 28 46 1 22 75 22 1 10 32 7 1 0 51 4 1 0 0 0 0 24 34 0 1 56 42 53 1 0 40 59 1 29 39 26 1 0 67 24 1 0 0 0 0 19 26 53 1 24 36 8 1 5 21 45 1 10 44 0 1 7 30 35 1 20 57 33 1 0 0 0 0 18 21 55 1 47 28 60 1 20 40 62 1 16 28 30 1 24 44 12 1 3 25 29 1 0 0 18 1 8 1 0 1 28 29 37 1 12 45 37 1 26 34 4 1 29 67 19 1 38 68 50 1 11 50 19 1 7 54 40 1 0 18 52 1 43 32 18 1 43 65 60 1 0 44 17 1 0 13 34 1 15 41 12 1 0 19 3 1 0 0 0 0 0 37 0 1 19 28 58 1
34 24 63 1 50 61 23 1 0 0 0 0 81 109 46 1 129 140 108 1 96 63 48 1 65 52 26 1 106 121 81 1 51 102 78 1 66 90 21 1 67 53 31 1 52 60 0 1 68 50 79 1 44 68 53 1 33 53 71 1 79 78 57 1 0 0 0 0 25 37 42 1 60 34 33 1 37 48 47 1 0 7 0 1 20 28 0 1 0 28 49 1 26 48 0 1 19 36 24 1 35 24 36 1 0 45 37 1 5 55 14 1 0 0 0 0 7 41 46 1 19 21 4 1 0 39 5 1 0 60 45 1 0 47 0 1 8 89 0 1 16 72 72 1 0 0 0 0 3 18 36 1 14 68 82 1 46 62 0 1 3 39 57 1 0 44 27 1 0 31 35 1 0 59 23 1 20 22 9 1 0 0 6 1 1 21 66 1 0 28 90 1 8 33 21 1 0 43 53 1 40 33 24 1 7 13 43 1 0 0 0 0 11 17 0 1 34 19 37 1 12 76 23 1 0 23 25 1 5 2 0 1 23 37 31 1 0 58 13 1 16 59 14 1 68 80 14 1
30 63 53 1 107 56 82 1 86 100 60 1 66 63 40 1 54 46 88 1 105 91 79 1 68 82 64 1 113 120 104 1 109 115 106 1 111 90 82 1 22 46 10 1 46 67 51 1 40 57 12 1 39 37 50 1 30 48 49 1 24 62 26 1 51 48 80 1 16 21 38 1 29 44 42 1 25 31 0 1 35 71 35 1 0 0 0 0 77 65 16 1 14 35 37 1 16 55 0 1 14 37 80 1 39 71 57 1 19 52 34 1 5 3 15 1 0 0 0 0 43 71 18 1 22 17 18 1 0 0 26 1 0 31 9 1 55 54 51 1 55 87 1 1 0 0 0 0 28 63 37 1 0 14 72 1 3 50 68 1 25 57 29 1 2 55 35 1 12 25 20 1 0 17 41 1 32 43 24 1 0 56 48 1 46 44 0 1 13 58 76 1 28 67 48 1 19 20 26 1 0 35 14 1 13 22 51 1 0 32 27 1 0 47 13 1 0 8 40 1 3 0 33 1 0 0 0 0 73 41 99 1 77 92 42 1 53 92 37 1 0 0 0 0 58 102 10 1
64 69 55 1 68 62 36 1 81 70 81 1 67 100 36 1 43 66 40 1 60 36 35 1 0 0 0 0 139 125 131 1 117 130 110 1 62 69 90 1 46 43 73 1 0 34 62 1 9 61 0 1 10 46 31 1 15 19 57 1 36 70 64 1 15 43 46 1 13 0 13 1 60 54 61 1 22 53 73 1 59 119 40 1 25 53 64 1 45 69 43 1 43 88 41 1 26 51 28 1 39 28 0 1 16 63 38 1 38 41 5 1 0 52 0 1 11 45 68 1 15 74 37 1 0 0 0 0 29 61 36 1 1 40 27 1 11 76 56 1 36 101 22 1 37 58 30 1 33 37 41 1 0 31 27 1 31 49 42 1 0 81 39 1 0 47 74 1 5 25 3 1 24 55 37 1 15 26 0 1 0 4 50 1 29 32 30 1 10 57 23 1 0 56 39 1 36 41 22 1 0 32 41 1 50 30 33 1 0 41 44 1 47 25 27 1 42 47 74 1 28 59 34 1 0 0 0 0 7 45 54 1 0 49 29 1 0 36 62 1 117 103 65 1 195 125 131 1
62 101 16 1 141 111 57 1 101 118 67 1 111 113 105 1 99 116 129 1 141 115 97 1 133 133 154 1 135 149 147 1 55 54 91 1 19 63 61 1 0 17 7 1 11 42 42 1 20 10 35 1 0 0 0 0 0 0 0 0 0 27 74 1 2 19 80 1 9 52 12 1 4 41 0 1 49 62 56 1 58 101 69 1 45 83 55 1 45 112 43 1 0 0 0 0 18 77 35 1 6 103 47 1 20 44 80 1 0 0 0 0 0 0 0 0 13 27 60 1 50 40 91 1 23 67 41 1 57 41 29 1 39 44 27 1 42 50 29 1 0 0 0 0 52 57 74 1 1 59 64 1 17 66 47 1 29 32 41 1 4 38 37 1 22 16 33 1 30 38 5 1 0 4 33 1 12 36 45 1 0 14 31 1 1 38 10 1 0 32 35 1 0 0 25 1 8 1 82 1 22 35 13 1 31 0 62 1 21 53 37 1 7 7 5 1 0 25 33 1 12 17 75 1 51 35 33 1 63 96 49 1 13 42 6 1 113 114 73 1 124 126 94 1 136 130 106 1
0 0 0 0 150 178 115 1 0 0 0 0 93 121 112 1 91 121 83 1 51 41 45 1 70 55 64 1 45 70 7 1 35 37 34 1 27 63 33 1 8 67 31 1 40 16 72 1 20 54 22 1 0 0 0 0 48 68 23 1 6 63 53 1 0 57 36 1 16 3 19 1 0 0 0 0 0 19 0 1 54 22 74 1 18 102 78 1 101 105 114 1 56 82 75 1 32 35 29 1 25 50 100 1 39 58 43 1 44 73 33 1 83 72 68 1 28 89 59 1 27 23 53 1 20 15 6 1 0 0 0 0 46 76 21 1 77 78 39 1 0 0 0 0 31 87 28 1 59 64 40 1 32 29 20 1 45 65 66 1 0 41 68 1 36 71 27 1 34 76 6 1 48 34 8 1 0 0 0 0 2 5 33 1 0 21 9 1 11 20 28 1 23 0 11 1 38 70 22 1 51 26 16 1 0 9 0 1 0 0 0 0 0 0 0 0 0 37 50 1 14 31 18 1 0 0 0 0 0 8 3 1 10 11 15 1 98 66 44 1 159 122 120 1 167 141 118 1
174 139 107 1 158 145 71 1 116 63 49 1 78 33 35 1 31 53 46 1 62 60 43 1 40 24 22 1 21 57 22 1 0 70 0 1 2 61 20 1 0 36 31 1 0 0 0 0 9 46 23 1 0 30 65 1 0 38 54 1 0 41 15 1 0 0 0 0 0 43 3 1 0 50 59 1 59 37 8 1 13 50 45 1 32 60 39 1 9 71 30 1 24 62 36 1 37 70 23 1 49 84 51 1 68 60 62 1 65 89 77 1 74 73 28 1 44 46 71 1 80 66 51 1 48 68 53 1 38 61 68 1 11 93 2 1 37 63 11 1 0 0 0 0 44 90 35 1 58 89 52 1 0 65 55 1 0 0 0 0 0 0 0 0 47 82 46 1 25 125 44 1 90 107 81 1 27 42 11 1 34 48 19 1 3 25 0 1 0 0 19 1 10 21 5 1 0 0 0 0 29 25 43 1 10 47 0 1 52 0 17 1 0 15 4 1 21 0 0 1 0 0 0 0 15 32 8 1 0 1 31 1 46 51 47 1 63 83 39 1 97 50 80 1 124 105 63 1
157 128 115 1 144 155 142 1 85 77 26 1 0 29 2 1 13 39 13 1 17 50 0 1 33 36 13 1 2 69 41 1 0 0 0 0 0 0 0 1 39 16 29 1 11 0 0 1 4 55 22 1 0 53 0 1 33 38 47 1 5 20 19 1 37 35 41 1 33 69 6 1 0 0 0 0 0 0 0 0 21 31 17 1 0 5 40 1 0 49 20 1 58 66 46 1 77 57 30 1 52 86 51 1 0 0 0 0 26 58 16 1 70 60 54 1 0 0 0 0 38 77 10 1 23 21 25 1 0 0 0 0 55 62 65 1 53 46 47 1 13 56 1 1 32 40 4 1 39 80 47 1 9 92 16 1 38 74 18 1 21 55 29 1 27 40 44 1 9 46 41 1 32 90 28 1 0 0 0 0 58 53 16 1 23 13 30 1 18 63 47 1 74 27 29 1 0 0 0 0 0 48 60 1 0 36 13 1 14 13 8 1 0 0 0 0 19 0 0 1 12 49 0 1 0 0 0 0 23 36 0 1 34 50 18 1 48 72 28 1 15 47 27 1 65 31 42 1
115 112 93 1 161 122 99 1 90 100 63 1 35 55 14 1 91 82 87 1 18 69 42 1 19 53 28 1 0 0 0 0 0 58 48 1 28 63 30 1 22 9 8 1 9 53 47 1 36 64 67 1 39 76 58 1 0 0 0 0 36 61 15 1 45 5 54 1 55 46 6 1 0 0 0 0 0 0 0 0 27 77 49 1 0 74 57 1 10 8 1 1 41 43 22 1 84 65 123 1 55 84 38 1 26 37 20 1 30 57 48 1 49 53 46 1 54 88 84 1 70 51 68 1 3 43 28 1 0 99 23 1 37 59 31 1 47 89 90 1 0 28 77 1 13 80 73 1 57 94 44 1 51 92 38 1 46 64 68 1 42 31 22 1 24 39 52 1 55 58 0 1 39 10 59 1 42 54 53 1 41 41 60 1 62 38 21 1 57 55 35 1 59 74 45 1 56 62 45 1 77 113 72 1 83 69 85 1 63 65 93 1 56 44 29 1 46 25 0 1 16 15 12 1 53 89 34 1 38 67 35 1 96 86 35 1 70 33 19 1 90 99 30 1 77 83 22 1
137 130 128 1 0 0 0 0 123 109 108 1 99 81 59 1 38 62 79 1 36 22 59 1 24 78 42 1 0 30 66 1 24 19 45 1 0 0 0 0 8 59 5 1 3 33 20 1 31 65 35 1 51 60 23 1 29 52 19 1 22 31 4 1 0 0 0 0 89 50 25 1 61 101 75 1 60 80 78 1 60 46 66 1 4 62 12 1 0 66 3 1 66 77 9 1 82 82 57 1 11 31 31 1 57 78 65 1 65 88 46 1 59 85 81 1 90 69 45 1 86 22 65 1 5 90 24 1 25 91 22 1 73 88 47 1 14 79 63 1 61 73 36 1 39 42 27 1 0 0 0 0 70 62 48 1 62 50 58 1 29 23 23 1 78 75 63 1 16 66 37 1 71 49 23 1 7 88 30 1 75 60 23 1 54 66 53 1 29 53 75 1 36 89 55 1 46 90 57 1 0 0 0 0 55 76 45 1 74 59 39 1 65 83 35 1 96 103 118 1 176 147 127 1 139 169 134 1 0 0 0 0 86 147 78 1 154 187 145 1 141 145 130 1 134 141 86 1
128 120 171 1 171 148 118 1 0 0 0 0 98 86 63 1 25 0 0 1 32 44 54 1 73 76 81 1 23 15 33 1 35 38 0 1 0 60 1 1 26 35 67 1 57 86 34 1 83 28 0 1 53 74 52 1 54 100 89 1 71 50 60 1 76 105 68 1 0 0 0 0 119 141 74 1 122 103 74 1 113 118 98 1 54 32 20 1 33 103 52 1 74 130 50 1 101 71 100 1 58 99 48 1 75 65 19 1 49 90 51 1 77 84 62 1 60 109 86 1 61 50 105 1 35 78 61 1 28 93 45 1 48 74 60 1 33 99 65 1 9 71 0 1 48 45 18 1 26 49 53 1 0 53 7 1 7 57 20 1 50 32 66 1 30 21 27 1 0 0 0 0 60 106 19 1 41 74 57 1 25 53 65 1 22 58 25 1 0 74 24 1 2 7 45 1 46 70 53 1 28 69 33 1 0 0 0 0 64 61 72 1 50 86 49 1 134 134 87 1 157 156 136 1 157 162 90 1 0 0 0 0 125 108 85 1 161 147 128 1 144 118 91 1 139 155 86 1
125 118 111 1 122 102 103 1 136 165 127 1 50 119 61 1 10 17 76 1 57 76 36 1 0 37 31 1 33 25 29 1 44 54 59 1 21 79 57 1 28 28 76 1 59 83 39 1 16 57 60 1 65 133 60 1 32 84 79 1 54 78 59 1 19 71 47 1 47 86 63 1 69 97 54 1 107 84 60 1 0 0 0 0 0 35 18 1 50 63 29 1 25 50 51 1 71 52 41 1 0 0 0 0 16 75 30 1 63 76 65 1 33 86 37 1 52 88 56 1 47 44 0 1 22 74 9 1 0 0 0 0 0 6 37 1 23 52 32 1 0 28 0 1 27 59 32 1 31 0 32 1 12 26 14 1 31 32 43 1 0 0 0 0 4 72 7 1 24 37 0 1 31 45 0 1 15 28 31 1 18 20 17 1 19 27 5 1 22 72 0 1 45 57 67 1 40 74 18 1 48 69 36 1 11 13 51 1 29 39 62 1 64 86 62 1 114 114 64 1 189 155 146 1 128 140 131 1 113 133 57 1 87 110 82 1 87 99 85 1 0 0 0 0 49 90 60 1
49 70 94 1 107 141 139 1 157 149 144 1 69 86 74 1 26 43 54 1 30 69 46 1 30 26 3 1 23 0 0 1 75 45 50 1 69 52 86 1 53 37 30 1 40 85 95 1 93 113 64 1 51 116 105 1 70 73 87 1 41 86 90 1 0 0 0 0 85 110 51 1 129 114 115 1 0 0 0 0 96 161 77 1 51 79 10 1 40 55 44 1 47 52 22 1 54 93 54 1 53 96 53 1 39 90 43 1 41 55 28 1 0 0 0 0 0 88 25 1 11 33 48 1 0 0 0 0 26 90 0 1 9 53 33 1 36 56 0 1 0 0 0 1 30 51 0 1 24 35 4 1 16 35 33 1 53 31 44 1 28 29 26 1 8 29 22 1 11 16 2 1 0 25 0 1 0 0 0 0 10 27 13 1 42 69 58 1 50 97 83 1 82 19 84 1 32 35 14 1 0 0 0 0 21 10 43 1 0 22 0 1 0 0 0 0 117 115 109 1 153 153 110 1 81 105 39 1 78 105 75 1 83 47 65 1 119 88 71 1 119 108 54 1 54 94 16 1
31 38 4 1 0 24 0 1 0 23 29 1 23 40 69 1 76 59 73 1 9 73 45 1 78 93 61 1 92 109 100 1 41 102 39 1 55 101 89 1 116 96 5 1 0 0 0 0 82 64 104 1 64 136 79 1 69 106 93 1 0 0 0 0 44 103 54 1 0 0 0 0 110 134 74 1 106 101 63 1 0 0 0 0 34 90 68 1 121 91 60 1 19 59 25 1 20 55 12 1 0 0 0 0 104 139 118 1 110 77 72 1 46 78 40 1 5 23 2 1 0 0 0 0 8 71 32 1 49 32 44 1 11 57 34 1 0 28 28 1 4 41 0 1 8 42 0 1 24 71 67 1 42 54 44 1 26 74 16 1 54 71 45 1 19 49 61 1 26 72 0 1 39 39 51 1 34 71 54 1 0 41 53 1 44 103 60 1 19 52 37 1 14 26 22 1 0 44 14 1 0 30 0 1 0 0 0 0 45 45 16 1 42 34 15 1 82 82 87 1 186 123 90 1 111 81 59 1 41 84 33 1 37 100 29 1 40 47 0 1 91 115 46 1 113 127 71 1
0 42 44 1 11 36 35 1 18 66 47 1 62 68 29 1 41 79 26 1 30 75 94 1 0 0 0 0 0 0 0 0 42 72 56 1 62 74 36 1 42 42 50 1 67 90 71 1 0 0 0 0 0 0 0 0 34 53 49 1 72 68 66 1 90 91 40 1 69 63 17 1 120 75 45 1 0 0 0 0 168 136 80 1 146 163 118 1 111 91 86 1 42 79 31 1 63 72 73 1 119 119 75 1 87 104 108 1 26 89 21 1 35 35 35 1 29 40 48 1 48 78 37 1 40 52 45 1 38 111 76 1 53 89 71 1 59 108 48 1 44 93 36 1 47 39 40 1 5 88 37 1 94 46 9 1 60 60 61 1 0 0 0 0 47 60 68 1 26 66 55 1 19 39 26 1 34 84 74 1 55 108 32 1 64 75 0 1 42 21 31 1 0 0 0 0 0 27 35 1 62 43 50 1 65 55 94 1 38 64 0 1 30 53 0 1 63 76 38 1 98 91 36 1 58 56 52 1 60 66 19 1 49 56 20 1 41 43 10 1 62 21 20 1 57 26 0 1
0 63 31 1 21 38 38 1 0 54 12 1 0 0 0 0 0 56 24 1 0 0 0 0 44 75 66 1 18 50 33 1 51 52 37 1 99 37 36 1 0 0 0 0 79 80 68 1 46 66 40 1 0 0 0 0 17 77 68 1 41 72 37 1 42 42 23 1 61 66 33 1 41 18 39 1 53 54 20 1 130 119 87 1 116 123 113 1 76 62 39 1 50 3 11 1 38 37 62 1 93 124 102 1 108 92 48 1 68 51 47 1 10 87 35 1 28 37 10 1 45 65 39 1 58 58 39 1 33 46 46 1 66 58 56 1 21 71 31 1 62 81 61 1 80 99 83 1 63 51 66 1 54 69 67 1 28 50 29 1 0 0 0 0 39 54 58 1 0 0 0 0 67 91 43 1 62 85 42 1 0 0 0 0 29 49 30 1 0 0 0 0 64 56 15 1 25 76 66 1 29 68 28 1 44 29 32 1 34 94 37 1 105 72 101 1 138 174 98 1 102 118 75 1 76 87 40 1 58 79 49 1 76 68 38 1 66 2 42 1 32 54 0 1 0 0 2 1
11 35 28 1 10 59 32 1 19 27 46 1 0 49 17 1 11 56 53 1 63 85 54 1 37 74 70 1 54 59 11 1 67 82 73 1 62 71 15 1 50 70 37 1 24 97 18 1 110 53 33 1 17 61 30 1 59 50 71 1 37 59 56 1 45 77 35 1 42 30 21 1 38 8 34 1 72 61 23 1 96 76 41 1 68 76 77 1 114 82 93 1 63 94 28 1 80 106 83 1 113 94 106 1 0 0 0 0 30 38 57 1 42 53 20 1 46 73 51 1 67 57 33 1 23 34 18 1 68 89 90 1 74 41 49 1 94 98 86 1 72 91 87 1 40 76 47 1 70 63 59 1 62 82 49 1 41 93 91 1 72 82 35 1 16 112 17 1 0 0 0 0 59 102 75 1 0 0 0 0 0 0 0 0 37 81 56 1 52 78 37 1 70 49 29 1 0 18 20 1 0 16 51 1 5 22 2 1 34 2 8 1 105 95 91 1 0 0 0 0 138 135 77 1 69 92 83 1 16 51 11 1 70 74 69 1 40 68 53 1 22 63 42 1 14 46 32 1
0 63 37 1 12 53 48 1 16 19 78 1 0 59 98 1 0 0 22 1 20 53 39 1 22 67 108 1 77 81 62 1 0 0 0 0 0 0 0 0 62 43 38 1 0 0 0 0 53 40 51 1 77 97 92 1 64 44 39 1 45 84 28 1 96 100 93 1 95 124 93 1 0 0 0 0 73 61 59 1 66 111 39 1 0 0 0 0 82 63 45 1 65 63 8 1 172 177 108 1 111 110 102 1 56 128 93 1 44 85 57 1 62 64 24 1 54 68 8 1 44 42 37 1 73 88 20 1 0 0 0 0 42 27 42 1 0 0 0 0 52 74 79 1 52 59 79 1 12 79 97 1 29 66 68 1 109 78 25 1 63 73 61 1 36 51 48 1 64 48 32 1 0 0 0 0 33 64 20 1 40 96 75 1 27 72 48 1 12 15 19 1 19 14 40 1 1 59 57 1 23 32 42 1 0 0 0 0 89 72 68 1 130 163 95 1 106 114 61 1 80 125 58 1 48 38 23 1 32 33 0 1 61 72 33 1 36 122 34 1 37 86 33 1 29 44 21 1
2 30 72 1 0 42 80 1 5 37 99 1 0 71 64 1 14 0 24 1 0 45 16 1 4 86 81 1 45 109 69 1 99 79 52 1 56 52 70 1 69 70 13 1 61 33 15 1 70 68 55 1 80 93 84 1 48 98 74 1 47 94 44 1 0 0 0 0 85 138 95 1 119 152 121 1 117 114 93 1 73 70 106 1 66 75 85 1 42 82 24 1 44 22 26 1 73 129 102 1 102 55 51 1 0 0 0 0 32 54 28 1 52 26 38 1 25 79 49 1 31 71 44 1 9 0 18 1 62 90 5 1 0 0 0 0 63 71 65 1 77 75 61 1 45 62 75 1 71 80 75 1 22 67 50 1 0 0 0 0 61 73 59 1 61 24 64 1 60 71 13 1 0 79 32 1 8 84 2 1 30 34 27 1 0 0 27 1 41 68 11 1 28 62 22 1 46 50 33 1 29 63 0 1 36 61 19 1 114 141 73 1 133 170 151 1 90 103 116 1 0 0 0 0 64 66 32 1 64 76 39 1 54 41 67 1 3 72 42 1 25 60 24 1 41 62 35 1
0 0 0 0 17 67 4 1 0 0 0 0 17 27 85 1 0 0 0 0 4 18 53 1 17 38 47 1 58 59 77 1 121 100 82 1 86 117 115 1 45 86 63 1 117 120 94 1 58 68 72 1 25 74 34 1 0 56 53 1 0 0 0 0 90 65 54 1 33 26 31 1 78 68 68 1 49 45 36 1 70 60 89 1 64 95 96 1 71 118 78 1 119 132 119 1 80 80 55 1 22 74 45 1 20 62 41 1 72 48 51 1 77 19 26 1 27 44 0 1 92 81 68 1 58 66 15 1 60 82 76 1 34 54 60 1 44 83 22 1 62 61 66 1 63 54 64 1 50 68 52 1 16 33 56 1 47 26 72 1 43 49 19 1 84 75 54 1 21 46 54 1 0 0 0 0 15 72 43 1 39 35 15 1 0 39 37 1 17 48 0 1 21 73 32 1 25 64 17 1 38 22 32 1 29 51 57 1 84 87 88 1 90 87 75 1 51 57 45 1 80 88 32 1 33 44 20 1 4 40 0 1 50 83 55 1 86 37 79 1 0 0 0 0 51 69 47 1
0 40 60 1 0 63 42 1 55 49 36 1 26 52 0 1 0 57 49 1 0 30 59 1 0 0 0 0 94 85 121 1 106 128 90 1 95 110 108 1 150 158 129 1 116 102 117 1 65 131 91 1 98 150 105 1 37 73 127 1 95 86 66 1 79 96 55 1 103 114 63 1 70 111 47 1 0 0 0 0 65 104 36 1 14 63 60 1 52 66 38 1 32 112 60 1 105 69 88 1 14 52 28 1 30 0 52 1 120 108 122 1 82 163 127 1 42 67 13 1 21 60 37 1 59 53 26 1 41 50 69 1 54 59 62 1 54 58 63 1 54 91 48 1 10 80 22 1 18 44 13 1 17 26 16 1 0 6 38 1 14 25 0 1 0 0 0 0 8 41 56 1 19 33 62 1 35 44 39 1 35 34 1 1 0 70 29 1 0 42 50 1 22 45 37 1 76 36 1 1 14 34 12 1 14 51 66 1 63 71 65 1 64 100 110 1 74 76 42 1 64 72 44 1 50 82 47 1 6 45 32 1 68 95 45 1 52 76 71 1 52 96 67 1 36 89 25 1
0 2 45 1 7 59 43 1 9 83 49 1 16 18 65 1 1 57 0 1 24 45 75 1 35 41 59 1 77 82 58 1 86 69 85 1 0 0 0 0 119 66 68 1 99 107 104 1 97 116 39 1 61 70 79 1 61 56 41 1 12 59 47 1 31 61 51 1 50 89 63 1 114 95 85 1 0 0 0 0 94 108 63 1 70 103 23 1 55 50 78 1 41 75 17 1 58 69 42 1 61 49 13 1 40 71 30 1 42 57 38 1 71 131 84 1 45 18 38 1 75 88 26 1 103 107 104 1 39 103 72 1 17 37 60 1 0 47 8 1 0 0 0 0 0 0 15 1 0 0 0 0 40 12 27 1 32 28 7 1 0 16 0 1 11 34 2 1 30 53 7 1 0 28 17 1 22 40 30 1 3 36 45 1 0 0 0 0 0 0 0 0 0 38 43 1 35 59 34 1 7 60 17 1 36 96 55 1 54 105 25 1 65 84 61 1 0 0 0 0 23 56 1 1 95 52 25 1 18 84 32 1 18 41 22 1 71 39 35 1 44 39 20 1 52 49 20 1
0 0 0 0 0 0 0 0 25 24 62 1 42 24 71 1 1 52 63 1 0 21 31 1 0 44 10 1 76 86 73 1 125 94 153 1 170 144 101 1 124 145 130 1 89 108 105 1 68 68 43 1 12 80 10 1 21 45 51 1 4 70 7 1 72 51 38 1 45 90 28 1 50 68 25 1 51 58 39 1 67 92 99 1 87 84 88 1 49 39 85 1 33 72 63 1 37 29 28 1 80 99 57 1 0 0 0 0 0 0 0 0 108 173 77 1 80 72 86 1 83 88 81 1 23 67 72 1 66 58 16 1 0 0 0 0 41 87 71 1 65 78 29 1 0 46 64 1 12 60 12 1 59 53 19 1 22 57 54 1 0 34 18 1 0 0 0 0 6 18 21 1 0 0 0 0 32 2 29 1 44 22 27 1 4 30 0 1 0 0 0 0 15 20 12 1 0 44 18 1 34 23 59 1 0 0 0 0 55 63 15 1 58 89 15 1 8 57 23 1 57 74 18 1 64 80 74 1 6 26 53 1 0 0 0 0 0 0 0 0 59 58 50 1 50 48 15 1
0 57 79 1 0 40 38 1 27 68 55 1 0 53 88 1 30 81 37 1 14 48 69 1 0 0 0 0 26 91 0 1 96 65 52 1 93 98 71 1 42 63 66 1 0 17 25 1 13 25 18 1 0 26 39 1 25 32 0 1 38 44 33 1 10 39 12 1 0 0 0 0 0 57 0 1 16 83 74 1 0 64 62 1 0 0 0 0 60 65 57 1 34 31 58 1 65 41 26 1 72 63 42 1 82 53 87 1 95 126 59 1 105 107 125 1 22 30 35 1 91 71 75 1 121 122 111 1 100 84 85 1 79 45 55 1 48 26 44 1 0 14 40 1 10 51 55 1 0 0 0 0 24 32 55 1 30 67 62 1 14 12 0 1 0 27 39 1 31 28 3 1 13 12 21 1 0 45 42 1 11 48 12 1 0 22 21 1 20 1 41 1 3 0 28 1 18 18 10 1 40 75 60 1 39 47 43 1 31 37 50 1 80 118 66 1 62 99 50 1 46 70 54 1 34 68 48 1 51 57 24 1 72 57 42 1 47 53 44 1 40 64 28 1 50 35 54 1
0 44 49 1 9 4 61 1 28 40 24 1 8 39 66 1 4 24 21 1 0 34 42 1 0 55 18 1 6 18 0 1 37 60 48 1 26 48 36 1 24 19 11 1 0 0 0 0 14 94 46 1 0 56 0 1 0 27 1 1 49 67 7 1 9 54 62 1 0 0 0 0 8 40 20 1 9 39 7 1 0 45 32 1 0 55 19 1 0 0 0 0 53 81 39 1 67 58 36 1 109 78 65 1 75 91 113 1 85 134 84 1 103 87 70 1 37 31 50 1 4 77 0 1 56 66 40 1 70 98 74 1 50 54 53 1 79 95 85 1 29 60 49 1 44 62 31 1 72 51 60 1 37 57 78 1 66 51 47 1 7 35 45 1 49 53 49 1 53 32 5 1 21 34 74 1 30 34 44 1 43 71 48 1 0 0 0 0 38 70 23 1 26 20 14 1 12 71 7 1 27 52 50 1 20 89 0 1 0 59 69 1 23 71 59 1 60 70 52 1 79 66 24 1 21 48 40 1 10 106 50 1 42 68 76 1 58 75 37 1 0 0 0 0 42 77 71 1
4 60 56 1 0 76 61 1 4 20 82 1 32 12 51 1 2 8 55 1 0 0 0 0 20 57 36 1 13 0 51 1 25 0 45 1 23 49 7 1 15 0 0 1 5 60 16 1 0 40 34 1 22 54 6 1 72 78 62 1 16 59 68 1 31 25 0 1 25 53 22 1 0 0 0 0 32 58 27 1 9 34 30 1 0 0 0 0 0 0 0 0 31 35 38 1 29 50 11 1 50 66 41 1 69 71 18 1 35 64 57 1 107 82 103 1 51 49 28 1 111 93 87 1 106 140 113 1 60 85 85 1 0 0 0 0 10 31 24 1 50 45 7 1 54 36 16 1 39 74 51 1 0 0 0 0 75 81 44 1 0 0 0 0 56 76 22 1 24 98 28 1 68 82 56 1 0 0 0 0 46 87 56 1 59 64 23 1 33 57 45 1 45 64 39 1 41 22 65 1 5 63 31 1 0 0 0 0 36 64 22 1 92 66 36 1 36 37 84 1 36 91 72 1 78 69 46 1 15 80 23 1 47 45 59 1 19 16 18 1 28 48 44 1 42 86 64 1
0 59 0 1 7 41 85 1 0 0 0 0 0 21 64 1 7 21 22 1 22 36 28 1 0 49 76 1 17 15 36 1 50 84 81 1 42 93 90 1 0 0 0 0 82 114 112 1 16 39 20 1 40 87 55 1 92 166 110 1 78 104 53 1 70 60 57 1 46 71 74 1 0 0 0 0 36 51 74 1 18 61 63 1 29 51 51 1 20 37 13 1 20 24 11 1 13 39 44 1 40 49 23 1 26 44 0 1 25 56 12 1 70 110 47 1 33 23 33 1 81 132 136 1 0 0 0 0 75 88 82 1 36 39 45 1 57 69 51 1 12 13 61 1 80 42 11 1 20 60 34 1 42 70 45 1 30 86 42 1 14 60 18 1 63 80 12 1 27 77 25 1 24 56 60 1 13 58 36 1 38 69 60 1 25 37 38 1 59 96 18 1 46 81 63 1 38 86 21 1 46 51 20 1 14 71 37 1 35 81 62 1 0 0 0 0 29 39 72 1 67 53 41 1 77 86 14 1 61 89 14 1 20 60 24 1 45 74 8 1 54 57 44 1 39 78 69 1
20 77 49 1 11 91 67 1 30 58 65 1 0 20 50 1 7 46 61 1 0 0 0 0 17 38 43 1 19 50 68 1 53 24 88 1 0 0 0 0 129 75 88 1 56 83 68 1 30 29 7 1 94 101 72 1 66 138 84 1 0 0 0 0 0 0 0 0 73 78 60 1 77 126 75 1 28 73 18 1 13 51 22 1 30 57 60 1 52 79 69 1 33 67 20 1 0 0 0 0 11 38 8 1 40 30 0 1 90 49 34 1 104 84 71 1 142 126 165 1 126 133 94 1 57 81 73 1 66 46 72 1 35 38 0 1 24 33 6 1 1 45 34 1 19 33 0 1 28 64 37 1 0 0 0 0 7 42 10 1 46 39 15 1 20 36 0 1 79 48 12 1 76 29 75 1 61 73 43 1 52 66 47 1 15 58 27 1 0 0 0 0 5 40 58 1 7 40 1 1 27 13 9 1 51 72 85 1 40 32 0 1 32 60 49 1 66 35 5 1 78 55 66 1 0 0 0 0 17 37 52 1 48 31 100 1 43 70 22 1 46 74 88 1 30 107 9 1