2
960 1386 131 64
5 22 72 1 0 72 57 1 32 84 102 1 10 78 73 1 2 86 72 1 21 52 77 1 0 71 61 1 12 72 60 1 0 16 0 1 0 88 76 1 17 79 75 1 0 87 65 1 0 104 49 1 0 0 0 0 0 0 0 0 0 116 96 1 11 97 73 1 0 0 0 0 9 72 60 1 5 58 75 1 31 72 88 1 10 52 64 1 43 68 83 1 0 73 39 1 0 41 48 1 18 56 40 1 19 19 64 1 11 62 43 1 11 41 60 1 0 32 8 1 0 64 67 1 0 49 73 1 1 54 51 1 0 57 55 1 0 0 0 0 35 69 41 1 0 41 47 1 28 57 81 1 0 79 31 1 24 37 28 1 0 22 60 1 0 42 47 1 0 83 31 1 0 55 49 1 16 9 46 1 0 27 41 1 0 22 70 1 9 3 3 1 0 50 46 1 0 37 33 1 0 28 70 1 0 40 69 1 0 0 0 0 0 35 44 1 0 59 44 1 7 38 85 1 27 34 42 1 6 35 51 1 31 29 74 1 0 51 57 1 0 19 13 1 0 31 102 1 0 25 81 1 0 56 73 1
0 94 69 1 10 118 42 1 49 56 71 1 18 95 57 1 29 49 58 1 27 57 73 1 0 62 85 1 4 77 49 1 0 62 89 1 20 54 56 1 0 76 87 1 0 78 39 1 0 80 59 1 1 85 68 1 8 97 62 1 0 70 70 1 37 47 46 1 0 67 30 1 0 52 59 1 0 71 73 1 0 52 47 1 2 47 60 1 0 34 35 1 20 39 71 1 22 54 55 1 8 48 38 1 12 51 44 1 0 42 83 1 15 53 80 1 0 0 0 0 28 40 70 1 0 42 42 1 14 86 44 1 33 35 44 1 0 65 28 1 37 52 46 1 6 71 60 1 0 42 29 1 19 46 49 1 2 35 42 1 0 80 12 1 0 31 40 1 0 0 0 0 0 25 17 1 0 60 50 1 0 59 56 1 9 29 32 1 8 62 27 1 0 21 41 1 0 43 38 1 13 6 22 1 26 27 88 1 0 0 83 1 18 68 30 1 14 22 20 1 10 58 20 1 0 19 62 1 16 57 30 1 0 51 67 1 27 68 57 1 0 77 65 1 5 46 53 1 1 62 68 1 0 60 51 1
0 39 64 1 11 78 73 1 27 44 41 1 0 43 73 1 18 72 46 1 0 65 68 1 0 60 90 1 0 26 74 1 44 93 13 1 33 76 72 1 0 38 126 1 5 36 63 1 5 89 63 1 0 128 42 1 23 61 43 1 0 69 27 1 0 42 82 1 0 0 0 0 0 43 23 1 3 73 38 1 12 52 57 1 10 50 103 1 0 44 39 1 0 86 34 1 24 35 32 1 35 39 33 1 2 108 55 1 5 18 24 1 19 76 60 1 0 42 72 1 19 51 15 1 0 65 33 1 0 54 42 1 4 30 53 1 0 72 54 1 40 11 29 1 45 0 41 1 6 24 13 1 0 55 33 1 13 65 36 1 0 38 54 1 0 0 46 1 0 64 44 1 0 63 30 1 12 34 14 1 0 42 19 1 1 53 20 1 0 45 49 1 12 17 0 1 0 25 20 1 0 38 54 1 16 24 14 1 19 39 21 1 0 32 17 1 0 49 61 1 18 31 46 1 0 30 36 1 0 36 52 1 0 44 43 1 0 34 22 1 0 33 32 1 0 32 23 1 0 0 0 0 0 68 79 1
11 73 67 1 9 56 74 1 30 36 30 1 0 0 0 0 0 75 73 1 28 66 74 1 22 48 95 1 8 96 110 1 0 45 63 1 0 30 46 1 32 53 44 1 0 53 61 1 0 0 0 0 0 75 59 1 15 74 41 1 8 68 81 1 0 70 88 1 17 83 71 1 0 36 74 1 0 10 49 1 16 9 26 1 25 19 29 1 0 78 37 1 8 34 25 1 0 75 0 1 0 45 34 1 0 59 35 1 8 52 44 1 0 0 0 0 0 30 39 1 0 51 43 1 0 37 34 1 0 62 87 1 13 44 51 1 0 51 39 1 0 43 62 1 7 46 46 1 3 70 21 1 22 35 5 1 8 35 64 1 0 67 24 1 4 61 10 1 0 34 90 1 0 50 49 1 3 36 33 1 0 53 46 1 0 0 0 0 29 30 24 1 0 54 51 1 0 68 44 1 14 52 40 1 31 40 57 1 0 11 67 1 0 77 49 1 0 54 46 1 13 27 36 1 11 65 36 1 0 27 28 1 9 58 48 1 0 52 45 1 11 58 61 1 21 51 57 1 0 0 0 0 11 50 45 1
0 71 45 1 27 61 51 1 22 42 63 1 0 55 75 1 27 50 61 1 0 81 49 1 29 71 41 1 0 85 90 1 0 93 80 1 21 72 91 1 0 85 65 1 0 87 64 1 0 0 0 0 9 75 100 1 0 96 88 1 0 41 60 1 14 103 51 1 0 0 0 0 10 58 34 1 0 54 62 1 0 26 59 1 17 38 23 1 0 61 24 1 0 76 44 1 34 78 44 1 2 30 22 1 0 34 32 1 23 82 83 1 18 46 68 1 0 43 4 1 0 53 70 1 0 26 27 1 0 29 8 1 19 74 71 1 29 73 34 1 0 57 50 1 0 37 24 1 0 79 59 1 0 0 0 0 0 47 43 1 21 58 36 1 0 18 36 1 20 35 59 1 6 25 49 1 0 0 0 0 0 0 0 0 12 62 39 1 12 1 47 1 0 71 22 1 14 54 56 1 0 0 0 0 0 0 0 0 0 0 0 0 23 30 48 1 0 47 12 1 18 48 75 1 7 15 37 1 0 50 2 1 15 3 51 1 50 19 62 1 0 29 61 1 6 55 58 1 0 22 28 1 0 50 45 1
14 57 84 1 0 64 47 1 10 81 92 1 0 116 49 1 12 24 73 1 0 89 53 1 16 59 57 1 0 100 41 1 8 69 48 1 0 35 59 1 0 73 46 1 0 54 39 1 0 63 86 1 26 75 74 1 0 39 64 1 0 56 26 1 0 23 53 1 0 67 40 1 14 62 62 1 0 36 52 1 38 69 63 1 0 60 37 1 0 48 53 1 0 0 0 0 5 52 27 1 0 40 29 1 14 58 26 1 0 54 53 1 0 57 0 1 0 0 0 0 0 29 44 1 3 52 57 1 0 43 33 1 0 63 64 1 0 29 14 1 0 70 33 1 0 44 40 1 0 4 54 1 0 41 53 1 0 18 66 1 22 52 30 1 16 33 55 1 0 49 67 1 0 0 0 0 0 41 24 1 0 48 22 1 5 40 35 1 0 0 0 0 4 37 67 1 36 73 43 1 0 0 0 0 3 20 39 1 7 52 41 1 37 0 35 1 0 30 38 1 9 20 44 1 0 0 0 0 0 0 0 0 23 6 19 1 0 0 0 0 0 67 36 1 0 54 59 1 24 54 63 1 9 43 54 1
28 35 46 1 0 35 56 1 0 62 57 1 0 95 81 1 0 86 63 1 4 75 57 1 0 47 54 1 20 34 58 1 0 83 104 1 0 55 138 1 0 96 63 1 0 47 45 1 0 69 87 1 0 72 63 1 15 82 57 1 0 46 70 1 0 41 48 1 23 84 49 1 0 80 60 1 0 45 48 1 13 50 77 1 21 50 12 1 0 45 45 1 0 30 27 1 7 92 37 1 0 18 0 1 23 92 53 1 0 62 78 1 0 67 34 1 4 55 53 1 0 50 69 1 6 44 73 1 0 57 81 1 0 36 32 1 3 53 64 1 0 65 78 1 15 3 13 1 0 0 0 0 18 6 39 1 0 45 60 1 11 26 45 1 32 43 9 1 22 45 25 1 8 47 29 1 0 0 0 0 0 42 33 1 11 28 27 1 0 70 36 1 0 30 64 1 8 43 9 1 0 83 11 1 5 46 48 1 0 46 0 1 0 47 58 1 3 49 0 1 32 32 0 1 5 23 39 1 0 63 9 1 0 23 35 1 28 13 43 1 0 51 80 1 5 62 42 1 0 39 92 1 0 0 0 0
0 36 98 1 20 54 31 1 0 74 46 1 0 38 58 1 0 71 62 1 0 32 66 1 31 112 71 1 0 57 80 1 0 0 0 0 4 30 30 1 41 42 52 1 0 0 0 0 29 56 37 1 0 67 32 1 0 56 66 1 0 65 72 1 0 37 53 1 1 82 60 1 0 23 65 1 0 79 37 1 28 62 49 1 0 72 35 1 0 58 47 1 0 33 35 1 0 44 48 1 0 56 15 1 12 52 56 1 0 44 55 1 33 25 26 1 28 63 67 1 0 0 0 0 0 55 57 1 0 47 25 1 0 44 59 1 0 63 36 1 2 59 44 1 4 51 59 1 0 13 25 1 0 31 59 1 0 0 0 0 0 0 0 0 0 0 0 0 29 73 74 1 13 63 0 1 0 53 15 1 0 23 36 1 34 50 62 1 0 87 49 1 19 22 31 1 46 69 55 1 0 55 92 1 22 59 58 1 0 45 44 1 7 63 37 1 0 24 62 1 0 53 40 1 0 43 48 1 8 68 29 1 0 61 29 1 29 21 44 1 0 77 42 1 0 60 76 1 16 62 53 1 0 56 32 1
0 35 51 1 0 58 114 1 0 96 78 1 5 67 67 1 19 63 70 1 0 0 0 0 25 96 68 1 9 88 60 1 52 56 71 1 0 47 26 1 25 31 32 1 0 48 69 1 0 2 24 1 18 64 53 1 0 40 49 1 0 34 45 1 3 48 107 1 0 53 71 1 0 0 0 0 0 55 46 1 0 35 18 1 0 68 20 1 0 44 40 1 0 27 51 1 0 0 0 0 2 71 83 1 0 30 17 1 38 38 31 1 0 58 75 1 0 56 61 1 0 56 27 1 0 57 33 1 0 34 44 1 23 40 55 1 0 27 100 1 0 63 59 1 35 51 76 1 0 43 47 1 14 20 53 1 0 60 32 1 0 20 40 1 0 56 0 1 6 73 53 1 0 38 63 1 0 52 33 1 0 58 40 1 0 0 0 0 0 47 49 1 0 88 34 1 5 17 17 1 0 44 33 1 3 37 37 1 0 23 19 1 0 46 38 1 35 70 58 1 0 32 31 1 17 23 40 1 20 48 66 1 0 17 17 1 0 70 27 1 0 8 26 1 0 0 0 0 0 30 53 1 0 0 0 0
0 66 74 1 17 71 91 1 0 100 97 1 1 75 71 1 0 103 105 1 0 76 97 1 6 54 90 1 12 99 63 1 14 69 64 1 35 34 61 1 0 0 0 0 6 31 0 1 12 15 18 1 0 54 45 1 20 93 71 1 0 93 58 1 0 62 96 1 8 62 75 1 0 17 60 1 4 49 51 1 8 77 58 1 18 46 87 1 23 23 35 1 0 86 62 1 5 49 47 1 0 46 36 1 2 49 33 1 15 60 35 1 0 0 0 0 4 61 82 1 0 35 32 1 17 27 55 1 0 10 18 1 23 56 63 1 0 54 25 1 0 60 59 1 0 76 68 1 0 0 0 0 19 65 72 1 0 74 31 1 0 35 62 1 11 51 67 1 0 24 68 1 0 40 0 1 0 44 46 1 0 42 63 1 0 0 0 0 17 48 43 1 0 8 39 1 9 15 31 1 16 59 46 1 21 35 48 1 0 59 44 1 24 80 36 1 0 16 1 1 7 34 45 1 0 21 41 1 0 40 38 1 0 52 43 1 0 40 13 1 0 67 22 1 0 36 55 1 0 43 52 1 31 64 58 1
0 49 47 1 0 0 0 0 0 83 59 1 7 70 55 1 0 72 28 1 0 76 54 1 12 85 53 1 0 81 79 1 36 45 26 1 0 61 12 1 42 76 61 1 0 32 22 1 4 13 44 1 0 0 0 0 8 28 49 1 4 15 84 1 0 44 34 1 0 45 78 1 0 0 0 0 0 21 38 1 4 71 61 1 0 71 22 1 14 79 24 1 0 55 37 1 0 31 54 1 0 33 76 1 6 35 57 1 0 30 80 1 6 62 73 1 0 28 34 1 0 25 58 1 0 32 60 1 0 0 0 0 10 33 61 1 52 44 51 1 18 24 44 1 25 56 31 1 0 35 48 1 0 0 0 0 0 50 75 1 25 50 30 1 0 8 71 1 0 31 36 1 21 19 22 1 0 32 57 1 0 51 34 1 0 24 38 1 0 38 81 1 0 52 75 1 4 55 6 1 1 0 37 1 30 46 61 1 2 32 29 1 22 67 23 1 7 68 34 1 30 41 66 1 0 59 37 1 1 52 64 1 39 71 77 1 0 43 50 1 0 0 0 0 0 0 0 0 0 83 61 1 0 58 61 1
23 94 97 1 16 55 62 1 11 24 42 1 0 110 49 1 0 31 37 1 0 58 89 1 0 40 43 1 0 69 40 1 0 51 41 1 0 48 13 1 0 41 42 1 11 49 25 1 0 54 43 1 0 63 79 1 3 18 42 1 0 53 44 1 0 33 94 1 0 32 76 1 3 51 24 1 3 63 62 1 23 52 61 1 0 71 48 1 12 39 82 1 1 74 38 1 0 63 29 1 6 55 50 1 0 44 65 1 0 45 25 1 0 0 0 0 0 96 15 1 0 61 42 1 18 48 21 1 0 37 72 1 10 37 72 1 19 60 29 1 0 49 64 1 0 0 0 0 0 0 0 0 0 0 0 0 0 33 82 1 0 57 67 1 0 58 50 1 0 50 73 1 0 27 52 1 10 20 5 1 0 30 21 1 17 26 46 1 6 30 74 1 13 40 36 1 9 63 72 1 0 0 0 0 37 11 86 1 0 44 20 1 29 59 55 1 0 40 68 1 0 29 50 1 12 78 44 1 31 51 32 1 41 30 80 1 22 82 25 1 42 94 59 1 39 95 75 1 0 86 97 1 0 46 62 1
0 0 0 0 1 72 84 1 0 0 0 0 3 52 44 1 25 83 31 1 24 17 40 1 0 38 32 1 0 79 84 1 0 38 14 1 5 47 24 1 34 35 42 1 0 95 0 1 0 48 28 1 0 34 77 1 21 71 48 1 0 0 0 0 8 62 44 1 0 61 0 1 25 65 70 1 0 57 81 1 28 33 81 1 0 57 23 1 0 41 14 1 17 35 44 1 11 61 44 1 0 72 70 1 0 50 27 1 4 69 45 1 21 45 34 1 27 58 97 1 41 20 33 1 2 93 26 1 0 12 36 1 0 58 83 1 6 23 54 1 34 18 73 1 0 58 57 1 0 57 63 1 10 61 61 1 8 14 31 1 0 38 82 1 53 49 43 1 6 48 36 1 30 56 59 1 0 28 40 1 0 64 7 1 3 9 34 1 6 4 0 1 12 55 50 1 0 52 82 1 0 45 47 1 9 48 58 1 14 33 56 1 27 45 75 1 0 0 0 0 0 79 40 1 0 52 32 1 0 36 36 1 0 74 43 1 0 70 18 1 25 56 41 1 16 87 70 1 25 100 65 1 0 0 0 0
0 12 46 1 0 0 0 0 1 70 31 1 41 50 86 1 0 98 56 1 0 81 92 1 0 64 17 1 31 54 66 1 18 48 35 1 15 47 37 1 0 0 0 0 23 36 48 1 0 33 31 1 0 39 32 1 0 0 0 0 0 31 31 1 0 22 68 1 0 48 63 1 0 64 39 1 0 0 0 0 0 42 75 1 0 0 0 0 7 15 44 1 0 0 0 0 0 57 53 1 0 0 0 0 0 49 52 1 8 36 28 1 0 43 39 1 0 52 11 1 4 29 72 1 0 0 0 0 19 31 61 1 0 74 45 1 0 25 33 1 0 49 19 1 0 0 0 0 0 0 0 0 13 12 33 1 0 0 0 0 0 37 38 1 0 94 77 1 8 54 51 1 33 34 31 1 17 75 59 1 0 65 51 1 0 65 37 1 0 33 70 1 4 60 48 1 13 50 34 1 31 53 38 1 13 64 52 1 6 62 49 1 29 69 31 1 19 41 68 1 32 50 15 1 24 65 45 1 9 58 60 1 0 0 0 0 29 55 44 1 11 77 51 1 0 35 45 1 0 112 114 1 4 61 69 1
18 53 46 1 27 67 55 1 3 80 72 1 0 65 37 1 0 67 65 1 0 41 30 1 0 58 37 1 23 84 56 1 0 53 73 1 0 39 51 1 32 3 60 1 0 25 44 1 0 18 60 1 0 0 0 0 35 40 49 1 0 34 54 1 0 59 47 1 0 0 0 0 0 31 29 1 0 74 47 1 0 64 48 1 26 98 41 1 0 0 0 0 0 24 22 1 0 76 79 1 0 0 0 0 0 55 19 1 0 60 10 1 0 66 64 1 0 74 26 1 0 47 37 1 24 40 60 1 0 0 0 0 0 18 56 1 0 34 34 1 0 55 61 1 31 58 67 1 21 51 34 1 0 54 47 1 23 79 40 1 0 66 42 1 46 53 59 1 16 38 62 1 19 53 43 1 21 26 64 1 17 42 70 1 1 42 70 1 0 15 51 1 0 60 71 1 0 68 68 1 4 45 7 1 0 46 62 1 0 32 66 1 18 59 58 1 0 68 58 1 0 70 51 1 0 61 79 1 7 41 0 1 3 64 53 1 17 84 66 1 0 78 69 1 0 99 33 1 32 61 75 1 0 84 66 1
0 58 57 1 0 46 90 1 4 53 36 1 12 71 39 1 40 54 49 1 0 107 72 1 31 41 40 1 10 83 56 1 0 0 0 0 0 60 65 1 0 78 63 1 0 57 46 1 16 33 58 1 0 64 40 1 18 45 33 1 0 73 11 1 0 0 0 0 0 14 59 1 0 41 66 1 3 30 56 1 0 3 74 1 0 56 63 1 0 38 51 1 17 46 29 1 0 0 0 0 0 45 45 1 0 0 0 0 32 81 19 1 4 79 76 1 5 79 46 1 0 0 0 0 35 50 67 1 7 35 42 1 0 69 38 1 50 39 58 1 5 58 66 1 0 0 0 0 0 51 35 1 0 18 67 1 12 63 28 1 13 42 49 1 0 0 0 0 0 47 40 1 0 21 41 1 8 50 12 1 14 91 42 1 0 65 60 1 2 36 21 1 6 55 39 1 0 73 55 1 0 74 53 1 3 59 37 1 0 0 0 0 0 49 57 1 0 65 44 1 9 45 63 1 7 66 20 1 0 83 56 1 0 30 50 1 0 0 0 0 32 72 63 1 27 49 85 1 0 71 94 1 0 27 37 1
11 84 91 1 0 46 43 1 24 64 82 1 0 57 44 1 21 77 62 1 0 50 50 1 0 0 0 0 0 0 0 0 14 46 43 1 0 51 28 1 3 34 43 1 0 55 43 1 29 58 14 1 10 78 66 1 0 68 35 1 0 0 85 1 0 43 43 1 0 28 38 1 34 77 44 1 0 52 49 1 0 0 0 0 4 47 56 1 0 41 39 1 14 73 56 1 40 27 22 1 13 60 52 1 0 63 22 1 21 30 26 1 0 0 0 0 0 54 24 1 0 59 76 1 3 73 58 1 0 0 28 1 0 20 33 1 7 41 75 1 0 69 38 1 2 77 85 1 0 51 25 1 21 81 69 1 0 25 19 1 0 56 17 1 0 0 0 0 1 41 57 1 0 0 0 0 4 62 25 1 0 48 85 1 0 41 64 1 0 60 85 1 8 54 56 1 4 70 71 1 0 64 81 1 12 48 62 1 0 52 61 1 11 20 50 1 3 74 62 1 0 82 87 1 0 0 0 0 16 24 41 1 0 53 90 1 23 57 48 1 0 100 77 1 0 67 84 1 16 77 8 1 4 67 26 1
19 38 82 1 0 48 44 1 21 62 48 1 0 62 70 1 0 63 60 1 14 35 14 1 0 47 70 1 0 83 62 1 8 66 43 1 18 63 33 1 16 60 64 1 0 67 18 1 0 68 61 1 0 49 34 1 0 21 24 1 15 77 58 1 10 49 35 1 8 37 113 1 0 0 0 0 0 12 48 1 1 59 58 1 1 22 39 1 4 53 17 1 12 49 36 1 3 40 32 1 0 59 50 1 39 74 88 1 0 37 65 1 0 0 0 0 19 37 10 1 0 75 58 1 8 43 58 1 13 41 49 1 9 18 22 1 42 80 69 1 0 0 0 0 0 0 0 0 0 0 0 0 20 48 45 1 0 59 65 1 4 39 48 1 15 19 57 1 54 39 95 1 0 43 75 1 41 90 4 1 0 68 40 1 0 71 45 1 12 52 46 1 0 0 0 0 0 65 35 1 0 0 0 0 0 59 53 1 0 0 0 0 20 47 55 1 25 79 53 1 0 50 86 1 0 98 51 1 0 0 0 0 0 0 0 0 0 70 78 1 0 70 49 1 0 0 0 0 0 35 70 1 19 5 18 1
27 63 48 1 0 62 28 1 0 44 42 1 0 59 39 1 0 0 0 0 10 47 65 1 18 55 47 1 0 46 60 1 0 83 25 1 0 0 0 0 0 73 59 1 1 70 30 1 5 43 85 1 0 18 42 1 0 55 61 1 0 32 37 1 0 18 65 1 0 90 69 1 2 19 23 1 47 61 43 1 0 77 32 1 0 39 42 1 0 4 64 1 0 42 61 1 0 19 57 1 0 64 38 1 0 0 0 0 27 32 66 1 16 45 10 1 0 61 103 1 4 30 89 1 0 33 45 1 13 28 56 1 0 36 54 1 0 47 47 1 0 32 47 1 15 22 8 1 0 22 51 1 9 32 34 1 0 61 23 1 19 17 25 1 10 33 66 1 18 86 70 1 0 102 68 1 0 32 46 1 0 55 55 1 9 51 23 1 44 61 36 1 11 113 71 1 0 0 0 0 15 78 70 1 3 95 88 1 0 0 0 0 22 103 57 1 0 0 0 0 4 56 45 1 0 49 60 1 0 87 51 1 17 90 61 1 32 89 47 1 15 56 46 1 15 51 54 1 0 38 83 1 31 51 67 1
6 64 83 1 0 69 64 1 34 53 59 1 0 41 66 1 0 52 60 1 0 50 52 1 0 59 28 1 1 57 52 1 0 58 94 1 0 47 59 1 19 56 47 1 14 54 52 1 22 58 0 1 0 52 28 1 0 69 40 1 7 17 31 1 2 61 83 1 4 37 72 1 0 28 0 1 0 20 20 1 1 35 67 1 0 0 60 1 0 0 0 0 19 29 48 1 37 41 62 1 0 66 18 1 0 95 52 1 32 66 65 1 11 58 54 1 0 29 9 1 12 17 50 1 4 58 34 1 0 54 56 1 0 41 49 1 0 13 73 1 0 34 40 1 5 50 44 1 24 58 83 1 9 40 75 1 0 24 46 1 31 60 58 1 0 0 0 0 0 37 45 1 31 59 38 1 0 51 56 1 0 83 54 1 39 93 64 1 0 46 46 1 29 36 57 1 0 91 35 1 2 85 47 1 0 75 57 1 10 44 62 1 0 88 37 1 0 70 64 1 0 63 58 1 18 30 71 1 20 80 80 1 15 90 75 1 34 81 73 1 0 85 64 1 10 80 18 1 0 78 47 1 0 50 40 1
0 71 46 1 3 56 40 1 0 40 46 1 0 0 0 0 0 45 64 1 0 35 31 1 0 90 25 1 2 48 41 1 0 0 0 0 0 54 51 1 0 52 63 1 0 58 52 1 0 78 84 1 0 65 32 1 2 56 65 1 0 17 63 1 20 33 48 1 41 41 36 1 0 75 61 1 38 31 46 1 12 28 98 1 20 61 65 1 0 0 0 0 0 80 32 1 0 24 25 1 3 48 56 1 0 55 51 1 36 60 14 1 0 43 40 1 11 29 48 1 0 0 0 0 41 34 29 1 0 76 31 1 11 47 36 1 0 0 0 0 0 49 31 1 0 59 75 1 0 53 46 1 16 27 36 1 35 34 59 1 0 0 0 0 4 58 18 1 0 0 0 0 0 50 48 1 21 93 13 1 0 68 38 1 0 0 0 0 29 71 51 1 0 84 62 1 4 92 66 1 0 106 62 1 0 51 84 1 58 60 70 1 9 59 110 1 0 88 17 1 8 97 27 1 4 23 44 1 11 63 66 1 24 85 53 1 4 51 50 1 0 81 29 1 20 66 72 1 0 93 30 1 0 52 51 1
0 73 77 1 0 33 97 1 0 87 28 1 8 51 30 1 0 33 52 1 18 31 60 1 0 37 23 1 17 57 55 1 12 99 46 1 15 24 83 1 2 37 62 1 0 29 34 1 25 49 34 1 0 61 43 1 24 46 67 1 0 30 44 1 0 19 82 1 16 80 53 1 0 32 70 1 0 0 0 0 18 77 50 1 0 0 0 0 16 83 41 1 7 82 52 1 30 99 37 1 6 45 49 1 33 21 47 1 0 23 19 1 0 50 58 1 6 40 44 1 0 70 23 1 2 46 58 1 0 0 0 0 0 0 0 0 0 0 0 0 0 0 0 0 0 62 61 1 6 109 44 1 0 84 36 1 7 74 67 1 0 58 14 1 0 55 46 1 0 65 63 1 0 37 55 1 0 75 57 1 3 70 56 1 0 86 90 1 0 83 42 1 0 77 28 1 17 98 39 1 1 50 53 1 0 82 88 1 0 0 0 0 9 41 76 1 8 61 65 1 0 45 66 1 0 0 0 0 29 66 56 1 0 100 53 1 0 47 56 1 0 47 20 1 0 49 86 1 0 0 0 0 0 61 75 1
0 53 32 1 0 31 70 1 5 42 79 1 6 54 73 1 0 29 23 1 13 72 6 1 4 52 36 1 13 32 26 1 25 24 37 1 25 48 35 1 0 50 14 1 0 57 69 1 7 45 20 1 33 44 46 1 0 45 36 1 23 96 72 1 11 51 70 1 0 0 0 0 26 56 78 1 0 59 84 1 0 0 0 0 0 66 26 1 8 60 33 1 29 40 55 1 0 69 50 1 0 46 29 1 0 19 66 1 0 69 68 1 9 85 53 1 26 49 68 1 22 82 51 1 0 51 51 1 11 75 31 1 32 37 63 1 0 18 55 1 0 0 0 0 0 23 15 1 0 67 42 1 0 66 75 1 0 56 45 1 10 69 26 1 20 73 116 1 3 66 60 1 0 86 68 1 22 110 66 1 0 55 83 1 0 52 71 1 16 83 49 1 0 67 52 1 0 85 48 1 3 100 60 1 0 65 51 1 0 64 0 1 0 75 17 1 0 47 69 1 0 77 61 1 0 0 0 0 0 92 47 1 0 82 12 1 0 60 101 1 4 63 80 1 1 45 94 1 0 99 84 1 6 49 67 1
21 100 35 1 20 70 62 1 0 26 71 1 0 55 62 1 20 50 34 1 0 47 90 1 0 76 33 1 0 0 0 0 14 61 81 1 18 29 64 1 0 81 66 1 0 68 50 1 6 48 47 1 0 34 44 1 0 58 73 1 11 77 43 1 50 59 61 1 6 50 61 1 0 57 62 1 0 44 63 1 0 44 86 1 0 59 79 1 5 76 24 1 7 66 25 1 0 86 49 1 0 61 46 1 11 70 40 1 0 88 52 1 20 44 33 1 0 2 27 1 18 36 31 1 0 56 60 1 24 55 26 1 0 50 51 1 0 0 0 0 0 0 0 0 15 46 80 1 37 72 50 1 31 55 44 1 0 70 49 1 15 64 86 1 11 87 71 1 11 97 62 1 31 119 94 1 0 128 41 1 0 93 92 1 0 55 39 1 0 110 46 1 17 28 46 1 4 41 39 1 0 39 61 1 5 40 42 1 31 66 59 1 1 46 53 1 0 94 64 1 0 55 31 1 0 90 43 1 28 44 47 1 0 69 52 1 0 82 20 1 10 54 59 1 43 101 54 1 0 71 77 1 24 65 67 1
21 39 35 1 0 58 75 1 0 50 45 1 0 0 0 0 25 46 73 1 0 0 0 0 19 30 88 1 24 68 76 1 0 89 10 1 14 56 20 1 20 45 29 1 0 49 38 1 0 37 41 1 0 0 0 0 0 74 24 1 0 38 60 1 11 64 53 1 0 62 58 1 0 53 55 1 50 57 81 1 0 26 50 1 5 63 49 1 3 52 72 1 10 60 26 1 6 40 58 1 9 73 64 1 2 41 58 1 1 48 85 1 32 65 66 1 0 62 70 1 8 36 37 1 11 61 42 1 0 0 0 0 0 0 0 0 0 9 70 1 4 64 76 1 0 76 75 1 0 0 0 0 0 52 85 1 0 80 92 1 0 62 50 1 13 92 40 1 22 41 33 1 0 0 0 0 0 96 33 1 0 101 54 1 0 0 0 0 1 78 52 1 17 109 76 1 0 52 32 1 47 89 60 1 0 0 0 0 0 39 67 1 0 0 0 0 0 48 59 1 6 40 31 1 0 82 74 1 0 0 0 0 0 0 0 0 0 64 30 1 0 95 51 1 0 94 43 1 68 98 52 1 14 50 30 1
0 20 54 1 0 0 0 0 0 79 52 1 22 59 64 1 0 60 76 1 0 32 89 1 12 17 41 1 0 74 78 1 9 56 52 1 0 0 0 0 0 79 54 1 0 50 59 1 4 58 35 1 0 0 0 0 12 57 66 1 15 53 17 1 0 52 57 1 0 0 0 0 10 65 56 1 30 58 55 1 10 97 65 1 0 0 0 0 5 92 56 1 11 59 57 1 0 53 55 1 3 30 15 1 0 0 79 1 0 46 32 1 0 76 45 1 0 33 51 1 8 12 21 1 0 42 48 1 0 61 52 1 3 77 52 1 20 55 45 1 0 80 14 1 0 56 47 1 0 46 82 1 0 0 0 0 10 85 35 1 27 105 64 1 37 41 88 1 6 82 64 1 0 51 65 1 33 97 83 1 0 90 35 1 21 96 80 1 0 76 31 1 21 60 34 1 0 89 40 1 22 59 2 1 35 87 49 1 0 36 44 1 37 76 43 1 0 97 38 1 0 58 66 1 21 77 103 1 4 112 44 1 0 64 57 1 0 90 82 1 0 61 38 1 15 64 53 1 28 82 62 1 33 79 88 1
57 64 49 1 28 28 50 1 0 64 38 1 20 51 69 1 0 0 0 0 0 48 50 1 33 19 51 1 5 45 47 1 17 35 85 1 18 71 19 1 8 33 60 1 0 53 61 1 19 47 58 1 0 48 76 1 3 48 51 1 0 42 58 1 0 0 0 0 0 45 46 1 0 0 0 0 1 80 65 1 0 27 45 1 0 0 0 0 8 68 58 1 7 63 35 1 0 72 47 1 0 85 46 1 26 60 69 1 0 74 36 1 16 42 80 1 11 47 16 1 6 37 52 1 22 34 76 1 9 79 89 1 0 70 51 1 0 52 73 1 0 90 40 1 11 72 103 1 0 86 35 1 0 70 59 1 0 89 58 1 30 56 0 1 0 88 56 1 0 78 68 1 0 0 0 0 13 70 47 1 17 65 72 1 32 92 44 1 0 0 0 0 0 93 62 1 0 71 85 1 0 94 53 1 8 101 60 1 11 65 65 1 8 96 54 1 0 76 56 1 9 92 89 1 0 0 0 0 3 98 58 1 0 104 22 1 20 52 60 1 11 51 78 1 0 0 0 0 22 50 71 1 30 101 88 1
0 38 89 1 0 32 58 1 27 11 41 1 0 38 58 1 0 70 75 1 14 76 73 1 18 44 54 1 10 72 46 1 0 95 32 1 0 88 50 1 0 39 88 1 22 52 77 1 16 69 51 1 0 35 31 1 13 74 27 1 0 63 68 1 11 61 61 1 15 63 63 1 0 72 39 1 26 52 61 1 0 65 48 1 35 39 62 1 13 76 6 1 4 102 75 1 0 54 49 1 20 93 50 1 33 37 32 1 0 115 51 1 50 72 83 1 13 78 77 1 0 110 99 1 0 0 0 0 11 44 68 1 8 56 67 1 0 89 61 1 34 57 52 1 0 58 47 1 0 103 44 1 37 36 85 1 0 0 0 0 8 102 60 1 27 75 69 1 23 70 64 1 47 104 48 1 0 0 0 0 0 85 23 1 0 35 56 1 2 79 71 1 26 82 52 1 0 72 71 1 45 81 46 1 33 90 55 1 7 74 71 1 0 89 58 1 10 58 31 1 11 50 47 1 0 74 22 1 20 68 10 1 0 0 0 0 30 54 54 1 0 0 0 0 67 92 28 1 35 110 71 1 36 82 43 1
5 55 60 1 12 25 35 1 0 38 62 1 0 66 50 1 0 49 40 1 0 75 14 1 11 63 36 1 0 0 0 0 0 60 12 1 17 61 40 1 12 41 35 1 0 64 38 1 32 49 37 1 0 52 33 1 8 52 31 1 0 85 40 1 11 74 43 1 46 61 43 1 15 60 33 1 0 41 87 1 0 48 22 1 0 35 26 1 0 37 10 1 0 78 90 1 13 74 34 1 0 62 75 1 42 71 79 1 27 78 73 1 16 99 65 1 13 64 63 1 11 83 43 1 9 89 62 1 46 66 18 1 1 100 13 1 0 70 52 1 0 65 54 1 9 79 57 1 0 81 75 1 32 91 48 1 41 101 49 1 57 107 27 1 0 104 80 1 0 0 0 0 47 116 79 1 32 94 50 1 29 87 92 1 62 84 48 1 33 99 52 1 21 85 51 1 0 27 28 1 0 0 0 0 20 86 70 1 44 96 29 1 39 79 78 1 0 98 52 1 16 98 63 1 72 59 82 1 0 0 0 0 51 67 92 1 46 94 52 1 27 121 86 1 34 63 60 1 76 146 70 1 36 136 71 1
0 30 66 1 0 0 0 0 21 74 45 1 2 39 32 1 2 57 24 1 0 67 35 1 0 0 0 0 5 64 27 1 0 90 59 1 11 64 45 1 0 0 0 0 46 74 28 1 0 0 0 0 0 59 46 1 0 70 84 1 31 80 72 1 4 40 37 1 3 86 47 1 33 45 42 1 34 105 71 1 1 39 81 1 12 75 97 1 0 82 35 1 0 0 0 0 30 63 62 1 0 69 22 1 15 60 49 1 0 81 80 1 0 41 106 1 17 47 83 1 0 42 66 1 0 0 0 0 0 67 80 1 0 109 54 1 19 49 10 1 0 72 64 1 17 86 65 1 0 48 34 1 48 96 73 1 36 89 68 1 0 0 0 0 0 0 0 0 48 85 58 1 0 0 0 0 89 69 50 1 73 96 66 1 73 45 39 1 0 0 0 0 81 66 105 1 32 102 75 1 42 78 55 1 27 55 43 1 39 81 63 1 7 83 62 1 60 62 38 1 17 108 88 1 18 85 11 1 28 83 52 1 0 0 0 0 45 91 63 1 57 72 17 1 75 90 108 1 99 121 50 1 116 121 93 1
2 89 39 1 5 47 54 1 7 74 47 1 0 0 0 0 0 85 24 1 23 52 91 1 0 0 0 0 0 68 50 1 8 97 62 1 0 49 29 1 12 56 45 1 18 38 60 1 0 69 52 1 0 80 19 1 0 54 37 1 0 48 65 1 0 53 47 1 24 104 80 1 29 47 62 1 0 74 87 1 0 65 36 1 0 67 56 1 0 24 49 1 6 107 69 1 19 95 53 1 0 102 51 1 0 110 53 1 0 52 91 1 7 54 63 1 19 65 67 1 0 70 58 1 28 43 83 1 0 66 94 1 0 0 0 0 0 0 0 0 11 78 46 1 24 76 78 1 67 104 73 1 41 126 91 1 10 98 68 1 38 113 58 1 77 93 45 1 53 96 38 1 45 98 52 1 29 98 91 1 0 0 0 0 74 121 68 1 48 66 70 1 83 105 56 1 64 67 39 1 0 94 83 1 66 105 84 1 43 80 78 1 79 127 56 1 26 81 55 1 25 66 52 1 39 118 55 1 0 0 0 0 68 122 99 1 100 99 71 1 72 95 76 1 24 87 94 1 0 0 0 0 133 118 51 1
28 53 102 1 0 81 56 1 0 89 55 1 0 0 0 0 0 60 46 1 0 34 81 1 29 63 46 1 0 54 35 1 0 55 36 1 0 60 63 1 18 76 74 1 2 88 6 1 15 74 39 1 0 46 45 1 0 127 73 1 19 75 40 1 0 0 0 0 14 97 50 1 20 59 37 1 0 96 85 1 0 71 25 1 0 94 43 1 0 85 48 1 12 80 6 1 26 65 58 1 0 0 0 0 0 78 60 1 0 0 0 0 21 65 57 1 29 60 69 1 0 108 43 1 0 94 34 1 0 92 26 1 16 62 49 1 54 79 52 1 0 0 0 0 61 125 49 1 95 73 73 1 79 125 106 1 76 143 69 1 32 102 82 1 101 93 39 1 62 83 24 1 44 74 50 1 56 94 45 1 43 99 34 1 110 63 85 1 50 110 95 1 61 101 70 1 56 83 83 1 33 86 77 1 55 116 49 1 78 82 68 1 52 105 88 1 56 106 56 1 64 128 56 1 53 109 79 1 94 133 76 1 110 63 63 1 68 144 65 1 97 151 109 1 72 111 133 1 145 114 43 1 175 135 50 1
13 71 32 1 12 28 38 1 8 70 20 1 0 82 57 1 29 53 35 1 0 67 59 1 0 13 50 1 0 68 67 1 0 55 65 1 0 33 44 1 0 0 0 0 22 42 77 1 37 54 47 1 38 71 50 1 12 55 48 1 22 72 36 1 27 29 101 1 27 57 71 1 14 77 33 1 0 0 0 0 5 33 29 1 0 39 99 1 0 0 0 0 0 62 29 1 47 48 62 1 0 40 46 1 0 61 44 1 14 73 41 1 0 88 60 1 10 85 40 1 0 95 97 1 44 85 48 1 29 101 77 1 114 110 53 1 56 99 76 1 32 105 65 1 31 109 69 1 77 95 35 1 43 143 48 1 74 123 57 1 35 94 35 1 73 84 62 1 88 105 45 1 37 44 47 1 85 92 58 1 99 107 61 1 55 136 69 1 139 118 50 1 73 129 65 1 58 122 78 1 0 0 0 0 65 90 59 1 58 69 84 1 121 125 128 1 58 112 110 1 46 97 82 1 87 92 15 1 94 104 45 1 116 82 52 1 93 98 64 1 128 121 71 1 156 143 114 1 0 0 0 0 125 140 128 1
0 138 88 1 0 65 51 1 0 100 69 1 0 58 63 1 0 76 39 1 0 84 59 1 13 44 58 1 0 0 0 0 10 38 61 1 0 75 32 1 0 87 54 1 0 46 51 1 0 58 28 1 10 40 88 1 13 55 69 1 0 0 0 0 0 76 45 1 27 79 80 1 1 88 51 1 0 53 37 1 0 73 35 1 0 0 0 0 0 0 0 0 3 54 100 1 0 84 5 1 0 76 73 1 10 71 80 1 19 75 42 1 30 70 51 1 0 67 80 1 28 122 107 1 29 69 87 1 33 74 78 1 8 95 94 1 0 0 0 0 64 102 81 1 0 0 0 0 73 112 99 1 42 87 73 1 108 79 97 1 95 93 33 1 50 87 29 1 47 114 75 1 66 73 76 1 72 63 69 1 75 133 78 1 68 89 111 1 0 0 0 0 105 148 90 1 105 147 106 1 95 114 73 1 63 106 44 1 82 155 65 1 97 106 49 1 110 141 108 1 81 114 78 1 104 117 96 1 0 0 0 0 83 122 48 1 0 0 0 0 199 195 124 1 136 179 100 1 119 135 82 1 85 81 63 1
40 111 52 1 22 111 63 1 4 106 69 1 0 106 62 1 15 67 26 1 0 102 19 1 0 61 64 1 9 69 59 1 20 72 29 1 0 46 48 1 30 29 15 1 6 90 65 1 45 70 82 1 0 113 63 1 0 87 86 1 26 84 38 1 0 85 35 1 0 77 72 1 15 57 63 1 0 0 0 0 5 53 47 1 13 54 83 1 19 56 50 1 0 0 0 0 0 73 59 1 7 57 43 1 0 45 0 1 25 79 58 1 25 63 40 1 4 71 86 1 8 48 68 1 68 86 47 1 26 70 67 1 5 76 59 1 37 74 19 1 36 97 36 1 31 113 41 1 85 95 60 1 96 115 77 1 81 143 56 1 100 112 85 1 0 0 0 0 0 0 0 0 78 100 72 1 0 0 0 0 97 61 26 1 32 127 44 1 0 0 0 0 89 105 52 1 0 0 0 0 92 96 105 1 82 125 107 1 122 113 64 1 129 122 111 1 127 102 71 1 111 113 70 1 144 138 86 1 195 170 108 1 239 234 204 1 238 245 157 1 147 131 62 1 0 0 0 0 123 122 67 1 89 66 64 1
0 0 0 0 0 0 0 0 58 106 76 1 0 0 0 0 8 83 59 1 21 45 16 1 39 81 55 1 11 63 53 1 0 75 21 1 4 60 58 1 0 73 69 1 0 53 32 1 0 29 50 1 0 23 40 1 2 22 59 1 0 67 53 1 0 12 50 1 15 90 60 1 0 41 53 1 13 81 42 1 0 0 0 1 0 76 51 1 24 44 66 1 0 42 25 1 43 80 33 1 0 112 45 1 0 86 54 1 0 59 99 1 0 0 0 0 34 48 49 1 28 54 77 1 70 104 74 1 32 97 27 1 36 84 82 1 83 111 39 1 63 70 78 1 49 108 66 1 0 0 0 0 84 89 59 1 82 94 94 1 106 98 70 1 76 117 108 1 114 141 56 1 55 109 90 1 135 138 73 1 107 89 73 1 113 130 71 1 99 103 59 1 78 107 62 1 69 138 64 1 0 0 0 0 85 122 90 1 96 145 96 1 109 122 72 1 158 141 115 1 162 180 120 1 0 0 0 0 231 189 211 1 179 182 126 1 150 132 72 1 0 0 0 0 158 155 64 1 101 125 68 1 97 123 67 1
73 96 49 1 44 146 78 1 0 0 0 0 36 138 111 1 0 0 0 0 48 108 55 1 43 72 86 1 58 123 65 1 20 72 69 1 14 56 52 1 30 70 8 1 0 0 0 0 0 48 50 1 0 48 50 1 12 83 51 1 56 37 17 1 0 54 21 1 0 58 36 1 42 106 39 1 1 47 46 1 0 91 79 1 23 44 63 1 0 72 51 1 7 68 42 1 17 78 48 1 0 0 0 0 25 86 52 1 7 78 55 1 14 53 47 1 56 93 80 1 82 98 59 1 80 118 30 1 69 102 39 1 78 132 50 1 70 126 35 1 62 68 82 1 110 120 48 1 0 0 0 0 87 66 37 1 69 110 85 1 0 0 0 0 114 105 109 1 130 92 86 1 86 156 36 1 87 104 65 1 72 92 83 1 74 82 78 1 0 0 0 0 71 122 86 1 108 104 92 1 124 108 101 1 144 151 128 1 143 163 126 1 189 196 143 1 255 181 149 1 205 217 170 1 204 188 188 1 164 116 88 1 110 69 85 1 128 122 117 1 141 105 91 1 63 137 91 1 94 52 22 1 169 116 122 1
25 129 74 1 113 110 63 1 88 113 17 1 65 135 71 1 0 0 0 0 0 0 0 0 61 79 71 1 89 53 52 1 74 112 78 1 41 56 36 1 39 68 81 1 53 79 50 1 60 87 54 1 11 62 31 1 55 86 47 1 15 82 78 1 27 60 56 1 22 60 7 1 41 110 69 1 18 62 69 1 42 74 93 1 6 76 43 1 65 82 34 1 58 77 48 1 53 62 47 1 22 89 68 1 42 98 49 1 79 59 63 1 61 104 23 1 82 97 59 1 0 0 0 0 50 83 86 1 96 137 71 1 36 79 78 1 87 105 28 1 89 82 54 1 68 152 59 1 82 95 79 1 0 0 0 0 79 92 62 1 112 151 123 1 0 0 0 0 101 142 104 1 0 0 0 0 107 97 42 1 73 88 68 1 114 139 94 1 133 133 109 1 161 166 124 1 180 165 125 1 182 189 178 1 232 223 161 1 194 198 122 1 201 205 184 1 238 188 141 1 205 175 121 1 150 123 147 1 90 117 85 1 124 55 68 1 125 114 62 1 67 116 72 1 83 86 61 1 123 145 79 1 0 0 0 0
94 127 62 1 85 103 63 1 65 133 62 1 0 0 0 0 58 91 57 1 122 150 69 1 113 118 60 1 83 112 24 1 52 91 57 1 73 75 70 1 61 102 13 1 56 128 82 1 50 81 60 1 0 0 0 0 50 80 67 1 55 59 41 1 96 96 61 1 35 69 79 1 38 71 27 1 58 121 67 1 57 79 60 1 43 84 45 1 22 80 48 1 49 83 56 1 40 108 33 1 94 83 61 1 37 121 69 1 57 94 60 1 94 62 60 1 0 0 0 0 61 78 56 1 100 99 65 1 60 124 38 1 68 106 44 1 46 64 69 1 143 124 82 1 65 132 66 1 108 116 89 1 68 69 49 1 68 128 62 1 126 111 120 1 114 164 50 1 102 164 70 1 94 136 92 1 138 127 52 1 171 144 145 1 182 190 164 1 225 208 162 1 218 205 158 1 246 239 177 1 255 189 115 1 0 0 0 0 209 232 146 1 188 173 92 1 165 235 149 1 78 102 48 1 72 65 23 1 0 0 0 0 117 81 47 1 98 138 15 1 136 146 72 1 175 186 100 1 150 166 135 1 175 186 151 1
74 121 52 1 77 78 77 1 92 108 111 1 82 100 68 1 65 131 18 1 47 117 62 1 0 0 0 0 94 79 69 1 88 99 72 1 35 116 49 1 68 129 66 1 81 95 58 1 68 81 27 1 43 100 70 1 21 87 84 1 42 87 41 1 51 83 99 1 75 93 50 1 66 102 34 1 73 91 83 1 60 102 80 1 0 0 0 0 0 0 0 0 44 89 63 1 85 101 59 1 42 110 35 1 60 129 79 1 119 89 2 1 0 0 0 0 55 115 38 1 64 126 75 1 42 52 31 1 22 107 60 1 0 0 0 0 83 64 28 1 108 104 76 1 0 0 0 0 115 122 72 1 87 107 75 1 107 120 105 1 110 134 119 1 137 116 54 1 129 170 61 1 158 137 109 1 172 138 167 1 230 179 195 1 248 204 204 1 236 176 171 1 0 0 0 0 172 164 127 1 226 185 119 1 229 168 138 1 0 0 0 0 177 118 72 1 113 77 42 1 24 102 32 1 78 65 23 1 90 98 29 1 116 149 104 1 179 148 73 1 128 150 59 1 148 134 145 1 192 154 122 1 171 183 134 1
68 115 48 1 98 162 66 1 96 89 47 1 87 85 58 1 77 111 61 1 84 96 68 1 54 97 80 1 132 82 78 1 106 112 75 1 77 129 76 1 68 128 55 1 46 133 68 1 62 59 94 1 0 0 0 0 0 0 0 0 83 104 31 1 61 119 70 1 0 0 0 0 56 74 57 1 49 92 46 1 81 94 66 1 64 129 60 1 69 64 53 1 68 140 87 1 62 39 58 1 82 110 44 1 17 92 72 1 113 88 109 1 71 87 81 1 71 106 77 1 71 63 62 1 91 76 58 1 0 0 0 0 63 75 56 1 0 0 0 0 124 124 58 1 130 185 115 1 144 138 96 1 0 0 0 0 89 129 135 1 147 152 86 1 120 132 90 1 148 142 113 1 224 199 140 1 179 191 117 1 162 206 184 1 225 170 180 1 0 0 0 0 190 148 123 1 174 152 145 1 117 142 122 1 135 128 80 1 103 93 45 1 31 66 46 1 66 38 20 1 98 111 73 1 138 162 91 1 148 201 120 1 173 170 103 1 155 146 146 1 157 151 124 1 148 128 126 1 192 165 122 1 189 176 139 1
100 97 70 1 101 149 70 1 0 0 0 0 103 108 33 1 0 0 0 0 61 130 48 1 81 90 80 1 108 103 80 1 103 166 76 1 58 108 91 1 87 137 58 1 88 69 66 1 0 0 0 0 73 103 65 1 58 81 78 1 16 103 58 1 48 92 20 1 99 113 23 1 66 109 57 1 64 89 46 1 62 82 49 1 58 70 95 1 79 64 65 1 66 72 96 1 71 94 60 1 76 89 62 1 0 0 0 0 45 67 76 1 94 75 55 1 73 101 62 1 38 56 73 1 45 47 51 1 0 0 0 0 123 94 61 1 126 58 39 1 96 119 53 1 0 0 0 0 140 150 80 1 67 79 45 1 116 170 88 1 131 135 93 1 196 135 83 1 0 0 0 0 255 231 145 1 147 150 119 1 198 174 111 1 183 148 115 1 194 183 105 1 189 158 132 1 101 75 52 1 93 37 38 1 0 86 0 1 0 31 12 1 0 0 0 0 83 107 133 1 106 121 83 1 167 126 59 1 169 201 118 1 205 179 144 1 188 191 140 1 155 125 138 1 203 142 149 1 0 0 0 0 136 162 95 1
113 104 30 1 60 80 52 1 0 0 0 0 0 0 0 0 74 102 67 1 83 79 43 1 0 0 0 0 66 135 74 1 111 108 69 1 88 121 72 1 63 56 31 1 61 61 53 1 59 64 42 1 0 0 0 0 72 108 56 1 53 82 54 1 73 92 70 1 47 64 44 1 78 101 43 1 0 0 0 0 66 75 28 1 72 85 19 1 70 89 28 1 61 94 89 1 79 62 34 1 71 66 33 1 88 63 30 1 39 49 40 1 0 0 0 0 122 76 87 1 125 119 82 1 72 131 47 1 106 106 37 1 0 0 0 0 147 164 52 1 166 155 96 1 192 155 136 1 165 176 117 1 94 83 77 1 107 155 68 1 0 0 0 0 250 195 139 1 255 214 179 1 207 162 125 1 152 114 68 1 186 194 113 1 148 160 104 1 112 153 119 1 45 82 44 1 23 33 0 1 48 0 8 1 18 51 51 1 29 40 7 1 29 77 40 1 49 76 64 1 54 103 34 1 110 88 3 1 186 126 113 1 0 0 0 0 222 178 112 1 171 143 105 1 184 151 111 1 196 138 106 1 150 185 142 1
127 130 70 1 80 130 29 1 100 104 54 1 127 114 66 1 78 101 57 1 101 110 12 1 0 0 0 0 112 79 65 1 84 130 62 1 88 102 71 1 39 80 70 1 30 86 75 1 103 89 76 1 22 122 47 1 38 79 58 1 92 97 42 1 80 126 50 1 46 55 38 1 47 88 31 1 67 85 23 1 63 98 74 1 93 73 17 1 57 77 51 1 31 62 12 1 62 71 56 1 0 0 0 0 78 93 86 1 69 54 56 1 85 69 57 1 132 81 45 1 125 114 54 1 152 93 70 1 132 147 86 1 188 148 145 1 165 225 151 1 213 237 161 1 157 173 146 1 128 146 78 1 99 95 50 1 113 130 98 1 201 174 188 1 243 227 182 1 212 152 78 1 0 0 0 0 142 177 100 1 117 184 130 1 121 111 57 1 76 59 64 1 30 20 37 1 0 0 0 0 34 65 48 1 35 100 71 1 32 65 39 1 76 71 59 1 49 34 56 1 76 81 56 1 0 0 0 0 119 123 20 1 173 173 108 1 219 177 123 1 184 185 104 1 201 177 102 1 189 187 107 1 202 216 129 1
108 127 77 1 106 110 52 1 144 128 58 1 135 79 95 1 90 106 49 1 130 122 45 1 137 94 107 1 120 157 100 1 99 76 106 1 107 103 81 1 139 83 99 1 76 76 45 1 63 84 63 1 0 0 0 0 75 90 85 1 66 99 49 1 69 113 37 1 0 0 0 0 84 71 39 1 92 81 40 1 0 0 0 0 105 28 65 1 68 62 23 1 0 0 0 0 110 82 71 1 78 50 58 1 0 0 0 0 81 76 45 1 72 94 74 1 100 100 37 1 106 133 92 1 167 145 128 1 151 153 164 1 139 112 99 1 99 109 58 1 27 88 33 1 90 63 63 1 33 51 0 1 88 92 47 1 58 84 60 1 137 161 115 1 141 182 84 1 91 84 39 1 63 86 51 1 0 0 0 0 24 26 40 1 48 45 0 1 56 69 9 1 2 50 12 1 0 17 47 1 50 43 32 1 0 20 8 1 26 52 6 1 20 14 23 1 0 0 0 0 214 154 123 1 0 0 0 0 142 139 104 1 161 171 119 1 191 180 157 1 191 177 119 1 178 146 123 1 172 175 105 1 191 135 144 1
102 93 95 1 102 137 70 1 121 132 89 1 118 124 82 1 104 84 70 1 0 0 0 0 136 109 37 1 106 119 116 1 100 122 98 1 100 107 94 1 102 90 119 1 79 101 101 1 114 80 62 1 142 116 101 1 88 84 48 1 87 104 52 1 87 103 60 1 97 111 58 1 39 80 33 1 110 113 65 1 0 0 0 0 86 92 82 1 126 102 87 1 90 103 68 1 91 104 61 1 48 52 61 1 22 49 21 1 47 59 31 1 101 74 75 1 66 106 0 1 88 129 82 1 99 122 86 1 53 104 20 1 39 67 24 1 25 50 20 1 58 97 51 1 118 128 70 1 140 147 131 1 84 128 83 1 103 104 115 1 114 133 99 1 128 114 68 1 103 74 64 1 45 79 76 1 33 50 30 1 46 103 74 1 72 83 71 1 14 58 56 1 30 72 41 1 0 67 0 1 4 87 56 1 15 74 46 1 77 50 57 1 117 132 70 1 189 171 149 1 187 201 86 1 184 155 91 1 188 145 104 1 193 150 108 1 170 179 146 1 208 142 113 1 165 137 122 1 183 158 127 1 0 0 0 0
115 64 48 1 107 71 74 1 101 139 72 1 107 104 34 1 0 0 0 0 0 0 0 0 0 0 0 0 108 106 74 1 116 133 45 1 65 77 70 1 55 89 55 1 90 109 58 1 98 98 15 1 55 101 93 1 115 98 62 1 85 82 77 1 0 0 0 0 86 164 85 1 105 72 41 1 105 102 65 1 73 106 45 1 84 114 28 1 50 94 70 1 55 50 39 1 72 69 53 1 34 43 43 1 10 17 0 1 42 73 10 1 41 60 34 1 64 76 29 1 33 32 69 1 32 55 42 1 54 57 26 1 74 61 36 1 0 0 0 0 152 120 120 1 152 127 116 1 160 196 88 1 180 114 109 1 155 141 143 1 156 180 90 1 121 160 88 1 180 157 100 1 114 88 94 1 0 0 0 0 122 151 114 1 147 133 127 1 89 101 65 1 43 20 22 1 52 50 48 1 8 57 23 1 19 97 46 1 104 135 35 1 0 0 0 0 200 175 149 1 200 182 117 1 188 196 121 1 184 204 136 1 172 204 99 1 208 180 128 1 233 187 142 1 167 166 116 1 0 0 0 0 179 139 108 1
44 52 36 1 72 75 49 1 95 85 90 1 105 74 63 1 65 68 77 1 84 29 10 1 101 50 19 1 93 57 70 1 79 87 104 1 97 121 77 1 94 96 65 1 60 80 72 1 44 74 54 1 85 69 35 1 51 84 16 1 0 0 0 0 78 35 47 1 78 45 52 1 0 0 0 0 60 74 16 1 22 30 50 1 33 82 9 1 0 0 0 0 0 0 0 0 0 0 0 0 29 33 6 1 34 43 22 1 57 44 36 1 25 45 37 1 24 79 23 1 40 59 26 1 79 45 45 1 100 42 50 1 114 122 99 1 158 148 105 1 0 0 0 0 220 116 73 1 184 131 65 1 101 123 47 1 140 145 18 1 111 109 72 1 99 100 49 1 138 79 97 1 103 94 92 1 115 146 89 1 0 0 0 0 101 130 97 1 73 82 63 1 0 46 30 1 0 42 0 1 0 76 57 1 44 63 6 1 84 71 25 1 100 118 15 1 208 179 64 1 221 212 159 1 211 192 144 1 203 142 115 1 166 155 148 1 191 158 128 1 201 191 111 1 205 172 148 1 199 178 133 1 162 188 117 1
154 100 97 1 190 149 129 1 147 161 64 1 98 97 83 1 0 0 0 0 48 111 72 1 91 98 82 1 70 127 53 1 90 120 61 1 64 90 53 1 57 95 38 1 74 97 29 1 0 0 0 0 65 87 0 1 12 51 51 1 50 27 23 1 20 93 1 1 35 35 0 1 26 38 20 1 0 25 20 1 32 49 56 1 40 60 7 1 0 0 0 0 88 28 59 1 38 75 36 1 59 90 32 1 60 45 37 1 58 50 41 1 75 54 70 1 49 139 46 1 96 75 36 1 157 145 143 1 142 168 140 1 149 124 82 1 152 131 126 1 120 127 89 1 123 105 41 1 83 78 116 1 110 99 90 1 92 91 48 1 96 101 42 1 72 63 46 1 109 82 41 1 98 114 83 1 116 139 104 1 155 135 102 1 152 149 94 1 118 100 106 1 87 54 74 1 37 34 55 1 63 44 0 1 0 0 0 0 31 56 34 1 41 65 24 1 30 83 99 1 112 144 150 1 0 0 0 0 148 163 114 1 209 187 120 1 194 185 92 1 157 174 101 1 176 159 128 1 0 0 0 0 126 138 72 1
0 0 0 0 126 104 83 1 152 128 107 1 140 150 123 1 60 51 0 1 37 71 42 1 16 55 0 1 57 91 55 1 80 99 86 1 111 90 64 1 55 88 60 1 100 114 85 1 124 95 96 1 0 0 0 0 97 94 74 1 89 100 90 1 114 85 59 1 115 129 97 1 73 135 54 1 104 56 79 1 111 74 88 1 105 100 101 1 135 122 119 1 140 99 115 1 111 156 63 1 100 105 84 1 76 113 82 1 83 116 77 1 89 117 64 1 0 0 0 0 77 82 40 1 101 138 63 1 100 127 98 1 0 0 0 0 142 96 48 1 0 0 0 0 104 126 74 1 124 116 58 1 95 107 36 1 88 125 69 1 0 0 0 0 96 157 58 1 110 97 51 1 116 121 80 1 124 156 117 1 153 135 82 1 167 131 98 1 158 176 114 1 153 153 124 1 143 80 99 1 115 95 75 1 62 45 32 1 62 61 28 1 35 70 32 1 23 67 54 1 42 58 46 1 140 158 138 1 195 174 139 1 181 183 93 1 187 141 128 1 201 184 115 1 207 213 134 1 117 138 92 1 57 78 16 1
94 96 31 1 61 88 44 1 79 94 41 1 0 0 0 0 22 41 4 1 22 85 6 1 32 62 19 1 96 87 63 1 126 119 74 1 111 98 82 1 85 136 67 1 155 128 103 1 146 187 144 1 165 215 132 1 178 131 65 1 112 146 103 1 0 0 0 0 187 156 158 1 136 125 154 1 149 137 123 1 125 171 141 1 146 168 121 1 131 120 69 1 93 94 44 1 72 128 44 1 117 110 57 1 130 95 54 1 95 148 27 1 64 85 22 1 124 73 58 1 96 142 65 1 0 0 0 0 182 121 68 1 178 139 128 1 135 158 62 1 140 154 93 1 150 128 120 1 130 80 70 1 111 113 47 1 120 113 83 1 111 145 102 1 152 127 113 1 0 0 0 0 127 153 98 1 157 157 97 1 135 130 152 1 196 145 106 1 211 215 129 1 170 185 106 1 182 162 123 1 0 0 0 0 64 93 48 1 38 27 37 1 35 57 11 1 75 105 11 1 81 114 14 1 0 0 0 0 201 177 124 1 177 153 152 1 0 0 0 0 191 175 135 1 130 141 90 1 71 111 82 1 23 49 16 1
122 125 77 1 79 122 92 1 64 75 71 1 41 61 55 1 68 61 35 1 0 51 11 1 13 32 23 1 3 49 0 1 49 62 40 1 15 34 30 1 20 22 39 1 15 49 35 1 63 71 8 1 27 50 44 1 103 100 39 1 106 88 41 1 116 116 99 1 0 0 0 0 90 118 55 1 121 162 118 1 81 83 39 1 97 103 45 1 136 137 79 1 113 99 50 1 145 117 98 1 183 158 107 1 182 138 119 1 168 169 116 1 178 195 113 1 202 213 143 1 189 210 150 1 151 172 132 1 199 210 169 1 194 150 101 1 121 95 50 1 169 189 101 1 196 186 168 1 139 150 67 1 127 118 108 1 111 125 85 1 175 131 108 1 165 171 91 1 142 158 149 1 148 143 88 1 133 148 123 1 165 206 102 1 186 216 141 1 189 200 139 1 179 188 127 1 186 165 129 1 154 186 124 1 115 114 74 1 19 64 0 1 54 97 28 1 65 95 50 1 163 202 73 1 188 179 96 1 218 177 93 1 0 0 0 0 142 165 120 1 165 154 133 1 58 89 0 1 1 69 81 1 43 59 36 1
145 120 90 1 68 85 5 1 0 0 0 0 59 131 67 1 14 78 38 1 43 86 57 1 61 134 68 1 31 62 40 1 0 39 31 1 9 73 55 1 0 0 0 0 20 38 40 1 91 103 29 1 67 50 54 1 76 82 67 1 143 97 89 1 101 133 72 1 125 117 66 1 114 143 79 1 125 100 53 1 136 120 99 1 150 165 91 1 141 127 104 1 0 0 0 0 181 210 167 1 243 202 149 1 202 176 92 1 200 155 82 1 232 137 123 1 218 195 123 1 173 181 171 1 202 203 149 1 237 180 146 1 138 159 109 1 117 125 35 1 118 111 63 1 143 190 116 1 185 196 94 1 184 158 101 1 169 142 123 1 0 0 0 0 177 170 93 1 170 121 81 1 146 149 106 1 145 148 116 1 168 170 143 1 170 182 133 1 183 188 173 1 188 169 106 1 148 140 84 1 176 155 117 1 162 123 51 1 8 43 51 1 33 84 52 1 130 129 80 1 220 153 134 1 143 195 132 1 176 183 117 1 204 186 142 1 215 162 123 1 190 203 149 1 63 78 2 1 39 38 0 1 38 58 20 1
122 121 104 1 0 0 0 0 88 36 24 1 62 109 32 1 12 72 24 1 10 81 49 1 0 0 0 0 6 77 10 1 33 25 80 1 22 53 53 1 66 38 34 1 19 61 30 1 30 57 21 1 51 99 80 1 108 109 81 1 104 106 30 1 105 132 31 1 106 135 102 1 178 168 128 1 129 137 72 1 179 144 109 1 196 210 108 1 161 122 129 1 186 155 102 1 211 178 110 1 193 206 145 1 184 148 100 1 181 183 96 1 180 178 77 1 193 153 129 1 204 185 140 1 183 181 101 1 197 172 131 1 221 171 164 1 161 140 50 1 93 115 16 1 65 122 32 1 131 127 141 1 190 176 90 1 208 197 129 1 175 152 125 1 167 160 140 1 150 143 70 1 177 149 92 1 158 184 118 1 183 171 118 1 187 134 119 1 175 172 133 1 175 139 127 1 0 0 0 0 167 193 174 1 149 147 126 1 62 86 42 1 32 53 18 1 110 96 78 1 148 157 144 1 90 113 65 1 131 127 70 1 150 150 74 1 0 0 0 0 142 151 95 1 58 97 22 1 21 58 1 1 49 41 14 1
0 0 0 0 158 146 98 1 165 191 149 1 145 85 89 1 77 80 64 1 0 0 0 0 59 27 36 1 24 43 59 1 45 70 75 1 0 0 0 0 34 54 51 1 49 49 31 1 23 77 40 1 17 68 58 1 41 86 63 1 60 68 60 1 46 61 37 1 125 125 85 1 137 184 102 1 144 128 101 1 109 109 73 1 144 143 110 1 171 171 93 1 137 128 124 1 103 138 80 1 165 152 98 1 185 190 91 1 198 175 128 1 167 147 116 1 208 161 102 1 186 186 130 1 182 153 78 1 203 152 110 1 203 229 166 1 193 160 149 1 77 125 19 1 45 86 38 1 0 0 0 0 189 112 93 1 162 154 115 1 161 188 102 1 189 166 149 1 163 164 79 1 158 175 91 1 189 120 114 1 190 162 95 1 127 199 123 1 185 172 104 1 181 184 111 1 202 200 149 1 212 179 125 1 179 162 132 1 0 0 0 0 30 33 15 1 29 62 14 1 97 62 38 1 39 27 0 1 0 0 0 0 28 35 47 1 100 41 46 1 56 34 33 1 57 82 33 1 66 60 17 1 82 28 54 1
133 104 62 1 157 181 115 1 218 187 153 1 138 133 112 1 68 87 0 1 67 82 54 1 0 26 22 1 21 83 39 1 41 70 8 1 11 30 1 1 41 41 50 1 0 68 29 1 0 33 23 1 0 59 41 1 27 79 32 1 32 42 26 1 0 0 0 0 68 86 46 1 122 102 121 1 116 136 119 1 135 97 91 1 80 170 88 1 137 139 84 1 145 82 68 1 125 150 41 1 146 182 104 1 133 174 93 1 139 173 176 1 174 177 102 1 199 215 162 1 170 190 113 1 184 218 123 1 147 186 92 1 196 218 117 1 168 165 78 1 71 90 81 1 52 61 15 1 29 65 8 1 103 74 1 1 145 139 80 1 201 119 122 1 194 165 129 1 171 191 148 1 196 175 174 1 187 188 138 1 205 187 110 1 190 157 112 1 192 221 125 1 0 0 0 0 177 154 112 1 213 207 90 1 194 200 136 1 87 116 43 1 0 0 0 0 17 62 52 1 0 0 0 0 0 0 0 0 0 14 28 1 8 52 0 1 56 69 19 1 44 74 43 1 81 98 60 1 110 127 77 1 103 73 75 1
111 105 77 1 0 0 0 0 133 193 96 1 145 112 51 1 0 0 0 0 50 79 5 1 70 50 29 1 90 56 21 1 11 58 44 1 14 93 57 1 0 64 16 1 27 32 55 1 34 31 65 1 0 0 0 0 50 79 18 1 1 101 0 1 61 69 12 1 94 48 23 1 108 119 70 1 157 143 104 1 0 0 0 0 137 111 63 1 144 135 91 1 112 105 51 1 135 145 89 1 148 141 108 1 203 150 103 1 222 173 104 1 178 196 94 1 217 196 117 1 193 171 131 1 211 184 149 1 200 179 184 1 255 195 153 1 184 162 168 1 67 69 36 1 45 53 28 1 0 0 0 0 135 118 29 1 179 103 55 1 0 0 0 0 166 120 108 1 101 145 61 1 110 119 80 1 216 161 138 1 189 177 153 1 207 213 157 1 222 221 135 1 153 150 91 1 0 0 0 0 190 220 131 1 165 156 124 1 97 104 48 1 38 22 8 1 13 72 44 1 0 0 0 0 67 69 26 1 34 22 69 1 0 0 0 0 32 0 10 1 37 60 61 1 150 138 131 1 184 231 150 1 156 165 65 1
88 103 78 1 109 165 58 1 0 0 0 0 0 0 0 0 124 87 76 1 79 79 27 1 71 55 19 1 48 41 44 1 0 0 0 0 8 48 40 1 23 93 43 1 0 69 46 1 1 92 22 1 0 0 0 0 67 47 29 1 65 87 35 1 39 107 0 1 80 74 76 1 128 145 127 1 199 154 127 1 213 179 118 1 236 115 111 1 0 0 0 0 189 168 105 1 189 167 110 1 135 110 108 1 142 104 84 1 170 179 168 1 196 202 132 1 191 164 131 1 151 134 104 1 181 179 137 1 180 158 134 1 185 178 116 1 113 109 65 1 43 83 56 1 0 0 0 0 0 0 0 0 130 115 65 1 149 137 111 1 135 140 89 1 74 104 58 1 67 83 35 1 89 110 55 1 0 0 0 0 213 186 129 1 150 192 105 1 80 96 0 1 55 85 0 1 123 89 41 1 193 148 153 1 196 220 140 1 81 101 61 1 0 0 0 0 0 29 35 1 0 0 0 0 52 88 52 1 41 88 0 1 0 31 40 1 44 61 41 1 67 74 66 1 42 121 43 1 92 90 40 1 0 0 0 0
106 94 59 1 108 54 75 1 120 74 49 1 128 102 61 1 95 57 64 1 93 62 99 1 65 87 46 1 25 83 33 1 27 84 15 1 13 0 15 1 20 94 0 1 47 80 49 1 27 34 11 1 0 93 26 1 71 43 43 1 101 53 28 1 0 0 0 0 112 74 42 1 186 145 129 1 224 148 159 1 193 170 108 1 226 153 108 1 221 197 129 1 206 223 108 1 182 210 118 1 184 171 77 1 0 0 0 0 0 0 0 0 0 0 0 0 152 129 95 1 161 109 42 1 143 139 104 1 125 115 79 1 104 61 47 1 57 69 23 1 75 52 32 1 99 90 76 1 100 84 38 1 145 124 56 1 151 167 88 1 88 93 61 1 93 39 36 1 0 0 0 0 101 109 91 1 198 165 132 1 166 194 114 1 118 85 63 1 43 40 0 1 28 39 31 1 50 69 44 1 106 149 58 1 152 143 101 1 82 82 66 1 31 77 31 1 12 22 0 1 86 102 57 1 144 149 108 1 127 116 69 1 63 88 17 1 0 0 0 0 10 34 30 1 27 50 2 1 21 55 11 1 64 69 14 1
142 151 80 1 114 88 95 1 0 0 0 0 108 120 44 1 134 135 111 1 138 153 127 1 138 108 60 1 58 96 49 1 38 63 22 1 55 81 66 1 44 62 44 1 55 57 44 1 0 0 0 0 74 59 42 1 0 0 0 0 0 0 0 0 71 42 38 1 76 71 67 1 134 93 84 1 170 201 126 1 214 175 107 1 0 0 0 0 237 197 133 1 212 211 118 1 188 201 136 1 222 177 135 1 208 182 127 1 0 0 0 0 143 92 106 1 147 102 58 1 0 0 0 0 120 123 146 1 134 123 87 1 124 129 29 1 67 58 49 1 79 66 59 1 180 209 118 1 166 147 99 1 32 68 27 1 72 71 23 1 31 37 39 1 47 69 35 1 19 42 37 1 80 76 76 1 89 40 17 1 67 54 70 1 26 60 26 1 108 115 76 1 151 96 112 1 61 80 1 1 78 20 17 1 18 34 13 1 42 5 0 1 107 120 115 1 91 130 78 1 82 115 58 1 202 186 144 1 220 163 141 1 146 156 107 1 173 82 85 1 29 70 37 1 20 54 45 1 26 40 73 1 74 39 16 1
140 93 29 1 0 0 0 0 140 143 68 1 0 0 0 0 92 139 117 1 157 66 94 1 112 96 75 1 150 107 72 1 169 149 117 1 119 132 72 1 124 132 106 1 80 111 58 1 54 81 59 1 12 51 39 1 79 72 40 1 9 43 51 1 13 103 40 1 50 19 53 1 47 65 19 1 91 80 91 1 161 132 78 1 132 161 126 1 187 149 124 1 157 208 105 1 213 145 150 1 160 214 185 1 143 143 93 1 82 70 44 1 69 76 51 1 115 111 103 1 119 105 128 1 163 162 96 1 124 55 42 1 77 77 15 1 35 64 23 1 86 93 39 1 168 150 108 1 133 91 47 1 13 47 19 1 83 55 77 1 23 60 6 1 61 21 0 1 22 84 0 1 20 71 24 1 24 15 0 1 32 58 40 1 89 127 116 1 178 176 158 1 128 124 144 1 53 41 26 1 19 36 17 1 56 43 6 1 80 115 53 1 198 188 144 1 190 167 135 1 126 82 11 1 166 163 98 1 232 181 163 1 0 0 0 0 186 199 117 1 0 0 0 0 37 69 17 1 55 61 53 1 37 77 44 1
178 125 87 1 196 119 57 1 140 124 88 1 173 148 109 1 133 180 97 1 179 133 87 1 166 137 112 1 170 148 137 1 126 161 79 1 129 157 52 1 107 77 66 1 122 74 94 1 135 114 66 1 83 115 41 1 24 74 55 1 16 70 34 1 0 0 0 0 43 61 14 1 6 76 0 1 23 64 0 1 65 83 28 1 82 83 20 1 75 81 29 1 101 87 31 1 189 186 152 1 222 167 137 1 124 122 27 1 0 0 0 0 143 98 61 1 0 0 0 0 195 203 162 1 119 148 110 1 68 68 41 1 0 0 0 0 47 75 14 1 124 119 71 1 171 163 103 1 74 85 0 1 10 28 58 1 30 55 54 1 43 57 5 1 108 92 52 1 102 81 114 1 0 0 0 0 49 42 52 1 105 109 75 1 181 208 159 1 198 196 115 1 112 143 84 1 69 47 69 1 85 102 2 1 118 96 66 1 143 175 85 1 214 202 142 1 187 167 117 1 188 142 65 1 172 138 97 1 181 211 110 1 189 170 130 1 197 178 138 1 0 0 0 0 63 78 56 1 40 56 53 1 56 85 5 1
206 189 107 1 162 154 98 1 141 126 77 1 181 156 40 1 189 138 71 1 0 0 0 0 138 101 87 1 0 0 0 0 106 167 93 1 182 185 80 1 122 118 94 1 66 110 52 1 53 105 10 1 98 75 34 1 38 45 47 1 45 71 34 1 21 47 87 1 40 73 0 1 62 75 58 1 20 66 36 1 34 32 0 1 92 87 37 1 78 74 49 1 148 133 63 1 204 232 135 1 197 194 134 1 145 132 69 1 136 125 62 1 203 145 80 1 179 161 131 1 208 242 87 1 149 140 117 1 143 154 56 1 39 60 33 1 31 146 15 1 102 139 98 1 0 0 0 0 115 123 46 1 0 0 0 0 5 39 12 1 45 42 25 1 128 128 114 1 0 0 0 0 82 81 77 1 68 61 24 1 0 0 0 0 178 207 206 1 153 159 61 1 62 139 71 1 212 212 108 1 0 0 0 0 214 197 128 1 219 172 116 1 209 181 124 1 201 195 98 1 237 170 98 1 219 184 131 1 195 183 83 1 182 187 135 1 0 0 0 0 191 183 109 1 171 165 88 1 194 153 68 1 148 146 88 1
239 161 123 1 0 0 0 0 138 166 80 1 186 162 120 1 97 193 97 1 0 0 0 0 145 83 79 1 0 0 0 0 170 159 126 1 233 213 168 1 178 192 122 1 120 71 82 1 65 46 38 1 43 64 0 1 0 0 0 0 0 103 67 1 52 82 0 1 34 73 13 1 57 46 6 1 98 94 67 1 126 86 70 1 119 100 85 1 176 173 119 1 255 210 133 1 199 188 122 1 196 217 202 1 241 198 152 1 204 201 158 1 174 147 96 1 188 174 122 1 195 199 121 1 199 183 125 1 163 191 98 1 84 71 25 1 40 75 7 1 76 106 52 1 0 0 0 0 159 129 69 1 14 55 66 1 31 68 33 1 37 41 21 1 88 42 26 1 73 95 76 1 77 83 47 1 0 0 0 0 123 169 110 1 200 136 137 1 159 167 36 1 122 81 37 1 206 214 162 1 170 169 115 1 221 198 159 1 224 186 105 1 228 184 124 1 220 214 121 1 209 189 153 1 199 214 199 1 192 184 86 1 166 150 90 1 170 130 109 1 228 167 103 1 196 167 113 1 242 178 107 1 220 230 121 1
220 152 128 1 242 210 94 1 221 189 116 1 238 184 149 1 186 159 147 1 0 0 0 0 106 107 71 1 145 113 64 1 163 142 59 1 162 177 150 1 83 115 69 1 25 89 0 1 61 38 16 1 0 0 0 0 47 87 72 1 2 43 25 1 30 91 38 1 56 43 21 1 0 0 0 0 131 160 118 1 255 207 121 1 215 186 159 1 234 207 141 1 246 254 147 1 239 183 124 1 215 185 151 1 208 221 182 1 162 147 83 1 141 157 94 1 172 175 119 1 187 186 81 1 205 156 141 1 209 154 148 1 50 73 40 1 61 27 0 1 1 86 61 1 9 102 32 1 55 152 46 1 64 101 53 1 20 44 34 1 24 50 57 1 34 60 20 1 42 41 27 1 44 56 31 1 28 24 27 1 119 165 80 1 197 182 128 1 0 0 0 0 71 108 3 1 204 177 128 1 192 201 136 1 0 0 0 0 185 156 122 1 208 195 122 1 255 199 69 1 221 172 88 1 206 223 84 1 207 177 122 1 186 132 92 1 197 165 101 1 172 150 128 1 197 198 108 1 200 173 105 1 255 188 125 1
0 0 0 0 0 0 0 0 251 207 172 1 0 0 0 0 118 127 47 1 74 57 26 1 82 101 61 1 86 109 55 1 102 64 70 1 72 53 40 1 106 58 7 1 74 64 50 1 15 55 9 1 40 51 58 1 32 62 26 1 78 63 8 1 63 80 28 1 123 78 70 1 210 240 177 1 240 214 194 1 214 213 146 1 225 215 104 1 235 209 142 1 215 175 169 1 221 211 99 1 200 173 75 1 0 0 0 0 176 143 89 1 154 139 71 1 191 168 133 1 142 130 102 1 108 107 56 1 0 0 0 0 92 30 39 1 30 55 19 1 31 43 53 1 0 27 0 1 51 96 44 1 35 63 33 1 37 66 32 1 105 103 70 1 151 139 118 1 82 48 78 1 35 64 37 1 26 75 66 1 0 0 0 0 163 181 114 1 124 105 57 1 81 32 1 1 169 148 107 1 191 152 104 1 180 191 143 1 226 125 123 1 149 149 37 1 203 158 98 1 219 173 97 1 198 185 161 1 216 159 165 1 228 169 128 1 223 206 104 1 205 180 98 1 228 172 110 1 185 183 126 1 0 0 0 0
151 103 97 1 240 228 170 1 254 251 151 1 115 137 78 1 80 111 25 1 66 63 42 1 54 84 57 1 77 49 55 1 88 36 63 1 50 62 63 1 59 53 27 1 29 66 21 1 139 60 82 1 102 104 102 1 139 132 101 1 154 144 111 1 159 164 65 1 223 241 172 1 183 213 136 1 191 213 154 1 238 245 143 1 255 228 158 1 187 153 113 1 213 195 122 1 188 175 133 1 198 211 106 1 206 163 124 1 233 176 137 1 187 201 103 1 150 146 128 1 79 88 85 1 76 72 43 1 42 60 40 1 77 46 46 1 40 37 44 1 2 82 27 1 29 73 42 1 28 51 28 1 0 0 0 0 18 46 47 1 97 43 31 1 143 133 124 1 123 129 110 1 70 41 29 1 38 47 0 1 79 71 68 1 0 0 0 0 145 153 76 1 126 162 84 1 0 0 0 0 207 163 104 1 197 195 109 1 217 170 115 1 220 172 76 1 255 157 142 1 244 173 112 1 253 204 125 1 216 198 143 1 242 181 121 1 225 181 164 1 241 201 93 1 214 186 147 1 194 181 120 1 0 0 0 0
0 0 0 0 195 222 122 1 181 212 178 1 112 80 53 1 59 77 3 1 40 96 40 1 85 73 41 1 68 63 70 1 84 72 8 1 50 79 25 1 49 76 46 1 88 137 82 1 193 166 117 1 181 245 197 1 213 185 140 1 255 199 154 1 194 223 153 1 248 246 182 1 237 255 167 1 198 159 108 1 181 135 47 1 191 129 97 1 214 194 118 1 255 207 141 1 207 152 110 1 209 177 140 1 184 140 113 1 162 143 128 1 211 154 77 1 156 146 86 1 50 56 14 1 16 32 36 1 101 133 54 1 69 119 45 1 0 0 0 0 22 60 33 1 33 63 14 1 34 46 4 1 6 41 76 1 123 101 59 1 19 49 33 1 0 0 0 0 172 156 142 1 82 77 49 1 81 70 28 1 222 174 123 1 0 0 0 0 198 202 92 1 187 169 104 1 201 138 108 1 226 182 114 1 213 193 147 1 218 212 149 1 227 202 110 1 255 191 142 1 209 231 128 1 219 191 123 1 237 193 172 1 234 203 129 1 226 178 113 1 191 187 107 1 216 224 112 1 229 115 111 1 215 226 136 1
127 120 32 1 103 93 58 1 48 61 59 1 56 62 12 1 52 80 40 1 83 113 66 1 77 61 0 1 124 131 95 1 109 140 73 1 133 152 90 1 0 0 0 0 201 239 155 1 208 231 148 1 237 211 125 1 243 162 143 1 229 182 162 1 227 230 129 1 219 161 142 1 252 183 159 1 190 110 90 1 95 67 33 1 144 139 73 1 0 0 0 0 160 176 94 1 144 115 70 1 199 170 126 1 196 149 145 1 177 141 114 1 161 135 101 1 141 154 55 1 39 58 65 1 0 51 15 1 0 0 0 0 72 89 58 1 80 82 46 1 0 0 0 0 64 82 29 1 16 22 22 1 0 0 0 0 106 134 114 1 101 85 77 1 69 87 10 1 79 53 18 1 120 103 29 1 125 136 101 1 222 230 116 1 240 186 166 1 252 184 85 1 227 161 125 1 0 0 0 0 224 240 151 1 216 171 117 1 121 142 71 1 201 167 146 1 221 165 83 1 206 181 73 1 0 0 0 0 237 177 107 1 225 173 139 1 203 170 86 1 199 126 107 1 0 0 0 0 168 173 102 1 253 210 155 1
120 161 138 1 88 82 63 1 106 70 4 1 76 125 39 1 145 142 74 1 164 170 103 1 123 125 24 1 218 171 113 1 206 219 119 1 0 0 0 0 255 199 132 1 255 239 111 1 199 200 99 1 195 151 120 1 205 157 134 1 215 119 149 1 220 165 117 1 134 142 92 1 152 158 140 1 145 133 60 1 137 114 79 1 137 162 108 1 216 201 161 1 119 128 54 1 78 73 0 1 85 112 65 1 131 110 108 1 144 198 125 1 151 135 122 1 120 91 89 1 27 22 25 1 33 37 43 1 46 72 25 1 0 0 0 0 88 81 89 1 91 57 33 1 170 106 85 1 133 90 77 1 140 134 101 1 225 189 117 1 207 184 139 1 0 0 0 0 156 162 82 1 189 142 108 1 179 157 135 1 219 222 82 1 170 182 124 1 206 159 130 1 197 214 94 1 183 213 162 1 214 179 140 1 144 141 40 1 117 91 36 1 169 160 71 1 122 108 76 1 156 103 52 1 154 138 77 1 204 167 73 1 197 246 139 1 200 190 136 1 151 126 69 1 153 138 94 1 164 88 54 1 209 162 110 1
0 0 0 0 179 196 113 1 220 160 151 1 239 201 186 1 216 229 110 1 216 176 120 1 188 171 110 1 182 181 124 1 162 185 135 1 201 186 94 1 196 197 108 1 246 191 120 1 194 187 95 1 205 153 75 1 166 166 102 1 163 126 94 1 121 70 63 1 123 128 61 1 140 150 102 1 0 0 0 0 0 0 0 0 0 0 0 0 154 150 150 1 90 123 36 1 0 0 0 0 84 73 69 1 74 68 31 1 148 120 65 1 126 111 54 1 89 131 33 1 95 73 59 1 49 15 13 1 0 0 0 0 55 84 58 1 119 76 58 1 106 147 34 1 0 0 0 0 147 198 129 1 154 151 99 1 154 142 152 1 179 207 125 1 173 195 139 1 212 214 173 1 214 216 125 1 213 205 138 1 216 146 118 1 202 214 164 1 209 209 149 1 175 146 53 1 217 195 155 1 143 164 121 1 0 0 0 0 88 83 40 1 99 98 36 1 88 70 17 1 101 119 39 1 118 135 65 1 153 150 60 1 187 138 126 1 176 144 113 1 0 0 0 0 135 68 59 1 134 93 23 1 169 152 119 1
174 205 111 1 206 134 131 1 170 146 113 1 184 160 101 1 221 172 139 1 234 177 105 1 218 136 165 1 223 171 142 1 216 155 89 1 171 103 117 1 161 123 90 1 196 132 93 1 151 147 89 1 141 130 48 1 129 142 77 1 159 155 88 1 167 142 104 1 181 229 134 1 174 199 95 1 175 190 109 1 173 161 78 1 84 82 6 1 76 48 3 1 51 66 21 1 102 121 126 1 212 197 104 1 0 0 0 0 66 59 22 1 128 102 38 1 154 152 66 1 132 156 94 1 67 65 64 1 0 0 0 0 90 130 69 1 82 108 36 1 149 104 58 1 167 209 79 1 230 200 148 1 198 157 151 1 150 138 73 1 182 177 119 1 219 183 115 1 0 0 0 0 172 170 106 1 224 159 142 1 163 185 117 1 230 177 133 1 211 223 117 1 181 165 77 1 248 214 138 1 186 148 97 1 105 86 70 1 91 90 36 1 59 107 57 1 114 112 33 1 98 140 79 1 136 76 89 1 135 111 58 1 149 91 59 1 114 129 50 1 127 85 39 1 130 88 70 1 118 98 63 1 0 0 0 0
232 183 93 1 207 134 121 1 165 130 92 1 182 121 68 1 0 0 0 0 199 194 111 1 212 150 112 1 145 125 91 1 216 169 64 1 0 0 0 0 129 102 30 1 122 120 70 1 127 104 117 1 126 98 56 1 102 119 51 1 144 175 59 1 226 153 61 1 194 188 99 1 170 132 117 1 136 152 73 1 215 201 140 1 152 79 49 1 78 117 19 1 148 131 106 1 194 196 159 1 184 233 102 1 188 185 141 1 58 66 0 1 133 108 66 1 185 192 181 1 225 206 134 1 124 142 48 1 44 99 35 1 38 74 11 1 47 136 88 1 119 116 92 1 0 0 0 0 168 131 108 1 183 204 113 1 239 205 120 1 202 182 120 1 188 159 107 1 199 172 113 1 170 177 86 1 173 151 102 1 213 168 124 1 237 221 112 1 251 179 140 1 246 192 134 1 185 141 73 1 116 110 29 1 100 75 50 1 66 113 61 1 80 104 46 1 0 0 0 0 114 130 66 1 122 110 96 1 0 0 0 0 113 110 114 1 150 108 73 1 136 111 67 1 173 129 58 1 77 49 40 1 85 135 53 1
202 136 90 1 222 179 108 1 215 214 133 1 174 192 128 1 255 202 142 1 228 177 124 1 157 139 84 1 147 147 57 1 0 0 0 0 187 174 108 1 126 88 73 1 118 87 86 1 126 146 62 1 87 84 56 1 143 77 63 1 0 0 0 0 207 174 125 1 227 223 88 1 223 91 73 1 156 152 67 1 113 112 80 1 107 89 22 1 150 183 128 1 205 165 146 1 207 240 116 1 208 179 95 1 157 158 109 1 133 99 36 1 171 121 91 1 201 185 136 1 177 197 96 1 166 185 172 1 130 116 98 1 3 61 43 1 60 107 46 1 27 40 20 1 4 74 8 1 107 91 88 1 167 141 136 1 193 200 113 1 255 222 85 1 199 185 126 1 184 184 115 1 228 146 108 1 237 167 127 1 240 229 145 1 230 218 100 1 217 201 185 1 190 192 100 1 170 171 105 1 174 144 69 1 157 70 62 1 63 66 57 1 73 102 81 1 108 110 26 1 119 89 79 1 144 99 64 1 166 107 72 1 135 82 77 1 99 106 62 1 106 120 80 1 113 121 61 1 128 110 62 1 118 81 55 1
111 106 8 1 179 151 99 1 193 194 132 1 0 0 0 0 0 0 0 0 219 147 113 1 194 230 135 1 0 0 0 0 162 137 72 1 188 112 76 1 95 82 0 1 73 107 37 1 114 137 71 1 151 130 87 1 160 87 72 1 177 157 95 1 223 209 131 1 220 204 131 1 171 157 75 1 174 170 125 1 147 109 44 1 191 134 65 1 234 188 114 1 197 194 132 1 230 190 134 1 0 0 0 0 142 140 33 1 114 145 62 1 223 194 146 1 204 148 111 1 187 184 96 1 185 195 155 1 89 110 56 1 47 59 0 1 0 75 37 1 71 86 34 1 77 69 9 1 0 0 0 0 120 118 91 1 167 171 111 1 229 193 103 1 248 201 182 1 209 162 116 1 230 159 93 1 250 186 100 1 216 182 71 1 239 175 135 1 154 128 84 1 112 102 50 1 164 114 76 1 98 104 61 1 104 88 29 1 0 0 0 0 113 118 89 1 63 116 83 1 102 65 62 1 108 71 85 1 73 122 36 1 146 97 56 1 83 96 34 1 121 117 36 1 123 108 85 1 133 164 43 1 145 124 73 1
96 103 78 1 137 130 90 1 0 0 0 0 217 216 107 1 221 181 126 1 172 155 75 1 213 201 133 1 0 0 0 0 120 109 67 1 184 159 59 1 145 110 12 1 178 132 75 1 201 117 91 1 182 104 91 1 92 59 100 1 185 161 72 1 233 169 131 1 205 200 126 1 190 181 107 1 190 133 131 1 163 135 70 1 193 117 102 1 191 147 95 1 177 207 141 1 226 181 141 1 174 136 70 1 0 0 0 0 0 0 0 0 228 197 132 1 209 171 105 1 216 163 122 1 209 181 134 1 105 70 77 1 24 45 7 1 40 41 29 1 59 98 46 1 82 70 49 1 31 107 83 1 92 22 61 1 80 69 46 1 141 185 79 1 217 237 170 1 234 198 144 1 188 195 104 1 243 199 138 1 255 208 119 1 171 152 113 1 135 107 77 1 121 87 37 1 102 143 51 1 148 136 60 1 100 96 45 1 100 122 58 1 84 98 35 1 95 119 68 1 92 80 48 1 86 100 88 1 127 107 53 1 120 97 71 1 119 88 29 1 103 131 56 1 78 99 65 1 116 116 35 1 114 100 75 1
88 81 65 1 124 99 67 1 150 115 95 1 0 0 0 0 215 226 110 1 190 142 75 1 255 168 112 1 193 185 116 1 193 102 66 1 0 0 0 0 235 188 66 1 195 180 102 1 0 0 0 0 148 128 72 1 131 113 25 1 174 124 59 1 211 192 114 1 159 167 85 1 219 160 116 1 156 104 74 1 132 155 94 1 152 149 179 1 198 199 92 1 149 193 105 1 244 187 113 1 255 188 151 1 247 199 123 1 219 158 134 1 187 157 137 1 173 232 123 1 229 175 141 1 163 146 80 1 80 90 57 1 70 72 17 1 78 59 41 1 0 0 0 0 93 99 79 1 65 33 32 1 108 59 61 1 161 127 95 1 0 0 0 0 232 199 140 1 215 146 158 1 185 128 115 1 0 0 0 0 241 213 104 1 134 136 76 1 126 133 98 1 88 73 3 1 95 130 73 1 100 116 83 1 83 137 66 1 111 104 34 1 0 0 0 0 59 92 45 1 78 80 60 1 126 79 22 1 96 117 70 1 103 75 76 1 93 116 33 1 140 96 77 1 99 96 66 1 123 97 41 1 80 96 83 1
63 88 62 1 70 78 62 1 0 0 0 0 154 134 72 1 210 147 125 1 204 183 120 1 166 136 89 1 182 118 103 1 181 135 59 1 203 145 124 1 200 173 147 1 188 165 101 1 202 160 132 1 143 102 75 1 168 130 68 1 206 147 93 1 189 175 86 1 183 153 73 1 134 179 72 1 184 129 79 1 200 147 137 1 214 153 99 1 176 164 86 1 177 144 86 1 0 0 0 0 0 0 0 0 227 221 96 1 0 0 0 0 155 175 110 1 205 153 108 1 193 174 97 1 97 109 52 1 96 71 25 1 122 103 75 1 196 165 123 1 207 189 104 1 147 105 104 1 112 90 40 1 174 190 125 1 230 196 101 1 194 208 120 1 236 187 141 1 217 192 117 1 165 99 98 1 0 0 0 0 175 174 113 1 107 94 58 1 74 38 39 1 38 74 90 1 106 64 23 1 122 101 55 1 104 81 90 1 82 119 32 1 100 116 75 1 55 137 115 1 75 96 46 1 109 54 17 1 58 94 7 1 72 89 56 1 94 93 26 1 103 81 28 1 93 95 18 1 105 102 56 1 123 119 59 1
101 78 68 1 114 92 74 1 116 142 60 1 106 83 21 1 178 118 64 1 236 192 130 1 0 0 0 0 139 116 113 1 98 76 40 1 150 104 56 1 0 0 0 0 234 171 95 1 218 171 146 1 190 149 87 1 221 147 79 1 220 137 117 1 164 147 54 1 151 141 97 1 169 176 105 1 155 157 74 1 189 149 86 1 150 174 97 1 195 167 135 1 221 175 61 1 235 154 118 1 233 158 162 1 191 152 134 1 183 126 121 1 187 135 118 1 168 196 126 1 154 126 117 1 151 119 65 1 0 0 0 0 204 198 155 1 190 170 124 1 0 0 0 0 164 169 102 1 128 84 77 1 224 159 124 1 255 255 132 1 0 0 0 0 0 0 0 0 167 138 113 1 153 160 100 1 173 201 118 1 102 115 41 1 63 127 65 1 63 75 57 1 72 96 17 1 104 110 70 1 0 0 0 0 133 94 49 1 81 98 45 1 83 103 44 1 91 103 62 1 80 97 39 1 88 91 109 1 55 93 56 1 58 87 32 1 76 103 41 1 61 81 45 1 100 66 68 1 0 0 0 0 128 136 79 1
110 93 64 1 131 120 85 1 126 108 79 1 101 86 32 1 98 96 66 1 206 146 127 1 189 146 125 1 136 126 62 1 148 116 73 1 120 120 38 1 132 107 17 1 168 136 105 1 205 161 112 1 204 165 141 1 179 195 79 1 214 210 132 1 127 169 65 1 140 106 64 1 219 185 97 1 178 155 95 1 177 176 69 1 148 144 76 1 219 196 149 1 223 195 140 1 255 208 149 1 254 221 156 1 210 208 144 1 204 236 116 1 253 227 111 1 0 0 0 0 225 174 139 1 194 174 50 1 219 179 139 1 191 190 97 1 211 162 90 1 180 145 129 1 208 161 69 1 189 144 84 1 158 148 78 1 254 219 124 1 233 227 68 1 186 157 66 1 129 130 19 1 98 71 65 1 108 110 97 1 114 98 57 1 83 96 69 1 144 111 43 1 82 114 88 1 75 97 52 1 85 130 31 1 82 110 29 1 86 114 65 1 107 111 59 1 122 116 63 1 112 64 40 1 123 119 64 1 77 85 68 1 92 104 54 1 63 71 58 1 83 111 8 1 100 112 20 1 100 105 64 1 88 110 81 1
96 83 57 1 0 0 0 0 103 87 73 1 103 105 56 1 119 60 20 1 141 107 67 1 129 106 89 1 86 138 52 1 0 0 0 0 59 93 62 1 105 95 79 1 76 131 45 1 124 105 86 1 176 105 79 1 159 147 90 1 161 140 72 1 159 157 135 1 177 141 92 1 152 146 82 1 176 136 97 1 217 167 113 1 0 0 0 0 167 128 99 1 184 132 96 1 179 121 134 1 0 0 0 0 218 204 141 1 242 154 122 1 241 204 115 1 207 185 148 1 234 194 144 1 191 205 102 1 191 167 53 1 217 163 87 1 230 192 102 1 0 0 0 0 219 117 105 1 209 107 89 1 0 0 0 0 244 233 133 1 169 169 157 1 149 103 57 1 121 76 36 1 0 0 0 0 31 89 7 1 78 118 63 1 87 86 93 1 92 146 70 1 83 93 71 1 76 62 52 1 90 88 43 1 129 109 37 1 89 102 78 1 102 110 86 1 75 95 78 1 84 110 84 1 104 103 58 1 66 84 59 1 82 73 52 1 71 84 74 1 70 122 61 1 75 91 98 1 103 80 58 1 90 95 42 1
62 67 87 1 92 83 51 1 108 104 36 1 102 127 54 1 97 79 45 1 106 112 52 1 125 129 74 1 81 101 55 1 60 85 36 1 0 0 0 0 95 97 61 1 85 121 33 1 83 80 62 1 118 127 76 1 146 102 70 1 138 121 62 1 165 107 97 1 205 159 81 1 216 163 87 1 177 156 101 1 174 168 96 1 170 151 137 1 107 100 34 1 110 66 65 1 129 125 79 1 193 152 79 1 168 117 81 1 150 88 71 1 181 175 70 1 125 127 37 1 169 158 118 1 0 0 0 0 220 202 116 1 220 183 96 1 200 169 57 1 190 154 121 1 224 130 64 1 200 146 98 1 229 212 124 1 230 233 176 1 206 146 107 1 143 123 40 1 141 97 26 1 116 136 77 1 87 86 66 1 49 32 54 1 0 0 0 0 104 124 44 1 124 154 77 1 108 72 80 1 123 109 58 1 0 0 0 0 93 121 48 1 71 142 70 1 138 111 62 1 90 106 74 1 72 125 22 1 111 97 52 1 106 101 39 1 0 0 0 0 0 0 0 0 112 108 22 1 0 0 0 0 92 70 68 1
71 50 65 1 79 97 70 1 0 0 0 0 95 81 41 1 0 0 0 0 102 81 35 1 55 49 97 1 52 81 74 1 91 75 56 1 73 92 15 1 51 49 60 1 87 83 42 1 82 122 56 1 90 134 80 1 119 77 47 1 130 104 62 1 134 128 66 1 162 97 96 1 213 126 102 1 163 138 130 1 128 127 51 1 105 112 104 1 134 108 85 1 187 97 86 1 130 104 50 1 160 119 73 1 129 129 45 1 120 107 45 1 114 144 86 1 0 0 0 0 157 71 71 1 213 176 62 1 220 186 91 1 237 213 141 1 246 215 98 1 173 186 52 1 177 148 110 1 194 159 78 1 0 0 0 0 222 166 100 1 218 223 112 1 151 129 82 1 164 77 42 1 139 118 47 1 50 81 48 1 0 37 59 1 81 95 11 1 75 106 75 1 111 137 78 1 119 83 37 1 115 88 46 1 51 116 62 1 97 74 5 1 96 84 32 1 72 88 0 1 94 94 28 1 72 130 63 1 109 157 48 1 85 126 54 1 93 56 39 1 83 111 56 1 43 101 70 1 92 96 79 1 92 113 57 1
72 80 21 1 0 0 0 0 88 41 78 1 68 87 54 1 0 0 0 0 73 102 77 1 109 137 62 1 109 64 58 1 68 63 72 1 48 73 69 1 42 87 25 1 62 77 31 1 58 95 72 1 93 157 83 1 0 0 0 0 124 149 35 1 146 119 99 1 183 91 79 1 0 0 0 0 157 92 56 1 123 76 69 1 130 118 70 1 0 0 0 0 144 112 102 1 138 64 71 1 88 65 55 1 128 100 41 1 106 96 82 1 135 127 61 1 100 98 85 1 102 40 49 1 0 0 0 0 151 185 80 1 252 181 145 1 203 204 135 1 193 193 150 1 252 180 105 1 175 178 114 1 0 0 0 0 137 145 78 1 186 184 108 1 208 133 157 1 0 0 0 0 124 84 24 1 28 128 51 1 0 0 0 0 56 46 50 1 0 0 0 0 124 124 77 1 119 118 73 1 100 42 54 1 72 79 85 1 109 107 49 1 109 91 67 1 82 46 64 1 90 116 12 1 136 105 65 1 103 71 61 1 132 104 106 1 0 0 0 0 99 87 48 1 49 93 38 1 109 83 40 1 34 106 33 1
61 68 52 1 64 74 48 1 61 66 19 1 89 117 87 1 0 0 0 0 91 86 45 1 76 121 36 1 65 85 5 1 46 72 44 1 48 46 0 1 0 0 0 0 89 89 63 1 81 110 60 1 0 0 0 0 131 82 62 1 133 65 60 1 89 85 68 1 154 96 43 1 140 111 64 1 110 82 85 1 135 70 33 1 162 125 94 1 123 100 41 1 104 141 34 1 133 97 50 1 60 88 71 1 157 129 66 1 140 102 86 1 122 77 60 1 73 134 72 1 99 118 94 1 104 125 58 1 0 0 0 0 233 193 71 1 210 197 129 1 0 0 0 0 255 197 150 1 225 218 125 1 208 131 96 1 167 114 46 1 151 127 92 1 157 146 93 1 0 0 0 0 87 96 78 1 71 67 56 1 66 74 62 1 73 101 70 1 82 104 3 1 122 130 31 1 119 99 29 1 60 105 37 1 113 107 68 1 84 114 53 1 58 93 74 1 69 69 51 1 0 0 0 0 118 108 43 1 115 118 57 1 120 140 78 1 118 108 65 1 85 76 26 1 96 61 23 1 82 68 11 1 106 74 49 1
76 65 53 1 16 115 55 1 51 81 48 1 69 59 62 1 86 119 44 1 108 100 70 1 111 97 54 1 62 81 14 1 106 60 3 1 34 77 24 1 73 84 41 1 90 146 50 1 84 119 63 1 68 85 29 1 77 62 103 1 122 94 37 1 128 107 58 1 134 83 74 1 131 69 50 1 97 148 94 1 93 131 75 1 138 101 88 1 119 100 75 1 116 119 53 1 160 86 74 1 125 124 78 1 110 146 86 1 121 58 67 1 108 69 62 1 0 0 0 0 148 111 92 1 181 87 133 1 188 163 122 1 153 193 90 1 191 176 131 1 0 0 0 0 131 150 104 1 147 145 116 1 125 99 43 1 136 98 77 1 148 140 57 1 133 96 55 1 110 100 49 1 91 77 82 1 109 118 98 1 89 61 31 1 36 85 37 1 85 83 51 1 94 135 75 1 142 124 99 1 115 89 66 1 99 101 46 1 56 87 11 1 99 112 44 1 56 104 84 1 131 135 84 1 116 119 61 1 121 114 72 1 101 129 79 1 155 129 34 1 111 95 85 1 103 90 29 1 63 93 53 1 101 75 49 1
40 86 0 1 71 75 53 1 29 81 47 1 64 22 53 1 53 72 35 1 105 100 58 1 112 78 33 1 86 39 6 1 75 84 60 1 73 93 54 1 93 110 41 1 93 46 34 1 0 0 0 0 94 85 66 1 113 109 18 1 119 102 96 1 127 103 50 1 128 121 108 1 135 80 80 1 115 148 57 1 96 122 57 1 129 117 108 1 126 125 91 1 118 77 101 1 146 87 72 1 0 0 0 0 139 113 110 1 91 120 54 1 139 117 51 1 118 117 69 1 112 124 47 1 105 93 59 1 148 97 74 1 179 80 111 1 0 0 0 0 0 0 0 0 179 146 56 1 185 116 102 1 117 98 45 1 0 0 0 0 111 108 39 1 39 60 99 1 0 0 0 0 71 114 55 1 113 93 61 1 114 123 27 1 75 61 44 1 74 105 89 1 87 147 41 1 134 168 82 1 158 114 85 1 84 116 55 1 69 123 31 1 81 87 23 1 0 0 0 0 0 0 0 0 110 119 69 1 113 122 56 1 0 0 0 0 0 0 0 0 149 130 52 1 65 81 53 1 100 100 88 1 0 0 0 0
28 42 62 1 56 119 19 1 39 91 40 1 79 95 41 1 84 136 55 1 107 121 45 1 108 116 49 1 55 99 77 1 57 107 21 1 105 57 36 1 63 83 71 1 77 124 26 1 0 0 0 0 121 98 118 1 85 110 52 1 104 88 50 1 82 118 48 1 119 101 68 1 166 123 81 1 105 145 29 1 0 0 0 0 81 139 54 1 113 96 65 1 82 148 119 1 120 79 61 1 140 128 58 1 130 136 43 1 108 105 34 1 142 108 43 1 127 140 95 1 176 99 101 1 121 96 56 1 129 111 89 1 159 101 5 1 135 175 15 1 143 130 90 1 110 63 75 1 155 105 112 1 121 107 106 1 72 151 95 1 84 91 53 1 99 82 46 1 50 87 55 1 59 68 39 1 109 62 57 1 56 47 20 1 88 46 64 1 108 114 83 1 0 0 0 0 180 129 75 1 0 0 0 0 117 111 43 1 36 109 48 1 56 88 51 1 73 109 73 1 73 77 38 1 91 86 58 1 119 88 15 1 138 163 91 1 101 140 70 1 122 121 55 1 110 123 47 1 76 85 50 1 72 107 29 1
70 77 63 1 74 72 51 1 48 60 60 1 76 113 75 1 70 93 41 1 134 157 45 1 102 82 27 1 69 83 54 1 100 49 0 1 0 0 0 0 69 80 48 1 0 0 0 0 55 76 56 1 100 123 48 1 137 90 47 1 114 57 48 1 128 112 69 1 0 0 0 0 128 115 66 1 174 107 48 1 143 128 63 1 121 106 82 1 169 124 57 1 125 112 75 1 0 0 0 0 150 116 58 1 116 116 62 1 0 0 0 0 124 118 37 1 0 0 0 0 0 0 0 0 126 108 32 1 127 118 66 1 0 0 0 0 134 80 25 1 109 122 53 1 126 131 60 1 121 119 53 1 102 88 82 1 114 100 45 1 109 96 68 1 58 94 48 1 150 119 68 1 73 83 74 1 88 74 33 1 131 126 80 1 64 87 49 1 90 76 53 1 86 117 112 1 156 130 74 1 186 113 91 1 0 0 0 0 0 0 0 0 118 78 69 1 65 104 48 1 55 95 50 1 37 75 32 1 86 88 38 1 101 60 68 1 153 110 125 1 144 106 46 1 106 86 48 1 0 0 0 0 81 96 25 1
62 81 29 1 109 110 14 1 64 118 29 1 112 77 46 1 109 113 30 1 0 0 0 0 111 80 60 1 83 92 40 1 109 63 73 1 92 71 34 1 69 78 42 1 64 62 57 1 70 83 59 1 83 99 53 1 86 81 26 1 99 102 82 1 140 120 64 1 133 130 69 1 92 103 6 1 111 139 75 1 88 137 55 1 107 96 72 1 87 96 85 1 107 76 82 1 150 111 87 1 76 86 75 1 0 0 0 0 130 99 45 1 137 85 86 1 112 119 110 1 149 143 87 1 135 125 85 1 144 112 54 1 119 116 61 1 0 0 0 0 143 113 102 1 106 136 27 1 0 0 0 0 132 114 64 1 96 62 84 1 132 109 35 1 140 94 84 1 86 120 89 1 83 90 114 1 52 70 28 1 0 0 0 0 22 110 50 1 100 114 48 1 102 109 106 1 138 105 129 1 161 102 61 1 136 93 73 1 110 114 59 1 108 103 34 1 75 99 53 1 63 129 46 1 0 0 0 0 0 0 0 0 51 55 69 1 0 0 0 0 101 143 109 1 101 107 51 1 82 98 55 1 88 92 52 1
49 72 26 1 104 111 82 1 96 93 85 1 66 96 0 1 0 0 0 0 148 123 100 1 0 0 0 0 0 0 0 0 98 86 39 1 49 78 19 1 91 93 34 1 61 103 69 1 68 109 100 1 78 97 36 1 98 124 50 1 118 114 83 1 121 103 39 1 174 104 29 1 104 88 84 1 111 127 68 1 107 105 85 1 124 69 59 1 85 133 81 1 72 81 73 1 0 0 0 0 103 128 68 1 75 110 68 1 111 86 51 1 0 0 0 0 143 128 96 1 154 120 117 1 130 148 67 1 143 141 100 1 0 0 0 0 0 0 0 0 0 0 0 0 100 136 86 1 98 56 48 1 106 99 32 1 124 128 65 1 160 112 82 1 89 117 68 1 116 84 22 1 117 65 46 1 74 87 51 1 72 90 36 1 93 102 74 1 113 116 41 1 0 0 0 0 112 97 45 1 0 0 0 0 138 128 43 1 0 0 0 0 87 105 36 1 93 74 63 1 93 109 29 1 72 100 66 1 72 44 53 1 82 70 37 1 69 73 51 1 108 110 81 1 122 134 76 1 115 95 43 1 101 102 11 1
110 105 117 1 93 103 49 1 107 65 77 1 0 0 0 0 32 89 39 1 137 97 71 1 112 127 63 1 110 146 94 1 0 0 0 0 123 98 54 1 86 37 70 1 79 74 51 1 0 0 0 0 110 115 67 1 93 89 91 1 123 116 125 1 133 94 110 1 112 139 74 1 76 136 42 1 99 115 38 1 0 0 0 0 0 0 0 0 76 113 62 1 129 87 90 1 107 107 56 1 0 0 0 0 0 0 0 0 100 81 96 1 94 125 72 1 138 88 79 1 159 96 95 1 140 134 49 1 112 129 69 1 141 148 104 1 118 147 94 1 128 157 59 1 87 126 91 1 127 92 28 1 97 121 44 1 0 0 0 0 134 80 72 1 100 112 49 1 58 63 75 1 81 99 16 1 92 111 99 1 96 77 75 1 88 96 60 1 59 101 63 1 96 120 58 1 113 116 72 1 149 145 64 1 140 186 82 1 73 114 70 1 77 112 69 1 0 0 0 0 106 91 58 1 0 0 0 0 110 150 56 1 100 77 49 1 81 115 66 1 96 103 32 1 97 99 84 1 0 0 0 0 112 106 22 1
39 99 75 1 104 108 41 1 73 61 43 1 75 60 59 1 0 0 0 0 78 107 59 1 155 151 102 1 133 111 70 1 125 82 83 1 154 93 64 1 112 112 89 1 130 101 0 1 90 88 63 1 114 64 92 1 111 109 88 1 112 133 75 1 136 107 57 1 68 75 53 1 116 124 28 1 126 123 53 1 142 91 102 1 115 121 60 1 152 127 35 1 118 102 65 1 92 73 69 1 0 0 0 0 108 127 66 1 84 101 51 1 0 0 0 0 131 98 96 1 106 35 30 1 70 93 73 1 97 114 91 1 149 88 82 1 113 106 61 1 0 0 0 0 99 118 65 1 121 83 68 1 0 0 0 0 72 73 35 1 111 98 17 1 0 0 0 0 92 81 40 1 64 100 47 1 103 71 52 1 97 49 55 1 97 102 44 1 0 0 0 0 76 66 35 1 152 85 59 1 0 0 0 0 126 70 79 1 0 0 0 0 120 97 76 1 112 71 44 1 106 44 31 1 125 82 45 1 88 112 132 1 133 117 91 1 102 84 53 1 87 126 34 1 59 120 66 1 154 133 75 1 99 122 49 1
98 64 42 1 45 78 43 1 69 103 39 1 59 99 38 1 0 0 0 0 0 0 0 0 86 121 54 1 134 89 53 1 102 129 94 1 88 99 82 1 93 86 64 1 86 71 40 1 107 93 51 1 111 61 73 1 84 118 64 1 147 128 72 1 119 141 86 1 76 94 44 1 87 86 72 1 132 126 65 1 0 0 0 0 123 87 62 1 77 106 96 1 88 108 42 1 161 140 72 1 99 75 24 1 114 79 78 1 76 95 53 1 85 68 27 1 103 103 36 1 122 58 18 1 76 95 37 1 115 100 39 1 149 98 65 1 93 79 60 1 80 107 73 1 123 120 60 1 100 113 72 1 104 70 64 1 122 84 49 1 90 99 37 1 86 68 28 1 143 89 63 1 77 96 35 1 97 101 41 1 106 126 39 1 150 107 47 1 122 69 78 1 0 0 0 0 148 88 52 1 0 0 0 0 167 112 41 1 134 104 94 1 95 97 66 1 82 122 71 1 144 99 81 1 112 109 60 1 122 117 81 1 0 0 0 0 0 0 0 0 83 111 63 1 91 52 59 1 111 114 36 1 139 91 63 1
80 68 41 1 73 57 80 1 104 65 32 1 100 125 53 1 55 99 41 1 70 95 38 1 87 70 46 1 131 99 71 1 81 52 87 1 70 110 16 1 33 88 43 1 0 0 0 0 89 76 46 1 108 62 55 1 139 85 85 1 98 107 92 1 102 81 45 1 62 54 38 1 90 86 27 1 113 136 68 1 115 95 79 1 77 105 94 1 117 103 54 1 95 93 86 1 0 0 0 0 82 69 57 1 65 95 39 1 104 81 22 1 98 109 74 1 122 40 59 1 140 118 50 1 96 88 53 1 113 118 71 1 165 120 44 1 99 138 40 1 122 95 60 1 109 110 78 1 95 100 26 1 98 59 45 1 42 82 42 1 85 104 3 1 111 89 44 1 112 86 84 1 0 0 0 0 0 0 0 0 83 85 79 1 131 146 28 1 90 120 92 1 95 96 48 1 0 0 0 0 132 117 34 1 94 94 90 1 119 98 50 1 82 123 31 1 91 89 36 1 93 118 61 1 123 109 58 1 110 102 81 1 116 101 93 1 125 119 103 1 139 138 76 1 58 101 82 1 128 122 38 1 83 112 57 1
70 79 61 1 75 67 95 1 0 0 0 0 62 91 73 1 52 43 40 1 61 91 42 1 0 0 0 0 101 108 50 1 120 115 59 1 90 92 62 1 74 116 13 1 118 67 24 1 89 104 65 1 84 111 53 1 122 101 70 1 105 106 77 1 103 118 43 1 84 71 54 1 0 0 0 0 123 86 47 1 96 114 56 1 103 99 31 1 94 87 47 1 72 111 47 1 42 81 41 1 91 86 51 1 89 46 77 1 117 76 92 1 116 117 89 1 121 79 44 1 113 70 73 1 130 78 76 1 0 0 0 0 55 134 68 1 131 124 49 1 155 105 58 1 83 111 41 1 88 69 58 1 84 107 45 1 101 102 74 1 83 107 12 1 0 0 0 0 107 101 69 1 51 61 103 1 87 122 38 1 120 102 45 1 0 0 0 0 103 104 30 1 116 73 40 1 124 93 94 1 140 130 63 1 121 103 69 1 114 56 25 1 80 66 31 1 53 115 61 1 66 112 56 1 0 0 0 0 98 87 43 1 0 0 0 0 149 92 93 1 123 117 65 1 100 66 56 1 75 73 23 1 68 99 2 1
0 0 0 0 8 111 20 1 70 60 13 1 90 91 45 1 71 99 62 1 57 65 0 1 60 79 31 1 82 119 67 1 96 71 54 1 85 64 29 1 49 81 11 1 72 62 30 1 53 80 44 1 99 148 42 1 0 0 0 0 0 0 0 0 57 92 54 1 102 152 66 1 79 108 39 1 87 125 27 1 121 122 68 1 136 76 59 1 68 123 66 1 75 97 21 1 93 108 50 1 83 108 24 1 108 54 9 1 89 93 65 1 155 138 65 1 109 138 46 1 109 78 57 1 0 0 0 0 95 94 67 1 0 0 0 0 107 125 49 1 88 66 33 1 113 85 49 1 75 67 38 1 109 99 63 1 146 100 63 1 57 112 43 1 75 87 0 1 140 95 60 1 108 100 48 1 0 0 0 0 70 90 47 1 0 0 0 0 104 49 65 1 93 132 62 1 0 0 0 0 166 137 108 1 114 123 13 1 100 90 47 1 85 70 52 1 99 118 66 1 64 66 48 1 105 71 23 1 105 78 30 1 103 64 20 1 106 120 81 1 135 100 54 1 114 96 61 1 86 75 75 1 103 110 41 1
90 94 96 1 51 77 35 1 95 85 27 1 71 55 38 1 40 93 51 1 72 84 78 1 63 18 50 1 69 128 24 1 101 87 30 1 112 90 57 1 101 52 32 1 79 100 55 1 76 119 52 1 109 82 49 1 90 126 78 1 117 61 64 1 106 114 42 1 95 109 29 1 63 84 57 1 0 0 0 0 114 135 111 1 72 100 42 1 117 69 71 1 97 83 82 1 83 81 97 1 101 116 50 1 78 82 69 1 63 88 33 1 86 104 71 1 74 90 35 1 62 65 57 1 79 92 27 1 63 63 31 1 80 111 57 1 128 95 57 1 88 108 71 1 78 94 65 1 39 75 65 1 0 0 0 0 103 111 18 1 103 72 24 1 44 62 16 1 103 123 76 1 135 125 88 1 117 142 64 1 122 86 57 1 83 32 26 1 67 68 34 1 131 117 54 1 176 131 101 1 102 142 81 1 139 104 52 1 104 97 73 1 71 76 71 1 95 77 81 1 51 77 78 1 87 78 93 1 0 0 0 0 0 0 0 0 108 90 92 1 108 103 57 1 122 118 19 1 0 0 0 0 120 118 83 1
0 0 0 0 48 93 64 1 43 121 52 1 59 61 7 1 89 100 20 1 0 0 0 0 58 96 46 1 0 0 0 0 87 90 65 1 58 117 53 1 83 70 80 1 101 101 44 1 81 139 74 1 95 95 55 1 77 123 44 1 76 89 51 1 75 96 42 1 141 84 74 1 67 61 63 1 76 147 40 1 67 97 53 1 96 117 100 1 91 84 90 1 114 109 21 1 85 69 58 1 0 0 0 0 111 96 23 1 75 74 38 1 84 86 74 1 83 106 36 1 0 0 0 0 46 58 35 1 62 89 41 1 0 0 0 0 96 120 31 1 91 61 38 1 85 96 58 1 97 117 80 1 108 108 48 1 88 87 29 1 58 89 45 1 78 71 43 1 81 99 29 1 0 0 0 0 159 151 50 1 168 118 86 1 109 85 54 1 0 0 0 0 102 104 54 1 197 152 99 1 164 146 76 1 97 112 39 1 122 71 40 1 99 78 62 1 68 106 70 1 0 0 0 0 72 62 53 1 91 120 37 1 83 83 51 1 85 77 72 1 85 104 84 1 75 89 55 1 114 115 36 1 109 95 18 1
24 51 0 1 53 131 58 1 52 91 66 1 75 108 61 1 105 72 67 1 63 61 41 1 60 64 56 1 77 122 84 1 80 85 83 1 39 71 33 1 63 73 49 1 0 0 0 0 87 116 22 1 71 99 46 1 84 101 13 1 64 108 45 1 94 77 51 1 108 84 83 1 87 71 39 1 85 109 4 1 137 71 48 1 108 84 59 1 92 80 90 1 122 121 93 1 129 70 70 1 0 0 0 0 108 122 96 1 105 111 71 1 106 90 74 1 123 70 34 1 115 122 68 1 102 80 102 1 77 98 52 1 63 91 44 1 113 74 5 1 95 103 28 1 76 100 73 1 84 80 75 1 78 109 69 1 97 71 42 1 80 104 54 1 69 89 50 1 99 110 38 1 141 107 35 1 0 0 0 0 92 97 23 1 78 110 83 1 138 129 36 1 141 122 81 1 187 124 77 1 115 156 53 1 104 118 67 1 113 100 65 1 87 92 42 1 57 117 30 1 45 99 52 1 84 99 46 1 66 67 42 1 60 106 4 1 122 105 56 1 59 118 46 1 77 116 60 1 134 90 32 1 89 79 44 1
46 85 35 1 87 44 43 1 79 79 71 1 87 96 19 1 53 75 43 1 47 85 38 1 22 87 63 1 79 121 53 1 0 0 0 0 107 62 22 1 103 72 42 1 98 111 75 1 73 113 68 1 76 81 5 1 49 77 0 1 99 73 0 1 87 128 9 1 115 98 39 1 44 114 21 1 70 88 43 1 126 115 25 1 78 77 64 1 76 72 67 1 73 98 74 1 100 99 72 1 100 88 77 1 132 104 71 1 132 120 84 1 0 0 0 0 0 0 0 0 155 99 55 1 75 118 63 1 0 0 0 0 72 53 66 1 92 99 58 1 55 66 60 1 78 107 53 1 96 63 78 1 79 80 39 1 89 100 58 1 92 77 9 1 0 0 0 0 112 95 19 1 86 69 78 1 0 0 0 0 81 44 37 1 116 89 66 1 158 107 96 1 115 77 99 1 157 131 97 1 0 0 0 0 156 84 37 1 173 130 80 1 108 134 61 1 108 106 27 1 66 106 35 1 88 132 57 1 91 83 32 1 52 51 72 1 76 132 26 1 139 91 49 1 101 102 77 1 113 79 72 1 93 112 66 1
60 58 72 1 57 75 15 1 0 0 0 0 51 77 69 1 69 95 80 1 71 91 45 1 68 83 64 1 0 0 0 0 61 102 27 1 85 78 32 1 73 85 45 1 68 62 15 1 65 103 32 1 97 77 32 1 54 80 18 1 104 120 59 1 78 124 32 1 97 118 121 1 79 104 51 1 100 87 59 1 0 0 0 0 86 107 44 1 55 50 35 1 61 70 68 1 129 115 82 1 112 126 54 1 70 88 51 1 116 100 29 1 111 132 63 1 134 96 68 1 103 125 60 1 92 104 74 1 96 79 65 1 116 90 84 1 77 31 44 1 96 124 88 1 68 109 51 1 113 76 52 1 47 100 43 1 0 0 0 0 100 77 42 1 109 97 67 1 0 0 0 0 78 88 77 1 96 111 4 1 78 90 61 1 116 96 89 1 148 128 111 1 150 91 92 1 178 87 53 1 145 110 92 1 0 0 0 0 114 86 64 1 119 110 55 1 71 79 36 1 93 104 56 1 154 147 70 1 50 78 55 1 66 94 45 1 100 102 37 1 78 99 76 1 103 95 86 1 85 127 45 1 123 109 50 1
81 81 65 1 35 88 32 1 68 34 54 1 101 82 34 1 39 101 20 1 73 91 27 1 79 97 22 1 0 0 0 0 81 118 59 1 52 98 60 1 110 100 68 1 0 0 0 0 87 106 56 1 0 0 0 0 49 103 45 1 73 58 10 1 105 95 45 1 62 103 24 1 103 125 54 1 77 92 74 1 100 129 86 1 78 80 67 1 0 0 0 0 0 0 0 0 109 103 50 1 79 75 41 1 109 82 46 1 118 96 70 1 118 73 47 1 73 116 39 1 41 72 45 1 117 78 42 1 86 35 76 1 67 29 93 1 59 51 56 1 74 127 53 1 160 86 93 1 88 37 64 1 112 112 69 1 86 75 60 1 98 73 17 1 87 91 49 1 116 92 42 1 136 101 70 1 0 0 0 0 107 97 75 1 107 86 46 1 144 120 93 1 147 142 94 1 154 107 83 1 121 165 43 1 0 0 0 0 122 108 32 1 111 97 59 1 101 105 69 1 137 116 103 1 137 137 40 1 0 0 0 0 78 80 20 1 61 76 16 1 92 102 4 1 92 105 27 1 92 78 56 1 92 106 52 1
64 112 77 1 55 46 38 1 33 43 50 1 70 65 46 1 60 115 56 1 67 84 40 1 41 68 67 1 47 124 22 1 77 94 15 1 0 0 0 0 55 84 51 1 75 154 50 1 36 79 55 1 44 103 73 1 96 80 39 1 88 139 50 1 86 75 56 1 90 87 52 1 91 74 20 1 20 69 50 1 96 102 56 1 76 109 53 1 76 106 51 1 70 49 57 1 62 117 13 1 0 0 0 0 98 105 46 1 97 126 78 1 106 109 29 1 85 33 10 1 88 98 80 1 56 61 63 1 105 104 47 1 57 73 9 1 65 123 33 1 97 84 65 1 78 93 35 1 51 85 57 1 69 82 24 1 108 125 17 1 0 0 0 0 78 106 7 1 112 78 70 1 119 55 52 1 70 57 12 1 57 47 43 1 88 55 42 1 104 87 60 1 104 140 87 1 151 101 71 1 164 150 53 1 140 117 47 1 99 100 67 1 130 74 135 1 74 106 70 1 155 103 65 1 164 123 75 1 118 146 67 1 68 104 61 1 114 98 80 1 64 106 56 1 119 135 35 1 77 94 99 1 79 92 71 1
0 0 0 0 65 56 54 1 87 78 37 1 67 76 48 1 96 63 32 1 66 74 81 1 76 112 53 1 73 86 80 1 0 0 0 0 68 96 37 1 41 100 62 1 89 99 10 1 0 0 0 0 115 114 63 1 102 74 65 1 88 99 80 1 71 91 71 1 89 104 71 1 93 107 83 1 0 0 0 0 67 130 64 1 78 112 35 1 86 112 80 1 99 78 53 1 100 111 52 1 106 106 55 1 130 90 46 1 97 107 39 1 94 35 49 1 65 83 36 1 80 91 50 1 108 118 33 1 69 70 43 1 89 64 5 1 45 74 56 1 95 90 72 1 81 68 40 1 86 106 10 1 96 75 61 1 95 85 36 1 114 112 60 1 120 121 92 1 103 63 38 1 77 115 31 1 0 0 0 0 85 66 46 1 108 48 68 1 93 95 51 1 101 82 69 1 122 122 88 1 130 118 76 1 157 126 99 1 142 79 56 1 114 108 50 1 112 110 73 1 124 132 67 1 129 108 49 1 117 119 39 1 0 0 0 0 83 99 68 1 78 114 33 1 139 53 84 1 115 98 100 1 75 64 23 1
71 94 20 1 64 101 76 1 80 108 66 1 110 97 51 1 16 61 24 1 99 113 44 1 72 93 67 1 75 112 31 1 78 91 26 1 51 107 41 1 56 65 56 1 65 115 14 1 112 95 50 1 33 93 60 1 94 127 29 1 108 111 69 1 88 83 61 1 120 118 43 1 105 98 36 1 93 108 73 1 105 112 35 1 143 89 34 1 61 85 75 1 104 102 66 1 0 0 0 0 105 98 68 1 136 116 57 1 88 102 88 1 103 67 37 1 0 0 0 0 119 87 34 1 123 81 87 1 103 104 78 1 113 82 28 1 83 83 37 1 109 57 14 1 82 73 37 1 46 114 24 1 57 54 74 1 35 125 46 1 70 86 65 1 114 89 85 1 93 108 74 1 122 93 20 1 93 96 56 1 105 120 52 1 93 91 61 1 80 87 65 1 101 51 21 1 60 108 67 1 99 79 76 1 148 95 78 1 0 0 0 0 79 100 58 1 82 82 76 1 139 80 54 1 0 0 0 0 102 142 54 1 104 90 17 1 89 96 51 1 109 46 58 1 0 0 0 0 0 0 0 0 76 79 60 1
0 0 0 0 113 51 53 1 64 85 27 1 63 66 38 1 91 126 98 1 118 89 45 1 83 97 63 1 115 69 53 1 75 120 29 1 86 89 64 1 67 97 59 1 76 64 65 1 93 87 46 1 0 0 0 0 93 104 69 1 105 117 30 1 120 76 79 1 129 114 41 1 112 85 12 1 65 130 11 1 0 0 0 0 0 0 0 0 62 115 42 1 78 105 41 1 77 73 56 1 142 118 61 1 113 92 25 1 0 0 0 0 50 59 46 1 87 78 102 1 69 95 18 1 107 127 54 1 74 88 39 1 79 85 54 1 103 69 23 1 81 101 5 1 0 0 0 0 36 113 41 1 60 118 27 1 60 52 44 1 117 98 50 1 74 94 65 1 116 58 60 1 80 96 60 1 98 75 97 1 73 85 43 1 137 115 30 1 85 104 21 1 77 74 47 1 96 104 49 1 105 95 42 1 79 63 76 1 86 88 42 1 101 77 72 1 0 0 0 0 138 106 59 1 137 92 86 1 107 84 82 1 106 131 35 1 99 93 69 1 72 64 8 1 102 121 44 1 148 40 9 1 0 0 0 0
71 65 14 1 66 69 57 1 112 72 80 1 55 94 48 1 104 95 55 1 67 126 115 1 111 153 56 1 98 92 72 1 80 100 48 1 66 109 38 1 104 42 48 1 60 116 61 1 79 121 75 1 121 89 36 1 70 111 47 1 86 116 57 1 86 91 0 1 88 73 49 1 105 119 35 1 89 106 41 1 125 130 68 1 165 108 74 1 125 90 25 1 99 82 69 1 107 84 80 1 0 0 0 0 0 0 0 0 101 123 23 1 77 82 32 1 0 0 0 0 90 63 34 1 88 67 60 1 107 111 47 1 88 71 32 1 106 85 43 1 85 65 29 1 103 62 5 1 95 61 28 1 83 75 20 1 64 70 31 1 117 79 20 1 80 97 54 1 92 70 57 1 0 0 0 0 87 89 82 1 110 117 55 1 0 0 0 0 85 93 93 1 0 0 0 0 83 56 81 1 71 79 36 1 0 0 0 0 92 90 49 1 105 107 77 1 0 0 0 0 134 96 56 1 144 134 96 1 141 116 53 1 70 88 65 1 127 114 25 1 104 117 47 1 92 96 31 1 106 68 33 1 110 75 78 1
51 74 46 1 0 0 0 0 69 73 48 1 107 77 48 1 0 0 0 0 69 88 63 1 85 82 0 1 59 115 40 1 0 0 0 0 42 88 43 1 64 73 37 1 0 0 0 0 79 85 60 1 0 0 0 0 87 102 57 1 63 141 66 1 90 117 57 1 70 69 92 1 95 111 75 1 103 119 48 1 129 95 45 1 94 133 63 1 80 127 36 1 76 113 56 1 105 115 43 1 109 122 64 1 114 119 57 1 84 99 60 1 86 64 45 1 0 0 0 0 53 56 40 1 62 68 38 1 81 46 39 1 140 95 17 1 85 66 46 1 74 101 38 1 75 68 79 1 62 57 57 1 83 83 42 1 99 70 86 1 66 87 83 1 83 100 25 1 64 31 42 1 111 91 81 1 88 95 69 1 73 56 46 1 130 123 109 1 79 93 31 1 141 117 48 1 93 86 17 1 122 64 30 1 85 42 40 1 50 81 19 1 72 82 9 1 161 134 48 1 127 118 103 1 187 88 139 1 0 0 0 0 86 80 32 1 0 0 0 0 0 0 0 0 45 121 20 1 0 0 0 0 104 128 55 1
82 43 76 1 33 64 24 1 84 93 67 1 70 115 52 1 52 92 51 1 76 104 42 1 88 18 57 1 85 102 56 1 43 76 72 1 86 75 48 1 81 80 42 1 69 96 55 1 94 49 57 1 153 90 70 1 99 120 60 1 107 106 51 1 0 0 0 0 108 114 44 1 97 138 36 1 142 128 73 1 142 133 51 1 112 149 53 1 94 122 79 1 79 99 40 1 52 113 30 1 99 55 87 1 122 87 77 1 88 91 46 1 94 126 60 1 83 61 17 1 80 101 40 1 78 89 22 1 88 102 48 1 0 0 0 0 160 102 77 1 122 90 59 1 78 79 46 1 101 55 53 1 112 77 56 1 0 0 0 0 0 0 0 0 82 102 58 1 71 72 65 1 126 94 64 1 0 0 0 0 0 0 0 0 143 133 72 1 150 122 104 1 84 99 65 1 88 75 42 1 96 50 47 1 128 75 27 1 88 114 42 1 49 75 48 1 96 90 42 1 125 99 89 1 116 67 65 1 135 131 35 1 0 0 0 0 127 152 77 1 119 97 95 1 88 113 47 1 119 140 51 1 0 0 0 0
72 135 31 1 22 129 6 1 72 116 71 1 70 104 75 1 0 0 0 0 36 99 76 1 61 72 49 1 91 91 33 1 83 113 8 1 70 104 14 1 77 65 60 1 0 0 0 0 96 103 97 1 130 121 59 1 109 113 28 1 70 79 66 1 98 94 18 1 57 147 27 1 84 113 66 1 90 102 122 1 114 89 62 1 55 76 45 1 111 80 81 1 83 80 83 1 0 0 0 0 86 102 77 1 0 0 0 0 125 118 43 1 0 0 0 0 75 89 26 1 89 103 16 1 76 74 61 1 92 85 76 1 115 85 95 1 110 115 91 1 132 83 26 1 107 71 54 1 73 72 42 1 96 104 49 1 61 80 22 1 75 72 74 1 102 65 77 1 0 0 0 0 95 86 43 1 89 90 59 1 70 119 60 1 127 121 86 1 114 149 90 1 112 88 68 1 104 108 86 1 130 98 33 1 73 110 72 1 88 93 79 1 112 79 46 1 123 69 61 1 107 99 54 1 135 145 89 1 0 0 0 0 134 143 69 1 133 141 89 1 124 153 61 1 118 85 35 1 68 101 29 1 122 101 46 1
0 0 0 0 39 88 34 1 111 131 78 1 115 103 99 1 72 99 60 1 55 124 44 1 0 0 0 0 105 108 48 1 86 77 71 1 87 91 44 1 114 104 61 1 68 106 84 1 0 0 0 0 96 128 61 1 119 97 40 1 96 81 45 1 107 79 8 1 100 104 72 1 82 79 33 1 109 78 55 1 102 92 87 1 80 82 71 1 56 86 40 1 75 127 32 1 115 68 48 1 0 0 0 0 150 95 61 1 135 126 71 1 101 98 101 1 77 106 34 1 47 88 28 1 79 100 23 1 95 79 102 1 0 0 0 0 84 98 69 1 117 92 67 1 110 112 42 1 0 0 0 0 95 74 74 1 75 106 36 1 0 0 0 0 127 102 20 1 95 105 31 1 77 89 42 1 88 72 119 1 69 125 60 1 127 49 68 1 121 73 74 1 104 82 62 1 111 109 77 1 119 65 84 1 70 121 57 1 108 78 31 1 75 104 59 1 72 73 63 1 94 97 92 1 102 127 88 1 134 83 85 1 144 118 33 1 113 129 79 1 0 0 0 0 82 91 27 1 89 83 25 1 110 76 30 1
106 110 66 1 0 0 0 0 75 104 73 1 68 92 55 1 52 107 54 1 87 101 67 1 81 107 16 1 87 94 48 1 105 124 44 1 84 99 53 1 53 109 44 1 51 92 12 1 101 120 71 1 131 126 14 1 92 84 75 1 99 86 48 1 57 30 60 1 105 125 66 1 87 80 75 1 83 115 69 1 104 69 57 1 95 132 61 1 56 104 63 1 85 111 26 1 111 86 54 1 138 92 95 1 154 127 61 1 123 136 97 1 140 107 75 1 115 72 34 1 77 112 30 1 0 0 0 0 108 168 101 1 98 154 62 1 119 116 57 1 130 61 49 1 0 0 0 0 0 0 0 0 99 107 45 1 107 84 64 1 116 75 60 1 99 96 33 1 62 77 40 1 130 129 67 1 106 111 66 1 188 92 97 1 100 83 55 1 0 0 0 0 0 0 0 0 119 124 101 1 104 80 45 1 126 107 35 1 106 87 84 1 100 79 68 1 35 92 48 1 130 74 49 1 92 69 45 1 123 124 60 1 90 113 46 1 126 104 52 1 132 99 44 1 96 98 26 1 92 92 30 1 125 103 81 1
79 112 39 1 78 90 19 1 59 90 21 1 86 108 30 1 97 75 66 1 86 65 41 1 75 89 68 1 75 89 51 1 60 110 83 1 69 101 64 1 119 104 28 1 60 113 58 1 107 116 48 1 101 137 65 1 77 111 53 1 89 115 48 1 89 107 66 1 87 102 76 1 73 92 54 1 120 77 32 1 78 67 53 1 0 0 0 0 77 115 68 1 64 72 46 1 84 120 52 1 135 140 94 1 168 159 68 1 131 117 87 1 61 103 78 1 80 96 91 1 91 91 11 1 86 132 44 1 118 101 47 1 147 72 81 1 145 120 50 1 139 144 41 1 121 90 79 1 112 55 63 1 104 135 108 1 122 59 53 1 89 105 31 1 96 107 60 1 112 85 30 1 129 96 65 1 118 108 56 1 112 109 51 1 0 0 0 0 93 105 46 1 0 0 0 0 95 79 60 1 94 154 37 1 98 94 68 1 83 91 39 1 86 31 53 1 66 103 69 1 72 86 47 1 92 99 49 1 118 118 28 1 83 135 37 1 149 109 74 1 122 139 59 1 69 107 34 1 104 112 84 1 94 73 39 1
63 76 24 1 27 75 0 1 67 100 13 1 81 88 30 1 0 0 0 0 108 83 28 1 0 0 0 0 107 115 36 1 0 0 0 0 120 107 74 1 50 111 50 1 54 82 39 1 79 103 20 1 60 96 39 1 0 0 0 0 124 72 58 1 106 115 70 1 83 130 29 1 116 78 81 1 56 97 65 1 98 104 36 1 0 0 0 0 0 0 0 0 79 49 54 1 0 0 0 0 148 163 125 1 138 137 84 1 171 140 58 1 119 118 93 1 139 122 84 1 104 116 39 1 109 138 62 1 91 104 41 1 149 93 90 1 0 0 0 0 137 119 73 1 70 96 100 1 125 87 59 1 0 0 0 0 93 83 71 1 61 74 58 1 106 68 12 1 0 0 0 0 104 100 54 1 92 130 48 1 72 87 53 1 0 0 0 0 113 131 72 1 120 99 44 1 91 92 51 1 113 99 74 1 103 94 68 1 0 0 0 0 108 70 52 1 117 77 50 1 87 109 53 1 111 57 43 1 119 96 51 1 122 115 41 1 104 79 52 1 0 0 0 0 61 91 78 1 67 115 30 1 0 0 0 0
63 103 96 1 0 0 0 0 0 0 0 0 76 86 33 1 80 130 60 1 59 106 77 1 75 115 80 1 105 132 20 1 102 82 57 1 95 83 53 1 69 107 32 1 0 0 0 0 89 126 74 1 82 111 54 1 90 82 78 1 113 119 20 1 110 121 70 1 113 123 43 1 79 90 47 1 118 66 25 1 111 126 20 1 78 96 37 1 52 133 0 1 64 80 49 1 90 99 73 1 132 82 76 1 159 121 63 1 138 129 68 1 127 104 94 1 118 134 117 1 126 143 95 1 143 120 62 1 70 138 78 1 106 133 110 1 104 91 77 1 109 100 92 1 0 0 0 0 123 151 85 1 107 111 41 1 133 93 35 1 125 93 43 1 0 0 0 0 124 80 58 1 83 95 65 1 128 91 46 1 79 96 56 1 97 65 52 1 88 75 30 1 138 84 70 1 0 0 0 0 80 36 80 1 128 82 73 1 76 48 62 1 59 67 108 1 93 105 79 1 111 110 10 1 85 130 63 1 0 0 0 0 141 127 73 1 107 91 20 1 90 81 18 1 51 87 68 1 72 80 53 1 36 106 56 1
81 102 34 1 38 97 60 1 50 92 66 1 88 127 59 1 87 128 48 1 111 84 50 1 62 70 54 1 79 89 70 1 78 149 43 1 0 0 0 0 55 94 60 1 54 121 1 1 96 84 42 1 120 64 58 1 115 81 70 1 74 85 34 1 0 0 0 0 89 111 71 1 114 117 47 1 0 0 0 0 112 121 65 1 0 0 0 0 60 83 96 1 95 51 17 1 0 0 0 0 154 79 46 1 0 0 0 0 120 117 63 1 125 116 110 1 117 102 96 1 117 122 58 1 120 144 88 1 130 96 73 1 104 110 42 1 94 93 69 1 154 78 86 1 144 140 85 1 130 123 101 1 128 104 33 1 132 96 78 1 79 68 62 1 114 95 51 1 88 52 89 1 0 0 0 0 110 120 53 1 124 110 52 1 99 123 71 1 110 100 52 1 115 100 57 1 93 113 93 1 89 94 49 1 69 94 60 1 128 69 37 1 112 49 57 1 77 83 56 1 0 0 0 0 166 91 81 1 123 153 44 1 79 113 87 1 105 81 8 1 75 92 58 1 84 74 38 1 32 92 4 1 61 86 34 1
51 94 18 1 82 107 22 1 85 93 60 1 61 90 36 1 96 88 60 1 102 114 50 1 0 0 0 0 66 122 52 1 72 107 89 1 92 96 16 1 51 126 81 1 97 54 0 1 103 102 29 1 0 0 0 0 95 76 43 1 117 28 8 1 83 95 66 1 102 115 57 1 103 103 46 1 124 125 81 1 93 85 62 1 36 105 35 1 92 70 33 1 127 89 44 1 62 89 33 1 88 95 46 1 160 113 72 1 101 127 60 1 106 125 63 1 152 117 63 1 0 0 0 0 131 109 82 1 114 93 53 1 121 62 52 1 92 126 34 1 0 0 0 0 105 42 110 1 153 132 122 1 0 0 0 0 149 112 51 1 136 115 73 1 64 114 75 1 95 136 63 1 91 92 58 1 100 40 68 1 0 0 0 0 123 97 79 1 103 37 71 1 90 96 51 1 96 78 75 1 94 94 68 1 130 98 62 1 108 41 45 1 73 72 71 1 0 0 0 0 57 120 52 1 148 118 97 1 134 156 65 1 99 89 72 1 86 82 63 1 0 0 0 0 72 99 26 1 60 83 81 1 62 87 63 1
15 82 47 1 54 87 46 1 91 99 0 1 54 128 41 1 61 96 69 1 0 0 0 0 88 119 66 1 111 92 63 1 72 94 67 1 100 118 41 1 101 124 16 1 57 91 11 1 95 59 30 1 111 104 66 1 132 105 83 1 49 51 60 1 65 64 59 1 105 61 78 1 91 74 36 1 107 144 27 1 81 70 67 1 74 62 15 1 65 69 32 1 102 128 86 1 125 80 60 1 114 150 21 1 87 126 14 1 127 143 87 1 115 72 64 1 79 90 59 1 0 0 0 0 98 126 88 1 99 114 49 1 136 90 40 1 121 94 51 1 145 92 68 1 112 64 25 1 112 141 86 1 129 112 70 1 0 0 0 0 139 106 103 1 0 0 0 0 124 105 58 1 75 121 82 1 95 89 64 1 79 84 73 1 59 120 52 1 106 95 31 1 0 0 0 0 104 71 116 1 116 82 57 1 115 75 45 1 109 113 43 1 78 64 41 1 113 96 29 1 103 135 29 1 122 81 21 1 173 105 81 1 114 134 59 1 132 138 58 1 101 128 16 1 100 120 25 1 93 82 75 1 111 85 62 1
31 90 62 1 59 141 39 1 81 108 77 1 72 73 43 1 110 86 55 1 109 63 68 1 58 87 55 1 85 118 38 1 104 50 22 1 79 109 88 1 72 101 23 1 0 0 0 0 0 0 0 0 114 94 12 1 99 94 93 1 54 127 34 1 71 47 16 1 63 38 77 1 103 74 63 1 79 97 68 1 95 87 73 1 0 0 0 0 81 88 65 1 135 81 63 1 80 98 56 1 103 92 18 1 104 112 17 1 145 99 68 1 118 116 83 1 101 100 71 1 145 129 80 1 83 72 80 1 127 126 60 1 93 90 70 1 97 86 51 1 103 109 130 1 107 130 61 1 95 101 62 1 135 121 64 1 141 129 101 1 0 0 0 0 163 153 120 1 156 150 100 1 85 104 91 1 109 47 82 1 122 86 35 1 112 126 58 1 112 68 65 1 149 69 60 1 108 95 45 1 116 102 44 1 107 128 53 1 129 95 53 1 120 99 43 1 83 68 58 1 92 104 68 1 88 95 31 1 0 0 0 0 115 124 109 1 137 120 68 1 99 128 57 1 96 115 89 1 84 98 53 1 105 91 64 1
53 72 43 1 70 102 13 1 110 115 67 1 73 119 80 1 96 84 48 1 48 41 50 1 76 102 43 1 77 90 53 1 0 0 0 0 62 129 38 1 0 0 0 0 82 113 50 1 67 108 32 1 53 119 78 1 112 125 78 1 29 74 56 1 0 0 0 0 41 68 45 1 93 125 75 1 83 114 48 1 59 51 19 1 0 0 0 0 103 74 43 1 101 91 80 1 112 95 92 1 135 112 68 1 0 0 0 0 131 119 66 1 94 81 48 1 96 106 56 1 119 90 40 1 85 129 77 1 132 95 68 1 118 124 76 1 0 0 0 0 101 93 70 1 147 91 56 1 132 128 111 1 166 129 98 1 165 141 67 1 154 122 90 1 121 133 69 1 172 136 111 1 129 103 83 1 96 94 37 1 80 85 56 1 104 98 87 1 0 0 0 0 97 99 56 1 110 101 69 1 93 115 69 1 142 78 0 1 146 93 56 1 140 60 102 1 81 100 57 1 65 88 61 1 0 0 0 0 138 117 97 1 0 0 0 0 0 0 0 0 142 100 61 1 84 52 45 1 97 71 69 1 132 81 42 1
96 117 17 1 68 89 56 1 95 97 54 1 112 88 73 1 75 67 58 1 56 71 52 1 97 97 43 1 114 76 46 1 112 118 87 1 75 96 80 1 77 114 51 1 103 51 39 1 44 86 76 1 67 112 38 1 42 90 58 1 77 123 69 1 87 68 20 1 0 0 0 0 115 109 53 1 79 82 48 1 102 59 30 1 112 106 43 1 0 0 0 0 113 120 32 1 0 0 0 0 115 77 91 1 0 0 0 0 91 66 78 1 68 97 103 1 72 102 57 1 113 65 77 1 80 93 64 1 92 102 70 1 100 114 67 1 90 87 66 1 89 94 67 1 115 71 22 1 84 79 82 1 121 102 48 1 151 106 65 1 118 130 77 1 164 150 73 1 146 114 95 1 131 130 114 1 114 102 109 1 93 75 86 1 122 108 42 1 123 91 84 1 96 98 87 1 109 104 74 1 104 64 73 1 110 77 30 1 142 82 60 1 0 0 0 0 82 57 34 1 97 62 54 1 82 84 55 1 117 115 83 1 136 157 77 1 142 128 57 1 104 95 55 1 66 99 0 1 54 84 47 1 71 61 28 1
83 113 62 1 73 91 30 1 44 91 58 1 0 0 0 0 63 101 70 1 67 84 15 1 80 86 50 1 0 0 0 0 74 70 103 1 52 77 50 1 61 99 46 1 69 115 37 1 102 97 37 1 43 91 46 1 69 127 59 1 0 0 0 0 102 97 51 1 70 110 57 1 103 124 32 1 83 107 45 1 73 102 17 1 83 71 0 1 83 101 38 1 76 82 68 1 99 73 52 1 123 71 25 1 162 105 38 1 83 112 60 1 97 119 35 1 110 95 62 1 65 107 6 1 58 104 23 1 0 0 0 0 131 61 21 1 123 101 72 1 104 104 33 1 104 78 70 1 104 110 55 1 109 138 79 1 164 123 48 1 140 119 83 1 179 151 68 1 137 155 58 1 145 95 94 1 121 87 94 1 120 101 72 1 78 80 63 1 114 87 71 1 0 0 0 0 127 131 71 1 87 98 97 1 156 77 59 1 100 120 80 1 155 77 0 1 0 0 0 0 82 56 25 1 61 57 54 1 111 103 62 1 155 109 90 1 104 108 48 1 80 94 63 1 0 0 0 0 50 97 21 1 40 86 17 1
91 102 65 1 0 0 0 0 49 103 32 1 0 0 0 0 0 0 0 0 75 70 38 1 40 77 17 1 77 83 79 1 77 100 75 1 80 134 33 1 99 83 61 1 68 87 61 1 60 64 49 1 60 114 47 1 125 119 90 1 91 97 39 1 112 92 43 1 68 69 48 1 90 102 60 1 105 96 46 1 115 44 22 1 103 75 48 1 111 85 38 1 119 90 20 1 116 83 16 1 100 75 74 1 99 94 58 1 131 151 86 1 131 109 49 1 65 109 38 1 0 0 0 0 81 88 60 1 104 95 4 1 0 0 0 0 135 82 44 1 122 103 52 1 89 68 46 1 74 77 76 1 90 88 25 1 46 93 52 1 0 0 0 0 132 81 77 1 0 0 0 0 103 110 66 1 103 109 75 1 108 109 85 1 123 82 91 1 103 135 94 1 98 135 54 1 118 79 51 1 96 72 78 1 77 89 58 1 111 81 27 1 122 80 39 1 73 103 47 1 64 74 32 1 49 35 0 1 93 81 62 1 125 133 72 1 134 106 72 1 0 0 0 0 99 90 30 1 74 102 29 1 49 86 40 1
61 112 35 1 62 84 24 1 86 91 23 1 49 87 35 1 55 88 51 1 100 44 47 1 30 130 45 1 60 78 28 1 78 126 60 1 29 45 85 1 90 114 8 1 113 93 43 1 94 90 44 1 89 76 43 1 91 118 41 1 0 0 0 0 78 124 54 1 79 123 65 1 106 107 38 1 85 106 12 1 104 72 74 1 103 113 59 1 113 84 71 1 0 0 0 0 92 86 42 1 47 90 64 1 120 147 76 1 145 121 41 1 94 81 63 1 109 111 59 1 124 131 57 1 94 99 38 1 113 69 0 1 114 103 68 1 114 132 88 1 100 86 48 1 111 103 58 1 117 113 71 1 81 101 58 1 89 73 54 1 107 96 56 1 94 93 83 1 0 0 0 0 117 112 69 1 77 95 74 1 109 100 38 1 0 0 0 0 159 95 107 1 116 99 113 1 149 89 35 1 133 60 45 1 107 125 68 1 79 150 84 1 124 91 42 1 134 143 54 1 115 101 55 1 0 0 0 0 106 90 82 1 110 161 62 1 99 107 53 1 78 78 69 1 98 100 33 1 73 118 34 1 88 110 64 1
113 91 30 1 122 113 23 1 88 70 76 1 0 0 0 0 61 85 25 1 96 89 26 1 92 101 22 1 87 125 43 1 72 71 35 1 93 75 51 1 49 106 25 1 117 106 52 1 60 103 27 1 107 90 49 1 38 48 15 1 114 133 84 1 72 88 41 1 0 0 0 0 76 120 33 1 99 67 31 1 80 80 24 1 117 109 33 1 93 119 77 1 85 115 63 1 105 125 64 1 0 0 0 0 136 107 59 1 137 119 63 1 117 79 76 1 109 116 82 1 78 100 81 1 108 89 59 1 95 100 31 1 91 88 58 1 135 128 63 1 83 83 90 1 89 143 82 1 105 87 96 1 101 85 38 1 80 90 0 1 96 64 67 1 70 83 64 1 121 105 93 1 92 97 45 1 91 90 80 1 96 122 60 1 115 81 63 1 0 0 0 0 89 109 74 1 100 97 74 1 147 105 71 1 99 96 77 1 77 103 67 1 122 106 130 1 137 91 109 1 66 140 43 1 100 80 97 1 152 130 57 1 113 97 76 1 134 106 65 1 85 94 51 1 87 103 44 1 71 102 44 1 63 91 35 1
0 0 0 0 68 86 68 1 64 122 48 1 0 0 0 0 76 96 39 1 97 77 39 1 71 111 4 1 85 80 33 1 37 111 30 1 83 98 86 1 100 92 52 1 94 109 54 1 0 0 0 0 84 108 20 1 99 99 3 1 74 79 48 1 111 64 46 1 107 97 38 1 90 79 67 1 84 82 44 1 136 106 15 1 89 96 62 1 75 86 11 1 79 88 61 1 127 97 35 1 87 74 61 1 144 91 88 1 142 89 92 1 127 106 83 1 116 116 73 1 109 85 48 1 129 58 61 1 87 117 55 1 96 67 83 1 129 80 60 1 78 147 76 1 83 114 50 1 99 54 59 1 84 67 44 1 71 63 15 1 116 109 70 1 102 83 40 1 96 127 66 1 120 90 47 1 100 80 81 1 133 114 37 1 100 59 25 1 0 0 0 0 156 102 113 1 122 89 52 1 99 95 69 1 95 119 59 1 76 94 100 1 143 81 69 1 149 117 56 1 104 67 77 1 128 97 59 1 149 105 84 1 119 92 78 1 83 96 89 1 83 112 33 1 78 101 18 1 59 50 28 1 0 0 0 0
76 98 29 1 89 98 19 1 0 0 0 0 67 115 48 1 94 97 46 1 70 112 69 1 77 48 33 1 83 89 29 1 87 81 47 1 97 100 45 1 101 65 55 1 140 79 44 1 54 66 44 1 130 119 41 1 110 104 53 1 120 78 79 1 131 114 92 1 43 84 44 1 61 95 39 1 71 48 40 1 81 73 53 1 77 53 48 1 91 107 123 1 77 90 20 1 128 88 51 1 141 84 64 1 95 142 67 1 81 97 76 1 0 0 0 0 0 0 0 0 54 118 48 1 94 127 77 1 109 110 88 1 107 76 37 1 103 109 68 1 128 137 86 1 0 0 0 0 150 115 50 1 97 84 80 1 0 0 0 0 59 57 7 1 68 79 84 1 67 99 65 1 103 93 67 1 130 128 88 1 119 103 50 1 91 86 77 1 112 119 83 1 137 116 83 1 103 107 52 1 77 112 59 1 137 56 62 1 92 104 59 1 133 117 63 1 137 98 68 1 102 95 21 1 106 69 91 1 109 146 64 1 143 127 57 1 148 71 80 1 78 112 68 1 58 63 37 1 0 0 0 0 109 78 47 1
106 130 39 1 70 117 41 1 84 122 8 1 94 75 6 1 68 72 83 1 63 91 66 1 0 0 0 0 84 101 42 1 96 47 29 1 74 92 53 1 93 115 42 1 84 105 36 1 61 111 76 1 96 88 54 1 90 80 35 1 88 73 80 1 115 67 28 1 90 79 66 1 55 69 14 1 70 52 31 1 95 75 77 1 132 150 43 1 83 93 70 1 106 108 78 1 100 126 84 1 131 119 76 1 113 130 35 1 122 100 90 1 154 111 107 1 165 129 118 1 129 99 98 1 145 146 80 1 0 0 0 0 109 98 75 1 131 113 73 1 89 99 24 1 85 117 69 1 136 151 87 1 124 90 76 1 97 93 88 1 110 61 78 1 0 0 0 0 71 50 70 1 152 116 67 1 134 81 96 1 115 98 74 1 116 104 84 1 0 0 0 0 84 103 16 1 105 85 48 1 120 108 67 1 0 0 0 0 119 153 76 1 139 141 62 1 133 91 94 1 162 112 90 1 136 114 81 1 141 130 94 1 135 88 24 1 0 0 0 0 0 0 0 0 0 0 0 0 0 0 0 0 0 0 0 0
89 63 24 1 59 94 23 1 76 111 81 1 96 114 77 1 0 0 0 0 92 128 34 1 0 0 0 0 62 78 16 1 122 87 44 1 88 84 39 1 118 140 34 1 0 0 0 0 88 89 62 1 0 0 0 0 106 121 56 1 125 99 35 1 104 112 75 1 46 84 48 1 50 45 31 1 99 119 39 1 83 133 51 1 105 74 60 1 90 69 88 1 70 71 61 1 86 143 54 1 132 80 40 1 133 104 76 1 103 108 85 1 111 149 130 1 141 110 106 1 138 116 99 1 180 64 95 1 183 141 74 1 113 155 71 1 77 109 92 1 107 94 41 1 131 134 47 1 121 137 111 1 103 70 87 1 118 112 62 1 125 73 71 1 70 113 41 1 188 80 78 1 0 0 0 0 90 98 47 1 133 108 81 1 148 98 56 1 139 113 81 1 121 60 34 1 0 0 0 0 159 82 112 1 137 98 22 1 137 121 91 1 105 121 67 1 141 150 82 1 132 129 44 1 128 139 52 1 172 137 77 1 114 136 41 1 127 99 50 1 76 108 2 1 80 93 33 1 139 122 90 1 0 0 0 0
60 101 38 1 112 105 38 1 100 149 70 1 85 79 25 1 43 94 69 1 85 97 54 1 90 98 7 1 65 123 69 1 70 83 73 1 61 65 79 1 28 107 30 1 89 113 50 1 0 0 0 0 0 0 0 0 98 102 26 1 97 85 47 1 107 132 48 1 51 64 54 1 0 0 0 0 89 131 56 1 126 74 90 1 133 78 106 1 0 0 0 0 75 130 57 1 120 74 64 1 138 92 46 1 103 137 111 1 149 119 112 1 174 132 97 1 138 113 104 1 142 110 74 1 92 104 53 1 137 83 82 1 131 91 59 1 114 79 46 1 0 0 0 0 118 84 92 1 93 85 80 1 123 118 75 1 117 90 29 1 0 0 0 0 0 0 0 0 55 92 68 1 74 79 27 1 125 67 42 1 126 94 47 1 108 70 29 1 130 126 123 1 146 52 98 1 85 91 76 1 92 97 44 1 109 125 80 1 148 102 77 1 122 114 66 1 100 87 102 1 137 95 60 1 119 91 34 1 149 132 104 1 144 131 114 1 133 134 97 1 110 112 53 1 88 119 37 1 0 0 0 0 150 117 17 1