5
338 347 66 60
10 0 17 1 109 112 78 1 94 145 104 1 24 118 89 1 31 54 30 1 0 0 0 0 0 50 0 1 58 122 84 1 102 124 60 1 41 114 47 1 50 48 30 1 25 29 52 1 36 83 52 1 67 76 68 1 51 82 106 1 94 110 81 1 0 0 0 0 42 78 2 1 85 70 26 1 33 69 58 1 33 50 61 1 44 23 31 1 99 98 54 1 76 114 72 1 0 0 0 0 120 159 99 1 145 126 122 1 83 145 116 1 92 67 44 1 86 103 56 1 0 0 0 0 78 121 85 1 115 89 45 1 41 105 66 1 92 84 38 1 45 72 27 1 99 112 94 1 0 0 0 0 88 95 58 1 102 103 83 1 66 101 86 1 99 86 53 1 64 128 97 1 121 97 62 1 0 16 8 1 143 194 157 1 85 106 52 1 22 61 37 1 66 87 9 1 49 54 53 1 51 63 27 1 0 0 0 0 102 80 118 1 81 111 41 1 21 96 46 1 92 117 73 1 0 0 0 0 58 94 13 1 0 3 1 1 34 52 0 1
0 17 14 1 0 53 0 1 93 84 92 1 0 0 0 0 35 61 7 1 0 0 0 0 0 88 34 1 60 103 34 1 77 111 96 1 101 64 108 1 12 53 10 1 0 16 21 1 0 78 39 1 0 0 0 0 114 129 114 1 94 175 93 1 73 94 61 1 62 92 45 1 0 0 0 0 108 54 82 1 100 53 36 1 129 145 92 1 0 0 0 0 0 0 0 0 0 0 0 0 0 0 0 0 0 0 0 0 56 56 45 1 88 96 43 1 0 0 0 0 70 102 47 1 76 104 64 1 15 101 22 1 57 78 82 1 99 109 89 1 63 132 119 1 97 130 92 1 139 88 48 1 20 50 43 1 64 77 73 1 65 55 41 1 51 121 85 1 63 57 11 1 0 0 0 0 84 108 89 1 183 202 177 1 56 38 18 1 0 0 0 0 43 29 37 1 11 57 59 1 7 43 45 1 0 0 0 0 68 71 57 1 0 0 0 0 63 100 64 1 75 70 58 1 66 111 78 1 27 56 24 1 19 34 8 1 0 28 0 1
10 9 0 1 0 0 2 1 38 77 28 1 67 104 47 1 107 44 68 1 37 31 49 1 26 111 65 1 76 126 127 1 81 114 42 1 0 54 25 1 0 19 0 1 60 98 27 1 65 95 41 1 68 71 41 1 57 60 53 1 37 115 93 1 85 73 75 1 71 73 64 1 0 0 0 0 72 93 98 1 90 105 56 1 119 78 60 1 68 74 45 1 28 54 46 1 0 0 0 0 81 95 58 1 63 102 4 1 49 95 34 1 69 92 112 1 114 116 47 1 60 82 73 1 120 121 111 1 123 156 148 1 193 170 106 1 95 162 143 1 95 98 97 1 93 142 87 1 82 85 64 1 76 83 66 1 0 0 0 0 41 100 67 1 110 102 64 1 56 78 17 1 84 141 82 1 161 218 177 1 0 0 0 0 17 56 7 1 62 60 80 1 75 87 99 1 44 70 75 1 0 3 0 1 36 0 29 1 41 30 10 1 24 43 1 1 22 50 49 1 60 78 45 1 27 48 85 1 28 84 95 1 19 49 10 1 1 0 6 1
19 31 12 1 7 69 55 1 0 27 0 1 40 68 47 1 0 0 0 0 83 122 58 1 0 0 0 0 107 123 68 1 77 58 52 1 21 53 89 1 19 20 39 1 14 84 21 1 54 74 89 1 108 90 73 1 61 64 74 1 93 75 59 1 55 79 4 1 0 0 0 0 90 127 54 1 32 83 41 1 50 71 56 1 34 81 79 1 100 87 18 1 103 96 72 1 112 129 77 1 96 88 73 1 76 56 20 1 63 130 32 1 103 52 67 1 90 76 33 1 0 0 0 0 120 124 79 1 0 0 0 0 188 127 128 1 124 112 71 1 112 179 125 1 149 169 114 1 148 144 115 1 69 95 17 1 62 102 57 1 78 90 45 1 71 70 0 1 80 133 137 1 116 146 70 1 0 0 0 0 15 29 0 1 16 45 46 1 61 69 33 1 39 108 47 1 34 75 20 1 17 33 12 1 0 33 0 1 0 46 30 1 0 31 16 1 0 12 18 1 35 18 0 1 0 23 29 1 0 8 25 1 18 8 40 1 0 22 3 1
7 61 30 1 0 27 0 1 21 54 25 1 26 84 57 1 108 130 61 1 63 76 71 1 0 0 0 0 91 123 69 1 76 108 65 1 65 31 45 1 24 50 10 1 30 84 65 1 70 137 122 1 79 61 71 1 52 94 51 1 102 129 46 1 34 91 76 1 57 122 36 1 72 103 71 1 48 117 61 1 54 118 6 1 57 94 46 1 43 70 33 1 79 111 54 1 59 41 16 1 63 72 8 1 0 0 0 0 111 86 48 1 124 125 76 1 86 139 133 1 112 165 75 1 60 90 48 1 70 97 95 1 165 122 105 1 201 164 132 1 118 157 135 1 0 0 0 0 216 224 172 1 217 183 185 1 30 76 29 1 52 85 33 1 0 0 0 0 167 205 146 1 69 96 53 1 26 29 3 1 54 75 22 1 57 52 9 1 50 80 3 1 50 54 26 1 65 85 52 1 59 57 49 1 8 75 34 1 0 18 16 1 0 14 8 1 40 33 14 1 6 43 48 1 0 0 0 0 0 24 29 1 0 18 13 1 40 72 31 1
0 0 0 0 17 52 16 1 47 82 107 1 4 31 26 1 30 47 52 1 111 89 114 1 54 88 101 1 70 97 73 1 29 58 51 1 9 36 53 1 0 0 0 0 43 66 42 1 0 29 3 1 74 74 54 1 48 97 31 1 79 108 109 1 137 147 113 1 80 56 49 1 78 92 80 1 125 133 94 1 0 0 0 0 97 155 90 1 64 83 65 1 105 79 66 1 103 109 74 1 63 99 67 1 192 206 182 1 124 119 127 1 0 0 0 0 92 169 125 1 65 43 9 1 78 60 45 1 159 142 92 1 120 119 87 1 105 122 80 1 134 146 139 1 165 205 185 1 227 241 212 1 173 188 117 1 101 120 83 1 88 59 15 1 53 44 34 1 168 187 181 1 19 56 47 1 51 45 24 1 41 84 86 1 0 0 0 0 76 85 40 1 76 110 68 1 44 64 69 1 51 36 12 1 4 12 13 1 9 43 29 1 10 1 37 1 0 33 18 1 7 33 0 1 57 56 70 1 30 34 83 1 19 69 19 1 0 0 0 0
115 181 124 1 55 68 56 1 54 106 44 1 12 69 69 1 50 103 59 1 66 107 85 1 63 85 20 1 130 128 74 1 123 120 73 1 98 181 104 1 86 67 22 1 114 129 74 1 100 108 61 1 43 56 71 1 92 95 41 1 0 0 0 0 118 137 90 1 144 140 117 1 42 74 47 1 66 39 41 1 79 113 43 1 60 98 70 1 0 0 0 0 88 126 81 1 116 143 100 1 106 119 86 1 157 183 103 1 144 148 115 1 109 102 124 1 81 165 86 1 121 117 109 1 95 97 93 1 119 116 70 1 49 106 22 1 99 104 43 1 60 98 100 1 93 127 92 1 155 209 115 1 188 149 143 1 90 59 47 1 65 57 27 1 173 119 105 1 96 142 115 1 61 110 10 1 2 56 6 1 36 67 57 1 106 131 85 1 60 107 57 1 78 85 111 1 0 0 0 0 24 51 30 1 0 42 18 1 29 47 56 1 34 67 17 1 0 33 30 1 0 64 23 1 69 104 110 1 57 101 86 1 41 40 19 1 0 0 7 1
70 95 34 1 70 113 62 1 59 97 19 1 42 57 38 1 89 135 88 1 0 0 0 0 0 0 0 0 67 97 65 1 71 144 100 1 101 132 109 1 134 208 122 1 57 80 45 1 69 70 67 1 119 82 51 1 90 108 102 1 78 98 78 1 70 130 61 1 128 84 53 1 117 80 46 1 85 110 75 1 100 121 109 1 148 105 90 1 94 147 111 1 88 172 106 1 83 141 67 1 88 103 100 1 67 90 36 1 40 48 45 1 32 78 77 1 88 150 81 1 120 111 111 1 51 132 33 1 59 79 52 1 51 53 54 1 100 97 56 1 113 119 88 1 94 89 79 1 84 135 74 1 143 127 163 1 0 0 0 0 56 40 26 1 107 168 123 1 79 151 88 1 45 68 42 1 0 0 0 0 81 63 31 1 47 78 32 1 5 42 68 1 44 71 47 1 24 45 21 1 0 37 44 1 33 37 16 1 46 1 39 1 44 65 0 1 8 18 41 1 43 54 53 1 72 58 66 1 0 0 8 1 17 51 0 1 31 69 18 1
69 97 51 1 81 116 105 1 0 0 0 0 39 61 27 1 0 0 0 0 55 107 40 1 40 116 37 1 47 67 51 1 0 0 0 0 33 69 74 1 154 149 111 1 120 96 100 1 76 101 81 1 88 148 83 1 0 0 0 0 133 146 78 1 134 115 137 1 90 122 76 1 63 80 47 1 68 98 60 1 126 158 86 1 103 126 43 1 91 95 87 1 55 70 67 1 76 54 25 1 50 96 55 1 94 69 109 1 104 128 97 1 0 0 0 0 79 136 105 1 62 117 61 1 114 64 86 1 39 96 5 1 52 120 55 1 75 144 60 1 0 0 0 0 119 124 120 1 115 105 91 1 123 183 124 1 77 98 22 1 26 69 42 1 105 173 131 1 64 129 62 1 0 41 30 1 35 75 40 1 23 73 73 1 88 107 78 1 69 81 45 1 51 113 67 1 20 67 28 1 0 0 0 0 21 6 1 1 6 52 16 1 32 38 12 1 0 24 14 1 63 22 41 1 0 45 0 1 0 54 7 1 0 28 17 1 0 0 17 1
48 79 44 1 0 0 0 0 165 131 89 1 0 0 0 0 21 21 24 1 0 30 10 1 0 0 0 0 0 0 0 0 0 0 0 0 31 59 8 1 42 22 4 1 121 133 114 1 62 85 81 1 80 80 51 1 126 143 119 1 0 0 0 0 76 65 0 1 21 65 34 1 64 104 51 1 54 76 36 1 13 63 36 1 14 82 35 1 71 48 42 1 93 111 75 1 118 130 91 1 80 142 67 1 120 124 76 1 95 99 72 1 97 87 56 1 136 125 100 1 0 0 0 0 40 64 34 1 43 24 78 1 59 136 69 1 40 83 35 1 72 95 19 1 94 98 61 1 135 89 71 1 120 76 72 1 83 86 90 1 101 65 18 1 0 0 0 0 0 0 0 0 27 28 23 1 57 92 57 1 57 81 75 1 70 90 41 1 78 57 157 1 69 115 124 1 42 20 53 1 18 34 33 1 26 77 21 1 0 0 0 0 0 1 15 1 16 41 52 1 6 6 15 1 0 19 30 1 8 28 0 1 0 80 8 1 0 22 22 1
105 103 65 1 90 91 95 1 32 55 66 1 54 71 35 1 89 98 97 1 97 88 45 1 32 53 6 1 7 45 34 1 0 0 0 0 62 101 60 1 0 46 0 1 121 147 123 1 66 59 48 1 0 0 0 0 109 139 96 1 125 113 130 1 80 120 100 1 4 86 53 1 17 51 1 1 49 71 62 1 64 79 32 1 49 84 84 1 117 113 57 1 0 0 0 0 77 92 81 1 76 127 123 1 78 76 50 1 35 81 76 1 65 68 39 1 51 116 99 1 87 99 73 1 90 97 79 1 55 35 15 1 110 104 81 1 95 61 45 1 47 79 49 1 97 117 92 1 130 162 115 1 155 141 138 1 60 137 53 1 29 43 64 1 144 163 139 1 33 86 36 1 42 45 36 1 52 117 76 1 63 19 6 1 10 81 26 1 3 62 112 1 9 98 57 1 68 45 40 1 30 91 51 1 38 42 31 1 0 0 0 0 0 31 37 1 0 26 11 1 0 35 43 1 0 71 27 1 0 46 19 1 15 9 19 1 39 53 21 1
83 90 93 1 42 66 33 1 3 34 18 1 57 104 62 1 103 113 81 1 77 141 44 1 47 75 52 1 27 74 25 1 15 58 68 1 58 87 36 1 0 9 33 1 138 156 88 1 110 98 89 1 106 120 70 1 106 140 98 1 79 113 112 1 86 87 37 1 49 89 30 1 53 108 112 1 88 118 50 1 86 86 91 1 118 134 94 1 71 72 90 1 57 85 32 1 95 89 87 1 95 115 103 1 41 39 47 1 95 105 44 1 74 107 85 1 0 0 0 0 29 69 55 1 86 108 71 1 25 60 32 1 86 92 63 1 112 119 60 1 22 70 55 1 53 97 119 1 57 141 76 1 130 146 146 1 102 107 62 1 47 102 91 1 112 136 84 1 27 54 35 1 63 105 74 1 104 139 84 1 0 0 0 0 44 97 80 1 31 36 61 1 0 22 17 1 25 84 32 1 0 96 55 1 27 35 54 1 34 32 13 1 38 19 46 1 20 21 15 1 6 3 12 1 0 0 0 0 9 43 0 1 0 42 13 1 27 31 77 1
19 80 57 1 38 28 14 1 2 61 0 1 39 70 44 1 70 117 31 1 101 142 115 1 60 114 56 1 0 0 0 0 0 40 31 1 0 0 0 0 73 107 82 1 116 157 118 1 38 80 0 1 107 76 80 1 0 0 0 0 81 115 90 1 97 91 102 1 56 82 71 1 60 73 72 1 78 122 43 1 69 66 44 1 63 136 136 1 17 35 42 1 33 51 14 1 30 84 25 1 29 29 0 1 54 108 39 1 79 89 92 1 39 71 76 1 15 83 64 1 0 52 43 1 44 31 41 1 60 93 25 1 117 113 67 1 69 70 47 1 0 0 0 0 79 125 93 1 135 135 65 1 129 163 102 1 121 87 83 1 118 86 63 1 133 155 104 1 33 92 45 1 64 83 45 1 64 108 85 1 42 66 41 1 51 60 44 1 44 60 59 1 22 70 38 1 41 42 0 1 73 47 20 1 0 0 0 0 0 34 14 1 35 51 0 1 0 14 37 1 0 57 50 1 0 0 0 0 16 26 24 1 0 36 28 1 0 18 10 1
50 83 39 1 28 55 4 1 38 75 14 1 0 29 40 1 23 100 43 1 57 104 98 1 0 0 0 0 40 64 76 1 27 33 0 1 71 117 44 1 68 90 63 1 44 101 65 1 93 164 80 1 91 134 95 1 112 114 66 1 93 103 71 1 66 68 56 1 58 91 47 1 16 69 25 1 56 95 80 1 83 107 77 1 39 93 80 1 0 40 45 1 0 58 0 1 55 0 18 1 0 0 26 1 0 20 18 1 29 61 61 1 33 66 66 1 0 26 0 1 41 81 42 1 0 0 0 0 54 103 36 1 41 101 16 1 77 122 83 1 68 93 69 1 67 33 61 1 89 118 97 1 131 85 103 1 155 167 137 1 146 116 119 1 131 144 100 1 19 59 37 1 39 73 40 1 0 0 0 0 35 28 0 1 0 0 30 1 0 57 0 1 0 6 22 1 9 92 39 1 0 0 37 1 0 48 30 1 1 55 21 1 12 32 0 1 0 0 0 0 0 30 0 1 0 37 0 1 14 12 25 1 0 20 13 1 14 3 6 1
99 130 76 1 0 0 0 0 36 76 83 1 0 0 0 0 83 98 49 1 52 105 98 1 19 73 50 1 12 0 0 1 19 45 71 1 46 133 93 1 97 89 78 1 12 15 4 1 104 153 128 1 76 93 97 1 44 51 66 1 85 80 37 1 51 75 77 1 21 97 0 1 16 38 24 1 20 24 55 1 8 25 68 1 9 68 74 1 0 41 0 1 0 18 24 1 29 64 55 1 42 54 42 1 18 59 44 1 0 47 20 1 53 36 0 1 0 60 21 1 0 59 37 1 0 0 0 0 108 136 120 1 50 50 60 1 0 0 0 0 60 92 90 1 56 86 105 1 100 153 62 1 96 102 120 1 123 75 113 1 123 140 56 1 155 172 138 1 44 97 54 1 42 75 67 1 51 70 51 1 44 41 14 1 21 42 7 1 0 23 16 1 0 28 3 1 26 28 40 1 0 45 15 1 0 0 0 0 0 35 13 1 0 55 0 1 37 23 0 1 0 0 0 0 0 26 33 1 0 0 24 1 31 74 27 1 103 124 99 1
0 107 32 1 45 78 70 1 86 72 40 1 13 38 0 1 0 0 14 1 15 12 22 1 14 56 11 1 34 91 33 1 86 94 73 1 0 0 0 0 111 99 78 1 0 24 9 1 113 122 70 1 67 86 71 1 41 73 63 1 109 83 83 1 72 104 79 1 9 55 0 1 0 0 0 0 0 26 7 1 23 35 7 1 7 10 0 1 17 19 32 1 0 57 17 1 0 26 7 1 37 43 16 1 0 0 12 1 0 66 0 1 0 0 14 1 0 12 6 1 3 28 0 1 53 77 52 1 76 48 72 1 19 87 65 1 66 98 95 1 93 142 36 1 51 124 31 1 56 58 21 1 76 80 46 1 54 62 30 1 106 134 53 1 187 192 187 1 0 0 0 0 57 64 67 1 54 42 40 1 0 0 0 0 0 0 0 0 50 89 76 1 0 0 0 0 0 0 0 0 25 77 41 1 5 40 18 1 0 32 15 1 21 51 0 1 11 62 60 1 68 114 77 1 48 75 83 1 4 58 14 1 34 57 35 1 19 95 17 1
75 91 44 1 18 71 22 1 13 1 17 1 0 28 0 1 0 27 0 1 16 43 10 1 36 27 18 1 117 133 131 1 72 71 80 1 42 63 18 1 87 153 115 1 0 90 27 1 119 146 105 1 93 73 52 1 35 57 65 1 71 118 96 1 54 66 99 1 47 29 50 1 68 53 18 1 4 18 10 1 14 56 16 1 0 50 0 1 4 18 64 1 6 29 59 1 14 3 42 1 0 38 55 1 0 47 0 1 30 43 2 1 37 35 33 1 44 48 11 1 8 7 39 1 33 119 28 1 86 89 46 1 55 67 33 1 127 120 59 1 78 106 39 1 38 63 15 1 0 0 0 0 115 125 69 1 93 103 92 1 121 108 44 1 195 172 131 1 31 68 49 1 63 96 55 1 79 100 81 1 0 0 0 0 50 130 71 1 74 88 80 1 25 80 21 1 7 13 21 1 23 25 13 1 0 35 0 1 0 0 0 0 89 131 83 1 71 125 104 1 58 57 43 1 18 36 49 1 0 0 0 1 18 20 25 1 0 22 8 1
74 84 65 1 100 94 82 1 0 73 39 1 6 16 61 1 0 0 0 0 0 38 0 1 0 99 84 1 43 135 99 1 97 97 81 1 29 47 62 1 100 137 51 1 69 52 35 1 107 134 87 1 93 69 54 1 47 65 31 1 65 109 87 1 13 48 17 1 8 42 6 1 22 78 51 1 8 3 28 1 50 27 50 1 43 18 13 1 0 52 30 1 12 0 15 1 12 41 0 1 40 31 63 1 23 65 49 1 9 28 34 1 0 27 66 1 0 43 36 1 58 40 54 1 0 0 0 0 54 108 76 1 46 41 7 1 66 92 91 1 73 97 7 1 17 47 37 1 61 69 55 1 58 82 95 1 33 102 38 1 64 81 83 1 0 0 0 0 94 143 82 1 43 91 19 1 64 84 55 1 75 89 83 1 78 70 104 1 25 43 44 1 0 35 18 1 17 23 0 1 12 79 18 1 44 86 123 1 46 101 77 1 78 60 7 1 70 106 49 1 59 76 7 1 78 87 67 1 32 92 28 1 29 43 9 1 70 70 27 1
47 51 12 1 10 3 11 1 78 53 49 1 20 98 66 1 26 41 18 1 35 49 28 1 39 94 42 1 0 0 0 0 33 84 38 1 0 0 0 0 0 0 0 0 49 43 13 1 62 83 62 1 50 85 36 1 54 62 54 1 65 59 75 1 0 63 0 1 0 0 0 0 31 65 55 1 4 28 25 1 20 14 0 1 0 57 52 1 8 70 18 1 48 19 56 1 0 40 59 1 0 48 12 1 20 31 20 1 0 43 21 1 0 0 0 0 31 55 25 1 44 65 27 1 0 31 11 1 0 31 0 1 0 0 0 0 62 78 79 1 48 91 63 1 0 0 0 0 90 101 76 1 60 88 11 1 0 0 0 0 0 0 0 0 59 115 98 1 167 146 121 1 5 0 5 1 107 111 110 1 46 87 45 1 0 0 0 0 26 28 9 1 0 53 14 1 52 57 14 1 104 104 64 1 111 155 108 1 100 113 86 1 46 61 36 1 87 84 27 1 89 55 84 1 0 0 0 0 10 6 44 1 74 87 56 1 95 132 80 1
21 57 46 1 90 80 99 1 25 72 46 1 2 65 0 1 48 85 59 1 0 0 0 0 69 72 51 1 0 0 0 0 58 37 68 1 0 29 33 1 0 0 0 0 75 67 13 1 29 68 29 1 66 52 32 1 55 50 54 1 62 35 58 1 0 0 0 0 0 41 17 1 6 6 25 1 0 20 25 1 0 0 0 0 0 0 0 0 0 0 0 0 25 54 52 1 0 0 0 0 0 0 24 1 0 34 57 1 0 9 6 1 27 0 18 1 26 44 69 1 67 29 71 1 0 46 0 1 32 38 7 1 1 69 25 1 0 39 0 1 0 72 60 1 49 59 54 1 58 91 49 1 54 87 88 1 78 113 98 1 69 83 68 1 116 114 76 1 137 168 132 1 79 104 84 1 33 102 30 1 66 64 55 1 8 15 30 1 17 25 3 1 44 75 81 1 50 104 69 1 0 0 0 0 63 81 23 1 9 52 16 1 16 13 0 1 63 82 29 1 31 66 61 1 75 57 40 1 94 123 54 1 106 142 92 1 51 68 92 1
0 3 0 1 74 77 55 1 36 52 55 1 77 72 110 1 68 84 38 1 26 96 36 1 105 145 62 1 114 100 76 1 44 90 71 1 15 61 0 1 0 40 26 1 28 48 23 1 0 29 4 1 15 10 28 1 21 52 30 1 0 11 47 1 9 23 61 1 0 25 0 1 0 20 56 1 23 46 22 1 4 36 22 1 33 80 40 1 6 100 32 1 18 22 21 1 0 38 7 1 0 0 39 1 0 18 16 1 12 0 17 1 0 0 0 0 17 44 28 1 0 43 19 1 0 21 37 1 0 38 31 1 64 66 51 1 37 44 28 1 0 0 0 0 74 104 116 1 0 0 0 0 95 106 107 1 38 48 73 1 27 51 80 1 58 131 88 1 104 137 100 1 118 140 134 1 55 51 22 1 0 6 14 1 48 32 11 1 89 94 65 1 0 0 0 0 0 0 0 0 0 15 3 1 43 53 27 1 0 0 0 0 46 105 55 1 37 69 28 1 85 80 75 1 105 75 48 1 0 0 0 0 111 96 86 1 57 125 75 1
0 0 0 0 19 17 0 1 0 0 0 0 80 88 50 1 28 54 53 1 90 75 56 1 65 114 95 1 37 73 100 1 59 73 80 1 0 0 0 0 33 71 42 1 0 22 44 1 32 0 31 1 56 50 15 1 20 39 0 1 24 0 25 1 7 29 35 1 0 0 0 0 1 23 37 1 0 0 0 0 23 20 41 1 0 0 0 0 0 6 41 1 0 50 42 1 0 2 13 1 22 49 45 1 42 27 29 1 7 52 32 1 3 67 26 1 0 46 6 1 0 14 58 1 29 30 80 1 17 54 67 1 59 76 91 1 53 40 0 1 21 24 44 1 53 36 40 1 0 34 51 1 32 19 26 1 14 40 25 1 25 57 38 1 42 32 3 1 40 59 58 1 50 90 83 1 93 129 88 1 0 0 0 0 84 131 88 1 25 94 36 1 0 0 0 0 9 0 9 1 0 18 36 1 0 0 0 0 52 76 47 1 132 99 58 1 95 120 97 1 45 71 18 1 48 61 21 1 56 110 57 1 8 73 25 1 55 72 31 1
14 0 11 1 0 0 0 1 28 0 24 1 40 86 17 1 34 35 14 1 16 33 14 1 55 64 0 1 0 38 0 1 0 43 12 1 35 102 57 1 46 57 50 1 0 11 17 1 25 25 7 1 0 56 24 1 10 1 47 1 30 15 43 1 25 33 34 1 0 69 51 1 3 25 21 1 0 85 0 1 0 16 20 1 0 85 44 1 35 12 66 1 6 7 23 1 0 54 63 1 20 14 47 1 8 55 34 1 0 7 23 1 37 35 0 1 4 26 39 1 4 12 9 1 0 22 0 1 12 54 33 1 0 42 30 1 0 78 53 1 29 52 11 1 0 61 55 1 0 55 37 1 0 5 0 1 11 8 0 1 0 6 0 1 20 0 7 1 11 30 0 1 34 20 0 1 99 138 116 1 86 103 74 1 76 105 69 1 66 65 39 1 45 11 0 1 14 11 0 1 39 30 31 1 89 81 60 1 49 88 23 1 72 86 74 1 67 59 49 1 31 59 32 1 66 63 71 1 120 108 83 1 0 0 0 0 89 107 74 1
29 73 0 1 0 0 0 0 3 46 0 1 51 38 4 1 0 0 0 0 21 43 0 1 20 26 11 1 0 14 17 1 38 52 33 1 70 113 62 1 27 98 65 1 21 46 28 1 30 50 6 1 0 35 0 1 0 12 33 1 0 0 0 1 0 6 33 1 0 0 0 1 17 20 34 1 4 66 15 1 0 50 39 1 0 6 34 1 23 60 10 1 18 37 57 1 0 28 47 1 5 30 38 1 26 41 37 1 57 32 29 1 0 52 38 1 23 35 52 1 0 0 0 0 0 51 18 1 2 27 51 1 7 49 38 1 0 27 32 1 0 54 39 1 0 33 96 1 26 51 45 1 0 0 15 1 21 71 41 1 0 0 0 1 22 48 35 1 0 45 0 1 0 40 0 1 1 37 34 1 0 0 0 0 64 121 76 1 58 88 47 1 0 95 71 1 43 41 54 1 89 103 72 1 0 0 0 0 0 0 0 0 0 0 0 0 106 95 74 1 81 119 48 1 112 98 122 1 135 134 159 1 72 98 68 1 68 107 83 1
82 108 90 1 16 47 49 1 24 18 25 1 0 37 30 1 6 60 0 1 0 22 5 1 0 46 0 1 13 47 75 1 0 0 0 0 15 29 24 1 85 111 56 1 0 0 0 0 7 33 5 1 11 59 27 1 28 11 2 1 27 64 15 1 0 0 0 1 34 20 1 1 10 31 18 1 0 15 8 1 26 33 23 1 0 31 50 1 0 2 8 1 41 25 0 1 0 11 12 1 0 0 2 1 0 0 0 0 43 27 6 1 0 0 0 0 40 61 34 1 13 16 13 1 11 60 45 1 8 82 44 1 37 63 39 1 5 24 46 1 0 0 8 1 0 0 0 0 29 34 27 1 0 30 29 1 42 50 43 1 24 64 50 1 46 0 52 1 0 25 0 1 49 36 10 1 0 49 25 1 14 95 0 1 97 115 99 1 71 133 123 1 97 101 63 1 54 113 69 1 107 186 84 1 60 82 108 1 105 100 87 1 39 71 40 1 48 63 18 1 0 0 0 0 25 79 48 1 39 63 60 1 17 55 45 1 63 87 86 1
57 90 50 1 22 79 93 1 91 111 72 1 78 107 82 1 60 130 101 1 93 141 136 1 0 0 0 0 83 109 52 1 69 48 51 1 67 111 69 1 45 92 86 1 38 17 18 1 0 33 2 1 0 42 33 1 0 34 37 1 0 21 56 1 14 11 0 1 13 13 19 1 0 0 0 0 8 40 38 1 10 29 17 1 4 41 9 1 32 46 12 1 0 43 0 1 5 51 24 1 11 80 11 1 44 54 37 1 0 0 0 1 4 61 44 1 0 0 0 0 0 12 41 1 0 74 7 1 0 0 0 0 24 53 45 1 0 64 2 1 0 0 5 1 7 38 18 1 0 0 0 1 22 60 18 1 0 4 0 1 5 6 5 1 15 30 27 1 47 73 37 1 20 10 18 1 0 0 0 0 0 0 41 1 0 78 0 1 0 0 0 0 90 70 14 1 87 70 68 1 0 0 0 0 41 59 79 1 105 112 99 1 99 55 75 1 52 112 63 1 114 135 89 1 145 153 171 1 94 132 106 1 80 18 70 1 5 79 7 1
0 0 0 0 11 25 44 1 0 0 0 0 60 101 28 1 42 66 58 1 76 44 82 1 92 70 25 1 119 138 83 1 0 0 0 0 0 18 23 1 0 43 15 1 13 14 20 1 0 19 11 1 55 99 63 1 22 37 19 1 39 111 65 1 54 87 53 1 32 57 51 1 0 26 13 1 0 0 0 0 18 55 16 1 0 34 0 1 29 42 30 1 59 28 39 1 35 4 19 1 0 21 40 1 33 48 39 1 0 70 10 1 33 68 77 1 3 86 72 1 0 47 0 1 0 0 0 0 17 35 36 1 16 48 70 1 0 17 0 1 52 50 79 1 9 1 0 1 0 5 38 1 21 26 21 1 0 0 0 0 0 46 13 1 0 0 0 0 0 0 0 0 0 0 0 0 32 42 21 1 2 28 0 1 28 45 12 1 42 60 73 1 116 83 70 1 0 0 0 0 37 91 53 1 88 79 72 1 49 55 53 1 85 118 52 1 42 22 46 1 6 103 68 1 50 102 68 1 36 46 17 1 65 77 73 1 52 90 68 1
0 0 0 0 64 97 40 1 5 36 60 1 1 20 38 1 0 0 0 0 19 29 12 1 0 0 0 1 38 92 88 1 66 106 78 1 63 46 45 1 0 31 0 1 9 48 0 1 31 50 51 1 51 65 83 1 26 65 9 1 47 101 61 1 100 129 110 1 62 68 99 1 0 73 48 1 38 0 0 1 0 47 18 1 27 51 23 1 12 97 82 1 25 101 69 1 11 33 22 1 0 0 0 0 31 70 7 1 0 0 0 0 50 71 80 1 0 58 64 1 13 16 14 1 25 55 20 1 33 48 30 1 31 27 71 1 0 24 17 1 0 43 2 1 21 3 28 1 17 35 2 1 0 54 28 1 0 47 15 1 9 5 29 1 24 0 47 1 0 30 9 1 0 66 16 1 13 57 60 1 12 33 0 1 30 51 30 1 0 0 0 0 0 0 0 0 117 117 78 1 77 91 54 1 96 106 82 1 70 82 89 1 51 72 42 1 7 79 75 1 52 74 26 1 31 52 25 1 0 0 0 1 31 27 9 1 62 63 55 1
77 112 40 1 132 143 121 1 60 41 0 1 0 56 4 1 47 55 76 1 11 55 7 1 20 46 0 1 52 83 40 1 27 77 42 1 0 0 0 0 0 23 0 1 36 89 46 1 95 92 68 1 91 113 83 1 94 106 126 1 91 77 38 1 92 88 73 1 104 64 50 1 31 72 76 1 58 103 25 1 10 58 51 1 47 97 66 1 38 65 15 1 11 47 34 1 9 17 0 1 0 29 21 1 83 44 69 1 89 92 67 1 0 0 0 0 4 59 6 1 0 0 0 0 0 0 0 0 55 106 8 1 33 111 66 1 48 43 66 1 21 53 7 1 20 60 51 1 0 6 8 1 17 63 17 1 11 0 35 1 9 75 26 1 66 99 112 1 103 121 78 1 104 96 90 1 72 83 97 1 60 80 24 1 26 52 0 1 13 55 13 1 62 82 79 1 98 137 105 1 83 124 91 1 18 94 39 1 36 63 52 1 0 0 0 0 13 85 32 1 14 36 47 1 73 13 33 1 74 87 112 1 0 0 0 0 88 16 94 1
139 160 105 1 88 90 70 1 46 80 58 1 96 65 68 1 88 96 57 1 46 76 41 1 24 65 21 1 0 16 12 1 0 0 0 0 10 11 18 1 3 39 49 1 0 0 0 0 59 85 95 1 45 70 46 1 42 70 42 1 79 60 61 1 112 88 59 1 20 37 24 1 16 8 0 1 68 84 76 1 80 141 101 1 84 96 93 1 55 86 34 1 41 34 13 1 0 0 0 0 0 30 0 1 24 58 48 1 42 65 76 1 18 82 61 1 0 0 0 0 0 0 0 0 0 19 0 1 20 18 6 1 35 54 56 1 3 45 0 1 0 48 13 1 37 41 31 1 52 46 13 1 0 0 0 0 24 29 0 1 55 58 39 1 48 68 70 1 1 44 44 1 49 70 34 1 62 120 76 1 0 0 0 0 54 54 52 1 66 53 40 1 40 102 69 1 0 0 0 0 0 0 0 0 13 24 22 1 0 53 31 1 0 0 0 0 33 54 32 1 0 20 0 1 0 0 0 0 25 81 64 1 84 88 51 1 1 28 0 1
81 80 88 1 51 56 31 1 55 75 94 1 77 105 86 1 59 120 35 1 20 48 30 1 42 62 14 1 67 66 56 1 17 67 82 1 32 18 38 1 25 49 42 1 29 55 38 1 0 39 0 1 0 15 40 1 6 51 73 1 3 2 0 1 47 17 40 1 60 69 47 1 59 62 76 1 94 81 78 1 76 42 43 1 34 64 37 1 13 52 22 1 67 27 20 1 81 60 65 1 55 27 69 1 67 68 65 1 0 0 0 0 17 70 37 1 0 45 17 1 5 8 28 1 7 15 0 1 11 29 0 1 14 17 28 1 0 27 4 1 0 0 0 0 45 49 72 1 81 100 48 1 0 19 0 1 36 41 11 1 107 99 97 1 49 54 74 1 0 0 0 0 42 91 17 1 86 140 77 1 95 98 49 1 49 74 91 1 8 50 36 1 68 90 59 1 90 80 34 1 55 78 36 1 28 0 43 1 31 29 46 1 9 63 39 1 19 39 18 1 45 13 35 1 67 64 33 1 55 88 34 1 36 20 39 1 20 44 36 1
36 49 16 1 19 12 36 1 0 0 0 0 0 0 0 0 111 109 107 1 73 98 53 1 0 0 0 0 0 0 0 0 39 56 52 1 4 64 25 1 16 68 8 1 73 77 69 1 32 45 49 1 0 0 0 0 79 111 74 1 2 42 0 1 14 13 38 1 29 82 54 1 106 115 87 1 89 65 63 1 29 34 30 1 0 15 59 1 24 98 37 1 41 105 93 1 69 75 81 1 99 90 60 1 53 72 46 1 34 59 0 1 23 98 72 1 37 102 42 1 0 63 12 1 35 34 12 1 31 33 6 1 0 24 5 1 29 62 28 1 141 150 111 1 98 114 73 1 86 103 111 1 0 0 0 0 68 82 68 1 67 114 79 1 91 92 66 1 22 50 56 1 0 0 42 1 83 94 46 1 84 82 61 1 79 91 54 1 54 85 18 1 0 79 15 1 72 55 28 1 74 88 65 1 0 0 0 1 15 8 29 1 67 73 2 1 0 0 0 0 41 64 45 1 0 40 58 1 52 32 59 1 0 39 0 1 25 52 55 1
27 6 0 1 56 54 0 1 34 77 15 1 41 86 18 1 15 69 4 1 0 0 0 0 37 73 14 1 0 0 0 0 14 46 25 1 8 43 4 1 47 31 11 1 62 63 57 1 28 74 53 1 55 45 65 1 0 46 0 1 26 35 0 1 71 74 22 1 54 67 27 1 77 117 100 1 67 82 81 1 23 44 0 1 10 35 0 1 0 0 0 0 85 101 86 1 106 112 93 1 0 0 0 0 46 48 8 1 0 0 0 0 127 103 70 1 0 0 0 0 70 85 39 1 0 0 0 0 42 95 32 1 136 127 101 1 75 104 71 1 105 100 89 1 76 130 109 1 86 48 59 1 60 96 60 1 0 0 0 0 94 125 73 1 6 53 56 1 31 80 32 1 6 45 57 1 54 150 70 1 89 84 55 1 82 101 67 1 0 9 0 1 4 41 0 1 30 41 39 1 42 22 25 1 0 0 0 0 0 42 16 1 30 37 20 1 77 112 86 1 0 0 0 0 19 92 58 1 4 34 31 1 3 3 47 1 38 49 95 1
17 24 69 1 12 47 14 1 20 38 0 1 27 54 82 1 38 32 20 1 0 45 0 1 30 57 21 1 31 65 26 1 5 5 0 1 0 0 0 0 46 119 56 1 4 65 45 1 19 45 17 1 22 28 43 1 0 0 0 0 46 102 44 1 51 72 36 1 37 53 8 1 0 0 4 1 0 0 0 0 71 82 19 1 79 48 53 1 38 58 66 1 50 88 49 1 92 121 76 1 25 67 61 1 45 82 18 1 76 104 54 1 101 71 44 1 71 69 46 1 22 68 38 1 65 101 51 1 0 0 0 0 49 79 63 1 17 14 25 1 0 0 0 0 31 89 22 1 0 0 0 0 68 87 51 1 113 149 98 1 74 80 62 1 0 36 6 1 0 0 0 0 18 80 39 1 60 72 48 1 102 139 40 1 78 104 68 1 0 0 0 0 22 34 26 1 37 113 28 1 32 72 32 1 0 20 17 1 12 35 8 1 35 32 21 1 69 70 63 1 69 143 100 1 76 62 91 1 34 91 62 1 12 58 45 1 0 0 0 0
0 0 0 0 58 63 54 1 11 50 53 1 0 0 0 0 76 35 55 1 11 1 47 1 42 63 0 1 52 59 49 1 0 0 1 1 5 66 53 1 84 107 49 1 0 0 0 0 21 62 38 1 41 58 2 1 84 82 86 1 33 61 41 1 22 24 27 1 60 25 33 1 54 80 31 1 64 78 60 1 0 0 0 0 62 58 52 1 0 0 0 0 5 62 30 1 71 68 21 1 53 64 90 1 57 57 10 1 29 59 28 1 81 65 31 1 96 104 74 1 98 96 98 1 118 133 116 1 99 124 79 1 0 0 0 0 31 34 49 1 78 67 78 1 72 39 78 1 0 0 0 0 64 115 77 1 60 50 33 1 104 116 76 1 65 87 63 1 141 126 94 1 78 91 67 1 1 69 4 1 96 87 84 1 83 81 58 1 57 66 0 1 39 86 61 1 67 56 5 1 15 70 51 1 0 0 0 0 0 0 0 0 0 0 0 0 93 61 42 1 63 99 61 1 82 74 0 1 53 76 44 1 33 69 27 1 6 30 30 1
14 48 40 1 0 0 0 1 81 47 22 1 41 80 46 1 31 36 38 1 25 21 29 1 12 108 1 1 3 74 9 1 49 67 23 1 0 0 0 0 0 0 0 0 46 52 60 1 61 94 77 1 47 78 29 1 17 77 0 1 28 41 16 1 98 123 75 1 81 94 100 1 0 0 0 0 28 42 68 1 0 48 1 1 0 40 2 1 28 1 15 1 35 34 33 1 36 88 29 1 113 108 58 1 77 101 32 1 31 36 9 1 71 142 126 1 118 106 83 1 0 0 0 0 56 106 49 1 88 98 64 1 41 43 10 1 0 0 0 0 34 39 13 1 73 62 74 1 85 95 91 1 48 87 63 1 0 0 0 0 71 86 81 1 117 109 82 1 47 111 68 1 0 84 32 1 52 72 39 1 33 103 39 1 0 0 0 0 24 85 25 1 0 0 0 0 72 104 41 1 0 0 0 0 0 0 0 0 11 94 36 1 22 18 0 1 59 12 36 1 37 98 69 1 63 100 71 1 15 72 52 1 52 53 15 1 14 0 0 1
0 11 1 1 0 0 0 0 75 56 8 1 49 63 53 1 0 22 0 1 31 0 16 1 50 40 42 1 42 22 22 1 51 55 52 1 0 0 0 0 0 47 12 1 0 37 8 1 6 77 0 1 0 0 0 0 64 132 43 1 91 74 68 1 82 100 108 1 41 65 32 1 87 110 61 1 78 101 78 1 33 59 66 1 0 40 24 1 43 64 30 1 72 50 51 1 0 0 0 0 63 90 88 1 114 88 105 1 55 7 30 1 0 65 0 1 53 55 7 1 63 64 45 1 0 0 0 0 0 0 0 0 11 38 0 1 0 0 0 1 20 25 8 1 44 51 5 1 70 57 57 1 28 74 39 1 0 0 0 0 22 61 31 1 32 29 0 1 14 44 28 1 0 0 0 0 52 108 56 1 26 39 55 1 123 140 184 1 51 49 67 1 36 87 36 1 86 47 40 1 65 110 75 1 41 83 45 1 74 144 54 1 89 56 57 1 100 109 43 1 109 111 86 1 64 87 88 1 0 0 0 0 58 69 26 1 45 38 70 1
0 4 16 1 28 61 8 1 0 0 0 0 0 5 16 1 0 0 5 1 0 25 10 1 21 34 69 1 27 38 51 1 50 48 51 1 40 26 24 1 32 37 57 1 28 72 27 1 0 0 0 0 79 77 36 1 0 0 0 0 78 73 0 1 57 69 4 1 26 67 30 1 94 86 111 1 64 73 68 1 20 62 51 1 80 104 53 1 61 126 38 1 58 82 94 1 77 93 82 1 73 78 43 1 0 0 0 0 68 120 31 1 22 43 48 1 0 73 9 1 58 57 21 1 85 108 50 1 98 89 54 1 89 129 100 1 35 87 29 1 62 76 43 1 1 102 83 1 40 118 47 1 50 48 28 1 54 64 14 1 92 121 71 1 101 169 136 1 77 108 108 1 25 96 47 1 53 82 97 1 81 123 115 1 47 58 27 1 0 54 44 1 0 55 20 1 79 79 11 1 10 86 57 1 27 42 43 1 35 82 20 1 76 78 73 1 93 60 43 1 23 6 58 1 29 30 37 1 56 109 70 1 51 55 40 1 31 45 28 1
10 43 25 1 0 0 0 0 0 49 37 1 0 7 8 1 48 7 16 1 0 8 0 1 18 56 22 1 5 3 23 1 0 42 28 1 7 37 7 1 4 30 21 1 88 101 43 1 55 92 64 1 55 75 94 1 67 81 36 1 79 40 45 1 54 44 25 1 6 57 42 1 26 88 34 1 23 26 5 1 36 33 70 1 64 25 27 1 83 147 76 1 72 98 58 1 0 58 0 1 59 75 50 1 91 141 82 1 60 93 56 1 24 0 0 1 21 71 17 1 73 72 30 1 74 72 55 1 0 0 0 0 33 40 10 1 130 98 43 1 51 87 31 1 108 58 81 1 63 77 46 1 4 34 2 1 65 50 13 1 55 65 36 1 42 115 24 1 124 140 114 1 106 141 84 1 75 127 68 1 143 151 140 1 92 95 72 1 26 75 4 1 61 102 87 1 50 118 46 1 70 94 95 1 40 95 55 1 37 104 70 1 19 18 28 1 0 58 19 1 0 0 0 0 39 61 63 1 0 64 44 1 44 31 0 1 43 70 66 1
59 70 57 1 33 41 14 1 2 18 0 1 0 17 18 1 12 50 28 1 6 58 4 1 7 64 0 1 32 30 11 1 33 53 61 1 36 39 0 1 59 72 6 1 0 0 0 0 38 16 29 1 22 59 2 1 60 99 39 1 42 21 53 1 43 66 0 1 34 74 30 1 47 74 13 1 0 56 25 1 15 36 58 1 0 0 0 0 68 40 15 1 16 38 0 1 6 27 0 1 25 61 45 1 82 68 89 1 83 121 79 1 84 91 66 1 137 76 51 1 94 106 52 1 38 58 70 1 75 78 63 1 42 57 59 1 94 108 69 1 114 134 96 1 77 84 25 1 31 29 23 1 51 44 13 1 56 88 75 1 54 107 52 1 0 0 0 0 36 48 93 1 46 133 68 1 64 72 52 1 71 126 85 1 66 60 38 1 33 40 17 1 87 78 73 1 36 78 32 1 19 41 0 1 22 0 60 1 0 18 42 1 6 42 59 1 32 48 35 1 7 77 13 1 10 25 35 1 47 51 8 1 22 56 3 1 47 75 32 1
29 55 48 1 0 0 28 1 0 53 29 1 0 3 63 1 49 91 103 1 17 63 88 1 0 0 0 0 19 78 49 1 8 60 5 1 34 58 31 1 0 0 0 0 0 30 0 1 0 9 28 1 53 97 26 1 32 93 2 1 33 32 29 1 64 43 34 1 17 1 43 1 0 52 0 1 0 48 55 1 6 25 0 1 0 23 34 1 18 58 35 1 46 83 33 1 0 70 2 1 89 67 57 1 128 150 99 1 98 152 107 1 120 132 99 1 182 168 137 1 104 112 118 1 123 148 96 1 0 0 0 0 46 54 49 1 122 111 90 1 100 118 83 1 87 77 65 1 44 56 37 1 64 107 83 1 68 107 90 1 0 0 0 0 0 0 0 0 43 50 52 1 62 87 31 1 73 90 45 1 39 94 53 1 38 25 5 1 0 79 72 1 102 69 67 1 67 84 31 1 0 0 24 1 17 4 28 1 0 6 31 1 11 49 14 1 62 63 63 1 28 23 33 1 73 63 0 1 4 25 5 1 0 39 12 1 81 131 81 1
40 30 14 1 0 16 19 1 0 0 4 1 0 24 46 1 73 107 83 1 90 170 97 1 104 131 95 1 42 52 34 1 0 30 30 1 0 58 59 1 26 52 3 1 0 0 22 1 0 0 0 0 56 13 30 1 27 21 43 1 0 0 0 0 16 18 0 1 15 23 20 1 0 0 0 0 0 48 0 1 43 26 9 1 67 46 29 1 0 78 43 1 0 0 0 0 0 0 0 0 0 0 0 0 155 183 130 1 0 0 0 0 150 162 85 1 100 130 100 1 67 84 49 1 41 45 0 1 90 72 82 1 0 0 0 0 0 38 43 1 56 61 0 1 32 52 36 1 23 37 0 1 13 69 32 1 48 59 51 1 46 67 36 1 50 112 43 1 0 0 0 0 53 145 104 1 80 111 82 1 42 70 35 1 38 27 5 1 71 73 70 1 22 50 49 1 8 32 0 1 69 68 68 1 61 72 52 1 32 64 3 1 34 34 37 1 32 71 49 1 30 36 38 1 0 60 27 1 0 4 0 1 35 38 4 1 81 120 91 1
0 44 23 1 15 69 34 1 7 80 2 1 28 32 29 1 0 50 43 1 68 68 74 1 9 86 54 1 0 34 23 1 0 27 15 1 0 7 18 1 23 21 64 1 15 64 20 1 0 50 27 1 0 33 41 1 9 1 0 1 0 6 19 1 21 70 14 1 18 6 0 1 0 28 0 1 0 37 0 1 17 0 29 1 0 43 0 1 44 56 10 1 81 127 91 1 173 127 43 1 104 112 91 1 72 117 62 1 131 124 78 1 59 66 34 1 40 54 2 1 15 69 3 1 80 21 64 1 60 94 39 1 123 113 69 1 83 139 74 1 71 128 75 1 131 112 104 1 62 77 24 1 55 76 14 1 83 69 38 1 60 142 76 1 108 126 78 1 69 120 5 1 104 102 85 1 45 73 64 1 7 30 19 1 87 98 97 1 37 75 41 1 26 55 15 1 2 43 0 1 41 44 57 1 57 98 61 1 27 73 33 1 41 68 77 1 76 91 57 1 34 49 56 1 0 26 0 1 39 30 19 1 9 79 20 1 129 104 76 1
19 52 56 1 4 78 55 1 3 0 2 1 17 10 42 1 0 0 0 0 14 40 0 1 35 48 36 1 0 0 0 0 0 0 0 0 50 57 59 1 0 39 0 1 19 56 34 1 0 6 11 1 0 0 0 1 14 44 0 1 36 47 59 1 0 71 8 1 0 16 0 1 0 0 0 0 29 62 19 1 0 14 7 1 0 29 0 1 10 29 3 1 114 123 105 1 78 125 119 1 149 151 100 1 101 99 26 1 68 51 19 1 77 73 7 1 81 44 9 1 137 126 69 1 119 131 63 1 27 61 40 1 19 23 27 1 17 28 0 1 70 100 27 1 105 112 56 1 95 94 96 1 115 132 68 1 0 0 0 0 93 78 94 1 36 131 47 1 68 83 91 1 102 116 121 1 62 57 51 1 18 16 0 1 50 48 61 1 69 46 50 1 53 61 32 1 24 57 21 1 2 46 0 1 40 52 42 1 68 67 39 1 64 71 75 1 0 0 0 0 0 0 0 0 57 30 28 1 0 1 22 1 45 6 42 1 99 90 75 1
83 90 55 1 35 47 48 1 8 11 4 1 6 0 13 1 0 0 0 0 18 29 0 1 0 5 0 1 10 21 19 1 54 21 48 1 43 32 37 1 34 26 41 1 29 32 52 1 12 24 35 1 22 25 0 1 0 0 0 0 0 0 0 0 0 59 34 1 56 54 34 1 0 0 0 0 0 0 0 0 40 47 51 1 51 52 30 1 0 0 0 0 102 126 92 1 90 106 73 1 0 0 0 0 48 56 14 1 41 49 32 1 112 117 83 1 123 124 103 1 120 139 82 1 63 88 68 1 30 70 16 1 17 65 30 1 74 57 43 1 33 23 14 1 87 101 36 1 87 114 109 1 67 83 90 1 89 105 72 1 76 62 72 1 40 49 0 1 83 113 34 1 37 57 28 1 43 38 46 1 57 63 80 1 0 0 0 0 32 68 70 1 20 65 59 1 28 9 33 1 0 0 0 0 23 50 19 1 23 42 52 1 1 95 25 1 7 18 39 1 2 6 17 1 0 0 0 0 51 50 5 1 9 73 26 1 66 53 73 1
53 58 53 1 0 0 0 0 7 44 4 1 49 79 63 1 106 88 140 1 89 62 55 1 0 0 0 0 0 51 15 1 0 65 0 1 12 44 32 1 0 0 0 0 21 29 44 1 7 28 13 1 25 28 33 1 46 19 63 1 0 19 21 1 0 54 38 1 10 24 55 1 0 54 30 1 6 22 4 1 14 43 80 1 49 50 27 1 0 0 0 0 96 137 114 1 27 60 21 1 43 41 0 1 39 73 0 1 46 89 0 1 85 100 47 1 0 0 0 0 97 100 96 1 59 67 34 1 10 0 0 1 49 49 57 1 38 90 62 1 28 24 37 1 59 107 62 1 75 98 31 1 78 82 23 1 74 78 45 1 0 41 31 1 96 153 88 1 42 57 59 1 70 80 35 1 27 25 0 1 32 34 68 1 25 69 57 1 0 0 0 0 12 8 18 1 18 30 50 1 0 6 63 1 0 96 23 1 0 0 0 0 2 43 10 1 4 40 7 1 23 0 8 1 0 5 13 1 17 14 28 1 0 0 0 0 56 78 66 1
65 84 69 1 81 66 58 1 48 39 35 1 58 119 72 1 80 159 124 1 83 90 101 1 32 37 51 1 32 39 84 1 22 0 45 1 0 75 17 1 0 5 0 1 10 56 10 1 59 35 62 1 7 72 34 1 0 11 13 1 3 0 38 1 0 32 27 1 0 0 0 0 6 17 21 1 13 17 34 1 18 22 25 1 16 38 30 1 52 74 31 1 80 112 75 1 64 62 0 1 29 49 20 1 21 65 0 1 0 0 0 0 71 122 54 1 128 123 90 1 84 120 59 1 50 79 16 1 5 26 11 1 7 0 9 1 67 137 97 1 33 58 55 1 26 92 41 1 99 110 99 1 60 97 60 1 27 34 29 1 0 0 0 0 100 119 91 1 96 122 61 1 0 0 0 0 38 75 91 1 61 85 73 1 0 0 0 0 27 34 18 1 0 48 48 1 39 47 23 1 0 28 64 1 12 37 38 1 0 41 55 1 37 29 29 1 10 44 51 1 14 33 45 1 0 26 75 1 6 32 0 1 25 37 31 1 74 88 42 1
80 108 49 1 96 99 106 1 0 0 0 0 25 61 55 1 25 83 39 1 0 21 0 1 0 13 0 1 50 22 10 1 0 7 25 1 20 29 4 1 13 47 85 1 0 0 0 0 70 54 35 1 0 0 0 0 0 22 66 1 51 60 41 1 35 42 70 1 40 35 52 1 2 31 2 1 0 40 64 1 40 5 15 1 17 29 39 1 55 65 76 1 53 128 56 1 0 22 0 1 26 66 0 1 88 112 48 1 34 95 24 1 26 43 55 1 55 58 27 1 57 79 55 1 2 82 0 1 53 105 75 1 33 58 41 1 89 158 82 1 62 139 95 1 65 52 50 1 85 118 61 1 77 61 17 1 69 86 51 1 68 114 82 1 0 0 0 0 60 117 42 1 25 46 41 1 55 98 63 1 20 109 51 1 25 17 31 1 0 71 27 1 23 71 14 1 1 40 25 1 0 0 0 0 0 2 0 1 4 51 38 1 0 20 42 1 30 14 0 1 0 31 34 1 0 56 0 1 0 7 17 1 0 0 0 0 80 85 66 1
153 144 107 1 154 116 115 1 31 63 12 1 36 50 37 1 2 3 20 1 0 65 0 1 2 25 19 1 13 51 16 1 0 29 24 1 7 47 50 1 50 45 23 1 84 95 55 1 36 52 71 1 0 40 0 1 27 53 9 1 24 40 22 1 42 37 7 1 0 38 1 1 0 0 0 0 58 34 60 1 18 0 0 1 0 0 36 1 73 97 43 1 88 100 60 1 55 63 22 1 71 72 51 1 123 121 91 1 95 123 112 1 100 107 61 1 15 78 0 1 5 27 24 1 0 14 13 1 11 0 9 1 73 54 0 1 78 68 78 1 51 105 107 1 14 78 73 1 37 72 77 1 12 61 36 1 58 141 90 1 112 83 81 1 0 0 0 0 69 61 21 1 72 76 86 1 82 113 85 1 12 32 29 1 26 27 35 1 0 27 20 1 17 38 0 1 31 37 39 1 0 63 63 1 4 27 0 1 0 0 0 0 13 0 55 1 1 37 18 1 5 0 4 1 15 23 45 1 3 31 34 1 39 76 44 1 115 117 72 1
81 173 104 1 103 139 51 1 81 136 45 1 1 10 8 1 0 22 0 1 18 70 23 1 0 17 18 1 62 59 2 1 0 30 44 1 40 76 76 1 17 88 81 1 43 34 22 1 37 45 26 1 38 32 42 1 0 0 0 0 20 33 9 1 0 0 0 0 0 70 31 1 0 11 0 1 29 102 78 1 13 41 2 1 26 0 0 1 0 0 0 0 97 129 53 1 98 102 41 1 19 68 48 1 16 55 38 1 54 89 32 1 55 68 26 1 52 78 33 1 37 45 29 1 34 31 0 1 56 60 34 1 31 34 10 1 35 76 49 1 55 85 63 1 39 53 33 1 15 70 0 1 10 15 41 1 41 56 0 1 50 56 43 1 66 48 19 1 47 14 13 1 103 96 65 1 45 71 80 1 0 0 0 1 0 42 0 1 3 11 46 1 0 26 0 1 0 40 33 1 36 1 24 1 40 34 24 1 15 13 32 1 7 0 0 1 25 12 14 1 0 0 0 0 0 6 22 1 44 68 89 1 54 83 42 1 99 63 39 1
77 80 69 1 35 14 0 1 69 94 69 1 67 89 27 1 32 60 39 1 0 62 56 1 0 0 0 0 0 36 36 1 28 43 36 1 43 69 35 1 47 97 37 1 46 65 46 1 0 63 22 1 23 15 18 1 7 62 25 1 11 19 26 1 0 63 9 1 17 41 58 1 5 11 26 1 13 28 29 1 8 25 0 1 39 24 0 1 96 100 71 1 65 113 38 1 118 166 93 1 0 0 0 0 61 96 48 1 91 81 40 1 118 146 100 1 128 123 82 1 89 88 94 1 101 125 98 1 55 82 85 1 31 44 0 1 40 120 45 1 94 40 15 1 81 115 55 1 0 0 0 0 12 52 26 1 55 78 63 1 71 81 21 1 35 93 73 1 28 97 96 1 56 114 39 1 66 21 50 1 0 0 0 0 0 0 0 0 0 0 0 0 0 46 40 1 25 69 34 1 10 47 48 1 32 26 4 1 29 10 2 1 38 11 9 1 23 29 40 1 19 51 0 1 0 0 0 0 15 65 31 1 0 0 0 0 0 0 0 0
0 0 25 1 29 0 0 1 54 77 17 1 51 87 59 1 0 3 32 1 0 17 0 1 0 0 0 0 28 87 23 1 41 78 43 1 36 86 0 1 0 0 0 0 20 47 24 1 23 57 63 1 29 28 33 1 44 42 35 1 0 37 3 1 0 0 0 0 16 39 0 1 38 24 61 1 0 15 0 1 0 0 0 0 49 78 24 1 111 128 78 1 94 87 96 1 135 162 117 1 90 121 51 1 51 53 58 1 58 76 69 1 68 64 52 1 62 81 89 1 82 83 96 1 70 105 111 1 0 53 17 1 47 34 0 1 12 45 18 1 0 0 0 1 8 40 32 1 0 41 3 1 20 70 44 1 85 109 65 1 56 107 71 1 88 123 119 1 114 150 90 1 0 0 0 0 0 27 29 1 45 53 26 1 0 0 0 0 0 13 7 1 32 17 10 1 0 68 17 1 15 20 30 1 5 0 0 1 0 8 7 1 3 37 0 1 0 0 0 1 0 0 0 1 15 44 0 1 7 46 9 1 80 108 92 1 75 88 109 1
31 68 32 1 47 24 53 1 29 98 22 1 0 0 0 0 2 32 13 1 57 54 23 1 0 55 6 1 0 0 0 0 39 96 76 1 32 51 35 1 0 45 31 1 0 96 1 1 59 102 59 1 0 0 0 0 9 62 52 1 45 87 69 1 0 33 9 1 38 24 22 1 0 7 0 1 0 51 0 1 87 68 35 1 106 127 71 1 0 0 0 0 114 139 115 1 99 134 89 1 19 74 69 1 19 57 33 1 24 55 27 1 13 30 9 1 0 0 0 0 37 43 34 1 25 6 1 1 26 72 0 1 18 50 0 1 53 118 48 1 88 84 57 1 38 61 70 1 105 88 77 1 96 140 56 1 122 105 86 1 77 118 107 1 96 95 90 1 95 94 62 1 49 85 20 1 0 0 20 1 86 75 54 1 86 56 46 1 29 54 32 1 15 39 9 1 0 0 0 0 59 51 6 1 3 56 16 1 32 63 0 1 0 0 0 0 5 61 0 1 0 43 11 1 35 57 15 1 73 42 48 1 0 0 0 0 0 43 33 1
134 102 91 1 125 130 68 1 67 99 117 1 48 84 91 1 27 61 48 1 0 1 14 1 13 46 0 1 74 119 85 1 61 82 44 1 21 19 38 1 41 76 15 1 36 99 50 1 0 0 0 0 32 21 0 1 32 66 75 1 36 67 51 1 29 23 46 1 0 17 25 1 32 24 0 1 6 0 0 1 98 92 73 1 138 150 117 1 114 92 76 1 99 83 50 1 70 99 33 1 75 122 58 1 35 95 74 1 54 60 35 1 10 47 0 1 28 46 0 1 81 49 49 1 78 105 86 1 105 70 74 1 52 82 40 1 79 96 79 1 59 90 77 1 19 66 6 1 18 36 1 1 36 41 18 1 88 130 58 1 34 109 81 1 87 75 23 1 41 83 63 1 71 118 70 1 0 0 0 0 0 0 0 0 50 60 54 1 0 0 0 0 8 0 0 1 88 96 45 1 118 121 107 1 58 86 71 1 63 83 36 1 63 121 74 1 95 132 125 1 90 144 82 1 77 95 53 1 22 122 82 1 102 131 66 1 67 86 34 1
91 81 86 1 116 77 98 1 0 0 0 0 35 76 1 1 17 14 40 1 24 76 47 1 6 34 36 1 44 36 26 1 43 71 28 1 10 67 33 1 47 125 37 1 76 87 51 1 44 62 30 1 38 64 6 1 32 35 52 1 49 53 35 1 0 0 0 0 24 41 46 1 0 47 33 1 52 65 33 1 92 80 87 1 139 109 73 1 114 117 64 1 82 89 85 1 61 41 39 1 72 79 75 1 85 110 103 1 74 74 54 1 29 47 27 1 69 78 15 1 49 94 80 1 31 21 10 1 0 0 0 0 91 72 90 1 84 107 47 1 65 114 70 1 41 74 53 1 19 23 14 1 13 8 47 1 99 98 76 1 0 0 0 0 64 56 52 1 57 107 40 1 44 108 80 1 46 63 39 1 86 61 82 1 0 0 0 0 0 0 11 1 0 18 0 1 110 85 91 1 131 130 104 1 72 132 16 1 86 105 44 1 112 123 90 1 72 123 114 1 91 103 124 1 107 78 66 1 0 0 0 0 90 141 99 1 96 112 103 1
67 71 36 1 62 25 22 1 0 0 0 1 2 17 18 1 34 63 37 1 18 66 74 1 1 61 65 1 0 54 40 1 0 0 0 0 34 50 19 1 15 0 4 1 39 30 32 1 26 29 36 1 23 76 26 1 0 51 28 1 0 0 0 0 61 26 60 1 0 36 47 1 106 87 38 1 0 0 0 0 108 135 83 1 102 94 60 1 49 104 38 1 70 104 22 1 15 77 38 1 87 90 49 1 64 95 84 1 52 59 51 1 10 35 5 1 10 0 25 1 0 0 0 0 0 33 0 1 18 43 0 1 58 81 29 1 40 84 19 1 93 101 54 1 101 119 61 1 0 17 3 1 17 82 47 1 99 99 81 1 62 109 77 1 51 59 33 1 78 83 79 1 8 16 27 1 42 83 63 1 20 89 13 1 0 77 74 1 0 56 90 1 123 98 28 1 83 140 96 1 120 120 101 1 103 117 79 1 84 129 46 1 35 102 44 1 58 52 20 1 56 51 50 1 89 125 77 1 101 119 88 1 96 120 110 1 46 103 47 1
46 44 40 1 38 8 0 1 27 20 0 1 13 41 33 1 0 0 0 0 27 73 33 1 31 45 54 1 27 24 57 1 24 50 30 1 0 48 55 1 0 31 20 1 0 46 3 1 71 47 56 1 35 76 31 1 29 71 10 1 54 4 15 1 3 44 35 1 0 30 0 1 75 55 44 1 118 125 132 1 65 108 117 1 108 92 87 1 119 87 22 1 82 106 91 1 0 0 0 0 40 80 48 1 16 55 28 1 0 0 0 1 0 0 0 0 39 58 20 1 0 41 35 1 0 0 0 0 41 64 18 1 40 27 9 1 0 0 0 0 61 84 35 1 55 71 45 1 0 0 0 1 86 66 31 1 100 93 84 1 0 0 0 0 39 101 51 1 0 53 53 1 40 52 13 1 5 52 54 1 33 37 93 1 42 81 9 1 61 90 76 1 81 134 83 1 0 34 57 1 0 0 0 0 111 154 80 1 79 111 24 1 40 48 0 1 0 41 26 1 25 75 7 1 48 0 40 1 40 94 42 1 42 93 91 1 22 48 22 1
29 61 27 1 78 55 34 1 25 46 40 1 15 37 39 1 29 35 45 1 0 15 56 1 19 13 7 1 26 40 54 1 40 39 65 1 25 58 31 1 36 40 0 1 15 14 32 1 49 40 45 1 70 51 86 1 50 35 8 1 4 64 4 1 25 26 61 1 3 31 25 1 23 77 40 1 91 99 89 1 64 121 127 1 121 113 66 1 100 133 88 1 79 99 45 1 51 55 4 1 47 2 57 1 0 25 0 1 14 31 13 1 26 58 32 1 0 0 0 0 30 45 91 1 38 29 32 1 40 92 82 1 53 96 59 1 68 79 63 1 76 75 5 1 30 5 31 1 45 51 25 1 108 91 47 1 114 95 44 1 90 47 59 1 54 69 41 1 66 36 44 1 25 33 70 1 39 87 73 1 72 78 70 1 16 83 66 1 0 0 0 0 26 76 0 1 48 86 51 1 0 0 0 0 23 57 18 1 1 13 4 1 1 22 27 1 0 40 12 1 0 4 0 1 26 66 14 1 19 93 75 1 87 81 90 1 13 2 0 1
0 37 0 1 0 37 41 1 14 25 9 1 10 33 58 1 31 22 65 1 0 49 49 1 17 30 57 1 12 45 46 1 26 48 27 1 0 0 0 0 42 69 13 1 0 24 34 1 9 18 34 1 0 61 23 1 0 0 0 0 22 57 61 1 0 0 0 0 0 19 36 1 42 75 28 1 113 148 64 1 156 100 77 1 85 68 53 1 97 48 64 1 108 64 77 1 26 18 5 1 14 56 13 1 87 85 57 1 62 72 48 1 42 63 36 1 24 39 19 1 60 42 39 1 42 117 114 1 118 139 80 1 121 164 114 1 112 182 71 1 0 0 0 0 62 85 23 1 71 58 44 1 97 70 30 1 69 78 94 1 58 121 95 1 70 56 40 1 45 72 21 1 44 23 76 1 28 41 48 1 69 50 21 1 6 28 34 1 0 19 0 1 37 29 69 1 1 22 0 1 0 44 0 1 24 65 18 1 20 34 35 1 0 0 0 0 7 17 31 1 45 12 18 1 0 0 0 0 69 94 52 1 74 102 102 1 73 65 41 1
0 0 0 0 10 68 23 1 37 98 32 1 0 41 52 1 7 50 66 1 19 52 50 1 57 37 23 1 0 0 0 0 15 26 4 1 2 37 63 1 29 66 50 1 0 62 41 1 8 63 21 1 16 16 0 1 0 0 0 1 37 33 15 1 1 41 17 1 0 28 1 1 0 0 0 0 97 88 54 1 95 105 76 1 0 0 0 0 77 72 67 1 82 94 47 1 88 110 62 1 73 107 51 1 89 127 55 1 80 143 79 1 0 0 0 0 100 90 65 1 107 110 73 1 98 160 92 1 125 102 108 1 43 104 78 1 125 95 54 1 55 56 29 1 62 59 0 1 47 113 66 1 99 82 60 1 55 114 97 1 74 56 74 1 14 60 37 1 0 0 0 0 33 30 0 1 0 31 28 1 26 55 22 1 0 16 21 1 0 23 0 1 0 0 0 0 0 0 0 1 39 93 25 1 21 91 28 1 13 49 31 1 0 57 4 1 11 24 30 1 62 29 19 1 53 84 22 1 88 87 24 1 81 87 69 1 53 38 19 1
0 0 0 0 0 4 68 1 14 69 20 1 53 62 43 1 13 21 34 1 47 29 11 1 32 45 13 1 0 66 53 1 13 8 34 1 20 46 26 1 11 80 42 1 15 27 28 1 0 40 14 1 17 39 0 1 0 0 0 1 0 50 0 1 0 0 0 0 83 121 47 1 106 106 75 1 135 103 89 1 147 152 93 1 103 159 88 1 161 177 95 1 107 154 78 1 111 124 110 1 125 119 113 1 0 0 0 0 95 132 92 1 114 87 51 1 0 0 0 0 62 40 55 1 65 99 17 1 76 88 66 1 113 107 84 1 89 121 83 1 66 106 34 1 60 84 59 1 81 102 62 1 81 86 68 1 95 122 83 1 53 120 53 1 56 104 91 1 0 0 0 0 75 48 20 1 33 70 13 1 17 59 52 1 47 51 45 1 72 67 107 1 56 96 82 1 42 98 56 1 55 121 98 1 47 68 39 1 3 2 9 1 55 68 90 1 75 105 77 1 11 39 9 1 10 46 0 1 17 49 20 1 72 122 71 1 88 114 100 1
0 44 34 1 0 31 8 1 0 75 25 1 0 0 0 0 32 6 28 1 0 0 0 0 27 41 25 1 0 37 20 1 0 34 0 1 0 0 0 0 0 41 9 1 77 65 27 1 0 35 19 1 0 0 6 1 3 31 24 1 75 103 48 1 82 153 98 1 120 148 76 1 0 0 0 0 122 101 60 1 0 0 0 0 86 81 88 1 96 87 58 1 78 135 49 1 78 57 54 1 48 37 61 1 71 58 42 1 61 93 41 1 56 81 26 1 13 46 17 1 70 35 0 1 48 66 26 1 66 127 56 1 49 113 47 1 102 135 65 1 18 91 57 1 51 113 39 1 113 147 58 1 93 123 60 1 152 116 101 1 78 147 93 1 67 43 63 1 19 104 56 1 0 0 0 0 0 23 1 1 0 53 32 1 15 24 0 1 39 43 55 1 0 0 0 0 49 81 91 1 0 0 0 0 27 68 8 1 25 59 29 1 64 95 32 1 65 78 86 1 112 89 74 1 67 77 64 1 70 74 55 1 119 98 69 1 87 115 100 1
0 45 21 1 9 8 52 1 0 0 0 0 5 9 17 1 0 0 0 0 24 50 27 1 0 26 34 1 12 21 0 1 0 41 0 1 10 12 0 1 18 49 46 1 34 21 29 1 19 9 11 1 43 45 35 1 98 149 81 1 142 144 108 1 100 108 96 1 0 0 0 0 87 96 46 1 81 116 99 1 118 133 103 1 74 91 37 1 68 120 59 1 62 85 57 1 5 30 4 1 134 88 71 1 107 129 117 1 6 60 3 1 0 0 0 0 49 34 23 1 108 81 69 1 52 116 77 1 59 112 142 1 92 146 56 1 47 56 42 1 68 81 12 1 74 72 53 1 61 117 32 1 97 155 36 1 0 0 0 0 8 54 58 1 25 24 3 1 4 27 0 1 14 58 13 1 27 65 44 1 36 44 7 1 18 53 50 1 23 53 0 1 70 56 79 1 30 45 87 1 0 35 2 1 0 39 34 1 50 71 44 1 80 74 42 1 49 30 28 1 29 48 36 1 0 33 16 1 72 81 20 1 61 118 64 1 29 80 57 1
15 66 2 1 0 65 58 1 0 20 85 1 0 13 45 1 0 44 52 1 3 13 67 1 0 30 13 1 0 0 0 0 0 71 13 1 0 36 8 1 0 0 0 0 16 24 0 1 25 66 25 1 89 99 41 1 113 120 123 1 50 103 22 1 47 47 14 1 65 73 15 1 104 108 93 1 89 107 103 1 120 115 122 1 68 145 80 1 32 85 15 1 13 26 19 1 0 50 14 1 46 122 40 1 37 73 43 1 0 0 0 0 0 0 0 0 5 0 0 1 47 87 11 1 0 0 0 0 0 0 0 0 147 84 81 1 67 136 87 1 124 92 78 1 66 99 77 1 20 55 39 1 25 77 34 1 60 111 41 1 0 0 0 0 0 32 17 1 16 14 52 1 63 81 36 1 27 84 81 1 20 69 74 1 59 58 64 1 30 79 62 1 19 45 72 1 35 38 35 1 0 31 0 1 23 28 28 1 20 71 29 1 33 65 0 1 0 50 0 1 37 30 0 1 23 45 0 1 46 47 58 1 22 37 14 1 0 0 0 0
0 57 45 1 29 37 18 1 5 22 50 1 34 56 24 1 0 50 14 1 48 19 16 1 16 30 15 1 28 19 50 1 0 11 0 1 6 0 0 1 36 39 0 1 18 32 5 1 85 99 56 1 82 95 59 1 81 95 87 1 32 61 33 1 60 86 47 1 91 111 50 1 98 115 62 1 108 118 67 1 123 152 99 1 155 183 133 1 45 86 22 1 4 7 20 1 0 0 0 0 3 0 0 1 4 0 21 1 34 43 8 1 0 0 0 0 65 70 63 1 0 0 0 0 59 114 74 1 69 64 26 1 92 78 93 1 123 108 119 1 47 99 19 1 0 0 0 0 37 44 24 1 78 102 44 1 105 87 77 1 10 114 43 1 64 89 72 1 33 18 4 1 1 14 0 1 18 57 10 1 14 38 54 1 14 60 36 1 12 78 68 1 2 38 9 1 33 65 30 1 56 60 0 1 0 0 0 0 13 18 43 1 0 0 0 1 41 76 64 1 72 73 32 1 24 116 34 1 42 43 0 1 19 19 0 1 38 81 44 1
34 78 37 1 0 21 0 1 26 12 33 1 0 25 0 1 0 46 1 1 0 42 0 1 16 41 18 1 10 58 22 1 56 47 0 1 47 33 36 1 68 47 0 1 124 95 41 1 102 124 127 1 79 109 101 1 49 40 20 1 67 88 59 1 100 67 69 1 91 107 63 1 63 103 57 1 93 87 74 1 103 138 106 1 97 106 72 1 10 14 0 1 5 26 0 1 24 70 48 1 0 44 36 1 22 60 29 1 54 40 40 1 0 0 0 0 81 90 62 1 93 97 89 1 42 65 78 1 85 144 73 1 81 71 65 1 175 207 133 1 88 152 118 1 86 134 74 1 116 98 58 1 66 91 29 1 80 94 39 1 0 0 0 0 117 129 73 1 69 71 96 1 0 50 51 1 13 47 1 1 0 31 0 1 3 55 23 1 0 26 41 1 8 54 51 1 0 20 12 1 0 0 0 0 0 0 0 0 6 47 15 1 15 0 25 1 14 62 0 1 50 62 34 1 70 112 88 1 65 89 74 1 17 54 27 1 43 21 27 1