1
73 70 83 66
22 34 84 1 0 0 0 0 5 58 74 1 32 37 103 1 11 19 115 1 5 68 51 1 26 26 90 1 12 52 104 1 0 37 47 1 0 47 61 1 25 74 104 1 8 60 47 1 12 23 90 1 30 50 98 1 22 45 84 1 0 39 108 1 34 58 118 1 0 0 0 0 3 61 90 1 0 7 68 1 20 32 88 1 41 66 90 1 5 70 111 1 19 40 83 1 35 73 115 1 0 34 71 1 87 36 79 1 70 39 84 1 0 0 0 0 26 28 56 1 7 59 106 1 33 26 92 1 0 12 90 1 16 96 78 1 17 50 107 1 18 19 93 1 38 34 81 1 0 0 0 0 35 19 113 1 35 61 82 1 47 24 93 1 70 57 71 1 66 81 99 1 36 37 69 1 40 45 48 1 23 32 67 1 73 41 49 1 0 0 0 0 28 26 96 1 40 75 135 1 19 49 79 1 0 65 48 1 52 54 83 1 0 0 0 0 32 41 64 1 5 49 113 1 44 49 84 1 47 53 107 1 35 48 87 1 21 59 77 1 61 74 105 1 16 57 79 1 74 48 74 1 36 42 108 1 42 13 95 1 11 22 73 1
20 37 79 1 62 11 96 1 30 44 78 1 29 44 108 1 5 24 74 1 18 0 89 1 18 72 78 1 0 0 0 0 37 28 89 1 19 71 76 1 46 59 111 1 0 0 0 0 52 95 93 1 0 0 0 0 0 0 0 0 48 40 97 1 38 45 88 1 25 44 77 1 0 0 0 0 28 26 104 1 13 20 82 1 11 68 82 1 0 22 56 1 0 50 52 1 15 91 66 1 0 0 0 0 42 71 79 1 6 55 79 1 38 0 60 1 60 64 104 1 0 0 0 0 16 24 102 1 20 55 103 1 25 34 72 1 50 6 64 1 51 92 97 1 57 53 70 1 3 68 70 1 0 33 80 1 18 48 23 1 39 95 115 1 0 0 0 0 53 91 48 1 0 0 0 0 20 21 55 1 36 57 99 1 72 54 81 1 30 44 49 1 10 34 64 1 25 77 82 1 28 33 92 1 51 46 62 1 4 56 73 1 69 46 70 1 40 43 66 1 5 50 74 1 0 0 0 0 35 40 118 1 43 56 126 1 0 42 59 1 40 61 114 1 23 45 105 1 48 61 89 1 0 0 0 0 40 65 80 1 32 46 74 1
3 45 70 1 0 0 0 0 4 71 53 1 14 56 89 1 0 72 72 1 0 43 83 1 43 48 111 1 0 0 0 0 32 65 57 1 32 7 72 1 58 61 45 1 0 74 47 1 0 0 0 0 7 61 58 1 53 82 51 1 40 54 87 1 42 49 81 1 1 49 84 1 41 66 129 1 70 80 85 1 54 62 85 1 45 60 133 1 29 67 36 1 43 35 107 1 49 85 115 1 0 64 96 1 41 68 88 1 0 45 101 1 17 46 98 1 53 51 79 1 23 58 73 1 34 34 108 1 3 23 81 1 38 46 65 1 48 34 87 1 39 53 80 1 33 30 49 1 18 86 95 1 0 0 0 0 0 30 79 1 39 43 115 1 27 52 83 1 4 66 74 1 56 63 87 1 0 0 0 0 0 0 0 0 0 48 91 1 48 19 17 1 36 52 72 1 46 29 84 1 49 61 94 1 59 55 91 1 57 42 79 1 36 52 47 1 7 22 91 1 31 98 117 1 45 75 88 1 40 73 106 1 30 52 114 1 0 51 91 1 15 91 87 1 28 53 121 1 46 63 90 1 9 39 105 1 0 74 110 1 64 43 69 1
33 35 95 1 11 28 79 1 49 12 82 1 34 39 86 1 19 45 69 1 67 56 98 1 13 62 77 1 54 83 107 1 25 44 71 1 24 60 77 1 33 61 92 1 0 0 0 0 5 60 90 1 49 15 101 1 24 23 49 1 4 29 84 1 11 62 78 1 35 58 92 1 26 38 101 1 38 49 94 1 23 5 111 1 43 47 132 1 42 74 65 1 6 47 68 1 49 29 64 1 0 0 0 0 31 64 104 1 0 0 0 0 28 79 70 1 20 76 112 1 44 56 65 1 0 79 102 1 17 94 90 1 61 60 100 1 18 30 66 1 31 63 91 1 25 99 94 1 0 37 121 1 31 37 101 1 0 0 0 0 8 97 100 1 84 43 76 1 37 72 60 1 6 75 67 1 24 72 77 1 57 52 89 1 24 38 85 1 1 29 87 1 0 73 94 1 65 4 103 1 67 89 66 1 18 44 99 1 10 51 124 1 17 63 58 1 58 56 71 1 0 0 0 0 29 71 115 1 22 66 65 1 26 41 37 1 10 39 110 1 32 31 109 1 40 59 96 1 42 41 101 1 19 60 114 1 36 52 100 1 0 0 0 0
53 60 83 1 0 0 0 0 29 67 99 1 64 49 87 1 0 0 0 0 62 66 93 1 0 0 0 0 24 64 85 1 20 72 84 1 72 12 89 1 0 54 59 1 0 0 59 1 0 0 0 0 50 60 99 1 35 70 86 1 0 30 94 1 46 49 81 1 37 29 73 1 36 55 87 1 0 0 0 0 25 42 123 1 51 46 119 1 32 33 55 1 54 40 79 1 43 71 87 1 49 92 89 1 29 43 94 1 30 45 69 1 26 71 84 1 0 0 0 0 0 37 38 1 23 48 54 1 64 52 59 1 47 35 97 1 34 66 94 1 17 51 93 1 39 39 95 1 17 30 71 1 39 62 109 1 52 39 61 1 20 56 83 1 39 46 106 1 0 41 73 1 19 83 102 1 28 43 58 1 32 56 106 1 28 70 39 1 3 54 65 1 30 69 69 1 37 35 110 1 55 48 87 1 38 40 95 1 60 42 91 1 14 84 81 1 45 71 48 1 45 62 92 1 16 43 87 1 17 21 71 1 5 46 75 1 50 34 72 1 41 80 79 1 36 56 79 1 9 66 63 1 15 41 81 1 41 59 91 1 47 37 69 1
50 80 99 1 0 0 0 0 2 68 94 1 58 28 77 1 10 28 95 1 39 62 86 1 16 45 61 1 46 13 75 1 26 35 129 1 0 15 44 1 2 65 53 1 60 36 91 1 36 19 38 1 38 21 105 1 0 0 0 0 18 58 84 1 80 43 96 1 0 70 74 1 15 45 100 1 53 15 65 1 20 58 96 1 7 81 73 1 18 14 111 1 18 58 87 1 15 49 63 1 7 52 110 1 28 82 64 1 21 48 83 1 44 68 91 1 9 68 110 1 32 78 66 1 0 0 0 0 67 20 99 1 0 87 87 1 48 68 117 1 43 40 95 1 44 76 113 1 51 76 76 1 0 0 0 0 9 66 80 1 55 82 87 1 44 63 52 1 41 49 48 1 59 72 69 1 61 21 94 1 33 52 65 1 0 65 71 1 21 50 84 1 13 64 61 1 33 24 103 1 26 71 73 1 49 78 100 1 0 0 0 0 49 48 59 1 3 51 125 1 0 0 0 0 31 85 88 1 71 57 77 1 26 32 104 1 28 38 114 1 0 0 0 0 0 0 0 0 49 55 116 1 45 58 74 1 44 79 49 1 0 68 73 1
0 48 64 1 0 52 82 1 32 25 83 1 29 38 63 1 52 69 113 1 13 53 90 1 0 40 80 1 0 55 51 1 20 65 111 1 33 33 115 1 0 61 112 1 23 65 85 1 10 38 50 1 0 74 96 1 24 52 110 1 9 30 65 1 45 34 95 1 0 57 121 1 43 47 72 1 27 80 94 1 44 14 63 1 12 78 40 1 23 99 71 1 18 46 95 1 45 56 94 1 0 0 0 0 0 0 0 0 0 0 0 0 11 59 95 1 9 19 78 1 31 78 81 1 22 49 68 1 22 19 111 1 0 0 0 0 32 80 53 1 18 58 60 1 38 32 52 1 34 44 73 1 29 40 67 1 20 64 55 1 17 93 96 1 78 49 43 1 52 43 77 1 38 34 52 1 33 80 62 1 16 33 70 1 32 30 58 1 34 64 102 1 39 51 78 1 4 60 82 1 37 67 80 1 22 67 59 1 15 15 94 1 49 54 66 1 83 52 53 1 32 79 140 1 65 54 117 1 54 24 79 1 35 72 90 1 3 62 94 1 59 37 66 1 40 103 99 1 26 55 113 1 33 94 107 1 17 63 67 1 18 45 100 1
40 53 102 1 19 48 79 1 29 67 74 1 0 0 0 0 25 57 96 1 50 24 100 1 26 8 93 1 16 17 125 1 0 81 99 1 23 40 95 1 41 57 115 1 23 62 80 1 55 87 82 1 24 87 79 1 49 51 51 1 0 0 0 0 14 41 69 1 19 89 36 1 44 60 99 1 22 38 65 1 10 2 110 1 38 78 113 1 41 81 123 1 54 41 97 1 0 67 60 1 69 37 80 1 28 26 76 1 25 70 82 1 30 40 76 1 49 36 36 1 23 68 64 1 0 72 122 1 0 43 92 1 0 62 89 1 0 0 0 0 50 54 91 1 13 62 97 1 19 46 45 1 16 0 63 1 18 69 45 1 54 30 109 1 31 52 64 1 31 64 52 1 9 44 98 1 35 25 83 1 0 0 0 0 0 0 0 0 26 30 102 1 67 52 79 1 16 36 92 1 10 92 66 1 41 47 60 1 20 30 70 1 23 54 113 1 0 54 70 1 39 29 76 1 49 50 85 1 57 26 121 1 36 63 111 1 37 22 105 1 10 69 109 1 0 0 0 0 52 66 103 1 42 59 101 1 29 90 104 1 32 68 76 1
60 40 80 1 18 90 84 1 37 75 55 1 34 55 90 1 47 45 75 1 30 32 95 1 60 0 98 1 49 54 95 1 41 28 50 1 34 73 103 1 16 42 93 1 78 41 48 1 14 52 79 1 0 0 0 0 23 86 137 1 22 63 51 1 23 25 88 1 30 43 127 1 28 25 90 1 2 50 32 1 16 32 66 1 11 60 111 1 31 25 66 1 13 33 68 1 22 29 53 1 0 63 74 1 30 86 81 1 68 68 63 1 19 65 97 1 0 71 115 1 70 46 85 1 19 49 97 1 66 65 46 1 36 48 78 1 58 55 119 1 34 21 100 1 27 43 87 1 8 35 64 1 34 40 108 1 44 50 78 1 40 53 42 1 2 12 110 1 0 0 0 0 0 0 0 0 36 18 94 1 41 48 66 1 0 35 114 1 45 57 85 1 45 43 99 1 55 69 97 1 19 36 52 1 0 0 0 0 34 49 75 1 45 81 78 1 75 59 62 1 46 67 115 1 15 35 84 1 3 66 71 1 0 0 0 0 25 97 71 1 9 44 99 1 0 0 0 0 0 0 0 0 23 60 102 1 36 54 65 1 36 23 106 1
0 0 0 0 12 105 49 1 41 31 105 1 36 68 92 1 40 37 86 1 0 0 0 0 38 68 66 1 52 71 58 1 0 0 0 0 33 79 66 1 57 40 117 1 0 0 0 0 90 83 80 1 35 40 104 1 41 69 66 1 0 0 0 0 28 52 40 1 46 58 66 1 62 74 90 1 10 102 96 1 0 0 0 0 48 92 84 1 48 53 62 1 70 45 94 1 0 0 0 0 65 83 103 1 17 48 65 1 40 34 90 1 57 28 77 1 45 33 81 1 30 55 74 1 9 39 67 1 50 71 74 1 22 40 70 1 25 61 86 1 0 67 120 1 22 75 85 1 66 55 76 1 4 46 53 1 39 29 106 1 36 69 95 1 9 34 61 1 45 49 65 1 45 62 83 1 0 39 67 1 32 42 117 1 0 77 94 1 26 64 63 1 18 62 109 1 0 0 0 0 56 67 109 1 17 41 93 1 40 13 65 1 26 32 104 1 1 15 100 1 20 79 94 1 23 61 89 1 11 18 88 1 19 79 129 1 9 35 109 1 33 80 96 1 51 77 100 1 60 42 72 1 53 85 89 1 15 67 109 1 49 10 104 1
45 14 100 1 39 84 108 1 37 31 71 1 46 68 81 1 0 0 0 0 20 15 74 1 35 70 114 1 31 74 113 1 21 74 98 1 19 58 78 1 16 91 148 1 8 32 46 1 31 43 84 1 30 71 67 1 59 42 82 1 26 55 81 1 40 25 72 1 29 54 66 1 34 48 125 1 37 74 85 1 34 57 84 1 35 41 107 1 54 63 74 1 55 37 110 1 50 81 89 1 40 79 93 1 29 69 86 1 15 55 61 1 17 43 72 1 37 46 55 1 49 58 68 1 51 81 92 1 44 93 83 1 8 78 85 1 36 94 85 1 29 56 109 1 57 15 122 1 38 73 85 1 0 52 90 1 6 73 82 1 26 18 101 1 32 48 50 1 54 81 101 1 30 68 143 1 42 88 122 1 0 76 70 1 18 82 96 1 43 51 53 1 24 15 54 1 0 57 109 1 66 87 106 1 24 37 59 1 51 0 79 1 26 15 57 1 20 26 85 1 0 78 63 1 32 61 81 1 47 53 69 1 6 77 98 1 20 40 115 1 52 94 87 1 74 50 121 1 29 63 92 1 0 0 0 0 0 80 47 1 0 0 0 0
13 55 105 1 42 81 75 1 40 9 81 1 19 89 95 1 57 91 78 1 14 49 82 1 61 66 124 1 27 56 99 1 37 89 112 1 14 31 93 1 20 50 70 1 0 0 0 0 23 98 57 1 40 63 97 1 31 94 61 1 26 64 96 1 27 74 81 1 46 60 116 1 12 33 110 1 30 79 93 1 21 26 155 1 6 65 90 1 69 66 109 1 0 80 99 1 54 20 78 1 38 62 123 1 29 20 86 1 29 58 70 1 56 54 94 1 27 62 87 1 32 65 87 1 41 34 129 1 22 62 108 1 56 65 69 1 12 35 75 1 80 70 65 1 40 30 79 1 17 79 90 1 32 49 97 1 8 32 95 1 14 97 81 1 0 32 90 1 0 0 0 0 12 49 110 1 0 0 0 0 23 30 56 1 43 41 92 1 43 94 65 1 13 43 101 1 38 71 95 1 21 64 135 1 13 43 113 1 34 29 73 1 5 93 105 1 21 71 138 1 0 56 95 1 33 47 84 1 46 68 101 1 41 60 103 1 20 18 84 1 41 35 124 1 75 25 122 1 36 59 106 1 43 59 98 1 51 42 109 1 61 48 99 1
29 79 87 1 41 76 81 1 12 86 94 1 36 62 83 1 16 49 108 1 55 60 54 1 25 65 94 1 35 51 67 1 3 54 45 1 10 23 106 1 24 83 28 1 27 77 75 1 21 70 51 1 32 75 90 1 0 0 0 0 46 39 74 1 39 30 113 1 3 34 61 1 28 62 101 1 13 69 98 1 35 51 83 1 41 57 75 1 14 67 76 1 28 31 105 1 15 69 87 1 25 43 81 1 68 62 89 1 0 0 0 0 22 32 72 1 5 38 100 1 21 87 67 1 5 16 109 1 74 55 103 1 33 34 108 1 0 0 0 0 0 0 0 0 12 40 50 1 1 52 72 1 49 66 96 1 63 60 92 1 29 43 111 1 41 104 107 1 36 9 101 1 49 89 87 1 38 47 93 1 47 49 72 1 0 0 0 0 33 53 95 1 30 82 88 1 61 56 109 1 84 34 91 1 5 34 79 1 8 70 91 1 47 51 92 1 30 56 102 1 29 64 134 1 7 76 91 1 13 37 123 1 32 91 89 1 3 54 73 1 44 57 124 1 49 53 94 1 31 79 98 1 17 38 58 1 23 43 97 1 34 43 53 1
56 68 88 1 13 55 76 1 42 35 59 1 28 80 101 1 45 85 55 1 13 28 77 1 39 19 93 1 21 52 101 1 30 46 83 1 30 35 69 1 0 51 96 1 54 55 100 1 36 79 70 1 61 37 94 1 0 42 90 1 17 52 120 1 72 4 59 1 37 40 68 1 0 0 0 0 22 85 72 1 51 81 115 1 16 47 62 1 74 42 95 1 3 73 71 1 22 51 89 1 39 31 126 1 12 52 86 1 41 89 101 1 54 73 99 1 48 72 92 1 40 22 142 1 0 0 0 0 41 87 98 1 0 108 109 1 14 104 116 1 33 63 86 1 0 0 0 0 72 68 69 1 29 80 119 1 0 28 61 1 29 55 107 1 63 52 78 1 0 0 0 0 72 73 95 1 62 81 92 1 23 23 108 1 28 95 89 1 0 39 62 1 43 51 112 1 68 54 123 1 57 62 109 1 0 0 0 0 0 0 0 0 23 70 106 1 66 49 122 1 11 69 111 1 31 76 119 1 60 33 80 1 0 44 106 1 30 35 115 1 0 61 114 1 0 0 0 0 30 7 75 1 39 85 88 1 40 37 95 1 0 0 0 0
30 73 110 1 43 51 90 1 50 63 111 1 43 65 85 1 41 7 141 1 20 94 95 1 18 78 94 1 48 58 82 1 52 57 107 1 31 55 111 1 31 71 91 1 14 74 120 1 18 28 108 1 34 81 83 1 45 73 75 1 33 72 88 1 22 62 68 1 37 68 96 1 0 0 0 0 11 61 67 1 63 55 99 1 0 84 109 1 47 46 108 1 44 80 98 1 13 117 89 1 28 68 53 1 0 0 0 0 48 44 70 1 12 45 118 1 40 72 79 1 38 70 49 1 40 73 93 1 7 79 123 1 56 31 110 1 0 0 0 0 60 76 113 1 18 46 93 1 59 71 106 1 30 43 125 1 54 53 126 1 39 26 93 1 18 91 60 1 17 34 100 1 31 71 85 1 40 39 52 1 54 47 83 1 0 0 0 0 0 0 0 0 31 54 134 1 83 66 106 1 23 84 112 1 49 19 131 1 1 105 117 1 52 66 86 1 31 43 95 1 43 80 133 1 62 76 63 1 90 43 80 1 61 59 111 1 42 52 80 1 5 61 116 1 0 53 89 1 25 40 104 1 35 77 96 1 34 63 111 1 22 40 90 1
39 69 93 1 38 50 73 1 1 36 94 1 53 44 73 1 27 37 123 1 7 15 94 1 39 64 96 1 53 88 100 1 44 24 123 1 43 44 81 1 103 71 69 1 19 60 91 1 44 111 84 1 0 32 103 1 38 13 77 1 37 18 106 1 34 50 83 1 51 37 101 1 44 68 65 1 23 37 117 1 64 32 79 1 44 76 119 1 55 15 82 1 27 40 83 1 10 55 103 1 31 39 92 1 52 55 111 1 17 47 90 1 0 60 117 1 41 69 71 1 23 62 113 1 57 78 94 1 46 68 141 1 62 42 81 1 62 68 112 1 20 61 124 1 7 64 113 1 70 71 108 1 74 79 112 1 47 41 66 1 61 64 81 1 24 81 90 1 15 64 102 1 57 69 92 1 26 83 89 1 53 68 85 1 22 63 41 1 40 59 105 1 19 40 108 1 0 71 106 1 31 75 75 1 35 31 107 1 78 52 94 1 44 48 75 1 42 66 103 1 41 57 88 1 17 83 102 1 40 43 76 1 0 0 0 0 19 95 121 1 21 47 88 1 17 60 97 1 46 61 65 1 27 0 68 1 17 58 100 1 44 69 99 1
58 52 86 1 51 65 97 1 0 0 0 0 44 74 97 1 30 79 98 1 86 55 65 1 39 65 78 1 50 58 118 1 36 53 86 1 43 52 108 1 54 70 62 1 24 68 110 1 55 63 89 1 53 46 61 1 12 32 107 1 9 65 111 1 7 91 115 1 31 36 97 1 54 82 99 1 24 37 69 1 29 102 93 1 55 40 124 1 42 99 96 1 47 84 97 1 56 103 88 1 34 60 99 1 48 54 79 1 0 81 48 1 14 52 80 1 30 71 127 1 49 45 103 1 14 98 69 1 45 107 83 1 43 48 89 1 40 50 133 1 0 0 0 0 72 51 125 1 47 78 97 1 45 56 99 1 87 70 95 1 33 32 102 1 59 46 56 1 39 63 97 1 59 60 88 1 26 111 89 1 28 29 93 1 41 70 103 1 35 100 73 1 59 102 58 1 71 43 125 1 32 75 90 1 41 43 91 1 30 38 82 1 24 51 120 1 22 44 87 1 7 69 117 1 45 75 98 1 16 42 86 1 0 0 0 0 52 72 88 1 0 0 0 0 26 86 123 1 46 44 61 1 52 43 107 1 28 58 129 1 34 70 106 1
24 84 89 1 19 46 100 1 12 33 55 1 25 67 66 1 39 59 105 1 0 0 0 0 20 58 75 1 20 55 117 1 31 59 76 1 43 83 101 1 5 51 90 1 3 92 98 1 29 54 59 1 0 0 0 0 28 62 103 1 17 41 77 1 0 82 69 1 32 68 84 1 3 75 121 1 53 58 87 1 15 69 122 1 26 62 52 1 0 59 60 1 27 38 115 1 40 101 109 1 70 43 89 1 0 78 85 1 42 58 76 1 0 81 98 1 58 50 99 1 25 92 95 1 24 44 84 1 60 24 62 1 42 24 85 1 46 51 69 1 20 37 100 1 52 60 100 1 21 82 109 1 31 54 94 1 28 53 92 1 0 0 0 0 40 17 130 1 31 62 59 1 46 61 82 1 7 59 65 1 20 78 90 1 46 48 125 1 76 58 95 1 35 63 88 1 12 81 87 1 40 43 92 1 25 50 65 1 2 64 97 1 21 44 106 1 0 0 0 0 6 55 96 1 22 42 92 1 32 73 124 1 3 42 68 1 17 55 100 1 51 103 71 1 49 94 82 1 0 0 0 0 31 73 107 1 34 63 103 1 27 43 84 1
58 67 72 1 19 33 81 1 54 63 81 1 18 26 75 1 0 0 0 0 14 65 96 1 35 52 106 1 61 54 77 1 24 58 86 1 38 73 124 1 35 68 81 1 2 75 65 1 28 48 86 1 39 77 99 1 34 52 108 1 17 72 91 1 0 0 0 0 12 88 104 1 37 55 89 1 0 0 0 0 30 60 73 1 35 83 102 1 56 23 112 1 65 22 66 1 0 0 0 0 32 63 100 1 17 70 104 1 28 45 82 1 0 0 0 0 25 85 91 1 37 53 102 1 26 53 107 1 37 59 136 1 83 59 107 1 58 62 104 1 54 50 63 1 22 42 77 1 31 70 98 1 44 59 100 1 51 44 105 1 31 37 130 1 51 88 91 1 39 111 115 1 43 83 108 1 38 61 119 1 19 75 89 1 31 49 64 1 24 79 83 1 30 32 77 1 24 45 96 1 21 71 111 1 29 84 114 1 43 69 84 1 2 62 90 1 69 46 113 1 78 55 119 1 23 35 121 1 20 37 60 1 32 39 88 1 54 83 87 1 35 65 61 1 9 53 100 1 23 50 111 1 19 84 97 1 27 39 70 1 43 48 132 1
34 55 108 1 43 67 118 1 1 71 109 1 15 26 113 1 84 60 91 1 0 0 0 0 34 54 105 1 14 20 88 1 31 97 84 1 37 50 103 1 48 85 126 1 46 65 85 1 29 57 102 1 20 59 66 1 36 74 101 1 16 53 82 1 0 0 0 0 37 62 81 1 17 52 89 1 49 49 87 1 37 50 89 1 76 71 39 1 32 69 102 1 0 0 0 0 19 52 132 1 73 18 76 1 51 60 71 1 33 65 103 1 0 0 0 0 15 77 38 1 24 48 61 1 80 51 113 1 26 58 128 1 0 0 0 0 23 34 108 1 30 65 121 1 10 46 85 1 17 63 92 1 40 61 92 1 36 81 82 1 48 42 109 1 66 67 111 1 79 65 95 1 88 80 115 1 23 67 93 1 2 67 101 1 47 45 90 1 12 48 108 1 0 0 0 0 71 80 136 1 63 63 84 1 34 64 46 1 0 0 0 0 30 58 107 1 56 89 124 1 36 76 104 1 68 57 142 1 27 51 52 1 1 71 112 1 41 23 92 1 18 53 76 1 35 55 113 1 53 55 96 1 0 66 118 1 35 50 76 1 0 0 0 0
60 72 97 1 42 74 91 1 60 27 110 1 3 36 115 1 25 72 86 1 47 80 77 1 18 51 80 1 0 0 0 0 27 64 116 1 9 40 73 1 25 52 93 1 41 77 115 1 63 30 79 1 0 0 0 0 63 77 100 1 40 33 104 1 45 59 83 1 44 99 82 1 32 32 162 1 24 67 36 1 0 0 0 0 45 88 99 1 46 65 113 1 29 56 105 1 46 31 84 1 44 35 71 1 44 86 103 1 37 59 115 1 30 70 79 1 33 52 82 1 46 86 91 1 15 88 121 1 0 0 0 0 50 77 72 1 20 90 113 1 54 84 103 1 42 45 96 1 0 0 0 0 49 81 96 1 42 51 98 1 19 77 90 1 73 66 113 1 21 47 103 1 55 57 113 1 64 54 105 1 76 71 73 1 33 52 92 1 0 0 0 0 37 53 80 1 60 90 128 1 44 66 130 1 20 66 116 1 0 0 0 0 50 48 84 1 42 70 105 1 0 0 0 0 32 63 91 1 14 46 65 1 35 64 104 1 33 65 77 1 42 61 92 1 65 56 120 1 59 95 100 1 7 86 91 1 0 0 0 0 0 0 0 0
56 71 82 1 69 55 67 1 35 70 94 1 0 73 70 1 5 39 103 1 35 30 86 1 44 54 82 1 38 67 84 1 29 70 125 1 35 50 67 1 47 74 88 1 27 57 58 1 35 52 108 1 35 86 110 1 50 45 81 1 33 69 108 1 23 69 68 1 66 49 98 1 41 62 78 1 24 66 118 1 56 67 127 1 16 75 125 1 32 40 99 1 19 43 63 1 19 66 106 1 8 69 81 1 78 76 113 1 7 57 65 1 34 75 66 1 0 0 0 0 22 103 108 1 24 54 98 1 45 52 79 1 58 46 73 1 24 73 92 1 0 55 93 1 1 64 95 1 54 63 46 1 49 49 53 1 36 37 99 1 47 38 115 1 31 53 63 1 43 84 78 1 41 75 131 1 0 0 0 0 0 0 0 0 0 80 71 1 7 74 129 1 0 0 0 0 28 62 83 1 0 94 118 1 0 77 93 1 41 50 103 1 15 80 100 1 22 84 114 1 4 46 73 1 34 49 90 1 10 42 74 1 48 36 95 1 55 47 49 1 22 76 92 1 0 69 115 1 56 42 94 1 57 55 97 1 10 63 102 1 50 45 110 1
0 0 0 0 25 56 100 1 68 76 65 1 42 78 92 1 39 77 89 1 0 0 0 0 0 102 83 1 0 18 88 1 4 28 72 1 37 61 71 1 0 64 117 1 61 80 92 1 36 64 88 1 56 81 119 1 21 80 74 1 36 93 94 1 30 58 78 1 35 68 50 1 27 62 109 1 0 0 0 0 42 54 87 1 45 65 64 1 31 92 77 1 48 36 92 1 7 107 98 1 5 63 127 1 26 39 115 1 53 65 79 1 0 71 79 1 67 51 80 1 0 0 0 0 58 56 78 1 0 54 103 1 39 64 73 1 33 65 124 1 39 69 61 1 7 25 67 1 33 48 112 1 0 0 0 0 32 61 129 1 11 52 76 1 61 66 107 1 77 73 131 1 39 57 97 1 0 0 0 0 45 95 99 1 61 87 80 1 56 56 110 1 49 69 96 1 32 63 135 1 29 73 90 1 81 40 98 1 20 48 86 1 69 61 95 1 20 51 119 1 17 53 66 1 36 95 101 1 0 88 72 1 0 84 90 1 22 60 94 1 65 84 125 1 0 0 0 0 62 32 99 1 22 75 106 1 0 0 0 0 0 0 0 0
0 0 0 0 5 67 104 1 55 87 106 1 35 37 86 1 25 36 71 1 35 20 66 1 15 73 100 1 33 57 78 1 6 56 105 1 12 70 90 1 44 70 111 1 22 29 89 1 26 29 81 1 21 115 92 1 26 42 126 1 18 56 93 1 11 65 102 1 53 46 63 1 29 76 112 1 30 68 69 1 20 56 84 1 29 75 81 1 41 90 95 1 50 36 85 1 36 64 124 1 25 62 72 1 19 56 101 1 15 36 106 1 42 71 100 1 0 0 0 0 22 91 93 1 44 41 82 1 36 75 73 1 7 45 119 1 48 74 69 1 20 44 104 1 0 32 126 1 30 60 97 1 47 57 81 1 27 25 93 1 26 51 113 1 0 0 0 0 0 0 0 0 33 22 91 1 38 85 122 1 13 82 56 1 9 110 116 1 33 53 78 1 36 103 96 1 67 28 68 1 34 56 124 1 0 0 0 0 38 74 64 1 9 81 84 1 22 44 141 1 78 18 95 1 31 88 114 1 10 66 92 1 80 24 71 1 37 70 140 1 54 65 96 1 0 0 0 0 49 52 100 1 6 70 125 1 25 33 114 1 0 0 0 0
50 71 99 1 74 99 103 1 0 0 0 0 41 20 54 1 26 109 75 1 0 66 101 1 44 63 57 1 0 0 0 0 37 90 138 1 37 35 97 1 50 22 100 1 73 58 95 1 68 65 87 1 44 51 92 1 0 86 80 1 30 74 90 1 62 84 58 1 15 61 105 1 51 18 60 1 33 72 109 1 27 42 95 1 27 29 91 1 30 117 97 1 15 31 71 1 0 0 0 0 55 46 122 1 15 65 103 1 19 87 120 1 74 61 114 1 56 56 99 1 13 39 125 1 24 86 73 1 0 0 0 0 0 75 139 1 44 12 99 1 19 51 109 1 25 53 104 1 61 64 99 1 47 75 133 1 81 64 82 1 58 94 90 1 39 36 102 1 31 52 76 1 63 90 98 1 85 75 104 1 40 53 92 1 10 64 81 1 25 61 109 1 58 42 109 1 43 62 132 1 29 52 84 1 33 83 82 1 61 53 109 1 38 39 86 1 29 38 92 1 28 23 79 1 16 72 64 1 46 35 100 1 32 3 87 1 0 0 0 0 50 58 80 1 43 25 89 1 24 59 122 1 18 45 96 1 25 81 112 1 55 29 107 1
76 53 88 1 56 43 114 1 67 91 92 1 45 75 83 1 38 44 95 1 23 39 99 1 0 61 100 1 24 13 95 1 29 15 72 1 53 69 80 1 46 41 86 1 32 51 96 1 73 61 98 1 57 45 89 1 58 78 96 1 55 36 104 1 56 38 92 1 44 56 58 1 33 59 73 1 31 48 104 1 36 63 124 1 48 9 122 1 41 56 121 1 4 52 91 1 17 0 78 1 43 61 112 1 28 52 70 1 0 0 0 0 15 37 134 1 17 38 115 1 40 28 75 1 19 44 74 1 36 71 82 1 36 59 107 1 53 79 100 1 47 55 130 1 13 58 80 1 3 81 116 1 0 0 0 0 33 57 146 1 28 27 89 1 30 55 88 1 24 61 88 1 0 0 0 0 24 67 81 1 27 56 96 1 0 121 100 1 4 125 92 1 0 0 0 0 67 19 120 1 25 90 110 1 42 29 100 1 26 61 89 1 25 50 79 1 29 67 103 1 28 36 84 1 37 18 93 1 30 74 71 1 6 102 123 1 52 70 103 1 0 0 0 0 49 48 80 1 53 28 73 1 0 0 0 0 40 63 115 1 0 65 88 1
54 58 114 1 0 0 0 0 0 0 0 0 24 97 78 1 33 90 76 1 14 62 67 1 31 107 79 1 62 62 131 1 66 81 95 1 59 59 105 1 32 59 90 1 47 50 77 1 60 60 95 1 32 63 113 1 36 64 101 1 16 68 100 1 45 76 28 1 29 67 95 1 39 84 101 1 0 67 54 1 15 68 86 1 0 0 0 0 53 64 76 1 58 78 92 1 0 0 0 0 0 0 0 0 28 61 125 1 41 23 104 1 17 92 72 1 48 82 69 1 27 72 100 1 18 14 103 1 47 73 85 1 61 45 89 1 11 68 100 1 47 97 106 1 44 37 135 1 20 66 81 1 88 70 76 1 52 55 99 1 6 67 89 1 21 55 89 1 53 91 114 1 25 70 104 1 27 71 105 1 29 78 118 1 75 81 127 1 0 0 0 0 0 0 0 0 15 59 57 1 0 0 0 0 51 44 70 1 75 53 90 1 56 77 95 1 18 69 75 1 48 34 113 1 0 29 93 1 55 45 120 1 50 80 106 1 45 71 121 1 0 50 109 1 9 56 85 1 48 54 113 1 46 61 75 1 53 58 104 1 58 62 126 1
56 75 139 1 58 77 104 1 0 0 0 0 46 80 109 1 34 89 99 1 15 88 103 1 27 39 101 1 87 52 134 1 55 85 81 1 82 69 80 1 24 33 88 1 77 123 70 1 0 0 0 0 32 53 65 1 29 20 128 1 53 57 111 1 56 73 88 1 63 78 92 1 33 80 104 1 17 70 115 1 16 70 79 1 41 80 75 1 0 0 0 0 71 46 80 1 28 81 94 1 15 74 88 1 0 0 0 0 84 37 83 1 0 0 0 0 36 107 150 1 0 0 0 0 56 70 106 1 50 57 124 1 30 81 103 1 25 65 73 1 20 87 106 1 25 67 80 1 54 58 52 1 66 73 76 1 0 0 0 0 23 42 84 1 75 99 85 1 36 48 104 1 40 59 95 1 0 0 0 0 64 54 61 1 0 0 0 0 75 79 103 1 46 49 114 1 39 37 63 1 11 39 124 1 16 45 94 1 6 34 67 1 0 0 0 0 16 80 118 1 33 61 100 1 39 46 84 1 33 31 88 1 63 48 87 1 15 129 90 1 48 59 91 1 39 59 51 1 0 0 0 0 63 58 121 1 38 94 96 1 24 51 101 1
32 91 108 1 27 94 114 1 0 0 0 0 29 90 127 1 37 58 53 1 54 54 104 1 46 66 79 1 14 67 134 1 17 84 146 1 34 63 110 1 46 87 115 1 17 47 133 1 0 0 0 0 0 0 0 0 0 0 0 0 29 84 98 1 49 43 83 1 32 70 113 1 73 76 89 1 38 79 107 1 29 83 99 1 0 72 96 1 44 86 97 1 0 0 0 0 12 62 93 1 50 61 77 1 26 70 85 1 19 84 89 1 31 64 81 1 35 62 75 1 81 41 82 1 62 52 93 1 100 26 121 1 61 84 138 1 57 35 100 1 3 62 77 1 0 72 107 1 23 56 96 1 55 67 110 1 78 67 109 1 18 59 94 1 0 0 0 0 27 62 68 1 62 68 92 1 54 86 137 1 59 52 106 1 0 96 121 1 6 24 117 1 66 83 110 1 39 57 113 1 27 55 110 1 51 0 104 1 10 50 98 1 13 17 67 1 33 62 76 1 33 58 94 1 41 52 102 1 60 59 80 1 18 24 73 1 30 61 72 1 49 76 86 1 73 73 122 1 33 69 71 1 49 44 99 1 43 73 111 1 28 79 78 1
0 0 0 0 49 69 101 1 50 79 86 1 58 57 132 1 27 67 135 1 60 71 65 1 38 62 126 1 21 59 90 1 0 0 0 0 8 59 70 1 27 50 105 1 14 67 69 1 0 0 0 0 48 45 46 1 33 51 100 1 40 79 47 1 28 45 47 1 26 74 123 1 25 19 111 1 45 57 74 1 41 45 70 1 40 61 123 1 27 81 98 1 42 56 98 1 0 0 0 0 0 79 78 1 0 52 49 1 54 68 91 1 47 69 108 1 64 68 60 1 30 83 95 1 39 79 107 1 35 38 81 1 33 37 72 1 20 32 88 1 15 103 78 1 3 73 91 1 28 81 97 1 21 57 120 1 48 79 106 1 30 63 82 1 46 44 85 1 19 57 100 1 62 58 68 1 13 58 74 1 58 63 67 1 58 17 99 1 26 92 73 1 45 85 107 1 17 82 98 1 57 35 109 1 19 119 112 1 39 40 100 1 64 87 103 1 61 86 96 1 15 73 114 1 48 89 98 1 24 42 86 1 40 39 116 1 36 76 114 1 58 78 114 1 16 0 135 1 32 76 106 1 0 0 0 0 32 66 86 1 12 44 119 1
36 73 84 1 43 66 124 1 25 88 102 1 71 68 97 1 21 63 86 1 25 92 123 1 67 60 130 1 38 82 65 1 0 0 0 0 33 102 81 1 56 71 103 1 54 66 115 1 46 102 100 1 18 66 64 1 24 51 91 1 0 0 0 0 13 59 109 1 53 82 99 1 0 0 0 0 17 40 65 1 18 59 91 1 16 30 87 1 52 93 138 1 82 20 130 1 48 81 110 1 23 36 123 1 0 0 0 0 35 63 90 1 71 70 104 1 30 50 125 1 49 63 136 1 49 92 45 1 50 69 95 1 85 72 75 1 18 89 96 1 6 63 98 1 61 67 81 1 26 49 116 1 50 42 70 1 28 87 112 1 0 70 83 1 58 53 65 1 15 57 67 1 71 90 83 1 48 58 110 1 57 60 140 1 68 63 78 1 1 45 124 1 36 59 108 1 37 55 78 1 21 74 88 1 24 64 109 1 0 0 0 0 92 40 83 1 79 97 80 1 55 51 92 1 21 64 83 1 27 61 72 1 47 47 73 1 26 62 86 1 51 96 78 1 0 0 0 0 44 64 113 1 0 90 65 1 19 50 108 1 42 83 122 1
55 80 110 1 54 44 121 1 72 103 99 1 36 68 111 1 50 57 109 1 47 60 62 1 47 76 65 1 10 98 104 1 40 51 85 1 49 25 131 1 35 36 146 1 24 60 70 1 0 96 129 1 84 53 71 1 15 77 114 1 57 45 118 1 24 54 110 1 3 79 123 1 63 77 99 1 49 70 99 1 0 0 0 0 70 57 122 1 8 66 110 1 20 51 106 1 47 67 84 1 0 0 0 0 20 40 101 1 7 56 102 1 32 73 136 1 59 36 139 1 36 64 121 1 27 66 137 1 37 70 115 1 54 84 86 1 24 80 92 1 50 59 146 1 16 82 82 1 26 68 125 1 31 46 152 1 39 88 120 1 41 73 118 1 30 70 80 1 34 72 100 1 51 51 54 1 40 43 75 1 28 81 110 1 65 76 84 1 59 82 109 1 47 14 104 1 50 41 89 1 60 32 25 1 0 58 105 1 29 80 104 1 64 52 98 1 82 63 107 1 52 83 117 1 0 0 0 0 66 64 84 1 0 0 0 0 40 58 66 1 19 58 104 1 24 37 77 1 85 72 67 1 37 70 92 1 40 46 84 1 70 51 125 1
43 61 77 1 50 69 94 1 63 65 70 1 103 61 90 1 17 24 84 1 40 70 110 1 54 60 103 1 0 0 0 0 59 91 123 1 67 47 99 1 70 70 107 1 66 31 93 1 32 42 109 1 37 56 63 1 38 44 64 1 44 73 97 1 14 63 93 1 60 93 67 1 31 82 81 1 43 42 107 1 45 66 59 1 41 70 94 1 56 90 96 1 34 88 111 1 57 70 104 1 23 72 80 1 48 43 106 1 48 84 94 1 75 60 82 1 88 77 129 1 3 94 68 1 26 28 100 1 84 69 132 1 38 40 117 1 32 49 116 1 37 34 129 1 38 95 118 1 58 74 71 1 14 27 76 1 38 54 132 1 31 83 81 1 93 82 105 1 49 64 124 1 49 69 134 1 26 66 98 1 33 65 108 1 38 118 142 1 18 67 111 1 36 103 101 1 56 34 119 1 41 77 121 1 38 50 74 1 0 0 0 0 91 30 91 1 22 89 100 1 69 102 123 1 19 64 67 1 43 54 111 1 17 54 115 1 40 64 75 1 45 90 88 1 38 42 110 1 59 84 144 1 29 72 105 1 0 0 0 0 33 69 79 1
45 20 115 1 40 52 104 1 92 80 85 1 61 43 76 1 45 45 86 1 48 80 98 1 30 53 81 1 38 51 101 1 66 65 93 1 34 62 94 1 42 64 95 1 54 57 56 1 29 10 106 1 0 0 0 0 52 42 111 1 6 47 60 1 18 35 71 1 13 62 97 1 14 85 92 1 42 76 106 1 61 121 88 1 52 92 84 1 44 53 135 1 69 39 72 1 47 113 93 1 20 80 115 1 22 31 88 1 53 107 113 1 52 79 84 1 0 0 0 0 60 48 93 1 16 61 96 1 24 48 74 1 33 80 92 1 32 62 107 1 44 86 149 1 51 71 78 1 58 52 82 1 0 0 0 0 37 65 92 1 16 24 59 1 43 59 98 1 50 67 98 1 34 79 87 1 44 59 137 1 12 53 111 1 38 56 108 1 23 42 140 1 65 26 115 1 30 46 92 1 12 99 97 1 31 76 93 1 28 94 100 1 54 72 120 1 34 33 90 1 30 87 115 1 83 70 106 1 40 93 118 1 16 100 117 1 48 92 105 1 62 71 60 1 50 63 95 1 78 49 90 1 7 44 105 1 52 68 102 1 42 33 69 1
39 32 96 1 55 86 137 1 44 70 73 1 32 21 96 1 20 88 87 1 29 80 97 1 10 51 92 1 52 89 104 1 57 47 134 1 24 34 109 1 52 63 108 1 0 0 0 0 57 87 76 1 0 39 65 1 0 0 0 0 51 47 74 1 22 83 142 1 37 43 88 1 44 13 90 1 37 7 96 1 66 60 71 1 52 56 90 1 40 68 98 1 66 79 106 1 35 66 130 1 34 62 118 1 0 0 0 0 57 33 112 1 46 64 56 1 0 0 0 0 24 63 125 1 66 70 136 1 46 76 106 1 41 78 93 1 23 24 116 1 56 64 88 1 69 101 111 1 56 94 116 1 53 58 114 1 40 47 111 1 52 72 92 1 25 77 98 1 90 65 102 1 34 56 107 1 0 78 118 1 42 64 106 1 53 36 109 1 7 55 74 1 46 51 74 1 28 80 115 1 61 98 121 1 79 55 90 1 14 55 116 1 37 102 110 1 0 0 0 0 0 85 107 1 52 66 130 1 65 135 86 1 0 0 0 0 20 36 121 1 24 56 94 1 22 69 89 1 41 68 112 1 39 88 94 1 53 49 116 1 0 0 0 0
80 69 114 1 36 78 119 1 29 61 101 1 47 46 84 1 24 60 95 1 31 66 116 1 32 45 90 1 15 67 105 1 1 25 63 1 76 85 67 1 43 70 78 1 43 62 120 1 43 40 144 1 34 44 62 1 61 58 49 1 7 46 53 1 0 0 0 0 22 40 90 1 36 57 83 1 0 0 0 0 22 69 100 1 0 0 0 0 40 59 60 1 0 0 0 0 28 39 116 1 51 65 76 1 33 63 94 1 19 59 61 1 41 49 119 1 38 65 70 1 67 56 79 1 62 81 144 1 49 100 87 1 20 114 103 1 33 60 91 1 6 116 82 1 56 91 125 1 24 59 107 1 44 92 81 1 59 66 90 1 58 73 112 1 27 61 84 1 19 75 104 1 44 75 108 1 43 32 118 1 65 92 67 1 28 76 110 1 0 0 0 0 14 60 63 1 48 71 71 1 77 45 104 1 76 41 108 1 6 43 112 1 49 76 134 1 8 49 113 1 0 0 0 0 49 59 107 1 49 97 112 1 0 0 0 0 49 77 100 1 45 63 110 1 26 46 118 1 78 57 109 1 67 63 80 1 40 68 99 1 25 61 113 1
24 75 118 1 17 52 98 1 69 60 100 1 69 54 85 1 21 41 116 1 0 0 0 0 73 48 75 1 15 34 89 1 54 38 82 1 15 91 76 1 14 58 92 1 66 36 115 1 38 70 74 1 0 65 139 1 0 0 0 0 45 69 62 1 10 64 118 1 80 79 86 1 0 56 80 1 52 0 113 1 28 46 114 1 0 0 0 0 36 82 96 1 53 63 95 1 45 33 88 1 45 50 94 1 2 52 46 1 18 79 116 1 59 55 95 1 33 39 47 1 0 0 0 0 46 92 88 1 0 0 0 0 0 0 0 0 33 69 98 1 20 78 80 1 67 80 147 1 2 60 120 1 0 0 0 0 31 67 100 1 74 89 95 1 35 61 137 1 22 53 99 1 35 55 101 1 0 80 54 1 18 100 149 1 75 49 101 1 39 44 68 1 4 81 111 1 0 0 0 0 38 72 117 1 67 50 74 1 71 94 108 1 16 71 107 1 13 38 117 1 61 65 89 1 1 77 93 1 38 43 133 1 43 53 63 1 4 49 113 1 0 0 0 0 26 65 123 1 34 99 110 1 67 57 82 1 53 72 99 1 43 46 114 1
40 52 134 1 35 70 87 1 17 80 90 1 0 0 0 0 36 40 129 1 50 60 105 1 35 55 142 1 0 0 0 0 0 63 71 1 48 52 60 1 78 60 127 1 41 99 87 1 0 20 77 1 38 65 111 1 0 47 107 1 26 65 63 1 16 41 74 1 26 37 76 1 20 55 95 1 13 79 72 1 55 59 67 1 38 62 130 1 19 29 69 1 40 78 97 1 44 88 89 1 45 64 93 1 26 44 72 1 34 55 117 1 0 0 0 0 20 78 90 1 63 84 121 1 43 88 91 1 23 59 92 1 62 45 104 1 0 0 0 0 0 0 0 0 45 45 90 1 49 48 109 1 9 62 114 1 0 46 98 1 57 68 96 1 45 37 117 1 53 73 119 1 67 56 98 1 91 68 46 1 56 87 107 1 72 38 67 1 35 52 93 1 28 64 89 1 37 99 97 1 0 0 0 0 14 55 61 1 21 69 131 1 32 95 97 1 39 32 97 1 37 53 104 1 0 67 106 1 35 111 95 1 67 49 116 1 30 54 108 1 40 83 91 1 0 0 0 0 3 65 105 1 38 78 148 1 57 79 117 1 23 73 118 1
5 83 146 1 0 0 0 0 44 77 82 1 13 62 92 1 40 53 97 1 13 67 93 1 23 62 101 1 39 69 72 1 50 54 114 1 31 90 66 1 46 41 92 1 36 34 96 1 0 0 0 0 49 41 76 1 49 74 98 1 22 40 79 1 30 68 69 1 19 67 84 1 14 78 123 1 14 10 105 1 20 38 85 1 0 0 0 0 0 0 0 0 57 48 120 1 28 63 71 1 0 0 0 0 37 56 75 1 41 49 100 1 39 92 113 1 19 61 54 1 26 50 118 1 0 0 0 0 48 32 117 1 47 84 98 1 64 35 127 1 17 41 125 1 33 58 75 1 58 78 105 1 59 61 112 1 25 71 98 1 59 107 101 1 38 74 94 1 26 40 88 1 0 0 0 0 27 53 81 1 55 62 76 1 53 44 93 1 46 41 88 1 38 40 138 1 33 87 120 1 39 68 115 1 36 77 104 1 55 80 109 1 3 53 111 1 23 88 90 1 16 83 86 1 0 0 0 0 21 41 73 1 0 0 0 0 11 53 102 1 45 70 117 1 53 73 94 1 73 59 117 1 29 93 106 1 60 81 93 1 83 82 104 1
36 71 118 1 26 48 129 1 38 55 98 1 26 49 91 1 29 51 96 1 21 65 94 1 41 77 75 1 0 52 83 1 17 87 95 1 42 71 109 1 11 44 72 1 73 70 86 1 20 37 128 1 39 50 95 1 61 56 82 1 51 44 69 1 20 42 111 1 39 107 93 1 55 25 47 1 61 77 100 1 9 32 129 1 46 53 86 1 0 0 0 0 43 61 88 1 43 90 78 1 48 106 99 1 43 57 107 1 61 54 68 1 56 34 112 1 37 24 75 1 31 57 77 1 28 66 98 1 0 0 0 0 15 73 89 1 54 72 102 1 72 49 117 1 4 77 114 1 0 0 0 0 25 74 94 1 42 81 109 1 10 82 90 1 47 56 87 1 31 101 143 1 39 114 99 1 51 72 87 1 0 0 0 0 52 83 121 1 36 67 111 1 72 34 80 1 29 43 107 1 4 54 52 1 28 68 109 1 45 45 110 1 44 44 85 1 0 43 90 1 31 75 120 1 27 37 104 1 45 64 98 1 37 36 117 1 17 45 108 1 0 0 0 0 52 80 99 1 53 104 98 1 50 32 90 1 0 0 0 0 23 83 131 1
29 38 81 1 33 90 101 1 50 41 91 1 14 61 94 1 0 0 0 0 0 0 0 0 30 64 112 1 47 92 105 1 33 50 94 1 39 73 88 1 18 58 110 1 44 45 102 1 39 77 95 1 39 27 87 1 74 76 82 1 0 50 108 1 16 31 98 1 18 79 73 1 64 73 84 1 18 49 101 1 58 39 70 1 13 97 68 1 0 0 0 0 37 91 77 1 8 32 103 1 47 85 79 1 35 74 118 1 2 86 107 1 56 53 48 1 12 88 100 1 56 73 125 1 10 84 78 1 53 61 84 1 29 43 108 1 33 28 129 1 41 86 101 1 50 62 106 1 45 37 122 1 30 46 151 1 25 54 85 1 53 53 112 1 36 51 121 1 49 38 107 1 46 77 91 1 0 0 0 0 0 0 0 0 10 53 105 1 0 0 0 0 36 42 99 1 87 92 91 1 27 61 92 1 0 83 109 1 46 51 90 1 61 86 107 1 19 122 116 1 0 0 0 0 36 63 89 1 0 0 0 0 74 73 128 1 15 54 64 1 41 53 110 1 41 49 62 1 50 105 81 1 27 68 101 1 31 47 106 1 50 62 95 1
9 63 120 1 1 71 114 1 11 66 127 1 62 57 121 1 69 29 79 1 70 48 76 1 41 53 125 1 43 82 101 1 38 64 116 1 6 110 119 1 19 92 107 1 14 65 88 1 0 0 0 0 18 49 124 1 0 0 0 0 0 0 0 0 78 62 59 1 39 75 94 1 5 53 87 1 29 103 122 1 25 70 67 1 12 20 75 1 2 52 121 1 54 45 95 1 58 89 74 1 34 90 92 1 9 62 95 1 0 0 0 0 34 16 109 1 55 68 102 1 45 66 110 1 6 60 117 1 58 70 99 1 38 64 107 1 5 108 102 1 39 59 60 1 0 29 95 1 60 103 108 1 38 53 105 1 50 65 76 1 66 48 66 1 52 88 113 1 32 78 74 1 37 36 89 1 0 0 0 0 33 76 82 1 18 12 106 1 45 25 113 1 30 58 123 1 50 74 87 1 59 43 115 1 27 76 101 1 37 72 94 1 9 86 84 1 38 47 109 1 67 56 132 1 43 97 117 1 24 93 125 1 46 59 103 1 0 0 0 0 58 67 103 1 55 98 113 1 40 53 154 1 4 69 84 1 53 96 103 1 55 90 154 1
66 53 125 1 7 35 123 1 43 105 126 1 0 58 73 1 0 0 0 0 40 67 131 1 5 55 108 1 79 76 77 1 91 71 116 1 42 40 88 1 40 40 94 1 78 65 68 1 22 60 106 1 0 48 88 1 43 56 72 1 0 0 0 0 51 71 75 1 19 59 75 1 48 58 58 1 18 67 72 1 16 83 70 1 10 84 87 1 41 116 90 1 8 19 130 1 34 75 88 1 61 83 88 1 0 0 0 0 60 91 73 1 17 65 113 1 41 89 81 1 45 41 94 1 62 95 127 1 0 0 0 0 54 35 103 1 38 65 107 1 37 98 92 1 6 39 116 1 32 51 122 1 72 57 67 1 51 57 105 1 70 68 93 1 52 64 50 1 61 66 129 1 12 0 103 1 37 95 69 1 40 47 90 1 0 0 0 0 45 31 140 1 48 88 102 1 11 90 92 1 0 0 0 0 0 0 0 0 0 0 0 0 0 0 0 0 70 54 80 1 60 90 92 1 0 0 0 0 17 63 127 1 66 128 87 1 78 107 133 1 79 72 125 1 44 90 121 1 48 94 127 1 0 0 0 0 44 88 136 1 53 61 83 1
25 80 139 1 45 66 129 1 75 51 105 1 47 80 65 1 0 0 0 0 26 62 79 1 28 59 118 1 54 43 105 1 0 0 0 0 2 37 96 1 41 89 82 1 60 26 101 1 56 59 77 1 16 58 92 1 45 63 102 1 35 13 118 1 17 55 109 1 0 0 0 0 17 57 97 1 13 34 96 1 39 84 101 1 14 67 95 1 22 71 86 1 43 113 66 1 0 59 137 1 18 38 116 1 46 40 82 1 61 30 77 1 0 44 111 1 62 67 135 1 67 72 94 1 66 66 83 1 27 40 87 1 55 80 115 1 0 0 0 0 12 83 74 1 4 54 100 1 29 100 129 1 38 64 74 1 51 82 108 1 36 72 101 1 29 87 90 1 43 5 93 1 38 22 87 1 0 0 0 0 24 61 112 1 0 0 0 0 67 84 124 1 0 0 0 0 32 54 108 1 57 63 104 1 59 90 85 1 51 63 101 1 68 63 118 1 40 73 127 1 61 58 77 1 41 66 107 1 58 71 100 1 69 80 107 1 102 108 107 1 33 69 166 1 23 92 101 1 32 44 104 1 74 53 94 1 48 77 122 1 46 28 92 1
18 94 83 1 39 114 114 1 81 79 81 1 54 80 108 1 66 63 135 1 54 82 91 1 15 44 67 1 55 84 107 1 31 66 78 1 53 105 75 1 73 73 41 1 69 43 106 1 17 78 92 1 21 92 98 1 15 90 65 1 59 72 104 1 38 53 115 1 45 63 39 1 26 41 122 1 16 71 73 1 44 83 124 1 26 61 115 1 27 53 80 1 47 46 93 1 27 41 94 1 22 47 70 1 22 32 84 1 21 30 121 1 24 25 75 1 16 64 142 1 41 29 80 1 32 60 121 1 59 43 81 1 37 73 108 1 22 50 76 1 13 15 82 1 0 0 0 0 60 66 86 1 36 84 85 1 17 49 97 1 55 46 120 1 97 30 92 1 22 34 121 1 45 96 101 1 51 22 72 1 28 48 69 1 54 96 111 1 0 0 0 0 32 75 115 1 38 73 90 1 77 74 125 1 3 33 106 1 80 75 109 1 6 62 101 1 49 58 135 1 97 111 117 1 10 47 89 1 51 78 105 1 98 56 124 1 54 122 131 1 16 89 119 1 0 0 0 0 0 76 122 1 52 50 91 1 55 53 126 1 60 97 145 1
55 71 112 1 48 92 121 1 55 118 95 1 74 80 108 1 13 58 140 1 88 92 100 1 70 64 100 1 43 96 84 1 0 0 0 0 0 0 0 0 86 60 119 1 30 95 127 1 58 85 97 1 37 60 106 1 66 112 107 1 69 57 113 1 77 50 63 1 36 119 81 1 22 2 117 1 20 84 86 1 43 53 72 1 43 67 111 1 0 0 0 0 26 59 94 1 36 63 96 1 0 0 0 0 36 42 92 1 28 81 111 1 41 48 39 1 33 44 104 1 76 37 70 1 42 64 97 1 58 51 61 1 42 32 74 1 0 0 0 0 0 0 0 0 57 23 117 1 45 64 98 1 56 112 79 1 0 0 0 0 24 71 91 1 78 28 94 1 22 69 110 1 21 103 115 1 21 53 65 1 31 77 112 1 21 46 100 1 72 69 94 1 15 74 104 1 42 57 98 1 6 42 92 1 76 84 121 1 60 80 88 1 98 80 114 1 64 55 104 1 53 47 136 1 61 55 76 1 42 108 97 1 18 102 131 1 69 89 114 1 23 71 101 1 71 97 141 1 67 92 134 1 0 0 0 0 33 97 106 1 0 0 0 0
46 75 144 1 0 64 103 1 40 79 84 1 23 64 90 1 30 84 97 1 15 100 139 1 47 81 79 1 62 87 101 1 49 53 99 1 44 60 144 1 37 83 116 1 0 0 0 0 39 62 82 1 54 58 131 1 31 65 101 1 49 56 116 1 0 0 0 0 69 95 116 1 57 73 121 1 75 60 130 1 20 91 131 1 33 19 56 1 21 50 80 1 54 52 129 1 13 62 81 1 21 48 89 1 53 52 94 1 0 0 0 0 43 69 137 1 50 91 124 1 60 49 128 1 31 53 80 1 62 42 102 1 10 30 76 1 19 51 79 1 26 44 98 1 40 65 96 1 48 69 47 1 0 0 0 0 69 87 131 1 17 98 75 1 34 79 113 1 55 55 119 1 9 47 95 1 43 27 133 1 35 44 80 1 0 0 0 0 11 82 137 1 76 65 106 1 60 70 104 1 60 97 87 1 17 78 83 1 0 0 0 0 51 97 102 1 58 78 149 1 56 89 86 1 54 70 62 1 10 68 127 1 0 0 0 0 24 69 122 1 0 0 0 0 48 110 74 1 0 0 0 0 37 96 116 1 36 57 97 1 83 56 122 1
60 92 104 1 62 69 101 1 43 44 130 1 61 114 116 1 51 80 82 1 25 116 68 1 49 89 93 1 45 80 67 1 24 51 113 1 0 95 100 1 26 94 144 1 0 0 0 0 36 89 108 1 71 51 111 1 27 68 111 1 63 83 47 1 11 93 103 1 2 87 132 1 17 86 112 1 55 120 97 1 18 88 100 1 30 71 169 1 0 0 0 0 43 49 89 1 49 83 104 1 87 79 109 1 22 114 105 1 0 0 0 0 49 75 100 1 48 87 106 1 52 54 94 1 27 64 103 1 16 41 100 1 48 80 73 1 58 62 69 1 20 59 107 1 51 76 108 1 0 0 0 0 0 0 0 0 31 54 105 1 55 63 99 1 26 87 116 1 50 80 57 1 43 61 115 1 70 39 101 1 19 92 127 1 12 81 98 1 24 54 93 1 6 56 83 1 34 66 115 1 18 55 94 1 46 77 106 1 40 63 82 1 60 101 133 1 28 83 136 1 29 55 99 1 36 35 128 1 72 60 89 1 0 0 0 0 0 0 0 0 69 108 110 1 66 100 81 1 64 83 58 1 51 58 137 1 14 77 126 1 57 59 83 1
43 71 72 1 76 71 93 1 0 0 0 0 40 37 97 1 52 49 97 1 48 38 128 1 66 103 78 1 49 80 111 1 41 46 133 1 57 74 59 1 38 103 84 1 59 63 141 1 26 75 96 1 37 86 65 1 80 67 88 1 0 0 0 0 37 76 122 1 0 0 0 0 62 99 61 1 17 66 112 1 15 50 112 1 36 81 91 1 35 73 84 1 57 73 72 1 79 73 133 1 0 0 0 0 78 76 127 1 31 102 82 1 48 70 115 1 29 82 105 1 56 51 78 1 72 32 105 1 5 62 76 1 0 0 0 0 69 57 56 1 35 82 63 1 67 40 81 1 54 53 110 1 49 78 74 1 41 91 103 1 65 54 124 1 67 38 89 1 42 67 84 1 48 70 129 1 0 0 0 0 22 93 141 1 75 44 81 1 15 35 144 1 0 42 88 1 65 55 94 1 66 93 121 1 49 82 109 1 0 0 0 0 56 82 132 1 62 77 146 1 74 95 121 1 60 57 122 1 40 96 113 1 86 101 112 1 38 81 106 1 45 56 94 1 36 103 58 1 54 100 126 1 56 34 115 1 33 26 108 1 63 72 103 1
48 40 95 1 24 91 116 1 53 76 111 1 40 84 91 1 56 87 91 1 46 46 105 1 0 0 0 0 43 49 116 1 49 114 120 1 38 88 136 1 68 58 142 1 20 65 72 1 54 41 91 1 24 88 94 1 17 97 108 1 43 65 106 1 42 68 125 1 33 65 45 1 37 79 115 1 58 86 104 1 0 0 0 0 33 85 95 1 0 0 0 0 33 53 110 1 54 64 113 1 0 0 0 0 11 59 106 1 33 35 121 1 33 59 61 1 33 77 80 1 47 116 80 1 29 86 102 1 57 91 89 1 28 32 102 1 65 73 99 1 35 88 65 1 63 52 123 1 75 78 109 1 49 119 151 1 93 63 102 1 45 71 113 1 0 67 66 1 31 89 115 1 79 73 98 1 73 72 92 1 75 86 118 1 31 73 114 1 35 31 102 1 44 113 98 1 52 37 106 1 0 0 0 0 54 97 89 1 76 79 108 1 46 70 65 1 39 72 88 1 44 81 97 1 0 0 0 0 53 90 90 1 44 105 154 1 44 81 92 1 29 72 120 1 54 68 104 1 38 79 112 1 51 99 113 1 37 72 162 1 0 0 0 0
44 72 95 1 74 107 108 1 40 55 126 1 25 66 70 1 43 94 112 1 64 73 106 1 51 84 106 1 47 107 123 1 27 58 117 1 68 87 175 1 57 115 84 1 16 98 123 1 0 0 0 0 62 87 109 1 52 84 85 1 48 122 118 1 79 54 104 1 76 56 127 1 52 78 57 1 69 66 121 1 71 75 87 1 50 85 108 1 91 86 143 1 69 75 135 1 48 77 82 1 97 57 109 1 32 36 90 1 55 99 68 1 54 108 70 1 0 0 0 0 42 52 102 1 20 75 80 1 0 0 0 0 64 91 84 1 40 81 75 1 32 49 78 1 65 82 103 1 41 60 120 1 0 0 0 0 43 42 120 1 59 70 98 1 35 70 130 1 69 86 124 1 48 72 76 1 8 100 92 1 54 35 105 1 27 83 113 1 49 50 107 1 44 61 131 1 83 106 143 1 46 105 103 1 33 85 111 1 36 81 118 1 66 101 107 1 57 70 77 1 39 109 64 1 60 126 113 1 0 0 0 0 62 52 79 1 16 70 146 1 46 72 123 1 40 48 129 1 45 83 113 1 25 45 101 1 73 63 112 1 22 105 86 1
72 71 129 1 36 52 127 1 43 87 98 1 68 68 125 1 43 97 137 1 49 81 119 1 42 50 126 1 64 94 156 1 68 72 138 1 16 111 100 1 52 79 91 1 59 89 116 1 37 74 102 1 32 78 85 1 97 35 70 1 43 55 134 1 34 52 139 1 94 86 119 1 33 81 116 1 81 74 113 1 0 0 0 0 65 82 102 1 48 61 95 1 0 0 0 0 94 87 135 1 65 75 116 1 50 56 103 1 35 88 84 1 0 0 0 0 24 80 130 1 70 33 122 1 84 122 95 1 49 49 99 1 65 72 111 1 49 24 95 1 71 65 89 1 34 83 113 1 65 56 77 1 50 42 121 1 32 80 91 1 46 88 106 1 68 57 67 1 56 59 96 1 68 100 98 1 0 0 0 0 0 0 0 0 18 80 97 1 53 91 110 1 51 79 89 1 21 79 106 1 29 74 103 1 35 87 112 1 74 69 39 1 30 56 115 1 42 51 99 1 66 92 90 1 0 66 53 1 68 50 121 1 39 45 113 1 15 41 116 1 0 0 0 0 18 63 128 1 35 78 121 1 33 104 92 1 27 52 85 1 63 75 52 1
70 68 130 1 19 72 91 1 30 38 122 1 37 67 86 1 75 80 110 1 59 106 106 1 75 47 114 1 68 95 114 1 97 64 97 1 42 71 135 1 54 63 103 1 44 82 105 1 37 75 117 1 62 79 115 1 76 85 113 1 11 84 113 1 41 89 107 1 0 0 0 0 49 103 112 1 59 110 134 1 0 0 0 0 59 57 124 1 85 57 95 1 66 102 112 1 36 99 107 1 74 75 138 1 24 81 116 1 24 62 136 1 53 98 117 1 69 72 94 1 0 0 0 0 86 71 146 1 0 0 0 0 46 54 83 1 44 45 77 1 17 67 122 1 64 51 120 1 0 0 0 0 23 64 133 1 52 79 64 1 91 77 124 1 0 0 0 0 47 64 102 1 58 58 116 1 14 22 90 1 19 94 128 1 0 0 0 0 67 91 157 1 43 84 80 1 0 0 0 0 44 100 102 1 48 84 64 1 50 60 99 1 27 80 104 1 25 99 105 1 78 95 115 1 7 70 131 1 43 47 124 1 64 62 120 1 44 97 89 1 25 64 109 1 48 105 117 1 50 98 92 1 17 29 74 1 24 104 89 1 20 58 75 1
58 88 109 1 0 0 0 0 68 60 128 1 57 71 100 1 50 97 75 1 58 20 108 1 52 101 143 1 0 0 0 0 70 71 123 1 50 64 112 1 83 116 150 1 5 77 129 1 41 68 110 1 11 59 90 1 48 85 105 1 63 61 124 1 46 71 127 1 38 112 137 1 28 93 112 1 62 91 72 1 55 78 129 1 20 78 160 1 0 0 0 0 71 109 89 1 31 73 131 1 64 106 151 1 68 86 122 1 38 96 134 1 0 0 0 0 52 65 111 1 78 113 142 1 73 110 99 1 14 78 99 1 55 48 127 1 34 54 104 1 87 63 105 1 37 77 104 1 14 21 122 1 55 86 110 1 0 0 0 0 0 0 0 0 28 65 93 1 27 32 112 1 0 81 89 1 59 59 107 1 54 58 110 1 19 57 50 1 40 77 95 1 0 0 0 0 24 75 81 1 0 0 0 0 53 61 104 1 0 0 0 0 46 73 122 1 46 52 61 1 81 63 103 1 18 67 88 1 30 31 110 1 60 69 95 1 75 82 104 1 0 0 0 0 47 77 108 1 73 57 95 1 53 52 120 1 0 0 0 0 22 100 82 1
0 0 0 0 31 43 103 1 38 76 162 1 52 73 121 1 81 72 105 1 54 93 99 1 15 95 101 1 59 91 106 1 77 74 119 1 54 71 159 1 65 90 131 1 72 64 133 1 113 52 147 1 39 68 98 1 61 45 121 1 58 83 83 1 75 90 104 1 39 103 92 1 0 0 0 0 51 96 85 1 55 75 102 1 19 85 142 1 81 68 117 1 63 109 134 1 58 85 159 1 55 40 118 1 79 72 100 1 77 66 92 1 64 97 89 1 48 77 133 1 54 30 110 1 34 46 131 1 71 69 106 1 0 0 0 0 36 72 98 1 35 60 126 1 0 0 0 0 56 98 109 1 7 76 97 1 54 73 126 1 11 65 86 1 48 101 126 1 32 75 115 1 0 0 0 0 54 79 111 1 29 81 97 1 32 40 121 1 90 110 123 1 56 73 120 1 26 69 109 1 48 87 135 1 0 0 0 0 0 0 0 0 64 57 76 1 0 0 0 0 45 68 64 1 45 43 122 1 48 103 96 1 41 82 65 1 52 107 122 1 39 97 110 1 10 71 103 1 60 64 106 1 56 86 114 1 64 74 110 1 61 74 93 1
45 109 95 1 42 109 69 1 77 102 108 1 65 87 129 1 41 100 132 1 93 89 108 1 0 0 0 0 59 117 141 1 70 95 110 1 0 0 0 0 26 98 87 1 48 51 90 1 21 75 104 1 98 75 99 1 65 83 73 1 48 54 122 1 0 0 0 0 54 85 125 1 68 89 127 1 73 69 144 1 50 83 138 1 46 109 108 1 36 63 124 1 67 76 102 1 47 84 118 1 68 108 110 1 62 83 100 1 49 75 142 1 0 0 0 0 48 63 110 1 53 92 110 1 0 0 0 0 28 93 101 1 75 40 132 1 28 105 96 1 64 110 101 1 42 52 158 1 75 84 69 1 58 100 105 1 0 0 0 0 52 41 113 1 38 71 113 1 8 88 63 1 36 89 68 1 44 62 103 1 60 110 87 1 75 125 129 1 60 106 120 1 47 47 133 1 51 58 131 1 63 61 98 1 58 76 134 1 55 101 86 1 0 0 0 0 76 53 120 1 38 104 97 1 59 47 80 1 9 61 111 1 52 112 122 1 51 118 135 1 80 60 119 1 63 93 129 1 29 38 118 1 72 86 101 1 0 0 0 0 49 51 125 1
62 68 147 1 75 102 129 1 75 34 115 1 83 93 124 1 0 0 0 0 23 98 136 1 53 73 137 1 46 121 93 1 46 112 103 1 65 84 123 1 42 65 118 1 33 103 124 1 41 119 94 1 27 84 131 1 30 50 118 1 80 69 119 1 75 99 123 1 29 66 123 1 53 65 97 1 0 0 0 0 70 117 85 1 0 0 0 0 43 71 107 1 67 81 117 1 82 109 122 1 13 66 100 1 59 83 75 1 54 106 98 1 25 51 91 1 0 0 0 0 63 77 83 1 34 96 100 1 79 97 97 1 6 68 141 1 28 71 95 1 67 54 111 1 44 76 110 1 0 0 0 0 102 62 147 1 31 78 71 1 29 38 130 1 69 58 122 1 51 41 95 1 32 65 103 1 86 101 141 1 54 121 119 1 71 86 117 1 47 48 103 1 69 65 86 1 35 80 144 1 73 72 129 1 40 44 134 1 39 75 114 1 63 64 142 1 53 81 120 1 67 60 69 1 28 81 133 1 74 80 105 1 56 88 116 1 66 85 141 1 31 68 92 1 37 81 97 1 39 77 147 1 42 77 68 1 14 103 143 1 0 113 98 1
85 106 115 1 0 0 0 0 74 120 147 1 0 0 0 0 85 83 113 1 67 125 131 1 0 0 0 0 83 87 150 1 83 93 106 1 66 49 94 1 80 86 126 1 21 69 121 1 80 105 109 1 0 0 0 0 50 70 90 1 80 95 117 1 65 62 90 1 96 48 107 1 59 67 124 1 69 88 132 1 54 82 117 1 49 93 111 1 81 85 82 1 81 69 136 1 53 60 77 1 0 121 74 1 53 98 128 1 82 55 88 1 0 0 0 0 62 94 140 1 0 0 0 0 42 62 100 1 39 101 110 1 25 83 91 1 62 65 98 1 55 87 104 1 0 0 0 0 47 104 132 1 54 58 107 1 52 63 109 1 46 53 139 1 0 35 81 1 31 66 105 1 42 56 102 1 58 74 98 1 49 85 146 1 38 51 141 1 54 98 98 1 36 49 108 1 0 0 0 0 72 69 107 1 47 95 67 1 98 91 93 1 50 55 105 1 61 87 84 1 62 83 81 1 36 72 117 1 60 74 131 1 55 63 132 1 63 66 79 1 13 71 81 1 0 0 0 0 68 46 122 1 36 65 101 1 72 107 89 1 62 104 113 1
82 124 136 1 82 101 87 1 87 82 100 1 72 92 124 1 62 110 102 1 20 111 131 1 82 120 136 1 72 76 97 1 100 85 114 1 95 79 104 1 58 69 110 1 63 100 110 1 34 126 140 1 76 96 107 1 51 95 159 1 49 92 110 1 0 0 0 0 1 79 151 1 36 86 118 1 32 69 104 1 104 60 125 1 37 90 115 1 45 52 125 1 45 77 134 1 60 119 107 1 32 49 73 1 0 0 0 0 68 85 99 1 43 87 102 1 46 60 131 1 66 115 110 1 46 100 101 1 48 74 118 1 54 64 64 1 41 58 126 1 75 50 133 1 17 69 79 1 31 35 95 1 50 69 102 1 37 65 103 1 65 35 96 1 44 88 110 1 35 62 84 1 77 92 126 1 49 62 142 1 35 67 117 1 78 78 106 1 81 86 113 1 73 86 127 1 116 84 117 1 68 100 112 1 0 0 0 0 0 0 0 0 26 56 92 1 37 106 95 1 42 79 115 1 37 80 95 1 80 112 137 1 82 70 116 1 47 103 87 1 41 100 121 1 41 116 101 1 44 100 93 1 0 0 0 0 0 0 0 0 0 0 0 0
116 83 139 1 104 66 150 1 68 79 118 1 52 106 170 1 35 95 100 1 70 61 164 1 100 81 101 1 67 81 113 1 76 99 106 1 61 61 90 1 0 0 0 0 70 114 165 1 97 118 111 1 70 75 117 1 75 82 108 1 0 0 0 0 48 70 101 1 60 102 125 1 65 63 150 1 89 77 118 1 65 92 111 1 75 81 83 1 43 75 63 1 33 97 111 1 60 109 91 1 78 74 73 1 70 73 131 1 56 51 109 1 0 0 0 0 33 78 115 1 63 85 86 1 69 85 118 1 75 91 130 1 38 98 96 1 73 113 94 1 59 76 98 1 84 104 142 1 37 97 139 1 44 93 91 1 73 57 129 1 77 118 81 1 36 78 85 1 0 0 0 0 60 139 109 1 54 70 74 1 60 121 122 1 34 83 90 1 0 0 0 0 68 131 137 1 36 87 93 1 59 90 105 1 3 115 107 1 18 100 137 1 71 91 81 1 51 86 77 1 61 58 71 1 15 77 88 1 66 71 123 1 54 76 144 1 65 79 100 1 38 94 100 1 79 71 95 1 28 73 88 1 66 74 112 1 0 0 0 0 68 87 97 1
67 132 155 1 103 118 129 1 67 66 156 1 98 98 144 1 68 90 131 1 75 115 98 1 75 77 104 1 62 76 125 1 53 112 117 1 50 109 143 1 56 123 115 1 0 0 0 0 72 52 104 1 69 143 121 1 81 88 102 1 69 75 102 1 0 0 0 0 80 111 114 1 58 96 130 1 59 72 82 1 85 62 131 1 70 131 104 1 45 70 127 1 66 78 130 1 95 95 104 1 69 86 124 1 85 52 100 1 23 107 120 1 41 93 62 1 94 73 95 1 71 54 118 1 62 90 84 1 39 31 151 1 62 56 117 1 67 63 100 1 78 89 123 1 88 75 64 1 88 89 106 1 40 102 130 1 69 107 96 1 76 48 131 1 40 95 111 1 55 96 116 1 34 78 88 1 61 106 111 1 62 87 107 1 66 97 118 1 45 78 115 1 35 95 95 1 31 85 99 1 51 74 115 1 48 55 134 1 62 69 108 1 38 71 130 1 58 54 111 1 49 86 134 1 34 63 92 1 63 86 139 1 62 62 134 1 0 0 0 0 0 0 0 0 46 75 56 1 56 67 96 1 36 42 56 1 46 66 92 1 71 43 102 1
67 53 157 1 89 139 155 1 0 0 0 0 45 142 113 1 99 113 153 1 105 136 149 1 80 153 165 1 0 0 0 0 99 94 151 1 107 79 108 1 0 0 0 0 115 90 121 1 91 92 92 1 59 83 125 1 98 91 103 1 78 110 108 1 98 93 110 1 95 69 86 1 74 86 103 1 67 100 96 1 70 101 103 1 60 62 119 1 58 102 123 1 96 92 124 1 0 0 0 0 53 42 109 1 87 94 127 1 69 112 147 1 99 48 92 1 98 67 87 1 42 95 97 1 45 97 126 1 28 96 74 1 15 50 114 1 37 109 97 1 42 93 180 1 59 104 97 1 38 69 113 1 73 89 119 1 59 88 132 1 0 0 0 0 7 110 103 1 65 115 112 1 38 94 120 1 60 74 84 1 36 66 141 1 51 84 111 1 49 75 106 1 56 75 134 1 0 0 0 0 69 68 134 1 55 118 154 1 48 98 129 1 62 103 100 1 42 96 122 1 59 87 96 1 57 85 116 1 51 47 114 1 0 0 0 0 67 109 112 1 56 116 92 1 65 87 122 1 65 57 156 1 69 95 109 1 77 99 124 1 0 0 0 0
122 117 119 1 71 125 134 1 111 79 95 1 122 99 134 1 88 78 146 1 0 0 0 0 87 90 124 1 94 75 154 1 88 69 116 1 82 114 102 1 94 57 109 1 107 132 153 1 69 66 99 1 64 111 110 1 95 115 97 1 35 97 140 1 96 60 98 1 82 108 146 1 73 104 153 1 0 0 0 0 77 100 125 1 82 94 146 1 89 91 139 1 0 0 0 0 0 0 0 0 9 73 102 1 48 82 97 1 64 107 151 1 51 128 137 1 74 159 144 1 36 71 119 1 46 122 125 1 57 109 94 1 50 77 124 1 0 0 0 0 57 87 137 1 79 102 146 1 47 103 98 1 76 63 119 1 70 82 110 1 58 81 167 1 85 113 148 1 76 127 118 1 55 81 142 1 50 97 104 1 62 92 124 1 0 0 0 0 62 79 142 1 58 84 95 1 81 85 170 1 70 115 142 1 57 98 78 1 90 117 141 1 94 73 124 1 40 122 94 1 51 83 101 1 48 92 120 1 61 48 111 1 86 111 109 1 59 119 115 1 38 68 91 1 50 100 98 1 47 71 127 1 60 56 141 1 55 107 71 1 0 0 0 0
113 117 168 1 128 120 143 1 127 117 148 1 134 100 131 1 79 135 164 1 122 106 152 1 0 0 0 0 97 108 152 1 97 113 132 1 58 111 138 1 0 0 0 0 0 0 0 0 48 58 139 1 71 119 151 1 48 81 160 1 114 85 101 1 93 83 105 1 81 110 144 1 0 0 0 0 81 80 149 1 83 112 95 1 66 134 115 1 80 127 86 1 105 102 113 1 74 119 151 1 82 58 134 1 62 99 157 1 64 59 104 1 0 0 0 0 75 80 99 1 70 84 118 1 0 0 0 0 88 86 107 1 65 112 96 1 69 94 172 1 0 0 0 0 0 0 0 0 77 108 99 1 0 0 0 0 82 85 106 1 57 97 101 1 56 87 136 1 61 94 99 1 48 51 145 1 23 105 167 1 0 0 0 0 69 87 132 1 74 92 104 1 55 100 142 1 52 84 90 1 48 84 127 1 69 66 135 1 6 62 99 1 66 61 111 1 57 29 113 1 68 79 55 1 61 97 142 1 73 64 109 1 0 0 0 0 69 91 129 1 94 42 124 1 60 92 108 1 0 0 0 0 62 96 57 1 68 76 116 1 58 101 144 1
0 0 0 0 85 126 162 1 99 108 191 1 142 104 150 1 106 134 132 1 114 138 140 1 81 85 150 1 94 160 175 1 67 73 130 1 95 109 127 1 0 0 0 0 99 111 139 1 78 106 142 1 107 115 181 1 58 112 113 1 0 0 0 0 75 115 117 1 109 118 137 1 121 104 163 1 76 126 142 1 65 109 158 1 45 98 139 1 135 90 132 1 0 0 0 0 67 86 79 1 78 98 120 1 79 113 156 1 71 115 95 1 75 100 95 1 89 105 135 1 88 81 110 1 81 110 123 1 49 94 139 1 47 92 138 1 61 75 125 1 80 112 132 1 24 97 118 1 32 148 122 1 35 79 152 1 60 69 120 1 68 91 98 1 54 64 105 1 41 81 133 1 83 91 109 1 58 70 97 1 54 42 112 1 68 125 81 1 86 100 120 1 41 83 140 1 95 82 91 1 40 59 117 1 71 70 110 1 69 74 91 1 0 0 0 0 86 53 120 1 65 89 106 1 69 86 133 1 92 76 117 1 73 70 113 1 0 0 0 0 71 65 109 1 62 95 95 1 36 42 129 1 57 76 96 1 88 85 88 1 41 91 107 1
124 149 144 1 128 134 189 1 94 137 148 1 82 120 141 1 81 152 130 1 146 140 152 1 0 0 0 0 62 66 146 1 63 99 152 1 65 90 133 1 89 146 105 1 125 109 123 1 101 137 138 1 110 85 159 1 111 118 183 1 161 117 125 1 94 127 82 1 63 104 112 1 62 90 91 1 99 91 136 1 87 142 115 1 89 105 129 1 0 0 0 0 112 109 131 1 120 115 152 1 0 0 0 0 70 92 121 1 50 63 160 1 0 0 0 0 109 99 120 1 53 91 143 1 98 102 110 1 40 90 161 1 42 99 122 1 0 0 0 0 0 0 0 0 39 109 111 1 78 122 134 1 78 93 130 1 81 102 158 1 37 65 150 1 100 106 123 1 77 87 117 1 78 85 113 1 67 85 95 1 23 132 104 1 101 83 109 1 33 95 100 1 80 124 163 1 81 95 108 1 55 47 124 1 10 105 139 1 107 85 110 1 88 86 124 1 98 55 62 1 71 81 92 1 101 86 127 1 22 108 82 1 79 82 102 1 68 106 72 1 35 62 138 1 89 106 153 1 45 65 109 1 89 71 134 1 78 111 145 1 31 40 126 1
0 0 0 0 84 136 148 1 109 130 144 1 106 143 175 1 105 133 163 1 136 139 134 1 84 110 172 1 83 95 151 1 74 118 118 1 120 126 158 1 134 100 127 1 99 128 181 1 56 123 116 1 141 119 164 1 136 90 174 1 86 109 130 1 91 89 104 1 112 123 158 1 94 116 134 1 89 106 101 1 65 93 114 1 132 110 142 1 92 139 149 1 111 92 146 1 118 76 142 1 101 97 167 1 101 82 124 1 0 0 0 0 83 103 126 1 96 115 134 1 0 0 0 0 62 87 168 1 0 0 0 0 89 99 130 1 76 102 124 1 54 86 144 1 60 73 141 1 90 116 130 1 84 121 136 1 70 92 121 1 66 104 113 1 71 104 202 1 57 92 112 1 50 100 113 1 50 89 158 1 88 110 118 1 61 63 79 1 61 33 156 1 64 84 113 1 39 102 137 1 83 98 77 1 43 118 146 1 56 113 134 1 55 76 123 1 81 141 110 1 44 74 112 1 55 90 104 1 62 96 137 1 87 72 129 1 58 80 130 1 68 99 96 1 40 118 101 1 50 87 94 1 53 99 139 1 99 86 114 1 85 113 120 1
0 0 0 0 83 131 154 1 104 91 150 1 137 137 165 1 132 97 131 1 117 99 142 1 120 79 118 1 89 153 166 1 123 128 183 1 124 92 121 1 106 145 134 1 106 160 155 1 88 88 192 1 89 127 149 1 101 84 105 1 95 139 124 1 106 100 195 1 77 112 133 1 96 93 117 1 84 133 131 1 86 133 137 1 101 108 132 1 95 99 131 1 102 83 140 1 99 136 156 1 81 105 125 1 0 0 0 0 120 114 123 1 75 135 157 1 70 116 146 1 62 110 136 1 70 144 102 1 73 50 127 1 93 84 115 1 63 83 110 1 54 72 152 1 97 93 155 1 99 95 141 1 0 0 0 0 115 105 146 1 99 96 129 1 88 128 143 1 117 102 128 1 87 98 127 1 85 81 119 1 67 97 136 1 82 98 167 1 84 97 163 1 37 115 121 1 59 84 136 1 89 58 138 1 122 87 158 1 97 112 130 1 56 110 112 1 77 99 101 1 78 117 143 1 70 65 147 1 76 120 124 1 25 89 116 1 67 64 92 1 71 90 95 1 82 103 122 1 41 83 93 1 78 124 104 1 90 86 111 1 82 110 127 1
83 109 162 1 102 136 169 1 126 140 121 1 118 118 141 1 89 119 141 1 101 124 156 1 137 111 150 1 106 121 161 1 85 113 173 1 110 122 159 1 110 150 150 1 105 117 195 1 103 125 141 1 100 143 139 1 124 112 174 1 84 99 158 1 113 110 138 1 119 124 157 1 137 111 131 1 93 171 160 1 110 119 148 1 121 98 149 1 131 102 149 1 70 133 125 1 92 139 139 1 81 109 119 1 130 129 144 1 0 0 0 0 89 137 145 1 87 95 103 1 88 83 125 1 87 107 119 1 0 0 0 0 78 95 139 1 91 95 119 1 70 113 148 1 86 118 149 1 99 104 154 1 87 131 102 1 57 103 112 1 0 0 0 0 43 69 122 1 56 82 146 1 86 95 138 1 81 58 155 1 82 128 158 1 61 82 130 1 92 78 142 1 81 128 113 1 90 104 128 1 38 87 89 1 86 88 114 1 97 87 159 1 44 62 143 1 97 72 142 1 78 65 122 1 47 105 83 1 69 66 126 1 35 106 111 1 67 84 107 1 0 0 0 0 79 86 105 1 81 50 117 1 66 100 145 1 0 0 0 0 109 88 76 1
101 105 148 1 111 103 172 1 75 122 139 1 0 0 0 0 0 0 0 0 114 125 182 1 103 142 159 1 141 110 154 1 74 117 115 1 102 146 144 1 115 125 155 1 96 157 152 1 108 148 174 1 133 119 116 1 129 133 144 1 64 129 161 1 95 139 123 1 106 176 140 1 109 113 176 1 109 109 138 1 99 133 170 1 94 146 152 1 119 112 112 1 100 131 121 1 133 107 164 1 54 118 197 1 95 142 162 1 102 133 181 1 96 124 115 1 67 118 128 1 92 88 94 1 96 122 160 1 0 0 0 0 91 120 119 1 81 77 86 1 73 123 154 1 80 112 160 1 95 149 145 1 58 113 127 1 0 0 0 0 89 110 127 1 97 70 123 1 63 140 156 1 89 113 100 1 66 135 127 1 86 138 137 1 82 77 142 1 43 114 132 1 46 104 178 1 0 0 0 0 86 68 111 1 47 84 133 1 90 100 124 1 74 148 100 1 45 117 154 1 82 67 131 1 69 89 144 1 10 134 92 1 81 92 132 1 0 0 0 0 90 108 140 1 52 124 171 1 91 108 149 1 54 120 156 1 71 132 138 1 58 80 126 1
123 136 131 1 121 149 121 1 164 119 182 1 103 138 130 1 132 129 170 1 121 141 191 1 0 0 0 0 0 0 0 0 0 0 0 0 123 143 138 1 105 94 139 1 0 0 0 0 109 88 155 1 67 148 161 1 124 133 125 1 123 149 164 1 148 124 128 1 145 123 134 1 141 120 162 1 0 0 0 0 99 128 155 1 105 120 175 1 102 138 135 1 97 134 142 1 147 142 184 1 105 123 167 1 117 132 139 1 0 0 0 0 0 0 0 0 83 113 142 1 96 65 105 1 0 0 0 0 131 115 98 1 106 112 116 1 69 126 132 1 60 89 122 1 130 147 149 1 0 0 0 0 77 115 115 1 81 105 170 1 94 132 120 1 80 121 132 1 99 105 99 1 103 141 151 1 100 93 105 1 96 91 112 1 38 111 149 1 77 115 109 1 88 91 131 1 99 137 130 1 97 105 150 1 103 112 138 1 69 109 125 1 67 101 150 1 91 119 143 1 80 88 107 1 51 135 98 1 63 96 131 1 83 109 140 1 73 110 80 1 81 81 99 1 89 65 141 1 0 0 0 0 63 122 88 1 60 98 79 1 65 126 134 1
121 174 144 1 125 153 144 1 113 164 142 1 126 151 143 1 118 119 141 1 135 142 148 1 153 105 128 1 0 0 0 0 131 163 134 1 133 127 112 1 0 0 0 0 110 130 182 1 122 91 121 1 126 121 154 1 121 138 145 1 109 117 126 1 115 148 155 1 130 144 121 1 81 146 138 1 114 105 162 1 159 144 148 1 143 116 162 1 115 125 113 1 111 124 133 1 119 158 157 1 119 116 183 1 111 84 120 1 103 131 203 1 146 127 134 1 118 156 180 1 104 117 171 1 121 108 144 1 73 116 132 1 0 0 0 0 78 85 180 1 95 130 173 1 83 139 116 1 86 95 186 1 98 153 165 1 113 136 163 1 111 99 176 1 97 107 150 1 116 119 175 1 0 0 0 0 94 109 139 1 77 172 149 1 107 104 117 1 101 111 158 1 91 140 143 1 73 105 109 1 96 65 131 1 0 0 0 0 86 122 113 1 0 0 0 0 126 94 160 1 111 114 166 1 98 102 124 1 0 0 0 0 71 115 129 1 30 91 124 1 59 100 146 1 85 121 128 1 91 112 83 1 62 111 127 1 102 117 168 1 61 84 131 1
124 137 149 1 139 114 179 1 0 0 0 0 116 148 157 1 105 76 169 1 0 0 0 0 133 148 141 1 128 151 111 1 100 175 135 1 0 0 0 0 87 124 126 1 99 106 176 1 114 114 176 1 128 92 145 1 121 107 135 1 75 112 145 1 99 123 173 1 111 128 151 1 107 157 147 1 103 133 118 1 120 137 109 1 0 0 0 0 78 117 175 1 110 115 151 1 0 0 0 0 78 140 162 1 119 143 137 1 76 132 144 1 145 145 102 1 102 126 131 1 126 153 143 1 106 125 195 1 101 112 130 1 95 111 128 1 107 161 137 1 107 124 139 1 119 123 137 1 56 122 162 1 74 119 156 1 111 108 163 1 0 0 0 0 48 149 130 1 133 117 141 1 140 145 91 1 51 99 113 1 102 132 116 1 0 0 0 0 105 102 134 1 117 94 148 1 83 111 121 1 85 135 108 1 102 99 124 1 89 138 160 1 67 89 147 1 53 114 154 1 112 85 153 1 0 0 0 0 89 157 121 1 109 105 150 1 96 109 130 1 91 117 112 1 0 0 0 0 123 71 151 1 90 79 143 1 66 90 167 1 97 127 134 1
124 119 168 1 121 89 148 1 103 125 112 1 92 126 156 1 126 118 155 1 107 117 153 1 0 0 0 0 113 128 142 1 111 129 160 1 98 138 150 1 79 148 160 1 96 142 167 1 128 138 147 1 153 120 144 1 122 152 140 1 110 135 161 1 80 133 139 1 109 142 128 1 95 142 123 1 112 144 140 1 76 127 151 1 114 138 179 1 103 126 160 1 122 106 123 1 132 108 124 1 118 145 133 1 77 146 141 1 119 110 174 1 0 0 0 0 87 86 118 1 99 156 135 1 127 127 157 1 122 135 116 1 126 102 165 1 127 147 143 1 110 107 163 1 0 0 0 0 92 119 150 1 117 138 129 1 128 97 152 1 68 116 118 1 128 90 151 1 102 121 146 1 133 110 154 1 87 94 124 1 84 102 140 1 93 108 150 1 103 118 157 1 49 109 155 1 104 117 158 1 103 120 148 1 131 113 143 1 80 168 140 1 102 111 133 1 97 109 139 1 0 0 0 0 80 74 110 1 86 96 149 1 109 116 138 1 84 89 137 1 60 140 125 1 79 93 122 1 115 98 138 1 110 101 110 1 78 75 122 1 83 125 100 1
120 114 169 1 139 121 147 1 124 119 175 1 0 0 0 0 0 0 0 0 0 0 0 0 0 0 0 0 111 118 131 1 119 144 119 1 104 114 209 1 101 89 137 1 131 135 158 1 96 107 165 1 112 103 118 1 81 161 164 1 118 87 121 1 102 151 159 1 113 102 163 1 0 0 0 0 114 135 170 1 119 116 168 1 94 134 168 1 110 130 166 1 0 0 0 0 108 109 170 1 83 109 152 1 141 136 140 1 137 152 91 1 140 142 146 1 79 138 152 1 83 134 149 1 98 117 160 1 119 116 124 1 106 130 149 1 121 119 140 1 103 116 158 1 106 94 93 1 124 92 144 1 109 113 140 1 129 145 152 1 122 123 161 1 124 117 144 1 85 131 136 1 104 118 152 1 87 104 144 1 93 114 105 1 102 109 174 1 161 95 133 1 76 108 144 1 0 0 0 0 100 110 140 1 102 119 166 1 110 78 134 1 101 123 152 1 0 0 0 0 100 119 153 1 137 79 120 1 0 0 0 0 84 150 116 1 0 0 0 0 100 108 164 1 0 0 0 0 106 84 122 1 125 152 148 1 116 136 84 1 98 118 150 1
127 136 177 1 0 0 0 0 150 134 188 1 124 145 174 1 126 146 177 1 87 123 134 1 0 0 0 0 155 159 121 1 99 127 157 1 114 154 127 1 0 0 0 0 0 0 0 0 0 0 0 0 110 104 159 1 150 87 161 1 0 0 0 0 144 148 163 1 0 0 0 0 97 131 165 1 80 148 152 1 115 160 127 1 105 124 116 1 68 134 161 1 119 137 159 1 141 128 173 1 120 128 131 1 100 140 161 1 117 146 159 1 105 112 176 1 156 159 143 1 114 94 119 1 120 129 191 1 117 151 151 1 102 124 153 1 92 112 157 1 114 125 163 1 108 111 139 1 101 135 127 1 117 146 173 1 129 141 134 1 0 0 0 0 101 129 151 1 0 0 0 0 84 158 130 1 111 114 147 1 0 0 0 0 122 155 150 1 88 96 160 1 134 113 172 1 100 136 148 1 119 111 148 1 138 94 139 1 125 123 149 1 104 102 105 1 108 149 112 1 0 0 0 0 109 118 120 1 126 103 171 1 104 145 127 1 101 118 138 1 82 105 150 1 75 110 186 1 88 126 117 1 114 112 160 1 62 141 146 1 102 120 163 1
141 114 162 1 119 157 127 1 156 117 150 1 146 144 132 1 0 0 0 0 112 176 140 1 117 176 193 1 134 134 134 1 115 111 161 1 118 135 130 1 112 120 155 1 98 108 141 1 0 0 0 0 150 119 153 1 101 124 159 1 122 157 168 1 133 133 153 1 133 119 132 1 0 0 0 0 0 0 0 0 146 89 142 1 129 155 177 1 125 120 121 1 85 131 156 1 110 148 177 1 135 124 160 1 88 119 144 1 0 0 0 0 107 138 137 1 101 161 176 1 95 154 164 1 122 140 141 1 124 134 164 1 130 103 156 1 164 144 163 1 127 158 176 1 121 128 116 1 110 121 125 1 110 112 166 1 118 150 205 1 108 145 117 1 0 0 0 0 124 140 162 1 133 140 116 1 101 107 120 1 75 136 138 1 106 104 154 1 83 103 169 1 131 104 174 1 103 132 173 1 69 159 126 1 121 118 138 1 93 123 160 1 132 128 180 1 123 142 124 1 73 162 139 1 71 106 156 1 100 128 164 1 95 131 133 1 0 0 0 0 115 100 128 1 101 107 166 1 109 97 138 1 110 120 174 1 86 96 147 1 88 106 137 1
0 0 0 0 93 121 155 1 151 118 165 1 144 116 150 1 115 117 176 1 161 124 152 1 0 0 0 0 112 153 147 1 115 155 193 1 125 164 157 1 148 119 144 1 115 140 154 1 115 128 152 1 133 132 153 1 118 131 157 1 135 137 181 1 104 135 157 1 106 122 137 1 0 0 0 0 142 134 183 1 162 106 180 1 168 117 172 1 113 123 168 1 116 138 171 1 111 138 176 1 130 129 144 1 130 117 176 1 124 161 174 1 159 107 161 1 116 117 184 1 118 112 118 1 147 130 173 1 107 131 210 1 134 115 132 1 0 0 0 0 81 88 160 1 119 110 133 1 126 93 166 1 121 149 134 1 110 128 148 1 112 132 155 1 77 127 141 1 121 141 148 1 88 143 128 1 121 166 125 1 113 141 134 1 0 0 0 0 147 119 129 1 123 87 194 1 129 121 129 1 93 70 146 1 79 138 118 1 91 108 136 1 83 142 157 1 135 119 148 1 128 103 131 1 131 148 180 1 78 99 156 1 103 158 157 1 94 75 139 1 98 117 148 1 122 99 102 1 77 146 180 1 111 152 130 1 133 137 194 1 104 119 143 1
135 152 189 1 139 107 152 1 154 134 170 1 107 120 182 1 124 118 153 1 138 139 145 1 89 151 152 1 128 109 143 1 121 153 140 1 124 164 181 1 149 139 160 1 139 139 148 1 119 118 129 1 100 128 179 1 117 119 168 1 128 133 139 1 136 124 179 1 102 149 182 1 150 131 182 1 0 0 0 0 0 0 0 0 129 168 167 1 0 0 0 0 0 0 0 0 106 180 159 1 114 119 187 1 141 102 174 1 135 128 155 1 92 141 170 1 123 152 140 1 84 138 104 1 135 105 145 1 116 159 188 1 130 122 139 1 102 143 173 1 110 178 165 1 85 142 165 1 99 121 140 1 142 76 182 1 121 124 155 1 100 132 132 1 93 68 123 1 103 104 155 1 109 113 174 1 92 145 154 1 79 92 134 1 116 138 138 1 95 142 177 1 130 128 142 1 158 144 151 1 90 144 143 1 133 129 168 1 143 125 147 1 122 120 164 1 130 159 133 1 90 111 156 1 81 141 111 1 116 139 153 1 89 93 141 1 72 112 144 1 82 95 146 1 89 100 169 1 75 152 148 1 93 140 177 1 121 134 133 1 103 141 147 1
149 161 170 1 126 170 147 1 153 177 166 1 126 152 166 1 125 165 170 1 156 138 155 1 135 148 196 1 99 145 166 1 147 129 142 1 0 0 0 0 110 152 147 1 128 150 178 1 108 150 171 1 144 136 178 1 0 0 0 0 86 143 190 1 122 126 154 1 144 150 169 1 108 125 129 1 142 140 174 1 102 133 151 1 102 144 166 1 144 158 200 1 122 139 185 1 175 126 150 1 167 170 176 1 125 150 178 1 150 143 150 1 111 169 187 1 125 133 147 1 128 129 164 1 148 130 193 1 124 159 193 1 135 163 168 1 111 124 159 1 133 153 152 1 0 0 0 0 147 126 147 1 115 120 151 1 154 120 156 1 126 168 175 1 121 140 188 1 139 125 156 1 115 162 179 1 0 0 0 0 0 0 0 0 133 133 159 1 126 146 171 1 125 133 150 1 157 116 179 1 108 136 156 1 115 125 189 1 127 128 135 1 122 136 173 1 90 106 163 1 88 125 182 1 101 87 156 1 94 144 150 1 101 155 185 1 0 0 0 0 111 114 147 1 0 0 0 0 121 162 128 1 0 0 0 0 124 148 179 1 102 151 93 1
136 119 170 1 178 169 158 1 151 140 176 1 148 131 180 1 144 153 154 1 125 153 160 1 0 0 0 0 122 151 165 1 150 138 160 1 141 135 185 1 172 132 136 1 136 194 165 1 127 128 180 1 111 140 201 1 153 185 182 1 121 158 173 1 126 160 211 1 0 0 0 0 137 146 197 1 128 143 178 1 168 141 195 1 170 156 139 1 123 152 172 1 130 177 157 1 155 177 161 1 142 133 137 1 148 160 167 1 144 157 178 1 142 129 202 1 0 0 0 0 142 137 160 1 156 160 152 1 159 147 145 1 119 133 159 1 105 150 177 1 141 152 150 1 105 167 209 1 137 154 197 1 126 150 144 1 115 136 184 1 148 140 181 1 133 163 150 1 124 114 171 1 115 153 163 1 132 146 132 1 107 122 177 1 171 147 124 1 126 135 155 1 170 121 174 1 103 128 189 1 147 161 122 1 131 135 148 1 94 137 145 1 107 108 165 1 113 133 181 1 142 159 176 1 119 125 170 1 149 79 158 1 74 141 153 1 0 0 0 0 132 88 158 1 0 0 0 0 93 133 153 1 0 0 0 0 105 133 146 1 114 125 145 1
123 136 140 1 126 135 156 1 0 0 0 0 119 96 148 1 148 144 168 1 138 143 195 1 140 160 133 1 170 157 148 1 140 112 188 1 128 125 162 1 125 128 192 1 131 157 173 1 154 125 153 1 151 147 179 1 131 112 166 1 130 160 157 1 95 155 183 1 133 138 128 1 141 126 140 1 0 0 0 0 137 186 199 1 132 165 172 1 130 163 168 1 0 0 0 0 153 179 219 1 161 160 140 1 138 141 166 1 112 124 177 1 142 162 175 1 143 171 183 1 119 111 221 1 0 0 0 0 159 126 187 1 128 141 175 1 139 169 186 1 147 128 182 1 117 164 165 1 77 164 118 1 141 107 164 1 123 152 178 1 147 147 193 1 0 0 0 0 0 0 0 0 112 123 154 1 132 160 181 1 169 128 163 1 95 152 175 1 128 121 173 1 156 128 152 1 137 129 145 1 120 135 163 1 140 132 133 1 130 132 136 1 0 0 0 0 169 130 134 1 0 0 0 0 123 152 127 1 154 128 156 1 152 154 132 1 106 189 138 1 106 119 167 1 136 114 155 1 97 160 109 1 128 137 118 1 127 138 136 1 101 128 155 1
164 124 179 1 117 114 185 1 148 113 126 1 0 0 0 0 156 137 170 1 0 0 0 0 132 158 148 1 141 145 160 1 124 116 175 1 111 117 164 1 0 0 0 0 147 147 163 1 135 142 154 1 109 158 170 1 117 159 145 1 168 123 162 1 118 143 147 1 112 116 152 1 157 136 191 1 100 116 159 1 121 120 159 1 129 164 154 1 113 162 170 1 0 0 0 0 95 168 155 1 0 0 0 0 164 155 190 1 0 0 0 0 189 135 171 1 143 114 143 1 117 162 182 1 98 111 181 1 113 153 153 1 0 0 0 0 134 123 176 1 114 161 175 1 159 149 171 1 156 123 139 1 153 162 178 1 138 147 160 1 118 105 174 1 133 156 163 1 131 155 146 1 104 137 165 1 134 132 148 1 119 130 146 1 148 125 171 1 94 159 169 1 123 144 174 1 119 131 164 1 133 150 126 1 154 111 191 1 108 146 142 1 108 141 144 1 118 153 137 1 102 107 143 1 128 121 168 1 130 134 138 1 111 184 172 1 109 119 192 1 108 153 168 1 0 0 0 0 84 162 183 1 119 112 123 1 148 144 159 1 78 76 167 1