2
392 1291 74 74
33 2 85 1 0 10 71 1 0 10 41 1 0 0 78 1 8 23 87 1 13 24 94 1 5 0 79 1 0 0 0 0 0 8 52 1 0 0 12 1 42 0 50 1 30 16 43 1 7 30 36 1 0 27 38 1 33 12 68 1 5 0 33 1 0 20 87 1 4 4 79 1 21 12 83 1 7 44 53 1 26 0 65 1 10 0 68 1 17 31 39 1 47 2 69 1 0 0 54 1 0 0 17 1 6 24 53 1 9 0 57 1 41 6 54 1 5 12 62 1 0 37 102 1 0 0 0 0 8 10 94 1 4 29 68 1 29 32 66 1 3 0 60 1 2 21 66 1 15 0 60 1 13 0 85 1 0 2 92 1 54 0 84 1 0 26 33 1 21 11 62 1 19 43 86 1 5 31 38 1 1 0 25 1 0 7 45 1 0 1 59 1 6 20 66 1 0 0 73 1 0 0 80 1 2 42 87 1 3 9 62 1 19 56 67 1 0 0 0 0 0 51 74 1 0 0 67 1 18 26 37 1 30 26 28 1 0 4 75 1 0 0 46 1 14 7 57 1 21 0 80 1 0 0 0 0 17 19 27 1 20 7 77 1 32 35 2 1 0 14 95 1 24 12 19 1 0 4 82 1 27 34 73 1 0 0 46 1 11 0 77 1 1 0 52 1
11 33 80 1 0 0 32 1 15 8 50 1 10 14 65 1 20 0 69 1 0 0 63 1 0 18 62 1 0 27 110 1 11 19 105 1 0 0 44 1 23 25 54 1 14 0 41 1 7 0 27 1 0 0 0 0 19 5 59 1 0 0 59 1 1 32 81 1 15 0 102 1 2 0 51 1 0 0 77 1 27 36 54 1 25 26 51 1 0 0 54 1 27 5 60 1 0 0 0 0 0 1 70 1 11 12 76 1 9 8 67 1 0 12 66 1 0 0 0 0 17 16 77 1 5 0 58 1 4 23 59 1 7 13 80 1 26 0 35 1 0 0 0 0 2 39 62 1 0 0 74 1 19 5 64 1 35 26 33 1 0 0 51 1 0 0 0 0 23 31 56 1 0 0 77 1 11 0 80 1 0 0 42 1 6 0 43 1 1 2 77 1 0 18 44 1 23 1 95 1 9 0 50 1 40 0 55 1 0 21 118 1 0 0 30 1 2 43 73 1 9 13 44 1 0 0 66 1 33 14 54 1 0 0 67 1 0 0 70 1 0 21 71 1 0 0 42 1 0 0 0 0 8 25 54 1 5 44 49 1 0 0 78 1 0 25 20 1 0 0 0 0 2 0 56 1 37 0 84 1 3 0 38 1 0 0 83 1 0 37 65 1 0 0 62 1
13 29 78 1 9 30 55 1 15 45 94 1 12 36 92 1 0 27 53 1 0 5 70 1 0 0 0 0 9 2 85 1 0 15 95 1 8 12 41 1 10 0 69 1 0 0 0 0 5 30 102 1 1 0 64 1 13 9 81 1 0 13 65 1 28 8 103 1 7 29 108 1 0 0 102 1 0 0 0 0 32 5 74 1 5 11 26 1 0 0 0 0 4 0 81 1 7 21 55 1 0 0 66 1 0 34 57 1 0 0 0 0 16 0 60 1 17 7 76 1 0 3 89 1 52 28 57 1 16 2 95 1 20 8 75 1 0 0 38 1 0 8 62 1 44 1 57 1 0 26 91 1 3 10 46 1 19 16 93 1 23 15 61 1 3 23 75 1 0 24 43 1 13 8 34 1 0 33 62 1 16 0 61 1 0 0 92 1 0 0 0 0 0 14 84 1 32 14 46 1 1 0 55 1 0 57 37 1 0 15 94 1 0 39 51 1 24 28 90 1 8 0 66 1 34 27 94 1 21 19 105 1 16 28 36 1 0 0 55 1 0 13 37 1 20 17 68 1 0 0 83 1 25 0 49 1 0 0 0 0 0 0 0 0 0 0 42 1 4 32 50 1 0 0 98 1 0 19 69 1 0 0 59 1 39 2 71 1 0 0 82 1 0 0 18 1
0 5 80 1 0 45 50 1 0 0 0 0 0 54 65 1 19 0 43 1 0 0 0 0 0 23 59 1 9 0 107 1 2 0 48 1 12 0 69 1 0 0 0 0 1 30 50 1 0 0 42 1 34 0 70 1 40 38 51 1 36 17 64 1 24 0 85 1 0 0 48 1 0 22 56 1 0 0 25 1 0 12 104 1 0 27 86 1 0 0 57 1 0 18 66 1 16 21 63 1 0 0 0 0 0 16 85 1 0 17 96 1 12 16 74 1 0 0 72 1 0 34 51 1 8 29 70 1 35 33 85 1 5 9 51 1 15 2 86 1 0 0 62 1 0 34 62 1 7 0 57 1 7 0 92 1 29 16 45 1 3 0 20 1 0 0 0 0 0 3 41 1 4 30 64 1 0 0 54 1 61 7 92 1 17 2 56 1 59 0 39 1 21 0 94 1 0 0 0 0 17 15 69 1 0 14 73 1 4 20 57 1 0 33 70 1 0 31 66 1 10 38 52 1 11 0 39 1 17 0 65 1 1 0 47 1 18 24 49 1 43 0 66 1 20 13 70 1 0 0 0 0 18 0 102 1 14 0 39 1 14 0 60 1 7 15 38 1 0 35 54 1 0 37 82 1 0 41 65 1 0 0 0 0 0 0 39 1 19 1 78 1 3 0 44 1
46 8 27 1 40 31 63 1 0 0 0 0 37 2 65 1 13 9 71 1 0 33 58 1 39 12 101 1 2 15 66 1 12 17 66 1 4 12 45 1 0 0 0 0 14 4 63 1 34 5 27 1 47 0 20 1 26 10 50 1 63 13 53 1 35 0 81 1 35 2 61 1 44 17 61 1 11 0 53 1 12 30 35 1 21 2 67 1 7 13 74 1 0 11 67 1 0 0 0 0 14 19 62 1 5 0 60 1 0 0 19 1 25 0 78 1 10 18 70 1 0 0 57 1 13 0 47 1 0 31 69 1 2 0 47 1 0 0 36 1 0 2 35 1 0 20 58 1 0 17 52 1 22 0 36 1 0 0 54 1 5 6 46 1 0 20 62 1 0 3 60 1 23 32 61 1 0 33 38 1 15 5 70 1 0 13 72 1 0 0 0 0 25 16 72 1 3 2 48 1 0 9 42 1 31 23 57 1 19 31 103 1 39 0 93 1 21 0 52 1 24 0 70 1 0 39 90 1 20 0 71 1 3 0 85 1 0 28 53 1 67 27 84 1 16 0 60 1 12 0 67 1 0 0 68 1 0 0 51 1 0 0 71 1 21 0 55 1 0 1 51 1 0 0 86 1 15 0 94 1 21 8 72 1 5 5 88 1 3 0 89 1 16 0 87 1
0 44 36 1 0 12 93 1 0 24 23 1 0 16 64 1 10 40 34 1 15 23 46 1 20 0 71 1 0 19 51 1 0 53 57 1 7 15 71 1 0 0 67 1 3 0 113 1 1 20 54 1 20 12 68 1 0 14 52 1 0 0 0 0 0 24 41 1 0 0 0 0 0 13 56 1 0 0 113 1 5 0 67 1 50 0 95 1 18 0 92 1 0 0 61 1 7 0 15 1 8 42 55 1 40 0 94 1 10 24 59 1 30 0 64 1 17 0 44 1 24 0 37 1 6 9 70 1 33 0 83 1 0 41 51 1 15 23 67 1 34 45 77 1 0 14 58 1 22 10 75 1 29 9 75 1 0 0 82 1 0 0 0 0 0 0 91 1 0 0 0 0 1 0 33 1 30 29 76 1 0 10 68 1 9 20 44 1 0 0 70 1 12 0 64 1 0 15 37 1 0 4 47 1 8 25 52 1 0 7 65 1 5 16 71 1 0 0 0 0 0 0 50 1 0 19 66 1 15 0 68 1 0 0 0 0 0 0 40 1 0 20 63 1 15 0 92 1 6 30 42 1 0 0 60 1 0 8 88 1 49 0 44 1 0 19 80 1 10 11 69 1 0 0 34 1 46 0 94 1 0 9 49 1 0 0 64 1 5 41 66 1 3 47 77 1
27 5 63 1 21 0 54 1 28 17 66 1 34 0 51 1 13 32 41 1 37 28 48 1 40 29 54 1 0 26 69 1 0 25 100 1 29 1 63 1 2 0 99 1 0 0 44 1 27 57 87 1 0 37 62 1 22 0 76 1 0 43 56 1 0 0 0 0 0 9 50 1 24 10 59 1 11 7 39 1 5 25 57 1 18 9 56 1 0 0 47 1 8 48 40 1 0 2 90 1 53 0 27 1 3 10 76 1 3 0 68 1 0 50 79 1 15 12 58 1 4 12 54 1 0 9 30 1 0 0 53 1 32 5 46 1 0 32 56 1 0 6 95 1 8 0 75 1 6 43 64 1 0 61 50 1 3 38 51 1 0 15 43 1 0 0 0 0 0 0 0 0 3 0 85 1 11 13 101 1 32 33 73 1 30 11 51 1 42 0 45 1 42 18 109 1 24 0 70 1 0 0 0 0 0 0 63 1 0 40 60 1 0 0 0 0 0 0 42 1 0 32 68 1 0 0 50 1 23 0 61 1 0 0 85 1 36 7 49 1 2 37 49 1 0 4 45 1 0 0 80 1 14 25 36 1 0 0 59 1 14 38 86 1 0 0 60 1 34 0 45 1 45 19 64 1 0 0 0 0 0 23 97 1 0 12 93 1 15 0 47 1 0 0 48 1
24 16 38 1 41 9 20 1 25 19 76 1 0 16 40 1 0 0 0 0 35 0 61 1 17 43 77 1 23 34 54 1 26 20 56 1 3 0 86 1 0 0 16 1 15 33 38 1 45 12 52 1 0 16 51 1 7 17 60 1 17 24 44 1 0 0 0 0 0 10 52 1 0 14 50 1 8 44 33 1 28 0 69 1 46 0 54 1 28 0 41 1 57 29 58 1 0 9 99 1 34 12 72 1 25 0 36 1 21 22 71 1 0 1 61 1 0 4 79 1 3 43 98 1 0 0 0 0 26 0 61 1 54 3 54 1 23 31 44 1 0 0 61 1 4 25 63 1 3 1 51 1 0 0 89 1 0 16 68 1 0 0 0 0 0 3 56 1 15 0 70 1 51 2 22 1 24 17 61 1 0 0 0 0 0 0 0 0 0 3 40 1 19 3 87 1 0 0 82 1 33 34 77 1 2 0 30 1 0 21 56 1 34 35 31 1 0 18 93 1 0 0 24 1 18 23 53 1 0 0 68 1 0 35 22 1 0 12 80 1 0 0 79 1 20 16 75 1 0 4 69 1 0 11 85 1 15 0 82 1 7 10 88 1 0 46 66 1 4 2 33 1 5 13 54 1 0 3 47 1 0 14 21 1 12 26 98 1 0 8 40 1 19 0 78 1
34 0 48 1 0 5 44 1 20 16 64 1 29 8 59 1 0 10 70 1 0 2 68 1 5 1 33 1 0 5 46 1 4 0 33 1 0 0 24 1 0 0 0 0 0 0 0 0 0 0 0 0 0 29 79 1 6 0 96 1 0 50 97 1 0 0 71 1 5 0 69 1 0 0 0 0 11 0 63 1 0 10 39 1 0 0 0 0 0 18 82 1 0 0 0 0 38 13 61 1 2 0 54 1 24 22 74 1 55 10 65 1 0 0 64 1 2 25 35 1 8 7 63 1 26 0 44 1 0 0 0 0 2 0 44 1 21 0 17 1 0 0 58 1 20 0 47 1 0 8 71 1 15 0 30 1 46 3 99 1 0 1 88 1 3 7 78 1 0 20 76 1 0 0 22 1 4 23 83 1 26 0 56 1 34 0 59 1 0 0 0 0 1 27 42 1 22 14 57 1 0 44 15 1 21 46 77 1 0 6 71 1 11 0 96 1 0 0 81 1 0 0 0 0 0 0 0 0 0 36 81 1 11 38 49 1 0 0 71 1 0 23 26 1 52 0 87 1 0 0 67 1 6 0 77 1 0 23 85 1 0 20 61 1 0 22 74 1 0 9 22 1 8 9 40 1 32 11 62 1 0 1 94 1 2 18 71 1 0 0 0 0 9 0 59 1
17 27 86 1 24 0 46 1 0 3 59 1 48 1 32 1 10 21 96 1 17 0 77 1 3 1 44 1 18 20 85 1 0 2 87 1 0 0 84 1 0 23 50 1 8 14 83 1 0 12 79 1 11 0 86 1 0 32 63 1 0 22 53 1 9 17 84 1 0 9 41 1 22 46 66 1 31 4 58 1 9 0 78 1 13 17 54 1 35 3 30 1 47 0 73 1 0 0 0 0 4 0 90 1 17 31 61 1 0 35 71 1 2 0 18 1 0 0 85 1 11 2 38 1 56 31 50 1 0 19 50 1 0 0 0 0 15 15 27 1 0 0 99 1 0 0 59 1 8 0 31 1 0 6 73 1 12 0 69 1 1 2 67 1 14 0 52 1 0 24 49 1 8 0 65 1 33 1 86 1 15 36 82 1 0 0 0 0 42 25 55 1 0 0 98 1 27 6 60 1 0 3 68 1 36 0 48 1 2 3 46 1 0 0 44 1 0 0 40 1 0 0 61 1 36 15 33 1 5 17 71 1 8 5 71 1 0 0 79 1 40 40 49 1 0 21 5 1 14 0 49 1 25 5 71 1 18 8 63 1 0 0 61 1 0 29 46 1 11 0 52 1 0 38 32 1 11 0 67 1 8 0 71 1 15 0 67 1 30 10 48 1 15 9 39 1
32 0 129 1 24 8 53 1 14 42 64 1 0 0 68 1 48 4 70 1 5 0 92 1 0 0 0 0 10 28 49 1 0 33 27 1 0 0 0 0 23 0 76 1 0 0 18 1 3 0 52 1 0 14 103 1 0 0 68 1 0 0 0 0 32 2 57 1 0 62 64 1 14 15 53 1 36 7 93 1 0 20 66 1 0 30 25 1 26 18 63 1 37 0 68 1 37 22 60 1 10 64 61 1 21 0 58 1 43 13 26 1 55 3 78 1 16 12 50 1 0 9 61 1 0 10 42 1 0 0 71 1 22 37 82 1 10 11 66 1 7 31 56 1 0 24 94 1 10 0 54 1 0 18 74 1 0 8 52 1 1 29 63 1 16 0 62 1 0 16 45 1 3 18 19 1 0 0 65 1 0 24 85 1 0 0 61 1 13 14 73 1 0 4 71 1 28 31 81 1 18 10 60 1 3 0 60 1 32 15 37 1 0 0 58 1 0 27 114 1 25 0 57 1 9 34 86 1 15 27 69 1 7 21 102 1 1 0 75 1 10 0 51 1 0 0 0 0 0 20 63 1 11 26 60 1 22 12 53 1 10 31 40 1 14 23 34 1 4 10 77 1 36 2 86 1 10 0 38 1 0 0 81 1 0 0 82 1 0 0 62 1 11 0 47 1
0 8 48 1 22 16 72 1 38 13 60 1 28 0 96 1 23 0 43 1 15 0 90 1 20 2 90 1 15 29 80 1 11 0 40 1 0 1 79 1 20 27 74 1 7 0 4 1 15 7 56 1 0 0 83 1 2 0 44 1 6 0 76 1 0 0 54 1 13 6 71 1 26 17 45 1 0 36 67 1 5 15 91 1 0 0 0 0 23 32 55 1 0 0 0 0 33 23 26 1 17 28 64 1 20 0 74 1 21 3 69 1 29 0 48 1 48 26 85 1 8 8 53 1 0 7 52 1 12 35 54 1 31 36 78 1 25 0 74 1 0 0 62 1 7 18 82 1 6 18 76 1 1 10 91 1 9 11 77 1 0 21 78 1 9 8 47 1 4 36 40 1 0 4 65 1 26 11 77 1 0 39 62 1 0 0 0 0 0 0 54 1 0 41 66 1 12 14 73 1 0 22 59 1 35 25 107 1 7 30 71 1 9 12 30 1 0 0 0 0 5 26 78 1 0 33 38 1 7 0 79 1 0 0 59 1 28 15 64 1 25 0 47 1 2 11 55 1 1 0 56 1 0 0 54 1 19 22 78 1 0 0 103 1 0 0 40 1 0 25 98 1 0 1 74 1 40 21 86 1 2 0 77 1 0 33 85 1 17 0 71 1 26 30 90 1
5 0 48 1 1 0 57 1 33 14 82 1 0 21 50 1 5 0 80 1 0 27 49 1 0 4 65 1 37 0 55 1 58 13 53 1 16 7 60 1 0 0 75 1 0 26 98 1 0 1 93 1 11 18 47 1 6 58 49 1 0 21 91 1 0 4 69 1 0 5 99 1 0 0 26 1 0 0 58 1 0 0 49 1 0 35 26 1 20 11 44 1 10 0 65 1 0 0 54 1 8 37 49 1 0 27 86 1 16 0 17 1 5 50 89 1 45 1 54 1 35 0 42 1 0 0 78 1 13 16 51 1 0 0 58 1 0 15 61 1 0 0 89 1 0 0 0 0 0 33 103 1 0 0 0 0 0 9 52 1 1 3 64 1 0 32 70 1 19 0 34 1 8 20 55 1 29 37 105 1 0 13 50 1 0 0 12 1 0 6 66 1 0 0 0 0 0 15 64 1 27 8 62 1 0 27 55 1 14 0 48 1 7 0 46 1 31 16 31 1 13 27 36 1 19 15 51 1 20 26 42 1 27 0 67 1 0 32 45 1 9 44 70 1 0 19 65 1 0 0 0 0 10 14 66 1 11 18 71 1 0 0 73 1 6 6 71 1 0 0 67 1 0 5 86 1 0 3 61 1 0 6 39 1 13 0 61 1 0 0 0 0 7 0 60 1
43 19 34 1 1 18 60 1 0 0 0 0 51 14 21 1 0 11 99 1 0 22 74 1 0 0 0 0 45 47 67 1 0 13 99 1 19 0 66 1 0 35 75 1 0 7 45 1 0 9 37 1 23 0 26 1 0 0 0 0 0 0 0 0 0 0 0 0 0 0 9 1 2 33 52 1 0 0 72 1 21 0 62 1 0 0 0 0 0 35 83 1 20 18 65 1 0 27 134 1 21 24 58 1 0 18 68 1 0 0 19 1 0 0 29 1 0 10 82 1 1 9 75 1 0 1 95 1 0 29 63 1 0 0 0 0 10 25 58 1 0 0 50 1 0 0 55 1 0 0 40 1 18 0 69 1 0 0 65 1 0 0 0 0 19 24 19 1 9 11 72 1 14 0 77 1 0 11 56 1 0 0 33 1 15 10 45 1 7 0 84 1 0 0 0 0 0 11 56 1 0 22 76 1 6 7 114 1 1 0 40 1 0 22 63 1 0 33 73 1 0 0 17 1 0 4 33 1 0 0 55 1 0 27 96 1 14 34 86 1 4 0 85 1 0 32 30 1 27 0 63 1 0 30 87 1 0 15 63 1 4 0 32 1 26 61 80 1 4 35 53 1 0 0 0 0 19 7 40 1 1 1 31 1 38 4 62 1 0 0 0 0 0 0 27 1
16 15 72 1 20 0 61 1 53 0 38 1 49 6 67 1 22 0 39 1 28 8 63 1 0 15 59 1 1 0 77 1 0 1 46 1 9 18 51 1 1 9 76 1 17 0 49 1 0 0 86 1 34 9 65 1 31 0 24 1 6 45 62 1 9 0 53 1 0 0 0 0 0 34 83 1 0 62 57 1 0 1 78 1 4 31 24 1 0 17 51 1 0 0 0 0 0 13 60 1 0 2 55 1 0 0 95 1 0 0 51 1 0 0 0 0 0 12 40 1 8 0 50 1 0 20 64 1 0 0 54 1 0 2 19 1 0 0 95 1 0 7 92 1 0 0 0 0 10 30 14 1 0 37 62 1 21 13 59 1 0 24 11 1 7 0 44 1 0 3 108 1 0 0 0 0 0 0 63 1 2 32 53 1 0 0 28 1 0 0 0 0 0 0 0 0 22 0 72 1 0 0 82 1 0 21 62 1 6 0 82 1 0 0 62 1 8 8 19 1 0 50 100 1 13 24 70 1 25 7 8 1 5 50 57 1 1 0 65 1 0 0 101 1 15 44 30 1 0 32 47 1 17 31 83 1 0 18 95 1 0 13 28 1 17 39 34 1 30 18 44 1 0 13 87 1 0 31 61 1 0 0 59 1 19 0 68 1 7 26 50 1 0 10 40 1
0 0 38 1 18 39 69 1 0 21 42 1 25 4 46 1 0 0 0 0 15 32 84 1 8 39 52 1 0 0 0 0 38 19 87 1 4 0 75 1 0 0 0 0 0 6 20 1 0 21 70 1 0 0 96 1 0 0 79 1 0 25 34 1 22 21 67 1 20 22 68 1 5 13 43 1 0 0 0 0 14 0 63 1 13 14 114 1 0 7 83 1 0 31 45 1 0 0 0 0 11 5 84 1 0 13 58 1 0 24 34 1 33 0 45 1 0 11 45 1 10 10 34 1 15 5 54 1 0 0 0 0 0 0 40 1 0 0 52 1 11 5 75 1 31 6 74 1 9 0 69 1 0 0 35 1 16 6 78 1 0 0 36 1 20 0 62 1 7 3 71 1 0 0 75 1 19 0 75 1 0 26 78 1 0 10 76 1 30 0 37 1 0 0 50 1 5 0 84 1 0 0 0 0 14 3 80 1 0 18 57 1 0 49 14 1 41 0 61 1 10 0 83 1 15 0 60 1 0 0 57 1 19 0 76 1 0 23 35 1 21 30 57 1 20 22 68 1 8 0 63 1 0 31 63 1 0 0 0 0 7 25 92 1 0 0 0 0 0 0 32 1 0 1 46 1 0 0 0 0 0 14 51 1 0 0 61 1 0 0 60 1 0 0 72 1
27 10 41 1 16 18 42 1 0 22 42 1 16 0 92 1 33 0 44 1 0 0 0 0 20 48 62 1 0 1 62 1 41 9 38 1 28 3 63 1 33 0 32 1 4 0 64 1 0 0 77 1 0 0 0 0 23 49 39 1 0 0 0 0 0 0 0 0 0 15 94 1 0 39 71 1 0 52 52 1 8 8 28 1 21 0 41 1 0 7 74 1 6 0 86 1 0 0 75 1 0 21 55 1 0 0 0 0 2 30 71 1 13 0 72 1 27 0 59 1 0 0 83 1 0 57 12 1 23 10 83 1 0 0 0 0 27 0 96 1 0 5 57 1 10 28 56 1 14 0 71 1 0 0 74 1 7 1 85 1 12 40 73 1 0 0 46 1 24 0 65 1 0 0 91 1 0 0 27 1 7 21 44 1 27 0 89 1 0 0 0 0 0 0 0 0 36 0 39 1 17 0 18 1 0 3 51 1 0 0 0 0 0 0 78 1 11 5 52 1 0 0 0 0 9 20 34 1 21 0 73 1 0 35 45 1 17 31 61 1 0 0 0 0 24 19 36 1 0 36 63 1 0 22 96 1 45 12 62 1 0 0 52 1 33 9 27 1 6 20 58 1 0 0 0 0 0 4 72 1 10 4 63 1 0 0 86 1 0 0 0 0 0 13 53 1
4 35 81 1 0 0 58 1 0 0 0 0 8 34 80 1 24 0 76 1 6 10 80 1 0 11 67 1 0 0 0 0 9 38 86 1 0 39 54 1 0 18 106 1 5 37 52 1 8 7 56 1 12 42 74 1 0 15 67 1 0 0 0 0 0 0 0 0 6 21 52 1 6 0 56 1 0 0 0 0 0 0 60 1 0 0 0 0 0 0 41 1 0 6 101 1 0 23 77 1 0 0 70 1 0 0 89 1 0 36 42 1 0 1 49 1 38 4 70 1 6 0 88 1 36 10 85 1 0 13 40 1 0 38 104 1 54 1 59 1 0 28 79 1 17 0 52 1 0 0 69 1 0 0 58 1 0 10 63 1 10 34 73 1 2 12 82 1 0 9 46 1 18 0 42 1 0 0 61 1 6 0 94 1 0 14 60 1 3 0 111 1 0 0 0 0 0 0 0 0 2 13 52 1 0 18 53 1 12 0 22 1 0 4 41 1 0 0 0 0 19 13 75 1 22 41 86 1 0 0 64 1 32 24 66 1 0 10 65 1 0 7 80 1 32 0 67 1 27 25 59 1 0 12 68 1 0 19 35 1 2 7 32 1 0 17 62 1 46 34 39 1 8 13 108 1 0 0 0 0 52 0 79 1 40 8 80 1 13 21 64 1 31 16 76 1
0 0 36 1 0 2 51 1 4 5 81 1 0 0 0 0 22 0 92 1 0 48 86 1 0 13 84 1 0 15 80 1 14 3 54 1 35 24 54 1 0 26 68 1 0 0 0 0 0 0 54 1 47 29 59 1 28 0 49 1 0 0 52 1 15 13 34 1 10 10 32 1 16 0 72 1 33 17 69 1 0 38 83 1 0 15 54 1 12 34 76 1 22 0 35 1 6 18 32 1 0 0 0 0 36 0 97 1 0 22 65 1 0 0 0 0 3 0 79 1 0 0 33 1 2 61 85 1 0 0 105 1 42 12 50 1 2 33 112 1 29 0 64 1 0 18 54 1 0 0 62 1 22 5 61 1 0 28 83 1 0 0 0 0 0 0 60 1 5 44 50 1 10 0 7 1 0 14 76 1 17 63 52 1 0 0 63 1 0 18 63 1 0 2 63 1 0 5 33 1 0 3 60 1 2 0 47 1 0 16 50 1 0 27 71 1 9 0 68 1 12 18 32 1 0 0 0 0 0 2 67 1 0 0 0 0 0 32 54 1 39 0 33 1 10 10 56 1 5 47 54 1 0 12 52 1 0 0 100 1 22 7 82 1 4 0 83 1 0 0 0 0 0 30 50 1 0 18 67 1 0 0 76 1 20 0 76 1 2 0 35 1 0 56 54 1
0 0 70 1 7 36 63 1 0 0 47 1 0 0 57 1 11 41 42 1 0 0 0 0 29 1 76 1 0 3 90 1 14 0 69 1 20 54 73 1 0 3 65 1 18 32 38 1 0 0 100 1 0 0 0 0 0 41 63 1 45 0 79 1 0 44 51 1 0 15 53 1 40 0 93 1 0 0 50 1 0 0 79 1 11 0 56 1 0 0 0 0 0 0 0 0 0 3 42 1 0 0 0 0 0 25 79 1 0 0 0 0 7 0 69 1 0 0 0 0 33 74 47 1 40 0 70 1 0 22 58 1 0 0 56 1 0 0 71 1 40 0 98 1 0 40 48 1 0 31 74 1 38 31 66 1 38 0 30 1 0 41 53 1 0 21 65 1 0 0 0 0 11 10 35 1 20 2 87 1 0 0 0 0 0 0 0 0 10 0 54 1 8 0 74 1 0 0 0 0 0 3 67 1 42 21 71 1 0 0 47 1 0 0 0 0 26 0 69 1 21 34 71 1 0 8 58 1 3 0 92 1 0 0 56 1 1 5 52 1 0 0 58 1 2 16 70 1 33 30 70 1 3 18 86 1 0 0 91 1 27 9 62 1 0 0 47 1 0 0 69 1 0 0 63 1 0 44 80 1 0 47 18 1 0 7 76 1 2 0 56 1 0 0 54 1
0 0 43 1 28 0 101 1 20 0 66 1 30 16 78 1 13 9 77 1 10 33 78 1 3 0 67 1 0 11 26 1 8 19 61 1 9 32 70 1 0 0 74 1 0 28 31 1 10 0 40 1 12 39 53 1 15 3 67 1 0 19 61 1 23 41 82 1 0 0 57 1 15 37 93 1 11 13 67 1 0 0 0 0 0 0 0 0 0 14 9 1 0 0 0 0 0 70 66 1 12 0 49 1 0 3 69 1 0 9 103 1 0 0 46 1 0 0 18 1 18 0 91 1 11 44 23 1 29 14 31 1 0 5 68 1 0 0 64 1 5 5 42 1 0 8 52 1 0 0 104 1 34 25 52 1 30 6 64 1 4 0 74 1 0 22 22 1 46 57 60 1 0 21 64 1 19 0 44 1 0 0 37 1 0 0 0 0 22 26 46 1 0 0 73 1 0 0 0 0 29 0 49 1 0 0 31 1 13 21 87 1 0 21 37 1 0 0 33 1 0 0 27 1 9 16 84 1 21 0 86 1 0 2 60 1 16 36 56 1 31 0 43 1 38 23 94 1 31 11 81 1 20 36 53 1 0 28 47 1 0 5 59 1 7 15 77 1 14 0 69 1 25 0 73 1 1 0 35 1 0 0 0 0 9 11 49 1 0 0 0 0 10 36 61 1
28 0 46 1 0 10 88 1 11 35 66 1 0 20 74 1 0 0 0 0 1 25 62 1 0 30 76 1 6 11 79 1 13 0 66 1 0 0 0 0 0 22 66 1 17 30 68 1 4 0 70 1 8 0 96 1 0 0 0 0 0 0 41 1 10 0 72 1 0 0 67 1 47 1 75 1 0 0 0 0 26 26 28 1 18 0 48 1 26 0 75 1 0 4 68 1 41 0 51 1 0 40 48 1 19 28 49 1 21 9 85 1 45 18 61 1 19 0 57 1 18 36 100 1 3 0 35 1 0 3 44 1 20 5 69 1 15 6 82 1 18 0 72 1 25 7 54 1 0 29 93 1 20 21 91 1 21 0 30 1 0 39 68 1 10 18 75 1 0 31 49 1 3 0 82 1 0 17 80 1 14 17 86 1 0 20 43 1 4 36 98 1 2 0 55 1 0 0 73 1 0 0 91 1 11 25 62 1 12 0 54 1 18 10 54 1 24 37 35 1 0 0 70 1 0 1 28 1 14 22 47 1 0 0 25 1 45 23 27 1 24 43 40 1 0 7 54 1 0 0 0 0 0 0 0 0 0 0 27 1 0 18 64 1 0 5 77 1 0 1 70 1 0 21 62 1 0 0 106 1 0 7 86 1 0 0 72 1 8 2 65 1 0 11 75 1
0 21 40 1 0 0 73 1 0 23 65 1 15 26 110 1 21 22 71 1 27 19 82 1 8 17 75 1 8 39 52 1 0 0 0 0 27 0 62 1 0 0 56 1 5 23 97 1 23 35 69 1 10 46 77 1 0 0 80 1 4 50 87 1 10 22 24 1 6 17 37 1 0 0 0 0 48 18 81 1 9 0 74 1 12 0 48 1 1 18 82 1 0 0 32 1 0 0 0 0 21 21 66 1 0 11 61 1 0 0 55 1 4 30 78 1 10 9 83 1 0 0 0 0 21 42 47 1 18 0 74 1 0 0 54 1 0 31 44 1 6 16 45 1 8 0 43 1 33 0 66 1 0 26 86 1 12 3 57 1 15 3 54 1 0 28 86 1 5 22 61 1 38 39 68 1 0 17 65 1 0 0 0 0 0 4 56 1 10 24 66 1 0 0 64 1 13 20 73 1 7 15 58 1 11 25 36 1 0 2 22 1 0 18 30 1 20 56 77 1 21 35 70 1 25 20 71 1 41 50 43 1 87 11 86 1 15 0 65 1 3 11 63 1 0 5 56 1 0 0 0 0 45 0 59 1 19 0 60 1 37 15 67 1 16 0 61 1 8 0 68 1 0 13 45 1 6 0 58 1 0 39 63 1 0 0 22 1 29 0 98 1 62 25 63 1
3 0 78 1 0 0 0 0 0 46 61 1 0 0 72 1 32 0 56 1 3 14 55 1 21 0 71 1 0 22 52 1 0 8 79 1 4 28 64 1 0 17 47 1 7 30 57 1 41 42 30 1 0 0 0 0 0 16 79 1 18 0 55 1 0 33 29 1 22 2 68 1 0 12 102 1 13 57 48 1 0 6 59 1 0 0 0 0 2 0 53 1 16 0 66 1 51 0 61 1 0 0 0 0 43 1 61 1 6 0 55 1 0 0 0 0 14 17 41 1 32 0 67 1 11 3 36 1 0 4 42 1 13 0 82 1 0 0 0 0 0 0 35 1 0 0 40 1 50 20 32 1 6 0 17 1 0 13 74 1 0 16 70 1 3 31 36 1 13 18 47 1 21 0 51 1 0 0 31 1 0 0 102 1 0 18 80 1 5 0 65 1 0 0 47 1 0 10 73 1 0 18 94 1 9 41 59 1 0 0 50 1 25 0 35 1 2 7 78 1 5 0 36 1 0 28 60 1 0 24 55 1 0 0 106 1 6 48 85 1 3 0 56 1 27 0 63 1 12 0 58 1 0 0 28 1 0 34 39 1 0 0 0 0 14 28 50 1 0 15 85 1 0 28 90 1 0 43 84 1 39 33 67 1 0 0 49 1 0 12 79 1 0 18 101 1
27 0 82 1 27 25 85 1 0 0 77 1 0 0 97 1 0 0 43 1 23 0 41 1 28 52 68 1 0 14 74 1 0 7 56 1 38 0 25 1 2 11 39 1 14 15 95 1 0 0 0 0 12 0 72 1 12 0 68 1 34 2 60 1 0 0 46 1 7 15 87 1 7 0 82 1 28 11 56 1 5 9 19 1 25 42 55 1 0 0 0 0 0 0 0 0 2 2 82 1 0 0 0 0 10 18 44 1 0 18 53 1 0 38 34 1 25 9 50 1 0 0 0 0 0 0 46 1 25 8 74 1 22 11 39 1 0 0 58 1 19 24 32 1 0 31 67 1 0 53 49 1 22 45 36 1 0 31 92 1 0 14 56 1 11 15 58 1 21 33 65 1 0 5 72 1 16 29 70 1 2 0 40 1 11 18 56 1 0 9 90 1 0 0 88 1 0 0 72 1 0 23 34 1 0 28 74 1 0 0 0 0 20 19 43 1 0 0 65 1 0 24 65 1 2 0 31 1 13 28 58 1 0 0 0 0 4 0 32 1 0 12 85 1 0 10 72 1 18 21 69 1 0 0 77 1 1 5 46 1 0 35 65 1 34 39 66 1 0 30 94 1 0 13 55 1 0 7 65 1 7 16 96 1 0 0 79 1 6 35 104 1 0 2 2 1
0 16 77 1 0 0 50 1 14 55 49 1 21 50 88 1 0 0 0 0 34 36 81 1 27 10 82 1 0 0 77 1 28 0 61 1 8 0 62 1 23 2 49 1 0 7 61 1 29 36 88 1 0 55 75 1 43 0 47 1 22 5 80 1 0 2 63 1 0 14 49 1 0 0 52 1 28 0 66 1 34 0 92 1 20 35 84 1 20 0 59 1 0 2 80 1 0 0 0 0 0 0 0 0 32 0 69 1 31 18 58 1 38 44 57 1 42 50 65 1 0 0 0 0 3 0 67 1 0 0 0 0 51 27 51 1 0 0 63 1 19 24 53 1 24 29 54 1 0 32 48 1 0 9 66 1 0 21 35 1 0 0 16 1 4 11 80 1 0 0 0 0 12 0 33 1 15 15 51 1 8 0 45 1 0 7 35 1 4 3 78 1 0 0 80 1 0 1 55 1 0 0 0 0 0 0 65 1 2 0 46 1 16 25 81 1 0 0 0 0 18 0 78 1 3 12 53 1 17 28 66 1 12 2 58 1 21 18 68 1 0 42 52 1 0 0 0 0 0 0 86 1 3 0 84 1 0 23 105 1 0 12 78 1 17 0 49 1 19 15 40 1 4 1 37 1 3 17 62 1 0 0 0 0 0 24 62 1 0 31 71 1 12 0 60 1
40 0 81 1 0 26 67 1 38 18 51 1 0 0 71 1 0 5 73 1 49 0 102 1 0 0 72 1 19 37 65 1 39 0 41 1 0 15 83 1 0 35 96 1 0 15 78 1 0 0 74 1 13 7 73 1 2 0 39 1 0 0 0 0 0 7 55 1 10 0 104 1 4 17 55 1 0 19 24 1 25 46 44 1 42 0 53 1 12 0 97 1 0 0 103 1 6 21 54 1 17 4 87 1 0 16 83 1 32 0 84 1 0 39 25 1 0 5 34 1 8 1 56 1 18 0 59 1 0 9 39 1 0 6 58 1 0 0 0 0 25 0 59 1 6 6 41 1 0 12 51 1 25 33 52 1 43 0 54 1 0 26 16 1 37 16 32 1 0 0 66 1 15 0 56 1 0 0 0 0 3 0 58 1 7 40 70 1 5 34 31 1 0 21 85 1 17 37 61 1 0 15 56 1 16 7 75 1 0 0 0 0 23 18 43 1 0 0 76 1 0 0 43 1 0 22 74 1 15 5 58 1 0 0 36 1 19 48 35 1 0 33 31 1 9 22 44 1 0 0 0 0 0 1 54 1 4 0 74 1 24 9 54 1 0 2 84 1 12 0 55 1 0 0 51 1 33 0 96 1 6 0 28 1 0 0 73 1 9 0 84 1 0 0 0 0
0 0 0 0 0 0 0 0 49 0 58 1 20 83 96 1 17 0 79 1 0 62 33 1 0 0 51 1 28 19 78 1 3 0 74 1 11 0 53 1 40 0 99 1 0 0 34 1 0 0 79 1 0 26 39 1 31 9 85 1 0 0 46 1 0 15 67 1 0 0 75 1 21 9 79 1 0 21 74 1 54 31 49 1 0 0 40 1 0 0 0 0 20 15 111 1 2 18 85 1 17 0 32 1 0 27 98 1 0 28 23 1 40 15 57 1 0 10 67 1 10 0 43 1 0 0 81 1 6 10 47 1 0 0 23 1 1 10 79 1 10 0 49 1 0 0 0 0 0 0 64 1 0 18 116 1 12 4 97 1 20 0 58 1 0 0 58 1 0 4 77 1 20 0 41 1 0 4 51 1 27 0 55 1 33 14 56 1 0 0 51 1 0 0 101 1 20 34 51 1 12 40 55 1 0 8 85 1 0 0 0 0 24 25 43 1 6 0 89 1 0 28 58 1 0 21 100 1 0 8 54 1 16 0 59 1 17 4 44 1 27 30 38 1 0 0 50 1 36 0 100 1 0 0 0 0 17 0 52 1 25 32 77 1 29 31 49 1 0 10 105 1 21 1 72 1 0 46 56 1 0 24 17 1 0 0 49 1 0 0 0 0 0 0 52 1
10 23 33 1 14 6 56 1 0 0 0 0 31 0 65 1 32 0 47 1 0 18 47 1 12 27 54 1 0 18 48 1 13 0 74 1 0 0 62 1 32 29 92 1 27 29 63 1 14 40 31 1 0 3 59 1 0 0 0 0 0 23 66 1 33 4 49 1 35 10 63 1 11 14 80 1 43 15 73 1 1 0 35 1 21 11 62 1 9 23 44 1 12 14 39 1 6 0 27 1 0 14 88 1 0 0 87 1 1 31 44 1 25 30 47 1 11 5 62 1 11 0 78 1 14 35 19 1 0 9 35 1 15 10 51 1 0 0 48 1 0 0 0 0 19 0 90 1 26 17 28 1 11 3 119 1 0 25 77 1 11 0 63 1 18 0 67 1 0 0 0 0 14 20 81 1 0 35 70 1 0 0 0 0 4 25 88 1 0 0 47 1 20 0 50 1 7 35 103 1 0 0 0 0 18 23 63 1 35 44 47 1 0 15 97 1 9 0 70 1 0 0 0 0 0 0 74 1 4 19 58 1 9 35 61 1 0 0 0 0 0 0 104 1 0 0 70 1 29 6 26 1 0 28 83 1 0 8 49 1 12 51 70 1 0 4 51 1 15 39 68 1 23 0 68 1 4 0 86 1 29 1 41 1 0 0 0 0 0 13 49 1 0 23 66 1
0 36 55 1 0 0 63 1 16 13 72 1 12 16 53 1 0 26 94 1 0 7 59 1 14 5 86 1 42 35 41 1 0 0 0 0 0 7 86 1 12 41 49 1 17 1 71 1 33 30 29 1 47 0 90 1 0 21 56 1 0 54 10 1 10 12 66 1 0 22 54 1 9 51 39 1 11 0 100 1 0 0 0 0 7 25 71 1 17 0 68 1 33 8 58 1 25 31 76 1 12 0 111 1 11 0 50 1 7 31 104 1 0 0 77 1 1 35 66 1 0 0 59 1 0 0 60 1 26 0 76 1 20 36 54 1 0 22 49 1 19 3 31 1 0 10 35 1 0 17 93 1 53 11 68 1 0 0 46 1 28 12 54 1 7 0 67 1 0 0 52 1 0 0 23 1 0 0 90 1 35 0 51 1 17 0 54 1 21 31 46 1 13 47 72 1 0 0 48 1 0 0 0 0 0 0 46 1 36 0 48 1 0 0 78 1 0 5 72 1 28 0 77 1 0 0 77 1 0 6 37 1 0 0 59 1 14 28 29 1 0 5 58 1 11 23 77 1 0 0 94 1 10 0 94 1 0 0 0 0 15 0 78 1 21 0 58 1 12 40 65 1 12 0 79 1 0 0 92 1 0 5 68 1 28 17 86 1 0 0 0 0 17 19 51 1
14 0 69 1 0 8 85 1 0 22 87 1 43 0 91 1 3 0 48 1 14 0 97 1 0 0 0 0 25 26 101 1 0 0 94 1 0 32 54 1 0 0 0 0 9 4 53 1 0 0 57 1 18 19 22 1 0 0 0 0 27 0 22 1 14 9 56 1 17 37 71 1 0 41 88 1 2 32 75 1 8 8 60 1 45 0 88 1 0 9 37 1 33 0 58 1 6 0 109 1 0 22 39 1 0 0 84 1 0 16 56 1 0 0 98 1 11 0 64 1 16 8 79 1 0 5 58 1 0 11 55 1 0 31 87 1 8 16 32 1 32 11 35 1 0 0 51 1 8 0 32 1 0 1 19 1 14 12 46 1 5 21 79 1 0 28 88 1 0 0 65 1 4 0 60 1 34 7 67 1 31 0 53 1 0 0 36 1 0 0 0 0 17 57 67 1 0 0 66 1 0 23 63 1 9 0 6 1 0 35 41 1 0 0 72 1 0 0 37 1 15 26 90 1 0 3 60 1 0 27 74 1 0 0 0 0 3 8 32 1 14 11 63 1 28 2 64 1 49 6 49 1 0 0 0 0 0 2 54 1 13 32 53 1 9 0 86 1 0 0 29 1 18 21 55 1 0 0 0 0 26 2 34 1 0 26 40 1 0 3 59 1 20 20 79 1
10 0 87 1 47 0 44 1 14 0 95 1 0 0 86 1 0 5 87 1 12 0 25 1 0 0 0 0 55 12 42 1 0 11 87 1 3 17 69 1 38 13 44 1 40 29 72 1 28 18 91 1 21 6 89 1 25 15 27 1 18 0 46 1 4 11 47 1 0 0 0 0 3 51 54 1 7 6 61 1 5 0 84 1 30 18 46 1 0 0 0 0 38 29 75 1 4 60 81 1 10 37 88 1 6 2 18 1 31 24 39 1 0 0 57 1 0 17 97 1 0 1 37 1 0 0 67 1 7 0 28 1 0 12 87 1 0 0 0 0 1 0 61 1 0 0 59 1 0 6 23 1 16 45 97 1 4 8 78 1 12 50 41 1 1 32 56 1 18 27 49 1 0 0 0 0 0 22 75 1 0 0 71 1 0 26 87 1 5 39 59 1 0 3 70 1 2 6 25 1 0 22 49 1 0 0 0 0 0 0 0 0 49 0 64 1 20 36 66 1 0 8 75 1 0 9 76 1 0 0 71 1 0 0 0 0 0 0 0 0 25 8 1 1 0 0 0 0 24 25 52 1 26 0 111 1 21 3 88 1 0 0 26 1 0 0 73 1 0 59 64 1 0 20 55 1 44 9 77 1 2 19 71 1 1 0 50 1 0 14 69 1 21 0 86 1
15 0 95 1 0 15 80 1 9 12 94 1 14 26 63 1 0 26 65 1 1 0 70 1 1 0 63 1 12 21 51 1 14 39 47 1 0 0 85 1 20 0 47 1 55 4 39 1 4 18 97 1 0 51 84 1 0 19 70 1 0 0 88 1 0 23 84 1 0 19 56 1 24 42 55 1 0 0 0 0 17 2 69 1 5 0 35 1 0 0 0 0 24 0 80 1 41 23 76 1 0 15 55 1 3 5 51 1 7 0 38 1 19 62 71 1 10 0 21 1 37 1 51 1 0 57 36 1 0 0 0 0 19 17 43 1 43 0 28 1 0 2 71 1 33 0 38 1 15 26 48 1 0 48 56 1 0 28 31 1 0 0 62 1 18 0 63 1 0 0 65 1 0 2 91 1 22 0 44 1 37 21 58 1 39 20 38 1 28 6 84 1 0 30 40 1 26 39 82 1 0 7 93 1 19 24 54 1 0 0 0 0 17 15 70 1 20 0 52 1 0 0 93 1 32 23 53 1 17 0 76 1 0 6 63 1 0 28 80 1 0 9 67 1 6 9 16 1 0 0 0 0 0 0 0 0 14 22 47 1 0 4 115 1 0 0 43 1 0 0 41 1 0 29 56 1 0 9 25 1 0 0 43 1 0 24 78 1 1 0 76 1 7 13 69 1
8 11 55 1 15 18 75 1 1 9 60 1 36 8 77 1 23 25 57 1 0 0 0 0 24 39 96 1 0 19 70 1 9 0 43 1 0 0 53 1 0 0 58 1 0 16 71 1 9 12 65 1 40 11 65 1 0 11 97 1 0 0 0 0 48 49 75 1 0 13 44 1 34 2 62 1 21 1 59 1 0 49 55 1 10 47 64 1 0 8 72 1 10 43 70 1 0 14 70 1 28 16 93 1 30 0 13 1 1 0 71 1 0 8 66 1 0 6 85 1 0 0 68 1 32 0 65 1 0 9 91 1 0 10 73 1 26 4 85 1 0 0 76 1 15 2 34 1 10 26 43 1 6 0 63 1 19 0 63 1 33 0 74 1 28 17 70 1 0 0 67 1 19 18 21 1 0 0 0 0 20 0 69 1 30 0 51 1 21 11 47 1 0 34 70 1 9 35 92 1 0 11 60 1 0 8 74 1 0 0 0 0 24 37 64 1 0 0 0 0 1 36 85 1 0 0 81 1 43 46 58 1 0 11 50 1 5 0 62 1 0 5 69 1 24 0 69 1 0 4 25 1 26 0 89 1 30 33 75 1 0 12 64 1 0 12 50 1 0 54 23 1 8 0 72 1 0 0 79 1 0 0 0 0 3 10 51 1 0 12 58 1 17 21 41 1
2 0 75 1 0 26 61 1 0 10 22 1 0 31 76 1 47 42 88 1 36 47 61 1 0 44 74 1 43 24 29 1 22 55 65 1 27 16 57 1 10 0 72 1 0 0 57 1 0 14 50 1 12 0 59 1 0 16 73 1 0 0 46 1 0 0 0 0 0 0 33 1 0 0 0 0 0 3 73 1 21 25 48 1 5 0 58 1 4 15 37 1 6 0 56 1 0 18 59 1 12 1 60 1 21 1 85 1 17 5 58 1 14 4 59 1 0 16 38 1 15 18 50 1 0 0 80 1 5 31 76 1 0 0 0 0 0 0 53 1 0 0 0 0 26 0 69 1 0 13 80 1 14 0 64 1 16 6 41 1 26 0 77 1 16 20 71 1 40 0 73 1 1 0 56 1 0 0 85 1 0 0 21 1 49 6 58 1 22 22 61 1 0 0 0 0 7 2 60 1 7 12 62 1 0 0 81 1 9 13 43 1 0 33 72 1 0 0 56 1 0 10 55 1 0 0 0 0 0 43 68 1 3 0 70 1 0 0 88 1 0 2 96 1 0 0 73 1 22 23 71 1 0 43 63 1 23 0 99 1 0 0 47 1 23 13 42 1 0 9 70 1 0 0 52 1 0 11 49 1 5 4 50 1 0 11 76 1 0 10 61 1 15 30 44 1
0 0 0 0 9 5 68 1 0 0 0 0 32 0 87 1 12 25 40 1 26 11 44 1 17 30 78 1 30 0 60 1 0 20 70 1 0 21 71 1 0 18 74 1 0 17 58 1 1 7 88 1 5 0 78 1 26 13 68 1 0 29 61 1 6 18 53 1 0 25 41 1 0 0 0 0 19 9 46 1 28 47 68 1 16 1 75 1 0 23 84 1 9 49 65 1 0 36 89 1 5 29 81 1 22 26 44 1 0 0 87 1 0 0 107 1 8 33 61 1 12 21 44 1 9 63 85 1 0 0 0 0 0 0 0 0 0 10 67 1 0 24 61 1 0 63 41 1 19 34 88 1 0 0 61 1 24 0 65 1 0 11 55 1 0 3 62 1 11 26 65 1 0 15 64 1 0 30 105 1 0 0 0 0 0 3 58 1 0 0 57 1 0 0 0 0 0 16 55 1 0 1 47 1 0 0 0 0 13 8 43 1 19 0 69 1 0 10 65 1 12 41 130 1 0 7 64 1 0 0 62 1 5 0 41 1 1 4 52 1 0 27 41 1 0 0 0 0 0 10 52 1 0 0 67 1 0 0 85 1 0 0 0 0 35 16 77 1 0 0 0 0 0 31 70 1 0 0 0 0 45 5 83 1 0 5 44 1 6 8 52 1 25 0 82 1
0 0 0 0 0 0 52 1 19 35 53 1 22 0 73 1 37 53 40 1 0 0 0 0 0 5 16 1 48 0 56 1 0 26 69 1 17 39 58 1 33 15 72 1 23 32 47 1 0 25 58 1 43 26 60 1 9 0 50 1 35 0 63 1 16 35 62 1 0 42 48 1 15 30 56 1 40 0 73 1 23 0 91 1 0 45 62 1 20 0 71 1 0 56 93 1 0 61 66 1 0 18 72 1 36 35 81 1 0 21 59 1 9 0 71 1 0 0 84 1 20 0 56 1 23 0 79 1 0 0 0 0 7 0 77 1 5 23 30 1 0 13 67 1 0 36 44 1 21 0 85 1 0 33 61 1 0 0 0 0 24 34 78 1 5 0 54 1 4 26 78 1 15 0 28 1 12 0 67 1 0 0 49 1 0 23 76 1 0 41 42 1 11 0 65 1 0 0 0 0 0 0 45 1 0 0 43 1 38 39 81 1 0 0 63 1 0 13 101 1 0 22 70 1 1 8 49 1 28 0 63 1 7 29 72 1 2 0 61 1 26 29 68 1 0 1 46 1 22 4 75 1 0 1 78 1 0 0 113 1 31 0 75 1 0 3 94 1 18 39 50 1 0 0 52 1 0 0 0 0 17 1 71 1 0 0 67 1 6 7 62 1 8 37 67 1
8 44 51 1 0 0 0 0 40 47 60 1 0 65 48 1 0 0 0 0 2 10 112 1 0 50 50 1 8 18 31 1 0 0 37 1 4 0 58 1 0 0 0 0 1 2 66 1 5 32 57 1 0 11 26 1 0 10 65 1 17 10 41 1 0 30 27 1 0 0 0 0 6 21 68 1 15 0 66 1 24 10 60 1 0 35 75 1 0 0 68 1 12 13 79 1 20 21 83 1 14 0 75 1 0 20 68 1 47 0 47 1 0 0 75 1 0 9 103 1 0 47 60 1 28 7 43 1 0 26 69 1 0 0 89 1 0 53 42 1 31 33 69 1 0 10 39 1 22 0 55 1 0 3 86 1 0 0 0 0 26 5 62 1 0 5 45 1 15 9 84 1 0 0 48 1 0 0 0 0 5 48 57 1 0 39 56 1 4 0 59 1 0 4 70 1 5 0 99 1 1 46 79 1 2 0 85 1 0 9 58 1 0 19 61 1 12 9 60 1 33 0 74 1 12 0 111 1 18 12 28 1 0 0 53 1 25 0 100 1 0 0 0 0 0 30 62 1 39 13 69 1 5 7 79 1 12 16 82 1 0 45 69 1 0 7 15 1 0 0 0 0 0 0 62 1 0 3 50 1 0 18 32 1 0 0 45 1 0 21 67 1 0 9 53 1
1 0 89 1 27 9 104 1 0 16 100 1 19 0 79 1 33 14 115 1 15 0 53 1 3 17 89 1 19 0 42 1 0 24 47 1 24 10 69 1 0 52 59 1 0 0 76 1 0 10 51 1 0 1 51 1 32 4 75 1 0 0 72 1 27 21 85 1 0 3 44 1 31 21 83 1 0 0 0 0 0 20 34 1 0 2 12 1 19 50 77 1 6 17 35 1 0 0 75 1 22 29 43 1 0 0 75 1 0 0 41 1 0 17 80 1 0 50 86 1 0 0 0 0 0 0 79 1 0 0 60 1 0 23 61 1 0 28 73 1 4 11 67 1 0 5 87 1 4 13 77 1 0 1 57 1 8 10 97 1 9 5 59 1 0 12 62 1 12 0 74 1 16 5 54 1 15 0 40 1 13 1 51 1 0 0 0 0 0 0 78 1 0 31 74 1 28 0 45 1 5 0 42 1 0 10 55 1 9 43 16 1 0 0 0 0 0 3 69 1 0 46 61 1 15 0 91 1 0 10 92 1 5 0 13 1 0 0 35 1 22 39 76 1 34 0 72 1 0 16 46 1 0 0 60 1 0 1 34 1 0 13 54 1 28 0 51 1 0 0 0 0 0 13 39 1 0 3 77 1 8 27 30 1 0 0 34 1 37 0 47 1 19 33 54 1
16 22 64 1 0 0 68 1 0 21 51 1 0 12 58 1 23 3 77 1 0 0 56 1 0 0 0 0 0 9 86 1 1 0 51 1 48 21 21 1 9 19 40 1 13 0 110 1 11 0 66 1 30 22 16 1 0 44 89 1 16 38 92 1 6 53 31 1 0 12 44 1 0 40 61 1 13 9 80 1 25 4 85 1 0 11 43 1 1 0 59 1 56 0 100 1 52 14 100 1 13 26 92 1 14 22 36 1 0 18 112 1 0 21 56 1 7 0 92 1 0 58 35 1 0 0 28 1 0 4 62 1 0 0 0 0 2 13 72 1 0 0 52 1 18 0 51 1 19 13 53 1 10 0 75 1 7 40 63 1 0 0 0 0 33 0 43 1 2 0 51 1 20 7 86 1 0 0 30 1 55 3 101 1 0 0 106 1 6 0 82 1 0 0 0 0 0 0 73 1 0 0 0 0 0 0 62 1 0 2 37 1 0 0 40 1 0 1 47 1 5 5 43 1 0 0 29 1 1 0 55 1 0 12 21 1 0 28 57 1 17 4 65 1 0 8 66 1 0 0 58 1 0 2 26 1 0 7 45 1 2 7 57 1 0 0 0 0 0 0 0 0 6 1 79 1 0 15 85 1 14 5 47 1 12 2 63 1 0 0 50 1 0 16 34 1
15 54 71 1 0 0 46 1 45 11 83 1 14 15 51 1 13 29 72 1 0 0 43 1 0 2 66 1 15 26 68 1 0 0 50 1 21 0 55 1 36 0 39 1 0 0 35 1 0 4 92 1 0 0 0 0 0 0 0 0 43 31 49 1 0 7 91 1 9 15 74 1 15 13 53 1 8 18 78 1 0 2 48 1 14 0 77 1 5 3 77 1 0 35 91 1 0 35 83 1 0 0 80 1 25 71 93 1 17 0 68 1 12 30 74 1 10 28 38 1 10 3 67 1 23 0 33 1 0 0 98 1 13 17 44 1 0 0 0 0 0 0 60 1 0 21 57 1 0 12 83 1 0 0 0 0 0 26 60 1 0 20 55 1 0 0 49 1 9 0 78 1 2 0 84 1 12 0 82 1 29 0 64 1 0 6 72 1 0 13 72 1 1 0 59 1 23 0 50 1 32 0 92 1 11 0 44 1 0 3 45 1 0 0 56 1 1 3 58 1 0 3 52 1 0 59 66 1 0 13 43 1 0 30 58 1 0 0 65 1 0 0 0 0 0 0 0 0 0 6 56 1 0 0 31 1 0 16 55 1 0 9 71 1 0 0 35 1 0 0 0 0 0 5 54 1 4 38 17 1 0 0 16 1 0 10 60 1 0 4 56 1 0 21 30 1
0 0 62 1 25 23 86 1 15 44 78 1 30 18 0 1 0 0 0 0 12 36 78 1 12 18 64 1 0 0 0 0 14 31 78 1 10 12 58 1 26 0 49 1 13 1 67 1 0 0 37 1 5 0 63 1 0 10 53 1 33 0 73 1 0 1 65 1 0 23 88 1 24 18 77 1 25 36 63 1 0 5 61 1 14 5 44 1 4 1 26 1 5 47 80 1 20 28 93 1 8 7 73 1 0 0 68 1 13 44 83 1 8 1 97 1 0 2 56 1 30 0 71 1 0 18 81 1 23 0 121 1 0 0 71 1 0 1 91 1 13 9 65 1 22 0 68 1 0 34 75 1 31 1 43 1 40 32 45 1 5 17 61 1 15 6 30 1 0 16 66 1 0 0 42 1 0 0 66 1 0 1 71 1 0 24 43 1 20 17 48 1 17 0 38 1 0 0 68 1 0 0 83 1 21 0 53 1 0 8 56 1 0 1 90 1 17 18 48 1 14 0 67 1 27 24 37 1 5 0 77 1 0 0 0 0 21 0 48 1 0 48 67 1 0 31 107 1 0 0 91 1 0 15 10 1 0 42 87 1 0 0 0 0 3 0 94 1 0 0 36 1 0 16 54 1 0 7 55 1 0 0 40 1 0 0 83 1 0 0 30 1 0 0 56 1
22 37 68 1 15 10 75 1 0 0 16 1 10 27 58 1 11 10 101 1 22 32 27 1 0 0 0 0 36 0 69 1 0 0 0 0 16 25 80 1 14 42 82 1 30 0 83 1 0 46 65 1 0 0 22 1 0 0 65 1 0 0 0 0 35 47 45 1 0 0 77 1 15 19 87 1 0 0 85 1 0 56 71 1 22 0 62 1 0 0 0 0 33 42 49 1 34 7 53 1 0 0 84 1 0 57 108 1 27 0 72 1 7 0 43 1 0 7 81 1 0 0 88 1 18 0 71 1 2 45 39 1 13 0 55 1 34 0 39 1 26 0 57 1 0 0 0 0 1 26 64 1 20 0 65 1 0 0 30 1 0 6 75 1 0 0 0 0 8 0 79 1 0 0 65 1 0 5 95 1 18 31 65 1 4 4 69 1 5 0 78 1 5 0 91 1 0 12 110 1 0 17 89 1 0 0 0 0 15 15 100 1 2 46 76 1 0 0 51 1 1 23 46 1 0 7 106 1 21 18 33 1 0 0 81 1 0 2 67 1 0 0 61 1 28 0 47 1 7 0 91 1 0 0 0 0 0 4 53 1 20 0 124 1 0 0 57 1 8 32 79 1 0 31 74 1 0 11 36 1 12 0 39 1 6 0 72 1 30 2 75 1 0 0 0 0
9 14 50 1 0 0 80 1 0 57 70 1 0 53 87 1 1 26 67 1 23 0 57 1 0 30 19 1 41 16 58 1 0 0 38 1 18 20 47 1 0 7 13 1 0 0 71 1 0 35 105 1 17 9 87 1 0 0 25 1 0 21 55 1 11 0 87 1 0 22 46 1 20 0 18 1 0 2 60 1 32 15 26 1 4 0 67 1 11 26 75 1 18 0 78 1 13 13 51 1 0 6 96 1 0 66 78 1 0 0 65 1 14 10 66 1 30 26 75 1 11 10 70 1 0 10 36 1 0 0 0 0 0 0 0 0 4 0 45 1 15 21 30 1 51 15 83 1 12 0 37 1 0 0 64 1 4 24 44 1 0 1 29 1 0 0 88 1 0 0 0 0 16 10 69 1 0 0 0 0 16 0 50 1 33 0 93 1 0 0 55 1 7 15 50 1 0 6 92 1 20 7 56 1 21 2 33 1 21 18 88 1 34 0 48 1 8 16 45 1 22 0 65 1 0 0 74 1 0 4 52 1 4 34 65 1 0 27 81 1 0 0 97 1 11 18 63 1 0 0 61 1 31 9 51 1 0 0 78 1 0 0 80 1 16 12 63 1 0 0 76 1 0 47 82 1 20 31 100 1 0 16 69 1 0 0 78 1 9 0 70 1 27 13 71 1
29 22 68 1 24 0 83 1 0 8 67 1 10 1 60 1 0 0 54 1 0 9 97 1 19 0 34 1 7 23 63 1 2 0 64 1 16 14 71 1 0 21 42 1 17 25 73 1 9 0 57 1 0 44 92 1 2 5 65 1 0 3 93 1 24 22 60 1 0 0 54 1 43 23 49 1 21 13 49 1 3 63 94 1 0 0 124 1 8 15 32 1 0 0 117 1 10 30 62 1 19 0 53 1 7 0 56 1 35 0 77 1 0 0 0 0 48 0 89 1 0 20 72 1 0 38 51 1 1 0 37 1 0 39 66 1 17 17 63 1 4 0 85 1 17 0 47 1 3 0 45 1 23 0 45 1 0 0 103 1 0 0 0 0 0 0 71 1 0 4 87 1 0 27 41 1 0 37 32 1 18 34 81 1 0 36 74 1 0 20 63 1 0 0 87 1 0 15 72 1 37 10 85 1 0 0 34 1 2 16 50 1 0 7 34 1 3 0 66 1 45 0 70 1 45 20 19 1 7 15 28 1 19 11 104 1 0 5 69 1 21 0 60 1 0 0 50 1 22 0 53 1 0 0 83 1 0 0 76 1 12 18 109 1 0 0 41 1 25 0 76 1 28 0 54 1 0 0 71 1 11 0 49 1 0 0 77 1 11 33 62 1 5 0 72 1
17 0 62 1 0 15 59 1 0 0 0 0 45 22 65 1 1 0 82 1 0 0 67 1 36 0 87 1 21 0 50 1 0 24 83 1 0 0 0 0 11 32 32 1 0 18 54 1 0 22 78 1 0 10 34 1 22 42 70 1 0 29 70 1 0 25 80 1 13 0 101 1 0 40 91 1 6 28 80 1 0 0 60 1 0 0 0 0 0 18 87 1 0 16 67 1 21 19 61 1 0 0 101 1 17 0 55 1 3 17 34 1 0 0 0 0 12 27 64 1 0 0 0 0 20 6 54 1 27 17 55 1 0 0 0 0 0 22 42 1 3 0 58 1 26 0 54 1 12 0 66 1 0 0 43 1 7 40 66 1 37 0 64 1 0 0 0 0 7 2 36 1 10 0 24 1 0 0 0 0 0 0 0 0 0 32 75 1 0 0 39 1 34 0 109 1 0 3 65 1 0 0 0 0 0 30 60 1 0 0 47 1 0 0 0 0 0 0 0 0 14 3 59 1 29 0 85 1 26 22 87 1 19 6 84 1 6 0 59 1 0 18 64 1 0 26 7 1 9 22 74 1 11 0 67 1 7 0 48 1 0 0 0 0 40 7 59 1 9 0 121 1 0 6 91 1 0 0 0 0 18 0 13 1 0 4 41 1 0 0 0 0 19 9 65 1
0 26 36 1 0 8 57 1 1 11 48 1 5 18 50 1 0 63 48 1 0 17 78 1 0 36 98 1 52 0 74 1 5 58 53 1 59 4 47 1 6 21 67 1 9 18 48 1 26 36 64 1 21 15 65 1 28 9 52 1 26 22 44 1 0 0 63 1 19 22 93 1 3 11 33 1 24 7 69 1 11 14 103 1 23 36 40 1 0 0 0 0 4 0 85 1 24 0 72 1 30 15 86 1 19 40 71 1 0 28 82 1 5 11 67 1 5 11 70 1 7 0 96 1 14 40 69 1 0 0 80 1 8 47 83 1 7 7 43 1 17 22 96 1 0 30 78 1 17 0 36 1 0 0 82 1 0 0 0 0 0 0 0 0 0 0 0 0 0 30 102 1 11 0 62 1 5 21 46 1 20 7 29 1 0 0 90 1 0 0 72 1 22 18 79 1 20 31 35 1 0 25 55 1 29 10 55 1 17 0 91 1 1 0 54 1 0 0 85 1 0 14 76 1 0 0 61 1 4 0 65 1 0 0 94 1 0 0 107 1 0 18 83 1 0 0 43 1 33 20 38 1 19 0 89 1 0 0 25 1 0 0 0 0 15 0 48 1 0 0 68 1 0 0 80 1 20 14 43 1 5 0 102 1 0 17 27 1 19 18 52 1 9 0 16 1
34 34 78 1 26 0 78 1 0 0 0 0 14 0 57 1 15 16 46 1 0 34 46 1 0 0 0 0 15 0 30 1 14 0 64 1 26 4 82 1 27 0 47 1 32 7 77 1 0 0 0 0 6 25 84 1 8 17 71 1 0 0 0 0 0 0 64 1 0 0 0 0 0 24 54 1 5 21 52 1 9 3 84 1 0 9 44 1 2 15 65 1 0 26 83 1 0 24 55 1 21 12 71 1 23 0 71 1 29 0 64 1 0 8 75 1 0 0 0 0 9 25 33 1 0 0 67 1 0 11 70 1 49 21 88 1 7 0 33 1 2 0 49 1 11 0 53 1 35 17 31 1 37 27 73 1 0 19 73 1 11 4 35 1 5 18 27 1 35 0 88 1 21 0 62 1 1 18 55 1 26 9 94 1 0 32 57 1 0 0 0 0 0 4 61 1 18 0 101 1 0 0 68 1 17 0 85 1 0 0 0 0 16 0 69 1 17 14 59 1 0 0 0 0 0 0 32 1 0 16 73 1 6 0 52 1 10 0 63 1 0 18 74 1 35 0 49 1 20 23 46 1 0 0 58 1 1 15 54 1 0 42 56 1 21 22 74 1 0 7 48 1 0 0 64 1 0 0 0 0 0 0 0 0 32 17 65 1 14 0 58 1 18 13 52 1
0 6 53 1 11 0 64 1 25 22 59 1 8 26 80 1 34 0 25 1 38 0 70 1 10 75 75 1 0 22 57 1 0 0 94 1 40 6 68 1 0 0 0 0 16 27 64 1 10 20 82 1 0 21 71 1 25 0 78 1 41 1 75 1 35 8 83 1 6 0 82 1 0 26 45 1 30 10 62 1 0 33 51 1 0 27 50 1 0 0 91 1 2 35 91 1 39 31 53 1 4 42 90 1 34 26 66 1 7 32 65 1 13 24 59 1 0 0 0 0 48 0 83 1 0 17 53 1 27 16 38 1 0 5 51 1 20 2 45 1 0 0 101 1 0 45 63 1 0 21 28 1 0 0 72 1 16 0 27 1 18 11 36 1 0 34 69 1 0 35 89 1 0 41 25 1 14 0 100 1 0 0 51 1 0 1 79 1 17 27 92 1 0 3 83 1 24 0 102 1 0 0 50 1 0 27 84 1 3 8 85 1 0 0 64 1 0 0 62 1 0 5 55 1 30 18 72 1 0 26 78 1 0 0 0 0 0 0 25 1 19 0 71 1 0 0 0 0 0 4 87 1 37 6 119 1 0 17 31 1 8 0 9 1 38 26 63 1 0 15 71 1 20 2 83 1 0 0 61 1 0 0 0 0 19 11 41 1 0 1 70 1 0 0 0 0
0 9 81 1 4 33 87 1 24 0 21 1 0 14 66 1 14 7 78 1 0 0 10 1 21 0 68 1 0 0 0 0 0 38 71 1 0 35 73 1 36 46 50 1 0 0 0 0 11 0 65 1 24 4 69 1 0 0 95 1 18 33 72 1 6 6 76 1 18 0 63 1 0 0 81 1 0 29 66 1 33 41 59 1 0 28 52 1 21 26 49 1 0 22 35 1 0 0 0 0 6 26 37 1 30 21 44 1 12 12 31 1 0 17 32 1 6 0 78 1 6 0 65 1 0 19 81 1 3 20 80 1 6 0 45 1 0 1 18 1 3 1 67 1 0 0 46 1 0 0 0 0 0 0 0 0 13 4 50 1 0 5 31 1 6 9 75 1 34 15 58 1 13 29 107 1 23 0 25 1 0 0 0 0 24 2 26 1 1 16 61 1 20 0 66 1 9 0 15 1 0 0 57 1 7 50 91 1 0 21 55 1 17 0 53 1 0 0 75 1 37 0 80 1 0 0 0 0 16 2 37 1 36 0 88 1 16 31 48 1 32 0 80 1 0 26 83 1 0 11 76 1 15 27 82 1 0 0 14 1 0 0 0 0 0 0 38 1 19 1 37 1 2 0 23 1 31 0 58 1 3 0 76 1 25 25 58 1 3 3 42 1 20 1 61 1
7 20 22 1 11 17 72 1 0 0 0 0 7 7 85 1 28 0 79 1 14 0 56 1 0 0 0 0 0 0 0 0 19 0 68 1 0 43 79 1 14 0 64 1 26 4 103 1 0 8 87 1 0 38 26 1 0 0 32 1 0 14 81 1 4 21 82 1 44 6 49 1 42 33 56 1 12 0 66 1 37 0 69 1 11 10 94 1 31 9 72 1 4 0 22 1 0 37 53 1 0 0 0 0 0 0 75 1 49 26 15 1 25 18 72 1 4 2 89 1 14 16 29 1 0 34 81 1 0 24 98 1 0 2 72 1 0 0 0 0 24 24 86 1 0 11 77 1 15 0 61 1 0 0 76 1 11 0 83 1 0 15 57 1 0 27 66 1 0 8 58 1 0 5 54 1 0 17 47 1 0 34 67 1 3 0 119 1 0 19 60 1 0 3 46 1 26 42 77 1 12 0 54 1 7 0 40 1 18 36 52 1 0 7 66 1 13 31 54 1 2 13 56 1 0 20 28 1 0 18 74 1 0 7 46 1 62 33 87 1 0 0 80 1 0 20 74 1 0 18 78 1 0 25 83 1 18 3 36 1 21 0 98 1 15 13 20 1 0 0 65 1 14 3 64 1 6 17 66 1 0 0 95 1 0 0 31 1 0 0 69 1 21 12 41 1
0 39 69 1 9 2 103 1 6 0 103 1 0 17 68 1 0 9 59 1 38 0 52 1 8 28 51 1 8 33 70 1 23 0 63 1 0 19 98 1 0 0 0 0 0 10 72 1 0 0 53 1 42 0 80 1 14 0 67 1 0 0 0 0 19 6 67 1 28 3 81 1 0 18 57 1 11 9 61 1 3 13 96 1 0 11 60 1 30 31 77 1 7 0 25 1 0 10 26 1 15 4 74 1 48 38 51 1 0 16 22 1 15 19 83 1 25 48 27 1 0 0 0 0 44 0 62 1 13 0 48 1 0 0 0 0 0 9 94 1 11 5 21 1 2 0 79 1 0 13 37 1 0 0 0 0 0 3 66 1 24 0 29 1 0 53 68 1 0 7 90 1 0 0 0 0 3 0 54 1 0 30 64 1 10 30 36 1 29 11 118 1 0 0 0 0 18 3 61 1 39 0 72 1 30 0 62 1 0 0 48 1 0 0 80 1 3 0 0 1 11 0 58 1 0 27 50 1 0 18 66 1 0 24 67 1 28 0 45 1 0 0 85 1 8 9 109 1 15 0 61 1 25 12 48 1 0 0 59 1 0 3 58 1 3 8 76 1 0 16 122 1 27 42 75 1 8 11 46 1 33 0 41 1 26 13 62 1 8 1 11 1 0 0 80 1
0 0 0 0 0 13 91 1 47 26 96 1 5 18 75 1 0 1 30 1 1 0 68 1 8 0 44 1 20 2 66 1 22 26 68 1 0 12 62 1 0 4 65 1 0 13 72 1 5 35 85 1 13 36 67 1 0 7 72 1 0 5 72 1 0 32 71 1 0 19 62 1 22 1 80 1 0 0 0 0 0 0 88 1 30 15 29 1 0 0 0 0 63 0 91 1 14 19 65 1 20 0 95 1 51 24 38 1 10 0 79 1 44 34 78 1 5 3 117 1 29 6 78 1 0 17 57 1 0 0 0 0 0 0 0 0 12 0 20 1 2 10 73 1 0 38 89 1 0 0 0 0 0 0 64 1 13 25 69 1 0 0 34 1 6 22 55 1 0 15 45 1 6 0 79 1 0 21 76 1 8 30 57 1 5 21 62 1 0 0 62 1 28 0 47 1 0 0 75 1 0 21 74 1 0 0 61 1 16 0 71 1 0 21 70 1 21 0 63 1 9 0 67 1 0 0 84 1 30 15 89 1 0 0 0 0 12 5 44 1 0 0 0 0 18 5 70 1 6 0 70 1 0 0 65 1 0 0 73 1 7 14 69 1 0 2 61 1 0 0 72 1 3 0 47 1 0 23 55 1 0 0 73 1 0 9 79 1 0 0 64 1 0 0 0 0
23 5 67 1 22 0 83 1 20 40 66 1 20 0 36 1 43 0 50 1 3 0 69 1 25 24 36 1 2 5 54 1 28 13 79 1 0 10 60 1 17 7 69 1 0 5 64 1 34 8 73 1 0 0 0 0 2 10 66 1 0 11 52 1 5 22 71 1 0 0 55 1 44 0 60 1 0 14 45 1 0 0 0 0 0 5 67 1 20 21 69 1 16 12 53 1 6 15 53 1 0 0 0 0 2 17 54 1 0 12 96 1 0 0 98 1 28 9 87 1 4 23 26 1 0 29 101 1 27 33 56 1 0 0 0 0 0 0 47 1 25 22 65 1 0 72 81 1 15 7 99 1 0 0 43 1 0 0 0 0 0 45 50 1 0 9 93 1 0 18 65 1 9 0 60 1 19 0 38 1 51 0 24 1 5 9 60 1 19 8 70 1 0 0 90 1 0 0 83 1 0 28 45 1 0 0 42 1 27 9 71 1 0 0 81 1 5 0 47 1 0 1 53 1 0 6 60 1 0 46 72 1 0 0 42 1 0 19 63 1 21 28 69 1 2 13 52 1 0 0 0 0 24 1 26 1 0 0 70 1 0 0 0 0 35 0 88 1 12 0 35 1 0 3 95 1 0 0 28 1 2 24 63 1 0 2 57 1 2 8 69 1 0 0 65 1
20 0 44 1 0 9 29 1 27 17 52 1 0 0 0 0 0 3 106 1 0 22 60 1 0 0 53 1 9 0 69 1 4 20 72 1 27 11 62 1 9 0 66 1 0 31 43 1 6 14 49 1 31 7 12 1 21 21 56 1 44 55 27 1 5 7 49 1 23 9 32 1 14 11 72 1 0 0 0 0 0 7 69 1 0 5 85 1 0 55 80 1 42 24 74 1 1 1 57 1 8 8 68 1 6 0 64 1 0 0 85 1 0 0 62 1 0 0 0 0 9 43 80 1 16 11 54 1 0 0 44 1 0 17 69 1 0 0 0 0 18 0 52 1 10 16 67 1 3 0 74 1 20 5 55 1 22 0 85 1 0 14 86 1 0 18 37 1 31 0 62 1 0 14 40 1 11 13 76 1 0 0 55 1 0 0 80 1 0 11 59 1 18 0 67 1 0 0 0 0 53 0 75 1 25 1 61 1 0 0 72 1 0 0 0 0 3 15 48 1 0 39 82 1 0 14 57 1 0 0 55 1 0 19 68 1 3 0 70 1 0 51 48 1 0 6 67 1 0 0 65 1 0 0 54 1 0 26 59 1 2 19 67 1 20 0 63 1 0 0 71 1 0 0 0 0 0 24 94 1 15 0 46 1 0 0 52 1 0 0 72 1 0 41 52 1
12 4 59 1 0 0 93 1 13 19 74 1 0 0 75 1 21 8 105 1 7 48 47 1 0 7 76 1 0 0 20 1 0 0 0 0 0 19 57 1 12 0 30 1 19 1 54 1 7 33 65 1 10 0 96 1 18 0 59 1 14 0 80 1 10 2 102 1 16 4 66 1 0 15 77 1 17 0 36 1 0 38 62 1 2 23 66 1 10 27 90 1 23 31 46 1 7 56 80 1 37 0 79 1 0 29 65 1 5 16 26 1 0 0 0 0 0 54 55 1 8 10 17 1 23 51 70 1 25 19 68 1 0 0 0 0 0 22 54 1 0 0 95 1 0 33 73 1 0 0 21 1 21 33 99 1 0 1 65 1 26 0 81 1 24 0 80 1 32 0 91 1 0 0 54 1 0 20 56 1 16 0 75 1 4 9 62 1 2 0 49 1 0 0 0 0 23 0 76 1 6 46 37 1 0 20 67 1 0 0 0 0 0 0 0 0 0 7 49 1 7 0 76 1 0 0 0 0 0 0 26 1 0 11 41 1 0 0 71 1 30 10 39 1 0 0 0 0 29 0 60 1 0 0 0 0 0 0 32 1 4 27 62 1 0 0 53 1 0 0 85 1 13 0 52 1 17 29 95 1 0 21 98 1 0 4 81 1 0 27 70 1 22 49 67 1
0 51 31 1 0 16 80 1 43 4 56 1 1 28 84 1 0 0 0 0 0 31 50 1 1 26 102 1 0 0 0 0 0 11 56 1 0 0 53 1 6 0 71 1 0 1 89 1 6 26 73 1 8 2 20 1 0 0 0 0 13 30 118 1 0 32 76 1 29 13 52 1 0 0 50 1 1 6 30 1 0 0 84 1 0 0 78 1 5 0 45 1 29 11 58 1 60 12 73 1 2 19 105 1 4 4 63 1 9 0 57 1 24 0 58 1 0 17 81 1 15 4 64 1 7 19 66 1 24 12 87 1 3 27 39 1 27 20 74 1 0 19 21 1 0 0 70 1 35 0 71 1 0 1 39 1 6 0 69 1 0 11 33 1 4 0 52 1 17 17 95 1 7 0 36 1 22 55 96 1 0 2 69 1 0 0 0 0 0 13 85 1 16 34 36 1 0 3 65 1 6 23 56 1 9 0 80 1 0 2 49 1 28 2 60 1 14 0 39 1 0 14 59 1 0 0 95 1 23 0 50 1 0 0 55 1 23 0 50 1 0 21 96 1 0 30 54 1 0 11 81 1 24 0 25 1 0 15 40 1 0 0 56 1 16 23 68 1 21 16 63 1 0 30 62 1 0 0 60 1 3 27 68 1 0 0 85 1 0 0 0 0 37 28 30 1
0 27 102 1 24 35 59 1 0 0 79 1 4 47 102 1 12 21 49 1 14 25 36 1 0 40 69 1 0 0 59 1 0 0 0 0 0 35 69 1 0 7 38 1 27 28 93 1 27 33 47 1 11 22 92 1 18 39 99 1 0 4 78 1 0 29 33 1 0 25 53 1 0 4 103 1 0 0 61 1 0 45 103 1 30 16 48 1 0 42 55 1 10 15 64 1 22 8 61 1 67 0 59 1 27 0 71 1 0 0 0 0 32 0 58 1 0 40 60 1 19 49 76 1 15 21 80 1 9 0 56 1 0 0 0 0 26 0 29 1 23 0 70 1 0 0 59 1 4 57 71 1 4 71 54 1 5 9 51 1 0 25 49 1 0 15 39 1 0 24 30 1 0 0 87 1 0 9 54 1 11 40 52 1 15 22 44 1 12 16 76 1 5 0 62 1 7 36 56 1 22 38 87 1 0 32 69 1 0 22 91 1 19 36 58 1 0 29 29 1 22 25 65 1 6 16 99 1 0 3 55 1 0 0 71 1 0 2 53 1 0 13 95 1 0 6 58 1 0 0 62 1 7 25 56 1 33 10 35 1 0 0 0 0 0 0 45 1 0 0 98 1 20 9 43 1 0 0 110 1 0 0 72 1 16 42 48 1 0 0 81 1 21 13 41 1
21 9 56 1 2 59 66 1 21 0 66 1 16 3 70 1 36 14 50 1 9 10 100 1 0 0 32 1 22 7 48 1 1 20 52 1 8 21 76 1 75 21 66 1 3 43 75 1 1 16 86 1 4 5 65 1 0 56 77 1 0 8 55 1 14 7 68 1 22 0 59 1 0 12 37 1 48 10 67 1 20 11 39 1 30 1 80 1 0 15 57 1 0 16 74 1 1 14 64 1 0 40 49 1 0 13 71 1 29 1 109 1 3 4 44 1 0 0 74 1 22 17 83 1 10 42 68 1 22 8 69 1 0 0 0 0 0 0 41 1 11 0 76 1 0 3 52 1 4 13 45 1 0 0 37 1 0 0 0 0 0 0 0 0 0 53 68 1 0 17 71 1 17 0 43 1 18 0 49 1 0 49 70 1 29 0 64 1 2 0 31 1 45 4 98 1 43 2 57 1 6 9 46 1 24 0 54 1 0 3 86 1 0 28 98 1 4 10 114 1 0 0 79 1 23 16 70 1 5 0 61 1 30 14 27 1 0 0 58 1 9 0 30 1 0 4 80 1 0 0 0 0 0 6 46 1 0 29 57 1 0 0 66 1 32 16 30 1 8 0 71 1 33 0 42 1 0 0 79 1 0 0 77 1 35 18 80 1 18 0 26 1 0 3 73 1
21 16 82 1 0 0 69 1 0 8 48 1 0 29 50 1 22 21 56 1 20 0 74 1 0 39 78 1 14 8 38 1 0 25 46 1 10 42 60 1 0 26 76 1 12 12 31 1 0 50 57 1 19 31 85 1 0 0 65 1 43 20 119 1 13 22 63 1 0 0 0 0 0 0 0 0 0 0 48 1 36 44 80 1 9 13 48 1 0 21 50 1 2 31 64 1 21 17 81 1 0 4 70 1 0 10 42 1 28 13 94 1 37 2 90 1 0 0 42 1 6 9 65 1 2 11 93 1 44 10 63 1 9 25 48 1 43 0 66 1 12 27 55 1 10 10 32 1 0 31 37 1 15 0 96 1 0 0 16 1 15 0 41 1 0 17 46 1 0 24 66 1 25 20 46 1 23 0 28 1 5 26 56 1 24 35 55 1 30 0 59 1 0 0 65 1 17 18 94 1 0 0 71 1 23 24 65 1 0 0 58 1 21 22 72 1 0 0 0 0 0 0 0 0 9 0 46 1 11 42 67 1 0 0 99 1 4 20 51 1 16 18 52 1 0 0 0 0 3 37 76 1 19 17 38 1 0 0 74 1 28 0 5 1 0 0 34 1 2 30 59 1 0 31 59 1 4 15 61 1 3 4 44 1 0 11 52 1 25 35 36 1 0 5 42 1
26 25 61 1 0 10 49 1 26 0 86 1 0 0 77 1 4 0 76 1 0 12 44 1 14 18 58 1 0 0 0 0 17 29 63 1 26 13 54 1 0 31 72 1 0 0 0 0 6 37 72 1 31 24 62 1 0 0 74 1 0 0 59 1 11 14 54 1 8 20 45 1 0 4 44 1 42 10 60 1 0 0 0 0 19 17 52 1 31 5 55 1 15 0 49 1 0 0 71 1 0 21 62 1 7 2 104 1 45 18 68 1 59 30 66 1 0 0 0 0 0 0 0 0 5 0 59 1 0 0 0 0 19 1 101 1 6 8 70 1 21 0 42 1 8 0 73 1 0 0 64 1 11 0 60 1 39 0 63 1 0 22 48 1 29 0 58 1 0 0 0 0 0 0 0 0 7 17 90 1 0 0 54 1 14 52 56 1 6 19 31 1 26 0 57 1 1 0 101 1 8 0 45 1 0 0 0 0 10 0 98 1 27 6 108 1 0 6 73 1 0 22 96 1 0 13 77 1 2 0 42 1 0 13 57 1 33 8 59 1 6 39 47 1 0 9 63 1 8 29 58 1 0 31 95 1 25 0 54 1 6 0 77 1 0 30 42 1 32 0 10 1 28 30 72 1 0 6 54 1 2 9 15 1 9 0 51 1 0 0 72 1 29 5 54 1
0 0 0 0 40 0 66 1 59 19 37 1 14 0 44 1 0 28 88 1 10 43 70 1 0 11 77 1 0 0 0 0 14 31 47 1 0 0 0 0 13 0 57 1 30 24 97 1 4 0 83 1 0 0 84 1 0 6 83 1 0 0 0 0 36 12 114 1 39 0 81 1 25 44 39 1 0 0 33 1 12 4 58 1 32 25 61 1 40 26 30 1 29 3 109 1 0 10 54 1 8 17 72 1 30 0 61 1 8 10 56 1 17 24 72 1 0 0 0 0 35 18 64 1 0 0 50 1 9 0 67 1 0 0 0 0 6 13 21 1 30 18 63 1 4 0 79 1 0 3 88 1 0 0 86 1 21 6 36 1 0 1 40 1 0 0 80 1 24 23 64 1 0 51 51 1 6 2 48 1 16 2 96 1 0 3 63 1 0 0 0 0 24 9 61 1 3 0 70 1 23 0 34 1 9 0 44 1 0 6 59 1 23 0 61 1 17 1 52 1 0 25 96 1 0 0 65 1 16 6 55 1 0 8 29 1 5 6 86 1 0 0 68 1 0 0 0 0 5 0 54 1 9 4 18 1 0 12 70 1 0 12 74 1 6 36 58 1 0 0 0 0 18 13 51 1 57 0 67 1 0 0 71 1 0 0 0 0 4 71 29 1 12 18 54 1
0 0 0 0 7 42 86 1 9 29 19 1 25 0 32 1 0 0 89 1 0 18 70 1 0 14 74 1 0 16 89 1 0 0 0 0 0 21 31 1 0 14 53 1 0 10 45 1 0 16 43 1 14 25 46 1 2 9 82 1 0 15 59 1 0 0 0 0 67 2 69 1 14 16 55 1 0 60 72 1 0 17 74 1 56 0 71 1 39 6 44 1 0 0 87 1 9 31 60 1 34 0 36 1 35 14 80 1 2 23 56 1 1 0 62 1 0 33 44 1 5 0 81 1 12 34 36 1 7 0 67 1 26 36 106 1 0 0 34 1 9 0 81 1 0 0 51 1 38 47 54 1 25 41 71 1 0 23 94 1 0 0 0 0 0 35 90 1 0 0 50 1 33 4 57 1 39 9 68 1 2 23 104 1 19 0 79 1 44 0 91 1 12 0 25 1 3 10 71 1 32 25 53 1 0 14 76 1 9 0 80 1 20 0 76 1 0 18 46 1 13 16 60 1 10 0 57 1 37 19 59 1 0 10 56 1 35 0 71 1 10 17 72 1 11 0 69 1 0 9 57 1 1 17 51 1 0 20 52 1 6 37 85 1 0 14 96 1 10 16 31 1 0 23 74 1 0 15 55 1 5 8 54 1 0 0 53 1 0 0 59 1 0 0 0 0
27 47 71 1 34 0 79 1 7 2 108 1 8 24 102 1 12 0 57 1 0 13 77 1 45 46 17 1 0 23 30 1 9 61 34 1 39 18 94 1 37 11 97 1 11 44 47 1 29 10 81 1 2 0 98 1 0 10 69 1 0 4 3 1 0 0 96 1 2 35 74 1 0 33 44 1 34 12 13 1 15 0 28 1 48 0 2 1 11 32 89 1 47 21 65 1 19 51 46 1 0 33 131 1 0 20 55 1 28 32 63 1 0 0 60 1 32 16 78 1 10 38 68 1 0 0 0 0 18 0 58 1 52 0 57 1 0 0 83 1 0 0 72 1 0 0 105 1 13 12 85 1 20 0 66 1 14 0 85 1 8 9 66 1 0 0 66 1 0 0 0 0 0 6 40 1 0 29 42 1 45 28 70 1 1 8 42 1 0 0 79 1 0 1 108 1 0 0 108 1 0 0 82 1 20 15 84 1 0 0 0 0 12 21 68 1 26 0 71 1 0 42 48 1 41 12 67 1 0 0 0 0 0 23 52 1 4 16 76 1 10 20 52 1 8 0 35 1 10 14 53 1 0 0 0 0 25 0 97 1 28 17 42 1 0 0 54 1 0 1 59 1 0 2 64 1 0 0 52 1 0 8 63 1 0 0 51 1 20 0 68 1 6 15 59 1
0 23 87 1 0 54 119 1 0 0 0 0 45 35 26 1 7 0 60 1 24 29 66 1 25 0 60 1 0 0 87 1 27 4 63 1 32 0 78 1 0 0 44 1 0 41 75 1 18 0 94 1 12 0 80 1 0 0 0 0 0 0 0 0 0 0 0 0 21 26 50 1 0 0 0 0 4 3 64 1 10 12 75 1 17 38 97 1 7 0 69 1 25 21 75 1 0 0 0 0 15 4 71 1 18 1 69 1 0 10 60 1 0 44 75 1 0 43 41 1 25 18 79 1 0 20 73 1 0 18 62 1 13 0 79 1 27 0 53 1 18 4 77 1 0 37 70 1 0 19 44 1 2 0 88 1 44 25 62 1 49 27 55 1 2 10 78 1 11 41 23 1 0 0 0 0 0 27 69 1 5 49 53 1 0 3 67 1 0 0 66 1 24 0 109 1 0 0 84 1 0 0 40 1 8 45 30 1 0 17 62 1 18 11 51 1 0 10 48 1 4 0 43 1 14 24 82 1 21 0 58 1 0 0 26 1 23 30 63 1 0 0 57 1 0 0 50 1 11 0 56 1 22 8 41 1 45 16 63 1 0 19 48 1 14 13 54 1 7 14 59 1 3 9 67 1 0 0 66 1 1 0 69 1 3 17 88 1 0 0 0 0 22 5 52 1
15 27 71 1 0 29 102 1 9 27 103 1 0 39 61 1 6 4 47 1 0 0 0 0 14 8 61 1 0 7 83 1 16 38 94 1 14 0 77 1 0 0 0 0 0 27 62 1 3 12 49 1 19 57 88 1 11 0 72 1 0 8 32 1 24 0 68 1 0 29 45 1 19 33 81 1 0 8 46 1 14 20 62 1 17 28 59 1 3 12 97 1 1 22 82 1 0 33 75 1 0 0 0 0 47 39 58 1 18 25 75 1 5 0 49 1 0 0 0 0 16 9 63 1 0 43 70 1 2 6 46 1 0 11 77 1 0 11 100 1 28 0 44 1 0 0 34 1 0 11 85 1 0 24 77 1 0 0 0 0 0 26 104 1 0 0 81 1 0 5 73 1 0 7 70 1 0 9 68 1 0 0 65 1 0 20 60 1 25 0 63 1 16 23 89 1 14 0 75 1 13 12 85 1 0 46 66 1 4 10 65 1 16 0 75 1 0 5 33 1 0 0 0 0 8 31 74 1 4 7 69 1 0 0 35 1 6 31 88 1 0 5 47 1 0 40 34 1 6 15 85 1 3 0 56 1 24 1 37 1 13 0 35 1 0 0 0 0 0 28 71 1 0 0 71 1 9 2 43 1 16 6 33 1 0 19 48 1 25 0 55 1 0 4 47 1
48 22 33 1 0 0 78 1 17 0 73 1 10 0 51 1 15 2 68 1 0 0 0 0 17 10 84 1 9 35 93 1 0 42 29 1 40 1 12 1 10 20 53 1 11 30 85 1 0 45 75 1 0 42 114 1 3 46 120 1 50 37 75 1 0 0 0 0 20 20 64 1 0 19 47 1 13 48 44 1 0 0 89 1 16 15 63 1 46 39 55 1 36 20 86 1 22 36 100 1 0 0 0 0 0 14 34 1 0 10 71 1 20 0 92 1 0 0 0 0 50 23 45 1 66 20 69 1 0 34 27 1 0 11 63 1 29 14 43 1 0 0 90 1 0 11 83 1 0 0 68 1 54 47 40 1 10 5 94 1 0 0 85 1 0 29 43 1 32 0 71 1 22 37 72 1 0 27 93 1 25 0 61 1 3 40 54 1 37 0 85 1 17 0 66 1 0 0 0 0 28 0 31 1 16 16 62 1 28 28 58 1 0 0 0 0 0 0 52 1 0 0 0 0 0 0 0 0 0 19 63 1 33 36 53 1 17 0 67 1 1 0 58 1 0 2 35 1 0 0 96 1 0 37 95 1 3 0 45 1 0 4 31 1 0 0 81 1 0 7 62 1 0 0 0 0 18 0 35 1 2 0 67 1 2 44 83 1 0 0 33 1 0 0 102 1
17 30 82 1 6 21 89 1 0 0 79 1 30 0 66 1 0 0 0 0 22 11 92 1 28 22 54 1 10 0 58 1 0 0 64 1 14 17 61 1 0 0 100 1 12 35 84 1 0 13 81 1 0 43 64 1 46 50 63 1 0 11 45 1 14 4 101 1 13 46 48 1 0 0 83 1 45 71 102 1 0 28 27 1 0 10 56 1 7 5 67 1 9 21 85 1 32 19 96 1 18 19 49 1 0 0 57 1 14 30 17 1 0 42 58 1 49 33 38 1 37 5 39 1 0 0 62 1 36 0 98 1 0 50 68 1 21 0 76 1 0 32 73 1 10 11 48 1 31 0 55 1 29 8 80 1 0 0 0 0 0 0 44 1 9 38 55 1 1 0 71 1 15 16 40 1 0 0 57 1 12 30 58 1 3 0 37 1 28 0 78 1 0 40 111 1 0 23 48 1 2 0 66 1 8 27 82 1 5 1 64 1 0 0 60 1 24 21 53 1 0 0 0 0 0 35 82 1 0 1 51 1 44 29 42 1 0 0 51 1 0 0 33 1 0 21 50 1 0 24 58 1 0 12 60 1 8 0 22 1 24 0 29 1 3 16 73 1 5 0 46 1 15 0 80 1 0 0 45 1 3 5 49 1 25 0 53 1 0 4 58 1 0 0 46 1
4 0 73 1 0 46 75 1 0 30 73 1 0 33 61 1 3 0 56 1 2 0 103 1 34 53 72 1 0 8 45 1 40 28 52 1 0 45 56 1 9 0 73 1 0 51 45 1 2 1 46 1 0 25 48 1 0 0 52 1 0 0 90 1 0 19 37 1 1 12 26 1 0 3 84 1 13 0 89 1 14 35 52 1 0 0 0 0 0 0 97 1 26 8 86 1 66 2 87 1 25 0 88 1 7 13 63 1 0 0 52 1 7 25 91 1 0 25 71 1 0 14 99 1 30 0 41 1 0 0 0 0 0 0 51 1 13 22 48 1 8 30 47 1 0 0 56 1 1 9 71 1 2 0 50 1 23 0 74 1 0 0 78 1 0 0 66 1 27 24 97 1 0 7 99 1 0 0 0 0 0 20 82 1 0 0 93 1 0 26 52 1 14 45 70 1 8 0 73 1 15 20 65 1 27 31 71 1 14 9 78 1 0 23 85 1 0 30 41 1 9 54 65 1 0 0 56 1 23 20 96 1 30 23 57 1 0 0 76 1 22 0 41 1 0 4 62 1 0 0 0 0 0 0 47 1 0 0 37 1 9 0 72 1 10 0 16 1 0 0 59 1 18 0 58 1 0 0 0 0 0 50 48 1 15 13 47 1 0 3 88 1 21 0 48 1
0 14 90 1 24 13 100 1 6 14 69 1 29 13 54 1 27 7 68 1 0 4 50 1 0 12 65 1 0 0 72 1 37 25 68 1 0 21 106 1 23 34 56 1 0 0 80 1 27 13 50 1 0 0 0 0 4 10 63 1 0 50 87 1 20 3 101 1 33 6 122 1 7 1 56 1 0 0 0 0 0 0 0 0 0 5 25 1 0 52 81 1 0 0 73 1 2 0 56 1 0 0 77 1 54 44 94 1 10 40 88 1 26 14 111 1 8 11 92 1 16 18 85 1 0 0 101 1 0 0 82 1 0 0 0 0 30 0 60 1 8 29 45 1 27 3 55 1 10 25 80 1 13 0 67 1 10 18 81 1 0 0 0 0 0 0 56 1 0 0 78 1 0 0 34 1 0 0 0 0 5 17 43 1 16 31 58 1 0 49 67 1 29 0 68 1 9 24 22 1 0 24 94 1 27 10 61 1 0 0 61 1 16 0 65 1 15 32 64 1 25 0 48 1 0 59 68 1 0 20 58 1 0 30 89 1 0 0 52 1 4 47 75 1 1 0 54 1 10 37 81 1 0 0 59 1 17 21 50 1 6 12 49 1 0 44 73 1 0 8 26 1 9 5 48 1 0 11 24 1 6 18 108 1 0 0 89 1 15 22 41 1 0 54 71 1
6 40 44 1 0 32 80 1 23 35 61 1 0 50 39 1 25 9 55 1 0 0 51 1 0 11 57 1 0 0 49 1 27 2 33 1 0 39 24 1 0 29 29 1 25 8 65 1 43 45 62 1 14 0 85 1 0 0 68 1 9 23 80 1 26 0 47 1 0 21 77 1 0 16 52 1 27 31 87 1 7 34 51 1 20 1 68 1 9 20 73 1 8 23 56 1 31 12 75 1 14 33 42 1 0 0 0 0 11 9 73 1 1 4 73 1 0 0 13 1 17 0 79 1 32 23 76 1 9 12 34 1 5 7 61 1 0 0 68 1 0 10 92 1 12 0 66 1 11 48 89 1 3 31 62 1 0 31 58 1 17 5 31 1 19 0 62 1 12 0 58 1 0 0 0 0 22 18 67 1 33 0 53 1 0 9 79 1 0 4 54 1 75 0 62 1 30 11 75 1 0 0 0 0 0 11 51 1 0 0 88 1 0 26 81 1 12 0 49 1 9 21 54 1 0 9 75 1 13 20 47 1 0 0 38 1 0 0 62 1 31 11 49 1 10 24 39 1 0 0 55 1 0 10 92 1 18 7 11 1 0 0 60 1 12 0 37 1 0 0 48 1 0 0 56 1 0 27 70 1 25 3 92 1 0 0 65 1 0 0 64 1 0 0 0 0
29 0 98 1 0 36 99 1 6 40 29 1 18 32 48 1 24 0 60 1 0 0 0 0 33 32 45 1 0 28 69 1 27 16 60 1 0 30 66 1 22 10 28 1 26 12 78 1 0 23 27 1 32 29 35 1 30 10 62 1 14 38 62 1 0 0 0 0 24 0 58 1 56 11 63 1 6 0 57 1 14 30 87 1 0 0 0 0 0 0 95 1 0 18 87 1 0 0 0 0 11 23 62 1 13 0 71 1 16 0 89 1 16 24 25 1 0 5 64 1 3 0 54 1 0 9 70 1 0 29 34 1 0 0 0 0 0 0 85 1 9 10 12 1 0 0 78 1 0 5 72 1 0 0 0 0 3 0 62 1 0 29 41 1 41 39 35 1 0 0 87 1 13 0 76 1 0 0 0 0 16 58 50 1 40 3 43 1 50 14 71 1 0 0 0 0 0 23 35 1 0 0 0 0 0 0 0 0 0 18 44 1 19 9 72 1 0 0 69 1 5 21 60 1 0 0 96 1 0 17 44 1 0 0 44 1 0 47 49 1 0 2 102 1 17 0 105 1 37 4 86 1 31 0 17 1 0 39 24 1 0 15 38 1 0 2 52 1 36 0 84 1 0 0 73 1 1 13 1 1 3 7 59 1 27 0 83 1 0 18 49 1 0 0 0 0
0 51 65 1 0 26 33 1 22 0 74 1 12 19 33 1 11 20 75 1 29 45 115 1 0 38 76 1 0 0 0 0 61 0 83 1 0 34 29 1 0 46 34 1 6 8 91 1 28 21 74 1 0 0 87 1 0 0 0 0 0 0 0 0 0 23 93 1 0 25 83 1 0 0 50 1 48 12 46 1 0 5 36 1 4 9 85 1 0 11 85 1 29 29 120 1 0 13 48 1 27 4 50 1 0 0 0 0 0 34 37 1 0 17 62 1 0 0 59 1 9 5 55 1 0 4 54 1 0 28 23 1 5 13 45 1 0 44 17 1 8 8 64 1 0 0 56 1 0 21 47 1 0 0 23 1 18 52 81 1 6 1 67 1 0 0 0 0 30 13 74 1 0 65 82 1 0 11 75 1 0 15 50 1 0 6 90 1 11 0 48 1 28 4 14 1 25 10 74 1 0 0 0 0 23 45 61 1 0 27 69 1 1 25 59 1 10 19 90 1 5 30 89 1 0 0 72 1 0 0 0 0 0 20 49 1 24 0 42 1 0 0 0 0 0 46 56 1 0 0 0 0 0 51 44 1 33 0 46 1 51 0 32 1 30 11 49 1 0 0 89 1 13 30 67 1 12 0 77 1 16 0 81 1 36 0 59 1 1 35 101 1 0 6 44 1
22 33 56 1 4 13 53 1 2 5 52 1 0 35 58 1 0 0 0 0 1 22 112 1 0 47 31 1 33 0 39 1 0 19 79 1 16 2 91 1 29 24 41 1 17 52 79 1 1 0 60 1 5 6 69 1 0 33 59 1 3 24 69 1 0 0 54 1 0 0 0 0 0 0 0 0 11 8 42 1 0 8 65 1 0 0 75 1 33 7 84 1 0 0 92 1 12 17 85 1 11 28 57 1 9 31 68 1 5 30 57 1 0 14 45 1 0 19 38 1 0 0 73 1 0 0 0 0 0 0 0 0 0 26 70 1 4 7 25 1 33 2 40 1 4 0 56 1 0 35 59 1 0 6 98 1 0 33 42 1 20 0 74 1 0 0 67 1 0 26 37 1 0 26 38 1 0 0 66 1 0 0 0 0 11 8 53 1 0 0 55 1 0 28 42 1 0 1 56 1 3 2 71 1 0 0 78 1 0 0 76 1 0 11 102 1 0 16 91 1 0 0 90 1 24 30 76 1 0 0 0 0 3 0 81 1 0 0 95 1 0 0 77 1 0 9 62 1 0 0 78 1 31 0 68 1 26 5 62 1 0 3 73 1 0 15 89 1 0 0 0 0 0 0 27 1 8 41 49 1 32 0 31 1 9 13 63 1 0 6 65 1 21 11 54 1