4
66 321 77 66
68 61 33 1 17 44 74 1 110 74 14 1 50 60 81 1 40 103 30 1 68 69 74 1 69 66 49 1 44 75 60 1 45 71 69 1 0 0 0 0 36 106 38 1 0 0 0 0 53 32 31 1 27 79 58 1 88 134 76 1 0 0 0 0 67 55 28 1 32 11 51 1 43 99 44 1 51 56 29 1 32 34 77 1 42 74 51 1 70 81 48 1 60 92 48 1 66 79 76 1 44 73 63 1 0 0 0 0 47 68 68 1 0 0 0 0 61 61 67 1 51 82 66 1 56 73 60 1 105 83 51 1 83 98 61 1 60 92 27 1 67 58 49 1 79 101 54 1 76 58 60 1 0 0 0 0 53 25 81 1 28 33 46 1 0 5 52 1 0 0 0 0 0 0 0 0 3 58 57 1 0 25 30 1 15 87 80 1 20 39 41 1 0 0 0 0 44 70 62 1 52 87 82 1 45 56 65 1 0 0 0 0 96 72 49 1 65 94 65 1 0 0 0 0 81 78 27 1 88 87 46 1 92 100 65 1 0 0 0 0 0 0 0 0 86 36 29 1 88 84 63 1 57 28 87 1 59 56 62 1 83 31 48 1
15 100 105 1 0 0 0 0 72 67 46 1 31 44 30 1 66 80 58 1 60 53 0 1 25 117 45 1 50 84 97 1 67 73 20 1 29 77 49 1 31 98 87 1 68 83 54 1 81 62 55 1 55 97 36 1 47 54 22 1 63 71 57 1 57 68 65 1 42 61 78 1 98 84 53 1 46 111 61 1 30 76 22 1 52 41 63 1 48 46 36 1 38 77 49 1 91 94 36 1 22 69 77 1 55 90 45 1 67 54 46 1 59 87 43 1 36 35 67 1 50 62 102 1 0 0 0 0 0 0 0 0 0 0 0 0 72 41 89 1 84 86 61 1 58 65 104 1 53 83 58 1 31 116 98 1 30 50 41 1 8 87 31 1 0 61 73 1 0 35 33 1 17 63 60 1 0 10 45 1 14 40 14 1 0 42 22 1 48 43 38 1 42 100 38 1 48 44 59 1 98 44 64 1 78 76 18 1 80 91 53 1 104 102 23 1 41 36 91 1 86 73 51 1 48 80 89 1 42 58 15 1 52 79 60 1 34 112 45 1 40 77 59 1 0 0 0 0 103 71 50 1 43 56 56 1 88 36 86 1 102 67 94 1
42 80 65 1 56 115 99 1 46 98 37 1 71 65 62 1 38 62 42 1 54 68 94 1 54 68 64 1 56 66 75 1 28 93 25 1 27 67 33 1 33 52 52 1 0 0 0 0 72 87 69 1 66 84 34 1 31 43 70 1 86 67 86 1 52 74 41 1 46 48 30 1 65 38 41 1 102 79 69 1 74 83 40 1 74 64 51 1 53 45 61 1 86 66 110 1 65 57 62 1 62 61 42 1 99 87 40 1 85 73 88 1 56 48 49 1 95 79 92 1 76 89 55 1 80 108 92 1 72 124 18 1 48 68 92 1 61 75 89 1 70 24 39 1 51 109 60 1 66 80 64 1 72 111 80 1 26 74 47 1 32 39 1 1 8 54 54 1 6 30 11 1 0 0 0 0 11 81 56 1 51 59 29 1 17 47 21 1 59 57 78 1 80 80 51 1 88 90 71 1 55 37 63 1 104 108 68 1 85 62 53 1 62 34 56 1 46 56 25 1 103 101 54 1 73 80 35 1 72 74 68 1 47 100 70 1 77 72 51 1 41 64 69 1 37 52 74 1 36 82 33 1 84 80 78 1 0 0 0 0 80 60 83 1
73 61 82 1 78 90 9 1 81 56 65 1 61 87 71 1 0 0 0 0 85 49 66 1 69 96 67 1 27 54 64 1 23 28 31 1 62 84 59 1 68 93 94 1 31 80 44 1 68 54 60 1 58 81 67 1 70 94 57 1 36 39 47 1 61 88 91 1 0 0 0 0 97 37 35 1 0 0 0 0 10 57 78 1 52 89 72 1 69 81 27 1 110 78 48 1 58 76 55 1 130 62 75 1 52 68 75 1 66 70 15 1 62 74 70 1 49 57 53 1 59 78 62 1 80 51 56 1 95 84 41 1 67 80 71 1 69 57 104 1 55 111 26 1 81 69 30 1 72 84 38 1 47 73 95 1 56 50 76 1 0 26 56 1 0 27 81 1 0 17 48 1 0 47 14 1 23 82 48 1 58 38 36 1 31 22 57 1 23 75 83 1 73 75 75 1 92 66 16 1 0 0 0 0 85 74 71 1 50 42 79 1 76 71 54 1 69 98 67 1 69 57 90 1 60 96 92 1 14 77 37 1 83 101 35 1 74 26 45 1 85 47 23 1 94 102 69 1 64 91 49 1 91 72 42 1 46 90 92 1 36 93 60 1
52 82 29 1 54 68 109 1 73 57 58 1 62 78 49 1 4 59 24 1 71 62 18 1 64 77 61 1 0 0 0 0 64 38 56 1 44 72 58 1 0 0 0 0 36 66 36 1 55 53 72 1 33 63 94 1 48 42 62 1 39 105 93 1 76 76 65 1 71 26 98 1 0 0 0 0 55 87 58 1 77 67 42 1 39 66 66 1 91 48 34 1 68 52 53 1 0 0 0 0 115 53 66 1 43 26 61 1 68 76 53 1 45 117 34 1 0 0 0 0 0 0 0 0 101 95 63 1 63 70 97 1 48 88 70 1 0 0 0 0 0 0 0 0 79 83 80 1 82 70 61 1 75 54 45 1 29 65 15 1 34 35 33 1 4 34 9 1 0 78 2 1 0 40 23 1 21 56 44 1 33 69 61 1 39 83 48 1 31 60 65 1 64 92 22 1 77 38 38 1 0 0 0 0 93 69 92 1 71 65 46 1 68 22 56 1 64 83 75 1 111 63 42 1 41 69 67 1 65 93 78 1 86 98 49 1 62 59 70 1 95 101 71 1 63 86 66 1 43 56 37 1 73 88 66 1 57 78 77 1 68 70 44 1
107 43 28 1 55 53 94 1 56 94 15 1 43 113 72 1 0 0 0 0 18 27 20 1 27 67 51 1 14 85 67 1 0 0 0 0 35 64 58 1 99 38 62 1 54 69 38 1 0 0 0 0 0 0 0 0 41 72 67 1 48 92 49 1 0 0 0 0 64 42 58 1 67 78 58 1 100 121 35 1 34 99 30 1 61 51 86 1 77 75 89 1 45 43 55 1 98 90 75 1 75 66 53 1 0 0 0 0 42 45 57 1 41 86 43 1 79 98 118 1 46 43 47 1 96 92 81 1 38 58 41 1 0 0 0 0 46 112 70 1 0 0 0 0 86 65 20 1 0 0 0 0 80 82 71 1 43 44 64 1 19 73 55 1 0 35 10 1 19 77 28 1 0 69 31 1 30 77 45 1 16 54 56 1 48 53 51 1 0 0 0 0 57 47 36 1 44 56 23 1 51 116 85 1 63 124 36 1 51 106 24 1 39 25 50 1 0 0 0 0 85 89 58 1 107 108 42 1 38 78 75 1 93 78 29 1 53 55 87 1 39 69 43 1 54 60 76 1 79 80 79 1 59 54 28 1 75 86 70 1 0 0 0 0
13 94 42 1 21 41 78 1 27 20 51 1 63 62 45 1 29 66 50 1 38 58 67 1 59 48 88 1 36 32 46 1 49 76 91 1 0 0 0 0 0 0 0 0 0 0 0 0 81 80 62 1 50 105 90 1 80 31 3 1 36 41 40 1 92 111 37 1 70 47 38 1 83 60 79 1 64 74 63 1 42 51 79 1 37 59 51 1 50 66 59 1 48 72 59 1 64 52 61 1 42 71 69 1 54 65 29 1 10 115 47 1 60 75 64 1 24 79 53 1 25 36 63 1 96 87 78 1 86 117 67 1 49 61 50 1 46 108 88 1 56 69 39 1 0 0 0 0 0 0 0 0 54 87 35 1 0 0 0 0 4 42 59 1 0 54 39 1 0 43 48 1 22 72 47 1 42 69 66 1 71 73 65 1 55 48 65 1 81 65 35 1 81 71 43 1 67 67 58 1 85 66 37 1 59 35 49 1 84 81 48 1 69 65 23 1 40 106 96 1 93 63 82 1 53 66 69 1 77 65 65 1 110 66 55 1 60 102 68 1 80 55 30 1 75 129 42 1 38 86 65 1 0 0 0 0 0 0 0 0 56 67 92 1
35 28 38 1 51 61 69 1 56 82 49 1 58 65 76 1 67 56 92 1 39 76 123 1 64 74 52 1 41 42 75 1 43 60 45 1 51 50 37 1 56 36 91 1 0 0 0 0 32 55 37 1 78 38 76 1 85 66 44 1 25 62 55 1 56 105 66 1 0 0 0 0 0 0 0 0 62 127 79 1 67 111 67 1 92 82 31 1 66 78 56 1 51 111 64 1 0 0 0 0 87 58 42 1 0 0 0 0 60 86 66 1 52 75 75 1 0 0 0 0 49 63 46 1 45 85 75 1 42 68 43 1 90 78 53 1 90 92 73 1 92 51 84 1 79 105 78 1 78 75 33 1 58 101 32 1 0 110 81 1 31 59 68 1 20 22 23 1 16 36 51 1 31 63 46 1 30 72 59 1 64 118 58 1 87 73 77 1 25 75 76 1 0 0 0 0 70 47 63 1 51 88 67 1 54 43 65 1 77 56 102 1 58 57 57 1 85 66 19 1 68 91 55 1 50 47 64 1 46 93 41 1 0 0 0 0 77 51 60 1 62 42 53 1 33 20 60 1 58 34 52 1 31 61 34 1 78 80 67 1 95 20 55 1
41 56 60 1 27 47 63 1 89 31 12 1 47 61 93 1 0 0 0 0 99 111 69 1 75 66 58 1 51 82 56 1 85 86 73 1 59 105 80 1 44 61 66 1 86 68 67 1 52 88 62 1 21 41 50 1 64 53 95 1 79 50 56 1 63 57 56 1 47 75 55 1 80 45 36 1 74 46 34 1 85 49 57 1 68 92 27 1 29 90 35 1 90 71 88 1 31 98 57 1 22 95 32 1 0 0 0 0 66 40 70 1 30 57 39 1 66 74 71 1 67 60 54 1 36 72 71 1 32 87 52 1 76 63 21 1 55 108 48 1 50 48 96 1 84 67 74 1 61 92 33 1 0 0 0 0 29 34 82 1 37 24 0 1 0 42 28 1 28 56 69 1 33 62 51 1 66 84 61 1 38 89 61 1 94 83 40 1 52 65 62 1 74 66 45 1 0 0 0 0 47 63 64 1 47 63 30 1 34 81 45 1 80 71 43 1 76 62 32 1 0 0 0 0 0 0 0 0 79 97 43 1 100 52 103 1 53 64 44 1 74 88 99 1 81 87 60 1 95 60 34 1 98 38 54 1 57 77 28 1 77 89 91 1
51 75 62 1 45 81 30 1 29 70 9 1 0 0 0 0 52 97 50 1 36 49 56 1 98 75 66 1 0 0 0 0 24 64 54 1 61 84 71 1 47 60 40 1 44 30 68 1 0 0 0 0 77 78 57 1 72 69 32 1 41 40 89 1 48 98 69 1 92 56 70 1 75 44 49 1 0 0 0 0 94 73 61 1 30 90 53 1 31 86 60 1 78 70 44 1 81 86 69 1 64 68 35 1 55 52 29 1 40 94 28 1 43 57 87 1 48 74 32 1 70 96 61 1 71 53 59 1 53 102 61 1 31 77 94 1 92 105 60 1 0 0 0 0 87 80 34 1 67 71 26 1 30 50 25 1 0 50 45 1 0 36 25 1 0 0 0 0 22 56 23 1 49 83 45 1 22 80 87 1 56 70 89 1 74 105 59 1 75 62 48 1 38 73 66 1 67 87 64 1 0 0 0 0 80 63 76 1 90 99 63 1 16 62 89 1 0 0 0 0 0 0 0 0 78 83 67 1 36 59 67 1 43 44 59 1 82 40 81 1 59 66 71 1 100 86 43 1 69 84 70 1 67 53 61 1 0 0 0 0 76 99 41 1
33 23 76 1 45 80 60 1 52 67 35 1 85 59 91 1 23 80 42 1 73 26 42 1 28 72 29 1 38 62 35 1 57 93 39 1 40 74 26 1 64 48 69 1 0 0 0 0 46 68 80 1 78 46 54 1 33 90 63 1 59 33 18 1 53 104 33 1 63 57 52 1 49 72 54 1 61 53 70 1 94 59 48 1 40 74 66 1 0 0 0 0 40 55 56 1 100 28 51 1 62 134 73 1 59 66 47 1 39 72 91 1 100 51 61 1 53 84 62 1 0 0 0 0 0 0 0 0 72 95 108 1 92 51 65 1 87 61 39 1 0 0 0 0 30 95 92 1 80 74 53 1 62 66 58 1 25 56 51 1 10 66 41 1 0 0 0 0 11 47 42 1 62 61 75 1 19 68 86 1 88 114 66 1 81 95 37 1 88 106 31 1 100 98 98 1 74 93 29 1 0 0 0 0 82 55 82 1 80 73 47 1 82 57 87 1 0 0 0 0 63 63 71 1 66 70 70 1 75 100 29 1 70 60 41 1 53 82 45 1 87 84 69 1 38 61 31 1 91 46 64 1 26 90 85 1 0 0 0 0 32 36 43 1
47 66 41 1 80 56 58 1 11 75 21 1 18 76 54 1 55 103 43 1 53 48 55 1 37 83 34 1 47 75 48 1 64 23 39 1 39 85 68 1 42 50 56 1 76 52 44 1 77 66 71 1 41 58 27 1 39 78 83 1 37 85 71 1 64 76 45 1 42 99 53 1 0 0 0 0 69 121 70 1 55 60 44 1 59 25 54 1 0 0 0 0 26 52 42 1 80 40 64 1 44 92 54 1 67 69 40 1 63 87 68 1 34 57 50 1 101 70 77 1 22 81 72 1 30 86 46 1 55 58 48 1 91 59 67 1 62 64 52 1 75 76 107 1 0 0 0 0 0 0 0 0 0 0 0 0 55 23 40 1 22 65 30 1 21 62 25 1 59 72 22 1 84 82 66 1 90 82 36 1 50 55 74 1 83 49 38 1 56 57 64 1 85 72 71 1 47 110 44 1 53 73 103 1 103 125 35 1 97 86 56 1 0 0 0 0 69 121 54 1 72 109 102 1 86 81 44 1 64 87 46 1 71 99 64 1 84 91 95 1 67 55 68 1 94 83 61 1 80 70 3 1 85 46 77 1 0 0 0 0 51 69 46 1
75 66 50 1 63 94 38 1 82 45 79 1 79 121 52 1 54 61 45 1 30 87 47 1 52 49 59 1 66 68 63 1 69 74 44 1 40 68 84 1 49 48 52 1 0 0 0 0 0 0 0 0 64 66 24 1 31 44 38 1 76 51 34 1 35 85 84 1 7 76 58 1 47 78 23 1 60 72 57 1 41 82 60 1 0 0 0 0 58 112 100 1 49 68 81 1 66 75 46 1 71 82 74 1 62 40 61 1 39 90 69 1 56 54 51 1 61 79 65 1 42 100 46 1 0 0 0 0 73 87 68 1 48 72 47 1 58 79 72 1 56 71 54 1 60 81 65 1 44 26 54 1 67 69 4 1 38 70 54 1 38 73 54 1 48 90 47 1 0 0 0 0 68 55 29 1 21 62 35 1 41 132 80 1 79 90 89 1 0 0 0 0 68 80 58 1 60 88 78 1 118 66 60 1 66 73 67 1 77 107 23 1 0 0 0 0 57 110 80 1 64 110 57 1 65 83 29 1 75 92 75 1 0 0 0 0 0 0 0 0 0 0 0 0 88 106 46 1 56 94 61 1 101 81 65 1 69 96 65 1 62 93 57 1
49 81 37 1 27 105 60 1 65 68 49 1 63 51 26 1 54 52 71 1 69 119 59 1 62 85 54 1 0 0 0 0 56 56 55 1 61 94 46 1 0 0 0 0 0 0 0 0 53 76 72 1 37 36 41 1 42 59 56 1 69 46 47 1 97 66 77 1 46 56 82 1 20 47 59 1 87 46 14 1 0 0 0 0 60 79 58 1 88 55 61 1 25 46 61 1 90 64 24 1 79 44 86 1 25 31 56 1 63 52 64 1 38 73 96 1 31 34 75 1 34 79 53 1 86 83 80 1 60 75 80 1 99 127 42 1 94 50 61 1 66 87 66 1 54 36 57 1 0 0 0 0 64 79 31 1 63 56 31 1 16 77 28 1 69 89 74 1 90 49 27 1 51 83 89 1 49 99 40 1 54 72 28 1 95 92 59 1 78 73 21 1 47 85 98 1 39 49 47 1 81 53 27 1 81 75 86 1 87 81 58 1 85 27 71 1 55 43 60 1 61 103 63 1 72 82 86 1 59 77 71 1 0 0 0 0 0 0 0 0 90 42 44 1 51 63 63 1 58 53 38 1 9 83 39 1 111 86 57 1 78 90 34 1
55 49 48 1 31 73 30 1 20 64 45 1 64 53 56 1 37 57 53 1 82 82 89 1 56 92 47 1 51 100 15 1 50 75 86 1 70 90 61 1 38 42 62 1 43 68 60 1 54 78 24 1 79 72 76 1 55 52 50 1 47 89 44 1 22 76 36 1 0 0 0 0 41 67 36 1 14 82 43 1 58 106 55 1 77 73 89 1 55 67 73 1 0 0 0 0 0 0 0 0 44 75 33 1 26 70 66 1 14 83 93 1 0 0 0 0 52 92 47 1 52 57 80 1 50 89 90 1 68 105 15 1 0 0 0 0 64 94 98 1 59 86 22 1 53 68 82 1 46 50 67 1 15 59 29 1 68 83 66 1 42 100 60 1 59 75 98 1 55 39 41 1 63 87 9 1 45 90 53 1 68 54 65 1 66 60 96 1 74 65 47 1 70 48 88 1 0 0 0 0 47 72 42 1 65 30 53 1 103 67 93 1 71 77 112 1 47 47 67 1 50 88 68 1 53 55 62 1 41 76 53 1 26 65 30 1 85 52 64 1 61 123 38 1 78 128 67 1 86 106 48 1 43 42 67 1 94 99 54 1 50 91 74 1
50 90 29 1 82 89 48 1 24 44 71 1 0 0 0 0 63 80 58 1 73 90 30 1 43 44 65 1 17 93 7 1 57 72 36 1 80 35 67 1 111 79 105 1 96 77 39 1 29 113 40 1 59 95 79 1 44 57 76 1 0 85 75 1 65 107 75 1 79 59 73 1 88 41 80 1 97 72 67 1 26 75 54 1 39 50 86 1 69 56 67 1 0 0 0 0 38 42 68 1 33 113 75 1 82 77 40 1 0 0 0 0 44 62 58 1 64 98 75 1 68 72 45 1 0 0 0 0 83 77 33 1 61 69 73 1 50 65 24 1 61 32 20 1 62 77 88 1 39 50 36 1 27 65 42 1 33 53 54 1 46 59 59 1 0 0 0 0 80 76 65 1 68 84 63 1 81 87 42 1 73 79 70 1 56 50 54 1 55 64 64 1 55 75 69 1 36 51 82 1 43 86 18 1 86 78 72 1 41 78 66 1 56 113 41 1 92 52 33 1 51 92 80 1 49 75 20 1 18 99 51 1 81 59 79 1 76 73 85 1 47 67 46 1 61 80 51 1 70 55 79 1 48 67 45 1 95 69 96 1 73 89 72 1
63 122 52 1 22 60 80 1 45 52 65 1 25 60 80 1 0 0 0 0 17 80 52 1 45 26 73 1 73 62 48 1 33 60 88 1 77 69 77 1 46 96 53 1 87 54 89 1 54 93 67 1 64 46 30 1 79 64 53 1 63 67 62 1 0 0 0 0 78 81 108 1 92 64 64 1 61 56 52 1 67 38 65 1 24 59 76 1 31 60 58 1 112 34 94 1 58 27 56 1 40 86 66 1 57 68 48 1 58 63 89 1 81 126 69 1 21 89 89 1 86 44 34 1 0 0 0 0 55 110 44 1 79 116 65 1 43 69 65 1 21 31 32 1 43 51 27 1 23 56 63 1 6 71 46 1 84 51 57 1 18 116 46 1 32 54 53 1 79 63 53 1 78 90 91 1 85 55 73 1 74 51 36 1 55 117 52 1 36 98 26 1 64 103 43 1 110 96 33 1 40 143 75 1 48 55 64 1 88 79 68 1 63 66 7 1 88 85 75 1 64 84 86 1 59 66 59 1 52 64 42 1 58 48 51 1 81 75 68 1 90 108 88 1 51 103 78 1 71 39 97 1 82 59 81 1 57 76 56 1 79 68 65 1
56 72 47 1 49 49 59 1 59 49 24 1 65 76 82 1 43 61 85 1 59 60 47 1 0 0 0 0 52 57 49 1 25 101 89 1 20 74 32 1 75 32 49 1 65 54 43 1 0 0 0 0 61 55 41 1 35 63 62 1 23 55 15 1 98 70 75 1 105 93 62 1 73 90 64 1 80 37 65 1 72 42 55 1 56 85 59 1 58 61 48 1 78 74 75 1 8 46 50 1 68 110 77 1 0 0 0 0 26 63 59 1 57 76 66 1 48 62 45 1 0 0 0 0 55 99 46 1 55 87 57 1 71 108 69 1 34 44 46 1 56 60 66 1 11 40 54 1 23 57 38 1 52 78 29 1 25 43 36 1 67 69 68 1 64 102 97 1 74 68 50 1 65 32 77 1 81 64 55 1 81 62 67 1 0 0 0 0 57 63 54 1 64 62 75 1 44 71 61 1 80 90 75 1 76 84 39 1 63 71 53 1 110 106 70 1 69 69 101 1 0 0 0 0 73 70 39 1 86 94 38 1 74 84 95 1 54 74 61 1 83 65 68 1 47 75 87 1 56 66 55 1 70 92 52 1 62 72 25 1 51 87 55 1
65 80 92 1 41 72 43 1 29 27 47 1 76 89 93 1 61 71 34 1 52 71 49 1 16 35 36 1 73 83 81 1 51 65 82 1 82 87 47 1 55 59 73 1 55 64 53 1 81 60 62 1 45 52 51 1 57 54 74 1 57 92 37 1 65 73 26 1 55 92 74 1 67 63 91 1 54 87 20 1 37 70 30 1 83 75 77 1 31 106 54 1 58 60 38 1 0 0 0 0 38 84 19 1 60 67 64 1 0 0 0 0 94 80 56 1 40 92 58 1 45 40 59 1 79 93 53 1 44 66 58 1 30 60 41 1 51 50 40 1 32 52 18 1 72 85 48 1 24 91 71 1 0 0 0 0 68 58 74 1 58 97 46 1 26 50 62 1 50 40 37 1 0 0 0 0 0 0 0 0 66 91 64 1 80 97 69 1 89 78 34 1 58 63 51 1 71 67 49 1 72 98 60 1 39 90 98 1 86 42 58 1 89 100 46 1 0 0 0 0 68 29 70 1 72 64 0 1 48 104 68 1 60 97 36 1 65 43 73 1 57 61 34 1 54 46 92 1 69 115 73 1 27 62 39 1 50 71 62 1 61 50 73 1
0 0 0 0 37 60 37 1 23 66 29 1 0 0 0 0 71 65 100 1 0 0 0 0 51 62 34 1 51 98 64 1 53 55 58 1 55 54 55 1 87 38 53 1 75 88 69 1 91 91 43 1 104 69 70 1 76 69 51 1 74 67 32 1 92 90 48 1 56 62 69 1 30 63 34 1 35 68 10 1 77 85 74 1 90 87 38 1 54 78 15 1 70 86 55 1 83 63 50 1 75 81 70 1 0 0 0 0 88 64 70 1 76 109 30 1 75 74 58 1 105 62 46 1 99 70 59 1 66 64 53 1 0 55 43 1 0 0 0 0 17 93 48 1 49 103 31 1 50 87 63 1 14 91 38 1 0 0 0 0 74 63 65 1 52 75 71 1 66 51 58 1 49 86 108 1 86 90 56 1 97 93 92 1 74 89 17 1 58 62 55 1 62 75 46 1 33 104 80 1 76 86 76 1 117 85 54 1 0 0 0 0 59 83 84 1 0 0 0 0 78 95 50 1 45 61 25 1 57 42 51 1 0 0 0 0 24 79 29 1 0 0 0 0 54 45 68 1 64 78 35 1 57 40 54 1 64 113 59 1 7 72 62 1
73 61 51 1 61 61 56 1 0 0 0 0 73 88 77 1 30 47 35 1 56 90 92 1 53 83 61 1 62 64 41 1 72 79 49 1 62 50 42 1 55 97 37 1 0 0 0 0 64 51 58 1 73 54 54 1 104 69 69 1 47 46 59 1 48 75 67 1 73 66 56 1 64 63 17 1 72 92 38 1 46 77 26 1 43 78 53 1 55 97 20 1 89 87 63 1 37 66 58 1 78 51 41 1 72 91 89 1 0 0 0 0 40 100 82 1 25 95 42 1 81 70 121 1 137 122 74 1 47 83 72 1 35 68 35 1 19 53 28 1 57 74 101 1 48 78 36 1 72 54 0 1 82 78 53 1 82 62 89 1 0 0 0 0 41 58 34 1 81 87 44 1 32 77 21 1 89 80 54 1 41 86 36 1 39 41 53 1 76 36 73 1 70 62 85 1 105 56 47 1 48 76 36 1 92 21 73 1 101 62 74 1 91 99 57 1 58 96 26 1 52 64 60 1 14 61 62 1 48 90 53 1 111 84 66 1 20 66 78 1 59 114 38 1 84 101 70 1 47 60 55 1 71 41 59 1 35 13 59 1 25 37 69 1
41 59 30 1 50 28 34 1 31 86 91 1 52 63 75 1 57 41 55 1 0 0 0 0 43 48 24 1 64 78 24 1 59 76 63 1 70 19 54 1 72 69 68 1 0 0 0 0 68 29 24 1 56 67 33 1 95 58 105 1 65 24 49 1 99 92 30 1 61 21 61 1 0 0 0 0 31 57 69 1 62 72 67 1 62 67 70 1 80 90 62 1 109 57 75 1 34 83 55 1 53 100 65 1 81 84 96 1 79 88 37 1 57 70 75 1 104 80 39 1 115 79 32 1 62 94 79 1 35 58 58 1 0 15 60 1 39 48 30 1 34 119 89 1 63 31 41 1 65 82 52 1 110 97 36 1 55 47 87 1 63 93 66 1 81 102 34 1 46 44 70 1 106 58 99 1 39 74 78 1 17 72 78 1 33 53 48 1 73 61 23 1 34 78 75 1 48 58 37 1 85 41 73 1 69 37 35 1 57 64 32 1 40 88 67 1 83 85 29 1 93 74 42 1 80 65 41 1 32 83 60 1 46 55 37 1 62 106 56 1 67 107 39 1 0 0 0 0 88 52 78 1 0 0 0 0 0 0 0 0 40 60 76 1
55 39 61 1 2 33 42 1 59 69 48 1 0 0 0 0 62 61 74 1 36 40 75 1 42 70 80 1 49 70 39 1 93 81 82 1 104 48 15 1 94 75 68 1 69 96 44 1 56 89 42 1 39 88 67 1 46 52 56 1 0 0 0 0 0 0 0 0 55 65 59 1 69 88 73 1 0 0 0 0 70 55 55 1 77 79 45 1 69 60 78 1 76 75 59 1 67 77 78 1 80 80 60 1 0 0 0 0 68 111 48 1 0 0 0 0 87 76 23 1 71 85 67 1 52 42 35 1 23 30 48 1 6 48 55 1 54 67 54 1 53 81 32 1 79 74 60 1 99 50 43 1 76 72 57 1 64 76 83 1 76 89 71 1 72 89 60 1 51 83 55 1 101 62 36 1 44 85 110 1 48 70 70 1 54 92 72 1 92 62 49 1 57 51 82 1 76 57 61 1 71 81 70 1 0 0 0 0 59 83 47 1 58 62 61 1 70 33 36 1 75 74 84 1 87 88 47 1 59 32 68 1 71 57 75 1 22 86 44 1 65 52 21 1 0 0 0 0 69 56 22 1 85 76 51 1 68 73 55 1 22 85 12 1
8 36 2 1 57 69 78 1 0 0 0 0 70 61 35 1 36 51 64 1 94 81 35 1 27 1 47 1 74 83 66 1 60 73 46 1 32 69 52 1 55 77 72 1 0 0 0 0 65 68 48 1 72 62 48 1 71 70 47 1 58 47 47 1 116 53 44 1 42 63 99 1 0 0 0 0 63 43 74 1 60 49 41 1 72 66 57 1 75 91 51 1 56 74 46 1 63 43 58 1 36 43 84 1 43 98 53 1 53 83 73 1 67 77 78 1 92 73 76 1 72 62 72 1 38 48 71 1 0 16 48 1 11 67 33 1 17 72 48 1 53 80 56 1 0 0 0 0 0 0 0 0 82 83 33 1 83 79 71 1 83 92 72 1 82 98 66 1 80 69 78 1 88 106 46 1 87 62 44 1 68 102 50 1 56 90 79 1 72 57 60 1 61 108 36 1 58 77 88 1 51 53 41 1 50 43 72 1 80 84 52 1 103 62 41 1 90 85 44 1 52 67 47 1 49 90 28 1 51 41 42 1 68 36 35 1 72 83 45 1 51 58 53 1 52 38 71 1 0 0 0 0 65 50 25 1 22 60 22 1 39 64 34 1
48 50 74 1 64 76 53 1 43 61 41 1 68 55 56 1 49 32 38 1 24 81 38 1 98 81 50 1 39 43 73 1 64 64 82 1 37 64 84 1 20 91 65 1 70 89 70 1 77 115 47 1 62 94 71 1 45 63 50 1 67 18 75 1 63 68 32 1 59 110 80 1 55 69 41 1 62 111 54 1 73 50 67 1 78 60 66 1 50 78 57 1 111 78 48 1 0 0 0 0 84 80 37 1 90 57 87 1 87 68 57 1 63 99 61 1 53 58 51 1 34 65 62 1 9 77 16 1 0 0 0 0 35 74 57 1 67 74 61 1 75 66 52 1 52 97 80 1 110 70 63 1 71 51 47 1 119 37 77 1 49 74 87 1 94 60 37 1 118 91 61 1 49 85 76 1 62 58 60 1 76 110 11 1 69 126 45 1 80 83 69 1 74 66 67 1 53 87 57 1 68 94 76 1 80 44 71 1 33 91 75 1 105 65 70 1 59 82 69 1 27 65 37 1 73 60 63 1 83 44 71 1 44 67 61 1 47 53 69 1 20 36 69 1 29 81 40 1 78 82 57 1 43 72 77 1 74 79 54 1 53 84 79 1
60 72 63 1 55 60 54 1 41 50 56 1 62 47 14 1 0 0 0 0 89 74 59 1 72 141 55 1 39 55 33 1 54 92 71 1 79 51 59 1 91 67 79 1 0 0 0 0 80 30 38 1 65 58 47 1 57 78 14 1 75 72 35 1 0 0 0 0 95 59 74 1 64 94 65 1 75 109 98 1 102 67 62 1 64 96 58 1 55 35 75 1 61 112 40 1 18 56 24 1 78 74 49 1 93 88 62 1 86 64 82 1 41 89 70 1 91 69 50 1 0 87 88 1 5 57 58 1 0 0 0 0 64 47 17 1 31 55 55 1 32 114 70 1 64 105 18 1 61 73 69 1 102 72 37 1 44 76 67 1 45 52 55 1 72 86 78 1 67 78 46 1 74 45 56 1 0 0 0 0 77 48 107 1 56 80 32 1 65 47 45 1 52 84 41 1 133 67 87 1 32 70 32 1 100 43 71 1 87 110 58 1 60 51 83 1 59 96 32 1 75 85 45 1 52 76 5 1 31 77 63 1 22 34 36 1 0 0 0 0 25 71 67 1 21 40 77 1 41 34 51 1 45 87 32 1 36 103 47 1 41 38 11 1
60 47 45 1 0 0 0 0 74 78 24 1 81 98 56 1 54 85 45 1 73 87 71 1 48 34 51 1 60 76 82 1 48 77 25 1 124 91 71 1 84 85 96 1 46 55 91 1 67 78 42 1 50 80 65 1 101 65 55 1 71 52 46 1 49 86 49 1 85 94 28 1 41 67 65 1 83 61 108 1 77 101 84 1 67 90 62 1 77 72 98 1 61 44 80 1 101 77 47 1 67 64 101 1 25 67 51 1 65 101 94 1 82 89 53 1 0 84 51 1 34 70 11 1 38 69 64 1 30 27 100 1 46 78 60 1 70 55 40 1 47 51 48 1 62 62 38 1 55 104 79 1 77 82 66 1 66 69 88 1 56 48 48 1 72 80 82 1 93 63 78 1 80 42 95 1 64 94 84 1 68 62 75 1 91 71 73 1 97 74 37 1 82 68 70 1 68 19 49 1 59 85 46 1 33 101 51 1 77 63 66 1 56 54 56 1 9 48 67 1 49 83 65 1 0 0 0 0 60 102 77 1 31 40 63 1 38 42 20 1 36 40 50 1 67 95 75 1 55 67 18 1 69 68 60 1 51 47 46 1 0 0 0 0
89 60 86 1 61 67 76 1 83 96 59 1 79 46 55 1 63 57 35 1 40 72 109 1 87 71 70 1 85 114 80 1 53 65 57 1 0 0 0 0 71 71 50 1 0 0 0 0 45 53 29 1 74 65 42 1 21 38 61 1 54 69 63 1 0 0 0 0 62 94 28 1 0 0 0 0 17 66 60 1 64 61 45 1 59 68 48 1 59 27 44 1 90 74 78 1 76 81 69 1 53 102 74 1 93 74 54 1 63 66 65 1 56 41 88 1 45 55 81 1 17 68 31 1 55 49 80 1 0 0 0 0 71 46 82 1 52 43 38 1 0 0 0 0 75 64 83 1 63 51 66 1 104 47 40 1 64 108 109 1 71 79 76 1 31 72 56 1 99 77 40 1 103 68 48 1 71 124 20 1 46 100 82 1 0 0 0 0 66 97 56 1 26 79 54 1 62 50 49 1 53 60 94 1 48 43 59 1 0 0 0 0 47 52 71 1 0 0 0 0 76 89 12 1 0 0 0 0 17 85 37 1 6 38 39 1 41 86 68 1 11 44 40 1 67 45 48 1 0 0 0 0 6 32 37 1 80 70 60 1 0 0 0 0
72 77 64 1 91 88 83 1 35 80 71 1 59 68 71 1 44 101 63 1 70 101 58 1 122 88 2 1 73 61 83 1 78 109 46 1 90 66 72 1 58 84 73 1 68 85 87 1 63 42 58 1 89 45 53 1 73 76 31 1 60 62 50 1 47 43 68 1 47 69 57 1 35 64 52 1 107 117 51 1 72 50 55 1 76 42 17 1 86 99 50 1 68 80 64 1 69 71 80 1 112 82 35 1 0 0 0 0 18 73 46 1 10 70 51 1 57 37 81 1 33 67 71 1 37 50 38 1 17 92 95 1 36 77 52 1 70 103 75 1 69 73 82 1 79 86 22 1 63 83 55 1 80 100 36 1 50 98 74 1 82 92 84 1 50 94 62 1 60 111 69 1 78 63 88 1 60 68 44 1 54 65 61 1 54 90 93 1 80 55 75 1 99 53 52 1 53 58 7 1 39 67 71 1 27 65 58 1 84 68 50 1 70 85 49 1 21 86 79 1 53 63 23 1 50 41 52 1 68 56 37 1 0 0 0 0 17 60 90 1 49 15 70 1 39 40 57 1 0 0 0 0 36 74 68 1 40 45 30 1 41 36 68 1
66 114 67 1 0 0 0 0 55 110 86 1 73 67 63 1 51 71 65 1 0 0 0 0 0 0 0 0 58 99 76 1 72 96 56 1 57 81 53 1 89 82 60 1 57 80 47 1 43 79 113 1 64 90 65 1 51 75 17 1 47 73 53 1 67 81 36 1 42 102 58 1 77 72 87 1 35 63 50 1 53 64 46 1 49 65 41 1 74 55 66 1 70 96 76 1 25 66 48 1 82 80 52 1 84 64 66 1 6 65 22 1 37 17 55 1 5 46 78 1 65 71 28 1 36 100 47 1 21 64 28 1 77 86 36 1 65 66 94 1 32 71 73 1 82 82 68 1 0 0 0 0 91 74 89 1 58 130 71 1 0 0 0 0 0 0 0 0 52 77 43 1 87 70 46 1 36 70 76 1 68 59 19 1 63 29 14 1 41 56 49 1 62 46 70 1 30 50 27 1 0 0 0 0 38 37 1 1 33 51 45 1 71 60 61 1 53 79 23 1 47 18 83 1 59 43 45 1 72 76 43 1 0 0 0 0 52 53 31 1 62 52 0 1 0 100 31 1 70 97 22 1 32 32 54 1 66 62 77 1 59 66 58 1
64 79 42 1 57 90 96 1 80 86 67 1 19 81 89 1 0 0 0 0 89 63 58 1 101 83 93 1 0 0 0 0 0 0 0 0 71 95 33 1 50 96 93 1 81 66 78 1 98 62 22 1 0 0 0 0 36 83 66 1 50 66 74 1 83 89 47 1 37 65 106 1 55 62 69 1 68 45 64 1 61 73 60 1 77 54 73 1 0 0 0 0 76 93 38 1 0 0 0 0 66 54 75 1 63 89 35 1 73 89 45 1 0 0 0 0 31 72 62 1 41 44 42 1 87 56 34 1 57 69 60 1 49 87 48 1 72 80 67 1 54 93 33 1 64 75 61 1 103 108 85 1 29 75 47 1 85 79 93 1 81 86 53 1 18 71 23 1 63 88 33 1 31 81 86 1 61 78 49 1 78 63 43 1 82 72 48 1 69 41 49 1 40 63 46 1 75 82 47 1 61 85 70 1 10 4 74 1 48 57 59 1 50 49 50 1 36 95 80 1 29 70 65 1 39 30 90 1 32 58 43 1 30 109 70 1 19 105 60 1 27 61 40 1 4 26 35 1 45 46 51 1 32 72 54 1 24 62 62 1 0 0 0 0
76 70 52 1 94 76 77 1 0 0 0 0 0 0 0 0 82 106 72 1 85 79 54 1 92 87 93 1 67 73 27 1 87 67 19 1 42 54 57 1 73 52 53 1 103 67 77 1 96 71 89 1 40 55 75 1 54 87 53 1 94 64 69 1 104 68 59 1 52 109 32 1 35 76 33 1 51 71 16 1 76 55 67 1 99 51 26 1 23 81 71 1 64 80 45 1 41 43 49 1 45 58 98 1 65 87 57 1 2 26 72 1 18 0 32 1 0 0 0 0 54 44 62 1 43 58 26 1 67 79 73 1 0 0 0 0 61 71 52 1 81 34 67 1 55 61 71 1 39 104 91 1 46 64 50 1 84 109 73 1 95 100 34 1 93 91 97 1 73 114 62 1 74 89 56 1 82 85 93 1 0 0 0 0 39 40 60 1 59 58 72 1 48 80 43 1 0 0 0 0 13 79 77 1 29 62 76 1 40 58 79 1 0 0 0 0 20 54 88 1 26 81 41 1 75 64 61 1 29 93 41 1 41 64 47 1 65 78 36 1 28 14 8 1 33 46 54 1 0 0 0 0 64 54 51 1 24 87 56 1 42 42 51 1
106 87 36 1 70 68 43 1 78 107 80 1 67 100 127 1 82 91 43 1 93 65 54 1 107 81 49 1 107 93 55 1 77 96 34 1 80 102 63 1 72 97 64 1 105 108 34 1 71 78 83 1 65 78 67 1 82 54 60 1 67 91 39 1 64 105 85 1 45 54 57 1 66 62 39 1 70 87 76 1 50 61 63 1 52 57 36 1 83 54 40 1 0 0 0 0 92 102 81 1 65 73 52 1 66 21 56 1 0 73 80 1 29 14 70 1 82 40 57 1 43 47 29 1 82 96 74 1 48 106 42 1 72 55 44 1 0 0 0 0 80 112 64 1 62 79 50 1 44 90 41 1 106 79 84 1 64 50 75 1 37 93 73 1 84 42 52 1 41 65 55 1 40 76 58 1 52 95 37 1 17 76 41 1 73 70 28 1 51 57 25 1 18 60 46 1 8 64 32 1 51 70 64 1 17 43 12 1 36 68 76 1 28 64 38 1 0 0 0 0 53 53 49 1 30 73 47 1 78 48 36 1 0 0 0 0 44 69 51 1 60 61 56 1 0 0 0 0 0 96 79 1 0 0 0 0 18 62 49 1 35 83 46 1
0 0 0 0 61 103 102 1 142 49 30 1 120 77 41 1 125 108 75 1 83 103 78 1 84 82 86 1 78 75 67 1 59 111 83 1 0 0 0 0 0 0 0 0 84 69 89 1 77 119 78 1 76 66 46 1 54 115 56 1 57 84 63 1 86 68 35 1 0 0 0 0 64 80 30 1 77 62 18 1 100 92 50 1 66 94 54 1 82 46 80 1 79 61 50 1 117 70 55 1 35 28 72 1 0 39 68 1 29 21 1 1 41 65 46 1 41 43 45 1 54 90 31 1 0 0 0 0 0 0 0 0 33 60 39 1 8 67 59 1 78 57 72 1 45 50 88 1 65 106 14 1 99 57 72 1 73 95 39 1 56 62 53 1 0 0 0 0 75 67 70 1 38 92 80 1 39 87 86 1 0 96 53 1 46 42 56 1 88 63 81 1 62 46 63 1 46 69 52 1 43 103 64 1 59 81 32 1 59 68 33 1 35 59 71 1 45 32 88 1 57 65 42 1 50 66 37 1 60 81 49 1 62 65 19 1 21 64 76 1 41 51 31 1 4 19 69 1 26 51 76 1 37 47 40 1 51 103 41 1 31 34 37 1
91 122 72 1 83 67 52 1 105 90 76 1 67 108 89 1 39 92 84 1 81 80 63 1 104 83 40 1 73 100 83 1 76 103 58 1 35 66 73 1 100 74 76 1 67 93 107 1 28 117 45 1 0 0 0 0 0 0 0 0 84 74 36 1 112 75 68 1 73 74 79 1 99 57 22 1 56 84 48 1 85 106 64 1 46 93 48 1 86 96 94 1 65 41 82 1 34 89 65 1 47 42 36 1 0 0 0 0 16 46 29 1 33 86 44 1 68 59 57 1 76 65 56 1 56 71 62 1 24 72 61 1 60 37 98 1 0 0 0 0 63 51 58 1 52 67 87 1 68 130 87 1 43 105 56 1 27 65 73 1 24 88 51 1 76 65 45 1 59 72 35 1 43 30 55 1 46 75 70 1 44 80 42 1 15 84 80 1 61 75 50 1 49 12 49 1 0 0 0 0 57 94 81 1 0 0 0 0 12 77 82 1 21 62 71 1 38 37 93 1 36 99 33 1 32 43 39 1 52 66 86 1 51 77 26 1 67 49 49 1 41 65 39 1 21 81 37 1 33 73 63 1 55 75 86 1 96 54 58 1 46 62 72 1
42 102 68 1 86 92 39 1 0 0 0 0 78 113 75 1 105 63 65 1 43 59 83 1 93 94 32 1 59 64 61 1 54 65 54 1 0 0 0 0 74 84 67 1 69 72 95 1 0 0 0 0 60 88 68 1 61 83 37 1 45 48 77 1 60 79 57 1 29 72 70 1 47 75 81 1 0 0 0 0 84 94 101 1 60 59 60 1 110 75 47 1 60 51 76 1 42 65 54 1 28 64 45 1 0 0 0 0 57 68 44 1 32 40 83 1 39 77 83 1 44 85 64 1 50 78 81 1 69 80 51 1 85 92 53 1 35 49 36 1 51 57 61 1 30 80 35 1 85 43 54 1 52 40 82 1 12 74 49 1 75 82 35 1 54 106 33 1 33 72 56 1 44 84 79 1 34 45 94 1 29 67 66 1 82 70 75 1 33 61 69 1 65 66 48 1 24 90 68 1 54 30 64 1 62 51 17 1 60 45 27 1 89 57 57 1 46 32 58 1 0 0 0 0 89 39 54 1 40 72 48 1 44 80 43 1 46 98 74 1 43 41 32 1 10 108 50 1 21 78 28 1 22 54 61 1 46 66 44 1 61 68 63 1
100 76 92 1 67 113 38 1 100 80 76 1 54 73 38 1 48 121 39 1 81 55 68 1 68 80 34 1 0 0 0 0 49 82 49 1 69 84 52 1 71 79 55 1 48 97 55 1 69 93 81 1 89 47 46 1 108 69 86 1 114 49 89 1 0 0 0 0 0 0 0 0 66 100 39 1 66 77 55 1 43 117 29 1 56 88 64 1 78 45 92 1 71 84 53 1 34 106 68 1 59 68 55 1 37 77 42 1 0 0 0 0 74 56 46 1 21 54 60 1 70 53 46 1 68 30 98 1 83 36 81 1 81 107 57 1 86 104 52 1 0 0 0 0 57 57 58 1 44 61 78 1 73 60 83 1 43 62 47 1 74 82 71 1 0 0 0 0 36 80 40 1 21 90 68 1 76 111 29 1 0 60 79 1 54 91 85 1 14 58 27 1 35 42 102 1 62 85 46 1 33 82 50 1 54 83 60 1 67 53 67 1 10 38 78 1 41 65 47 1 71 81 52 1 26 56 22 1 38 80 68 1 20 34 59 1 29 54 51 1 14 64 49 1 0 95 24 1 32 80 65 1 35 81 65 1 3 93 90 1 41 81 39 1
92 80 52 1 87 95 66 1 105 81 68 1 77 81 64 1 85 78 50 1 111 68 47 1 60 83 79 1 106 56 56 1 91 60 38 1 28 89 41 1 84 52 63 1 88 40 30 1 64 86 67 1 109 66 22 1 58 40 82 1 0 0 0 0 69 50 47 1 33 67 71 1 41 35 32 1 51 56 51 1 52 87 37 1 37 79 35 1 0 0 0 0 20 94 59 1 41 19 71 1 0 20 42 1 50 97 56 1 47 64 25 1 0 0 0 0 76 89 54 1 0 0 0 0 98 65 39 1 100 80 120 1 0 0 0 0 74 61 50 1 0 0 0 0 43 82 51 1 83 82 40 1 83 73 84 1 52 98 107 1 4 82 53 1 0 0 0 0 28 85 89 1 32 37 36 1 20 56 69 1 39 62 15 1 49 64 14 1 0 0 0 0 64 56 57 1 55 73 50 1 81 53 53 1 24 56 39 1 39 32 69 1 33 53 41 1 48 20 61 1 43 65 80 1 27 60 62 1 76 73 50 1 38 59 83 1 69 82 68 1 50 49 25 1 49 69 83 1 43 49 43 1 36 34 65 1 40 71 46 1 36 65 55 1
74 93 80 1 79 74 55 1 63 101 50 1 71 93 67 1 79 98 62 1 80 97 32 1 100 98 50 1 56 64 19 1 67 82 23 1 0 0 0 0 60 63 66 1 0 0 0 0 78 68 53 1 89 42 53 1 54 59 50 1 71 70 66 1 31 45 69 1 51 9 71 1 26 63 21 1 105 91 45 1 67 62 62 1 51 78 48 1 92 83 42 1 31 64 58 1 15 94 31 1 30 73 59 1 0 68 40 1 51 71 42 1 81 44 86 1 78 55 76 1 87 42 57 1 50 98 65 1 59 76 71 1 67 50 50 1 58 64 59 1 50 58 28 1 38 46 44 1 40 73 38 1 51 83 61 1 76 43 46 1 91 96 61 1 40 21 68 1 65 18 60 1 32 94 98 1 76 54 41 1 0 0 0 0 39 70 43 1 88 66 21 1 47 62 52 1 13 58 66 1 44 72 12 1 68 71 59 1 47 59 65 1 43 66 96 1 58 79 78 1 58 67 73 1 71 78 36 1 78 49 53 1 46 34 63 1 52 58 87 1 52 43 56 1 54 60 46 1 54 35 52 1 27 94 65 1 60 80 70 1 53 31 75 1
51 78 100 1 27 110 59 1 83 80 77 1 54 61 47 1 54 108 99 1 50 104 104 1 98 66 73 1 67 92 71 1 102 103 101 1 91 19 51 1 38 87 38 1 0 0 0 0 69 108 49 1 66 64 91 1 42 71 56 1 57 124 72 1 59 70 43 1 46 75 76 1 56 95 69 1 67 97 54 1 75 85 53 1 69 80 56 1 66 84 36 1 20 53 69 1 0 0 0 0 54 49 54 1 75 89 60 1 17 37 52 1 71 89 41 1 67 65 93 1 28 63 59 1 35 81 61 1 55 49 46 1 0 0 0 0 31 34 35 1 30 71 58 1 45 68 38 1 71 47 60 1 62 44 63 1 55 9 46 1 63 71 74 1 63 82 16 1 63 75 96 1 40 50 104 1 9 77 37 1 7 77 109 1 33 45 27 1 57 68 49 1 73 52 47 1 76 50 60 1 52 102 81 1 65 61 71 1 45 54 52 1 39 64 37 1 46 77 18 1 27 30 42 1 33 57 17 1 54 61 48 1 0 0 0 0 53 59 67 1 36 87 46 1 85 65 62 1 52 113 42 1 23 67 81 1 33 55 77 1 0 0 0 0
52 78 78 1 90 70 119 1 66 64 40 1 28 83 73 1 55 93 61 1 84 59 48 1 77 50 69 1 61 90 34 1 71 65 23 1 36 94 64 1 66 88 66 1 42 59 58 1 39 42 45 1 56 61 87 1 84 79 51 1 63 60 48 1 66 53 47 1 73 31 42 1 68 40 74 1 79 73 83 1 65 73 42 1 78 99 47 1 0 0 0 0 25 83 55 1 38 32 57 1 30 32 47 1 37 82 86 1 0 0 0 0 0 0 0 0 0 0 0 0 69 78 20 1 75 99 56 1 2 56 25 1 61 84 63 1 32 63 31 1 87 32 63 1 50 92 92 1 74 79 37 1 45 57 38 1 67 54 49 1 59 49 69 1 41 37 37 1 38 61 73 1 10 61 41 1 16 51 50 1 0 0 0 0 35 65 45 1 51 70 59 1 43 84 71 1 0 0 0 0 60 49 62 1 62 54 101 1 70 105 49 1 0 0 0 0 48 48 52 1 30 54 39 1 0 0 0 0 10 17 52 1 33 7 59 1 80 82 59 1 72 50 40 1 44 90 50 1 19 61 64 1 0 0 0 0 41 53 69 1 60 88 75 1
68 97 74 1 80 116 91 1 63 85 65 1 41 65 58 1 85 81 66 1 71 74 40 1 96 96 47 1 61 64 38 1 54 96 79 1 58 88 55 1 85 38 82 1 76 87 75 1 66 58 82 1 73 53 47 1 55 96 40 1 0 0 0 0 48 47 58 1 0 0 0 0 36 93 99 1 83 105 98 1 66 71 82 1 80 63 54 1 52 81 81 1 48 71 27 1 57 50 34 1 26 40 89 1 54 50 90 1 69 113 37 1 66 89 79 1 62 60 69 1 86 72 20 1 72 47 77 1 0 0 0 0 69 67 25 1 57 61 60 1 48 65 39 1 59 97 83 1 37 99 71 1 69 67 68 1 89 32 61 1 45 82 42 1 25 68 44 1 38 90 63 1 67 53 75 1 43 88 32 1 57 48 36 1 70 80 44 1 55 83 42 1 30 81 54 1 53 60 52 1 66 73 98 1 52 37 49 1 84 62 93 1 52 60 13 1 71 41 50 1 37 78 58 1 70 71 74 1 59 52 57 1 73 70 17 1 50 59 87 1 45 79 48 1 0 0 0 0 0 0 0 0 0 51 84 1 31 74 72 1 43 52 89 1
84 84 52 1 69 85 55 1 0 0 0 0 78 64 77 1 61 73 51 1 61 85 63 1 0 0 0 0 67 65 70 1 0 0 0 0 37 75 37 1 69 112 6 1 90 53 52 1 34 70 81 1 34 72 53 1 81 29 56 1 28 59 48 1 80 47 70 1 110 57 75 1 65 12 66 1 40 60 48 1 78 63 25 1 61 70 66 1 48 58 57 1 54 43 42 1 38 75 69 1 0 0 0 0 72 125 46 1 44 65 44 1 30 69 69 1 24 17 59 1 0 94 55 1 54 70 96 1 57 53 72 1 31 32 29 1 33 72 104 1 51 56 32 1 43 90 30 1 44 67 38 1 38 39 46 1 30 51 68 1 0 40 65 1 73 83 65 1 46 85 69 1 59 54 44 1 44 78 58 1 54 62 55 1 0 0 0 0 10 109 62 1 62 61 39 1 45 87 57 1 71 56 38 1 3 66 48 1 37 86 44 1 0 24 28 1 34 54 39 1 47 80 51 1 0 0 0 0 35 37 35 1 69 66 79 1 9 57 53 1 0 70 41 1 6 76 43 1 17 90 50 1 42 40 87 1 40 58 53 1 26 47 96 1
96 84 99 1 81 103 3 1 0 0 0 0 87 102 68 1 86 118 88 1 47 80 49 1 100 73 57 1 104 98 72 1 0 0 0 0 72 46 76 1 47 69 67 1 0 0 0 0 77 70 53 1 95 77 77 1 105 66 40 1 21 30 86 1 99 73 30 1 79 94 0 1 81 80 93 1 74 67 47 1 33 60 59 1 65 86 52 1 0 0 0 0 20 52 78 1 49 86 37 1 63 59 50 1 26 48 61 1 83 90 76 1 66 64 31 1 31 63 46 1 29 48 29 1 62 83 31 1 42 52 35 1 52 51 26 1 39 97 26 1 46 76 74 1 61 83 76 1 53 48 47 1 60 58 43 1 0 0 0 0 44 20 56 1 91 81 49 1 71 71 55 1 49 36 51 1 22 56 64 1 35 56 73 1 47 45 62 1 0 0 0 0 30 55 49 1 38 53 79 1 29 19 85 1 45 51 65 1 44 87 7 1 0 72 20 1 6 38 83 1 72 78 40 1 52 50 9 1 52 124 69 1 38 56 62 1 36 81 54 1 16 32 52 1 20 48 50 1 30 19 58 1 28 70 48 1 44 54 44 1 23 61 26 1
107 76 59 1 0 0 0 0 75 107 60 1 74 106 57 1 33 74 69 1 0 0 0 0 36 40 56 1 55 86 98 1 57 83 47 1 72 100 88 1 64 18 69 1 59 68 57 1 58 81 66 1 23 63 62 1 0 0 0 0 47 20 62 1 62 57 11 1 81 103 48 1 45 73 72 1 67 59 43 1 18 61 82 1 10 86 81 1 26 53 47 1 70 50 67 1 19 60 53 1 84 105 72 1 76 78 43 1 34 90 55 1 14 57 96 1 31 39 85 1 40 41 63 1 4 76 55 1 71 71 27 1 0 0 0 0 67 66 36 1 21 24 26 1 15 60 62 1 49 57 83 1 44 41 29 1 13 62 53 1 27 76 17 1 59 93 20 1 0 0 0 0 47 54 66 1 33 29 60 1 44 78 63 1 36 94 19 1 65 46 33 1 0 60 52 1 0 0 0 0 40 64 69 1 29 52 19 1 21 90 69 1 17 61 57 1 36 90 46 1 29 92 71 1 41 44 59 1 61 55 70 1 51 63 62 1 5 96 94 1 14 72 52 1 67 59 22 1 30 72 39 1 52 47 14 1 64 65 70 1 41 64 31 1
93 83 107 1 89 54 93 1 65 85 25 1 80 78 78 1 91 78 50 1 38 118 73 1 71 102 56 1 73 62 59 1 67 71 86 1 72 59 66 1 53 58 65 1 48 64 67 1 38 57 69 1 66 58 65 1 64 84 86 1 59 58 59 1 47 47 29 1 25 74 50 1 0 0 0 0 64 65 72 1 62 35 65 1 0 0 0 0 14 26 54 1 60 44 94 1 63 54 25 1 11 66 49 1 63 92 65 1 56 60 80 1 41 60 73 1 75 51 17 1 52 33 48 1 44 74 65 1 47 74 33 1 35 69 24 1 51 70 72 1 76 59 67 1 56 50 35 1 17 64 47 1 41 54 73 1 46 96 63 1 18 51 59 1 0 0 0 0 47 61 47 1 37 68 47 1 77 63 63 1 30 78 47 1 35 78 34 1 44 31 49 1 40 90 55 1 39 36 23 1 0 0 0 0 0 43 90 1 13 48 45 1 24 70 75 1 24 33 49 1 40 86 34 1 45 90 51 1 47 59 59 1 21 58 33 1 48 67 53 1 45 41 67 1 42 33 32 1 43 45 63 1 0 55 60 1 31 53 87 1 75 42 48 1
93 111 97 1 73 49 45 1 73 117 77 1 55 76 73 1 76 99 69 1 65 67 48 1 76 75 51 1 30 103 52 1 89 30 59 1 56 54 45 1 47 44 45 1 98 68 54 1 73 51 63 1 38 54 46 1 0 0 0 0 0 0 0 0 40 50 88 1 27 59 82 1 37 85 45 1 45 52 23 1 56 114 43 1 45 79 54 1 52 24 34 1 0 0 0 0 83 79 74 1 33 74 49 1 60 75 35 1 53 50 62 1 0 77 33 1 56 26 54 1 25 46 53 1 38 101 29 1 13 55 60 1 54 57 102 1 29 77 53 1 73 63 19 1 9 58 54 1 55 61 49 1 72 59 30 1 23 60 53 1 54 46 57 1 70 59 72 1 48 73 34 1 24 53 71 1 54 30 61 1 25 110 120 1 8 61 53 1 40 36 49 1 22 63 43 1 55 46 41 1 57 28 96 1 54 69 33 1 0 0 0 0 51 52 83 1 32 57 24 1 48 80 46 1 43 57 74 1 29 63 33 1 13 87 38 1 47 96 63 1 16 54 37 1 88 56 41 1 34 57 46 1 28 74 39 1 0 63 40 1 31 66 29 1
66 92 48 1 0 0 0 0 87 78 67 1 0 0 0 0 48 69 78 1 60 82 49 1 103 61 32 1 51 98 61 1 48 21 96 1 34 72 77 1 43 60 54 1 60 41 45 1 79 66 23 1 83 55 84 1 62 69 35 1 35 57 80 1 0 0 0 0 35 106 35 1 58 99 92 1 24 54 63 1 62 34 50 1 34 44 50 1 0 0 0 0 47 89 60 1 95 71 28 1 106 56 70 1 55 36 76 1 62 71 43 1 20 55 96 1 70 112 61 1 41 88 82 1 50 90 85 1 28 45 64 1 41 71 74 1 26 74 56 1 10 98 45 1 25 34 22 1 16 23 63 1 20 44 48 1 7 70 92 1 31 52 52 1 33 101 39 1 36 93 76 1 15 49 73 1 53 57 51 1 42 42 60 1 32 87 0 1 48 48 17 1 0 0 0 0 31 92 52 1 45 39 68 1 55 36 81 1 60 54 4 1 0 41 50 1 59 48 104 1 10 48 82 1 0 81 33 1 23 38 68 1 23 83 66 1 24 95 51 1 0 0 0 0 11 56 56 1 6 91 18 1 0 0 0 0 51 61 53 1 30 63 59 1
0 0 0 0 0 0 0 0 0 0 0 0 50 65 48 1 90 82 66 1 83 77 57 1 67 87 73 1 47 71 37 1 40 48 24 1 66 77 59 1 106 63 62 1 74 74 30 1 84 65 40 1 44 89 93 1 58 62 43 1 59 55 42 1 45 62 66 1 69 121 39 1 63 75 45 1 0 0 0 0 36 54 16 1 48 54 19 1 54 56 36 1 14 42 19 1 74 92 30 1 64 55 49 1 68 63 59 1 33 48 51 1 36 73 59 1 59 82 30 1 31 79 75 1 17 60 79 1 49 61 76 1 30 47 29 1 21 106 24 1 0 101 55 1 42 46 66 1 47 69 30 1 68 36 88 1 56 74 36 1 8 78 69 1 59 43 46 1 28 59 38 1 0 0 0 0 10 53 37 1 62 71 43 1 41 114 48 1 5 26 74 1 28 90 57 1 0 0 0 0 22 43 57 1 21 90 43 1 32 51 46 1 38 79 83 1 0 0 0 0 26 85 55 1 27 23 46 1 44 46 67 1 40 30 71 1 45 90 51 1 46 51 31 1 19 36 34 1 42 58 85 1 0 0 0 0 23 36 25 1 52 87 53 1
113 71 41 1 85 37 88 1 68 92 69 1 49 69 41 1 58 99 65 1 42 26 72 1 16 84 23 1 73 59 49 1 79 40 87 1 65 62 91 1 56 69 31 1 71 70 31 1 68 77 49 1 48 52 10 1 60 45 54 1 0 0 0 0 78 62 47 1 62 76 55 1 45 85 58 1 0 0 0 0 24 73 89 1 32 67 74 1 61 48 77 1 0 64 78 1 48 69 29 1 32 48 66 1 59 52 72 1 8 45 31 1 32 58 48 1 48 80 52 1 27 50 56 1 0 0 0 0 42 37 33 1 36 90 74 1 60 109 61 1 57 26 32 1 0 0 0 0 55 65 38 1 16 40 57 1 55 62 85 1 50 83 72 1 8 65 92 1 43 32 43 1 28 72 55 1 34 49 66 1 0 0 0 0 44 65 59 1 30 24 37 1 58 26 35 1 34 29 45 1 34 67 8 1 28 73 64 1 76 30 40 1 76 66 65 1 49 81 72 1 30 76 69 1 0 0 0 0 33 93 26 1 18 61 26 1 50 85 68 1 0 0 0 0 17 60 44 1 21 57 50 1 49 75 42 1 22 55 52 1 14 72 67 1
38 53 69 1 75 79 77 1 91 71 54 1 70 103 90 1 52 77 60 1 68 80 67 1 8 59 90 1 46 93 70 1 40 75 51 1 34 54 56 1 63 68 17 1 49 54 90 1 26 50 59 1 62 45 43 1 37 47 61 1 50 38 34 1 57 62 61 1 13 38 41 1 17 82 97 1 19 89 39 1 2 14 24 1 26 15 34 1 41 50 112 1 52 96 71 1 0 0 0 0 54 85 79 1 47 51 32 1 48 81 69 1 53 53 62 1 49 85 68 1 23 50 43 1 25 43 43 1 45 77 48 1 26 51 26 1 0 0 0 0 42 47 0 1 0 0 0 0 36 30 59 1 30 68 25 1 26 95 45 1 24 66 77 1 42 65 60 1 31 58 45 1 77 64 48 1 26 83 80 1 60 84 51 1 46 32 44 1 45 72 25 1 54 65 61 1 60 79 46 1 42 74 62 1 36 89 54 1 53 74 54 1 57 56 64 1 61 44 61 1 48 52 58 1 45 90 30 1 42 44 35 1 0 93 26 1 37 54 64 1 32 54 40 1 0 75 17 1 25 90 44 1 48 59 43 1 38 80 81 1 45 50 0 1
87 53 29 1 48 96 41 1 86 102 93 1 0 0 0 0 48 66 59 1 49 69 33 1 17 70 76 1 16 48 43 1 0 0 0 0 45 60 94 1 61 68 55 1 32 70 77 1 56 43 34 1 54 55 38 1 36 83 45 1 62 76 45 1 12 44 70 1 34 55 75 1 53 60 45 1 18 46 43 1 0 17 63 1 58 37 60 1 57 63 90 1 27 60 82 1 65 67 40 1 26 80 43 1 44 90 49 1 45 61 38 1 22 62 63 1 56 33 32 1 25 64 80 1 44 61 81 1 27 63 63 1 1 62 41 1 18 71 28 1 46 58 20 1 36 67 96 1 36 46 35 1 74 50 23 1 39 81 87 1 55 85 69 1 46 68 57 1 40 27 14 1 32 68 60 1 0 76 29 1 45 54 50 1 14 100 46 1 78 61 45 1 49 92 23 1 20 35 31 1 0 79 76 1 48 53 47 1 68 64 29 1 73 51 88 1 117 50 72 1 31 54 77 1 58 41 28 1 75 73 56 1 52 48 37 1 38 42 37 1 48 23 59 1 7 100 63 1 0 0 0 0 59 48 26 1 0 0 0 0 40 72 82 1
56 57 66 1 65 48 80 1 89 89 30 1 30 54 79 1 28 40 54 1 75 45 61 1 20 60 41 1 50 80 88 1 29 93 64 1 62 106 48 1 54 77 78 1 47 65 76 1 56 21 55 1 54 87 45 1 70 60 48 1 55 67 41 1 68 54 59 1 29 75 31 1 4 28 14 1 0 67 73 1 10 55 53 1 19 64 39 1 67 53 47 1 67 73 55 1 30 59 52 1 49 74 50 1 57 52 45 1 49 51 26 1 66 71 56 1 51 78 69 1 21 62 67 1 34 93 37 1 43 56 56 1 4 28 58 1 40 63 56 1 4 50 25 1 0 0 0 0 0 60 65 1 0 0 0 0 39 54 44 1 12 39 76 1 37 87 39 1 42 78 68 1 26 27 86 1 28 53 37 1 50 106 55 1 62 83 80 1 47 84 51 1 28 60 74 1 47 90 78 1 0 0 0 0 102 53 33 1 96 80 80 1 89 70 68 1 75 91 56 1 59 83 16 1 40 95 63 1 71 51 30 1 47 88 89 1 89 56 41 1 60 103 36 1 76 79 61 1 41 86 13 1 26 88 59 1 32 80 60 1 66 59 69 1
59 58 30 1 74 106 66 1 69 92 47 1 80 72 45 1 80 85 91 1 59 83 62 1 75 81 30 1 38 93 42 1 60 92 93 1 33 92 76 1 38 74 22 1 53 71 88 1 62 26 75 1 37 41 47 1 0 0 0 0 58 53 86 1 0 0 0 0 7 73 61 1 4 31 41 1 19 66 64 1 0 36 78 1 0 0 0 0 42 80 71 1 86 66 78 1 47 64 48 1 17 66 51 1 32 56 64 1 0 0 0 0 27 41 78 1 0 0 0 0 32 64 25 1 11 21 18 1 0 70 93 1 54 69 52 1 52 39 16 1 1 47 72 1 19 111 90 1 51 96 41 1 0 95 23 1 26 11 72 1 12 78 73 1 46 49 7 1 65 71 61 1 0 0 0 0 61 94 47 1 78 62 50 1 53 59 77 1 97 87 65 1 56 100 44 1 79 72 85 1 115 70 37 1 76 69 37 1 67 101 22 1 96 70 71 1 51 37 59 1 81 82 47 1 74 97 73 1 96 47 71 1 79 91 58 1 80 87 71 1 92 76 33 1 39 55 67 1 31 93 46 1 0 117 55 1 96 83 46 1 33 95 66 1
22 63 44 1 29 79 9 1 45 59 66 1 52 69 91 1 0 0 0 0 58 59 62 1 91 80 79 1 66 46 70 1 36 90 47 1 56 30 49 1 88 88 56 1 53 80 53 1 54 72 92 1 7 93 85 1 15 30 54 1 0 0 0 0 35 49 54 1 0 41 47 1 0 53 26 1 15 41 69 1 0 72 52 1 56 58 51 1 0 0 0 0 72 69 30 1 59 50 37 1 44 83 0 1 78 84 71 1 0 48 34 1 36 54 50 1 50 69 39 1 0 0 0 0 0 0 0 0 12 26 24 1 9 62 68 1 64 97 59 1 0 0 0 0 69 23 39 1 46 49 81 1 18 74 37 1 28 79 53 1 42 55 43 1 53 44 50 1 14 72 40 1 22 78 76 1 81 83 40 1 33 81 59 1 48 59 69 1 81 46 14 1 65 55 72 1 88 42 84 1 103 64 96 1 61 56 51 1 72 91 66 1 59 78 72 1 53 74 63 1 80 57 88 1 78 83 67 1 100 34 84 1 65 39 44 1 68 76 44 1 49 57 47 1 89 65 74 1 40 33 65 1 29 79 33 1 49 52 56 1 0 52 69 1
87 85 52 1 59 54 61 1 43 57 43 1 95 98 53 1 43 63 64 1 50 59 59 1 0 0 0 0 32 64 53 1 53 96 45 1 44 69 58 1 24 79 79 1 75 94 42 1 35 21 84 1 51 60 75 1 56 38 80 1 24 54 10 1 0 0 0 0 50 83 58 1 0 73 76 1 0 0 0 0 23 69 53 1 4 73 31 1 0 41 49 1 77 79 39 1 54 76 89 1 37 49 51 1 0 0 0 0 0 0 0 0 34 34 65 1 27 48 57 1 28 69 54 1 87 48 55 1 12 92 38 1 0 0 0 0 10 28 49 1 55 36 56 1 65 98 81 1 55 67 33 1 23 102 58 1 44 76 64 1 49 85 63 1 0 0 0 0 96 46 68 1 46 109 102 1 81 57 36 1 51 78 20 1 35 107 82 1 76 55 61 1 77 97 59 1 121 79 3 1 0 0 0 0 92 81 63 1 103 77 60 1 83 74 50 1 0 0 0 0 89 75 76 1 0 0 0 0 54 59 32 1 62 73 61 1 101 80 67 1 59 89 72 1 53 85 78 1 37 78 78 1 51 58 53 1 52 51 82 1 56 49 42 1
43 73 47 1 53 55 30 1 67 58 43 1 67 76 52 1 56 65 44 1 87 75 51 1 101 52 39 1 60 64 66 1 57 53 94 1 73 39 53 1 72 48 38 1 92 78 36 1 0 0 0 0 48 73 26 1 44 97 40 1 25 60 48 1 45 69 51 1 0 75 53 1 0 0 0 0 0 44 50 1 27 41 44 1 28 38 16 1 77 83 97 1 33 77 51 1 56 77 108 1 75 110 52 1 46 92 32 1 33 56 43 1 0 0 0 0 19 44 71 1 0 0 0 0 4 63 28 1 31 58 70 1 22 59 30 1 35 51 67 1 51 55 25 1 40 73 66 1 38 38 50 1 26 60 31 1 46 60 52 1 22 61 104 1 90 58 25 1 55 69 56 1 54 74 53 1 91 39 47 1 0 0 0 0 54 83 54 1 33 73 68 1 0 0 0 0 0 0 0 0 56 79 41 1 0 0 0 0 0 0 0 0 0 0 0 0 91 115 84 1 97 101 64 1 0 0 0 0 93 82 63 1 78 55 65 1 49 101 75 1 77 94 72 1 54 91 49 1 69 56 52 1 0 0 0 0 83 58 49 1 0 0 0 0
39 17 53 1 52 94 80 1 75 73 53 1 0 0 0 0 54 65 57 1 39 60 12 1 78 104 33 1 51 49 51 1 44 67 31 1 85 82 30 1 79 25 82 1 90 49 56 1 64 53 44 1 0 0 0 0 65 76 67 1 0 0 0 0 17 60 29 1 5 57 45 1 0 63 36 1 0 7 41 1 23 91 41 1 0 0 0 0 32 62 53 1 9 74 87 1 50 70 74 1 44 59 72 1 36 79 70 1 25 56 24 1 41 66 49 1 39 56 81 1 0 69 22 1 74 74 59 1 0 0 0 0 69 55 36 1 61 40 73 1 38 64 65 1 44 79 87 1 17 50 18 1 43 61 50 1 43 43 43 1 1 85 37 1 52 51 56 1 70 61 14 1 0 0 0 0 0 0 0 0 51 68 65 1 29 92 49 1 71 72 58 1 71 76 45 1 67 48 72 1 74 82 89 1 84 99 92 1 95 56 64 1 51 90 71 1 57 100 54 1 75 101 23 1 66 45 55 1 73 86 54 1 77 100 89 1 85 78 50 1 60 81 78 1 64 45 54 1 0 0 0 0 69 61 97 1 57 37 47 1 37 73 54 1
52 56 64 1 61 69 26 1 62 70 52 1 0 0 0 0 0 0 0 0 36 84 0 1 81 46 52 1 49 90 65 1 71 78 25 1 35 56 62 1 16 56 52 1 25 88 67 1 39 46 48 1 30 55 65 1 81 92 52 1 8 55 54 1 18 78 57 1 12 75 68 1 10 25 32 1 2 16 44 1 28 60 55 1 52 75 58 1 0 0 0 0 39 60 85 1 59 47 35 1 62 67 30 1 37 65 20 1 58 68 78 1 21 80 80 1 60 48 59 1 52 78 64 1 89 54 38 1 35 59 23 1 39 75 62 1 0 0 0 0 50 95 66 1 0 0 0 0 58 64 71 1 56 62 47 1 62 74 90 1 0 0 0 0 45 104 77 1 55 68 96 1 70 70 79 1 0 0 0 0 42 47 54 1 77 67 42 1 89 69 62 1 55 46 74 1 0 0 0 0 65 87 72 1 0 0 0 0 0 0 0 0 124 110 35 1 56 82 66 1 62 89 75 1 71 110 65 1 97 80 82 1 75 116 47 1 64 110 71 1 64 63 66 1 58 77 64 1 0 0 0 0 80 57 18 1 80 64 64 1 58 78 62 1
60 71 36 1 64 54 53 1 58 63 44 1 34 48 60 1 33 61 46 1 73 95 48 1 15 79 71 1 84 99 53 1 54 102 50 1 81 57 68 1 67 71 42 1 67 54 48 1 0 0 0 0 0 0 0 0 81 55 84 1 66 40 66 1 38 33 16 1 1 18 9 1 10 51 34 1 34 60 63 1 0 0 0 0 14 75 48 1 66 78 24 1 70 80 29 1 29 57 49 1 33 95 22 1 43 50 71 1 84 39 41 1 54 62 49 1 26 50 61 1 60 63 44 1 24 46 50 1 36 69 50 1 3 102 51 1 0 86 62 1 72 79 46 1 18 75 88 1 53 35 75 1 53 51 47 1 38 33 39 1 55 55 38 1 72 82 48 1 41 70 58 1 64 76 61 1 79 67 76 1 66 95 58 1 104 39 74 1 80 43 69 1 106 87 86 1 21 73 80 1 81 70 51 1 74 79 64 1 0 0 0 0 72 60 88 1 98 22 70 1 110 74 50 1 81 70 45 1 82 101 98 1 32 100 37 1 47 69 57 1 0 0 0 0 96 61 21 1 54 120 69 1 79 92 77 1 64 69 14 1 71 95 86 1
38 57 33 1 36 50 63 1 29 82 39 1 33 77 56 1 36 81 63 1 17 70 57 1 0 0 0 0 90 43 70 1 0 0 0 0 87 43 72 1 63 42 86 1 56 60 81 1 63 72 56 1 58 94 84 1 25 87 89 1 37 92 33 1 11 82 57 1 0 35 24 1 0 33 20 1 37 45 52 1 66 87 56 1 78 72 53 1 58 46 73 1 73 98 22 1 78 67 38 1 17 49 37 1 59 67 50 1 60 88 29 1 53 65 34 1 70 78 53 1 75 56 80 1 59 85 59 1 115 115 31 1 37 45 76 1 12 69 38 1 54 89 33 1 3 91 29 1 77 85 51 1 56 67 79 1 93 96 58 1 66 60 68 1 0 0 0 0 50 55 65 1 65 92 41 1 79 90 61 1 74 101 58 1 40 69 51 1 90 67 58 1 98 111 24 1 63 49 80 1 52 81 53 1 40 100 73 1 56 102 62 1 103 84 50 1 88 81 91 1 78 64 52 1 0 0 0 0 72 63 63 1 112 86 42 1 44 54 61 1 32 76 92 1 112 89 78 1 89 69 83 1 31 65 62 1 104 64 56 1 70 88 61 1
74 45 69 1 48 86 73 1 47 56 41 1 96 82 57 1 79 81 44 1 56 86 72 1 35 85 55 1 84 44 38 1 67 84 48 1 57 62 75 1 65 87 60 1 58 48 65 1 62 31 53 1 0 0 0 0 67 66 62 1 13 44 33 1 25 63 16 1 37 76 45 1 0 0 0 0 19 49 62 1 47 60 60 1 56 49 81 1 29 91 36 1 0 0 0 0 36 81 37 1 57 56 50 1 0 0 0 0 0 0 0 0 32 92 61 1 0 0 0 0 56 20 98 1 68 59 39 1 35 81 55 1 95 62 81 1 60 57 58 1 68 37 14 1 41 59 32 1 54 64 61 1 49 72 59 1 61 75 36 1 43 51 51 1 36 85 45 1 67 86 40 1 0 0 0 0 64 84 55 1 70 70 50 1 70 108 27 1 50 65 70 1 77 50 28 1 39 79 71 1 87 68 47 1 42 26 47 1 89 86 53 1 94 69 68 1 67 102 51 1 81 22 93 1 77 81 40 1 71 87 89 1 80 92 98 1 66 114 62 1 53 77 89 1 80 72 91 1 82 66 44 1 48 86 87 1 0 0 0 0 56 105 42 1
93 50 48 1 65 86 39 1 62 95 73 1 0 0 0 0 0 0 0 0 43 73 85 1 30 38 30 1 59 57 73 1 73 70 74 1 48 70 48 1 68 28 61 1 60 75 82 1 21 32 67 1 15 51 57 1 0 0 0 0 1 84 61 1 0 64 49 1 7 84 65 1 0 0 0 0 55 43 32 1 53 62 49 1 30 94 78 1 0 68 96 1 74 48 42 1 13 27 61 1 81 18 62 1 99 68 71 1 72 95 79 1 71 88 75 1 30 69 38 1 23 108 53 1 28 107 62 1 60 63 57 1 46 44 102 1 72 93 78 1 84 30 47 1 10 82 33 1 62 88 97 1 59 91 80 1 58 73 62 1 48 107 49 1 91 90 36 1 84 66 21 1 67 71 55 1 0 0 0 0 86 76 39 1 64 65 91 1 46 58 36 1 0 0 0 0 43 57 50 1 81 70 25 1 54 91 73 1 82 113 41 1 69 81 48 1 74 29 69 1 81 81 74 1 92 81 78 1 77 74 60 1 0 0 0 0 0 0 0 0 69 77 29 1 76 70 84 1 75 100 48 1 91 68 59 1 41 82 68 1 109 114 98 1
29 48 42 1 19 39 72 1 101 52 64 1 49 49 88 1 60 55 50 1 58 85 75 1 53 90 59 1 53 75 42 1 17 79 77 1 48 46 19 1 44 86 69 1 4 47 46 1 50 89 54 1 37 7 71 1 11 59 41 1 25 52 61 1 14 96 34 1 7 46 81 1 19 91 23 1 40 76 78 1 60 58 59 1 72 84 79 1 37 73 78 1 55 3 55 1 56 72 40 1 48 76 57 1 81 61 75 1 55 96 89 1 71 37 66 1 81 29 43 1 31 66 43 1 78 84 24 1 20 60 69 1 25 45 31 1 26 49 28 1 70 46 45 1 73 92 61 1 48 92 72 1 58 54 68 1 58 85 69 1 80 82 52 1 56 39 70 1 0 0 0 0 101 75 19 1 69 42 92 1 0 0 0 0 81 78 93 1 69 76 54 1 97 81 12 1 82 79 60 1 36 80 44 1 68 83 78 1 90 101 31 1 109 77 79 1 43 82 91 1 0 0 0 0 57 83 89 1 83 90 35 1 40 76 48 1 92 81 114 1 69 120 38 1 99 50 82 1 77 52 29 1 62 67 37 1 74 97 73 1 44 45 59 1
62 74 76 1 50 77 40 1 56 60 92 1 56 43 49 1 0 0 0 0 32 51 41 1 55 79 35 1 44 100 78 1 44 62 25 1 37 47 51 1 51 59 32 1 18 66 21 1 30 50 47 1 0 0 0 0 0 49 40 1 0 18 48 1 2 83 58 1 36 85 23 1 18 78 73 1 64 33 54 1 0 0 0 0 50 36 26 1 39 68 53 1 24 55 37 1 61 70 88 1 0 0 0 0 0 0 0 0 59 39 72 1 57 67 83 1 81 49 33 1 74 101 67 1 56 78 38 1 59 86 53 1 48 67 56 1 45 89 74 1 33 67 56 1 56 90 54 1 65 42 99 1 19 47 43 1 55 69 71 1 40 91 63 1 49 108 86 1 59 76 65 1 68 82 36 1 60 82 53 1 91 82 71 1 84 75 65 1 68 69 51 1 41 80 57 1 66 63 75 1 66 82 87 1 63 70 26 1 71 72 54 1 75 78 69 1 85 96 44 1 70 59 52 1 0 0 0 0 118 92 120 1 54 77 51 1 82 100 65 1 88 49 34 1 86 67 56 1 51 103 39 1 121 84 51 1 108 102 46 1 66 95 63 1
95 37 66 1 35 73 51 1 56 69 83 1 25 24 75 1 0 0 0 0 0 36 40 1 26 43 65 1 35 14 58 1 14 41 69 1 24 96 15 1 0 53 28 1 0 0 0 0 0 41 22 1 0 0 0 0 8 87 32 1 18 32 27 1 51 72 27 1 39 65 22 1 0 0 0 0 58 56 68 1 57 50 61 1 23 86 93 1 47 77 50 1 78 69 59 1 37 60 48 1 4 60 29 1 63 52 67 1 65 54 61 1 37 56 38 1 60 51 49 1 62 85 68 1 57 62 55 1 60 60 32 1 58 46 63 1 88 55 65 1 69 80 67 1 39 40 65 1 0 0 0 0 74 90 61 1 0 0 0 0 21 60 50 1 104 100 102 1 101 98 60 1 106 105 44 1 70 58 64 1 90 57 101 1 37 68 61 1 69 94 80 1 0 0 0 0 80 82 74 1 37 85 43 1 30 46 59 1 28 73 64 1 56 57 60 1 52 98 81 1 44 95 56 1 53 67 32 1 60 94 59 1 102 61 21 1 81 69 59 1 82 114 88 1 58 75 71 1 74 72 94 1 88 75 55 1 108 91 95 1 127 94 53 1
34 43 44 1 0 46 29 1 43 41 27 1 0 39 52 1 43 41 46 1 0 73 38 1 20 75 72 1 0 0 0 0 24 96 47 1 0 0 0 0 27 66 20 1 0 24 39 1 25 32 45 1 0 84 20 1 0 39 37 1 14 83 59 1 0 111 90 1 40 105 75 1 59 58 58 1 64 43 78 1 49 50 75 1 58 90 62 1 30 74 68 1 65 57 41 1 54 90 63 1 92 0 61 1 74 50 64 1 62 98 53 1 0 0 0 0 72 42 69 1 75 82 25 1 121 90 65 1 76 95 46 1 72 80 66 1 46 60 35 1 77 54 75 1 49 66 45 1 76 137 63 1 53 46 84 1 79 74 57 1 78 86 29 1 83 79 46 1 66 71 89 1 69 92 59 1 83 71 96 1 114 77 41 1 40 62 83 1 78 50 76 1 60 79 30 1 4 37 61 1 30 67 50 1 43 69 52 1 61 68 17 1 54 49 77 1 61 66 77 1 80 99 69 1 93 79 59 1 36 91 70 1 53 57 66 1 87 81 55 1 76 52 85 1 85 55 38 1 96 57 93 1 77 109 82 1 65 41 27 1 126 101 82 1
0 69 4 1 25 34 6 1 61 73 60 1 26 90 77 1 14 59 37 1 65 69 50 1 6 65 30 1 47 68 87 1 57 57 78 1 80 60 51 1 20 73 77 1 81 14 25 1 0 0 0 0 13 78 51 1 30 34 62 1 52 41 65 1 28 63 52 1 12 92 43 1 0 0 0 0 51 83 15 1 43 43 58 1 34 94 40 1 65 58 76 1 41 56 83 1 59 61 43 1 91 22 59 1 65 88 69 1 59 69 58 1 84 64 100 1 0 0 0 0 60 97 42 1 76 28 70 1 0 0 0 0 56 119 57 1 89 69 75 1 57 44 81 1 59 90 78 1 96 14 45 1 89 77 57 1 88 124 63 1 89 41 30 1 104 98 67 1 47 58 77 1 0 0 0 0 58 49 72 1 0 0 0 0 47 103 51 1 57 94 62 1 57 69 73 1 68 79 51 1 27 39 37 1 18 50 66 1 72 72 62 1 0 0 0 0 59 42 84 1 77 65 78 1 42 87 75 1 19 41 113 1 58 77 42 1 56 89 59 1 77 65 90 1 28 106 38 1 59 90 80 1 86 90 81 1 104 110 73 1 81 95 78 1
0 0 0 0 84 25 43 1 72 42 73 1 84 65 48 1 40 90 27 1 69 79 92 1 64 77 72 1 96 74 44 1 79 37 87 1 86 65 84 1 76 108 86 1 15 85 93 1 28 48 66 1 7 53 36 1 0 53 69 1 64 47 70 1 80 68 72 1 0 0 0 0 41 71 45 1 56 23 57 1 62 56 27 1 0 72 78 1 58 113 70 1 49 99 67 1 38 65 66 1 62 99 31 1 61 93 30 1 27 62 52 1 55 48 75 1 63 41 68 1 0 0 0 0 107 64 48 1 77 105 42 1 61 49 23 1 63 49 69 1 44 47 65 1 80 36 97 1 87 59 75 1 98 69 85 1 34 104 65 1 21 62 60 1 66 123 67 1 92 65 90 1 97 49 57 1 65 21 49 1 76 91 51 1 43 99 40 1 72 79 53 1 27 86 47 1 0 0 0 0 0 0 0 0 52 83 45 1 61 95 80 1 54 77 15 1 44 82 64 1 83 83 46 1 77 40 61 1 47 104 38 1 66 115 71 1 81 56 70 1 47 90 82 1 60 61 90 1 0 0 0 0 0 0 0 0 78 114 80 1 0 0 0 0
0 68 68 1 34 72 72 1 81 30 59 1 67 97 67 1 73 86 45 1 83 80 64 1 0 0 0 0 78 53 57 1 62 70 61 1 46 66 34 1 48 78 68 1 24 43 55 1 7 27 40 1 0 0 0 0 2 71 27 1 30 57 43 1 51 80 81 1 66 85 43 1 0 0 0 0 32 42 64 1 62 53 59 1 51 86 49 1 59 79 58 1 24 69 68 1 71 103 10 1 95 79 21 1 0 0 0 0 69 56 62 1 68 112 59 1 67 68 81 1 0 0 0 0 0 0 0 0 73 91 61 1 84 55 49 1 65 57 83 1 69 48 51 1 86 70 75 1 93 65 68 1 61 75 76 1 105 80 69 1 94 72 80 1 78 52 39 1 85 66 56 1 69 73 60 1 62 28 0 1 0 0 0 0 78 78 72 1 80 75 92 1 43 62 92 1 72 71 49 1 66 91 104 1 75 78 41 1 45 64 80 1 64 72 60 1 25 59 39 1 94 74 25 1 33 80 31 1 78 103 93 1 74 133 30 1 62 75 30 1 65 59 52 1 66 88 30 1 49 60 47 1 79 102 46 1 88 83 58 1 67 86 107 1
56 72 60 1 83 67 58 1 75 70 26 1 58 62 18 1 73 87 63 1 48 92 64 1 82 72 71 1 74 70 77 1 53 59 53 1 38 17 44 1 25 78 18 1 0 31 43 1 0 0 0 0 20 28 26 1 21 73 64 1 35 77 52 1 21 51 75 1 49 69 30 1 75 123 79 1 47 71 62 1 0 0 0 0 68 76 87 1 51 60 68 1 76 37 32 1 46 82 33 1 77 54 110 1 0 0 0 0 66 70 107 1 65 48 29 1 61 72 74 1 102 67 67 1 66 38 25 1 74 72 39 1 62 88 65 1 54 93 71 1 41 69 51 1 56 49 52 1 69 76 52 1 99 56 76 1 64 43 40 1 36 52 64 1 47 70 62 1 81 112 68 1 46 109 35 1 41 66 61 1 77 94 28 1 66 48 103 1 58 57 77 1 55 64 72 1 57 84 49 1 0 0 0 0 72 94 24 1 20 73 66 1 40 77 28 1 64 82 66 1 91 84 56 1 99 67 59 1 88 65 41 1 86 65 68 1 109 84 49 1 81 63 65 1 93 41 51 1 44 107 94 1 0 0 0 0 88 81 68 1 105 81 36 1
103 94 50 1 93 71 54 1 37 105 77 1 79 96 85 1 69 89 98 1 0 0 0 0 77 56 80 1 72 4 62 1 80 42 85 1 36 53 68 1 23 51 65 1 30 81 43 1 4 42 51 1 0 0 0 0 1 36 69 1 62 54 70 1 51 57 47 1 12 90 69 1 42 53 57 1 64 69 66 1 76 80 53 1 99 121 62 1 51 67 95 1 29 104 20 1 82 61 12 1 67 54 47 1 53 45 78 1 62 70 106 1 53 73 75 1 90 86 77 1 53 37 75 1 51 64 83 1 86 86 18 1 68 53 71 1 79 43 19 1 58 56 49 1 78 62 67 1 50 78 40 1 112 77 57 1 93 56 45 1 57 92 48 1 80 87 64 1 64 89 37 1 47 62 50 1 0 0 0 0 59 70 107 1 29 73 55 1 69 56 54 1 38 102 52 1 65 100 78 1 62 31 59 1 62 80 65 1 63 92 9 1 49 51 66 1 48 109 88 1 104 75 101 1 36 66 56 1 60 81 55 1 89 59 61 1 50 75 45 1 53 78 61 1 87 74 79 1 78 97 78 1 106 66 46 1 0 0 0 0 59 73 99 1
0 0 0 0 51 73 47 1 0 0 0 0 99 91 99 1 0 0 0 0 0 0 0 0 71 81 28 1 67 69 28 1 36 92 63 1 37 41 70 1 53 67 16 1 6 58 61 1 14 64 70 1 35 67 50 1 28 48 26 1 60 26 35 1 42 38 83 1 78 70 52 1 65 64 60 1 0 0 0 0 0 0 0 0 71 88 72 1 66 56 75 1 75 57 58 1 48 92 47 1 97 56 81 1 53 58 10 1 71 110 79 1 38 78 49 1 87 89 63 1 73 64 29 1 86 71 88 1 56 119 63 1 71 88 25 1 65 85 65 1 60 56 62 1 17 53 85 1 0 0 0 0 0 0 0 0 30 67 40 1 19 83 87 1 74 61 62 1 61 45 54 1 80 83 57 1 54 61 72 1 0 0 0 0 63 76 55 1 48 83 49 1 64 113 68 1 66 83 95 1 76 59 63 1 65 79 70 1 43 60 67 1 83 68 70 1 118 68 47 1 90 59 49 1 34 96 91 1 93 59 95 1 70 83 69 1 68 63 81 1 86 74 90 1 121 72 73 1 66 57 55 1 72 65 74 1 62 84 33 1 61 89 54 1
80 82 62 1 94 111 56 1 73 91 80 1 40 99 60 1 0 0 0 0 52 100 39 1 81 67 59 1 65 95 84 1 81 98 71 1 74 56 69 1 10 70 46 1 0 0 0 0 0 32 49 1 23 54 19 1 63 60 26 1 32 64 34 1 53 76 61 1 37 57 22 1 51 47 30 1 25 51 56 1 0 0 0 0 64 89 51 1 79 101 70 1 81 66 52 1 52 79 37 1 57 92 55 1 67 62 11 1 90 89 48 1 68 81 48 1 68 75 60 1 22 87 62 1 71 64 31 1 49 76 71 1 38 89 77 1 64 74 60 1 52 85 83 1 0 0 0 0 15 93 56 1 83 95 77 1 32 78 55 1 73 58 40 1 70 87 46 1 54 74 79 1 90 30 54 1 32 83 69 1 87 44 67 1 60 45 70 1 61 75 47 1 65 42 74 1 66 45 67 1 45 80 34 1 60 58 33 1 88 75 63 1 70 66 76 1 0 0 0 0 91 80 47 1 78 71 34 1 90 60 49 1 70 59 49 1 0 0 0 0 51 78 80 1 0 0 0 0 103 80 19 1 67 48 80 1 0 0 0 0 56 96 74 1
121 87 62 1 64 61 92 1 54 75 61 1 66 65 100 1 0 0 0 0 88 67 89 1 76 81 50 1 67 73 107 1 0 0 0 0 0 0 0 0 49 22 31 1 0 24 47 1 0 0 0 0 14 37 20 1 40 50 27 1 50 34 56 1 32 48 32 1 3 63 47 1 23 50 33 1 30 55 52 1 78 56 57 1 61 89 46 1 23 46 41 1 49 73 60 1 42 64 83 1 0 0 0 0 103 86 50 1 93 83 65 1 5 53 96 1 77 58 37 1 76 93 29 1 59 93 67 1 78 93 79 1 47 86 67 1 67 72 44 1 67 122 63 1 74 62 81 1 46 101 42 1 75 28 97 1 41 72 32 1 0 0 0 0 0 0 0 0 43 86 61 1 0 0 0 0 72 49 60 1 60 68 65 1 39 64 74 1 69 59 58 1 59 96 86 1 50 107 58 1 50 86 63 1 44 89 69 1 58 75 55 1 57 102 59 1 61 104 34 1 92 46 53 1 68 73 77 1 51 32 88 1 110 12 84 1 44 72 74 1 85 85 62 1 0 0 0 0 96 54 57 1 56 105 70 1 66 82 33 1 0 0 0 0
93 70 72 1 46 69 45 1 0 0 0 0 56 74 85 1 48 70 36 1 80 93 52 1 101 63 126 1 47 80 79 1 35 71 77 1 48 74 61 1 48 54 94 1 0 0 0 0 1 23 45 1 22 75 43 1 56 54 72 1 1 61 51 1 42 66 63 1 28 37 20 1 48 63 61 1 34 76 42 1 65 55 95 1 90 44 79 1 81 51 69 1 77 65 34 1 50 57 0 1 0 0 0 0 65 99 70 1 0 0 0 0 84 76 56 1 43 55 67 1 51 58 43 1 0 0 0 0 54 92 83 1 8 72 73 1 0 0 0 0 0 0 0 0 47 101 74 1 65 58 22 1 57 52 65 1 8 94 14 1 80 38 62 1 77 68 75 1 69 75 92 1 46 106 95 1 59 77 56 1 96 98 65 1 74 42 33 1 60 44 82 1 58 87 58 1 76 60 116 1 49 84 45 1 88 97 57 1 44 77 49 1 88 54 20 1 27 80 79 1 21 66 36 1 40 81 51 1 100 52 98 1 76 81 78 1 59 88 70 1 41 65 80 1 46 59 30 1 0 0 0 0 34 53 91 1 63 65 59 1 73 50 77 1
99 107 60 1 0 0 0 0 58 104 69 1 103 78 44 1 47 80 53 1 62 77 74 1 51 46 110 1 82 72 59 1 81 54 75 1 33 42 60 1 17 65 44 1 0 65 33 1 5 96 44 1 19 59 37 1 50 96 103 1 60 39 33 1 43 112 55 1 75 87 20 1 90 87 47 1 63 92 59 1 28 71 58 1 68 69 42 1 32 56 58 1 0 0 0 0 48 58 42 1 77 86 88 1 67 61 58 1 0 0 0 0 82 65 52 1 54 65 55 1 83 92 64 1 42 71 28 1 0 0 0 0 116 31 67 1 37 66 64 1 0 0 0 0 50 76 56 1 54 80 40 1 26 88 68 1 98 80 57 1 84 74 89 1 0 0 0 0 76 43 20 1 66 81 89 1 61 117 68 1 91 98 66 1 46 54 53 1 57 107 39 1 38 77 47 1 20 22 53 1 0 0 0 0 67 58 42 1 42 69 68 1 84 93 54 1 23 58 63 1 82 53 92 1 56 103 58 1 60 58 44 1 0 0 0 0 47 100 59 1 0 0 0 0 92 87 60 1 37 59 57 1 97 49 60 1 0 37 70 1 60 64 48 1