6
2848 1925 85 67
41 71 51 1 0 0 0 0 16 19 53 1 28 68 46 1 35 8 92 1 27 29 93 1 11 21 59 1 31 40 71 1 21 42 34 1 27 86 71 1 1 78 106 1 59 19 65 1 59 46 82 1 12 47 84 1 0 15 52 1 0 42 45 1 17 40 37 1 33 56 50 1 0 0 0 0 16 78 37 1 0 0 0 0 34 26 62 1 1 28 57 1 8 53 69 1 0 43 67 1 36 30 40 1 9 67 72 1 38 39 97 1 33 62 27 1 0 0 0 0 53 76 53 1 88 100 46 1 123 103 101 1 95 68 15 1 87 59 37 1 121 70 22 1 98 104 45 1 79 122 61 1 127 57 38 1 0 0 0 0 121 81 78 1 121 60 53 1 91 59 51 1 76 94 63 1 64 65 80 1 99 107 40 1 67 87 87 1 55 65 63 1 68 69 68 1 66 39 58 1 89 42 49 1 69 84 34 1 35 36 30 1 62 65 32 1 44 72 25 1 52 26 59 1 59 79 0 1 80 88 54 1 0 0 0 0 116 121 53 1 96 94 54 1 111 48 81 1 93 95 58 1 0 0 0 0 131 91 67 1 150 116 90 1 126 129 77 1
60 18 58 1 44 77 65 1 18 74 106 1 1 56 59 1 23 28 31 1 14 73 36 1 0 0 0 0 31 71 79 1 47 33 34 1 46 50 63 1 42 58 57 1 15 34 71 1 0 26 98 1 0 40 34 1 0 0 0 0 66 23 73 1 14 54 44 1 48 26 75 1 8 60 55 1 0 0 0 0 15 5 39 1 30 32 92 1 0 73 54 1 0 26 58 1 29 58 32 1 48 57 69 1 0 0 0 0 0 0 0 0 48 58 57 1 78 98 67 1 75 69 39 1 88 60 50 1 83 48 36 1 57 68 34 1 89 101 32 1 106 89 51 1 91 38 32 1 143 115 70 1 0 0 0 0 119 48 34 1 114 68 42 1 120 43 51 1 61 72 40 1 93 87 57 1 133 82 66 1 111 76 40 1 88 35 103 1 101 57 105 1 0 0 0 0 46 44 64 1 56 41 97 1 76 40 90 1 17 36 78 1 46 39 56 1 41 65 63 1 66 72 70 1 68 43 25 1 68 83 31 1 93 73 106 1 46 54 58 1 82 49 67 1 69 69 90 1 118 101 34 1 101 85 83 1 119 89 78 1 124 68 98 1 127 94 36 1
41 39 47 1 57 27 61 1 38 35 69 1 44 29 84 1 39 49 50 1 20 37 56 1 13 3 67 1 27 20 65 1 7 48 81 1 48 51 57 1 29 61 48 1 16 72 64 1 8 22 33 1 34 12 62 1 17 23 65 1 22 65 82 1 21 56 69 1 29 21 71 1 42 38 37 1 0 64 88 1 6 82 71 1 9 39 63 1 0 0 0 0 0 74 86 1 33 67 74 1 16 76 48 1 17 52 90 1 11 30 100 1 44 74 13 1 36 48 62 1 87 51 82 1 81 47 65 1 49 75 56 1 70 61 35 1 87 72 66 1 76 71 32 1 126 33 88 1 100 88 62 1 104 74 42 1 90 57 66 1 0 0 0 0 63 32 59 1 79 50 42 1 121 96 28 1 90 35 30 1 110 64 48 1 104 84 86 1 92 62 81 1 46 46 70 1 71 35 37 1 27 58 73 1 28 44 66 1 41 38 58 1 30 54 29 1 55 35 39 1 0 0 0 0 111 79 84 1 93 109 72 1 93 56 76 1 48 77 7 1 95 83 53 1 0 0 0 0 91 116 78 1 89 114 59 1 128 75 72 1 93 108 73 1 126 90 61 1
33 77 79 1 61 66 57 1 24 89 98 1 24 50 75 1 17 46 43 1 36 74 74 1 0 51 67 1 2 21 114 1 0 0 0 0 0 0 0 0 0 23 61 1 4 0 51 1 0 0 0 0 11 40 79 1 10 32 79 1 42 67 27 1 0 9 92 1 35 49 81 1 32 60 45 1 0 27 102 1 0 40 71 1 0 22 87 1 0 92 53 1 6 47 76 1 28 42 48 1 31 49 48 1 0 39 67 1 44 47 62 1 18 67 35 1 31 80 74 1 64 50 54 1 101 67 105 1 95 88 52 1 80 75 60 1 74 115 16 1 97 86 9 1 121 60 4 1 135 80 21 1 104 92 56 1 107 64 74 1 0 0 0 0 88 26 86 1 0 0 0 0 98 65 78 1 74 56 53 1 94 80 59 1 63 80 50 1 82 70 51 1 65 67 115 1 39 53 47 1 25 16 67 1 0 0 0 0 0 0 0 0 28 87 59 1 24 39 27 1 95 49 94 1 53 79 92 1 55 51 70 1 92 95 90 1 75 98 68 1 150 104 43 1 85 82 34 1 102 105 39 1 118 114 81 1 175 140 64 1 0 0 0 0 109 105 52 1
51 66 59 1 54 39 59 1 71 79 98 1 27 53 65 1 0 0 0 0 23 72 78 1 0 0 0 0 0 77 54 1 30 31 64 1 0 58 67 1 14 59 63 1 0 0 0 0 37 38 120 1 52 48 74 1 0 0 0 0 14 62 72 1 23 23 54 1 0 48 33 1 0 36 27 1 3 61 68 1 0 88 94 1 67 44 78 1 1 28 70 1 39 55 60 1 45 66 78 1 0 0 0 0 12 40 25 1 14 46 45 1 58 66 64 1 25 68 77 1 67 95 28 1 97 86 95 1 85 75 54 1 93 44 56 1 86 110 37 1 45 92 26 1 136 95 67 1 84 76 65 1 101 72 86 1 0 0 0 0 73 36 60 1 102 72 48 1 79 80 76 1 70 81 66 1 56 53 0 1 68 53 58 1 25 75 75 1 67 29 69 1 0 0 0 0 35 45 91 1 52 34 51 1 21 102 45 1 82 44 64 1 62 27 86 1 45 60 54 1 61 47 68 1 103 77 35 1 0 0 0 0 85 78 56 1 84 74 20 1 63 57 63 1 51 76 70 1 61 91 49 1 121 112 72 1 109 97 66 1 97 98 54 1 119 93 83 1
84 43 44 1 80 58 66 1 55 73 34 1 0 0 0 0 61 85 64 1 0 0 0 0 47 37 69 1 21 39 98 1 26 74 91 1 0 64 73 1 0 31 87 1 0 22 86 1 0 12 68 1 1 47 101 1 18 31 27 1 12 58 86 1 0 0 0 0 19 42 45 1 0 27 62 1 0 0 0 0 18 41 43 1 0 0 0 0 7 0 65 1 12 38 52 1 43 43 40 1 14 57 42 1 32 46 85 1 76 40 90 1 25 17 55 1 65 50 70 1 0 0 0 0 70 72 51 1 68 84 55 1 117 81 45 1 73 87 58 1 82 77 66 1 62 57 55 1 93 118 66 1 99 38 3 1 73 67 75 1 107 70 82 1 78 84 69 1 78 90 62 1 74 62 77 1 75 74 26 1 63 96 35 1 40 75 56 1 56 69 61 1 50 85 75 1 50 55 76 1 32 83 27 1 3 62 43 1 86 80 36 1 0 0 0 0 67 52 65 1 36 73 94 1 81 65 101 1 75 45 70 1 63 101 49 1 69 95 41 1 111 81 76 1 105 87 84 1 114 90 74 1 0 0 0 0 102 81 105 1 117 62 56 1 99 77 43 1
70 82 47 1 60 74 81 1 88 79 78 1 33 88 53 1 28 41 47 1 40 18 93 1 30 77 46 1 0 0 0 0 36 41 60 1 26 36 52 1 0 39 47 1 18 26 77 1 38 45 78 1 18 37 40 1 1 28 23 1 38 3 36 1 63 10 69 1 0 52 83 1 50 56 31 1 0 85 55 1 25 52 93 1 21 53 90 1 59 54 84 1 0 17 64 1 0 55 80 1 0 56 100 1 34 50 63 1 51 35 106 1 85 48 45 1 60 65 74 1 116 30 66 1 65 72 80 1 106 62 78 1 84 54 34 1 87 77 110 1 93 62 68 1 85 30 96 1 93 85 66 1 67 68 50 1 84 74 40 1 0 0 0 0 0 0 0 0 59 74 58 1 97 49 45 1 76 88 84 1 73 49 70 1 84 82 63 1 60 60 91 1 57 52 56 1 0 0 0 0 0 62 32 1 21 49 70 1 16 50 91 1 30 55 66 1 51 48 30 1 54 72 64 1 29 57 49 1 77 94 100 1 92 70 98 1 0 0 0 0 60 36 86 1 110 70 48 1 68 82 45 1 99 81 48 1 79 87 61 1 79 80 59 1 90 75 90 1
48 72 66 1 73 79 41 1 84 61 69 1 58 74 78 1 0 0 0 0 64 36 56 1 41 63 82 1 21 44 56 1 29 64 26 1 38 64 79 1 19 43 61 1 19 55 26 1 31 19 64 1 43 25 87 1 14 79 62 1 6 30 100 1 46 5 60 1 28 34 46 1 33 12 77 1 0 55 63 1 0 72 66 1 0 0 0 0 21 51 109 1 25 19 41 1 15 41 78 1 0 68 68 1 4 65 71 1 45 73 104 1 59 57 20 1 129 48 28 1 10 43 80 1 103 91 70 1 71 86 48 1 103 69 51 1 101 56 51 1 85 49 41 1 70 88 18 1 69 37 28 1 52 29 26 1 75 50 58 1 65 47 94 1 84 56 30 1 61 90 33 1 131 82 77 1 55 61 30 1 138 79 127 1 74 117 61 1 80 63 23 1 46 65 51 1 0 0 0 0 44 60 81 1 28 40 35 1 20 92 48 1 25 56 73 1 25 95 70 1 0 0 0 0 75 75 68 1 70 63 78 1 84 87 69 1 76 78 56 1 108 63 57 1 0 0 0 0 97 93 46 1 85 98 41 1 112 101 72 1 113 81 60 1 139 99 32 1
87 81 86 1 57 70 55 1 71 78 95 1 99 90 76 1 69 58 102 1 73 85 37 1 51 44 59 1 0 27 77 1 10 70 71 1 11 45 37 1 0 27 76 1 21 30 87 1 0 35 78 1 21 37 37 1 29 41 30 1 13 41 64 1 44 22 37 1 0 0 0 0 2 35 94 1 0 45 61 1 14 36 69 1 26 38 43 1 0 0 0 0 0 18 56 1 21 59 64 1 35 49 73 1 0 59 87 1 1 34 31 1 62 69 122 1 110 67 88 1 21 40 79 1 0 0 0 0 63 45 50 1 54 36 83 1 62 67 23 1 94 93 60 1 0 0 0 0 87 52 44 1 0 0 0 0 69 69 65 1 127 64 36 1 47 83 45 1 39 75 69 1 120 105 0 1 88 65 86 1 41 74 67 1 82 70 24 1 36 72 63 1 50 56 51 1 36 50 47 1 10 39 106 1 36 64 42 1 44 23 20 1 58 68 100 1 25 66 45 1 45 45 41 1 62 60 81 1 78 81 50 1 77 78 41 1 71 89 70 1 96 72 67 1 94 38 64 1 124 87 70 1 162 83 97 1 0 0 0 0 137 82 70 1 148 85 21 1
40 53 58 1 94 54 24 1 91 73 61 1 0 0 0 0 84 53 82 1 75 50 64 1 75 62 78 1 59 66 23 1 5 41 21 1 73 41 60 1 22 53 58 1 12 71 51 1 34 33 50 1 41 37 67 1 46 41 35 1 30 77 72 1 3 11 72 1 7 27 61 1 28 23 79 1 12 30 40 1 1 71 86 1 0 35 50 1 4 39 100 1 18 23 52 1 57 63 70 1 51 54 80 1 54 71 38 1 30 87 99 1 38 29 52 1 59 73 92 1 60 69 49 1 88 75 62 1 38 66 52 1 40 77 84 1 88 32 61 1 44 70 24 1 77 104 86 1 91 51 56 1 52 128 42 1 87 113 50 1 107 99 102 1 69 53 93 1 78 89 74 1 57 82 72 1 92 62 53 1 109 48 81 1 68 67 31 1 78 72 83 1 0 0 0 0 5 24 76 1 56 48 76 1 23 28 74 1 28 65 43 1 49 41 28 1 0 50 82 1 0 0 0 0 31 72 0 1 84 107 55 1 81 83 83 1 69 88 26 1 80 57 48 1 69 77 24 1 69 71 79 1 93 106 78 1 0 0 0 0 136 88 51 1 159 81 92 1
0 0 0 0 65 105 30 1 110 82 40 1 82 86 80 1 80 103 58 1 77 71 72 1 0 0 0 0 53 43 54 1 26 53 70 1 0 0 0 0 26 22 50 1 0 58 81 1 0 31 49 1 21 30 77 1 0 47 61 1 27 75 33 1 0 74 92 1 9 21 118 1 39 72 108 1 22 68 49 1 16 50 71 1 11 36 64 1 10 63 19 1 2 65 68 1 38 27 70 1 14 65 87 1 4 60 56 1 22 67 59 1 18 47 77 1 41 29 36 1 73 76 95 1 38 66 53 1 74 100 59 1 46 90 69 1 45 116 66 1 0 0 0 0 38 69 70 1 91 49 90 1 59 38 74 1 55 81 95 1 81 116 72 1 0 0 0 0 77 71 28 1 91 48 40 1 100 90 56 1 48 84 74 1 78 57 71 1 56 44 59 1 29 37 69 1 13 79 53 1 50 65 86 1 49 43 79 1 39 59 72 1 0 0 0 0 58 54 62 1 36 57 51 1 80 67 72 1 73 61 63 1 86 71 72 1 0 0 0 0 69 43 38 1 119 52 70 1 116 87 75 1 128 83 86 1 116 40 69 1 104 85 81 1 125 84 60 1
92 86 32 1 70 92 73 1 92 83 29 1 125 86 31 1 161 70 48 1 83 108 73 1 63 44 77 1 66 83 48 1 75 78 37 1 30 43 51 1 46 40 51 1 33 35 71 1 27 56 73 1 19 41 75 1 0 24 85 1 19 38 66 1 0 17 82 1 0 62 36 1 0 59 44 1 2 56 116 1 15 32 85 1 0 32 68 1 0 43 66 1 3 47 47 1 0 53 95 1 33 14 63 1 12 79 71 1 16 17 81 1 19 32 65 1 42 46 66 1 28 59 80 1 74 39 51 1 77 22 96 1 43 55 99 1 77 41 34 1 94 75 55 1 71 103 57 1 65 4 82 1 89 64 82 1 64 58 62 1 0 0 0 0 60 51 66 1 96 32 78 1 39 50 62 1 88 46 67 1 52 65 61 1 42 39 89 1 48 45 67 1 33 95 46 1 62 53 91 1 56 73 82 1 60 54 68 1 44 69 42 1 60 68 77 1 69 62 65 1 23 46 36 1 68 64 59 1 70 46 43 1 51 87 57 1 48 100 49 1 108 74 38 1 124 94 70 1 115 77 54 1 0 0 0 0 92 83 18 1 0 0 0 0 123 67 52 1
89 106 56 1 64 83 29 1 91 106 63 1 110 100 40 1 98 65 22 1 95 98 77 1 117 86 82 1 107 82 60 1 42 61 59 1 36 51 86 1 50 40 42 1 24 32 67 1 73 31 25 1 0 0 0 0 47 41 60 1 25 37 56 1 2 25 102 1 3 68 59 1 0 11 128 1 4 40 47 1 0 0 0 0 17 59 92 1 17 37 47 1 0 0 0 0 10 43 71 1 18 56 76 1 0 40 28 1 21 28 67 1 45 31 71 1 38 35 56 1 36 78 27 1 27 49 45 1 18 38 94 1 55 40 32 1 62 28 47 1 89 39 37 1 78 53 56 1 61 83 57 1 60 91 51 1 39 81 66 1 55 95 63 1 77 57 56 1 53 92 67 1 81 79 69 1 80 39 49 1 75 27 82 1 85 57 101 1 35 35 65 1 36 87 79 1 34 2 68 1 48 68 57 1 33 58 67 1 35 39 54 1 12 79 61 1 9 31 42 1 52 111 73 1 0 0 0 0 57 95 48 1 46 63 91 1 89 66 41 1 79 92 49 1 73 84 96 1 115 59 44 1 97 100 56 1 102 45 48 1 99 57 58 1 88 128 32 1
117 126 39 1 67 97 113 1 71 104 68 1 68 118 56 1 123 109 50 1 137 70 71 1 129 66 120 1 73 62 39 1 67 74 50 1 62 52 64 1 70 83 68 1 38 70 40 1 35 65 90 1 25 11 89 1 17 25 46 1 0 42 85 1 0 46 100 1 29 52 78 1 7 31 85 1 47 47 62 1 7 15 55 1 38 9 48 1 21 31 58 1 0 0 0 0 4 20 80 1 47 12 50 1 33 69 76 1 25 45 83 1 11 67 53 1 0 43 63 1 40 59 64 1 44 69 75 1 38 61 56 1 51 69 98 1 39 41 74 1 27 50 43 1 43 27 73 1 0 0 0 0 0 0 0 0 80 85 83 1 33 76 94 1 74 85 59 1 80 65 63 1 72 105 65 1 43 89 59 1 86 77 73 1 31 80 80 1 51 82 0 1 29 58 94 1 29 0 63 1 33 60 50 1 4 82 42 1 38 45 72 1 18 59 86 1 45 84 39 1 0 0 0 0 0 0 0 0 69 72 47 1 54 99 44 1 87 81 40 1 101 85 70 1 102 75 77 1 0 0 0 0 102 65 88 1 98 87 47 1 74 100 34 1 58 86 55 1
0 0 0 0 0 0 0 0 94 101 72 1 125 117 76 1 104 98 42 1 118 114 63 1 127 130 67 1 111 90 42 1 0 0 0 0 98 79 41 1 85 38 72 1 73 98 48 1 52 53 41 1 25 39 45 1 0 64 63 1 22 5 93 1 7 40 68 1 7 66 94 1 28 64 129 1 0 0 0 0 47 66 85 1 32 72 82 1 25 47 75 1 16 16 91 1 23 75 69 1 0 31 47 1 7 47 54 1 30 51 76 1 50 36 55 1 27 43 49 1 4 46 43 1 67 25 64 1 24 50 79 1 65 68 32 1 0 0 0 0 0 0 0 0 38 23 77 1 0 0 0 0 69 84 87 1 67 61 63 1 78 112 66 1 30 61 57 1 81 62 83 1 81 56 60 1 75 43 59 1 59 57 82 1 51 52 66 1 28 39 105 1 32 24 92 1 18 5 62 1 60 47 70 1 0 52 88 1 31 33 87 1 12 73 67 1 0 0 0 0 23 53 61 1 23 77 55 1 94 89 104 1 76 58 57 1 68 80 92 1 76 97 90 1 96 80 75 1 50 89 62 1 60 58 61 1 91 107 97 1 0 0 0 0 81 60 53 1
118 43 74 1 0 0 0 0 87 57 74 1 139 87 25 1 143 104 44 1 149 72 37 1 0 0 0 0 133 83 53 1 105 72 55 1 91 58 78 1 107 63 95 1 58 37 43 1 20 50 68 1 56 89 65 1 18 51 45 1 54 23 26 1 32 18 70 1 21 35 75 1 0 0 0 0 0 3 82 1 0 30 71 1 0 55 46 1 0 0 0 0 8 26 62 1 11 40 58 1 24 24 66 1 39 49 76 1 12 60 68 1 0 0 0 0 60 52 98 1 0 0 0 0 0 0 0 0 0 0 62 1 18 12 44 1 71 0 90 1 26 38 56 1 29 50 53 1 0 0 0 0 36 56 66 1 0 0 0 0 81 69 45 1 66 35 82 1 43 71 50 1 33 91 52 1 35 44 65 1 0 0 0 0 41 59 58 1 96 39 54 1 10 34 29 1 44 9 82 1 56 17 71 1 14 52 29 1 7 65 76 1 63 61 65 1 6 64 74 1 0 0 0 0 50 64 29 1 0 0 0 0 48 63 110 1 95 41 64 1 31 85 84 1 0 0 0 0 56 75 50 1 88 75 47 1 84 36 63 1 105 66 51 1 109 91 36 1
114 61 67 1 137 46 86 1 135 75 116 1 85 59 75 1 145 101 56 1 104 72 87 1 107 104 42 1 98 93 56 1 76 88 39 1 66 72 63 1 79 55 55 1 56 75 68 1 69 130 61 1 45 69 57 1 44 55 52 1 0 55 78 1 13 84 83 1 3 23 68 1 36 50 51 1 0 33 110 1 40 59 75 1 12 61 62 1 19 30 66 1 30 73 95 1 0 53 85 1 50 17 24 1 31 87 51 1 47 15 37 1 15 47 86 1 0 73 32 1 0 0 0 0 0 0 0 0 0 64 99 1 40 53 57 1 44 65 36 1 15 45 84 1 10 54 53 1 26 35 72 1 48 60 79 1 61 93 35 1 48 46 39 1 0 71 48 1 98 73 55 1 20 38 50 1 0 0 0 0 62 57 66 1 29 60 48 1 27 60 69 1 67 62 42 1 45 23 36 1 8 49 61 1 21 27 76 1 7 27 62 1 27 30 50 1 39 82 62 1 33 44 83 1 34 70 81 1 13 52 71 1 58 42 89 1 60 72 94 1 96 30 53 1 74 89 64 1 82 48 106 1 110 87 77 1 153 81 74 1 100 75 43 1 117 106 25 1
94 97 58 1 0 0 0 0 77 109 67 1 102 73 64 1 0 0 0 0 106 55 49 1 91 39 40 1 56 61 58 1 93 85 68 1 62 89 53 1 49 127 37 1 41 104 85 1 27 77 63 1 66 54 70 1 45 22 55 1 2 44 40 1 29 57 87 1 27 49 103 1 0 49 73 1 47 51 36 1 39 64 74 1 53 50 106 1 0 31 61 1 0 39 38 1 16 36 80 1 0 27 63 1 36 58 75 1 35 55 110 1 2 49 90 1 41 71 40 1 0 46 51 1 0 0 0 0 30 43 30 1 10 42 51 1 28 15 76 1 25 35 69 1 48 54 70 1 8 42 62 1 34 67 38 1 33 42 108 1 63 58 72 1 33 43 93 1 76 101 66 1 50 83 73 1 32 84 66 1 62 74 53 1 29 89 64 1 15 28 73 1 9 32 77 1 41 71 82 1 31 44 60 1 1 23 0 1 10 71 37 1 41 54 38 1 23 30 67 1 12 96 52 1 22 60 107 1 20 63 74 1 28 50 64 1 108 73 88 1 64 80 81 1 0 0 0 0 81 84 35 1 101 23 60 1 114 109 47 1 84 79 54 1 135 106 86 1
73 39 94 1 83 42 115 1 43 68 101 1 101 69 80 1 107 63 37 1 128 77 92 1 138 111 58 1 105 118 82 1 110 93 52 1 73 50 39 1 78 58 64 1 49 52 60 1 2 41 21 1 14 47 52 1 37 36 42 1 15 71 57 1 42 14 43 1 0 0 0 0 22 60 78 1 45 51 55 1 0 0 0 0 0 83 34 1 3 38 61 1 19 34 80 1 0 52 57 1 0 43 50 1 43 83 76 1 27 22 40 1 25 65 74 1 9 60 45 1 0 17 78 1 18 43 61 1 50 33 61 1 24 35 55 1 0 50 56 1 26 58 85 1 56 20 67 1 24 18 86 1 0 0 0 0 47 104 66 1 53 59 110 1 9 51 101 1 28 47 76 1 56 2 58 1 69 78 98 1 35 42 97 1 44 57 56 1 21 49 48 1 75 27 25 1 31 40 59 1 29 38 53 1 32 46 72 1 0 56 72 1 32 19 23 1 18 48 60 1 56 101 91 1 48 45 60 1 83 83 63 1 0 0 0 0 40 80 60 1 51 61 85 1 78 98 73 1 103 73 86 1 97 94 50 1 113 62 85 1 123 87 36 1 91 80 37 1
46 66 57 1 94 48 64 1 58 51 43 1 68 39 36 1 77 51 68 1 99 64 72 1 83 79 40 1 61 60 63 1 42 83 44 1 147 101 68 1 91 43 69 1 18 55 83 1 70 45 82 1 11 36 56 1 50 35 23 1 7 52 53 1 15 52 50 1 27 43 36 1 31 27 59 1 17 59 79 1 43 75 57 1 0 45 78 1 33 50 76 1 34 49 38 1 28 19 60 1 0 16 53 1 17 29 57 1 0 0 0 0 31 31 67 1 23 30 54 1 35 52 66 1 0 88 81 1 41 32 73 1 0 36 74 1 0 0 0 0 43 38 65 1 3 67 76 1 50 49 71 1 18 32 76 1 17 73 70 1 15 49 49 1 14 84 62 1 0 55 36 1 47 61 75 1 8 40 58 1 65 52 73 1 26 42 52 1 55 58 52 1 0 0 0 0 8 48 16 1 9 34 64 1 51 61 56 1 21 29 61 1 54 25 59 1 43 41 22 1 11 33 103 1 0 0 0 0 48 25 46 1 50 44 94 1 33 51 40 1 74 43 53 1 64 38 62 1 78 66 42 1 111 33 40 1 100 80 73 1 126 76 57 1 115 62 64 1
44 59 82 1 37 76 73 1 49 39 40 1 53 46 57 1 89 47 47 1 92 38 96 1 93 23 88 1 56 117 49 1 106 47 112 1 89 94 53 1 51 66 71 1 73 33 75 1 86 46 29 1 44 66 87 1 73 28 53 1 35 74 50 1 0 58 43 1 0 63 56 1 14 54 31 1 12 65 40 1 11 58 48 1 12 69 63 1 49 38 69 1 44 66 76 1 43 99 43 1 0 0 0 0 12 28 55 1 8 17 94 1 24 9 58 1 21 50 27 1 36 44 80 1 24 10 98 1 0 0 0 0 42 40 53 1 0 0 0 0 0 0 0 0 24 30 34 1 33 78 66 1 39 61 95 1 53 54 53 1 16 44 89 1 44 100 44 1 53 74 79 1 59 67 65 1 53 21 46 1 0 49 78 1 8 19 66 1 20 77 76 1 47 37 49 1 19 28 66 1 0 56 33 1 35 68 76 1 0 40 50 1 25 66 76 1 54 42 29 1 22 71 50 1 11 37 55 1 20 38 66 1 34 29 50 1 13 57 63 1 0 0 0 0 81 75 57 1 0 0 0 0 87 86 35 1 106 73 56 1 0 0 0 0 97 86 56 1
74 67 75 1 10 43 57 1 16 35 40 1 87 27 51 1 27 40 62 1 100 50 60 1 42 71 77 1 97 105 71 1 54 79 62 1 83 6 79 1 52 27 54 1 32 37 75 1 43 69 73 1 20 46 75 1 13 73 42 1 14 54 84 1 38 37 58 1 21 63 80 1 12 78 31 1 5 57 54 1 33 47 56 1 44 73 39 1 12 25 79 1 5 24 39 1 0 0 0 0 45 56 96 1 30 19 71 1 24 41 86 1 16 77 85 1 35 79 116 1 7 54 75 1 0 46 58 1 4 44 82 1 24 42 44 1 13 85 50 1 0 59 43 1 36 66 98 1 83 71 69 1 0 0 0 0 47 74 70 1 45 41 89 1 56 66 94 1 43 76 96 1 0 0 0 0 4 49 76 1 48 78 74 1 32 39 43 1 0 61 45 1 46 0 73 1 20 46 131 1 17 45 81 1 15 50 13 1 33 66 60 1 26 52 68 1 52 24 81 1 0 60 32 1 28 73 70 1 11 22 61 1 29 5 0 1 44 79 34 1 46 87 66 1 53 72 58 1 0 0 0 0 108 71 32 1 97 65 82 1 100 84 48 1 86 75 80 1
30 68 95 1 21 50 66 1 35 66 49 1 0 0 0 0 45 50 73 1 23 63 80 1 27 104 67 1 45 88 34 1 26 76 71 1 0 0 0 0 4 72 50 1 38 63 66 1 47 58 58 1 24 99 39 1 0 58 27 1 0 0 0 0 36 49 81 1 9 47 45 1 27 48 79 1 18 15 36 1 52 30 84 1 31 58 76 1 10 51 61 1 37 64 29 1 29 59 76 1 4 42 95 1 30 65 49 1 18 95 39 1 0 55 54 1 2 18 88 1 0 89 69 1 19 66 77 1 22 70 80 1 2 57 43 1 13 45 81 1 0 46 101 1 27 54 72 1 0 0 0 0 35 40 75 1 28 66 87 1 60 57 77 1 0 0 0 0 33 64 118 1 72 70 58 1 29 75 32 1 32 34 54 1 0 26 54 1 0 49 77 1 40 59 61 1 38 31 74 1 0 72 73 1 0 0 0 0 37 82 63 1 23 26 85 1 8 63 52 1 33 31 71 1 23 71 37 1 0 62 74 1 37 55 49 1 34 46 52 1 42 52 74 1 73 31 78 1 27 59 31 1 55 42 41 1 120 73 39 1 83 86 43 1 87 102 80 1
12 48 47 1 0 60 100 1 0 60 78 1 28 78 63 1 14 59 59 1 0 0 0 0 0 0 0 0 94 82 66 1 40 106 72 1 67 75 88 1 27 55 39 1 0 0 0 0 0 0 0 0 38 39 94 1 20 78 70 1 22 42 109 1 16 76 45 1 48 45 42 1 0 0 0 0 0 38 75 1 4 31 45 1 11 38 66 1 13 57 65 1 0 0 0 0 41 53 69 1 29 38 38 1 38 42 70 1 63 92 84 1 0 61 88 1 3 9 31 1 0 56 93 1 46 64 55 1 0 26 86 1 26 49 54 1 6 55 90 1 11 10 29 1 0 17 57 1 65 29 60 1 19 26 91 1 32 43 88 1 43 66 89 1 33 94 61 1 88 31 72 1 40 46 59 1 42 79 87 1 14 40 67 1 40 70 71 1 21 46 56 1 1 77 55 1 3 25 47 1 0 0 0 0 30 73 31 1 0 40 58 1 42 41 34 1 52 47 73 1 48 81 83 1 16 29 88 1 8 63 10 1 94 53 44 1 0 0 0 0 49 11 71 1 32 16 58 1 0 0 0 0 72 89 46 1 86 53 6 1 76 66 28 1 56 93 52 1
0 0 0 0 0 51 89 1 12 63 35 1 1 19 57 1 43 50 39 1 15 65 49 1 37 23 77 1 29 93 60 1 0 0 0 0 16 43 79 1 0 0 0 0 21 35 48 1 15 73 48 1 36 51 65 1 0 21 35 1 46 51 69 1 0 49 70 1 24 55 93 1 0 71 59 1 24 52 49 1 18 7 63 1 21 35 84 1 26 82 60 1 22 19 45 1 6 65 76 1 0 0 0 0 5 22 61 1 0 0 0 0 25 54 73 1 24 40 51 1 0 54 92 1 44 67 97 1 53 38 86 1 10 58 63 1 4 65 49 1 14 10 50 1 35 27 62 1 0 0 0 0 58 43 78 1 55 33 62 1 56 63 95 1 63 64 75 1 21 79 80 1 8 48 52 1 10 11 78 1 24 43 51 1 36 16 45 1 14 71 65 1 14 22 47 1 4 62 95 1 7 39 78 1 24 65 55 1 51 13 68 1 20 63 68 1 27 67 65 1 20 45 71 1 13 74 79 1 7 76 74 1 11 60 43 1 20 55 62 1 0 0 0 0 31 124 65 1 38 63 82 1 33 39 66 1 57 73 70 1 45 44 72 1 58 83 47 1
37 106 87 1 1 66 53 1 22 38 64 1 14 62 59 1 28 55 60 1 5 6 28 1 39 47 92 1 0 0 0 0 27 28 61 1 40 43 49 1 32 51 44 1 41 24 75 1 10 22 27 1 33 34 64 1 21 57 54 1 36 55 65 1 39 23 95 1 0 68 64 1 18 59 86 1 0 0 0 0 16 68 67 1 31 61 90 1 0 54 52 1 17 55 17 1 32 50 116 1 9 31 68 1 20 58 60 1 0 0 0 0 36 38 74 1 47 33 109 1 14 76 73 1 24 78 61 1 0 70 30 1 25 90 17 1 55 19 33 1 43 66 54 1 47 43 74 1 71 17 103 1 37 42 114 1 38 65 81 1 57 47 97 1 71 67 64 1 61 66 41 1 18 53 51 1 0 0 0 0 46 34 30 1 35 42 53 1 19 4 74 1 24 31 61 1 5 34 66 1 23 65 43 1 21 36 102 1 4 11 100 1 48 49 89 1 0 0 0 0 22 16 40 1 0 67 32 1 24 62 73 1 34 65 68 1 29 41 39 1 31 23 16 1 39 92 76 1 37 24 39 1 60 37 54 1 58 58 85 1 67 62 57 1 112 77 91 1
46 31 48 1 45 40 62 1 10 66 86 1 6 70 68 1 3 43 88 1 50 47 54 1 28 89 46 1 35 68 56 1 29 54 82 1 0 0 0 0 27 58 43 1 51 18 55 1 2 33 58 1 16 0 53 1 7 49 37 1 0 59 65 1 20 69 94 1 0 66 80 1 19 78 87 1 48 75 89 1 8 32 60 1 0 74 85 1 0 0 0 0 31 27 62 1 0 46 80 1 15 86 61 1 19 64 54 1 0 19 77 1 43 42 61 1 26 56 94 1 34 31 57 1 16 54 23 1 21 57 67 1 9 23 55 1 17 82 53 1 8 32 85 1 10 85 70 1 63 62 60 1 60 46 73 1 40 58 65 1 43 45 73 1 0 72 76 1 77 64 82 1 94 19 64 1 33 89 12 1 26 38 90 1 44 67 60 1 29 24 51 1 20 48 59 1 32 31 63 1 56 54 53 1 0 0 0 0 1 73 46 1 3 51 102 1 43 60 70 1 12 68 53 1 42 67 100 1 71 34 61 1 14 0 90 1 49 61 56 1 28 41 21 1 50 38 52 1 61 46 66 1 19 115 46 1 51 75 99 1 66 80 89 1 77 78 54 1
36 40 28 1 0 0 0 0 10 22 62 1 0 0 0 0 0 40 71 1 41 64 59 1 38 46 75 1 5 13 91 1 26 45 60 1 0 68 58 1 18 52 57 1 42 86 106 1 28 15 70 1 4 63 42 1 3 13 72 1 13 39 74 1 30 56 53 1 42 64 50 1 16 63 59 1 10 18 90 1 20 71 89 1 14 38 94 1 4 34 53 1 13 55 52 1 36 61 64 1 48 51 52 1 17 28 119 1 10 47 84 1 13 75 80 1 45 60 75 1 10 72 65 1 43 49 46 1 0 0 0 0 5 30 60 1 44 88 37 1 1 84 108 1 33 47 64 1 31 50 81 1 0 0 0 0 34 28 66 1 27 61 91 1 20 50 96 1 0 90 80 1 42 7 75 1 84 77 67 1 52 34 39 1 38 62 69 1 54 73 38 1 47 35 40 1 23 36 104 1 72 61 36 1 61 51 88 1 26 55 38 1 36 38 65 1 0 92 80 1 10 61 92 1 20 72 55 1 15 51 85 1 18 63 69 1 32 44 33 1 11 51 52 1 25 45 63 1 34 63 9 1 65 36 32 1 50 61 79 1 78 58 79 1 70 67 39 1
0 31 49 1 0 0 0 0 22 63 57 1 0 0 0 0 11 56 63 1 0 61 94 1 9 25 78 1 0 25 84 1 0 0 0 0 26 32 80 1 39 70 44 1 0 0 0 0 30 38 83 1 43 7 62 1 0 38 82 1 14 42 70 1 19 31 81 1 19 69 92 1 9 45 54 1 21 65 80 1 43 30 87 1 21 79 58 1 28 57 86 1 20 75 73 1 48 72 85 1 35 18 33 1 14 48 63 1 15 42 52 1 35 22 62 1 38 47 85 1 7 63 58 1 1 21 144 1 0 72 57 1 17 33 45 1 10 66 76 1 16 85 70 1 62 25 99 1 50 46 74 1 58 49 81 1 46 42 47 1 37 66 83 1 69 78 55 1 16 44 51 1 42 53 91 1 16 55 56 1 16 50 33 1 31 40 63 1 43 71 39 1 38 44 71 1 10 62 45 1 29 64 79 1 41 27 30 1 49 5 67 1 53 25 48 1 23 16 63 1 9 64 87 1 32 35 112 1 3 33 28 1 0 86 78 1 0 0 0 0 23 53 34 1 25 62 56 1 36 48 41 1 67 14 70 1 43 57 76 1 0 0 0 0 62 97 69 1
44 37 105 1 21 45 60 1 38 10 36 1 27 49 77 1 12 74 66 1 0 0 0 0 8 51 42 1 25 36 53 1 41 35 72 1 7 60 94 1 13 40 27 1 0 48 69 1 19 63 53 1 5 27 37 1 28 62 59 1 0 36 56 1 37 57 48 1 7 55 78 1 36 54 60 1 42 61 87 1 16 42 57 1 33 34 42 1 23 81 88 1 14 22 94 1 34 23 108 1 35 53 59 1 10 31 59 1 16 44 97 1 38 10 97 1 0 30 81 1 48 63 66 1 38 91 55 1 62 97 37 1 17 9 86 1 5 89 54 1 16 39 50 1 32 56 31 1 0 0 0 0 28 22 104 1 11 51 71 1 46 43 21 1 35 74 68 1 32 43 69 1 19 58 61 1 21 43 67 1 21 37 69 1 0 55 82 1 0 69 34 1 0 60 50 1 0 72 45 1 50 32 72 1 13 38 69 1 31 75 62 1 42 47 53 1 18 78 65 1 0 0 0 0 23 51 88 1 0 0 0 0 52 88 97 1 19 64 82 1 5 43 83 1 45 74 80 1 27 35 69 1 0 0 0 0 34 31 67 1 59 75 67 1 60 28 67 1
55 70 62 1 63 72 59 1 5 65 84 1 11 59 78 1 12 50 106 1 6 62 56 1 19 16 96 1 0 34 40 1 24 38 95 1 33 93 49 1 0 88 33 1 29 39 68 1 0 0 0 0 22 74 82 1 0 31 62 1 11 60 68 1 20 66 65 1 17 59 49 1 0 53 40 1 16 64 46 1 29 64 67 1 24 68 87 1 44 67 78 1 0 44 74 1 9 48 44 1 0 23 67 1 34 68 84 1 38 59 66 1 53 37 107 1 45 31 70 1 2 71 74 1 43 62 55 1 10 51 45 1 45 61 95 1 32 37 87 1 35 37 39 1 0 24 56 1 0 0 0 0 5 45 32 1 13 13 71 1 19 28 100 1 0 62 57 1 42 41 79 1 22 62 66 1 10 32 61 1 56 43 62 1 29 79 74 1 0 42 79 1 13 61 65 1 9 38 40 1 22 91 68 1 21 34 101 1 29 51 81 1 48 38 75 1 41 45 62 1 0 54 97 1 0 0 0 0 18 44 69 1 9 4 83 1 18 73 89 1 35 29 67 1 41 46 57 1 0 0 0 0 36 80 53 1 26 44 21 1 80 98 52 1 55 74 41 1
0 0 0 0 76 79 37 1 27 50 35 1 29 58 80 1 0 73 54 1 0 0 0 0 15 62 69 1 35 54 83 1 22 12 55 1 13 50 44 1 4 37 67 1 28 22 62 1 0 69 44 1 41 75 86 1 18 32 77 1 0 0 0 0 52 38 41 1 0 60 86 1 21 46 84 1 15 46 81 1 51 65 59 1 0 64 55 1 13 73 48 1 0 35 56 1 17 26 87 1 0 0 0 0 21 49 53 1 36 52 70 1 0 62 57 1 0 0 0 0 0 68 60 1 61 46 43 1 0 69 80 1 18 81 75 1 56 50 58 1 63 44 91 1 23 34 56 1 21 24 67 1 20 50 51 1 61 39 60 1 37 20 88 1 0 21 74 1 15 35 72 1 4 36 64 1 58 58 94 1 6 67 58 1 0 33 63 1 0 40 21 1 21 40 68 1 28 7 40 1 0 25 26 1 36 59 99 1 38 0 102 1 43 33 68 1 0 81 51 1 17 23 89 1 11 33 59 1 52 11 101 1 22 70 33 1 0 67 95 1 40 84 54 1 46 67 96 1 27 52 33 1 42 32 38 1 40 39 44 1 27 22 38 1 32 79 40 1
23 74 61 1 0 50 72 1 31 87 65 1 43 46 52 1 33 53 109 1 11 80 97 1 40 47 67 1 12 90 51 1 24 44 72 1 0 27 80 1 50 66 66 1 34 67 64 1 60 32 11 1 0 0 0 0 37 43 92 1 48 67 57 1 32 84 78 1 2 23 43 1 0 0 0 0 16 80 55 1 36 24 68 1 29 39 43 1 0 35 63 1 47 61 59 1 0 42 62 1 46 54 20 1 38 66 46 1 0 0 0 0 24 42 48 1 55 44 105 1 30 66 44 1 1 37 109 1 43 68 44 1 15 58 42 1 37 50 29 1 22 54 53 1 0 0 0 0 0 55 82 1 7 16 63 1 4 38 29 1 13 22 60 1 19 46 74 1 19 65 96 1 0 0 0 0 0 71 57 1 0 50 57 1 39 36 58 1 28 32 41 1 17 0 54 1 52 10 28 1 52 65 72 1 4 18 87 1 36 48 71 1 0 33 60 1 13 46 83 1 24 64 73 1 46 50 72 1 14 47 80 1 0 61 104 1 17 27 19 1 42 20 42 1 42 52 38 1 0 0 0 0 1 32 39 1 30 62 83 1 28 7 59 1 21 38 16 1
12 74 84 1 30 51 66 1 2 48 50 1 11 49 83 1 11 63 63 1 14 26 32 1 30 71 49 1 20 49 89 1 48 20 78 1 45 47 11 1 65 15 54 1 24 35 81 1 16 65 35 1 35 36 72 1 0 47 59 1 28 46 40 1 59 74 79 1 24 73 78 1 51 84 46 1 21 19 50 1 38 33 45 1 34 44 33 1 0 9 98 1 64 49 94 1 21 55 48 1 25 51 101 1 39 69 83 1 21 82 81 1 0 30 66 1 0 0 0 0 6 36 30 1 7 106 86 1 30 33 51 1 0 64 68 1 1 69 25 1 32 51 54 1 43 40 79 1 0 0 0 0 23 32 70 1 20 28 93 1 13 37 53 1 41 51 72 1 53 41 33 1 8 40 62 1 23 52 89 1 0 0 0 0 18 12 85 1 26 48 64 1 0 65 79 1 10 54 67 1 24 25 73 1 54 59 64 1 5 28 18 1 23 76 41 1 29 60 80 1 0 0 0 0 0 0 0 0 19 35 68 1 57 26 39 1 0 38 58 1 71 63 35 1 41 42 59 1 38 104 61 1 6 52 29 1 0 0 0 0 50 48 45 1 66 50 78 1
18 35 76 1 0 50 87 1 10 37 61 1 26 48 68 1 8 47 78 1 0 0 0 0 0 0 0 0 36 43 70 1 26 40 84 1 42 37 46 1 7 51 94 1 0 50 62 1 58 32 67 1 16 35 115 1 0 0 0 0 16 63 76 1 0 0 0 0 0 0 0 0 19 32 59 1 0 0 0 0 4 40 113 1 60 65 61 1 10 64 84 1 27 35 49 1 0 40 61 1 29 40 89 1 31 58 67 1 25 43 59 1 13 38 46 1 15 31 32 1 0 80 72 1 1 49 82 1 0 29 70 1 40 96 85 1 37 61 43 1 0 54 93 1 20 71 69 1 0 25 75 1 47 57 82 1 4 54 61 1 15 48 104 1 33 18 51 1 0 0 0 0 25 59 61 1 38 69 90 1 0 0 0 0 23 39 74 1 19 47 100 1 57 48 38 1 1 16 69 1 0 77 89 1 75 52 45 1 14 48 65 1 0 0 0 0 0 0 72 1 35 65 60 1 24 60 74 1 8 26 49 1 17 79 29 1 2 32 40 1 47 12 40 1 0 39 68 1 0 0 0 0 38 50 30 1 0 12 40 1 10 46 36 1 0 0 0 0
0 50 62 1 0 28 70 1 19 15 53 1 13 37 72 1 18 43 43 1 0 83 86 1 0 28 100 1 11 20 45 1 2 57 57 1 38 0 86 1 35 62 50 1 56 61 49 1 24 70 88 1 41 76 86 1 54 42 85 1 28 44 75 1 16 7 70 1 0 0 0 0 43 80 106 1 0 0 0 0 0 0 0 0 33 26 79 1 15 34 50 1 0 0 0 0 26 47 107 1 19 98 72 1 79 33 65 1 35 35 39 1 22 70 38 1 0 54 82 1 57 55 34 1 30 81 83 1 28 53 53 1 51 36 34 1 32 41 63 1 27 36 77 1 35 32 68 1 30 34 95 1 2 27 70 1 0 0 0 0 20 52 74 1 51 21 71 1 0 0 0 0 0 42 55 1 21 63 75 1 9 38 52 1 26 38 89 1 25 55 68 1 29 0 87 1 46 35 37 1 6 47 79 1 26 90 85 1 0 24 85 1 10 42 64 1 5 24 62 1 45 66 72 1 33 57 39 1 42 38 28 1 78 39 60 1 20 60 49 1 0 0 0 0 0 0 0 0 28 61 80 1 0 20 42 1 34 5 78 1 6 93 101 1 24 83 90 1
12 11 71 1 19 34 25 1 0 60 58 1 67 22 69 1 12 52 66 1 32 32 51 1 47 42 70 1 38 12 80 1 0 0 0 0 0 0 0 0 63 6 72 1 2 79 30 1 39 67 101 1 19 36 51 1 15 64 64 1 0 41 76 1 4 55 92 1 81 32 82 1 33 43 61 1 4 39 99 1 46 54 68 1 21 24 48 1 13 56 93 1 29 47 64 1 23 82 54 1 17 72 103 1 0 0 0 0 20 43 32 1 0 0 0 0 0 68 93 1 45 57 63 1 33 14 57 1 0 0 0 0 23 39 67 1 36 54 74 1 33 54 98 1 51 27 64 1 13 37 55 1 17 44 31 1 0 41 82 1 38 40 72 1 65 25 88 1 47 38 21 1 11 78 93 1 47 47 102 1 34 43 40 1 31 46 66 1 0 12 48 1 5 15 71 1 16 0 52 1 52 50 93 1 13 0 77 1 13 70 67 1 46 81 72 1 50 41 75 1 0 0 0 0 44 59 88 1 26 64 59 1 20 24 54 1 10 81 38 1 1 39 30 1 56 32 90 1 0 0 0 0 2 91 58 1 0 0 0 0 30 16 0 1 25 56 89 1
0 55 81 1 12 55 76 1 17 51 49 1 24 43 72 1 27 40 78 1 47 88 43 1 0 66 74 1 0 34 64 1 59 39 81 1 21 31 58 1 0 85 68 1 19 43 61 1 30 2 62 1 0 47 28 1 17 68 45 1 40 38 80 1 44 66 43 1 6 38 89 1 69 76 86 1 16 78 49 1 30 82 70 1 30 5 49 1 42 63 66 1 28 79 77 1 22 48 85 1 29 35 68 1 13 41 53 1 9 77 95 1 24 68 35 1 35 73 30 1 40 68 63 1 25 50 45 1 0 0 0 0 12 32 58 1 24 62 95 1 0 58 74 1 28 49 79 1 36 64 105 1 40 31 58 1 24 58 34 1 36 58 72 1 6 80 90 1 0 24 97 1 18 53 32 1 9 22 76 1 0 57 54 1 44 51 34 1 14 38 75 1 6 19 60 1 33 53 65 1 13 53 54 1 6 52 41 1 21 49 71 1 3 71 22 1 29 41 68 1 35 80 60 1 0 0 0 0 22 54 81 1 40 57 93 1 5 87 47 1 25 66 63 1 0 21 66 1 0 0 0 0 7 56 52 1 17 50 70 1 22 44 66 1 35 46 41 1
28 62 92 1 21 56 72 1 16 31 48 1 35 3 80 1 4 55 88 1 0 0 0 0 28 32 62 1 16 80 55 1 35 29 73 1 3 47 64 1 10 50 82 1 0 0 0 0 0 0 0 0 37 48 53 1 24 75 60 1 25 27 89 1 0 57 73 1 0 22 61 1 0 55 34 1 43 49 47 1 9 29 89 1 22 63 86 1 25 56 75 1 23 35 81 1 1 60 56 1 20 7 107 1 0 0 0 0 45 36 39 1 24 48 53 1 0 0 0 0 24 54 71 1 0 0 0 0 26 79 76 1 9 45 92 1 20 30 56 1 0 0 0 0 45 46 40 1 42 46 61 1 58 20 67 1 13 38 53 1 39 79 28 1 28 53 71 1 49 68 87 1 39 66 75 1 33 18 50 1 0 0 0 0 21 34 47 1 5 27 49 1 21 64 75 1 63 55 57 1 16 59 69 1 16 46 31 1 0 55 38 1 29 46 62 1 32 44 53 1 24 52 77 1 12 48 80 1 25 28 47 1 33 65 82 1 0 58 61 1 12 65 59 1 76 71 59 1 0 0 0 0 29 50 49 1 5 35 23 1 24 34 37 1 44 42 78 1
42 67 85 1 0 56 57 1 10 21 62 1 0 81 56 1 0 31 34 1 37 27 90 1 63 77 36 1 0 58 78 1 34 59 9 1 7 11 79 1 24 25 84 1 38 31 95 1 0 39 42 1 0 71 57 1 0 0 0 0 0 0 78 1 21 38 69 1 17 40 82 1 36 39 105 1 7 39 83 1 40 56 52 1 6 76 94 1 0 0 0 0 0 81 60 1 41 54 67 1 17 48 78 1 17 33 61 1 31 17 100 1 46 71 83 1 5 37 101 1 0 0 0 0 49 43 76 1 40 33 53 1 0 0 0 0 38 44 56 1 6 34 79 1 65 62 62 1 43 39 71 1 28 43 51 1 26 64 68 1 32 58 42 1 25 58 86 1 0 79 110 1 44 56 78 1 0 0 0 0 0 0 0 0 0 47 38 1 0 22 59 1 36 63 69 1 48 27 71 1 0 0 0 0 33 44 82 1 34 34 72 1 10 56 52 1 43 57 66 1 12 6 62 1 26 69 63 1 21 54 91 1 12 78 85 1 19 30 62 1 11 21 37 1 57 69 59 1 23 32 99 1 5 21 76 1 21 58 58 1 24 83 11 1 22 19 22 1
45 19 94 1 22 64 84 1 0 58 45 1 15 49 38 1 0 50 76 1 1 13 82 1 0 25 47 1 56 34 85 1 30 73 71 1 36 54 58 1 44 53 120 1 58 60 41 1 32 39 73 1 0 44 65 1 9 4 39 1 14 62 91 1 17 48 96 1 18 46 71 1 0 40 91 1 0 0 0 0 71 44 44 1 0 36 39 1 46 42 65 1 33 96 74 1 19 24 71 1 31 31 45 1 0 0 0 0 0 75 36 1 5 29 75 1 0 0 0 0 0 61 65 1 0 0 0 0 0 65 68 1 30 60 64 1 0 0 0 0 45 45 95 1 6 30 68 1 3 92 45 1 36 58 77 1 50 31 106 1 0 0 0 0 27 20 30 1 0 44 93 1 36 40 74 1 0 42 72 1 16 57 66 1 49 70 84 1 0 0 0 0 32 37 39 1 20 61 54 1 22 26 46 1 68 22 65 1 4 50 73 1 31 47 80 1 30 52 55 1 45 78 74 1 22 46 80 1 6 41 80 1 56 60 72 1 18 33 65 1 0 76 76 1 33 55 77 1 37 59 50 1 0 22 56 1 0 65 72 1 0 52 86 1 0 67 69 1
0 0 0 0 0 25 75 1 19 12 67 1 20 45 81 1 0 66 57 1 20 66 105 1 19 10 73 1 20 66 104 1 25 47 76 1 0 0 0 0 28 40 102 1 21 59 74 1 30 52 54 1 0 64 96 1 16 43 102 1 35 39 39 1 31 36 83 1 30 40 87 1 26 0 121 1 9 68 97 1 0 0 0 0 0 24 60 1 38 57 71 1 0 59 67 1 0 0 0 0 28 16 92 1 30 57 39 1 13 38 90 1 35 45 100 1 3 60 73 1 0 0 0 0 44 0 77 1 0 0 0 0 38 25 73 1 11 78 72 1 17 33 66 1 54 28 67 1 0 0 0 0 22 56 91 1 26 48 72 1 0 19 67 1 10 10 62 1 3 33 118 1 26 61 82 1 0 0 0 0 29 15 76 1 31 30 75 1 0 20 69 1 9 44 44 1 24 59 74 1 0 33 67 1 16 47 63 1 33 45 60 1 28 46 58 1 28 69 72 1 0 0 0 0 16 88 18 1 26 52 73 1 41 77 105 1 29 42 81 1 17 41 74 1 64 67 43 1 16 49 49 1 50 21 49 1 9 50 63 1 11 44 75 1 3 75 64 1
28 36 81 1 15 45 50 1 20 72 102 1 44 60 31 1 14 53 41 1 75 28 83 1 35 37 12 1 24 47 39 1 0 65 56 1 0 0 0 0 43 55 72 1 31 61 8 1 0 84 59 1 13 64 58 1 12 38 69 1 33 18 57 1 13 3 94 1 0 0 0 0 16 24 47 1 34 23 66 1 0 68 80 1 0 0 0 0 35 38 55 1 21 21 65 1 27 66 33 1 28 68 72 1 0 0 0 0 0 0 0 0 22 62 36 1 57 86 74 1 0 32 81 1 38 71 42 1 27 19 138 1 12 79 64 1 46 40 88 1 52 47 65 1 25 46 71 1 12 54 74 1 41 32 78 1 0 64 53 1 51 66 67 1 18 32 99 1 31 38 76 1 0 0 0 0 26 37 61 1 0 17 94 1 45 59 94 1 44 63 87 1 12 75 60 1 0 55 65 1 0 63 73 1 28 49 107 1 31 31 103 1 8 29 59 1 51 56 32 1 27 70 65 1 0 0 0 0 21 30 80 1 6 81 32 1 12 40 59 1 0 73 72 1 45 69 46 1 26 89 36 1 0 30 82 1 3 48 88 1 41 72 65 1 24 96 115 1
0 32 72 1 26 51 39 1 24 42 91 1 63 43 67 1 19 50 96 1 0 65 51 1 31 29 44 1 0 53 33 1 22 41 84 1 20 46 109 1 19 23 65 1 33 41 85 1 27 40 60 1 0 0 64 1 33 76 61 1 0 75 12 1 25 36 68 1 0 0 0 0 21 0 84 1 0 43 99 1 0 28 74 1 11 64 74 1 0 0 0 0 4 65 60 1 27 74 46 1 40 78 62 1 12 66 61 1 4 54 70 1 57 52 73 1 3 26 71 1 38 65 33 1 0 48 77 1 0 0 0 0 10 64 48 1 27 73 86 1 53 44 47 1 25 38 45 1 38 60 64 1 68 54 72 1 35 57 77 1 38 32 90 1 30 82 72 1 0 18 47 1 0 67 60 1 48 64 91 1 2 73 110 1 0 69 87 1 28 47 33 1 0 53 77 1 31 69 62 1 31 26 47 1 48 40 41 1 44 58 78 1 37 50 81 1 56 5 55 1 45 41 78 1 40 49 59 1 0 39 67 1 0 23 99 1 0 47 50 1 20 18 54 1 13 58 84 1 9 36 86 1 2 61 83 1 23 44 26 1 0 44 76 1 0 62 77 1
39 69 73 1 25 50 55 1 15 42 3 1 0 71 77 1 20 2 80 1 13 47 53 1 3 75 52 1 24 27 16 1 4 58 64 1 11 48 87 1 34 63 76 1 0 63 54 1 47 41 87 1 19 61 55 1 0 78 68 1 20 47 42 1 20 77 48 1 8 0 61 1 3 44 30 1 0 49 27 1 11 29 47 1 0 26 87 1 15 72 76 1 28 37 73 1 34 66 55 1 15 39 49 1 33 70 82 1 19 49 61 1 10 26 82 1 24 7 80 1 36 58 51 1 34 34 67 1 16 41 51 1 36 25 79 1 22 30 66 1 47 47 47 1 1 17 45 1 41 52 69 1 0 51 53 1 0 69 84 1 25 57 80 1 32 16 68 1 0 0 0 0 45 75 53 1 25 31 84 1 24 58 124 1 23 28 67 1 75 30 69 1 32 48 102 1 20 40 65 1 0 59 99 1 41 64 85 1 55 88 76 1 14 24 52 1 57 58 55 1 26 3 72 1 23 12 77 1 20 60 87 1 57 28 102 1 0 0 0 0 17 41 52 1 55 68 86 1 0 0 0 0 41 50 43 1 0 46 71 1 47 52 58 1 0 0 0 0
0 88 85 1 31 73 46 1 33 62 88 1 38 17 59 1 18 47 77 1 54 22 88 1 27 67 45 1 26 33 67 1 0 0 0 0 35 65 92 1 46 79 86 1 32 47 103 1 39 61 90 1 6 62 66 1 12 41 54 1 46 58 81 1 34 46 46 1 0 0 0 0 0 46 72 1 42 59 91 1 4 80 51 1 13 33 43 1 0 66 68 1 35 28 5 1 48 10 48 1 0 0 0 0 21 72 55 1 23 13 78 1 7 11 53 1 17 33 44 1 0 64 61 1 20 83 44 1 0 0 0 0 0 63 99 1 0 73 34 1 42 68 73 1 4 9 69 1 50 17 72 1 51 16 75 1 33 62 81 1 12 62 89 1 0 46 84 1 0 59 78 1 53 77 60 1 25 69 57 1 37 77 65 1 26 31 76 1 0 0 0 0 0 0 0 0 38 29 62 1 20 63 106 1 47 81 117 1 53 62 78 1 23 71 94 1 36 57 68 1 18 48 108 1 31 85 103 1 41 55 77 1 12 99 58 1 12 27 69 1 22 21 67 1 28 43 94 1 0 49 99 1 56 45 53 1 16 32 77 1 47 68 85 1 40 27 29 1
0 0 0 0 61 73 98 1 32 60 111 1 0 38 56 1 0 0 0 0 20 66 39 1 23 33 88 1 37 47 93 1 0 39 79 1 21 42 60 1 0 43 83 1 7 49 47 1 38 95 94 1 0 0 69 1 0 38 68 1 31 45 45 1 41 21 89 1 27 18 31 1 0 0 0 0 20 83 76 1 0 0 0 0 21 39 90 1 40 40 89 1 29 26 110 1 7 54 62 1 57 33 74 1 2 49 62 1 0 0 0 0 0 55 76 1 22 12 80 1 60 37 66 1 50 26 86 1 0 0 0 0 33 39 100 1 19 77 77 1 0 27 75 1 0 78 64 1 6 85 65 1 31 65 97 1 12 48 64 1 10 24 85 1 15 25 38 1 19 41 87 1 3 34 37 1 54 56 61 1 39 62 60 1 71 62 75 1 35 60 60 1 14 69 100 1 54 59 57 1 46 71 110 1 27 64 60 1 7 84 74 1 37 78 37 1 35 65 77 1 30 49 56 1 30 65 86 1 55 69 50 1 35 89 75 1 13 53 68 1 56 87 85 1 29 22 59 1 29 41 71 1 25 47 45 1 24 48 35 1 0 37 82 1 29 83 47 1
0 52 80 1 0 54 50 1 20 73 55 1 30 16 85 1 30 34 77 1 13 32 87 1 36 33 82 1 14 33 61 1 64 63 52 1 0 73 106 1 45 11 54 1 38 56 64 1 5 44 74 1 0 0 0 0 45 23 79 1 54 51 39 1 11 59 66 1 8 51 74 1 28 65 59 1 0 57 53 1 0 38 71 1 21 44 44 1 31 56 51 1 21 66 41 1 41 40 61 1 46 60 68 1 39 27 107 1 0 53 66 1 0 45 95 1 9 25 60 1 7 4 59 1 35 68 69 1 0 0 0 0 13 39 89 1 50 73 36 1 0 74 58 1 51 63 79 1 0 50 18 1 0 0 0 0 29 15 39 1 29 39 53 1 0 0 0 0 23 48 38 1 0 43 68 1 5 45 81 1 0 71 65 1 0 52 49 1 43 49 84 1 0 51 74 1 23 67 88 1 57 47 73 1 56 47 27 1 0 59 81 1 35 43 68 1 8 42 55 1 43 47 71 1 6 32 93 1 34 56 55 1 45 64 15 1 20 6 81 1 0 0 0 0 11 62 41 1 45 36 68 1 21 45 77 1 0 0 0 0 0 14 35 1 46 55 63 1
25 10 80 1 62 19 74 1 9 74 43 1 30 34 77 1 41 28 80 1 27 25 104 1 0 58 62 1 11 60 49 1 25 62 59 1 33 29 85 1 0 0 0 0 14 25 81 1 46 72 74 1 0 29 28 1 0 43 80 1 46 50 58 1 16 80 39 1 15 57 31 1 9 50 77 1 13 41 99 1 9 35 70 1 0 0 0 0 0 0 0 0 10 24 72 1 0 69 123 1 25 58 80 1 22 56 96 1 0 36 77 1 29 54 112 1 0 19 87 1 35 77 39 1 74 32 70 1 18 54 67 1 54 20 61 1 0 0 0 0 29 35 53 1 15 69 45 1 27 32 62 1 4 52 64 1 14 39 71 1 0 33 92 1 0 52 50 1 6 68 70 1 17 43 55 1 80 46 61 1 56 38 78 1 17 32 52 1 8 25 95 1 0 54 75 1 0 0 0 0 3 80 74 1 21 69 50 1 0 0 0 0 0 0 0 0 63 37 100 1 24 38 30 1 35 44 60 1 17 47 62 1 10 33 72 1 0 24 67 1 25 18 55 1 0 38 60 1 0 0 0 0 19 29 65 1 23 80 80 1 54 9 70 1 49 32 101 1
4 64 70 1 0 30 64 1 1 11 76 1 12 33 81 1 8 51 64 1 17 38 50 1 21 41 88 1 32 103 58 1 49 28 62 1 0 3 53 1 0 62 62 1 6 78 37 1 34 57 70 1 30 43 76 1 3 29 48 1 14 43 78 1 4 59 49 1 16 75 58 1 0 46 11 1 24 24 25 1 13 36 94 1 16 43 23 1 0 71 82 1 46 36 60 1 42 92 86 1 14 43 79 1 42 58 61 1 15 63 54 1 31 24 76 1 19 38 78 1 12 40 60 1 76 76 74 1 28 37 60 1 31 48 72 1 39 50 54 1 2 42 70 1 35 18 20 1 42 53 36 1 12 13 94 1 1 42 37 1 24 40 45 1 28 23 52 1 45 0 63 1 48 39 69 1 26 41 33 1 35 62 37 1 34 20 82 1 49 69 45 1 12 59 83 1 14 67 93 1 1 43 21 1 44 68 106 1 72 72 78 1 30 0 76 1 0 0 0 0 41 35 60 1 39 49 71 1 43 59 70 1 0 49 40 1 19 42 76 1 0 0 0 0 0 43 40 1 27 82 45 1 37 58 62 1 0 0 0 0 34 60 75 1 31 48 77 1
32 69 81 1 62 33 73 1 0 50 86 1 0 0 0 0 0 0 0 0 33 34 41 1 39 52 69 1 24 93 78 1 5 29 41 1 19 47 75 1 0 0 0 0 0 36 81 1 0 32 54 1 29 26 56 1 18 66 56 1 18 60 35 1 1 44 66 1 5 50 62 1 13 77 59 1 0 0 0 0 0 0 0 0 0 0 59 1 0 0 0 0 0 25 64 1 41 37 93 1 5 36 38 1 45 23 62 1 26 25 57 1 0 60 64 1 0 42 73 1 57 78 68 1 30 58 63 1 0 0 0 0 13 13 89 1 4 43 56 1 0 0 0 0 0 0 0 0 0 13 72 1 15 17 77 1 5 65 65 1 21 43 39 1 0 0 0 0 0 34 90 1 22 114 61 1 10 68 46 1 29 67 76 1 23 34 85 1 4 65 84 1 10 63 30 1 0 52 82 1 42 61 62 1 34 19 83 1 17 55 64 1 0 0 0 0 0 0 0 0 31 36 56 1 0 33 20 1 39 37 29 1 0 29 40 1 71 19 81 1 14 87 60 1 7 36 33 1 5 50 13 1 22 29 63 1 51 26 56 1 19 17 88 1 0 42 97 1
24 58 74 1 61 57 30 1 43 29 71 1 3 14 96 1 37 61 100 1 57 11 53 1 0 59 81 1 0 0 0 0 29 39 74 1 9 45 74 1 18 46 37 1 14 21 61 1 27 6 84 1 0 44 69 1 0 0 0 0 19 56 60 1 30 69 49 1 34 44 40 1 8 83 75 1 46 62 69 1 39 70 44 1 24 29 70 1 7 32 57 1 0 46 79 1 0 27 57 1 16 68 71 1 36 71 27 1 0 74 44 1 0 30 60 1 19 0 59 1 36 69 95 1 3 55 47 1 27 73 77 1 0 0 0 0 31 86 100 1 0 24 33 1 39 46 57 1 15 81 74 1 7 52 59 1 0 0 0 0 0 36 66 1 25 44 45 1 0 58 41 1 27 57 40 1 0 41 47 1 45 45 106 1 0 53 83 1 16 45 77 1 0 0 0 0 19 59 64 1 7 38 55 1 25 50 55 1 0 0 0 0 14 23 89 1 5 50 44 1 0 0 0 0 13 28 79 1 21 26 72 1 0 0 0 0 42 62 71 1 37 47 41 1 45 86 49 1 56 54 39 1 27 0 72 1 7 41 60 1 6 72 43 1 35 64 45 1
62 64 77 1 10 64 52 1 10 32 51 1 5 64 106 1 0 30 60 1 0 42 79 1 40 47 53 1 34 57 59 1 23 64 80 1 3 60 67 1 0 33 100 1 29 35 51 1 3 19 100 1 5 39 75 1 56 30 72 1 61 40 88 1 11 32 71 1 24 50 75 1 3 58 64 1 20 49 50 1 33 52 57 1 55 67 82 1 0 31 55 1 0 33 44 1 0 0 0 0 21 55 51 1 35 50 138 1 9 70 89 1 15 54 80 1 51 53 60 1 0 47 73 1 2 55 55 1 3 66 87 1 4 56 39 1 72 57 74 1 48 32 113 1 39 71 67 1 0 72 62 1 31 75 65 1 0 28 62 1 23 69 72 1 22 57 69 1 0 0 0 0 0 35 76 1 37 22 90 1 18 26 73 1 0 0 0 0 36 43 82 1 17 53 58 1 30 58 106 1 3 56 60 1 0 31 72 1 46 60 83 1 6 42 98 1 18 61 40 1 0 63 99 1 58 51 81 1 5 56 48 1 34 51 67 1 0 32 79 1 5 62 78 1 42 74 112 1 0 0 0 0 11 79 36 1 0 0 0 0 32 16 52 1 15 21 51 1
0 29 30 1 41 45 45 1 49 18 61 1 10 44 95 1 0 36 31 1 0 64 82 1 0 0 85 1 22 57 58 1 49 65 56 1 13 47 75 1 7 32 35 1 31 31 75 1 0 0 0 0 21 66 82 1 0 0 0 0 10 29 61 1 0 66 52 1 40 71 57 1 0 67 38 1 0 77 85 1 0 27 42 1 7 44 55 1 0 0 0 0 29 69 35 1 39 52 56 1 40 18 45 1 34 19 87 1 8 52 61 1 0 0 0 0 34 55 61 1 15 54 61 1 24 66 122 1 1 29 87 1 0 34 41 1 31 65 42 1 36 45 55 1 0 42 29 1 0 73 51 1 26 55 71 1 28 74 99 1 22 33 24 1 17 68 97 1 33 37 78 1 21 27 85 1 78 34 111 1 65 37 95 1 29 38 53 1 32 53 139 1 5 64 80 1 42 21 66 1 34 65 63 1 0 0 0 0 34 49 65 1 9 49 58 1 3 37 68 1 13 89 63 1 7 74 76 1 26 67 105 1 60 38 23 1 11 44 36 1 6 90 78 1 17 17 69 1 31 19 56 1 0 57 78 1 14 66 69 1 0 0 0 0 19 68 80 1
33 0 114 1 22 30 50 1 0 68 94 1 13 74 55 1 0 0 0 0 14 25 72 1 7 43 67 1 2 38 73 1 0 0 0 0 32 17 86 1 6 2 72 1 0 54 46 1 20 55 36 1 0 48 93 1 5 23 74 1 46 60 33 1 13 17 79 1 0 0 0 0 12 33 51 1 47 40 39 1 35 35 71 1 3 68 37 1 0 26 28 1 49 70 70 1 35 51 91 1 46 61 69 1 0 23 94 1 27 35 71 1 67 30 35 1 47 0 44 1 13 49 105 1 0 45 58 1 34 24 65 1 0 33 87 1 0 34 64 1 19 62 50 1 31 104 24 1 38 61 42 1 8 50 79 1 29 72 62 1 29 41 80 1 0 0 0 0 34 51 78 1 59 22 77 1 28 27 40 1 0 57 96 1 0 62 96 1 35 46 53 1 44 65 48 1 66 28 63 1 75 33 65 1 21 30 82 1 8 58 76 1 39 46 88 1 0 34 67 1 0 0 0 0 19 28 71 1 0 60 72 1 35 10 54 1 0 30 68 1 25 51 103 1 26 32 39 1 37 74 68 1 6 11 63 1 0 0 0 0 0 36 71 1 29 25 70 1
3 31 77 1 0 45 48 1 0 32 65 1 0 0 0 0 16 41 61 1 39 32 79 1 30 77 42 1 0 53 98 1 3 98 95 1 42 72 81 1 7 33 87 1 9 29 100 1 20 48 58 1 21 31 75 1 7 18 60 1 34 36 21 1 17 52 65 1 0 0 0 0 0 28 53 1 0 46 87 1 44 42 26 1 13 21 48 1 36 33 47 1 36 58 26 1 22 73 63 1 40 48 70 1 0 43 59 1 4 51 72 1 6 73 40 1 0 44 47 1 5 74 21 1 0 38 58 1 20 67 67 1 32 14 68 1 0 41 63 1 10 69 93 1 20 61 55 1 0 38 42 1 4 27 55 1 23 42 27 1 0 47 32 1 37 62 67 1 0 57 80 1 24 4 89 1 25 50 68 1 0 11 55 1 54 64 97 1 58 44 74 1 37 59 73 1 31 40 46 1 78 65 72 1 0 78 76 1 17 36 97 1 28 46 83 1 0 0 0 0 51 61 54 1 12 62 34 1 13 43 83 1 0 20 66 1 26 66 58 1 16 48 88 1 0 51 55 1 22 53 86 1 0 0 0 0 17 70 65 1 13 34 50 1 24 43 66 1
17 19 83 1 0 51 63 1 21 35 90 1 11 47 77 1 48 31 5 1 41 45 96 1 10 36 61 1 37 51 77 1 38 41 86 1 10 21 97 1 53 0 16 1 0 30 70 1 31 60 59 1 0 47 44 1 0 63 42 1 48 30 33 1 47 69 55 1 53 53 59 1 12 80 67 1 55 77 59 1 15 69 75 1 0 54 68 1 53 56 66 1 0 0 0 0 27 41 28 1 16 12 45 1 41 45 69 1 26 91 81 1 45 45 95 1 8 42 85 1 4 71 66 1 6 41 67 1 6 87 97 1 19 48 65 1 0 0 0 0 49 58 42 1 23 69 66 1 15 67 54 1 12 63 20 1 38 51 36 1 14 46 49 1 22 62 70 1 34 70 54 1 56 80 83 1 14 37 66 1 15 64 69 1 29 44 73 1 41 76 80 1 36 72 100 1 37 39 56 1 0 0 0 0 11 39 82 1 0 0 0 0 36 20 119 1 19 0 46 1 0 57 78 1 0 4 89 1 35 30 84 1 34 55 82 1 0 68 89 1 43 51 42 1 86 90 66 1 48 66 27 1 2 32 66 1 5 23 75 1 51 1 97 1 11 66 84 1
0 10 93 1 2 20 72 1 58 70 46 1 25 76 75 1 32 72 31 1 0 45 84 1 0 0 0 0 38 78 54 1 14 37 68 1 0 0 0 0 0 0 0 0 13 74 80 1 0 36 102 1 17 34 75 1 40 29 58 1 6 27 108 1 40 68 64 1 22 17 86 1 0 27 85 1 21 38 70 1 24 36 87 1 0 50 88 1 0 15 58 1 53 47 83 1 56 42 29 1 29 39 56 1 17 37 69 1 0 41 66 1 40 36 64 1 28 67 58 1 23 85 34 1 17 64 48 1 20 52 40 1 8 41 69 1 19 26 73 1 0 32 57 1 0 23 75 1 0 70 87 1 30 41 35 1 24 31 84 1 42 37 44 1 81 90 79 1 12 75 46 1 6 94 72 1 0 65 114 1 18 24 74 1 0 58 73 1 0 43 67 1 19 43 56 1 0 22 57 1 42 49 67 1 0 17 87 1 16 17 86 1 73 56 53 1 27 73 111 1 0 0 0 0 23 48 66 1 22 24 91 1 23 41 71 1 22 100 97 1 31 57 72 1 40 39 38 1 48 55 79 1 0 0 0 0 4 51 40 1 46 47 36 1 13 44 30 1
0 0 0 0 23 96 87 1 30 90 80 1 38 52 49 1 0 55 92 1 0 16 104 1 27 63 63 1 69 40 78 1 16 38 72 1 27 13 39 1 15 14 72 1 49 46 84 1 0 58 96 1 27 34 96 1 13 32 64 1 0 57 74 1 0 12 52 1 9 65 52 1 35 25 84 1 6 38 65 1 23 65 62 1 0 61 96 1 27 50 30 1 25 53 74 1 24 73 73 1 0 0 0 0 0 0 0 0 0 0 0 0 8 18 68 1 0 34 33 1 6 62 30 1 28 49 40 1 30 6 60 1 31 32 40 1 25 50 42 1 20 63 72 1 24 60 58 1 29 49 42 1 27 36 65 1 17 56 45 1 0 0 0 0 29 45 52 1 13 47 77 1 35 59 80 1 53 48 63 1 8 34 85 1 13 20 85 1 0 45 51 1 0 0 0 0 27 45 46 1 0 83 68 1 41 26 69 1 26 67 66 1 21 59 70 1 34 11 68 1 60 48 51 1 25 54 44 1 28 23 35 1 15 82 106 1 18 87 42 1 22 60 61 1 2 64 44 1 7 53 103 1 15 42 76 1 34 27 67 1 49 19 54 1 3 16 51 1
0 46 34 1 6 40 43 1 3 27 40 1 18 34 76 1 20 64 80 1 43 0 78 1 11 16 63 1 5 41 47 1 20 60 62 1 23 85 63 1 0 87 103 1 14 63 78 1 39 62 78 1 0 38 83 1 0 79 66 1 0 0 0 0 13 57 50 1 35 63 59 1 29 52 87 1 27 6 46 1 0 27 86 1 0 38 75 1 40 85 34 1 0 0 0 0 31 82 67 1 46 36 75 1 34 47 42 1 30 76 47 1 59 26 70 1 18 24 34 1 48 63 24 1 18 28 73 1 12 58 94 1 5 54 78 1 0 0 0 0 48 91 91 1 71 20 78 1 55 76 32 1 27 57 60 1 49 79 68 1 1 71 91 1 48 66 88 1 24 59 100 1 58 55 95 1 0 61 82 1 35 56 79 1 10 45 71 1 15 55 68 1 0 0 0 0 24 75 60 1 0 0 0 0 29 46 48 1 57 60 57 1 23 25 47 1 27 39 41 1 0 0 0 0 15 12 40 1 54 35 55 1 4 63 38 1 0 0 0 0 23 26 47 1 0 0 0 0 0 0 0 0 64 55 52 1 91 59 84 1 31 50 60 1 57 79 73 1
21 11 68 1 44 53 83 1 54 10 89 1 36 62 35 1 29 50 92 1 0 48 78 1 8 15 83 1 0 76 60 1 31 60 38 1 38 65 77 1 21 51 61 1 16 79 60 1 3 27 54 1 0 41 57 1 18 30 76 1 46 29 77 1 0 0 0 0 0 45 57 1 30 64 79 1 21 41 38 1 4 33 80 1 62 14 68 1 41 54 74 1 0 53 78 1 0 53 56 1 26 38 79 1 24 29 73 1 16 74 37 1 26 69 63 1 53 56 68 1 29 88 90 1 29 20 68 1 0 0 0 0 4 58 81 1 0 70 48 1 21 35 51 1 6 50 73 1 13 62 85 1 0 0 0 0 30 20 58 1 0 64 108 1 0 0 0 0 13 65 44 1 0 0 0 0 0 76 68 1 48 32 65 1 20 86 80 1 7 8 49 1 10 41 81 1 27 62 109 1 53 51 87 1 0 0 0 0 6 59 47 1 7 55 70 1 38 21 62 1 11 46 80 1 55 41 45 1 29 32 55 1 38 39 87 1 0 47 79 1 34 44 43 1 52 63 61 1 40 42 25 1 25 66 43 1 19 72 63 1 63 60 58 1 0 0 0 0
0 0 0 0 1 0 49 1 13 42 81 1 32 42 102 1 29 69 56 1 13 44 42 1 12 43 47 1 44 23 56 1 12 25 47 1 3 87 74 1 13 61 41 1 29 50 67 1 0 44 97 1 35 28 67 1 0 39 67 1 35 46 92 1 0 26 84 1 43 65 69 1 33 55 63 1 25 13 82 1 0 72 99 1 5 15 64 1 20 12 95 1 46 32 70 1 31 40 53 1 0 50 76 1 31 63 101 1 14 55 74 1 32 56 76 1 27 44 59 1 32 30 71 1 9 50 88 1 17 30 80 1 0 0 0 0 0 0 0 0 56 37 48 1 35 52 22 1 5 53 60 1 7 45 67 1 13 68 40 1 51 98 84 1 33 53 89 1 17 58 52 1 0 53 45 1 33 53 98 1 35 95 40 1 22 46 79 1 6 25 89 1 30 92 48 1 30 37 40 1 50 4 62 1 0 0 0 0 9 76 55 1 0 0 0 0 38 38 50 1 10 20 53 1 35 65 105 1 78 39 103 1 12 69 62 1 55 88 68 1 0 0 0 0 71 57 55 1 25 38 21 1 77 65 34 1 35 76 44 1 43 91 67 1 0 0 0 0
0 0 0 0 0 24 38 1 0 25 72 1 20 62 55 1 25 47 91 1 10 22 43 1 42 48 64 1 25 48 44 1 14 29 61 1 62 27 82 1 41 29 59 1 57 30 56 1 27 40 85 1 0 0 0 0 5 84 44 1 5 25 37 1 28 37 88 1 10 24 36 1 31 20 76 1 0 0 0 0 36 2 72 1 60 50 76 1 0 20 51 1 56 55 57 1 1 64 62 1 11 51 82 1 0 19 101 1 4 10 38 1 58 43 58 1 0 47 57 1 9 33 46 1 32 33 44 1 0 49 76 1 12 52 79 1 10 27 37 1 23 24 33 1 16 38 2 1 7 42 70 1 4 59 82 1 35 40 70 1 23 63 98 1 30 55 34 1 18 44 48 1 30 34 110 1 0 0 0 0 0 0 0 0 68 34 34 1 37 63 53 1 28 65 76 1 32 82 51 1 0 71 57 1 0 53 98 1 46 71 53 1 42 58 41 1 16 52 94 1 74 60 27 1 73 64 75 1 25 75 42 1 72 94 73 1 67 66 56 1 76 50 30 1 33 39 58 1 97 85 65 1 82 74 67 1 95 71 67 1 95 79 35 1 81 69 81 1
0 58 79 1 30 44 68 1 39 14 51 1 0 80 50 1 0 41 50 1 5 47 66 1 41 29 62 1 22 67 65 1 8 85 61 1 19 22 47 1 0 36 96 1 14 30 115 1 15 53 88 1 45 56 71 1 0 65 65 1 33 55 56 1 11 19 71 1 25 23 33 1 17 15 58 1 0 50 76 1 34 35 79 1 23 0 43 1 2 19 31 1 0 23 100 1 37 40 92 1 28 67 87 1 27 32 101 1 13 59 87 1 0 46 84 1 5 72 94 1 0 0 0 0 14 31 35 1 0 72 61 1 0 0 0 0 5 81 39 1 0 0 0 0 18 35 68 1 22 71 88 1 14 76 20 1 12 40 54 1 32 67 102 1 25 0 26 1 51 70 32 1 0 0 0 0 0 0 0 0 18 40 70 1 48 42 61 1 40 76 31 1 72 87 66 1 20 64 73 1 55 80 42 1 45 87 69 1 43 75 89 1 24 74 46 1 29 76 98 1 47 67 77 1 31 51 68 1 32 79 32 1 30 88 90 1 76 53 61 1 22 62 60 1 94 58 49 1 72 77 34 1 48 71 47 1 76 68 109 1 92 77 76 1 41 102 57 1
38 67 31 1 0 70 29 1 44 35 55 1 9 44 34 1 34 15 88 1 32 31 51 1 12 56 29 1 0 34 54 1 0 11 86 1 18 37 97 1 28 48 71 1 0 0 0 0 17 37 62 1 36 20 72 1 3 43 70 1 0 52 53 1 14 45 44 1 0 0 0 0 4 39 63 1 15 55 73 1 34 32 64 1 21 68 50 1 28 69 132 1 32 48 99 1 0 44 100 1 50 32 58 1 59 37 64 1 37 74 71 1 40 56 54 1 34 37 61 1 16 45 82 1 28 36 96 1 24 63 69 1 22 58 40 1 23 60 68 1 17 99 17 1 41 44 36 1 52 45 78 1 27 79 59 1 41 53 88 1 14 21 121 1 17 37 72 1 30 58 82 1 27 46 68 1 62 65 84 1 27 62 106 1 59 7 78 1 20 65 47 1 62 53 40 1 0 0 0 0 80 72 65 1 67 95 76 1 74 55 40 1 87 42 73 1 35 91 57 1 52 68 62 1 62 93 81 1 95 74 60 1 63 106 87 1 76 85 40 1 80 50 62 1 69 90 99 1 70 86 85 1 89 61 29 1 83 72 93 1 84 99 45 1 78 100 47 1
0 32 101 1 0 0 0 0 0 72 51 1 23 26 66 1 0 20 53 1 15 34 59 1 18 50 97 1 0 38 76 1 0 100 68 1 65 10 42 1 0 56 82 1 20 34 49 1 30 50 80 1 57 64 81 1 0 0 0 0 0 23 52 1 8 74 34 1 50 41 33 1 0 0 0 0 0 0 0 0 0 44 89 1 0 52 62 1 17 57 80 1 3 0 86 1 101 46 45 1 21 54 66 1 0 32 85 1 39 32 53 1 39 19 23 1 46 11 63 1 34 55 52 1 31 74 111 1 18 22 42 1 22 41 97 1 17 35 73 1 44 34 74 1 43 39 25 1 16 24 62 1 22 46 52 1 40 62 96 1 49 53 81 1 0 68 69 1 0 62 106 1 26 63 44 1 0 0 0 0 0 36 42 1 28 55 47 1 37 63 12 1 104 55 32 1 98 50 68 1 40 52 52 1 71 27 43 1 88 50 70 1 85 83 60 1 65 64 22 1 59 58 50 1 54 44 27 1 0 0 0 0 60 45 42 1 83 73 51 1 0 0 0 0 81 68 44 1 109 86 69 1 122 81 66 1 109 95 80 1 96 60 74 1 75 65 33 1
13 44 92 1 19 54 50 1 3 42 29 1 53 29 81 1 27 19 29 1 6 75 31 1 0 55 92 1 23 54 68 1 0 65 21 1 25 50 56 1 19 33 83 1 0 44 27 1 0 0 0 0 0 57 96 1 0 0 0 0 5 70 28 1 50 57 43 1 20 72 19 1 18 27 91 1 9 38 74 1 18 47 69 1 18 57 81 1 33 14 83 1 46 43 66 1 0 36 84 1 21 42 52 1 0 76 84 1 0 0 0 0 29 33 87 1 20 27 82 1 14 43 88 1 0 36 51 1 11 50 45 1 79 47 99 1 46 85 80 1 0 0 0 0 9 59 57 1 31 44 65 1 26 38 40 1 0 41 99 1 3 27 82 1 39 61 117 1 60 57 54 1 11 59 18 1 21 18 28 1 50 55 9 1 22 36 24 1 71 26 38 1 67 55 45 1 57 37 33 1 46 85 89 1 78 70 64 1 106 85 62 1 27 101 74 1 126 76 41 1 29 68 84 1 88 73 91 1 114 94 49 1 47 101 37 1 92 81 46 1 66 88 81 1 97 93 76 1 0 0 0 0 88 77 57 1 90 81 46 1 111 113 48 1 111 37 58 1
0 12 31 1 32 68 33 1 45 31 47 1 0 0 0 0 22 42 72 1 0 0 0 0 0 47 68 1 39 75 69 1 0 56 59 1 18 50 110 1 15 64 45 1 35 45 88 1 42 75 75 1 0 25 102 1 0 35 48 1 23 16 63 1 1 37 55 1 0 0 0 0 9 73 29 1 75 49 82 1 30 76 97 1 21 27 96 1 53 48 88 1 9 114 63 1 39 47 96 1 0 15 66 1 44 51 53 1 19 23 84 1 33 39 78 1 41 80 63 1 16 53 80 1 10 89 112 1 15 48 79 1 28 23 68 1 37 18 60 1 6 78 53 1 4 82 69 1 0 60 70 1 0 0 0 0 0 0 0 0 0 62 52 1 32 80 73 1 0 61 79 1 44 44 43 1 0 14 24 1 41 33 20 1 0 0 0 0 65 56 45 1 68 64 89 1 41 85 59 1 81 81 47 1 108 101 31 1 77 64 46 1 147 77 64 1 118 96 55 1 0 0 0 0 84 101 57 1 90 97 62 1 59 79 26 1 60 75 64 1 127 95 44 1 87 96 58 1 114 96 37 1 84 70 49 1 0 0 0 0 94 65 73 1 64 70 48 1
17 38 64 1 37 86 77 1 24 57 102 1 19 58 48 1 31 21 41 1 30 68 53 1 10 53 72 1 41 50 71 1 45 29 50 1 29 98 93 1 26 42 49 1 10 15 89 1 30 49 81 1 15 44 81 1 39 57 71 1 80 18 48 1 17 65 27 1 44 18 46 1 0 0 0 0 0 36 47 1 0 3 64 1 7 50 77 1 17 17 91 1 0 0 0 0 41 36 39 1 0 0 0 0 46 79 41 1 8 35 82 1 15 66 60 1 0 78 93 1 33 64 27 1 41 58 68 1 31 66 57 1 33 20 83 1 0 30 57 1 15 59 66 1 0 0 0 0 42 31 65 1 0 43 23 1 17 47 58 1 4 60 71 1 18 23 36 1 0 47 117 1 12 48 44 1 26 53 80 1 35 54 97 1 54 67 110 1 95 32 34 1 42 64 43 1 0 0 0 0 87 85 37 1 107 69 71 1 34 44 57 1 64 104 73 1 0 0 0 0 76 55 31 1 80 42 50 1 111 59 22 1 71 74 73 1 129 27 56 1 72 72 44 1 105 81 42 1 0 0 0 0 87 75 63 1 111 82 63 1 59 96 69 1 116 104 66 1
20 67 49 1 45 46 102 1 33 55 45 1 0 62 90 1 1 61 90 1 0 22 83 1 0 93 97 1 23 39 106 1 10 66 74 1 9 57 20 1 30 83 56 1 15 65 50 1 0 68 60 1 23 73 58 1 9 90 46 1 21 60 50 1 3 51 58 1 50 69 85 1 33 3 35 1 19 95 57 1 21 64 71 1 23 66 85 1 25 34 38 1 32 77 53 1 9 44 99 1 11 29 46 1 32 18 44 1 18 19 61 1 49 76 87 1 2 90 85 1 0 0 0 0 31 41 52 1 8 66 93 1 0 45 72 1 48 39 55 1 18 60 63 1 24 40 70 1 0 42 66 1 20 48 97 1 0 48 35 1 5 46 3 1 17 73 63 1 27 48 31 1 55 30 87 1 61 68 94 1 47 43 83 1 62 59 86 1 79 83 85 1 94 57 69 1 69 51 90 1 42 93 54 1 0 0 0 0 91 98 44 1 86 63 27 1 0 0 0 0 149 65 78 1 94 73 31 1 47 60 39 1 121 109 77 1 0 0 0 0 80 54 71 1 126 53 52 1 64 37 34 1 107 88 47 1 111 71 8 1 0 0 0 0 69 44 0 1
0 0 0 0 18 68 53 1 17 12 102 1 5 64 59 1 33 35 87 1 52 53 49 1 8 76 22 1 4 42 34 1 0 0 0 0 29 39 91 1 0 75 61 1 47 35 63 1 25 74 61 1 53 3 79 1 44 46 70 1 24 40 71 1 22 56 51 1 0 0 0 0 26 54 28 1 54 52 44 1 0 32 87 1 7 50 64 1 33 52 60 1 0 0 0 0 39 69 62 1 29 48 95 1 20 71 96 1 11 54 110 1 19 43 59 1 25 71 74 1 25 22 72 1 23 16 46 1 21 71 74 1 23 33 79 1 22 50 43 1 17 90 113 1 18 66 89 1 0 0 0 0 12 44 68 1 23 55 64 1 19 62 80 1 0 0 0 0 14 54 50 1 0 0 0 0 35 2 76 1 72 30 46 1 79 63 40 1 48 74 31 1 72 88 74 1 54 32 62 1 68 71 80 1 62 72 69 1 70 64 18 1 90 68 65 1 51 71 41 1 0 0 0 0 86 52 54 1 0 0 0 0 78 73 22 1 84 65 72 1 81 60 62 1 0 0 0 0 52 79 44 1 87 103 57 1 62 79 40 1 0 0 0 0 90 61 35 1
4 58 80 1 26 0 55 1 34 39 65 1 40 62 69 1 33 60 83 1 0 28 29 1 23 28 82 1 0 59 95 1 19 54 89 1 65 59 51 1 24 70 70 1 33 50 89 1 0 30 51 1 0 45 61 1 46 40 99 1 56 8 71 1 39 57 72 1 0 0 0 0 40 64 67 1 0 35 67 1 0 0 0 0 30 68 71 1 27 72 95 1 50 84 53 1 16 81 87 1 36 46 57 1 0 0 0 0 17 80 68 1 0 38 41 1 18 32 75 1 40 33 87 1 3 71 52 1 0 63 106 1 0 0 0 0 27 31 43 1 13 22 87 1 12 65 88 1 31 70 41 1 17 84 44 1 9 56 73 1 53 40 71 1 58 71 35 1 0 37 15 1 77 61 26 1 33 48 63 1 27 90 52 1 75 69 60 1 0 0 0 0 80 70 47 1 62 63 37 1 84 42 50 1 64 79 67 1 64 55 44 1 78 31 60 1 57 85 28 1 87 50 50 1 82 48 48 1 78 40 52 1 68 39 40 1 98 72 76 1 82 50 52 1 58 91 70 1 75 31 39 1 56 75 39 1 128 88 51 1 66 87 23 1 70 101 41 1
21 41 110 1 13 47 73 1 32 0 118 1 3 57 45 1 30 104 82 1 51 67 67 1 2 54 73 1 31 48 100 1 20 39 73 1 28 29 69 1 27 58 98 1 37 51 61 1 0 0 0 0 37 46 61 1 0 0 0 0 33 47 43 1 26 57 53 1 0 30 79 1 25 52 44 1 0 44 73 1 18 69 32 1 42 41 66 1 5 53 84 1 0 93 69 1 7 78 80 1 0 48 28 1 0 48 80 1 10 56 71 1 60 62 58 1 38 43 50 1 0 0 0 0 5 43 61 1 49 30 60 1 9 59 34 1 33 76 99 1 15 60 67 1 26 117 85 1 24 64 131 1 10 46 89 1 47 49 30 1 48 22 48 1 43 58 21 1 0 0 0 0 0 0 0 0 48 46 63 1 79 81 59 1 44 65 115 1 44 77 81 1 86 48 83 1 100 44 52 1 40 43 27 1 83 35 48 1 78 69 53 1 43 40 25 1 57 101 73 1 94 45 56 1 79 102 71 1 0 0 0 0 61 67 41 1 90 55 70 1 65 71 73 1 87 76 100 1 64 68 53 1 0 0 0 0 92 69 33 1 37 112 20 1 63 68 25 1
0 0 0 0 46 68 70 1 0 0 0 0 52 94 112 1 0 0 0 0 0 0 0 0 21 44 77 1 27 8 83 1 17 0 60 1 15 3 41 1 0 81 75 1 34 76 66 1 38 44 40 1 55 19 80 1 35 45 104 1 22 17 25 1 0 54 51 1 33 32 69 1 0 0 0 0 38 31 56 1 7 61 91 1 17 34 53 1 2 39 91 1 23 14 86 1 10 42 79 1 31 93 93 1 0 0 0 0 0 73 66 1 0 0 0 0 25 42 66 1 29 39 60 1 43 20 88 1 61 61 84 1 12 51 66 1 0 13 61 1 0 84 41 1 50 26 67 1 34 46 31 1 22 67 77 1 21 28 51 1 19 32 67 1 26 0 30 1 45 48 60 1 0 50 60 1 0 0 0 0 30 36 55 1 59 48 71 1 52 96 45 1 84 44 54 1 44 66 54 1 81 56 31 1 43 103 48 1 71 81 85 1 0 0 0 0 43 49 33 1 0 0 0 0 64 68 47 1 83 69 36 1 52 81 80 1 49 76 86 1 111 73 110 1 98 92 62 1 97 83 86 1 70 75 45 1 53 94 41 1 60 74 43 1 76 115 47 1
21 41 63 1 26 39 46 1 46 56 57 1 23 27 75 1 28 64 116 1 22 23 57 1 0 52 90 1 20 51 103 1 26 44 87 1 15 56 91 1 42 95 88 1 28 0 54 1 0 72 75 1 0 72 77 1 44 27 63 1 19 46 71 1 0 0 0 0 51 48 19 1 33 55 72 1 36 42 57 1 21 57 78 1 0 77 60 1 0 57 79 1 67 53 103 1 43 45 76 1 0 71 68 1 0 76 57 1 0 0 0 0 29 55 68 1 0 41 64 1 26 61 53 1 45 48 52 1 39 52 73 1 10 36 79 1 27 13 67 1 0 0 0 0 31 53 103 1 45 69 35 1 6 45 71 1 5 18 68 1 9 41 61 1 43 36 74 1 93 61 97 1 54 59 33 1 88 40 64 1 0 0 0 0 54 34 51 1 26 59 73 1 91 88 63 1 77 101 40 1 80 34 70 1 79 43 55 1 92 110 57 1 71 50 80 1 92 46 50 1 47 69 34 1 47 46 85 1 0 0 0 0 48 46 65 1 25 103 86 1 111 105 20 1 23 59 46 1 45 59 64 1 49 46 73 1 8 43 39 1 45 29 90 1 23 43 59 1
4 32 45 1 0 0 0 0 17 14 67 1 28 49 58 1 13 48 111 1 17 19 100 1 0 47 77 1 26 29 90 1 18 52 39 1 33 50 58 1 0 53 89 1 38 56 81 1 0 65 111 1 11 55 65 1 59 38 75 1 29 59 108 1 8 69 101 1 0 49 55 1 71 55 66 1 17 67 62 1 14 52 30 1 14 38 75 1 0 60 68 1 0 0 0 0 50 60 75 1 53 84 38 1 7 65 54 1 0 77 83 1 81 35 135 1 54 55 47 1 20 47 80 1 0 58 100 1 26 40 103 1 27 68 78 1 18 27 54 1 0 0 0 0 25 48 63 1 0 52 73 1 10 51 62 1 6 6 36 1 21 40 57 1 41 45 63 1 0 0 0 0 0 83 80 1 64 43 61 1 73 37 78 1 45 75 49 1 65 61 57 1 37 100 87 1 49 37 45 1 46 77 51 1 47 59 72 1 50 53 62 1 93 77 58 1 10 72 28 1 30 17 39 1 28 52 39 1 40 43 26 1 51 84 29 1 59 22 45 1 47 55 66 1 0 0 0 0 36 53 7 1 54 70 44 1 76 83 44 1 52 72 39 1 17 70 30 1
64 29 84 1 24 44 97 1 13 70 52 1 0 48 70 1 0 0 0 0 27 52 65 1 35 58 50 1 57 17 59 1 29 29 80 1 14 26 95 1 12 38 103 1 15 98 68 1 30 39 53 1 19 55 63 1 1 87 72 1 42 9 80 1 22 21 69 1 56 9 46 1 15 63 57 1 0 0 0 0 7 52 57 1 36 55 57 1 26 52 20 1 26 59 80 1 0 0 0 0 57 63 77 1 10 60 55 1 0 56 65 1 37 60 71 1 18 70 98 1 26 26 64 1 22 48 40 1 24 68 68 1 6 70 59 1 23 48 72 1 0 38 87 1 11 37 26 1 0 28 79 1 15 23 37 1 36 42 52 1 47 80 15 1 19 45 52 1 56 65 32 1 14 52 26 1 41 74 47 1 55 53 42 1 41 77 36 1 5 81 77 1 46 67 63 1 43 50 43 1 0 0 0 0 55 38 23 1 39 30 56 1 34 74 63 1 40 49 60 1 0 0 0 0 58 25 48 1 0 69 22 1 69 49 47 1 83 48 57 1 27 47 65 1 0 0 0 0 0 0 0 0 17 37 53 1 70 43 47 1 45 55 46 1 19 63 45 1
0 20 47 1 0 0 0 0 0 0 0 0 9 34 77 1 44 54 83 1 25 15 68 1 44 95 65 1 8 76 86 1 34 53 69 1 0 78 92 1 24 51 69 1 8 54 55 1 18 23 51 1 21 63 85 1 30 57 85 1 16 52 13 1 14 46 68 1 0 0 0 0 49 70 44 1 15 38 69 1 27 24 47 1 15 70 51 1 11 50 86 1 4 8 69 1 32 85 91 1 63 101 68 1 36 32 59 1 36 64 47 1 6 28 123 1 29 50 66 1 28 41 72 1 17 50 81 1 36 33 60 1 1 40 57 1 25 49 65 1 0 63 86 1 1 74 103 1 54 21 2 1 33 118 42 1 26 32 93 1 10 96 68 1 38 17 55 1 52 36 15 1 32 54 69 1 65 38 69 1 22 35 34 1 48 54 44 1 40 54 95 1 25 57 71 1 32 60 68 1 0 0 0 0 23 53 53 1 25 19 70 1 13 53 57 1 32 73 65 1 49 32 61 1 13 23 36 1 56 47 73 1 0 0 0 0 30 53 37 1 49 42 59 1 21 28 82 1 0 0 0 0 0 0 0 0 22 62 12 1 17 46 52 1 57 75 56 1
1 41 46 1 46 39 49 1 0 61 45 1 23 99 102 1 13 16 77 1 31 75 93 1 0 82 83 1 28 57 36 1 35 53 47 1 0 53 60 1 18 57 92 1 0 51 66 1 12 28 80 1 11 59 26 1 32 0 55 1 27 67 78 1 21 110 53 1 60 46 74 1 23 75 47 1 4 42 63 1 22 85 46 1 33 67 57 1 1 10 65 1 27 71 54 1 47 30 53 1 37 38 77 1 0 43 66 1 25 46 48 1 0 10 81 1 40 39 76 1 22 48 96 1 48 68 61 1 13 82 68 1 7 0 91 1 43 34 78 1 5 41 75 1 0 45 90 1 16 78 55 1 25 9 59 1 0 0 0 0 0 38 27 1 33 54 64 1 42 28 43 1 26 76 102 1 69 51 36 1 31 17 67 1 30 35 50 1 48 91 55 1 34 40 73 1 0 42 40 1 45 25 40 1 18 2 63 1 10 33 75 1 35 71 91 1 0 48 44 1 34 53 43 1 70 41 40 1 71 55 45 1 0 60 66 1 41 32 44 1 44 0 44 1 26 55 70 1 19 63 67 1 40 39 56 1 55 59 97 1 23 59 16 1 35 31 58 1
42 8 78 1 49 46 91 1 0 0 0 0 6 65 103 1 37 56 74 1 28 74 62 1 0 74 33 1 16 40 70 1 20 75 54 1 32 44 86 1 45 65 58 1 11 57 17 1 0 54 58 1 22 74 82 1 26 15 50 1 32 81 94 1 21 0 32 1 48 9 44 1 16 40 53 1 2 40 52 1 46 38 89 1 0 95 88 1 11 54 57 1 0 60 34 1 7 58 81 1 17 32 81 1 0 83 46 1 14 64 28 1 19 43 81 1 17 63 70 1 0 0 0 0 32 36 73 1 38 47 95 1 24 31 58 1 35 74 105 1 45 16 67 1 0 62 89 1 21 40 56 1 0 69 79 1 44 31 45 1 33 64 41 1 10 51 42 1 0 0 0 0 28 15 59 1 48 60 59 1 12 74 109 1 49 59 72 1 21 6 80 1 0 0 0 0 47 14 70 1 16 52 53 1 28 48 36 1 7 31 46 1 36 16 96 1 18 50 47 1 17 19 33 1 54 64 108 1 1 29 58 1 45 66 112 1 48 68 49 1 56 22 95 1 33 44 80 1 28 27 94 1 42 61 38 1 33 81 88 1 50 55 76 1 101 105 88 1
2 61 65 1 0 35 86 1 70 32 50 1 0 0 0 0 13 52 65 1 0 75 83 1 27 55 50 1 30 39 57 1 33 27 41 1 66 65 79 1 27 36 50 1 21 66 70 1 5 65 48 1 10 26 52 1 0 0 0 0 41 38 27 1 10 103 50 1 29 60 51 1 0 0 0 0 0 0 0 0 4 74 82 1 33 78 36 1 22 38 85 1 24 74 64 1 28 50 53 1 35 55 45 1 13 97 95 1 6 29 71 1 0 82 91 1 22 35 88 1 0 87 72 1 0 0 0 0 48 58 81 1 52 46 59 1 16 59 53 1 1 76 89 1 0 61 91 1 2 52 47 1 0 42 82 1 4 60 53 1 19 39 96 1 0 0 0 0 0 54 47 1 23 55 77 1 0 0 0 0 42 49 39 1 0 20 92 1 24 72 42 1 53 55 61 1 108 63 35 1 62 42 60 1 63 65 72 1 47 51 60 1 35 36 43 1 0 0 0 0 84 34 24 1 25 38 38 1 0 0 0 0 68 75 31 1 60 55 81 1 58 73 108 1 14 55 39 1 47 93 70 1 46 66 43 1 63 58 67 1 0 0 0 0 0 0 0 0
0 25 49 1 0 58 46 1 15 48 71 1 15 43 60 1 15 57 68 1 13 28 70 1 29 87 73 1 0 0 0 0 22 50 68 1 4 28 45 1 32 16 59 1 13 26 78 1 0 0 0 0 19 52 68 1 19 25 81 1 0 21 84 1 27 80 48 1 0 0 0 0 44 64 77 1 8 67 82 1 18 61 65 1 15 54 85 1 5 56 96 1 31 50 71 1 21 75 72 1 12 70 54 1 24 32 85 1 10 55 56 1 41 55 37 1 3 27 49 1 0 45 29 1 0 58 39 1 30 53 51 1 0 0 0 0 26 58 97 1 7 33 61 1 15 65 52 1 31 12 82 1 18 31 39 1 0 39 62 1 10 49 72 1 0 54 62 1 19 54 44 1 11 50 36 1 0 0 0 0 0 54 79 1 51 25 69 1 0 0 0 0 65 80 83 1 56 25 86 1 69 57 43 1 18 67 34 1 62 52 54 1 67 45 50 1 21 52 95 1 0 0 0 0 27 33 60 1 41 81 63 1 47 53 68 1 61 77 62 1 48 32 38 1 60 43 52 1 106 47 34 1 76 54 72 1 69 58 35 1 0 0 0 0 63 85 57 1
25 59 87 1 64 46 63 1 20 61 34 1 0 57 75 1 46 45 78 1 29 43 56 1 0 21 62 1 2 43 41 1 2 63 55 1 49 55 70 1 17 97 67 1 5 62 41 1 0 0 0 0 21 51 69 1 23 51 57 1 0 36 72 1 30 75 84 1 16 50 79 1 31 40 84 1 31 25 53 1 62 18 78 1 0 54 70 1 31 43 85 1 62 42 70 1 0 0 0 0 16 53 80 1 35 63 65 1 36 58 63 1 44 54 72 1 19 47 45 1 12 37 64 1 22 26 76 1 46 9 60 1 23 46 74 1 45 39 67 1 13 50 103 1 37 32 104 1 33 99 42 1 20 80 11 1 0 70 59 1 27 31 86 1 0 48 61 1 0 0 0 0 0 15 36 1 0 50 82 1 26 52 39 1 37 44 86 1 27 29 51 1 80 91 23 1 54 38 36 1 61 82 64 1 79 69 44 1 95 39 82 1 85 25 76 1 0 0 0 0 0 0 0 0 0 0 0 0 69 59 71 1 54 50 48 1 70 35 63 1 59 46 86 1 69 56 83 1 54 38 77 1 87 78 76 1 0 0 0 0 67 61 27 1 66 53 44 1
66 52 103 1 0 0 0 0 0 0 0 0 0 0 0 0 36 47 58 1 22 63 110 1 15 38 39 1 15 67 79 1 31 28 49 1 8 0 44 1 39 54 58 1 0 26 86 1 50 45 92 1 35 35 70 1 22 34 68 1 40 85 103 1 37 86 65 1 36 47 72 1 45 54 68 1 49 20 68 1 33 86 56 1 8 46 90 1 29 69 80 1 57 68 72 1 15 44 71 1 33 79 80 1 14 66 79 1 24 54 58 1 23 55 67 1 45 54 53 1 0 72 73 1 33 62 62 1 0 47 52 1 40 55 53 1 8 45 38 1 0 0 0 0 0 64 97 1 0 0 0 0 62 37 32 1 3 65 34 1 30 33 81 1 12 8 51 1 28 48 13 1 2 34 27 1 31 89 81 1 27 66 65 1 34 96 52 1 44 80 46 1 39 49 63 1 24 50 48 1 58 27 40 1 61 80 57 1 75 46 25 1 71 82 60 1 58 85 51 1 77 124 83 1 71 92 70 1 0 0 0 0 80 45 64 1 48 79 13 1 88 83 78 1 87 96 33 1 40 91 60 1 71 61 67 1 0 0 0 0 64 29 62 1 62 51 66 1
0 78 63 1 7 54 59 1 41 44 53 1 7 42 95 1 43 43 45 1 11 74 55 1 0 0 0 0 6 32 92 1 0 86 64 1 0 48 75 1 57 73 78 1 40 7 53 1 40 41 63 1 0 53 50 1 32 58 94 1 30 60 56 1 0 2 72 1 24 35 70 1 23 47 67 1 0 0 0 0 0 38 78 1 31 61 75 1 27 28 114 1 27 56 79 1 22 71 80 1 2 15 61 1 27 71 51 1 49 51 65 1 25 59 89 1 2 64 81 1 35 49 37 1 35 64 61 1 0 0 0 0 11 57 55 1 0 56 91 1 70 75 86 1 36 36 27 1 14 32 49 1 0 65 48 1 0 0 0 0 0 0 0 0 13 29 59 1 44 58 25 1 0 76 52 1 6 86 25 1 0 0 0 0 70 38 52 1 38 7 68 1 59 39 46 1 89 23 76 1 54 63 76 1 71 21 56 1 52 81 56 1 86 83 68 1 97 72 75 1 57 83 67 1 90 108 47 1 77 75 28 1 55 71 49 1 88 61 66 1 85 85 64 1 47 62 73 1 70 40 94 1 107 69 57 1 68 62 74 1 98 64 50 1 58 49 70 1