1
1050 216 122 61
144 146 150 1 161 191 148 1 162 188 128 1 139 162 161 1 137 183 165 1 112 189 126 1 145 158 117 1 144 149 180 1 171 136 178 1 0 0 0 0 175 190 147 1 154 138 151 1 168 172 185 1 172 168 146 1 170 183 147 1 0 0 0 0 184 172 167 1 135 164 123 1 183 186 156 1 186 143 148 1 162 143 145 1 0 0 0 0 134 148 147 1 125 125 160 1 110 141 101 1 115 97 102 1 111 107 132 1 68 85 98 1 85 116 74 1 0 0 0 0 102 128 128 1 111 66 93 1 93 99 89 1 0 0 0 0 108 94 121 1 47 56 34 1 40 85 67 1 63 100 58 1 42 65 72 1 72 81 65 1 64 74 97 1 68 106 45 1 124 103 72 1 118 112 71 1 125 110 92 1 93 118 133 1 132 107 115 1 128 110 118 1 149 111 124 1 138 118 119 1 107 100 130 1 0 0 0 0 72 115 63 1 72 92 68 1 97 98 66 1 60 49 94 1 70 62 72 1 18 86 80 1 69 48 83 1 43 65 45 1 35 8 67 1
188 182 167 1 161 186 176 1 196 195 196 1 202 188 174 1 164 184 189 1 209 204 162 1 193 195 143 1 173 181 211 1 147 150 173 1 147 166 199 1 149 186 153 1 151 123 185 1 164 149 127 1 0 0 0 0 144 121 137 1 131 173 180 1 146 155 166 1 155 144 140 1 0 0 0 0 195 153 131 1 154 157 135 1 127 132 145 1 101 94 118 1 132 122 111 1 113 59 108 1 64 83 66 1 22 68 92 1 68 72 58 1 60 78 34 1 97 74 76 1 81 71 68 1 72 85 79 1 48 74 64 1 50 34 77 1 26 44 60 1 0 0 0 0 0 0 0 0 85 128 89 1 120 150 77 1 138 126 135 1 118 147 137 1 110 127 150 1 159 171 136 1 127 131 112 1 112 146 102 1 93 126 117 1 113 82 130 1 100 109 90 1 125 99 90 1 86 84 106 1 107 79 61 1 108 37 63 1 8 34 56 1 16 20 65 1 54 43 58 1 24 52 49 1 52 76 40 1 0 0 0 0 34 44 51 1 0 0 0 0 38 27 62 1
208 196 202 1 178 187 165 1 160 178 190 1 0 0 0 0 219 204 194 1 230 211 195 1 228 210 206 1 0 0 0 0 135 164 171 1 0 0 0 0 0 0 0 0 0 0 0 0 178 174 125 1 179 145 126 1 173 168 144 1 169 99 154 1 166 149 155 1 0 0 0 0 163 152 138 1 131 112 159 1 103 133 131 1 126 98 107 1 133 130 129 1 0 0 0 0 18 129 82 1 68 105 64 1 29 60 63 1 0 0 0 0 69 54 55 1 0 0 0 0 60 48 38 1 10 4 77 1 0 0 0 0 0 0 0 0 32 37 23 1 68 91 61 1 81 86 79 1 81 145 130 1 129 80 143 1 143 154 136 1 133 157 142 1 103 177 156 1 106 132 89 1 96 156 163 1 113 140 95 1 0 0 0 0 82 74 77 1 64 89 85 1 74 23 52 1 92 81 64 1 18 87 54 1 25 53 50 1 28 51 5 1 52 39 74 1 0 11 60 1 10 27 57 1 19 13 59 1 0 8 21 1 58 38 24 1 14 21 28 1 0 0 0 0
185 239 196 1 0 0 0 0 197 211 194 1 221 242 173 1 221 209 184 1 184 223 220 1 174 166 155 1 0 0 0 0 119 149 99 1 0 0 0 0 84 94 116 1 103 125 102 1 121 124 155 1 159 144 148 1 184 156 186 1 0 0 0 0 158 174 130 1 133 153 136 1 100 165 121 1 121 128 120 1 79 124 64 1 67 119 86 1 53 98 110 1 52 89 67 1 54 47 60 1 55 59 62 1 42 79 31 1 48 72 75 1 49 39 78 1 48 37 55 1 35 69 44 1 69 38 71 1 82 65 96 1 42 77 63 1 83 80 74 1 82 133 125 1 147 65 105 1 0 0 0 0 135 148 169 1 114 166 145 1 182 144 129 1 115 100 153 1 75 104 122 1 93 103 96 1 74 72 69 1 0 0 0 0 0 39 44 1 45 54 44 1 45 4 45 1 7 82 37 1 14 19 12 1 0 32 24 1 0 0 0 0 24 46 35 1 19 7 26 1 52 21 46 1 14 50 20 1 27 53 41 1 64 22 49 1 32 51 60 1 32 67 88 1
200 188 188 1 161 225 178 1 195 211 166 1 216 186 169 1 0 0 0 0 0 0 0 0 169 97 108 1 125 129 99 1 0 0 0 0 0 0 0 0 108 93 120 1 122 132 115 1 148 157 131 1 176 127 129 1 137 156 149 1 135 163 145 1 137 115 138 1 100 114 105 1 94 92 113 1 89 89 112 1 67 89 71 1 0 0 0 0 80 66 78 1 48 47 44 1 66 13 49 1 49 45 54 1 56 55 26 1 41 62 46 1 63 45 84 1 91 4 81 1 70 32 104 1 90 99 80 1 67 75 74 1 78 97 68 1 94 66 90 1 69 119 77 1 46 92 117 1 49 83 75 1 107 74 82 1 71 107 67 1 45 62 77 1 64 106 50 1 0 1 47 1 0 66 53 1 6 34 64 1 54 53 40 1 0 11 40 1 15 7 8 1 19 49 32 1 22 39 19 1 14 24 24 1 0 0 0 0 28 58 6 1 0 34 37 1 25 66 67 1 66 44 38 1 54 57 105 1 29 49 100 1 77 99 100 1 61 110 86 1 78 80 85 1
161 120 131 1 111 156 136 1 121 163 133 1 140 139 89 1 154 97 121 1 86 91 101 1 82 108 91 1 85 114 86 1 106 75 82 1 114 126 117 1 130 87 105 1 101 115 161 1 148 114 142 1 163 136 119 1 113 111 92 1 60 118 127 1 55 100 145 1 51 64 104 1 78 111 72 1 78 98 96 1 51 81 85 1 75 87 49 1 99 84 27 1 48 88 91 1 43 44 63 1 10 45 51 1 44 57 33 1 0 0 0 0 44 80 65 1 56 10 41 1 68 43 73 1 70 68 84 1 87 72 62 1 84 55 115 1 0 0 0 0 59 80 64 1 0 0 0 0 47 50 98 1 37 43 34 1 25 54 14 1 0 8 0 1 19 29 20 1 0 0 0 0 5 51 20 1 20 64 29 1 13 33 78 1 0 7 6 1 0 0 0 0 15 38 21 1 3 33 69 1 0 0 0 0 43 61 19 1 49 47 56 1 45 25 55 1 66 75 80 1 0 0 0 0 49 112 79 1 39 93 120 1 91 89 116 1 126 105 119 1 135 150 136 1
99 106 50 1 52 101 33 1 54 99 84 1 94 66 70 1 0 0 0 0 124 81 95 1 120 134 120 1 119 133 92 1 0 0 0 0 115 82 102 1 146 132 155 1 83 147 141 1 44 129 64 1 36 72 123 1 62 81 94 1 35 137 71 1 65 52 45 1 74 74 86 1 63 35 92 1 31 67 37 1 4 85 54 1 18 46 21 1 28 47 45 1 51 31 56 1 33 43 26 1 42 39 42 1 25 67 64 1 51 94 77 1 0 0 0 0 49 81 62 1 80 63 48 1 50 46 63 1 0 0 0 0 0 0 0 0 0 48 42 1 0 0 40 1 0 30 39 1 0 23 40 1 54 43 22 1 11 25 21 1 55 25 40 1 15 36 70 1 28 53 88 1 0 0 0 0 85 65 113 1 63 51 68 1 39 52 53 1 8 62 83 1 74 95 77 1 65 114 73 1 52 120 88 1 91 128 131 1 72 113 141 1 0 0 0 0 0 0 0 0 112 143 143 1 134 149 115 1 93 132 165 1 123 143 160 1 135 179 182 1 95 163 187 1
71 107 93 1 90 93 74 1 115 142 110 1 83 129 113 1 98 102 155 1 0 0 0 0 72 145 151 1 153 99 98 1 90 122 140 1 76 140 120 1 0 0 0 0 76 106 110 1 0 0 0 0 82 63 107 1 0 0 0 0 51 62 89 1 56 74 79 1 43 24 43 1 31 51 51 1 47 48 39 1 0 0 0 0 64 32 0 1 0 0 0 0 40 73 19 1 61 70 46 1 0 0 0 0 22 66 100 1 8 80 68 1 14 54 65 1 61 53 46 1 41 44 75 1 0 0 0 0 34 51 66 1 1 53 38 1 0 29 54 1 27 0 13 1 42 20 34 1 28 48 67 1 66 65 85 1 58 92 60 1 18 88 75 1 86 132 70 1 61 87 86 1 76 86 100 1 68 61 171 1 52 90 102 1 43 101 134 1 0 0 0 0 91 139 98 1 68 110 97 1 109 115 121 1 96 116 93 1 130 125 111 1 112 126 191 1 0 0 0 0 123 122 194 1 149 114 95 1 124 121 165 1 102 113 95 1 103 115 118 1 92 134 95 1
153 149 151 1 0 0 0 0 131 133 133 1 152 131 135 1 154 150 141 1 0 0 0 0 95 161 117 1 119 131 115 1 0 0 0 0 67 107 150 1 64 109 87 1 95 73 85 1 41 74 90 1 20 54 34 1 58 62 54 1 51 49 67 1 10 17 12 1 4 12 19 1 20 36 44 1 0 43 36 1 27 9 50 1 44 20 29 1 29 40 8 1 22 38 62 1 3 68 23 1 0 35 40 1 0 0 0 0 61 39 56 1 48 55 80 1 43 36 42 1 32 86 84 1 44 42 46 1 36 34 89 1 24 41 30 1 0 24 66 1 63 92 96 1 9 77 102 1 0 0 0 0 69 90 98 1 81 92 101 1 145 131 190 1 106 155 162 1 105 184 109 1 105 131 102 1 63 136 138 1 123 122 118 1 107 104 125 1 82 120 114 1 109 163 125 1 114 162 142 1 129 176 196 1 120 173 143 1 127 176 113 1 131 176 125 1 140 154 154 1 119 149 139 1 70 105 145 1 122 132 125 1 0 0 0 0 61 85 81 1 94 77 70 1
161 137 169 1 124 123 109 1 140 130 96 1 125 114 119 1 117 97 116 1 81 137 108 1 114 102 91 1 75 107 45 1 73 41 49 1 51 90 57 1 43 58 49 1 12 46 29 1 0 23 24 1 0 52 24 1 3 8 4 1 6 6 17 1 8 22 60 1 10 55 35 1 26 37 56 1 24 39 7 1 30 55 47 1 0 41 48 1 18 90 32 1 57 49 88 1 24 74 92 1 54 96 112 1 65 121 111 1 66 41 96 1 86 91 114 1 69 132 90 1 45 137 129 1 54 93 76 1 48 87 78 1 45 136 151 1 114 79 161 1 107 161 128 1 77 152 124 1 105 153 95 1 0 0 0 0 0 0 0 0 65 88 115 1 50 109 110 1 99 99 94 1 96 124 123 1 68 127 131 1 74 106 119 1 80 159 147 1 0 0 0 0 128 118 177 1 129 166 142 1 60 93 119 1 97 130 125 1 79 106 145 1 63 66 107 1 85 91 105 1 73 66 77 1 87 41 65 1 89 53 83 1 0 0 0 0 70 101 64 1 97 93 89 1
176 172 156 1 0 0 0 0 127 77 118 1 99 136 80 1 117 138 87 1 60 74 101 1 53 87 49 1 53 83 35 1 31 19 38 1 33 53 25 1 0 54 36 1 0 27 51 1 0 12 42 1 4 30 44 1 19 0 38 1 0 0 0 0 4 30 5 1 10 37 26 1 49 33 20 1 4 14 17 1 0 0 0 0 10 31 82 1 42 31 40 1 34 86 68 1 39 68 73 1 82 122 94 1 66 105 150 1 22 88 135 1 78 50 103 1 33 134 96 1 43 148 90 1 60 51 133 1 88 77 131 1 0 0 0 0 59 121 111 1 97 129 153 1 95 131 94 1 77 138 139 1 0 0 0 0 55 99 100 1 52 63 87 1 59 105 112 1 28 96 126 1 57 114 148 1 64 78 66 1 66 114 107 1 41 74 144 1 101 123 119 1 122 134 190 1 0 0 0 0 111 97 134 1 0 0 0 0 60 96 89 1 0 0 0 0 70 53 74 1 0 0 0 0 61 62 98 1 0 0 0 0 80 80 79 1 98 70 92 1 32 71 83 1
121 116 122 1 76 85 142 1 83 94 84 1 76 98 95 1 66 115 75 1 57 94 62 1 0 10 11 1 0 77 19 1 0 35 31 1 0 5 40 1 2 61 37 1 0 57 13 1 0 28 31 1 0 23 45 1 34 0 0 1 7 38 48 1 22 41 81 1 3 68 91 1 31 102 60 1 47 50 100 1 22 51 73 1 54 95 113 1 41 109 98 1 27 101 64 1 48 144 106 1 56 81 128 1 68 76 133 1 33 70 96 1 46 70 44 1 38 81 60 1 0 0 0 0 72 95 106 1 103 120 110 1 42 81 139 1 32 60 124 1 61 134 62 1 42 67 40 1 0 0 0 0 0 0 0 0 15 65 69 1 25 48 47 1 67 48 76 1 54 17 52 1 27 99 75 1 91 80 110 1 58 111 85 1 94 124 131 1 94 111 105 1 62 64 110 1 54 116 97 1 34 66 95 1 32 94 49 1 64 87 56 1 21 58 56 1 44 70 106 1 73 57 46 1 37 120 99 1 120 116 118 1 85 113 126 1 105 168 116 1 167 169 134 1
62 125 78 1 33 104 97 1 66 104 89 1 36 70 68 1 22 74 43 1 18 58 44 1 0 64 111 1 5 27 39 1 0 0 8 1 0 41 35 1 0 16 53 1 0 23 17 1 9 33 59 1 0 0 0 0 24 52 45 1 71 59 36 1 0 67 75 1 61 58 43 1 57 67 93 1 37 70 64 1 46 72 70 1 78 85 88 1 41 77 68 1 35 73 83 1 22 41 45 1 0 75 87 1 45 72 58 1 18 40 0 1 0 39 25 1 3 35 96 1 16 33 77 1 80 91 118 1 0 0 0 0 81 84 112 1 76 65 83 1 81 70 81 1 38 49 53 1 46 60 115 1 35 136 91 1 38 98 66 1 87 93 52 1 97 68 75 1 71 80 87 1 79 112 101 1 58 124 108 1 54 123 79 1 46 114 110 1 41 82 92 1 59 69 98 1 57 96 87 1 80 74 78 1 68 93 61 1 78 72 84 1 78 116 115 1 115 95 147 1 70 106 95 1 134 132 121 1 141 139 143 1 140 184 162 1 199 172 139 1 167 176 179 1
39 52 40 1 41 63 69 1 0 0 0 0 47 2 63 1 30 49 42 1 6 0 34 1 0 9 7 1 1 9 34 1 7 8 16 1 48 6 54 1 46 81 51 1 23 42 57 1 22 79 80 1 28 82 62 1 53 86 87 1 42 71 83 1 37 92 79 1 41 66 61 1 49 83 57 1 14 105 50 1 26 76 103 1 36 69 83 1 57 69 106 1 34 67 75 1 11 44 36 1 27 49 54 1 0 50 63 1 0 28 51 1 23 49 69 1 0 44 65 1 10 62 77 1 24 71 19 1 42 81 106 1 0 0 0 0 66 61 79 1 17 67 92 1 80 106 59 1 0 0 0 0 92 76 76 1 0 0 0 0 0 0 0 0 92 74 96 1 78 112 72 1 107 113 106 1 83 83 109 1 78 70 98 1 121 85 86 1 65 105 58 1 108 96 88 1 69 100 72 1 96 82 95 1 70 117 92 1 103 115 123 1 107 84 103 1 122 109 139 1 181 208 141 1 180 166 141 1 178 164 137 1 185 179 126 1 0 0 0 0 207 191 214 1
10 15 0 1 42 84 20 1 0 0 0 0 55 65 52 1 54 62 55 1 0 0 0 0 73 67 88 1 58 66 98 1 55 100 94 1 57 48 102 1 22 94 76 1 22 59 113 1 23 63 104 1 50 80 75 1 38 37 61 1 0 0 0 0 53 120 91 1 27 93 74 1 24 75 75 1 0 29 47 1 0 0 0 0 43 10 27 1 0 0 0 0 3 67 34 1 0 56 25 1 23 44 27 1 0 82 0 1 26 77 47 1 32 86 76 1 91 131 71 1 0 0 0 0 96 139 80 1 57 79 97 1 92 121 78 1 102 150 113 1 83 144 133 1 99 138 134 1 95 96 88 1 0 0 0 0 91 134 140 1 71 114 80 1 94 114 129 1 83 86 143 1 124 96 93 1 94 153 100 1 137 133 113 1 125 153 104 1 127 126 105 1 129 164 139 1 152 146 142 1 189 181 172 1 161 207 154 1 179 214 171 1 198 200 188 1 193 166 155 1 218 157 157 1 202 164 163 1 185 199 148 1 209 193 170 1 187 215 131 1 191 180 178 1
12 61 58 1 26 33 74 1 25 34 68 1 62 41 74 1 47 88 114 1 66 83 97 1 73 102 80 1 89 66 97 1 81 97 124 1 57 115 80 1 48 88 124 1 78 86 60 1 36 57 64 1 55 44 52 1 53 47 115 1 0 50 94 1 56 77 71 1 13 88 63 1 30 72 44 1 15 38 62 1 45 49 57 1 3 63 104 1 46 82 87 1 19 58 57 1 49 85 76 1 47 68 58 1 55 95 56 1 66 100 90 1 87 79 112 1 55 100 131 1 77 117 79 1 59 112 137 1 74 110 73 1 107 92 114 1 117 162 130 1 101 104 106 1 101 91 92 1 79 112 108 1 63 126 131 1 138 101 93 1 138 160 136 1 99 148 137 1 88 82 101 1 108 129 67 1 139 133 125 1 121 152 145 1 223 159 146 1 0 0 0 0 163 216 156 1 185 214 160 1 151 174 141 1 178 150 162 1 173 168 152 1 195 187 132 1 162 173 151 1 197 178 168 1 175 162 170 1 189 188 132 1 169 179 125 1 171 176 171 1 144 150 133 1
37 44 105 1 29 87 46 1 51 15 68 1 37 80 68 1 102 87 78 1 90 121 108 1 51 78 146 1 55 62 121 1 71 66 69 1 0 0 0 0 73 74 76 1 66 39 114 1 23 112 68 1 50 30 71 1 83 83 104 1 32 47 62 1 26 73 76 1 23 80 77 1 47 90 70 1 11 118 37 1 15 38 57 1 25 109 56 1 37 79 78 1 40 59 67 1 72 99 125 1 102 95 116 1 100 91 105 1 102 91 153 1 102 164 157 1 87 179 157 1 113 151 141 1 126 111 133 1 123 137 91 1 120 150 105 1 134 104 113 1 96 118 88 1 87 128 78 1 121 77 85 1 76 78 82 1 105 77 89 1 111 132 98 1 144 168 136 1 134 122 175 1 151 180 148 1 177 193 148 1 191 196 209 1 212 210 232 1 212 243 214 1 172 198 198 1 209 213 172 1 190 185 162 1 0 0 0 0 147 126 181 1 191 195 126 1 140 155 115 1 156 174 166 1 142 159 104 1 138 146 159 1 133 119 144 1 100 96 63 1 86 122 60 1
29 63 32 1 67 50 64 1 83 82 64 1 0 0 0 0 78 58 98 1 73 105 74 1 52 86 62 1 0 0 0 0 42 35 90 1 42 36 30 1 35 47 67 1 28 109 73 1 61 80 97 1 49 53 77 1 72 76 114 1 61 121 87 1 46 92 104 1 0 0 0 0 85 125 86 1 62 126 82 1 0 0 0 0 92 109 94 1 65 99 77 1 107 68 78 1 81 127 126 1 98 146 122 1 93 141 125 1 111 108 89 1 84 123 146 1 124 139 91 1 78 144 109 1 107 115 125 1 0 0 0 0 0 0 0 0 122 143 138 1 114 151 155 1 115 193 137 1 147 147 140 1 156 155 157 1 153 183 139 1 194 181 152 1 224 225 168 1 215 225 237 1 227 227 194 1 219 214 168 1 255 255 211 1 221 244 154 1 225 211 213 1 190 215 175 1 156 178 123 1 157 168 143 1 121 143 129 1 0 0 0 0 0 0 0 0 119 114 78 1 81 102 107 1 109 106 92 1 0 0 0 0 77 77 69 1 0 0 0 0 85 140 51 1
44 71 52 1 53 62 68 1 90 51 78 1 73 69 84 1 50 41 64 1 55 87 89 1 83 75 59 1 46 39 40 1 0 0 0 0 23 29 48 1 14 41 78 1 42 89 62 1 75 106 74 1 93 74 87 1 81 70 93 1 90 96 114 1 44 142 101 1 73 102 127 1 79 85 52 1 76 116 81 1 92 108 75 1 62 95 109 1 69 124 103 1 63 101 117 1 145 126 98 1 145 126 121 1 121 146 114 1 0 0 0 0 0 0 0 0 66 139 75 1 0 0 0 0 88 110 102 1 133 153 141 1 147 125 87 1 133 119 91 1 154 148 152 1 0 0 0 0 180 186 131 1 203 235 135 1 202 172 169 1 195 227 159 1 217 213 172 1 218 241 186 1 0 0 0 0 248 237 182 1 230 255 214 1 237 205 210 1 238 209 152 1 171 175 119 1 166 117 121 1 0 0 0 0 148 114 80 1 138 89 66 1 81 90 85 1 109 115 44 1 0 0 0 0 70 80 61 1 124 87 97 1 104 118 83 1 110 124 109 1 82 81 64 1
49 59 51 1 36 27 4 1 73 60 38 1 4 26 69 1 66 46 9 1 49 50 37 1 19 59 31 1 0 51 59 1 60 89 35 1 65 54 68 1 103 90 105 1 102 89 100 1 104 109 107 1 71 140 113 1 122 82 101 1 119 113 100 1 114 129 95 1 113 156 117 1 121 157 132 1 86 141 103 1 134 150 99 1 107 120 132 1 128 169 85 1 0 0 0 0 152 130 116 1 127 131 117 1 99 171 113 1 0 0 0 0 0 0 0 0 141 144 156 1 140 138 181 1 146 164 191 1 172 163 146 1 169 179 134 1 186 145 174 1 0 0 0 0 189 228 189 1 214 206 189 1 255 216 159 1 229 255 209 1 0 0 0 0 236 225 145 1 0 0 0 0 193 217 179 1 255 215 162 1 239 183 191 1 0 0 0 0 214 206 151 1 144 104 159 1 137 135 94 1 147 81 67 1 77 117 70 1 113 79 83 1 0 0 0 0 95 99 81 1 81 110 74 1 120 100 76 1 108 105 106 1 128 142 130 1 173 137 157 1 223 178 118 1
40 56 93 1 17 14 30 1 0 0 0 0 25 10 33 1 0 0 0 0 20 72 56 1 40 87 19 1 71 95 60 1 76 84 82 1 100 117 79 1 129 141 110 1 108 153 104 1 122 157 159 1 137 186 105 1 176 107 118 1 142 172 106 1 111 119 140 1 96 109 142 1 131 167 152 1 152 164 125 1 142 156 172 1 0 0 0 0 118 153 120 1 122 156 142 1 104 111 103 1 127 117 108 1 111 130 139 1 109 118 123 1 145 164 125 1 130 166 151 1 142 145 150 1 127 149 137 1 229 200 191 1 209 181 188 1 171 181 135 1 169 151 136 1 209 244 160 1 212 141 176 1 193 184 165 1 218 236 182 1 164 191 151 1 186 165 189 1 177 164 151 1 159 165 125 1 157 162 140 1 130 158 140 1 197 192 98 1 0 0 0 0 115 107 79 1 128 114 97 1 112 113 82 1 115 98 109 1 109 104 32 1 125 63 124 1 118 130 107 1 155 161 83 1 166 143 129 1 109 166 134 1 166 157 112 1 0 0 0 0 167 157 150 1
10 27 24 1 17 34 11 1 26 10 50 1 0 76 43 1 37 99 62 1 16 90 33 1 54 75 95 1 65 92 83 1 70 100 112 1 0 0 0 0 149 137 136 1 95 159 162 1 168 142 150 1 159 147 169 1 150 142 181 1 0 0 0 0 138 139 152 1 139 144 178 1 0 0 0 0 140 183 133 1 141 161 158 1 117 169 118 1 138 144 150 1 151 114 124 1 0 0 0 0 119 154 102 1 161 99 111 1 97 142 128 1 158 163 111 1 106 146 128 1 234 185 169 1 181 190 104 1 182 188 196 1 194 216 163 1 214 198 190 1 235 201 185 1 238 210 150 1 160 137 158 1 193 210 122 1 0 0 0 0 162 134 161 1 178 178 141 1 159 154 139 1 91 152 85 1 119 130 110 1 136 113 88 1 104 114 79 1 110 125 41 1 90 71 36 1 111 129 67 1 134 121 38 1 0 0 0 0 100 154 92 1 115 114 107 1 113 101 141 1 147 128 122 1 0 0 0 0 194 176 142 1 168 186 138 1 182 159 172 1 196 146 200 1
22 114 70 1 68 75 85 1 0 0 0 0 139 118 80 1 90 119 142 1 140 155 154 1 141 187 137 1 203 157 189 1 0 0 0 0 178 182 194 1 255 240 193 1 175 187 207 1 200 186 163 1 163 157 146 1 193 177 162 1 167 171 215 1 171 197 140 1 185 204 131 1 201 195 123 1 131 191 172 1 171 142 171 1 127 129 142 1 160 182 148 1 0 0 0 0 134 148 140 1 159 186 139 1 192 186 161 1 0 0 0 0 212 209 193 1 235 181 197 1 244 216 195 1 198 236 207 1 189 234 168 1 227 234 197 1 226 193 201 1 175 163 162 1 147 165 113 1 140 138 114 1 125 151 119 1 156 166 106 1 140 141 89 1 138 176 132 1 128 114 85 1 146 132 107 1 182 175 137 1 165 170 135 1 134 185 144 1 189 122 166 1 149 125 110 1 138 135 127 1 0 0 0 0 109 161 104 1 151 169 161 1 144 138 100 1 145 157 152 1 161 165 177 1 182 167 121 1 181 173 161 1 176 165 138 1 218 188 167 1 254 238 241 1
104 97 87 1 89 119 85 1 131 128 99 1 150 162 121 1 0 0 0 0 181 172 156 1 193 166 143 1 217 195 184 1 207 199 172 1 185 241 206 1 221 187 191 1 159 189 193 1 209 187 206 1 210 203 126 1 182 191 196 1 190 224 152 1 200 171 210 1 174 187 157 1 181 146 133 1 204 162 121 1 150 159 167 1 164 168 140 1 158 171 171 1 165 219 166 1 160 150 167 1 0 0 0 0 214 176 158 1 221 212 191 1 182 223 195 1 229 238 197 1 191 229 181 1 214 205 200 1 234 191 131 1 200 163 166 1 219 206 160 1 198 157 135 1 192 194 167 1 118 141 122 1 161 171 133 1 175 153 135 1 158 150 122 1 0 0 0 0 130 183 136 1 194 144 117 1 196 182 123 1 147 198 136 1 164 144 151 1 0 0 0 0 192 127 144 1 121 154 76 1 0 0 0 0 136 137 109 1 115 126 101 1 148 133 110 1 163 157 107 1 158 151 122 1 168 156 107 1 0 0 0 0 158 200 160 1 197 220 199 1 214 209 201 1
139 161 133 1 185 188 168 1 182 209 171 1 186 196 191 1 229 230 175 1 220 219 238 1 0 0 0 0 255 255 247 1 255 217 213 1 255 244 195 1 0 0 0 0 0 0 0 0 191 214 173 1 219 172 166 1 150 198 192 1 168 191 168 1 204 186 183 1 171 176 136 1 0 0 0 0 147 141 113 1 172 136 116 1 0 0 0 0 143 191 180 1 193 217 135 1 209 227 143 1 192 196 203 1 187 189 194 1 233 195 192 1 215 193 158 1 193 222 160 1 211 240 201 1 161 215 146 1 0 0 0 0 0 0 0 0 190 189 121 1 161 128 151 1 170 188 120 1 148 138 145 1 180 229 152 1 174 202 131 1 208 211 176 1 171 215 194 1 202 190 151 1 171 200 130 1 0 0 0 0 154 164 69 1 103 93 108 1 127 109 100 1 81 66 75 1 113 107 93 1 0 0 0 0 92 105 87 1 138 65 139 1 154 75 118 1 147 156 125 1 131 135 109 1 157 203 191 1 184 182 136 1 203 194 216 1 188 179 189 1 192 222 163 1
0 0 0 0 196 207 192 1 232 224 211 1 206 222 223 1 220 207 220 1 232 213 197 1 183 238 164 1 184 241 182 1 0 0 0 0 209 213 190 1 194 196 164 1 206 138 138 1 171 173 173 1 208 195 117 1 113 171 176 1 231 127 143 1 183 143 118 1 171 172 154 1 188 163 114 1 161 144 123 1 185 155 148 1 223 173 184 1 168 196 141 1 0 0 0 0 149 169 160 1 230 142 197 1 204 156 159 1 142 190 151 1 167 186 126 1 130 164 123 1 162 147 139 1 142 152 117 1 211 194 155 1 166 197 165 1 170 206 203 1 250 245 194 1 221 224 175 1 249 171 180 1 208 210 189 1 180 224 203 1 191 177 128 1 163 145 93 1 132 117 118 1 112 146 105 1 59 99 69 1 49 95 74 1 104 55 0 1 0 0 0 0 105 89 57 1 89 121 78 1 92 128 64 1 134 103 88 1 130 130 117 1 147 128 120 1 0 0 0 0 190 164 172 1 215 170 170 1 224 192 216 1 215 211 169 1 223 198 190 1 193 173 171 1
212 207 157 1 0 0 0 0 169 192 189 1 212 240 184 1 225 230 208 1 255 180 177 1 222 235 155 1 179 166 159 1 0 0 0 0 172 172 100 1 212 141 144 1 149 148 147 1 199 181 150 1 196 175 114 1 136 151 112 1 0 0 0 0 170 162 122 1 176 171 132 1 182 168 121 1 194 201 151 1 202 130 168 1 174 238 168 1 198 173 189 1 0 0 0 0 211 230 181 1 197 194 183 1 164 190 134 1 184 135 129 1 160 174 137 1 122 172 123 1 161 143 127 1 180 177 144 1 138 210 142 1 193 181 177 1 213 238 162 1 251 229 192 1 241 223 215 1 207 194 192 1 164 200 116 1 150 170 184 1 137 139 118 1 146 136 109 1 109 119 66 1 0 0 0 0 110 57 68 1 45 67 37 1 45 86 39 1 103 51 25 1 98 100 60 1 112 82 87 1 126 138 97 1 0 0 0 0 0 0 0 0 164 193 154 1 221 193 178 1 171 198 172 1 203 208 195 1 255 195 172 1 0 0 0 0 168 203 166 1 149 149 142 1
203 177 139 1 193 164 177 1 0 0 0 0 172 185 155 1 176 190 116 1 177 144 97 1 0 0 0 0 155 141 140 1 153 133 150 1 209 142 108 1 0 0 0 0 144 140 136 1 200 125 130 1 146 171 119 1 0 0 0 0 194 181 120 1 254 192 161 1 0 0 0 0 238 238 191 1 233 243 190 1 241 223 154 1 0 0 0 0 236 150 161 1 195 235 133 1 139 145 100 1 161 131 130 1 128 191 130 1 164 168 129 1 167 147 160 1 177 200 154 1 223 220 214 1 235 255 241 1 225 247 203 1 203 203 201 1 252 224 215 1 185 205 207 1 211 204 131 1 126 166 112 1 153 95 101 1 78 128 95 1 43 76 56 1 0 0 0 0 48 21 0 1 58 45 68 1 0 0 0 0 86 60 49 1 130 77 97 1 101 149 76 1 135 175 131 1 190 152 177 1 182 181 197 1 0 0 0 0 0 0 0 0 197 221 171 1 205 231 168 1 204 183 207 1 167 175 149 1 109 143 137 1 166 148 110 1 112 127 128 1 113 131 88 1
152 119 121 1 119 114 79 1 0 0 0 0 171 157 125 1 145 159 123 1 152 167 96 1 148 119 158 1 176 144 125 1 132 160 174 1 155 195 127 1 165 150 112 1 202 154 160 1 180 177 174 1 222 210 175 1 218 178 161 1 235 211 185 1 180 200 184 1 234 239 183 1 221 243 219 1 228 215 180 1 232 202 172 1 0 0 0 0 173 187 109 1 157 169 111 1 154 172 145 1 147 191 139 1 138 186 151 1 199 163 161 1 176 158 204 1 201 164 165 1 194 180 178 1 169 186 199 1 177 194 204 1 172 205 156 1 167 185 180 1 189 133 159 1 130 145 131 1 129 130 114 1 135 129 102 1 98 155 89 1 53 65 71 1 102 114 88 1 65 127 79 1 130 89 101 1 139 93 80 1 131 155 125 1 140 135 141 1 202 170 154 1 190 205 216 1 211 210 201 1 172 199 187 1 207 220 183 1 163 179 158 1 179 155 172 1 135 154 183 1 132 119 161 1 111 109 79 1 104 111 85 1 100 102 119 1 97 133 98 1 61 88 94 1
149 141 114 1 148 122 114 1 117 120 94 1 138 117 92 1 117 91 109 1 125 100 70 1 121 99 132 1 136 112 88 1 189 155 136 1 144 145 120 1 174 169 171 1 217 219 140 1 0 0 0 0 248 229 186 1 252 221 211 1 239 172 189 1 235 203 156 1 0 0 0 0 255 255 213 1 200 218 212 1 233 201 197 1 183 144 153 1 180 145 141 1 188 135 102 1 0 0 0 0 197 187 148 1 169 200 187 1 172 195 177 1 187 193 180 1 155 226 223 1 201 197 159 1 192 206 168 1 167 233 153 1 160 134 158 1 145 144 173 1 0 0 0 0 98 111 122 1 0 0 0 0 117 121 140 1 124 123 71 1 94 85 86 1 116 115 101 1 142 109 115 1 138 150 133 1 176 149 115 1 197 184 207 1 175 168 166 1 185 183 219 1 219 221 192 1 197 214 199 1 211 189 189 1 185 206 140 1 198 159 154 1 126 124 146 1 91 150 62 1 122 117 65 1 112 57 44 1 74 60 107 1 83 75 69 1 54 43 73 1 65 43 77 1
139 105 107 1 124 175 147 1 161 173 123 1 191 133 99 1 133 139 84 1 0 0 0 0 164 153 116 1 158 163 149 1 198 151 130 1 192 178 137 1 240 223 166 1 204 195 177 1 197 242 164 1 250 183 179 1 216 229 158 1 206 221 203 1 236 204 164 1 211 197 194 1 238 210 169 1 227 220 192 1 214 195 150 1 222 176 140 1 183 204 187 1 210 173 141 1 178 178 131 1 176 205 163 1 0 0 0 0 144 157 164 1 0 0 0 0 135 143 129 1 135 152 159 1 87 167 99 1 114 114 126 1 123 112 111 1 114 108 87 1 97 102 96 1 0 0 0 0 0 0 0 0 136 140 119 1 126 143 149 1 184 189 171 1 235 221 194 1 178 178 186 1 220 236 215 1 218 196 164 1 217 240 212 1 210 238 234 1 171 220 175 1 0 0 0 0 155 135 153 1 113 131 131 1 105 120 117 1 107 97 53 1 37 72 33 1 78 95 47 1 13 46 51 1 17 25 34 1 0 22 23 1 29 27 43 1 7 5 25 1 0 10 35 1
147 106 107 1 129 127 92 1 146 143 113 1 132 151 144 1 0 0 0 0 175 131 114 1 164 130 129 1 0 0 0 0 0 0 0 0 227 202 150 1 207 182 145 1 0 0 0 0 224 197 168 1 237 198 189 1 241 231 166 1 253 244 181 1 0 0 0 0 215 200 205 1 222 245 179 1 240 243 164 1 180 203 146 1 191 182 172 1 167 181 179 1 205 181 146 1 163 206 155 1 0 0 0 0 116 148 162 1 135 143 166 1 139 133 145 1 130 164 131 1 164 145 129 1 81 131 98 1 107 101 105 1 77 155 106 1 96 127 83 1 105 110 108 1 110 126 88 1 119 150 145 1 93 153 150 1 0 0 0 0 156 165 152 1 177 193 152 1 168 194 199 1 0 0 0 0 207 243 162 1 212 200 204 1 182 192 192 1 170 159 170 1 123 144 123 1 138 143 131 1 118 103 89 1 82 32 74 1 66 88 36 1 0 0 0 0 35 26 10 1 38 10 43 1 52 116 68 1 50 76 67 1 7 57 93 1 37 23 69 1 21 44 49 1
126 164 151 1 149 136 80 1 171 144 150 1 171 128 124 1 178 142 173 1 169 200 127 1 169 174 167 1 205 198 120 1 234 172 154 1 209 180 153 1 224 183 179 1 0 0 0 0 222 155 171 1 254 167 149 1 186 253 218 1 254 221 163 1 236 212 191 1 186 202 211 1 198 222 210 1 205 214 158 1 204 165 173 1 180 184 129 1 194 155 170 1 157 145 131 1 124 132 138 1 54 126 118 1 94 140 88 1 47 86 115 1 0 0 0 0 64 125 113 1 0 0 0 0 146 99 69 1 67 124 98 1 68 100 83 1 106 87 92 1 100 72 142 1 109 180 121 1 120 102 135 1 160 139 146 1 0 0 0 0 180 172 176 1 204 224 190 1 192 186 178 1 162 179 209 1 160 206 195 1 129 159 188 1 128 181 116 1 93 109 155 1 53 14 39 1 26 71 77 1 56 39 100 1 54 60 68 1 60 52 52 1 67 86 28 1 8 28 36 1 22 83 0 1 42 40 86 1 0 0 0 0 99 64 140 1 80 81 130 1 68 110 114 1
193 175 97 1 176 162 173 1 212 175 183 1 189 177 124 1 147 206 183 1 232 171 169 1 0 0 0 0 208 198 191 1 222 228 150 1 255 244 158 1 255 204 185 1 191 222 202 1 251 223 177 1 212 216 159 1 239 199 205 1 0 0 0 0 235 232 174 1 228 199 175 1 190 199 158 1 166 216 133 1 122 174 178 1 117 148 106 1 153 145 109 1 145 138 156 1 144 144 140 1 84 116 84 1 82 83 105 1 79 116 87 1 67 98 118 1 85 138 132 1 87 113 132 1 117 90 96 1 74 107 127 1 143 116 81 1 96 81 93 1 105 95 170 1 143 159 109 1 142 128 134 1 100 128 105 1 92 83 124 1 118 142 86 1 0 0 0 0 94 169 98 1 111 122 130 1 0 0 0 0 0 0 0 0 104 94 76 1 0 0 0 0 126 101 143 1 92 136 111 1 115 95 101 1 65 104 89 1 0 0 0 0 31 145 87 1 44 112 110 1 31 89 116 1 89 63 50 1 39 92 91 1 52 37 100 1 72 84 72 1 61 63 95 1
202 161 162 1 162 143 163 1 187 163 166 1 212 185 158 1 215 199 233 1 221 206 182 1 230 219 174 1 221 179 179 1 187 196 165 1 228 220 174 1 238 169 193 1 224 223 182 1 238 196 129 1 230 244 161 1 245 218 175 1 225 194 186 1 246 243 179 1 188 218 159 1 184 243 183 1 192 171 165 1 140 183 152 1 150 161 123 1 142 142 90 1 167 126 120 1 126 137 107 1 92 109 99 1 104 110 94 1 102 97 141 1 72 145 124 1 60 94 95 1 62 120 127 1 98 114 119 1 124 116 111 1 91 146 107 1 109 101 115 1 99 150 141 1 100 120 105 1 0 0 0 0 107 142 102 1 82 122 117 1 130 136 108 1 67 127 121 1 104 145 128 1 69 101 100 1 0 0 0 0 54 90 102 1 79 88 66 1 81 123 87 1 54 121 75 1 68 119 79 1 98 106 82 1 81 141 98 1 59 88 113 1 72 89 91 1 86 77 93 1 32 106 88 1 30 82 82 1 51 102 65 1 0 0 0 0 3 49 85 1 59 48 54 1
157 169 132 1 209 187 173 1 241 214 183 1 252 242 172 1 208 193 172 1 0 0 0 0 209 193 171 1 200 180 188 1 209 199 152 1 173 223 182 1 255 200 223 1 255 222 169 1 241 220 163 1 255 255 190 1 231 223 198 1 244 202 181 1 197 235 190 1 192 199 147 1 168 187 158 1 111 154 104 1 134 125 102 1 111 94 111 1 122 101 127 1 67 121 120 1 93 100 98 1 62 104 78 1 68 106 78 1 61 93 72 1 0 0 0 0 78 95 91 1 0 0 0 0 48 99 82 1 105 188 118 1 118 115 163 1 102 132 168 1 77 128 139 1 88 120 133 1 74 146 124 1 84 136 113 1 51 97 116 1 58 120 118 1 54 106 86 1 100 101 108 1 116 125 101 1 124 109 100 1 94 119 148 1 78 143 155 1 126 144 153 1 145 168 155 1 140 152 141 1 87 127 142 1 130 137 124 1 57 103 77 1 66 122 94 1 39 72 74 1 48 65 85 1 0 79 88 1 0 88 82 1 61 52 52 1 12 38 54 1 0 74 69 1
181 192 126 1 236 195 162 1 181 200 162 1 209 211 183 1 187 176 164 1 217 188 127 1 0 0 0 0 177 174 162 1 218 190 175 1 0 0 0 0 237 153 164 1 0 0 0 0 233 243 160 1 225 237 180 1 213 216 154 1 202 220 138 1 154 206 141 1 147 208 99 1 146 154 127 1 99 110 100 1 149 104 149 1 96 97 108 1 0 0 0 0 66 96 48 1 54 129 103 1 0 0 0 0 0 0 0 0 0 0 0 0 96 104 142 1 89 126 107 1 0 0 0 0 84 134 136 1 123 155 100 1 120 90 166 1 80 162 126 1 84 180 116 1 99 103 64 1 127 142 151 1 125 115 146 1 151 156 136 1 109 133 149 1 96 154 114 1 115 147 160 1 135 123 157 1 120 186 140 1 142 154 126 1 118 129 142 1 102 144 148 1 148 140 116 1 93 103 131 1 74 89 121 1 47 126 51 1 0 0 0 0 15 63 71 1 49 83 88 1 32 60 85 1 31 104 75 1 0 0 0 0 53 94 104 1 55 40 76 1 59 135 86 1
226 232 155 1 0 0 0 0 189 197 184 1 184 196 171 1 205 161 131 1 159 174 129 1 183 164 118 1 191 157 101 1 216 219 179 1 190 190 165 1 209 224 161 1 191 169 177 1 206 206 170 1 184 195 173 1 228 202 206 1 211 186 101 1 131 116 137 1 107 152 118 1 123 105 79 1 0 0 0 0 122 101 89 1 122 111 97 1 97 109 88 1 73 102 132 1 62 133 112 1 102 120 99 1 143 116 131 1 0 0 0 0 79 131 125 1 75 154 93 1 89 157 132 1 64 159 126 1 106 96 152 1 132 144 134 1 105 125 128 1 0 0 0 0 60 127 149 1 93 154 151 1 86 157 185 1 119 133 146 1 175 176 125 1 153 167 155 1 133 126 147 1 157 192 180 1 164 227 191 1 188 233 181 1 134 176 168 1 142 173 149 1 91 115 116 1 116 117 105 1 34 89 85 1 10 65 47 1 12 74 82 1 7 71 86 1 58 29 42 1 16 72 70 1 25 43 70 1 40 76 73 1 58 111 85 1 61 77 115 1 82 127 119 1
170 140 169 1 96 161 92 1 0 0 0 0 121 161 129 1 151 143 120 1 175 143 138 1 194 160 162 1 125 144 99 1 0 0 0 0 173 177 89 1 191 202 138 1 201 173 146 1 148 168 143 1 135 179 108 1 0 0 0 0 115 130 119 1 94 103 139 1 124 117 77 1 108 80 77 1 96 57 69 1 107 95 94 1 73 98 121 1 55 131 123 1 121 148 102 1 114 148 117 1 127 158 151 1 123 190 146 1 132 173 162 1 113 132 228 1 0 0 0 0 104 163 138 1 102 170 136 1 102 168 168 1 0 0 0 0 107 141 133 1 95 161 158 1 110 160 125 1 141 156 194 1 145 199 171 1 0 0 0 0 116 188 174 1 149 192 161 1 121 154 164 1 126 123 123 1 130 112 124 1 70 114 126 1 76 95 112 1 66 110 75 1 7 36 38 1 28 67 58 1 87 65 82 1 63 105 85 1 42 165 109 1 99 116 127 1 127 142 118 1 109 137 178 1 116 163 159 1 127 167 199 1 104 158 138 1 0 0 0 0 90 137 93 1
160 138 96 1 116 137 121 1 149 106 136 1 115 153 119 1 115 140 145 1 147 167 150 1 131 159 149 1 0 0 0 0 186 114 114 1 136 142 178 1 160 168 91 1 170 151 118 1 143 140 119 1 137 132 140 1 124 97 83 1 107 130 82 1 0 0 0 0 112 104 103 1 112 126 109 1 56 108 104 1 108 120 115 1 104 100 159 1 121 105 138 1 0 0 0 0 125 130 127 1 153 171 152 1 96 127 152 1 104 115 166 1 104 127 170 1 99 126 109 1 89 148 157 1 94 125 134 1 85 144 138 1 109 101 140 1 137 129 166 1 120 143 156 1 147 167 165 1 0 0 0 0 123 171 219 1 133 168 150 1 123 187 123 1 94 125 100 1 63 128 118 1 59 118 142 1 59 136 75 1 91 88 97 1 82 97 117 1 42 110 79 1 62 67 66 1 64 86 116 1 0 0 0 0 0 0 0 0 89 137 164 1 98 148 137 1 106 154 162 1 88 160 143 1 88 169 136 1 95 157 149 1 111 107 152 1 91 175 142 1 97 128 142 1
95 123 69 1 120 111 132 1 157 122 69 1 164 147 102 1 147 157 166 1 200 185 170 1 162 178 157 1 153 178 175 1 139 153 114 1 0 0 0 0 0 0 0 0 150 122 129 1 126 142 135 1 0 0 0 0 124 127 109 1 0 0 0 0 87 97 97 1 107 154 119 1 126 173 78 1 117 144 122 1 120 150 158 1 142 120 92 1 0 0 0 0 115 163 142 1 116 135 120 1 91 125 141 1 88 154 149 1 0 0 0 0 103 137 139 1 92 140 123 1 76 124 126 1 132 139 125 1 107 75 133 1 79 121 159 1 100 122 118 1 141 165 167 1 143 181 168 1 116 120 140 1 150 137 133 1 103 127 152 1 98 90 116 1 100 129 144 1 19 122 65 1 40 52 66 1 0 0 0 0 60 60 47 1 63 87 92 1 24 111 94 1 102 163 139 1 106 170 148 1 146 155 161 1 138 156 188 1 162 164 135 1 119 174 184 1 0 0 0 0 142 150 172 1 64 112 120 1 105 114 100 1 94 99 117 1 52 65 130 1 88 122 124 1
149 157 102 1 184 172 140 1 190 192 128 1 101 166 136 1 133 132 134 1 112 160 111 1 145 108 136 1 117 130 105 1 148 136 104 1 118 134 133 1 139 95 114 1 135 120 108 1 145 117 153 1 133 149 77 1 116 109 151 1 135 87 132 1 90 133 85 1 74 108 100 1 77 120 105 1 91 124 133 1 25 122 104 1 0 0 0 0 87 85 112 1 57 71 104 1 58 66 79 1 65 109 81 1 62 77 100 1 76 53 103 1 98 88 100 1 71 65 82 1 55 112 61 1 81 132 116 1 101 156 147 1 122 143 107 1 121 118 189 1 99 126 132 1 71 96 153 1 85 71 105 1 80 71 108 1 46 125 103 1 38 53 67 1 85 53 79 1 41 45 70 1 67 48 102 1 45 98 80 1 73 109 70 1 77 169 115 1 92 191 152 1 143 153 113 1 143 124 131 1 124 141 138 1 135 170 153 1 134 115 143 1 104 98 142 1 0 0 0 0 63 136 89 1 74 93 117 1 63 88 76 1 77 124 61 1 69 116 115 1 103 88 118 1
165 157 130 1 166 167 168 1 159 128 170 1 130 167 122 1 157 139 118 1 0 0 0 0 0 0 0 0 100 108 159 1 109 141 89 1 106 100 104 1 120 133 76 1 0 0 0 0 126 121 118 1 0 0 0 0 123 107 89 1 127 100 125 1 120 85 93 1 0 0 0 0 0 0 0 0 86 84 70 1 52 104 99 1 60 91 99 1 69 54 55 1 0 0 0 0 93 96 99 1 49 80 83 1 70 83 116 1 46 123 57 1 62 77 85 1 0 0 0 0 51 129 139 1 86 110 113 1 132 135 112 1 130 126 154 1 53 151 146 1 110 141 138 1 105 101 128 1 81 86 107 1 65 107 69 1 32 82 72 1 0 0 0 0 58 92 79 1 78 113 71 1 113 109 83 1 84 89 124 1 0 0 0 0 122 160 130 1 149 146 178 1 140 165 173 1 118 139 160 1 94 115 115 1 93 95 135 1 63 50 130 1 40 71 104 1 65 96 79 1 49 99 79 1 0 0 0 0 0 0 0 0 83 110 110 1 119 169 126 1 128 143 137 1
177 152 139 1 115 124 163 1 153 126 103 1 94 146 108 1 135 141 125 1 0 0 0 0 93 100 85 1 150 85 73 1 46 102 86 1 95 95 98 1 88 107 119 1 111 106 97 1 69 91 98 1 64 122 76 1 59 102 100 1 34 48 96 1 75 59 69 1 30 49 65 1 57 92 85 1 47 49 93 1 34 42 69 1 37 44 81 1 38 22 0 1 0 23 76 1 18 57 79 1 51 52 21 1 31 48 65 1 0 0 0 0 67 78 79 1 40 110 91 1 30 79 52 1 69 67 70 1 100 139 120 1 78 158 141 1 0 0 0 0 44 93 70 1 59 68 64 1 44 42 61 1 35 81 24 1 11 57 66 1 77 91 96 1 66 88 90 1 0 0 0 0 100 135 182 1 123 126 147 1 168 180 176 1 165 172 182 1 193 149 210 1 82 89 108 1 65 111 125 1 78 78 68 1 30 53 32 1 0 97 97 1 56 39 65 1 59 36 72 1 51 66 57 1 76 130 124 1 126 116 109 1 107 121 191 1 121 162 182 1 0 0 0 0
147 93 101 1 121 111 121 1 100 124 114 1 68 125 63 1 107 135 85 1 89 69 102 1 101 120 121 1 77 102 102 1 66 121 83 1 54 97 104 1 82 132 122 1 47 118 78 1 77 84 96 1 50 78 77 1 0 0 0 0 14 71 78 1 22 25 54 1 60 68 62 1 14 48 47 1 0 0 0 0 7 24 12 1 31 29 60 1 20 21 48 1 49 68 30 1 18 75 52 1 27 71 44 1 0 0 0 0 24 89 31 1 44 92 49 1 0 0 0 0 65 75 90 1 59 97 70 1 79 84 73 1 61 82 81 1 75 81 76 1 41 80 85 1 44 78 60 1 0 0 0 0 58 69 107 1 0 0 0 0 116 154 116 1 90 151 164 1 131 131 172 1 0 0 0 0 119 139 155 1 132 162 133 1 61 151 138 1 53 115 168 1 43 92 82 1 30 71 85 1 37 102 64 1 22 30 64 1 31 98 93 1 0 0 0 0 80 109 94 1 57 133 112 1 144 165 117 1 150 174 149 1 184 161 157 1 177 195 193 1 169 202 213 1
119 127 142 1 107 122 81 1 86 78 121 1 44 70 92 1 38 59 79 1 68 75 71 1 0 0 0 0 81 91 89 1 63 87 89 1 80 81 129 1 51 85 94 1 55 68 120 1 42 90 88 1 30 50 84 1 41 12 99 1 28 69 49 1 17 51 17 1 38 40 38 1 0 53 87 1 33 53 38 1 9 6 53 1 20 31 71 1 17 30 37 1 44 58 68 1 37 23 12 1 30 83 100 1 0 0 0 0 0 0 0 0 11 48 60 1 14 55 41 1 21 57 42 1 25 89 82 1 30 137 64 1 91 115 85 1 0 0 0 0 44 120 72 1 70 66 97 1 103 92 102 1 91 117 144 1 0 0 0 0 123 159 148 1 0 0 0 0 104 180 137 1 115 148 170 1 97 145 159 1 120 156 155 1 0 0 0 0 57 107 83 1 0 49 65 1 0 63 62 1 11 38 62 1 29 55 65 1 71 44 98 1 112 76 89 1 84 105 133 1 107 150 124 1 155 165 157 1 170 182 178 1 171 199 168 1 170 162 194 1 169 165 161 1
102 106 97 1 124 145 143 1 114 105 95 1 62 134 83 1 67 71 114 1 93 71 119 1 41 107 70 1 99 98 87 1 131 112 87 1 64 72 98 1 0 0 0 0 66 18 39 1 0 0 0 0 0 50 35 1 0 0 19 1 16 14 6 1 44 24 4 1 10 21 39 1 0 20 7 1 0 0 0 0 12 38 41 1 4 33 55 1 5 105 45 1 46 56 41 1 40 25 40 1 78 50 110 1 62 104 82 1 58 71 77 1 0 0 0 0 44 153 109 1 0 0 0 0 99 145 113 1 116 110 127 1 65 145 146 1 0 0 0 0 105 173 113 1 117 175 142 1 142 163 135 1 116 152 140 1 126 168 103 1 0 0 0 0 0 0 0 0 101 144 136 1 67 89 116 1 23 106 85 1 32 65 55 1 36 65 53 1 0 0 0 0 32 91 83 1 67 113 120 1 89 129 147 1 119 133 113 1 123 145 154 1 126 161 160 1 163 152 160 1 158 196 197 1 178 186 208 1 158 173 163 1 147 175 188 1 191 126 141 1 107 152 169 1
81 100 98 1 0 0 0 0 122 84 107 1 112 119 119 1 99 144 78 1 37 92 68 1 52 58 96 1 78 97 93 1 77 34 89 1 54 31 71 1 0 29 47 1 11 11 34 1 37 39 61 1 37 10 29 1 15 24 38 1 26 33 10 1 16 0 49 1 39 24 66 1 32 63 54 1 23 51 35 1 14 34 49 1 0 0 0 0 42 65 67 1 49 60 106 1 0 0 0 0 0 0 0 0 66 85 105 1 19 106 106 1 86 109 102 1 90 132 58 1 91 137 148 1 107 110 126 1 104 182 125 1 119 158 116 1 100 157 86 1 120 145 122 1 99 163 131 1 104 180 172 1 86 119 136 1 154 141 142 1 76 111 126 1 117 124 101 1 85 70 86 1 66 104 144 1 36 122 95 1 50 103 115 1 0 0 0 0 56 65 91 1 106 120 154 1 110 138 102 1 119 154 169 1 82 161 182 1 0 0 0 0 157 167 182 1 203 175 121 1 92 219 172 1 0 0 0 0 191 152 187 1 118 183 156 1 160 140 178 1 121 190 149 1
63 92 81 1 131 94 121 1 75 80 113 1 81 123 77 1 101 78 113 1 56 107 88 1 110 64 124 1 67 57 73 1 61 61 68 1 0 33 34 1 0 17 50 1 35 14 7 1 0 57 73 1 31 58 28 1 28 35 38 1 1 65 39 1 64 59 63 1 8 36 77 1 54 38 87 1 58 101 60 1 31 64 74 1 0 0 0 0 57 110 102 1 81 80 90 1 109 93 144 1 107 147 156 1 135 149 169 1 139 143 140 1 0 0 0 0 156 149 105 1 160 165 170 1 105 194 166 1 107 177 141 1 124 136 107 1 114 168 116 1 146 162 102 1 0 0 0 0 0 0 0 0 89 152 104 1 0 0 0 0 76 109 93 1 85 98 62 1 81 101 110 1 77 114 70 1 93 87 97 1 36 146 96 1 0 0 0 0 131 124 104 1 145 184 188 1 163 172 201 1 144 200 211 1 157 188 195 1 153 192 143 1 145 213 177 1 235 226 144 1 156 159 161 1 99 189 157 1 76 148 122 1 91 83 134 1 120 104 147 1 128 166 145 1
59 109 91 1 45 86 98 1 41 74 59 1 26 49 64 1 52 65 68 1 19 51 51 1 60 30 56 1 0 0 0 0 27 25 48 1 32 7 43 1 24 61 66 1 0 0 0 0 55 48 71 1 50 48 41 1 42 22 79 1 0 0 0 0 43 99 109 1 86 94 76 1 66 100 104 1 71 62 48 1 104 108 106 1 113 142 120 1 101 124 150 1 115 142 130 1 134 187 135 1 100 184 176 1 149 181 156 1 167 167 172 1 146 177 176 1 157 150 124 1 130 129 143 1 126 166 124 1 101 143 187 1 130 158 141 1 55 134 132 1 0 0 0 0 108 159 171 1 100 136 105 1 128 147 174 1 0 0 0 0 125 137 85 1 116 153 150 1 127 163 122 1 114 100 129 1 144 116 135 1 138 186 140 1 167 170 191 1 0 0 0 0 0 0 0 0 167 158 183 1 187 157 195 1 166 224 168 1 157 159 198 1 112 143 127 1 116 143 168 1 109 101 108 1 122 160 149 1 94 152 147 1 112 122 154 1 93 120 170 1 145 120 146 1
0 0 0 0 74 89 71 1 38 44 67 1 7 65 29 1 31 25 20 1 43 83 73 1 40 79 21 1 0 0 0 0 0 0 0 0 61 0 66 1 35 83 81 1 71 87 105 1 58 67 53 1 94 54 81 1 0 0 0 0 0 0 0 0 133 91 90 1 92 93 65 1 58 105 112 1 101 130 115 1 158 119 125 1 121 116 126 1 129 154 132 1 184 204 182 1 167 170 174 1 160 194 163 1 168 230 170 1 186 167 163 1 164 157 142 1 105 179 149 1 149 137 156 1 0 0 0 0 127 144 158 1 102 111 113 1 0 0 0 0 90 115 132 1 90 148 109 1 132 145 125 1 145 156 127 1 0 0 0 0 151 154 117 1 147 139 138 1 136 139 155 1 144 160 168 1 138 131 183 1 0 0 0 0 0 0 0 0 160 226 156 1 195 208 178 1 159 197 211 1 0 0 0 0 147 191 147 1 156 183 188 1 134 156 105 1 0 0 0 0 110 117 116 1 92 140 155 1 120 184 177 1 0 0 0 0 142 191 146 1 143 182 167 1
15 46 37 1 40 69 51 1 46 28 77 1 33 50 10 1 0 0 0 0 26 93 66 1 41 81 88 1 36 74 77 1 64 112 105 1 93 139 105 1 0 0 0 0 133 125 127 1 108 120 161 1 133 112 118 1 144 154 115 1 164 135 163 1 113 101 101 1 139 129 105 1 0 0 0 0 156 143 155 1 125 164 174 1 152 192 195 1 186 238 193 1 182 215 192 1 0 0 0 0 0 0 0 0 192 188 190 1 194 186 160 1 0 0 0 0 165 142 134 1 117 150 147 1 115 197 151 1 0 0 0 0 169 173 174 1 189 207 149 1 163 172 158 1 137 199 136 1 159 155 139 1 126 173 138 1 126 173 150 1 0 0 0 0 161 222 174 1 176 186 170 1 195 235 173 1 204 180 211 1 194 223 198 1 182 205 197 1 191 215 198 1 174 177 196 1 181 176 191 1 158 143 121 1 115 186 114 1 134 114 94 1 127 118 172 1 56 134 130 1 85 154 101 1 104 136 161 1 112 168 143 1 119 145 173 1 160 185 192 1 167 196 188 1
43 56 53 1 63 78 82 1 46 70 60 1 18 65 65 1 62 86 85 1 90 127 65 1 138 141 126 1 130 138 105 1 92 125 135 1 145 129 104 1 86 148 130 1 87 145 118 1 148 137 142 1 128 135 153 1 126 140 178 1 154 125 163 1 174 148 181 1 173 167 178 1 188 205 158 1 168 190 177 1 183 195 166 1 183 229 178 1 168 189 157 1 0 0 0 0 225 225 219 1 202 200 155 1 222 191 138 1 138 160 131 1 134 105 156 1 0 0 0 0 156 158 164 1 195 208 167 1 178 177 142 1 164 191 141 1 186 191 170 1 225 215 160 1 200 184 217 1 180 211 194 1 0 0 0 0 0 0 0 0 206 218 159 1 185 225 175 1 238 193 179 1 183 212 151 1 204 162 191 1 190 189 194 1 171 190 168 1 151 153 179 1 121 152 140 1 120 136 129 1 146 133 166 1 135 177 154 1 101 142 137 1 123 102 147 1 90 167 126 1 114 147 181 1 0 0 0 0 104 159 190 1 0 0 0 0 145 156 186 1 136 193 131 1
103 104 61 1 0 0 0 0 100 86 126 1 102 106 73 1 115 134 119 1 138 158 135 1 121 109 143 1 0 0 0 0 0 0 0 0 0 0 0 0 130 126 131 1 144 155 156 1 148 146 174 1 181 142 129 1 172 195 150 1 168 154 167 1 230 198 187 1 222 208 164 1 220 217 181 1 194 255 197 1 218 225 194 1 201 247 208 1 168 218 200 1 221 156 196 1 182 176 183 1 178 191 192 1 125 175 137 1 149 140 130 1 164 153 147 1 159 164 100 1 179 164 188 1 141 175 155 1 183 192 195 1 189 164 159 1 0 0 0 0 0 0 0 0 198 216 193 1 228 212 207 1 215 215 207 1 195 244 212 1 219 232 206 1 0 0 0 0 0 0 0 0 195 234 177 1 190 251 195 1 159 208 168 1 140 176 148 1 147 124 124 1 140 115 125 1 86 140 116 1 46 127 135 1 0 0 0 0 115 170 170 1 144 140 188 1 130 165 146 1 162 140 146 1 142 139 155 1 118 172 153 1 87 131 121 1 129 123 114 1 0 0 0 0
101 115 131 1 129 104 120 1 0 0 0 0 99 146 160 1 117 124 139 1 181 109 141 1 100 124 122 1 0 0 0 0 196 134 164 1 203 235 171 1 185 160 172 1 221 239 193 1 0 0 0 0 211 230 190 1 216 217 192 1 0 0 0 0 163 220 198 1 189 213 187 1 0 0 0 0 178 173 160 1 157 139 177 1 152 131 125 1 107 148 129 1 152 115 91 1 140 104 78 1 0 0 0 0 150 129 106 1 153 99 130 1 182 177 158 1 203 181 167 1 199 160 186 1 208 251 219 1 253 228 214 1 197 253 227 1 178 222 196 1 226 255 249 1 237 246 224 1 216 221 218 1 186 192 181 1 208 234 170 1 197 148 171 1 126 186 196 1 152 183 179 1 168 143 157 1 119 148 124 1 89 135 130 1 70 118 132 1 93 86 106 1 109 109 111 1 90 108 116 1 119 100 119 1 102 134 144 1 0 0 0 0 54 133 117 1 123 148 120 1 102 141 170 1 103 136 135 1 57 118 107 1 78 127 123 1 104 121 110 1 54 110 90 1
133 160 153 1 147 145 129 1 148 145 141 1 124 133 123 1 111 128 145 1 131 145 154 1 137 148 149 1 161 195 117 1 187 206 177 1 203 170 155 1 162 183 183 1 202 192 205 1 185 201 196 1 214 204 196 1 205 185 141 1 144 199 227 1 191 176 165 1 146 183 164 1 199 163 131 1 181 156 151 1 138 161 152 1 162 146 160 1 130 156 126 1 129 136 105 1 146 104 126 1 99 151 144 1 182 136 188 1 187 167 167 1 200 206 184 1 0 0 0 0 193 203 211 1 180 164 212 1 0 0 0 0 246 239 192 1 238 221 195 1 217 178 184 1 151 197 184 1 228 250 168 1 200 207 175 1 190 182 171 1 152 179 130 1 152 151 164 1 144 148 155 1 114 148 131 1 105 136 119 1 102 87 57 1 93 70 122 1 107 128 137 1 76 118 130 1 82 166 125 1 95 165 133 1 89 154 111 1 87 124 110 1 0 0 0 0 107 134 80 1 111 150 188 1 93 98 148 1 119 152 116 1 66 86 108 1 81 92 126 1 83 103 94 1
0 0 0 0 112 158 134 1 145 154 144 1 105 143 178 1 162 162 148 1 195 173 171 1 142 175 146 1 132 156 147 1 220 234 156 1 169 188 196 1 0 0 0 0 0 0 0 0 204 177 142 1 157 179 144 1 155 136 145 1 156 130 120 1 130 122 104 1 164 167 107 1 116 156 89 1 142 144 116 1 0 0 0 0 122 125 117 1 127 178 122 1 188 155 139 1 196 171 204 1 194 184 164 1 201 230 190 1 0 0 0 0 220 214 217 1 196 216 151 1 219 212 183 1 199 185 175 1 175 186 225 1 211 233 215 1 148 211 184 1 201 184 172 1 179 157 195 1 174 139 151 1 137 155 164 1 167 89 162 1 140 114 142 1 89 103 85 1 86 97 84 1 59 119 86 1 106 105 91 1 0 0 0 0 129 94 68 1 78 106 90 1 111 115 135 1 97 141 186 1 114 163 106 1 106 132 145 1 124 131 163 1 39 130 107 1 0 0 0 0 92 116 96 1 81 132 118 1 56 151 116 1 67 95 124 1 39 78 101 1 66 67 91 1
0 0 0 0 118 195 141 1 157 117 119 1 0 0 0 0 0 0 0 0 187 176 172 1 160 196 145 1 147 140 155 1 0 0 0 0 141 149 121 1 137 170 162 1 150 164 124 1 141 120 118 1 151 143 125 1 161 134 129 1 148 130 110 1 120 166 170 1 184 116 183 1 168 173 108 1 177 169 135 1 176 155 118 1 0 0 0 0 195 201 181 1 177 186 181 1 170 194 160 1 210 239 223 1 0 0 0 0 187 226 231 1 197 175 212 1 186 184 170 1 143 182 189 1 0 0 0 0 121 125 131 1 130 188 150 1 147 138 128 1 111 106 80 1 112 110 131 1 95 91 108 1 87 100 108 1 102 59 99 1 60 102 97 1 89 112 108 1 0 0 0 0 88 108 60 1 94 82 75 1 54 99 127 1 0 0 0 0 131 140 138 1 88 147 123 1 69 117 123 1 0 0 0 0 0 0 0 0 76 67 152 1 32 82 103 1 65 69 71 1 0 0 0 0 0 0 0 0 0 0 0 0 30 89 125 1 79 100 127 1 62 92 88 1
189 148 156 1 0 0 0 0 131 156 175 1 147 180 153 1 157 171 122 1 0 0 0 0 184 147 125 1 186 148 132 1 149 137 107 1 167 115 107 1 110 135 88 1 114 125 99 1 147 153 87 1 149 122 136 1 186 147 101 1 191 158 114 1 0 0 0 0 0 0 0 0 190 191 140 1 169 159 146 1 0 0 0 0 183 147 207 1 156 180 178 1 195 192 194 1 186 205 195 1 224 204 236 1 194 220 234 1 152 187 189 1 196 202 218 1 201 178 221 1 132 141 165 1 128 138 181 1 112 114 61 1 85 113 111 1 92 145 81 1 52 62 61 1 87 119 82 1 55 110 73 1 93 110 126 1 54 92 77 1 62 96 97 1 48 93 82 1 99 94 74 1 59 146 66 1 56 154 114 1 145 129 131 1 104 136 142 1 124 159 181 1 65 111 130 1 89 101 95 1 0 0 0 0 82 96 113 1 30 102 82 1 17 60 85 1 70 98 99 1 59 91 123 1 30 77 93 1 39 72 75 1 76 113 119 1 39 82 96 1 56 63 100 1
78 109 91 1 116 87 82 1 93 109 93 1 104 87 102 1 136 91 86 1 94 71 71 1 126 98 85 1 115 104 103 1 79 53 89 1 101 64 49 1 0 0 0 0 166 153 108 1 159 209 147 1 204 174 165 1 163 206 193 1 157 203 183 1 197 154 157 1 200 209 191 1 238 177 124 1 175 218 165 1 179 174 167 1 0 0 0 0 168 183 199 1 186 188 116 1 157 123 122 1 186 177 180 1 124 178 128 1 133 173 132 1 143 168 137 1 103 211 146 1 119 125 144 1 95 96 136 1 82 109 125 1 53 82 64 1 46 78 101 1 71 98 40 1 62 67 58 1 39 59 98 1 45 93 61 1 42 76 104 1 76 51 117 1 91 82 99 1 129 109 103 1 148 107 151 1 109 149 128 1 69 132 122 1 97 117 113 1 90 136 138 1 8 70 73 1 22 84 61 1 17 42 38 1 27 51 37 1 0 39 99 1 0 41 67 1 39 55 86 1 12 72 37 1 58 96 89 1 47 95 92 1 54 78 28 1 67 97 114 1 36 133 117 1
83 85 65 1 94 79 81 1 92 80 76 1 0 0 0 0 107 117 121 1 82 92 58 1 122 129 90 1 151 118 105 1 137 164 138 1 178 185 132 1 186 182 161 1 198 143 158 1 179 206 183 1 227 208 204 1 225 221 202 1 194 231 209 1 195 154 160 1 191 181 179 1 130 209 156 1 0 0 0 0 138 176 149 1 0 0 0 0 166 139 149 1 132 135 135 1 152 147 140 1 149 137 143 1 155 136 174 1 0 0 0 0 118 129 153 1 0 0 0 0 72 99 105 1 77 78 94 1 81 76 56 1 35 64 72 1 92 85 79 1 23 65 63 1 60 48 72 1 27 102 73 1 48 55 80 1 61 104 49 1 54 121 112 1 51 103 108 1 100 113 145 1 45 119 96 1 9 92 136 1 28 127 85 1 63 60 105 1 36 27 93 1 6 58 42 1 0 0 0 0 0 60 51 1 0 79 28 1 0 0 0 0 1 47 40 1 0 0 0 0 17 78 73 1 45 109 61 1 61 95 88 1 76 82 104 1 107 90 145 1 65 113 88 1
84 68 73 1 80 84 72 1 64 66 69 1 87 71 8 1 72 95 76 1 122 118 53 1 140 143 131 1 113 138 104 1 197 150 164 1 195 184 206 1 223 206 202 1 0 0 0 0 203 219 188 1 184 185 164 1 205 156 162 1 197 179 138 1 166 159 156 1 171 149 179 1 184 164 143 1 161 153 137 1 109 124 118 1 150 182 157 1 148 169 147 1 117 160 112 1 0 0 0 0 131 163 153 1 97 163 134 1 113 121 90 1 89 113 104 1 51 114 44 1 56 54 115 1 96 41 71 1 94 80 99 1 6 51 49 1 36 52 59 1 28 69 86 1 50 94 75 1 21 72 55 1 72 87 105 1 38 136 126 1 81 127 148 1 71 115 75 1 76 138 138 1 38 96 57 1 46 89 102 1 6 58 36 1 19 72 56 1 0 29 24 1 12 30 63 1 1 69 84 1 10 44 72 1 28 51 56 1 2 49 48 1 34 70 89 1 11 69 43 1 72 61 116 1 0 0 0 0 43 103 161 1 0 0 0 0 65 150 119 1 70 78 117 1
118 136 108 1 131 112 123 1 125 138 130 1 140 150 139 1 179 153 148 1 198 182 176 1 216 207 175 1 175 231 208 1 0 0 0 0 195 235 174 1 203 153 124 1 205 194 122 1 177 186 169 1 143 139 146 1 149 173 136 1 153 173 141 1 140 126 156 1 0 0 0 0 152 160 164 1 139 141 175 1 132 164 127 1 0 0 0 0 113 142 103 1 84 141 138 1 78 130 105 1 81 134 119 1 0 0 0 0 46 35 61 1 39 84 102 1 41 116 57 1 0 0 0 0 0 0 0 0 15 31 78 1 0 0 0 0 11 92 105 1 96 105 97 1 41 76 63 1 0 0 0 0 40 56 113 1 79 105 87 1 33 55 59 1 1 53 78 1 16 57 48 1 27 78 53 1 0 71 43 1 0 44 24 1 35 66 13 1 10 49 35 1 30 34 56 1 17 69 67 1 0 79 72 1 28 116 73 1 27 123 98 1 78 92 99 1 65 134 156 1 67 124 97 1 53 120 119 1 69 156 116 1 89 127 107 1 61 107 108 1 45 90 111 1
138 147 133 1 0 0 0 0 0 0 0 0 178 111 147 1 160 138 209 1 0 0 0 0 213 190 174 1 184 147 171 1 186 171 167 1 189 167 150 1 197 195 181 1 146 163 138 1 175 164 138 1 0 0 0 0 141 160 112 1 119 162 176 1 101 181 186 1 175 145 151 1 138 118 166 1 128 164 146 1 130 156 161 1 0 0 0 0 86 95 132 1 134 134 126 1 89 118 105 1 0 0 0 0 45 99 97 1 0 0 0 0 70 53 39 1 0 0 0 0 43 93 72 1 29 49 76 1 54 76 66 1 28 107 70 1 55 72 102 1 52 106 104 1 61 72 109 1 8 55 84 1 68 94 96 1 44 40 102 1 66 125 92 1 76 56 100 1 17 77 72 1 35 29 70 1 0 55 51 1 8 48 54 1 29 98 70 1 40 116 104 1 47 89 111 1 58 115 111 1 47 95 85 1 34 110 58 1 29 115 113 1 63 131 131 1 67 163 156 1 127 141 135 1 136 126 124 1 104 144 147 1 83 143 109 1 54 122 144 1 53 115 158 1
182 181 176 1 165 193 185 1 182 188 159 1 184 155 185 1 145 149 136 1 117 180 165 1 144 141 108 1 127 166 172 1 0 0 0 0 144 154 126 1 157 144 163 1 85 153 93 1 155 139 106 1 93 159 140 1 162 142 109 1 161 169 139 1 145 114 124 1 139 179 156 1 0 0 0 0 112 155 127 1 127 178 147 1 108 113 139 1 113 141 117 1 94 138 105 1 87 65 98 1 0 0 0 0 67 89 78 1 45 80 83 1 46 92 98 1 49 75 93 1 45 58 65 1 0 0 0 0 33 75 84 1 41 97 93 1 34 79 103 1 39 85 93 1 0 0 0 0 8 78 103 1 29 54 87 1 66 89 64 1 22 75 100 1 23 98 60 1 16 121 102 1 35 50 73 1 11 98 82 1 70 125 92 1 10 95 63 1 44 112 121 1 92 104 73 1 38 87 122 1 91 150 109 1 88 114 115 1 88 117 104 1 98 73 139 1 100 127 129 1 102 103 132 1 101 204 173 1 0 0 0 0 114 134 174 1 88 181 157 1 79 110 106 1
190 128 158 1 118 164 173 1 145 116 132 1 106 118 137 1 97 114 97 1 89 121 99 1 115 119 114 1 130 125 96 1 113 88 113 1 105 90 73 1 78 86 60 1 73 101 116 1 106 115 83 1 105 108 98 1 127 137 114 1 144 149 112 1 117 109 140 1 119 130 148 1 0 0 0 0 0 0 0 0 66 122 128 1 63 126 98 1 69 81 123 1 90 94 65 1 24 74 89 1 34 79 90 1 40 30 70 1 41 65 107 1 18 89 102 1 62 88 74 1 25 78 116 1 51 106 63 1 49 106 150 1 77 79 167 1 74 90 102 1 80 125 92 1 22 84 95 1 53 99 100 1 0 113 132 1 90 122 114 1 0 0 0 0 0 0 0 0 32 111 118 1 92 109 111 1 56 147 145 1 62 159 172 1 79 130 130 1 85 145 194 1 0 0 0 0 0 0 0 0 119 153 147 1 116 145 173 1 68 182 182 1 130 178 136 1 147 162 166 1 133 164 158 1 60 141 137 1 90 151 145 1 76 105 127 1 72 73 135 1 68 92 84 1
148 136 121 1 136 154 126 1 90 93 136 1 119 56 105 1 99 66 120 1 140 118 148 1 107 140 93 1 87 64 81 1 20 111 47 1 78 100 106 1 93 99 115 1 91 112 62 1 66 106 89 1 103 92 87 1 106 92 112 1 129 77 122 1 117 65 103 1 89 98 100 1 66 87 110 1 91 109 108 1 0 0 0 0 57 34 148 1 49 83 71 1 27 48 66 1 27 67 63 1 19 90 91 1 33 56 70 1 34 53 89 1 8 94 97 1 24 84 113 1 0 0 0 0 34 87 135 1 33 111 73 1 81 98 113 1 44 64 96 1 47 104 112 1 53 91 90 1 57 98 104 1 81 79 138 1 0 0 0 0 77 88 140 1 115 148 164 1 73 141 160 1 93 143 112 1 110 145 169 1 108 155 176 1 129 167 170 1 89 126 152 1 112 157 182 1 105 183 153 1 135 161 204 1 0 0 0 0 122 164 180 1 168 153 142 1 149 153 183 1 112 159 146 1 83 147 163 1 90 99 167 1 115 114 105 1 58 108 93 1 69 82 103 1
0 0 0 0 114 111 65 1 45 91 61 1 36 104 96 1 84 43 34 1 29 42 0 1 77 41 48 1 0 0 0 0 20 49 77 1 69 40 56 1 0 0 0 0 49 77 42 1 134 101 108 1 65 114 83 1 0 0 0 0 69 98 63 1 92 66 98 1 59 66 86 1 37 68 53 1 6 40 68 1 23 57 86 1 45 53 64 1 0 0 0 0 0 47 66 1 21 22 66 1 6 21 98 1 24 91 110 1 0 74 113 1 59 56 91 1 47 96 72 1 50 111 108 1 38 97 72 1 57 98 157 1 31 115 127 1 84 108 126 1 105 119 136 1 93 145 179 1 104 152 181 1 105 113 181 1 85 116 179 1 62 157 161 1 0 0 0 0 112 210 244 1 114 186 179 1 119 206 151 1 133 154 221 1 155 145 168 1 142 158 196 1 129 181 212 1 155 200 152 1 118 211 177 1 146 154 162 1 118 175 183 1 102 171 138 1 124 161 169 1 84 133 138 1 46 118 174 1 100 78 155 1 57 131 122 1 40 112 124 1 45 112 117 1
81 86 58 1 67 91 102 1 70 68 48 1 47 51 67 1 56 16 123 1 0 0 0 0 28 56 23 1 61 46 49 1 28 99 82 1 23 66 76 1 58 63 57 1 71 73 79 1 73 41 54 1 45 65 57 1 34 21 73 1 25 43 86 1 19 44 57 1 63 74 20 1 43 80 58 1 22 6 79 1 30 75 64 1 6 58 49 1 19 61 87 1 0 0 0 0 41 65 89 1 23 87 83 1 38 70 94 1 81 92 112 1 44 101 102 1 71 108 102 1 43 92 110 1 81 107 115 1 12 61 74 1 69 125 108 1 55 140 165 1 60 135 194 1 130 145 165 1 112 137 183 1 137 163 203 1 165 130 204 1 103 157 175 1 132 169 192 1 48 147 178 1 0 0 0 0 140 161 182 1 105 147 174 1 128 192 174 1 0 0 0 0 153 157 196 1 140 149 188 1 0 0 0 0 112 154 187 1 120 151 185 1 94 122 118 1 99 138 149 1 84 163 148 1 58 143 166 1 101 129 137 1 97 151 151 1 143 94 149 1 98 111 125 1
65 110 80 1 55 90 71 1 50 104 126 1 63 122 73 1 53 52 77 1 0 0 0 0 13 36 47 1 79 33 74 1 26 62 68 1 16 62 75 1 17 45 53 1 43 35 49 1 45 20 76 1 39 3 0 1 20 15 24 1 24 7 43 1 29 6 27 1 18 0 32 1 19 7 45 1 0 0 37 1 37 62 34 1 28 55 57 1 29 84 52 1 0 112 51 1 26 60 94 1 39 24 77 1 29 94 91 1 65 107 101 1 76 70 91 1 66 110 128 1 58 126 83 1 78 104 105 1 91 129 141 1 102 119 107 1 66 151 148 1 119 167 163 1 161 152 177 1 100 148 210 1 121 156 184 1 0 0 0 0 80 192 179 1 101 146 144 1 96 135 162 1 92 119 164 1 121 143 156 1 92 142 187 1 111 196 218 1 123 155 184 1 129 145 144 1 120 132 138 1 109 130 139 1 0 0 0 0 137 128 148 1 58 155 171 1 76 123 130 1 53 161 166 1 0 0 0 0 105 158 164 1 142 138 144 1 114 143 156 1 103 98 159 1
77 76 96 1 60 82 97 1 65 90 60 1 36 54 44 1 63 40 65 1 72 76 67 1 8 77 83 1 24 70 54 1 9 73 53 1 24 38 46 1 13 62 51 1 1 36 33 1 0 67 0 1 0 0 26 1 26 29 20 1 0 10 15 1 10 45 33 1 0 33 33 1 30 60 30 1 0 0 0 0 51 87 74 1 56 79 63 1 49 105 109 1 22 91 81 1 55 96 117 1 43 77 151 1 69 123 116 1 33 77 103 1 68 119 128 1 92 57 142 1 105 132 183 1 77 111 127 1 0 0 0 0 97 185 146 1 109 127 162 1 99 123 183 1 0 0 0 0 80 154 129 1 96 123 143 1 77 163 175 1 146 131 112 1 65 117 130 1 83 127 122 1 64 120 139 1 86 108 127 1 85 120 124 1 96 89 140 1 0 0 0 0 64 111 148 1 105 123 146 1 48 101 152 1 93 122 137 1 85 120 156 1 0 0 0 0 126 159 174 1 106 147 141 1 73 153 142 1 89 103 108 1 88 92 98 1 5 80 117 1 49 89 111 1
29 75 48 1 66 93 59 1 58 70 90 1 30 70 49 1 16 70 68 1 71 91 35 1 13 67 66 1 60 84 35 1 13 9 35 1 0 0 0 0 60 38 29 1 0 54 82 1 25 40 25 1 30 0 6 1 0 0 0 0 9 25 20 1 0 0 4 1 14 30 47 1 12 62 49 1 0 0 0 0 58 61 56 1 56 94 94 1 72 105 77 1 52 103 131 1 0 0 0 0 41 113 151 1 88 94 153 1 42 89 162 1 97 139 137 1 80 114 140 1 87 143 157 1 107 130 136 1 84 119 151 1 104 115 166 1 129 154 173 1 112 161 141 1 102 141 114 1 88 146 120 1 118 137 125 1 71 107 160 1 52 108 107 1 32 73 138 1 0 0 0 0 55 106 100 1 67 91 149 1 36 127 118 1 33 77 128 1 56 99 85 1 88 111 121 1 76 97 177 1 95 118 103 1 69 119 134 1 86 140 108 1 73 95 163 1 61 132 154 1 71 80 71 1 103 84 66 1 86 102 117 1 71 85 82 1 41 109 135 1 76 69 97 1
23 52 39 1 54 72 61 1 27 44 38 1 67 61 71 1 21 50 35 1 0 23 65 1 4 36 43 1 38 15 17 1 29 44 58 1 32 24 12 1 0 10 25 1 36 22 27 1 0 0 0 0 0 10 41 1 2 25 11 1 5 29 79 1 30 31 51 1 21 103 76 1 54 76 79 1 39 68 103 1 0 0 0 0 0 0 0 0 41 104 66 1 66 119 151 1 128 174 161 1 114 170 154 1 133 185 160 1 0 0 0 0 128 160 163 1 133 158 170 1 111 135 147 1 117 151 175 1 0 0 0 0 81 106 93 1 62 116 131 1 84 133 79 1 86 143 115 1 71 102 107 1 22 118 95 1 70 77 128 1 75 108 96 1 88 106 100 1 68 70 139 1 0 0 0 0 85 141 136 1 0 0 0 0 88 139 130 1 49 113 109 1 56 76 123 1 65 111 136 1 0 0 0 0 65 76 108 1 58 79 99 1 20 83 62 1 0 94 96 1 30 74 63 1 41 57 52 1 5 67 89 1 25 48 86 1 42 98 143 1 46 125 126 1
34 57 53 1 51 35 39 1 56 48 62 1 30 24 45 1 0 0 0 0 60 0 0 1 32 55 31 1 0 0 0 0 13 48 5 1 14 39 49 1 19 52 50 1 46 84 38 1 28 17 77 1 0 0 0 0 62 107 122 1 30 88 109 1 106 95 96 1 106 112 121 1 98 140 133 1 97 121 135 1 152 195 135 1 129 175 137 1 138 142 172 1 103 205 156 1 100 145 155 1 134 161 173 1 115 107 171 1 0 0 0 0 136 149 130 1 78 116 100 1 90 104 136 1 0 0 0 0 62 120 122 1 41 98 134 1 46 92 123 1 92 76 118 1 54 114 93 1 68 145 150 1 90 159 171 1 85 120 117 1 66 149 130 1 0 0 0 0 108 102 117 1 122 136 110 1 61 83 126 1 47 86 75 1 28 104 95 1 89 66 68 1 33 82 95 1 47 82 83 1 21 68 75 1 77 51 112 1 51 105 99 1 52 92 100 1 62 114 120 1 64 101 110 1 98 128 135 1 106 165 154 1 0 0 0 0 119 141 148 1 125 223 165 1
15 56 44 1 0 38 58 1 14 46 86 1 0 35 51 1 0 0 63 1 0 0 0 0 34 21 14 1 45 1 44 1 33 44 88 1 56 17 79 1 51 32 49 1 0 0 0 0 49 88 81 1 107 128 97 1 47 113 105 1 94 111 114 1 105 124 114 1 116 129 98 1 116 173 132 1 95 165 161 1 123 169 161 1 100 188 164 1 121 177 191 1 125 164 164 1 141 177 174 1 114 168 160 1 121 128 139 1 114 127 138 1 30 95 109 1 62 85 61 1 0 0 0 0 82 93 134 1 56 140 95 1 0 0 0 0 107 93 109 1 86 102 134 1 45 106 76 1 135 91 115 1 111 116 139 1 131 143 129 1 0 0 0 0 114 127 137 1 79 120 139 1 0 0 0 0 85 101 114 1 53 78 86 1 52 114 84 1 61 106 84 1 67 108 83 1 62 110 80 1 59 104 81 1 32 102 111 1 0 0 0 0 88 133 115 1 84 104 111 1 86 155 164 1 86 175 156 1 159 142 180 1 118 161 169 1 0 0 0 0 157 185 210 1
24 2 68 1 0 26 27 1 20 40 66 1 28 69 61 1 36 18 69 1 33 57 79 1 51 68 76 1 0 0 0 0 0 0 0 0 132 117 116 1 80 95 126 1 86 153 130 1 108 124 137 1 107 125 155 1 99 128 138 1 0 0 0 0 127 168 166 1 0 0 0 0 99 174 118 1 105 181 153 1 127 186 141 1 94 149 157 1 91 155 140 1 93 128 127 1 67 90 115 1 71 106 92 1 104 52 61 1 38 81 88 1 59 116 95 1 0 0 0 0 31 67 77 1 62 99 86 1 82 125 88 1 94 96 124 1 109 137 133 1 157 210 170 1 156 149 195 1 0 0 0 0 146 182 177 1 161 198 156 1 82 122 152 1 112 115 126 1 86 120 74 1 70 122 171 1 101 133 123 1 102 154 111 1 77 145 149 1 103 127 112 1 93 106 102 1 113 130 131 1 154 153 180 1 0 0 0 0 159 208 193 1 170 193 177 1 164 197 230 1 185 223 195 1 159 219 229 1 186 210 226 1 191 219 215 1 194 252 228 1 191 221 221 1
45 24 43 1 42 37 64 1 46 49 87 1 91 69 76 1 52 71 108 1 0 0 0 0 57 112 108 1 74 74 85 1 105 101 105 1 73 149 105 1 105 99 154 1 94 90 129 1 0 0 0 0 109 124 117 1 105 82 89 1 0 0 0 0 104 111 105 1 0 0 0 0 113 106 115 1 75 98 128 1 89 110 101 1 0 0 0 0 0 0 0 0 88 59 94 1 54 112 79 1 42 122 108 1 49 92 90 1 69 89 70 1 60 95 83 1 75 95 139 1 139 152 95 1 132 136 112 1 0 0 0 0 165 189 152 1 198 188 161 1 159 183 185 1 156 166 178 1 165 167 185 1 175 154 147 1 103 172 143 1 118 151 133 1 127 135 137 1 121 152 137 1 143 136 133 1 128 149 144 1 0 0 0 0 130 180 184 1 191 180 150 1 160 174 212 1 142 218 177 1 189 196 190 1 145 217 179 1 190 202 200 1 159 160 224 1 144 196 197 1 0 0 0 0 110 165 202 1 0 0 0 0 118 200 192 1 142 160 181 1 128 187 144 1
14 55 54 1 50 66 61 1 91 94 94 1 82 104 121 1 131 113 115 1 130 141 122 1 102 108 152 1 81 134 121 1 87 140 126 1 111 139 139 1 114 124 134 1 123 113 152 1 105 128 108 1 88 103 144 1 51 74 93 1 67 121 133 1 88 94 96 1 69 90 108 1 55 90 114 1 56 115 83 1 73 63 93 1 0 0 0 0 54 72 61 1 16 60 36 1 24 66 48 1 80 96 21 1 83 62 49 1 49 91 89 1 73 112 84 1 0 0 0 0 122 196 137 1 167 179 150 1 146 195 220 1 201 178 172 1 157 204 190 1 214 206 178 1 127 183 162 1 160 157 160 1 132 205 192 1 171 153 142 1 0 0 0 0 114 132 140 1 115 151 165 1 0 0 0 0 153 198 174 1 198 175 144 1 179 181 177 1 0 0 0 0 226 220 208 1 200 252 201 1 169 197 255 1 216 239 228 1 168 255 229 1 153 197 197 1 0 0 0 0 142 208 199 1 80 148 140 1 130 152 143 1 136 97 126 1 92 146 108 1 69 97 116 1
93 151 124 1 116 104 146 1 96 138 152 1 97 120 132 1 67 136 144 1 59 111 90 1 0 0 0 0 93 78 104 1 0 0 0 0 70 110 101 1 0 0 0 0 18 43 63 1 21 46 105 1 0 0 0 0 58 64 83 1 26 69 64 1 44 61 83 1 0 0 0 0 29 72 60 1 49 103 104 1 99 74 63 1 95 96 138 1 41 81 92 1 78 99 93 1 117 136 129 1 191 174 169 1 157 217 178 1 200 232 221 1 0 0 0 0 206 191 183 1 183 238 225 1 217 217 212 1 0 0 0 0 179 233 190 1 175 173 157 1 113 169 156 1 174 205 206 1 157 194 143 1 166 158 179 1 0 0 0 0 181 136 142 1 181 144 157 1 0 0 0 0 210 237 205 1 192 205 157 1 217 204 215 1 202 232 237 1 223 255 240 1 224 247 232 1 187 165 226 1 185 200 175 1 131 131 133 1 122 137 145 1 37 79 83 1 36 58 31 1 42 65 58 1 40 41 72 1 44 37 64 1 18 58 74 1 38 84 51 1 41 44 36 1
0 0 0 0 142 206 158 1 108 138 149 1 92 88 128 1 81 114 120 1 80 61 104 1 90 97 78 1 72 90 74 1 42 67 68 1 11 82 76 1 9 59 59 1 49 85 71 1 0 0 0 0 0 84 80 1 47 105 94 1 71 66 65 1 63 89 87 1 99 113 94 1 107 101 69 1 94 143 112 1 0 0 0 0 62 136 126 1 112 138 125 1 114 171 167 1 0 0 0 0 165 185 160 1 201 167 218 1 187 194 172 1 206 199 195 1 191 165 177 1 162 193 185 1 157 219 177 1 169 168 166 1 144 183 161 1 156 159 153 1 153 161 167 1 162 159 156 1 132 169 156 1 213 193 147 1 128 174 149 1 169 179 170 1 181 203 149 1 183 180 175 1 0 0 0 0 190 199 173 1 186 233 207 1 151 218 170 1 0 0 0 0 150 185 207 1 157 144 216 1 91 137 155 1 76 158 131 1 82 52 49 1 9 64 76 1 7 31 50 1 8 31 63 1 87 37 31 1 0 29 84 1 45 71 65 1 11 53 65 1 65 70 85 1
132 208 167 1 131 176 158 1 72 100 154 1 111 132 128 1 66 93 64 1 79 54 52 1 41 60 57 1 53 110 72 1 0 21 14 1 62 61 32 1 47 30 16 1 47 73 46 1 20 81 41 1 33 75 50 1 105 102 69 1 89 96 95 1 91 130 113 1 142 131 159 1 164 134 152 1 107 160 152 1 131 141 163 1 0 0 0 0 192 227 212 1 170 255 210 1 174 229 255 1 201 228 230 1 200 238 213 1 176 218 204 1 184 189 172 1 0 0 0 0 135 197 166 1 163 193 144 1 147 153 143 1 158 150 101 1 105 171 109 1 139 123 107 1 129 160 179 1 194 156 175 1 180 214 172 1 176 199 137 1 162 206 201 1 155 200 200 1 182 203 147 1 185 154 218 1 208 183 195 1 156 192 201 1 123 194 151 1 127 143 183 1 101 125 128 1 56 93 117 1 59 55 79 1 46 78 83 1 14 57 42 1 0 44 82 1 0 37 73 1 0 0 0 0 0 78 65 1 0 0 0 0 0 0 0 0 58 142 88 1 84 151 106 1
102 109 115 1 62 90 103 1 85 75 85 1 41 70 55 1 39 61 24 1 9 31 63 1 33 60 39 1 24 24 81 1 0 0 0 0 33 83 90 1 45 66 93 1 37 61 125 1 73 103 120 1 101 113 131 1 108 160 145 1 0 0 0 0 122 222 183 1 155 177 181 1 169 219 196 1 130 163 204 1 202 230 161 1 189 192 197 1 157 146 200 1 202 187 190 1 131 162 162 1 98 119 157 1 0 0 0 0 136 86 105 1 133 122 76 1 102 97 126 1 135 127 142 1 0 0 0 0 121 137 118 1 116 131 142 1 156 128 158 1 169 171 153 1 0 0 0 0 222 204 172 1 200 232 255 1 210 255 211 1 196 228 205 1 170 210 163 1 138 186 196 1 150 137 157 1 121 142 135 1 0 0 0 0 95 161 110 1 62 98 92 1 63 102 104 1 36 68 70 1 22 57 36 1 57 70 43 1 55 91 73 1 66 123 97 1 0 0 0 0 99 165 137 1 119 163 152 1 136 159 155 1 132 128 173 1 139 157 183 1 128 197 213 1
106 77 41 1 33 85 74 1 21 64 78 1 40 30 29 1 0 27 47 1 0 7 31 1 24 21 41 1 35 66 61 1 49 67 112 1 57 116 73 1 122 78 93 1 104 141 123 1 132 150 154 1 109 177 181 1 131 179 171 1 172 189 194 1 0 0 0 0 174 222 229 1 190 182 229 1 204 195 160 1 187 186 207 1 0 0 0 0 149 200 197 1 0 0 0 0 142 166 123 1 161 156 115 1 0 0 0 0 95 112 105 1 90 75 65 1 100 93 122 1 95 122 112 1 73 151 86 1 177 175 148 1 145 160 122 1 176 158 176 1 158 197 182 1 184 201 172 1 177 253 207 1 181 205 241 1 216 189 218 1 176 233 255 1 188 167 207 1 152 223 222 1 0 0 0 0 73 156 112 1 0 0 0 0 66 132 73 1 74 123 122 1 55 118 67 1 61 87 93 1 104 100 119 1 87 113 134 1 90 98 138 1 57 137 171 1 119 114 167 1 110 139 155 1 112 180 179 1 155 169 190 1 171 198 178 1 150 177 206 1 171 192 211 1
5 31 14 1 44 34 20 1 0 35 26 1 6 15 84 1 37 50 42 1 91 104 111 1 70 92 96 1 62 108 128 1 95 93 84 1 99 126 168 1 163 151 154 1 101 197 161 1 123 161 166 1 128 188 174 1 162 174 193 1 0 0 0 0 161 229 198 1 142 126 138 1 102 118 141 1 100 132 129 1 90 79 79 1 75 93 108 1 57 71 106 1 48 133 123 1 97 72 58 1 0 0 0 0 0 0 0 0 101 78 83 1 104 139 110 1 0 0 0 0 150 132 153 1 175 172 190 1 195 214 142 1 163 192 198 1 220 236 224 1 248 202 208 1 244 221 249 1 198 252 214 1 224 255 235 1 193 209 213 1 192 216 208 1 0 0 0 0 140 161 164 1 127 191 181 1 135 134 159 1 87 111 111 1 43 79 58 1 82 90 93 1 85 149 145 1 121 181 168 1 134 153 186 1 144 163 206 1 161 171 180 1 191 207 229 1 198 211 206 1 185 207 251 1 0 0 0 0 226 194 210 1 147 211 213 1 166 229 208 1 149 221 247 1
62 83 95 1 0 0 0 0 32 90 104 1 72 89 117 1 87 136 97 1 82 90 133 1 103 133 159 1 127 167 151 1 126 131 132 1 0 0 0 0 176 154 168 1 172 174 177 1 126 181 203 1 111 138 154 1 46 116 133 1 93 88 128 1 92 111 122 1 72 76 112 1 66 110 100 1 74 70 102 1 48 100 76 1 59 121 106 1 64 114 118 1 79 73 129 1 0 0 0 0 98 144 125 1 141 165 116 1 153 142 155 1 130 184 151 1 179 179 207 1 200 185 177 1 183 206 216 1 210 220 207 1 247 237 217 1 237 229 255 1 0 0 0 0 197 227 252 1 196 217 226 1 187 222 193 1 173 179 184 1 153 192 200 1 115 178 142 1 138 150 149 1 103 131 97 1 117 118 112 1 59 77 128 1 111 106 118 1 133 139 115 1 125 161 140 1 137 166 159 1 178 213 191 1 173 247 235 1 152 211 237 1 180 229 252 1 196 225 221 1 204 176 255 1 188 214 197 1 184 211 197 1 156 198 225 1 185 199 233 1 139 218 199 1
85 123 108 1 91 120 133 1 104 110 95 1 112 181 164 1 132 180 145 1 196 168 196 1 169 135 173 1 98 159 190 1 139 135 172 1 156 170 174 1 159 174 144 1 131 154 176 1 0 0 0 0 0 0 0 0 95 116 98 1 9 57 84 1 36 31 71 1 35 68 45 1 35 71 75 1 7 103 83 1 57 59 95 1 48 53 75 1 0 0 0 0 84 108 42 1 148 96 102 1 143 116 118 1 114 169 145 1 154 196 199 1 205 240 193 1 231 255 241 1 0 0 0 0 234 217 254 1 224 253 205 1 227 253 233 1 218 224 241 1 203 244 222 1 206 230 202 1 237 220 197 1 162 184 137 1 143 146 170 1 127 144 149 1 142 180 144 1 0 0 0 0 69 114 97 1 69 144 109 1 71 148 91 1 0 0 0 0 138 182 120 1 144 183 181 1 209 164 228 1 173 202 206 1 153 223 219 1 201 253 255 1 172 196 215 1 176 167 225 1 161 241 232 1 143 247 243 1 193 172 180 1 196 220 243 1 160 212 184 1 0 0 0 0
158 175 183 1 150 170 187 1 131 157 169 1 110 181 183 1 0 0 0 0 125 160 188 1 97 115 144 1 91 112 126 1 61 85 115 1 40 67 90 1 0 0 0 0 0 0 0 0 35 43 80 1 31 16 53 1 0 21 7 1 46 92 84 1 0 0 0 0 40 33 85 1 0 0 0 0 73 124 92 1 101 114 115 1 149 170 102 1 169 219 129 1 138 153 179 1 0 0 0 0 219 228 223 1 213 255 245 1 0 0 0 0 0 0 0 0 194 225 234 1 225 223 240 1 210 208 227 1 213 247 255 1 208 223 229 1 149 240 210 1 154 219 236 1 140 189 230 1 147 232 210 1 157 167 148 1 150 117 129 1 100 129 147 1 83 103 100 1 99 116 165 1 72 130 128 1 0 0 0 0 0 0 0 0 151 155 150 1 137 200 220 1 0 0 0 0 146 159 211 1 124 169 189 1 133 184 193 1 117 99 166 1 0 0 0 0 92 122 168 1 0 0 0 0 96 168 188 1 93 196 180 1 128 188 209 1 139 167 203 1 0 0 0 0
125 170 160 1 112 141 153 1 101 168 119 1 169 165 143 1 0 0 0 0 101 112 123 1 61 89 92 1 44 69 67 1 0 0 0 0 51 74 63 1 7 78 49 1 28 54 81 1 20 35 93 1 0 61 31 1 55 55 38 1 53 72 73 1 0 0 0 0 0 0 0 0 84 116 127 1 94 128 149 1 102 134 210 1 140 171 208 1 178 155 123 1 183 185 216 1 195 233 206 1 193 245 209 1 219 223 231 1 0 0 0 0 200 236 215 1 188 251 222 1 236 245 224 1 175 247 228 1 207 217 221 1 0 0 0 0 143 215 208 1 178 192 160 1 142 210 148 1 116 157 188 1 92 109 146 1 122 126 184 1 69 139 101 1 93 134 136 1 91 101 124 1 91 130 130 1 109 127 136 1 92 110 132 1 114 128 141 1 132 123 151 1 101 129 167 1 115 159 145 1 123 129 177 1 123 109 87 1 0 0 0 0 52 155 151 1 115 143 179 1 118 193 185 1 163 124 204 1 119 159 188 1 147 168 219 1 0 0 0 0 128 184 180 1
82 125 123 1 76 109 128 1 32 112 101 1 73 79 75 1 50 48 84 1 30 69 40 1 1 62 59 1 5 61 51 1 47 47 45 1 43 55 50 1 31 95 103 1 47 55 132 1 66 81 101 1 0 0 0 0 66 97 138 1 86 134 135 1 129 173 177 1 153 170 188 1 173 171 182 1 179 185 189 1 142 199 187 1 197 169 235 1 176 200 223 1 190 206 177 1 189 188 255 1 216 239 224 1 0 0 0 0 204 237 255 1 187 238 219 1 215 242 194 1 202 231 183 1 202 191 186 1 179 239 196 1 0 0 0 0 0 0 0 0 172 164 180 1 142 150 170 1 127 127 112 1 117 98 113 1 67 112 92 1 61 85 79 1 0 103 114 1 67 60 101 1 0 0 0 0 67 74 119 1 79 64 97 1 30 106 126 1 34 73 108 1 16 35 116 1 56 118 113 1 63 122 119 1 65 129 116 1 111 136 141 1 105 116 169 1 120 149 165 1 122 161 191 1 176 187 182 1 120 191 178 1 115 146 166 1 145 154 154 1 112 151 191 1
19 67 43 1 16 76 56 1 11 39 78 1 15 36 71 1 0 52 33 1 19 35 43 1 8 42 72 1 31 42 63 1 87 58 91 1 82 103 98 1 87 104 137 1 83 105 147 1 119 126 156 1 151 133 138 1 0 0 0 0 156 132 194 1 172 158 216 1 169 151 178 1 143 194 185 1 172 221 211 1 171 218 231 1 154 233 244 1 127 224 203 1 222 188 219 1 167 225 209 1 222 217 229 1 169 177 194 1 148 191 211 1 203 207 216 1 153 184 158 1 142 209 186 1 155 177 148 1 110 138 112 1 98 168 107 1 114 117 88 1 56 159 115 1 41 93 110 1 18 86 104 1 38 54 110 1 13 60 72 1 46 98 58 1 46 62 81 1 53 92 89 1 16 104 83 1 0 82 77 1 44 76 95 1 47 82 98 1 54 101 100 1 55 99 141 1 137 108 145 1 92 139 168 1 117 125 141 1 143 140 168 1 98 93 168 1 109 151 184 1 133 173 176 1 143 155 176 1 85 192 200 1 76 130 171 1 99 144 156 1 86 142 149 1
3 9 13 1 3 17 68 1 36 13 43 1 22 76 72 1 55 48 51 1 29 76 82 1 83 36 64 1 45 96 125 1 96 119 123 1 59 132 132 1 156 109 144 1 91 137 140 1 130 182 181 1 117 173 188 1 167 189 190 1 180 193 178 1 187 175 198 1 164 217 177 1 202 204 179 1 173 255 239 1 180 197 237 1 143 192 248 1 162 233 238 1 188 214 208 1 185 229 255 1 188 215 232 1 200 206 208 1 104 185 197 1 0 0 0 0 133 164 183 1 109 123 136 1 117 151 136 1 85 102 131 1 0 0 0 0 82 120 110 1 0 0 0 0 83 120 60 1 63 95 121 1 78 118 90 1 0 0 0 0 15 55 90 1 49 66 121 1 19 38 96 1 33 113 102 1 44 69 109 1 13 101 80 1 65 88 130 1 37 130 118 1 93 117 115 1 77 114 130 1 107 102 122 1 102 114 133 1 125 145 153 1 118 141 197 1 117 158 159 1 137 146 174 1 146 117 143 1 91 153 172 1 0 0 0 0 52 106 133 1 40 92 147 1
4 40 78 1 0 68 54 1 61 85 65 1 41 69 71 1 22 86 97 1 85 142 111 1 85 137 137 1 0 0 0 0 134 129 172 1 115 147 148 1 136 173 150 1 175 171 205 1 124 187 199 1 0 0 0 0 158 176 213 1 161 214 172 1 128 214 224 1 148 153 203 1 153 222 196 1 192 199 187 1 224 200 189 1 190 178 193 1 0 0 0 0 139 228 168 1 167 199 187 1 146 194 201 1 113 168 117 1 107 142 152 1 80 96 113 1 89 102 134 1 48 96 77 1 73 99 83 1 54 90 101 1 20 93 118 1 49 90 87 1 8 75 102 1 26 49 108 1 66 63 74 1 4 84 95 1 36 77 86 1 0 0 0 0 46 86 108 1 50 124 102 1 33 82 104 1 109 120 105 1 77 108 127 1 62 106 139 1 40 139 126 1 96 168 147 1 103 154 200 1 0 0 0 0 66 111 140 1 87 150 142 1 58 126 122 1 49 123 139 1 0 0 0 0 58 140 90 1 80 107 161 1 26 102 122 1 49 100 73 1 76 47 95 1
49 85 118 1 49 101 108 1 0 0 0 0 107 110 117 1 0 0 0 0 71 147 167 1 111 154 182 1 0 0 0 0 112 192 173 1 165 150 182 1 0 0 0 0 146 139 160 1 177 173 182 1 202 194 206 1 154 198 206 1 144 226 163 1 150 214 175 1 161 183 212 1 146 203 223 1 148 197 222 1 133 225 206 1 175 183 150 1 154 203 216 1 145 172 181 1 152 192 180 1 139 170 185 1 52 159 144 1 0 0 0 0 89 108 146 1 77 108 93 1 95 90 120 1 0 0 0 0 32 87 97 1 61 87 104 1 67 130 114 1 67 104 121 1 46 73 124 1 0 0 0 0 49 111 129 1 42 104 94 1 30 102 105 1 55 88 113 1 85 92 155 1 83 103 144 1 109 126 173 1 104 160 150 1 65 164 146 1 0 0 0 0 75 107 120 1 83 125 166 1 62 138 159 1 84 84 88 1 0 0 0 0 70 107 122 1 88 109 109 1 77 93 144 1 44 116 108 1 49 91 94 1 79 89 102 1 23 57 83 1 21 76 69 1
76 112 91 1 74 82 130 1 56 94 109 1 81 135 158 1 108 108 137 1 90 148 138 1 92 155 165 1 164 162 167 1 138 184 195 1 102 190 211 1 162 186 169 1 147 235 206 1 157 194 210 1 136 184 193 1 96 219 196 1 192 207 230 1 199 161 214 1 0 0 0 0 190 181 209 1 185 195 192 1 178 177 211 1 163 185 194 1 0 0 0 0 139 153 181 1 104 151 138 1 89 126 164 1 0 0 0 0 81 135 82 1 45 105 83 1 44 55 100 1 48 73 82 1 0 0 0 0 44 81 114 1 0 0 0 0 93 83 97 1 32 135 60 1 63 101 77 1 37 112 123 1 61 104 115 1 33 122 83 1 62 127 160 1 53 133 133 1 102 109 128 1 104 124 193 1 123 165 172 1 118 149 152 1 136 132 158 1 74 134 127 1 114 147 139 1 118 126 134 1 78 100 121 1 0 0 0 0 71 84 128 1 16 88 25 1 74 62 119 1 57 118 118 1 9 63 63 1 58 68 102 1 27 99 77 1 39 55 75 1 33 95 76 1
94 91 139 1 0 0 0 0 102 141 141 1 130 138 171 1 112 171 175 1 84 155 189 1 0 0 0 0 106 133 183 1 140 181 209 1 129 194 174 1 173 226 254 1 157 200 213 1 165 208 255 1 163 221 202 1 160 206 238 1 186 218 253 1 185 227 216 1 0 0 0 0 160 173 197 1 0 0 0 0 126 201 196 1 108 170 168 1 104 143 159 1 77 193 172 1 94 133 93 1 53 66 143 1 70 66 121 1 82 86 104 1 85 101 95 1 45 91 131 1 65 60 96 1 0 113 110 1 52 143 101 1 46 104 109 1 100 125 82 1 53 166 127 1 0 0 0 0 70 143 181 1 99 109 193 1 99 120 161 1 125 171 233 1 110 175 205 1 128 158 168 1 66 141 171 1 74 136 134 1 96 116 117 1 0 0 0 0 38 112 121 1 0 0 0 0 26 83 102 1 42 54 71 1 32 72 88 1 38 66 77 1 39 66 100 1 20 63 98 1 6 78 19 1 0 61 82 1 15 62 81 1 33 47 50 1 52 55 56 1 0 79 44 1
103 155 139 1 120 133 122 1 86 156 179 1 140 154 223 1 107 134 163 1 148 150 193 1 125 126 172 1 157 166 164 1 141 212 163 1 166 189 217 1 165 211 196 1 167 189 188 1 179 218 188 1 197 197 209 1 139 216 230 1 136 201 180 1 150 211 168 1 0 0 0 0 150 195 204 1 157 201 146 1 78 141 171 1 102 167 126 1 54 165 154 1 85 138 143 1 66 135 114 1 80 100 130 1 66 108 113 1 52 96 136 1 63 81 102 1 63 101 128 1 91 126 115 1 64 63 77 1 42 115 166 1 78 97 124 1 85 136 108 1 74 137 144 1 100 125 117 1 103 108 197 1 92 149 128 1 55 154 146 1 102 137 181 1 74 142 142 1 80 72 124 1 92 111 172 1 62 102 135 1 78 98 116 1 73 103 103 1 52 63 123 1 42 59 60 1 0 71 89 1 0 0 0 0 17 77 82 1 25 86 80 1 0 67 95 1 23 77 74 1 0 0 0 0 0 49 65 1 32 60 66 1 34 71 76 1 43 68 75 1 18 56 60 1
90 125 128 1 80 146 136 1 77 130 156 1 161 152 168 1 126 131 195 1 0 0 0 0 137 172 157 1 137 231 218 1 201 196 237 1 164 194 237 1 161 192 226 1 170 224 217 1 169 203 233 1 155 236 216 1 173 208 232 1 154 209 221 1 146 168 207 1 145 178 154 1 126 151 193 1 0 0 0 0 102 123 158 1 0 0 0 0 87 115 144 1 47 114 143 1 73 84 72 1 44 97 116 1 79 71 108 1 11 105 120 1 0 0 0 0 68 122 109 1 26 112 154 1 79 139 132 1 117 160 169 1 109 151 162 1 69 181 198 1 0 0 0 0 105 158 197 1 137 147 157 1 101 111 154 1 68 129 118 1 53 93 108 1 66 100 140 1 49 118 103 1 66 43 102 1 30 140 84 1 33 61 116 1 0 0 0 0 15 69 60 1 2 5 58 1 0 53 57 1 0 47 74 1 1 47 80 1 0 50 53 1 35 48 96 1 0 32 63 1 17 78 58 1 34 84 72 1 27 48 44 1 21 56 54 1 21 54 89 1 17 39 86 1
137 160 180 1 120 173 165 1 126 141 173 1 138 157 188 1 139 197 223 1 226 195 230 1 0 0 0 0 0 0 0 0 177 235 242 1 198 205 221 1 206 248 232 1 206 178 243 1 0 0 0 0 0 0 0 0 0 0 0 0 143 144 148 1 102 153 144 1 85 154 165 1 105 128 143 1 44 119 152 1 5 113 87 1 46 83 79 1 51 111 109 1 72 133 92 1 0 0 0 0 44 124 116 1 74 126 107 1 56 113 120 1 89 160 129 1 111 150 155 1 106 165 171 1 120 129 152 1 81 178 147 1 112 146 176 1 118 114 188 1 115 88 158 1 76 134 118 1 89 131 134 1 86 146 127 1 89 118 84 1 48 43 141 1 0 0 0 0 11 47 87 1 17 65 71 1 2 89 45 1 29 74 47 1 19 85 3 1 0 50 39 1 0 72 38 1 0 48 69 1 18 23 72 1 32 73 78 1 14 60 94 1 0 0 0 0 0 23 89 1 16 87 56 1 59 38 96 1 18 50 83 1 20 41 98 1 19 57 79 1 33 89 45 1
127 193 176 1 153 183 173 1 170 181 197 1 175 153 187 1 175 226 236 1 0 0 0 0 191 235 227 1 218 255 219 1 0 0 0 0 194 255 226 1 188 189 249 1 181 219 186 1 148 195 219 1 0 0 0 0 119 180 166 1 0 0 0 0 94 141 153 1 82 91 154 1 38 93 87 1 43 66 117 1 32 63 93 1 1 81 116 1 21 78 96 1 70 71 95 1 58 85 124 1 68 102 116 1 66 108 98 1 91 65 141 1 67 141 149 1 118 146 151 1 89 170 148 1 120 173 151 1 0 0 0 0 73 156 141 1 92 144 94 1 36 132 124 1 88 87 103 1 47 110 65 1 56 49 79 1 77 75 115 1 0 84 34 1 15 52 48 1 38 36 82 1 0 14 22 1 0 0 0 0 0 0 0 0 0 0 0 0 0 16 31 1 14 50 65 1 10 55 82 1 0 36 68 1 31 42 51 1 42 77 56 1 34 76 56 1 48 72 112 1 70 69 118 1 3 85 100 1 20 86 64 1 31 114 94 1 28 102 89 1 19 32 105 1
206 210 223 1 168 206 191 1 203 247 255 1 200 250 190 1 0 0 0 0 214 222 233 1 210 230 233 1 236 227 217 1 180 194 247 1 146 185 187 1 137 171 210 1 97 142 190 1 89 138 179 1 85 135 184 1 81 151 114 1 86 145 162 1 55 94 145 1 69 107 155 1 27 78 116 1 43 122 101 1 64 66 98 1 13 115 122 1 64 102 152 1 71 119 100 1 72 108 149 1 42 144 116 1 78 124 143 1 0 0 0 0 100 105 148 1 92 163 139 1 0 0 0 0 71 151 128 1 104 92 139 1 57 97 109 1 42 84 100 1 89 65 69 1 0 0 0 0 29 53 98 1 5 70 59 1 20 71 75 1 23 65 68 1 0 0 0 0 1 80 67 1 23 73 59 1 17 51 57 1 9 68 59 1 35 57 63 1 55 91 32 1 3 26 82 1 11 93 77 1 81 55 109 1 0 0 0 0 62 52 98 1 72 119 88 1 47 134 134 1 71 106 127 1 50 103 94 1 74 138 146 1 84 79 88 1 46 80 98 1 84 96 96 1
224 228 228 1 205 238 195 1 198 255 225 1 212 247 251 1 222 223 173 1 184 199 253 1 118 219 182 1 187 186 221 1 131 191 142 1 124 159 175 1 101 122 139 1 0 0 0 0 62 140 119 1 146 126 94 1 65 86 95 1 61 99 120 1 20 121 87 1 0 84 85 1 0 0 0 0 67 86 102 1 0 0 0 0 91 81 113 1 0 0 0 0 81 118 125 1 66 136 145 1 81 132 93 1 68 126 129 1 91 115 127 1 67 109 99 1 61 96 121 1 68 73 106 1 65 82 87 1 73 94 65 1 17 63 100 1 60 94 63 1 18 43 87 1 44 83 72 1 35 55 60 1 57 83 19 1 30 40 105 1 0 0 0 0 0 0 0 0 12 99 50 1 45 64 100 1 57 99 63 1 14 44 78 1 17 60 44 1 39 10 74 1 21 65 83 1 0 66 93 1 33 50 103 1 0 0 0 0 25 101 97 1 84 98 86 1 55 125 107 1 69 98 104 1 63 86 92 1 63 74 121 1 59 82 96 1 36 114 103 1 33 127 77 1
174 236 200 1 200 248 232 1 0 0 0 0 222 227 200 1 0 0 0 0 196 225 216 1 146 182 175 1 112 192 176 1 155 145 161 1 0 0 0 0 88 172 159 1 62 102 129 1 62 100 120 1 44 104 83 1 34 100 87 1 14 75 70 1 75 50 88 1 11 92 125 1 6 73 115 1 38 82 133 1 77 59 125 1 2 89 96 1 65 60 119 1 39 116 135 1 41 116 119 1 89 89 140 1 84 96 102 1 0 0 0 0 52 70 78 1 66 88 125 1 34 52 63 1 25 82 82 1 22 80 86 1 13 49 97 1 30 44 51 1 0 63 47 1 24 84 85 1 22 87 79 1 30 54 57 1 28 42 51 1 19 89 119 1 22 97 133 1 0 103 59 1 70 48 74 1 68 82 72 1 26 96 98 1 57 75 114 1 0 0 0 0 36 120 81 1 21 49 100 1 35 73 79 1 57 77 123 1 80 45 130 1 61 133 144 1 0 0 0 0 79 95 125 1 65 110 137 1 34 88 98 1 59 86 117 1 5 75 88 1 55 105 80 1
179 237 208 1 0 0 0 0 180 158 210 1 148 159 187 1 101 143 128 1 92 174 148 1 108 120 133 1 83 143 89 1 57 103 104 1 54 106 96 1 59 70 110 1 0 0 0 0 0 0 0 0 30 81 49 1 45 102 117 1 0 60 86 1 14 76 81 1 26 103 9 1 38 80 80 1 0 0 0 0 51 84 69 1 17 77 123 1 21 47 85 1 36 82 64 1 0 0 0 0 0 0 0 0 46 68 91 1 34 62 135 1 39 90 77 1 45 35 100 1 52 44 57 1 19 81 65 1 0 45 69 1 0 0 0 0 35 20 33 1 0 20 72 1 75 47 65 1 23 83 74 1 80 97 91 1 81 92 92 1 105 112 158 1 127 125 177 1 0 0 0 0 52 136 102 1 64 82 123 1 64 44 73 1 56 55 125 1 33 68 112 1 49 40 71 1 71 92 90 1 28 76 136 1 64 116 137 1 74 79 105 1 32 107 113 1 2 115 112 1 0 63 93 1 0 79 80 1 21 78 109 1 0 0 0 0 0 0 0 0 0 47 93 1
166 167 215 1 151 171 160 1 0 0 0 0 144 127 179 1 109 117 171 1 70 147 165 1 92 151 140 1 31 139 133 1 57 85 84 1 87 83 68 1 58 72 125 1 40 110 88 1 52 79 114 1 0 57 87 1 55 45 103 1 48 77 103 1 43 72 96 1 11 65 70 1 22 41 114 1 45 75 93 1 0 0 0 0 19 102 80 1 36 82 73 1 38 99 113 1 20 83 70 1 9 47 105 1 48 81 93 1 66 107 89 1 17 119 78 1 11 64 59 1 0 56 105 1 23 89 70 1 23 53 85 1 0 63 50 1 0 64 77 1 0 0 0 0 72 105 79 1 52 47 100 1 42 91 111 1 7 101 71 1 115 151 120 1 84 137 101 1 75 98 78 1 51 84 118 1 77 109 118 1 0 0 0 0 24 99 103 1 15 69 94 1 0 63 80 1 59 57 71 1 49 71 141 1 28 71 118 1 0 88 51 1 23 112 108 1 49 91 56 1 51 113 87 1 0 0 0 0 17 54 105 1 18 112 62 1 27 37 87 1 23 79 81 1
119 171 173 1 74 138 149 1 74 130 124 1 83 77 99 1 0 0 0 0 87 146 105 1 0 0 0 0 19 111 92 1 37 58 83 1 55 107 65 1 38 101 103 1 0 0 0 0 41 44 58 1 37 47 77 1 37 79 85 1 0 74 49 1 33 54 71 1 25 50 78 1 0 76 107 1 12 96 39 1 1 66 85 1 0 65 100 1 44 77 104 1 80 107 105 1 56 85 69 1 45 101 113 1 45 89 91 1 45 108 94 1 0 0 0 0 36 86 104 1 37 64 75 1 0 84 43 1 0 0 0 0 45 80 111 1 19 65 70 1 9 63 62 1 41 77 121 1 28 48 50 1 26 81 91 1 0 65 67 1 4 47 36 1 0 41 112 1 31 103 68 1 40 41 123 1 2 104 113 1 38 67 105 1 50 78 95 1 16 55 91 1 53 42 88 1 26 82 79 1 0 0 0 0 50 89 123 1 11 61 80 1 4 32 83 1 14 52 63 1 0 0 0 0 17 69 86 1 33 90 57 1 59 93 62 1 24 72 125 1 35 92 117 1
83 78 99 1 93 109 102 1 36 87 80 1 36 95 84 1 101 125 78 1 63 109 82 1 56 79 106 1 58 75 65 1 41 123 87 1 32 75 117 1 36 77 73 1 9 74 93 1 31 68 84 1 69 105 64 1 23 59 122 1 47 80 101 1 42 89 123 1 0 0 0 0 61 117 87 1 82 82 87 1 45 58 145 1 47 88 115 1 84 154 146 1 90 122 99 1 55 64 118 1 61 70 113 1 22 79 81 1 68 73 93 1 1 89 22 1 11 42 57 1 46 16 39 1 35 77 51 1 30 86 98 1 0 0 0 0 29 88 115 1 26 92 73 1 44 74 94 1 37 85 104 1 60 104 85 1 65 66 77 1 0 0 0 0 39 74 82 1 0 68 97 1 53 99 89 1 15 40 62 1 56 104 77 1 16 55 67 1 48 50 64 1 16 66 75 1 0 0 0 0 11 46 63 1 21 107 108 1 0 0 0 0 38 68 104 1 0 0 0 0 27 91 123 1 0 0 0 0 0 0 0 0 60 101 121 1 33 143 111 1 42 80 91 1
64 83 111 1 72 96 98 1 56 72 107 1 40 96 96 1 12 102 94 1 0 0 0 0 14 107 110 1 10 130 91 1 22 80 57 1 31 81 58 1 78 92 128 1 69 71 105 1 11 88 128 1 8 92 121 1 73 110 85 1 33 77 129 1 51 118 133 1 85 100 112 1 0 0 0 0 70 131 151 1 38 107 106 1 0 0 0 0 73 169 148 1 65 121 122 1 93 125 129 1 56 171 132 1 23 141 119 1 11 74 70 1 21 85 108 1 0 0 0 0 0 59 30 1 7 43 39 1 53 85 40 1 0 102 59 1 27 66 96 1 33 70 81 1 64 44 110 1 37 70 55 1 67 85 81 1 65 81 115 1 104 111 101 1 44 63 101 1 53 69 60 1 45 68 90 1 40 52 63 1 54 60 80 1 6 34 64 1 30 71 86 1 40 49 97 1 20 97 100 1 24 73 86 1 25 87 119 1 74 86 79 1 65 86 122 1 41 79 100 1 0 0 0 0 65 102 88 1 102 116 142 1 46 113 145 1 31 101 124 1 42 83 103 1
34 56 75 1 48 97 74 1 19 46 77 1 50 66 111 1 0 0 0 0 35 123 146 1 77 129 95 1 112 101 162 1 84 99 98 1 0 0 0 0 77 158 101 1 113 139 106 1 77 117 174 1 113 120 153 1 72 105 112 1 53 117 153 1 52 133 161 1 65 113 149 1 56 104 134 1 47 109 90 1 67 99 177 1 61 105 145 1 80 149 144 1 77 99 135 1 64 82 80 1 0 53 83 1 9 83 60 1 27 70 75 1 0 52 105 1 0 0 0 0 0 0 0 0 81 77 66 1 75 106 91 1 81 112 98 1 61 115 125 1 44 82 112 1 104 122 140 1 105 145 154 1 125 125 174 1 62 128 135 1 99 140 153 1 70 139 112 1 70 122 141 1 91 108 120 1 79 95 88 1 41 72 74 1 0 0 0 0 42 96 91 1 0 0 0 0 0 0 0 0 36 59 80 1 48 99 142 1 78 117 194 1 0 0 0 0 75 128 179 1 81 106 142 1 96 66 134 1 36 90 103 1 28 79 95 1 52 120 77 1 74 115 115 1
9 81 118 1 81 86 80 1 68 149 119 1 79 130 118 1 109 121 182 1 96 161 134 1 97 150 153 1 99 132 178 1 132 152 144 1 77 114 153 1 85 144 187 1 69 162 140 1 42 111 139 1 51 108 121 1 0 0 0 0 83 61 100 1 65 108 104 1 61 106 101 1 56 92 107 1 0 0 0 0 42 102 121 1 19 99 98 1 77 111 86 1 13 69 83 1 0 0 0 0 27 84 112 1 35 89 83 1 52 84 107 1 53 130 153 1 71 112 127 1 56 83 137 1 95 80 136 1 70 134 87 1 97 159 152 1 119 138 150 1 109 158 186 1 127 152 177 1 109 175 136 1 101 163 160 1 119 139 184 1 68 95 123 1 94 111 135 1 0 0 0 0 52 106 73 1 27 89 82 1 29 50 68 1 78 85 117 1 56 114 82 1 55 86 91 1 53 109 122 1 60 99 107 1 0 0 0 0 21 99 137 1 68 91 104 1 64 108 134 1 55 87 115 1 24 96 137 1 0 0 0 0 37 97 102 1 45 33 68 1 104 49 109 1
64 104 94 1 61 143 107 1 76 111 125 1 0 0 0 0 126 175 160 1 101 137 138 1 88 156 207 1 100 142 196 1 146 166 196 1 134 172 191 1 96 158 177 1 0 0 0 0 105 130 102 1 107 141 127 1 99 134 151 1 72 130 130 1 64 144 143 1 61 94 135 1 43 98 113 1 33 44 108 1 13 87 80 1 56 65 88 1 34 68 51 1 50 108 108 1 54 103 122 1 34 62 97 1 75 76 132 1 104 109 136 1 94 163 146 1 57 123 153 1 105 145 136 1 119 125 145 1 0 0 0 0 131 162 177 1 109 158 164 1 161 178 149 1 94 140 129 1 133 151 192 1 88 163 177 1 0 0 0 0 95 130 164 1 69 101 150 1 82 77 156 1 92 108 84 1 65 126 59 1 65 106 86 1 74 132 129 1 54 57 93 1 50 96 135 1 39 68 147 1 57 105 135 1 45 106 79 1 64 106 122 1 0 0 0 0 38 120 92 1 42 44 81 1 21 74 55 1 4 81 103 1 41 122 100 1 0 0 0 0 34 81 68 1
68 161 180 1 119 174 142 1 136 149 177 1 144 178 195 1 161 161 204 1 136 157 195 1 0 0 0 0 130 148 185 1 0 0 0 0 63 113 129 1 48 118 117 1 80 108 120 1 68 103 122 1 20 105 123 1 0 0 0 0 41 126 98 1 59 63 93 1 0 64 111 1 20 74 82 1 28 72 91 1 59 57 124 1 50 97 90 1 94 102 162 1 106 114 133 1 105 143 190 1 120 133 126 1 117 179 149 1 100 151 184 1 0 0 0 0 106 116 130 1 135 164 162 1 99 144 104 1 124 137 154 1 119 109 108 1 102 158 140 1 105 126 134 1 52 95 120 1 67 101 111 1 66 54 61 1 43 32 59 1 59 79 33 1 12 62 73 1 0 64 27 1 24 39 34 1 0 0 0 0 12 51 83 1 0 0 0 0 2 62 66 1 35 68 65 1 31 65 100 1 6 54 43 1 0 76 69 1 5 83 90 1 0 0 0 0 8 73 60 1 0 24 33 1 7 110 55 1 18 51 88 1 10 62 68 1 27 89 77 1 34 39 56 1
109 159 150 1 104 147 180 1 153 162 184 1 114 180 186 1 131 116 173 1 127 177 165 1 82 119 88 1 52 122 126 1 75 97 131 1 51 127 104 1 13 64 137 1 0 0 0 0 10 102 93 1 81 99 110 1 100 90 110 1 0 55 50 1 27 77 96 1 48 104 129 1 26 132 81 1 53 74 131 1 41 80 103 1 117 113 108 1 74 134 174 1 108 161 137 1 122 133 148 1 112 141 153 1 122 135 156 1 102 149 136 1 107 140 96 1 100 121 158 1 71 125 146 1 114 127 101 1 118 103 177 1 77 121 151 1 0 0 0 0 0 0 0 0 30 83 59 1 44 30 71 1 35 36 45 1 8 33 62 1 30 32 68 1 12 16 35 1 10 65 78 1 0 45 91 1 19 53 36 1 13 40 67 1 0 44 34 1 0 59 49 1 0 0 0 0 33 80 97 1 9 39 80 1 11 81 99 1 41 48 76 1 0 0 0 0 15 106 77 1 39 87 103 1 0 62 73 1 56 102 94 1 24 75 58 1 18 31 45 1 43 57 79 1
153 192 193 1 139 203 186 1 132 164 146 1 106 138 213 1 98 152 136 1 103 134 144 1 28 76 85 1 36 100 66 1 85 111 111 1 25 82 88 1 45 36 98 1 32 82 110 1 45 83 53 1 54 83 106 1 29 81 83 1 0 0 0 0 0 0 0 0 44 109 66 1 48 110 110 1 69 121 128 1 101 119 136 1 68 120 155 1 105 149 142 1 119 146 160 1 85 159 171 1 81 176 134 1 58 116 145 1 54 87 132 1 55 80 105 1 33 63 63 1 44 89 75 1 92 77 89 1 52 106 122 1 32 105 110 1 62 115 104 1 48 63 73 1 0 11 69 1 0 35 50 1 32 54 67 1 0 16 37 1 19 22 74 1 0 33 55 1 0 68 45 1 0 21 38 1 0 46 78 1 16 51 42 1 33 65 49 1 36 27 40 1 58 88 110 1 66 78 91 1 49 91 130 1 82 125 112 1 91 113 130 1 54 112 117 1 34 104 123 1 48 112 107 1 45 93 92 1 71 98 83 1 6 120 96 1 95 64 102 1 46 90 65 1
76 138 175 1 90 129 164 1 98 135 102 1 42 90 116 1 0 0 0 0 47 52 96 1 31 106 120 1 0 45 69 1 14 99 39 1 51 47 70 1 6 68 88 1 49 66 80 1 0 79 51 1 42 75 72 1 18 86 125 1 12 40 77 1 71 120 118 1 32 78 113 1 38 126 93 1 82 108 154 1 57 129 121 1 85 95 112 1 0 0 0 0 54 123 105 1 46 93 56 1 56 93 101 1 59 79 52 1 56 79 57 1 8 42 59 1 29 85 62 1 75 82 88 1 100 113 88 1 71 82 86 1 65 104 71 1 86 88 98 1 0 0 0 0 0 0 0 0 0 0 0 0 0 0 0 0 18 0 63 1 24 47 71 1 38 79 84 1 0 43 76 1 9 68 69 1 0 0 0 0 8 29 88 1 88 69 99 1 33 110 93 1 32 117 140 1 59 120 100 1 96 111 131 1 116 160 187 1 81 135 109 1 0 76 104 1 54 84 89 1 0 81 60 1 46 57 95 1 27 64 69 1 33 79 59 1 57 55 61 1 75 82 67 1
98 127 136 1 84 125 173 1 56 76 108 1 14 80 98 1 61 31 97 1 36 71 49 1 3 92 95 1 35 39 95 1 48 47 101 1 20 74 38 1 11 39 68 1 37 26 35 1 6 73 69 1 28 71 50 1 44 80 43 1 0 60 70 1 56 59 107 1 39 86 90 1 66 157 117 1 101 111 136 1 64 125 93 1 103 100 116 1 81 105 85 1 90 101 82 1 26 65 88 1 49 113 67 1 0 67 64 1 0 49 60 1 21 56 68 1 20 90 50 1 40 103 60 1 49 111 120 1 90 104 86 1 0 0 0 0 47 69 41 1 2 59 54 1 37 22 61 1 23 94 85 1 33 60 96 1 0 0 0 0 26 29 27 1 36 85 49 1 28 45 76 1 3 57 60 1 44 68 81 1 23 74 100 1 36 41 101 1 77 85 110 1 95 109 129 1 54 145 121 1 71 134 141 1 106 118 131 1 62 123 129 1 0 0 0 0 32 112 83 1 0 0 0 0 44 20 56 1 0 0 0 0 10 49 64 1 10 71 55 1 50 63 124 1
85 107 117 1 19 86 103 1 37 77 118 1 0 0 0 0 32 57 73 1 19 51 61 1 25 28 70 1 14 25 75 1 17 27 17 1 25 91 53 1 15 65 97 1 43 71 55 1 76 108 139 1 69 80 110 1 74 68 73 1 46 61 99 1 80 84 50 1 85 56 74 1 92 75 134 1 0 0 0 0 64 113 86 1 19 49 71 1 41 88 91 1 49 35 54 1 18 47 30 1 5 30 42 1 0 25 63 1 20 65 80 1 43 60 33 1 15 92 68 1 113 63 97 1 96 137 106 1 84 76 62 1 36 70 46 1 36 46 54 1 44 76 70 1 27 71 63 1 0 0 0 0 16 58 44 1 0 25 62 1 51 83 92 1 30 108 98 1 0 0 0 0 76 93 125 1 56 100 105 1 27 87 72 1 56 104 128 1 55 84 124 1 79 127 109 1 57 101 124 1 86 87 85 1 37 46 90 1 66 74 112 1 18 59 41 1 5 58 70 1 12 32 71 1 29 65 55 1 0 0 0 0 25 61 103 1 22 67 103 1 7 85 80 1
55 86 95 1 57 43 115 1 20 76 96 1 14 48 89 1 53 66 107 1 25 114 85 1 67 89 127 1 0 0 0 0 32 47 42 1 13 36 71 1 36 82 90 1 37 84 118 1 33 73 108 1 56 83 99 1 25 74 78 1 76 96 87 1 0 0 0 0 22 103 114 1 0 89 115 1 77 115 74 1 0 0 0 0 58 92 54 1 27 55 91 1 30 68 66 1 0 0 0 0 74 78 62 1 29 38 100 1 43 71 72 1 49 41 67 1 52 71 122 1 0 0 0 0 54 99 100 1 59 82 77 1 45 51 88 1 74 108 72 1 66 96 89 1 58 95 84 1 101 118 113 1 33 97 114 1 43 87 53 1 43 81 78 1 69 103 96 1 23 68 97 1 9 61 73 1 20 86 41 1 38 54 79 1 32 69 96 1 31 66 90 1 19 79 72 1 17 71 96 1 43 71 96 1 0 0 0 0 27 74 116 1 13 100 80 1 29 77 110 1 54 62 82 1 19 102 87 1 72 103 128 1 60 96 113 1 80 154 126 1 66 121 130 1
30 79 92 1 46 55 81 1 0 0 0 0 0 56 56 1 26 84 81 1 29 118 98 1 45 79 69 1 47 64 74 1 0 0 0 0 39 77 71 1 37 94 89 1 16 76 86 1 39 62 97 1 23 55 79 1 25 62 101 1 0 0 0 0 100 92 99 1 61 127 96 1 72 87 103 1 0 0 0 0 0 0 0 0 0 47 45 1 27 47 56 1 33 53 17 1 8 22 33 1 14 74 32 1 16 65 29 1 61 61 90 1 47 49 95 1 76 86 107 1 96 109 94 1 96 133 109 1 64 88 91 1 74 107 116 1 48 107 121 1 0 0 0 0 54 126 119 1 63 118 138 1 19 84 117 1 78 115 138 1 35 110 109 1 32 119 92 1 18 111 82 1 11 63 59 1 0 40 26 1 1 62 44 1 0 0 0 0 0 0 0 0 0 0 0 0 0 70 81 1 44 31 98 1 0 84 64 1 49 45 114 1 0 0 0 0 38 79 127 1 67 100 79 1 39 103 105 1 0 0 0 0 130 171 132 1 107 141 140 1 89 152 159 1
35 72 74 1 31 66 69 1 0 64 90 1 43 86 96 1 36 40 41 1 29 0 59 1 0 92 54 1 0 29 49 1 0 98 67 1 29 78 75 1 21 82 119 1 77 95 64 1 74 59 62 1 34 99 112 1 18 79 92 1 31 77 87 1 25 82 75 1 22 37 6 1 31 32 70 1 0 5 9 1 22 4 15 1 2 40 32 1 34 52 35 1 43 71 32 1 29 99 67 1 0 0 0 0 121 87 77 1 0 0 0 0 114 106 128 1 60 112 88 1 0 0 0 0 65 106 62 1 97 94 127 1 44 79 92 1 77 89 92 1 66 128 111 1 68 125 141 1 0 0 0 0 0 0 0 0 98 96 160 1 80 86 109 1 19 93 119 1 60 103 96 1 8 54 86 1 35 86 76 1 23 64 83 1 19 83 104 1 33 88 103 1 0 84 101 1 11 112 110 1 55 133 99 1 109 141 155 1 96 128 124 1 73 176 166 1 113 161 201 1 100 143 147 1 75 127 150 1 0 0 0 0 58 113 157 1 80 84 110 1 60 94 136 1
33 51 87 1 37 45 72 1 0 39 46 1 0 27 91 1 6 27 69 1 0 0 0 0 10 33 39 1 0 72 32 1 34 88 56 1 47 91 85 1 65 72 115 1 51 94 98 1 0 0 0 0 34 69 64 1 77 100 85 1 12 48 71 1 30 38 55 1 3 40 27 1 5 17 63 1 57 73 65 1 31 59 40 1 19 44 29 1 33 50 45 1 0 0 0 0 62 68 100 1 70 95 88 1 51 74 120 1 74 106 88 1 79 130 109 1 58 85 114 1 32 94 98 1 0 0 0 0 0 0 0 0 58 102 77 1 67 80 103 1 87 107 126 1 106 129 176 1 98 133 111 1 69 118 113 1 0 0 0 0 63 79 105 1 51 89 54 1 63 72 81 1 46 60 116 1 19 43 66 1 32 30 88 1 13 74 107 1 36 69 86 1 78 111 120 1 28 66 142 1 72 126 121 1 96 148 130 1 99 130 142 1 49 136 125 1 48 140 141 1 92 146 165 1 93 124 124 1 72 161 128 1 74 129 132 1 32 114 93 1 57 85 112 1
11 0 63 1 3 37 6 1 0 0 70 1 3 6 57 1 6 44 58 1 0 0 0 0 16 42 88 1 19 93 113 1 27 81 115 1 73 116 123 1 0 0 0 0 0 0 0 0 25 56 97 1 15 72 90 1 41 55 62 1 0 50 59 1 55 65 60 1 32 64 42 1 13 72 40 1 24 73 65 1 26 68 52 1 37 85 79 1 30 54 47 1 0 78 91 1 53 53 96 1 81 91 101 1 102 69 90 1 76 105 81 1 69 88 88 1 63 92 162 1 90 78 124 1 0 0 0 0 86 108 119 1 95 122 118 1 81 146 129 1 0 0 0 0 78 151 124 1 120 129 86 1 71 73 117 1 68 111 98 1 63 50 76 1 69 79 51 1 56 67 80 1 14 45 110 1 45 92 73 1 36 48 119 1 38 84 87 1 29 121 86 1 67 88 159 1 0 0 0 0 62 110 114 1 28 84 124 1 72 113 95 1 62 102 113 1 81 93 87 1 25 87 113 1 34 82 89 1 0 111 83 1 0 0 0 0 0 69 113 1 12 57 63 1
18 64 61 1 62 26 91 1 5 84 95 1 39 76 73 1 39 72 128 1 62 108 52 1 69 83 97 1 62 97 87 1 16 69 107 1 34 74 84 1 74 93 116 1 61 80 55 1 33 47 108 1 42 68 63 1 2 65 18 1 0 95 51 1 42 75 51 1 51 20 41 1 62 50 74 1 35 101 31 1 54 81 92 1 79 79 125 1 62 86 96 1 51 116 113 1 37 78 115 1 0 0 0 0 98 93 119 1 83 83 127 1 77 148 95 1 80 127 101 1 93 105 95 1 95 117 132 1 130 116 201 1 0 0 0 0 127 113 144 1 73 142 132 1 0 0 0 0 74 63 133 1 0 0 0 0 46 88 89 1 19 75 77 1 35 64 97 1 20 66 119 1 25 88 83 1 18 63 112 1 21 94 99 1 46 70 86 1 49 53 88 1 19 86 107 1 11 104 79 1 27 61 183 1 49 103 94 1 21 131 103 1 18 63 142 1 26 91 123 1 23 95 64 1 7 64 111 1 0 77 79 1 15 49 115 1 5 43 27 1 29 66 50 1