3
770 723 124 61
177 150 127 1 113 131 112 1 128 99 116 1 142 133 123 1 113 124 121 1 120 156 59 1 99 42 24 1 65 66 18 1 67 64 59 1 0 0 0 0 0 0 0 0 0 0 0 0 127 131 139 1 106 148 148 1 120 87 101 1 89 150 81 1 36 81 75 1 67 106 79 1 0 0 0 0 50 51 36 1 34 85 15 1 76 75 29 1 127 115 147 1 183 146 201 1 0 0 0 0 0 0 0 0 48 51 15 1 80 29 26 1 66 39 0 1 0 0 0 0 52 90 45 1 87 55 37 1 80 44 0 1 55 48 0 1 51 58 0 1 93 25 42 1 96 62 23 1 113 81 13 1 0 0 0 0 93 85 36 1 67 106 68 1 103 115 66 1 0 0 0 0 123 124 134 1 162 122 115 1 147 107 73 1 0 0 0 0 166 159 172 1 187 142 160 1 120 116 130 1 95 84 86 1 103 111 73 1 124 77 68 1 73 95 118 1 92 93 121 1 104 137 85 1 81 95 72 1 62 92 76 1 34 105 27 1 21 29 65 1 8 0 42 1
154 135 153 1 104 186 112 1 129 113 66 1 141 118 112 1 142 131 107 1 135 78 64 1 67 100 39 1 118 105 25 1 124 117 111 1 146 143 103 1 162 120 109 1 143 148 145 1 131 152 141 1 75 148 75 1 107 56 129 1 37 102 40 1 107 64 69 1 57 43 80 1 55 52 50 1 0 0 0 0 63 106 10 1 57 72 40 1 115 108 32 1 110 103 95 1 151 144 168 1 0 0 0 0 108 85 82 1 25 62 57 1 93 60 0 1 80 68 30 1 18 74 25 1 52 61 0 1 0 0 0 0 92 55 4 1 98 92 18 1 120 77 45 1 0 0 0 0 99 64 9 1 115 109 45 1 87 96 107 1 137 124 78 1 110 115 104 1 105 104 116 1 111 174 130 1 111 117 110 1 68 144 111 1 128 161 127 1 155 99 133 1 0 0 0 0 63 93 78 1 78 85 69 1 94 94 44 1 89 112 28 1 91 83 79 1 89 72 85 1 77 122 124 1 87 109 38 1 35 99 38 1 32 90 0 1 20 35 20 1 16 36 45 1
163 133 141 1 88 85 122 1 111 104 108 1 96 150 92 1 151 101 79 1 148 101 69 1 135 93 131 1 165 109 109 1 119 158 188 1 139 136 141 1 114 112 106 1 116 90 135 1 118 137 132 1 113 117 90 1 44 72 51 1 42 45 31 1 36 84 26 1 48 63 50 1 27 30 45 1 35 29 30 1 65 91 52 1 0 0 0 0 40 13 22 1 100 103 91 1 119 110 94 1 0 0 0 0 38 92 81 1 25 73 33 1 86 88 22 1 84 82 60 1 121 129 106 1 113 75 119 1 89 115 88 1 145 113 105 1 168 145 153 1 129 155 124 1 184 155 128 1 131 167 179 1 174 122 120 1 122 109 91 1 86 78 99 1 80 99 83 1 106 146 61 1 119 146 145 1 96 110 69 1 45 116 82 1 110 124 116 1 129 96 76 1 0 0 0 0 73 109 58 1 116 97 77 1 82 97 51 1 75 81 66 1 58 91 43 1 30 45 71 1 0 0 0 0 52 58 88 1 30 41 47 1 6 13 2 1 10 29 11 1 67 78 6 1
127 108 133 1 170 105 96 1 73 91 100 1 105 96 125 1 0 0 0 0 159 159 114 1 132 128 180 1 118 125 142 1 120 80 89 1 95 111 37 1 72 131 46 1 48 66 56 1 32 29 57 1 25 56 27 1 0 0 0 0 43 57 0 1 17 53 50 1 66 91 16 1 0 0 0 0 31 85 43 1 54 66 71 1 41 56 0 1 67 86 75 1 81 89 49 1 70 68 99 1 57 61 41 1 47 20 31 1 49 103 2 1 80 60 60 1 134 123 88 1 0 0 0 0 140 155 109 1 160 156 182 1 110 115 104 1 134 123 129 1 176 121 85 1 165 170 127 1 195 138 178 1 151 147 177 1 137 126 90 1 152 90 115 1 123 94 74 1 122 72 130 1 125 128 123 1 79 93 54 1 73 69 41 1 96 101 104 1 109 122 57 1 93 85 105 1 0 0 0 0 103 88 88 1 149 122 113 1 67 73 75 1 32 84 76 1 71 73 70 1 95 141 49 1 59 91 46 1 0 0 0 0 22 35 30 1 72 67 34 1 38 56 46 1
180 144 118 1 128 156 134 1 127 130 133 1 126 134 140 1 118 130 112 1 117 142 134 1 87 99 145 1 81 73 17 1 53 107 18 1 69 58 46 1 58 72 23 1 47 70 27 1 33 34 0 1 57 54 52 1 30 67 0 1 0 14 16 1 15 84 42 1 20 61 34 1 0 0 0 0 74 43 67 1 49 104 42 1 97 15 22 1 46 85 110 1 65 85 77 1 34 42 12 1 59 71 36 1 65 34 9 1 77 35 54 1 0 0 0 0 72 57 26 1 90 90 75 1 97 107 109 1 102 59 10 1 145 81 84 1 117 141 43 1 116 103 64 1 112 125 110 1 136 153 140 1 98 108 108 1 68 139 125 1 106 90 89 1 130 143 111 1 54 68 30 1 80 112 27 1 0 0 0 0 0 0 0 0 95 118 103 1 125 71 119 1 116 117 98 1 39 114 47 1 96 58 82 1 78 103 77 1 73 91 70 1 72 85 69 1 43 94 48 1 41 56 90 1 45 56 65 1 7 8 0 1 32 5 33 1 41 25 45 1 19 48 21 1
155 157 148 1 155 150 146 1 62 129 77 1 98 128 70 1 55 74 52 1 95 80 90 1 69 26 58 1 52 35 62 1 31 37 15 1 28 69 10 1 35 27 25 1 84 64 4 1 59 50 25 1 72 53 0 1 54 43 68 1 37 51 61 1 60 74 12 1 3 43 32 1 24 32 29 1 33 49 55 1 31 57 62 1 46 72 37 1 0 0 0 0 63 42 34 1 55 61 15 1 0 0 0 0 33 88 25 1 0 0 0 0 101 25 0 1 50 66 10 1 67 76 26 1 83 73 0 1 112 108 92 1 109 108 51 1 0 0 0 0 105 137 92 1 173 117 97 1 125 154 78 1 89 64 40 1 83 83 33 1 103 116 84 1 113 130 116 1 80 89 71 1 69 80 76 1 97 78 29 1 102 76 47 1 81 82 110 1 50 105 89 1 105 70 84 1 118 85 81 1 85 107 74 1 64 41 50 1 25 93 60 1 0 58 52 1 0 0 55 1 16 48 62 1 20 55 29 1 57 21 35 1 52 59 27 1 36 56 31 1 37 106 89 1
82 106 50 1 97 77 69 1 66 54 28 1 85 78 97 1 41 66 68 1 77 41 91 1 50 60 38 1 23 43 1 1 30 33 0 1 41 60 21 1 43 84 19 1 46 44 51 1 57 27 13 1 54 54 43 1 0 0 0 0 60 66 26 1 56 94 27 1 73 60 15 1 65 74 9 1 77 27 59 1 55 109 68 1 70 90 87 1 48 117 86 1 23 67 29 1 0 0 0 0 42 69 66 1 0 0 0 0 49 67 21 1 77 96 63 1 60 59 69 1 84 30 5 1 34 87 33 1 98 67 38 1 96 133 36 1 160 185 144 1 130 108 57 1 98 104 44 1 98 117 78 1 104 110 67 1 120 101 50 1 78 98 54 1 113 109 119 1 101 101 40 1 92 102 113 1 100 80 85 1 94 104 59 1 116 107 121 1 100 89 112 1 53 43 107 1 55 72 73 1 37 95 84 1 0 0 0 0 58 47 21 1 0 0 0 0 70 28 0 1 57 29 14 1 16 39 26 1 44 48 11 1 0 75 24 1 22 45 25 1 27 68 45 1
0 0 0 0 60 59 52 1 83 65 62 1 15 51 93 1 0 0 0 0 17 30 12 1 14 48 57 1 32 65 34 1 37 69 0 1 28 31 41 1 25 61 27 1 23 59 39 1 19 36 44 1 61 63 28 1 32 81 13 1 53 40 1 1 35 41 0 1 56 69 53 1 68 49 18 1 57 120 54 1 66 64 97 1 63 44 59 1 37 50 32 1 39 58 56 1 32 45 28 1 44 26 39 1 74 56 39 1 77 36 44 1 75 60 33 1 62 76 0 1 70 43 38 1 78 87 44 1 111 81 60 1 105 129 99 1 150 116 147 1 107 103 96 1 153 122 100 1 130 73 66 1 76 114 120 1 122 129 93 1 105 107 125 1 108 125 89 1 153 93 122 1 104 94 62 1 99 77 56 1 119 120 120 1 87 90 103 1 75 74 76 1 44 18 71 1 7 60 59 1 56 60 23 1 57 31 33 1 39 29 2 1 22 35 40 1 49 42 46 1 25 74 42 1 0 44 21 1 0 19 17 1 64 22 34 1 0 0 0 0 22 80 0 1
49 32 43 1 52 37 12 1 38 41 13 1 57 38 37 1 55 37 15 1 39 81 4 1 35 45 22 1 46 26 64 1 0 40 42 1 0 0 0 0 30 48 38 1 45 19 34 1 60 28 0 1 0 0 0 0 19 56 0 1 75 90 51 1 65 49 27 1 71 76 90 1 74 73 68 1 73 81 73 1 61 62 47 1 29 77 35 1 27 42 26 1 27 38 14 1 88 29 43 1 65 66 13 1 83 60 28 1 82 48 36 1 89 57 53 1 77 31 0 1 0 0 0 0 105 120 61 1 161 136 101 1 140 145 159 1 154 173 181 1 0 0 0 0 113 73 100 1 95 109 88 1 108 76 80 1 107 103 52 1 137 116 128 1 80 109 63 1 79 97 51 1 125 113 146 1 132 165 115 1 120 104 93 1 71 58 43 1 74 20 45 1 40 57 77 1 3 47 58 1 0 45 8 1 45 46 41 1 34 37 63 1 18 25 29 1 58 51 36 1 48 50 43 1 29 37 38 1 15 45 35 1 18 87 52 1 0 0 0 0 0 0 0 0
24 59 25 1 39 39 8 1 26 60 34 1 6 52 14 1 0 0 0 0 20 46 31 1 15 37 54 1 31 57 66 1 41 58 0 1 39 65 0 1 4 44 8 1 48 33 15 1 66 64 35 1 79 73 50 1 52 139 47 1 102 81 108 1 85 126 114 1 0 0 0 0 89 56 61 1 41 42 50 1 24 50 19 1 44 64 25 1 28 50 12 1 32 61 3 1 71 54 4 1 83 33 12 1 41 96 5 1 67 65 55 1 82 68 48 1 120 94 62 1 97 108 13 1 100 145 120 1 156 161 172 1 203 135 185 1 0 0 0 0 215 152 137 1 105 154 120 1 96 110 93 1 76 84 27 1 102 142 91 1 108 84 78 1 110 124 142 1 110 86 112 1 100 83 97 1 91 77 115 1 74 69 96 1 45 66 22 1 37 2 16 1 28 85 57 1 36 40 70 1 28 16 36 1 2 49 23 1 26 44 55 1 1 43 32 1 4 32 0 1 0 0 0 0 36 62 32 1 40 70 44 1 10 73 32 1 29 6 8 1 0 49 23 1
52 72 40 1 18 63 51 1 37 49 36 1 3 28 31 1 74 51 15 1 0 0 0 0 13 18 38 1 40 35 42 1 28 39 36 1 17 37 48 1 74 15 30 1 22 60 12 1 48 122 17 1 75 95 89 1 0 0 0 0 121 106 97 1 0 0 0 0 39 103 91 1 0 42 6 1 30 40 36 1 0 0 0 0 21 28 36 1 28 35 0 1 20 44 7 1 24 51 9 1 77 33 12 1 66 59 39 1 55 107 15 1 86 121 39 1 0 0 0 0 157 148 120 1 132 122 159 1 80 124 107 1 141 126 110 1 138 147 153 1 94 115 100 1 109 69 89 1 87 28 92 1 70 118 36 1 140 77 73 1 121 131 99 1 81 130 131 1 127 86 146 1 89 145 81 1 93 62 32 1 17 15 0 1 4 23 18 1 0 0 0 0 28 65 59 1 50 58 19 1 64 47 5 1 0 0 0 0 21 89 12 1 45 90 52 1 31 43 0 1 44 25 29 1 0 0 0 0 20 38 22 1 14 22 20 1 0 0 0 0 44 62 61 1
62 55 70 1 60 39 48 1 41 49 0 1 21 53 35 1 49 44 38 1 45 21 0 1 87 51 39 1 24 83 34 1 9 42 64 1 30 34 11 1 7 5 13 1 23 44 0 1 0 0 0 0 102 99 93 1 116 147 45 1 100 74 103 1 63 48 63 1 32 68 67 1 13 44 30 1 30 38 6 1 0 69 15 1 0 0 0 0 0 0 0 1 90 49 22 1 35 63 11 1 98 97 24 1 42 50 23 1 119 108 46 1 132 118 97 1 0 0 0 0 167 165 163 1 133 142 114 1 143 163 112 1 145 124 166 1 140 142 145 1 91 87 66 1 88 90 40 1 67 71 50 1 71 64 76 1 54 72 48 1 74 73 43 1 87 111 93 1 83 80 57 1 79 71 39 1 43 61 2 1 33 30 0 1 41 2 0 1 50 51 6 1 24 0 35 1 6 69 23 1 23 71 9 1 34 72 58 1 17 38 28 1 13 14 16 1 33 32 1 1 20 41 44 1 26 56 29 1 6 76 22 1 0 0 0 0 39 80 5 1 18 44 65 1
36 87 17 1 55 79 19 1 71 38 38 1 85 52 19 1 0 0 0 0 58 48 33 1 54 87 26 1 40 29 0 1 56 46 30 1 43 48 0 1 42 26 35 1 0 0 0 0 73 106 59 1 0 0 0 0 46 87 83 1 87 55 81 1 53 59 40 1 0 0 0 0 36 82 31 1 45 53 41 1 30 44 43 1 0 0 0 0 63 44 14 1 60 65 1 1 0 0 0 0 182 94 49 1 110 97 35 1 110 143 75 1 173 162 165 1 0 0 0 0 157 112 147 1 131 128 116 1 106 101 118 1 136 140 146 1 85 116 91 1 0 0 0 0 74 57 61 1 79 75 35 1 34 105 74 1 29 30 39 1 54 98 84 1 35 16 41 1 16 42 36 1 0 61 70 1 26 35 36 1 25 79 28 1 0 0 0 0 50 68 17 1 0 40 31 1 19 41 25 1 22 60 25 1 0 0 0 0 39 32 0 1 18 35 34 1 54 81 49 1 20 50 21 1 39 66 2 1 0 0 0 0 22 43 23 1 32 34 11 1 0 0 0 0
28 42 19 1 64 38 16 1 52 61 12 1 88 21 19 1 32 37 57 1 78 25 21 1 53 77 0 1 40 92 60 1 80 78 27 1 50 71 34 1 64 63 67 1 73 62 62 1 55 49 8 1 46 74 70 1 23 56 15 1 45 107 52 1 0 98 18 1 0 0 0 0 6 22 49 1 0 0 0 0 46 46 19 1 64 66 9 1 50 99 41 1 77 112 66 1 122 111 105 1 125 130 30 1 173 146 23 1 104 139 79 1 161 194 142 1 125 113 91 1 91 77 147 1 114 121 113 1 107 126 127 1 109 101 104 1 51 112 49 1 71 128 79 1 29 100 101 1 16 36 39 1 0 0 0 0 42 40 35 1 54 49 32 1 0 55 22 1 40 45 28 1 26 43 3 1 30 33 30 1 0 46 33 1 51 75 8 1 22 5 23 1 18 48 41 1 20 39 39 1 58 23 0 1 34 21 27 1 26 42 31 1 0 62 38 1 46 41 81 1 56 40 38 1 18 56 48 1 10 51 0 1 16 66 0 1 72 44 20 1 38 59 51 1
6 51 54 1 30 60 48 1 43 44 17 1 66 46 0 1 0 0 0 0 78 85 71 1 85 93 57 1 73 68 76 1 83 105 74 1 74 75 3 1 102 89 42 1 56 65 62 1 60 70 43 1 53 94 20 1 36 42 29 1 23 2 14 1 0 0 0 0 11 9 26 1 17 10 3 1 31 44 0 1 52 59 18 1 51 56 0 1 93 107 69 1 163 93 80 1 0 0 0 0 192 147 221 1 151 95 79 1 165 111 123 1 147 129 106 1 93 111 113 1 0 0 0 0 95 90 79 1 126 108 107 1 75 124 88 1 65 69 73 1 63 33 64 1 52 15 42 1 37 80 32 1 0 49 0 1 11 61 31 1 30 101 0 1 12 46 34 1 23 43 39 1 0 0 0 0 0 0 0 0 14 24 28 1 16 20 64 1 22 17 38 1 0 0 0 0 14 29 26 1 38 37 0 1 40 40 40 1 0 0 0 0 18 70 0 1 18 68 33 1 50 33 48 1 14 33 36 1 0 0 0 0 24 48 44 1 0 0 0 0 72 41 12 1
68 41 43 1 73 90 0 1 58 53 25 1 32 78 18 1 53 97 28 1 63 88 91 1 116 135 38 1 68 119 62 1 80 74 59 1 52 43 49 1 60 64 47 1 81 73 18 1 55 46 59 1 58 35 43 1 27 20 22 1 36 53 11 1 51 17 3 1 30 47 0 1 59 52 0 1 75 57 16 1 51 66 0 1 48 54 0 1 134 79 57 1 138 147 120 1 155 113 114 1 197 135 141 1 187 191 202 1 158 193 168 1 0 0 0 0 95 142 135 1 71 55 77 1 118 56 72 1 99 112 93 1 84 106 133 1 62 83 76 1 34 67 28 1 60 30 0 1 29 63 81 1 21 18 0 1 22 82 32 1 46 40 41 1 4 63 0 1 0 0 0 0 22 17 7 1 0 0 0 0 10 41 41 1 48 43 42 1 30 64 17 1 17 103 30 1 36 53 0 1 16 33 0 1 15 34 16 1 26 17 39 1 0 0 0 0 69 25 74 1 18 17 0 1 0 63 57 1 12 45 18 1 31 63 13 1 0 0 0 0 17 48 46 1
0 0 0 0 54 36 13 1 70 39 47 1 66 71 33 1 67 70 24 1 0 0 0 0 84 79 124 1 90 110 81 1 24 59 56 1 71 85 41 1 107 70 90 1 59 59 81 1 39 57 37 1 33 54 49 1 0 0 0 0 50 65 20 1 59 0 32 1 60 58 14 1 65 27 20 1 92 64 27 1 117 96 72 1 97 105 41 1 126 117 114 1 137 105 81 1 131 95 95 1 187 195 165 1 224 166 188 1 148 172 212 1 0 0 0 0 88 112 78 1 82 61 0 1 78 106 50 1 105 103 72 1 33 92 72 1 77 65 47 1 23 49 7 1 11 85 23 1 22 44 30 1 0 35 0 1 34 39 47 1 28 40 10 1 9 44 35 1 42 59 0 1 16 72 29 1 23 33 23 1 63 41 21 1 48 57 24 1 46 63 38 1 51 48 24 1 0 0 0 0 25 59 14 1 49 49 0 1 52 21 23 1 10 50 47 1 21 6 13 1 18 40 20 1 5 8 37 1 32 33 31 1 24 86 12 1 36 84 0 1 0 54 56 1
18 43 24 1 87 81 20 1 67 67 83 1 112 78 90 1 101 82 100 1 100 87 97 1 11 47 71 1 68 63 59 1 69 48 54 1 65 39 25 1 65 31 18 1 49 71 29 1 20 66 0 1 37 57 23 1 17 88 36 1 23 73 0 1 0 0 0 0 47 83 107 1 55 63 59 1 101 89 60 1 0 0 0 0 169 139 147 1 87 121 55 1 133 64 11 1 133 131 49 1 176 129 152 1 159 109 95 1 150 162 183 1 124 106 63 1 93 40 94 1 60 71 21 1 86 80 114 1 78 94 66 1 89 46 20 1 31 28 46 1 21 41 48 1 58 52 54 1 35 63 26 1 15 59 47 1 24 63 21 1 37 3 47 1 28 31 39 1 48 68 0 1 48 22 21 1 34 34 11 1 37 59 25 1 0 0 0 0 0 41 61 1 41 52 0 1 63 12 27 1 29 0 42 1 3 36 0 1 36 41 34 1 55 34 41 1 0 26 14 1 22 39 44 1 36 67 28 1 8 47 25 1 0 17 31 1 19 77 14 1 68 12 52 1
59 69 39 1 62 52 26 1 128 63 46 1 0 0 0 0 81 132 109 1 137 98 179 1 0 0 0 0 42 43 13 1 52 26 21 1 66 74 15 1 32 71 0 1 29 78 26 1 11 117 41 1 90 53 19 1 47 34 54 1 56 104 57 1 59 64 75 1 94 63 61 1 116 109 69 1 55 57 15 1 79 112 52 1 128 139 140 1 148 112 73 1 96 100 82 1 125 123 31 1 164 61 31 1 126 106 52 1 118 128 97 1 90 128 94 1 87 80 61 1 61 63 43 1 86 87 72 1 87 85 87 1 56 109 68 1 36 15 73 1 29 65 58 1 0 0 7 1 15 62 64 1 0 0 0 0 25 54 61 1 51 55 36 1 31 60 36 1 20 37 28 1 68 69 25 1 62 36 50 1 66 60 29 1 41 40 21 1 0 34 34 1 45 33 43 1 20 14 41 1 19 57 19 1 33 35 27 1 0 0 0 0 0 36 24 1 18 47 35 1 51 48 57 1 10 30 41 1 16 60 38 1 43 15 40 1 53 32 20 1 12 77 33 1
74 78 23 1 23 56 38 1 0 0 0 0 39 67 42 1 65 38 73 1 82 62 59 1 44 80 51 1 32 96 47 1 67 70 50 1 24 73 48 1 29 58 29 1 40 30 33 1 22 52 16 1 67 69 36 1 55 100 91 1 65 51 83 1 0 0 0 0 23 42 11 1 36 31 38 1 41 38 12 1 59 9 5 1 66 38 38 1 132 109 100 1 142 145 139 1 137 118 118 1 146 130 141 1 161 129 147 1 81 117 136 1 118 147 93 1 96 109 95 1 72 90 73 1 78 59 88 1 50 112 107 1 47 58 37 1 50 55 39 1 0 0 0 0 43 14 0 1 46 71 33 1 31 44 50 1 56 68 81 1 79 34 46 1 61 65 28 1 34 18 53 1 11 38 31 1 40 6 18 1 18 69 29 1 41 63 40 1 71 12 8 1 8 10 0 1 0 55 25 1 11 18 36 1 30 27 40 1 36 39 3 1 10 44 31 1 2 46 0 1 48 49 53 1 29 10 37 1 20 29 9 1 0 0 0 0 17 47 50 1 53 47 2 1
24 38 56 1 48 65 47 1 41 78 36 1 69 52 20 1 56 55 21 1 31 38 7 1 60 58 57 1 58 86 30 1 57 25 12 1 0 0 0 1 42 77 31 1 21 69 34 1 36 30 54 1 63 73 58 1 43 67 59 1 0 0 0 0 23 32 77 1 14 46 37 1 76 31 38 1 11 54 26 1 34 36 38 1 46 53 34 1 112 76 55 1 0 0 0 0 134 161 224 1 146 128 116 1 110 85 135 1 45 56 43 1 133 60 124 1 0 0 0 0 103 95 86 1 110 100 97 1 46 48 25 1 5 47 9 1 5 10 7 1 10 11 54 1 44 68 9 1 19 84 29 1 0 43 12 1 45 46 43 1 76 67 22 1 54 75 64 1 32 65 0 1 0 62 12 1 81 90 42 1 29 8 34 1 16 0 0 1 49 61 40 1 20 35 27 1 3 26 29 1 46 58 26 1 44 23 15 1 34 59 13 1 4 65 0 1 11 26 36 1 47 44 18 1 7 18 10 1 35 34 23 1 0 31 73 1 46 39 19 1 1 33 64 1
14 50 54 1 57 51 36 1 63 69 46 1 63 47 10 1 64 84 43 1 22 89 26 1 50 38 11 1 25 70 23 1 52 22 77 1 40 61 79 1 31 43 43 1 29 31 36 1 59 83 29 1 0 0 0 0 74 112 22 1 46 37 19 1 33 31 34 1 49 30 7 1 17 50 50 1 53 44 30 1 34 42 29 1 72 35 46 1 107 44 37 1 125 93 88 1 0 0 0 0 91 71 78 1 67 69 74 1 90 94 48 1 71 72 96 1 93 58 83 1 72 90 45 1 113 109 132 1 15 65 14 1 22 26 0 1 36 0 24 1 0 0 0 0 25 23 2 1 28 35 11 1 15 64 33 1 40 37 19 1 6 33 53 1 38 75 67 1 34 77 54 1 64 90 18 1 2 87 23 1 30 58 0 1 14 14 5 1 44 75 28 1 32 53 35 1 40 15 69 1 56 84 42 1 60 63 14 1 17 30 8 1 12 62 27 1 54 33 24 1 0 0 0 0 22 66 20 1 38 76 38 1 2 41 34 1 31 39 14 1 3 68 36 1
30 44 74 1 45 55 25 1 73 21 42 1 93 28 56 1 52 92 73 1 22 63 46 1 23 64 12 1 54 38 18 1 62 80 25 1 15 40 40 1 31 11 51 1 25 45 0 1 31 63 26 1 55 65 23 1 37 80 68 1 0 0 0 0 0 0 0 0 27 40 20 1 52 66 48 1 64 44 21 1 37 68 44 1 53 49 4 1 24 21 23 1 66 29 2 1 60 50 34 1 78 45 12 1 43 91 89 1 66 85 14 1 0 0 0 0 12 71 63 1 35 62 37 1 42 69 50 1 0 44 30 1 49 36 0 1 25 29 47 1 0 0 0 0 29 78 36 1 44 38 48 1 19 28 19 1 0 0 0 0 27 46 34 1 0 0 0 0 55 76 52 1 9 15 52 1 13 30 27 1 7 54 41 1 58 59 35 1 30 49 32 1 62 25 27 1 57 54 3 1 52 42 19 1 17 53 8 1 0 0 13 1 4 22 21 1 57 43 15 1 59 24 48 1 54 35 23 1 7 36 70 1 13 68 47 1 90 41 69 1 42 34 78 1
80 51 52 1 15 87 18 1 30 73 38 1 37 23 31 1 52 54 57 1 1 48 21 1 49 74 34 1 12 61 0 1 39 28 0 1 0 0 0 0 39 16 18 1 0 30 0 1 34 38 25 1 62 43 35 1 0 0 0 0 0 0 0 0 6 46 57 1 42 45 37 1 22 58 31 1 51 24 26 1 25 53 13 1 53 24 30 1 0 0 0 0 38 77 71 1 24 63 0 1 0 0 0 0 62 69 16 1 28 44 21 1 0 0 0 0 50 58 67 1 33 76 33 1 0 0 0 0 23 29 35 1 49 36 1 1 26 79 54 1 32 32 61 1 34 29 27 1 38 34 69 1 72 9 11 1 40 55 21 1 50 19 50 1 21 50 31 1 10 66 29 1 17 70 34 1 20 44 38 1 0 54 27 1 51 41 27 1 21 39 27 1 25 68 36 1 58 10 42 1 60 32 41 1 26 18 9 1 27 61 19 1 61 30 18 1 44 57 8 1 19 56 0 1 43 30 0 1 6 59 8 1 0 26 34 1 16 44 10 1 0 0 0 0
24 76 76 1 37 51 66 1 31 58 67 1 0 58 25 1 40 54 27 1 28 75 53 1 21 11 17 1 66 84 13 1 34 41 56 1 12 21 34 1 0 74 43 1 53 19 0 1 1 18 0 1 54 81 0 1 68 93 90 1 35 41 36 1 32 55 43 1 0 42 21 1 25 42 57 1 45 40 23 1 0 36 47 1 21 1 36 1 45 42 2 1 49 99 44 1 10 28 0 1 15 57 58 1 43 69 13 1 22 50 0 1 53 33 89 1 33 45 28 1 48 42 17 1 6 43 19 1 51 53 28 1 30 21 48 1 0 0 0 0 48 45 37 1 19 51 11 1 0 0 0 0 0 61 27 1 61 62 54 1 50 13 13 1 42 71 0 1 0 0 0 0 32 54 14 1 48 50 0 1 31 32 0 1 17 66 16 1 14 46 57 1 0 0 0 0 38 58 42 1 37 58 50 1 61 37 13 1 42 53 1 1 22 12 23 1 11 33 0 1 33 51 0 1 27 16 26 1 0 0 0 0 0 0 0 0 51 22 7 1 32 53 7 1
44 51 51 1 29 33 3 1 24 59 30 1 35 41 27 1 22 12 38 1 17 49 36 1 36 78 19 1 30 90 60 1 30 41 27 1 14 30 45 1 26 81 41 1 28 40 0 1 15 56 4 1 15 28 25 1 52 122 61 1 52 61 0 1 45 71 15 1 27 65 31 1 6 67 25 1 5 52 43 1 42 38 3 1 11 57 17 1 42 54 40 1 34 56 27 1 36 58 41 1 38 76 49 1 6 48 58 1 49 74 17 1 53 88 78 1 59 77 44 1 15 48 3 1 4 23 26 1 35 49 12 1 0 0 0 0 42 25 18 1 10 37 59 1 17 16 0 1 42 72 22 1 19 0 40 1 81 45 46 1 20 6 34 1 43 62 33 1 13 12 18 1 60 59 34 1 23 42 53 1 0 0 0 0 50 52 31 1 21 38 6 1 0 19 74 1 32 39 28 1 51 30 81 1 17 50 47 1 54 55 0 1 0 30 40 1 52 32 59 1 21 71 33 1 2 45 21 1 40 20 51 1 0 0 0 0 21 36 44 1 7 60 20 1
44 50 0 1 20 53 24 1 50 67 26 1 22 58 34 1 15 39 40 1 25 66 7 1 26 64 23 1 18 52 41 1 0 77 8 1 12 64 26 1 19 50 25 1 57 69 0 1 6 41 15 1 22 55 0 1 58 40 20 1 36 22 12 1 24 43 0 1 7 9 18 1 24 89 13 1 18 55 49 1 0 0 0 0 40 68 18 1 27 17 28 1 24 50 38 1 26 29 40 1 42 45 49 1 33 56 60 1 24 33 0 1 24 45 18 1 0 0 0 0 15 51 45 1 0 0 0 0 25 68 24 1 36 33 26 1 6 26 26 1 0 46 7 1 0 47 18 1 2 43 47 1 24 0 12 1 30 44 43 1 41 62 19 1 15 50 24 1 0 65 14 1 27 42 35 1 49 65 0 1 58 81 28 1 16 0 0 1 49 39 30 1 31 44 15 1 8 37 25 1 0 41 38 1 43 45 29 1 21 0 61 1 14 15 57 1 27 77 28 1 46 12 12 1 30 32 55 1 45 51 31 1 32 14 28 1 23 35 41 1 36 45 18 1
32 16 0 1 51 46 11 1 36 28 31 1 30 36 48 1 18 36 41 1 21 39 24 1 42 47 20 1 39 1 32 1 0 0 0 0 33 62 38 1 58 27 46 1 49 33 16 1 49 52 0 1 3 51 39 1 55 84 49 1 38 41 31 1 27 35 0 1 27 50 29 1 15 58 0 1 30 26 0 1 33 63 23 1 15 55 0 1 61 23 2 1 35 58 34 1 0 0 0 0 0 0 0 0 7 45 74 1 0 26 26 1 25 47 24 1 19 41 35 1 21 50 0 1 51 70 18 1 31 31 14 1 30 34 4 1 44 36 0 1 61 75 49 1 4 34 37 1 18 13 36 1 13 46 52 1 46 14 0 1 29 29 12 1 57 70 26 1 41 63 0 1 0 0 0 0 32 56 57 1 61 48 23 1 0 0 0 0 26 28 36 1 30 49 7 1 0 70 39 1 8 39 9 1 11 44 58 1 4 34 8 1 0 68 31 1 36 26 22 1 0 0 0 0 51 28 31 1 7 35 24 1 17 4 48 1 19 52 48 1 4 55 44 1
41 71 26 1 8 50 34 1 5 17 32 1 0 0 0 0 44 34 26 1 38 42 41 1 41 48 89 1 12 50 15 1 22 46 3 1 18 52 44 1 39 56 14 1 12 21 22 1 18 64 38 1 15 57 1 1 21 103 51 1 71 42 54 1 0 0 0 0 34 6 28 1 19 36 12 1 34 26 27 1 56 62 0 1 41 33 34 1 41 25 31 1 48 70 0 1 24 80 27 1 48 97 47 1 27 55 17 1 40 59 58 1 0 68 24 1 18 20 44 1 20 70 24 1 0 0 0 0 34 55 0 1 48 54 19 1 6 0 56 1 36 48 16 1 37 95 37 1 0 37 40 1 2 57 29 1 11 38 1 1 36 39 0 1 0 0 0 0 48 50 21 1 4 42 0 1 49 86 24 1 44 54 26 1 47 37 29 1 54 60 0 1 0 0 0 0 28 30 51 1 42 61 20 1 0 57 33 1 13 48 56 1 0 0 0 0 35 50 49 1 30 5 22 1 29 36 26 1 0 0 0 0 23 39 47 1 0 45 54 1 16 54 39 1
52 56 13 1 29 48 2 1 16 10 10 1 26 1 28 1 46 28 72 1 0 0 0 0 30 16 17 1 27 40 2 1 0 0 0 0 28 67 35 1 37 60 33 1 21 19 1 1 43 38 60 1 10 67 31 1 60 80 62 1 70 45 51 1 4 61 0 1 23 0 0 1 30 0 25 1 41 43 21 1 24 46 34 1 39 34 0 1 60 32 58 1 21 94 8 1 31 76 30 1 29 46 22 1 8 52 52 1 27 74 7 1 0 31 6 1 38 21 42 1 7 50 40 1 85 57 0 1 43 47 0 1 14 42 25 1 51 34 26 1 79 43 16 1 27 82 46 1 0 34 29 1 23 26 17 1 40 41 14 1 49 19 38 1 33 41 36 1 9 59 27 1 35 86 28 1 24 45 30 1 33 59 33 1 0 0 0 0 31 60 52 1 19 17 47 1 28 28 27 1 21 46 14 1 0 56 35 1 0 44 24 1 29 52 15 1 10 41 0 1 0 39 25 1 0 54 38 1 0 13 12 1 21 20 61 1 17 61 9 1 28 70 44 1
17 55 0 1 27 45 17 1 40 43 9 1 56 52 39 1 14 82 87 1 67 105 29 1 22 55 20 1 14 34 57 1 1 49 49 1 5 57 17 1 23 21 6 1 39 30 45 1 17 46 68 1 35 16 35 1 47 40 0 1 0 0 0 0 36 36 3 1 33 39 13 1 22 33 20 1 43 60 8 1 55 30 39 1 42 61 71 1 89 54 21 1 51 58 0 1 75 30 40 1 94 31 2 1 5 36 4 1 14 53 51 1 43 15 12 1 48 37 14 1 21 76 41 1 14 51 0 1 20 36 0 1 0 68 35 1 21 68 18 1 23 63 0 1 75 42 20 1 0 39 0 1 0 57 2 1 0 0 0 0 23 49 11 1 29 50 10 1 41 50 33 1 13 26 10 1 32 47 7 1 33 33 29 1 19 0 28 1 0 0 0 0 11 19 22 1 0 16 33 1 52 30 32 1 0 0 0 0 38 32 21 1 27 0 9 1 45 47 36 1 57 70 0 1 27 0 58 1 34 72 10 1 62 88 35 1 34 91 41 1 16 31 29 1
0 0 0 0 34 55 38 1 24 20 53 1 2 72 20 1 25 61 40 1 50 32 26 1 27 30 6 1 1 112 0 1 5 31 24 1 4 41 13 1 21 42 52 1 0 0 0 0 35 51 38 1 29 70 42 1 42 60 41 1 29 51 53 1 27 62 1 1 28 37 20 1 34 33 0 1 12 28 14 1 63 80 17 1 21 56 0 1 20 53 0 1 0 0 0 0 57 58 89 1 0 0 0 0 70 42 66 1 65 50 29 1 57 56 14 1 93 31 0 1 9 21 0 1 61 58 22 1 11 13 13 1 2 11 34 1 21 19 22 1 19 52 14 1 7 21 2 1 0 0 0 0 69 58 0 1 0 31 31 1 43 49 42 1 45 35 22 1 0 36 22 1 21 18 41 1 0 30 0 1 17 66 12 1 52 43 33 1 55 42 25 1 38 80 0 1 47 32 0 1 51 0 0 1 46 9 63 1 31 58 21 1 28 43 41 1 5 14 33 1 35 45 34 1 50 24 11 1 39 64 17 1 35 59 49 1 53 49 48 1 22 26 45 1
59 11 24 1 69 46 26 1 52 27 47 1 25 45 9 1 0 0 0 0 0 20 10 1 0 0 0 0 0 43 12 1 28 29 16 1 18 40 0 1 55 40 75 1 35 51 0 1 0 0 0 0 65 50 41 1 0 0 0 0 67 103 51 1 0 0 0 0 22 22 0 1 64 73 12 1 31 48 0 1 27 47 15 1 12 79 27 1 60 47 25 1 94 78 35 1 83 32 36 1 80 60 28 1 0 0 0 0 39 70 60 1 27 25 6 1 10 5 34 1 27 42 17 1 23 31 23 1 41 35 3 1 22 47 64 1 2 28 29 1 14 41 34 1 25 47 36 1 30 64 18 1 1 78 47 1 26 37 30 1 24 34 4 1 45 54 6 1 28 56 37 1 67 41 17 1 56 34 36 1 44 78 37 1 79 40 25 1 29 41 52 1 54 42 43 1 41 57 8 1 39 68 26 1 54 49 5 1 40 33 35 1 44 40 40 1 41 38 96 1 37 50 43 1 44 85 36 1 0 0 0 0 4 23 29 1 14 27 46 1 30 53 15 1
60 67 42 1 46 81 59 1 38 42 23 1 36 44 17 1 64 60 56 1 0 0 0 0 32 32 21 1 37 12 30 1 20 22 37 1 15 44 0 1 0 0 0 0 9 40 0 1 45 39 27 1 46 77 36 1 36 26 22 1 134 118 83 1 0 0 0 0 71 67 12 1 21 91 25 1 32 40 27 1 43 67 0 1 75 52 26 1 76 62 20 1 97 71 36 1 85 74 15 1 107 73 35 1 94 102 105 1 90 82 57 1 57 89 62 1 61 89 39 1 0 51 29 1 44 51 44 1 47 40 29 1 38 88 75 1 0 0 0 0 26 23 23 1 9 20 12 1 13 40 0 1 18 20 44 1 41 39 23 1 34 65 46 1 47 61 28 1 47 31 76 1 0 15 9 1 51 49 10 1 88 75 55 1 39 85 0 1 27 61 54 1 53 1 14 1 57 37 72 1 13 41 30 1 41 79 53 1 17 53 23 1 30 32 37 1 5 29 37 1 30 69 19 1 22 13 26 1 25 61 3 1 0 0 0 0 0 0 0 0 0 0 0 0
52 77 96 1 32 64 15 1 30 65 44 1 56 78 44 1 39 31 14 1 38 48 12 1 19 73 32 1 24 0 31 1 14 40 32 1 0 32 35 1 38 36 40 1 16 0 34 1 57 46 8 1 24 34 34 1 56 65 0 1 112 94 7 1 90 124 9 1 47 82 0 1 72 94 0 1 68 72 38 1 72 29 23 1 103 46 13 1 133 114 28 1 0 0 0 0 107 100 81 1 127 99 85 1 89 126 117 1 65 152 99 1 109 80 44 1 81 69 30 1 58 43 15 1 64 43 0 1 13 36 44 1 3 53 0 1 53 50 29 1 0 0 0 0 38 65 32 1 10 58 31 1 6 63 48 1 32 23 44 1 20 39 0 1 0 0 0 0 30 78 6 1 33 12 25 1 70 84 14 1 76 66 29 1 0 17 11 1 8 38 54 1 0 0 0 0 44 72 31 1 36 44 28 1 28 21 12 1 25 73 38 1 60 63 37 1 0 0 0 0 40 23 7 1 11 24 0 1 33 54 0 1 27 47 10 1 3 58 6 1 14 39 66 1
80 129 107 1 70 48 23 1 66 36 52 1 1 59 31 1 0 0 0 0 14 49 31 1 34 71 26 1 49 35 55 1 18 79 48 1 39 108 31 1 42 50 0 1 27 52 52 1 31 38 37 1 8 23 0 1 19 16 24 1 48 50 0 1 126 98 99 1 116 84 72 1 109 73 42 1 83 67 69 1 118 49 0 1 126 70 10 1 119 69 53 1 0 0 0 0 0 0 0 0 144 110 125 1 118 130 94 1 95 95 135 1 0 0 0 0 54 106 70 1 0 0 0 0 0 0 0 0 20 21 74 1 0 0 0 0 0 0 0 0 0 60 14 1 35 69 28 1 73 87 42 1 46 67 34 1 61 67 3 1 35 66 35 1 77 59 26 1 61 31 21 1 77 35 41 1 64 60 50 1 0 28 27 1 22 44 36 1 28 85 38 1 50 27 58 1 0 28 23 1 60 29 32 1 38 33 28 1 38 63 26 1 25 30 34 1 28 47 0 1 27 51 18 1 34 39 0 1 20 11 74 1 46 19 36 1 0 0 0 0 61 48 37 1
105 50 48 1 40 30 16 1 0 0 0 0 49 33 72 1 12 40 19 1 0 0 0 0 72 52 42 1 47 43 35 1 52 51 61 1 40 98 15 1 11 55 11 1 29 43 0 1 14 80 3 1 75 67 34 1 67 61 0 1 47 79 9 1 166 84 112 1 158 101 90 1 141 102 90 1 160 132 87 1 170 161 91 1 156 143 69 1 127 56 67 1 155 172 114 1 178 159 175 1 114 174 135 1 121 125 131 1 105 118 141 1 41 71 65 1 54 68 38 1 52 47 35 1 63 80 76 1 80 108 98 1 11 54 46 1 42 20 22 1 52 56 0 1 47 74 22 1 0 0 0 0 62 63 28 1 42 77 60 1 40 61 7 1 53 37 49 1 21 38 55 1 52 65 88 1 10 85 52 1 58 97 47 1 39 29 22 1 6 92 51 1 34 47 42 1 0 0 0 0 31 27 0 1 8 11 2 1 42 52 40 1 46 45 26 1 0 6 18 1 38 47 36 1 32 39 0 1 0 0 0 0 4 56 74 1 34 40 21 1 44 5 33 1
60 89 42 1 44 51 0 1 47 0 29 1 31 78 48 1 37 34 6 1 76 67 43 1 21 22 17 1 46 24 35 1 50 52 15 1 0 49 48 1 49 15 22 1 45 84 44 1 0 0 0 0 37 22 22 1 84 75 53 1 91 39 66 1 114 119 105 1 0 0 0 0 153 104 103 1 136 161 113 1 142 146 104 1 136 136 107 1 174 167 137 1 135 166 108 1 129 148 142 1 96 138 142 1 0 0 0 0 0 0 0 0 72 43 24 1 45 59 37 1 44 86 0 1 0 0 0 0 53 70 43 1 69 41 56 1 22 75 75 1 52 38 54 1 19 18 13 1 41 28 31 1 25 80 10 1 70 83 58 1 85 103 52 1 47 34 33 1 0 39 59 1 72 43 18 1 46 48 61 1 72 55 50 1 0 0 0 0 41 35 33 1 3 35 34 1 61 8 52 1 0 0 0 0 13 44 22 1 80 87 18 1 33 90 38 1 37 38 25 1 7 62 28 1 1 60 53 1 25 0 20 1 40 47 24 1 31 50 28 1 62 75 77 1
102 53 20 1 36 108 29 1 4 9 22 1 36 26 31 1 84 46 14 1 56 71 0 1 0 0 0 0 24 56 60 1 43 54 17 1 49 60 2 1 44 76 35 1 44 70 44 1 49 90 51 1 66 20 0 1 0 0 0 0 99 101 70 1 138 117 117 1 146 130 115 1 174 122 110 1 151 130 99 1 0 0 0 0 127 116 125 1 149 160 155 1 176 135 166 1 133 147 116 1 129 115 174 1 124 130 97 1 60 48 42 1 37 37 3 1 10 43 39 1 59 63 39 1 47 66 5 1 63 63 10 1 16 40 41 1 48 85 34 1 38 56 26 1 59 24 14 1 9 70 16 1 46 61 41 1 49 82 42 1 69 93 39 1 0 0 0 0 26 62 33 1 11 27 29 1 43 20 24 1 37 19 47 1 65 62 3 1 97 68 29 1 18 43 0 1 18 91 64 1 11 61 39 1 0 0 0 0 27 64 38 1 78 95 67 1 13 27 46 1 39 17 34 1 32 19 6 1 14 56 34 1 0 0 0 0 25 50 47 1 63 82 61 1
107 95 96 1 104 87 90 1 90 62 5 1 57 52 0 1 0 0 0 0 12 62 61 1 54 39 38 1 51 42 29 1 36 21 6 1 81 76 35 1 46 56 0 1 0 0 0 0 55 50 16 1 65 36 8 1 50 53 23 1 139 85 71 1 141 112 111 1 130 132 151 1 165 126 138 1 0 0 0 0 148 141 150 1 158 123 129 1 149 148 127 1 151 158 126 1 119 142 140 1 0 0 0 0 90 54 99 1 49 43 32 1 0 0 0 0 94 62 27 1 67 89 52 1 20 45 7 1 37 29 63 1 69 35 44 1 0 0 0 0 37 68 6 1 26 62 27 1 60 59 83 1 67 30 82 1 54 39 30 1 56 50 56 1 43 69 66 1 0 0 0 0 0 76 81 1 42 18 32 1 38 69 62 1 25 81 54 1 27 25 65 1 53 13 0 1 63 42 7 1 77 70 17 1 0 0 0 0 33 47 5 1 2 72 78 1 36 47 15 1 6 47 0 1 32 16 22 1 33 25 27 1 51 39 42 1 0 0 0 0 55 9 45 1
136 118 116 1 140 130 104 1 124 72 37 1 54 62 69 1 54 43 0 1 32 41 39 1 35 34 0 1 53 47 42 1 0 0 0 0 49 60 52 1 52 77 21 1 0 0 0 0 94 60 13 1 98 79 32 1 111 73 82 1 118 156 121 1 149 117 119 1 136 120 155 1 147 119 97 1 156 159 100 1 169 148 110 1 175 121 129 1 162 132 116 1 0 0 0 0 96 86 93 1 72 124 65 1 57 123 70 1 65 69 18 1 63 121 38 1 56 86 16 1 26 24 16 1 0 0 0 0 17 27 0 1 61 52 38 1 46 53 0 1 32 55 34 1 9 32 34 1 38 28 16 1 57 49 9 1 0 39 24 1 0 0 0 0 11 55 27 1 36 81 41 1 6 22 41 1 0 63 11 1 79 8 40 1 41 30 38 1 0 0 0 0 17 52 1 1 50 20 0 1 39 38 25 1 70 40 0 1 38 18 24 1 42 30 53 1 54 45 61 1 9 22 18 1 22 8 20 1 21 79 45 1 29 61 59 1 2 46 46 1 0 0 0 0
163 93 117 1 108 121 60 1 98 104 67 1 0 0 0 0 109 86 93 1 87 107 23 1 71 44 54 1 73 45 31 1 93 46 0 1 68 78 47 1 47 48 8 1 36 72 17 1 76 68 10 1 110 94 77 1 162 139 97 1 104 100 74 1 147 160 120 1 178 123 117 1 0 0 0 0 141 168 128 1 0 0 0 0 133 152 110 1 124 130 74 1 120 122 58 1 94 87 74 1 97 119 72 1 59 87 41 1 88 96 71 1 76 67 38 1 71 79 25 1 66 56 53 1 31 28 22 1 35 11 0 1 0 0 0 0 35 44 5 1 0 0 0 0 83 21 17 1 63 79 34 1 63 63 29 1 40 12 0 1 7 67 47 1 47 68 19 1 51 35 51 1 35 78 43 1 25 11 2 1 53 79 29 1 29 44 19 1 0 0 0 0 35 31 37 1 30 57 0 1 35 36 3 1 51 35 41 1 10 41 31 1 41 33 50 1 20 68 14 1 8 40 27 1 16 67 36 1 63 74 47 1 1 39 9 1 5 0 25 1 24 30 55 1
128 151 89 1 58 60 81 1 0 0 0 0 65 89 46 1 0 0 0 0 120 104 35 1 95 89 60 1 0 0 0 0 119 101 33 1 168 99 20 1 89 75 19 1 102 81 55 1 99 124 72 1 125 138 103 1 139 157 103 1 108 106 85 1 139 119 104 1 150 156 82 1 146 122 90 1 167 118 65 1 131 131 122 1 117 106 106 1 0 0 0 0 103 97 81 1 76 121 77 1 65 78 22 1 97 99 37 1 35 115 68 1 54 70 55 1 32 101 79 1 45 47 31 1 55 42 40 1 57 29 0 1 61 28 13 1 29 60 23 1 7 15 1 1 53 32 53 1 49 52 15 1 0 0 0 0 46 51 78 1 0 74 46 1 6 46 43 1 53 32 39 1 26 28 45 1 31 58 43 1 54 37 43 1 0 0 0 0 32 80 25 1 0 39 45 1 27 36 24 1 0 0 0 0 69 0 4 1 14 51 41 1 46 65 27 1 26 79 37 1 19 81 12 1 25 63 44 1 21 68 46 1 58 31 30 1 24 36 44 1 36 48 0 1
148 121 126 1 108 75 43 1 95 36 28 1 82 87 44 1 103 71 10 1 93 106 86 1 0 0 0 0 176 120 121 1 185 137 136 1 137 117 57 1 92 92 53 1 151 126 103 1 134 160 91 1 149 160 141 1 132 145 131 1 139 139 159 1 0 0 0 0 161 152 92 1 0 0 0 0 117 128 123 1 149 144 88 1 106 107 106 1 89 138 97 1 118 96 78 1 48 79 105 1 84 119 84 1 4 68 36 1 51 69 74 1 0 0 0 0 33 75 68 1 0 0 0 0 15 61 74 1 39 74 19 1 40 76 59 1 23 71 59 1 36 49 0 1 47 75 0 1 25 53 21 1 26 52 34 1 40 57 1 1 40 55 36 1 6 43 0 1 77 35 58 1 62 34 47 1 48 59 43 1 0 0 0 0 0 37 1 1 40 85 38 1 34 32 36 1 25 74 28 1 17 37 3 1 24 16 26 1 4 52 24 1 1 59 23 1 35 42 0 1 17 36 70 1 53 53 70 1 65 40 40 1 2 42 5 1 42 57 24 1 28 34 20 1
137 135 130 1 110 68 48 1 108 95 77 1 103 68 0 1 139 101 35 1 93 96 47 1 122 96 57 1 158 163 103 1 115 170 139 1 150 95 82 1 130 104 87 1 180 124 69 1 131 125 105 1 130 128 102 1 110 116 61 1 0 0 0 0 153 158 75 1 108 144 95 1 145 138 108 1 119 132 102 1 124 127 151 1 154 72 119 1 109 112 86 1 0 0 0 0 84 89 52 1 66 65 68 1 105 97 53 1 93 45 54 1 39 87 51 1 19 73 45 1 31 71 35 1 60 98 15 1 0 0 0 0 70 87 56 1 45 49 54 1 53 61 23 1 60 52 57 1 0 0 0 0 6 31 48 1 0 0 0 0 24 50 35 1 70 61 73 1 16 85 58 1 52 38 17 1 81 55 124 1 55 85 47 1 23 22 31 1 9 63 10 1 52 32 30 1 28 19 0 1 11 2 44 1 26 39 0 1 26 78 0 1 25 44 6 1 34 37 23 1 38 34 27 1 64 126 76 1 53 58 72 1 12 36 2 1 54 27 52 1 40 28 0 1
192 116 151 1 153 114 98 1 134 136 106 1 126 125 175 1 152 150 150 1 117 158 80 1 118 69 103 1 101 132 117 1 148 148 132 1 162 96 127 1 100 120 115 1 129 120 53 1 126 121 85 1 129 143 120 1 159 158 100 1 162 147 89 1 115 123 127 1 112 114 132 1 0 0 0 0 160 96 126 1 133 130 130 1 135 133 109 1 76 57 46 1 0 0 0 0 74 89 49 1 89 36 75 1 76 100 42 1 77 62 53 1 74 92 11 1 88 71 75 1 39 104 70 1 55 78 80 1 29 41 57 1 44 78 14 1 0 43 26 1 13 78 19 1 43 56 62 1 0 0 0 0 0 0 0 0 0 0 0 0 58 13 7 1 11 46 24 1 60 42 62 1 0 36 52 1 39 50 13 1 43 53 34 1 28 63 0 1 36 32 10 1 27 42 26 1 22 45 10 1 12 33 0 1 0 0 0 0 51 44 32 1 55 47 0 1 26 31 36 1 4 103 65 1 56 77 54 1 7 92 17 1 0 0 0 0 0 0 0 0 33 67 0 1
153 187 106 1 0 0 0 0 0 0 0 0 0 0 0 0 173 147 111 1 0 0 0 0 166 145 139 1 109 134 79 1 125 85 91 1 86 161 97 1 163 182 147 1 158 151 141 1 129 154 108 1 198 153 121 1 158 137 141 1 0 0 0 0 159 141 112 1 170 144 115 1 139 153 105 1 153 145 128 1 110 139 127 1 167 104 103 1 128 134 114 1 102 114 101 1 58 110 27 1 66 67 28 1 114 59 65 1 118 82 74 1 92 96 81 1 66 107 62 1 91 71 73 1 120 104 93 1 0 0 0 0 41 36 59 1 20 73 7 1 53 51 70 1 42 9 48 1 78 73 11 1 13 76 44 1 42 61 18 1 52 55 37 1 63 59 3 1 35 43 14 1 44 74 15 1 70 67 62 1 0 0 0 0 24 73 23 1 60 84 48 1 46 20 2 1 40 44 14 1 30 69 0 1 45 26 40 1 35 56 18 1 34 61 40 1 62 64 66 1 42 70 53 1 60 24 16 1 54 71 0 1 72 67 0 1 16 45 16 1 77 43 0 1
133 191 139 1 176 191 135 1 199 149 119 1 118 108 92 1 143 146 93 1 118 148 123 1 165 162 122 1 124 131 107 1 81 102 81 1 108 96 71 1 150 155 94 1 135 176 134 1 179 163 151 1 146 158 146 1 150 122 120 1 0 0 0 0 138 133 133 1 183 98 84 1 153 105 133 1 190 160 138 1 103 93 113 1 101 83 46 1 59 96 85 1 71 76 61 1 75 45 43 1 67 119 16 1 87 101 49 1 109 91 68 1 73 105 92 1 92 66 62 1 75 83 69 1 75 99 50 1 78 93 44 1 64 23 54 1 52 47 0 1 43 75 51 1 41 51 23 1 18 69 8 1 74 43 21 1 74 62 24 1 19 97 5 1 51 74 38 1 22 64 0 1 49 5 0 1 79 44 27 1 0 0 0 0 18 20 0 1 13 63 0 1 42 37 0 1 0 0 0 0 0 0 0 0 54 83 62 1 68 66 51 1 13 24 54 1 65 58 34 1 42 42 42 1 50 60 0 1 30 9 0 1 49 83 0 1 30 30 0 1 99 116 4 1
152 129 132 1 131 160 120 1 145 143 158 1 142 158 135 1 159 158 175 1 0 0 0 0 116 119 135 1 163 167 109 1 142 147 93 1 132 119 104 1 144 158 70 1 159 113 135 1 159 166 141 1 135 125 122 1 0 0 0 0 168 117 140 1 0 0 0 0 153 83 117 1 140 107 92 1 158 112 74 1 128 97 127 1 96 98 78 1 62 96 62 1 0 0 0 0 93 114 82 1 125 84 51 1 109 79 97 1 106 112 96 1 41 92 112 1 75 59 45 1 93 116 66 1 49 96 30 1 72 30 39 1 35 76 34 1 62 59 14 1 22 50 25 1 8 88 28 1 60 80 23 1 89 46 19 1 48 77 23 1 72 75 26 1 54 67 6 1 17 58 12 1 38 32 14 1 27 57 20 1 59 54 38 1 34 54 27 1 11 59 57 1 35 35 55 1 63 54 77 1 82 60 79 1 82 55 62 1 27 89 20 1 0 44 5 1 0 0 0 0 21 92 21 1 78 50 0 1 63 52 55 1 35 22 0 1 51 65 27 1 119 70 14 1
110 127 129 1 145 124 127 1 123 121 112 1 172 137 126 1 144 165 166 1 176 172 171 1 149 170 136 1 165 100 118 1 0 0 0 0 146 148 127 1 0 0 0 0 108 151 118 1 133 154 171 1 110 127 112 1 134 138 108 1 129 123 96 1 150 116 123 1 128 151 128 1 0 0 0 0 142 111 131 1 139 119 121 1 100 163 133 1 87 117 97 1 104 114 85 1 91 81 80 1 120 88 100 1 133 63 95 1 85 98 96 1 77 49 63 1 0 0 0 0 57 91 54 1 31 24 8 1 62 81 61 1 25 66 51 1 58 32 27 1 75 12 32 1 28 38 15 1 68 65 38 1 83 57 59 1 24 75 23 1 36 78 25 1 105 90 41 1 87 89 40 1 57 80 48 1 70 93 91 1 77 91 79 1 82 68 95 1 69 84 24 1 47 56 52 1 54 90 84 1 57 84 72 1 35 75 37 1 16 63 52 1 48 74 54 1 77 79 9 1 87 23 0 1 50 48 12 1 121 68 1 1 87 90 48 1 130 115 50 1 141 132 58 1
144 178 124 1 121 86 57 1 0 0 0 0 101 118 81 1 158 130 155 1 0 0 0 0 180 161 119 1 145 149 125 1 167 121 135 1 121 99 102 1 118 120 82 1 106 153 136 1 99 152 100 1 138 140 131 1 160 195 97 1 172 164 139 1 151 125 133 1 99 110 134 1 131 124 110 1 171 142 102 1 118 127 135 1 0 0 0 0 112 113 141 1 155 118 81 1 134 102 79 1 120 98 108 1 58 41 60 1 0 0 0 0 65 66 39 1 37 52 34 1 82 49 55 1 0 0 0 0 54 101 17 1 35 99 12 1 0 0 0 0 70 74 60 1 65 30 15 1 75 64 56 1 59 54 48 1 105 101 87 1 89 152 69 1 96 99 114 1 142 153 137 1 95 76 71 1 0 0 0 0 82 69 45 1 77 89 83 1 0 0 0 0 94 52 89 1 0 0 0 0 0 0 0 0 0 0 0 0 0 0 0 0 77 27 11 1 0 0 0 0 97 73 20 1 0 0 0 0 147 114 34 1 145 125 116 1 176 153 115 1 153 134 162 1
120 135 116 1 0 0 0 0 0 0 0 0 132 174 130 1 0 0 0 0 206 140 109 1 159 159 121 1 147 100 164 1 148 163 154 1 151 137 144 1 0 0 0 0 169 159 178 1 123 147 86 1 150 148 93 1 0 0 0 0 166 113 113 1 152 158 126 1 153 155 116 1 143 164 113 1 151 79 113 1 147 87 80 1 150 117 135 1 151 98 106 1 145 122 82 1 106 119 118 1 82 109 103 1 90 65 23 1 62 30 25 1 99 75 24 1 46 76 0 1 55 77 18 1 61 53 27 1 87 44 2 1 59 51 32 1 72 77 50 1 94 64 65 1 81 112 77 1 73 86 83 1 92 96 73 1 79 132 66 1 128 109 50 1 93 111 64 1 92 100 93 1 91 99 110 1 61 49 45 1 63 78 25 1 31 61 36 1 63 69 58 1 40 28 21 1 0 0 0 0 72 48 0 1 81 94 24 1 64 66 26 1 72 79 11 1 99 108 41 1 0 0 0 0 118 158 120 1 178 176 162 1 200 147 216 1 213 172 166 1 228 184 210 1
146 156 123 1 0 0 0 0 138 167 95 1 0 0 0 0 123 160 161 1 158 166 116 1 193 162 127 1 176 168 145 1 163 143 109 1 0 0 0 0 133 142 147 1 172 146 164 1 112 116 55 1 126 97 84 1 119 105 85 1 151 137 146 1 181 166 137 1 173 132 132 1 116 118 102 1 85 107 66 1 62 92 29 1 132 129 96 1 157 143 118 1 165 174 108 1 143 129 118 1 98 104 105 1 113 102 54 1 62 69 42 1 39 27 0 1 70 27 0 1 91 97 38 1 66 83 29 1 75 29 68 1 120 91 56 1 94 88 81 1 107 117 90 1 118 110 66 1 104 126 111 1 99 114 93 1 100 66 81 1 76 82 36 1 85 93 18 1 60 124 37 1 108 100 39 1 105 116 37 1 47 77 74 1 82 75 51 1 79 58 39 1 91 80 0 1 0 0 0 0 111 78 3 1 101 119 0 1 105 121 25 1 0 0 0 0 158 148 81 1 143 159 112 1 140 133 124 1 173 147 157 1 168 181 175 1 163 154 145 1 167 194 152 1
132 127 128 1 141 104 114 1 161 164 142 1 140 184 117 1 167 160 131 1 152 172 155 1 182 165 124 1 157 141 167 1 144 156 93 1 0 0 0 0 141 174 153 1 140 182 135 1 80 78 44 1 119 112 20 1 84 163 97 1 161 170 152 1 159 173 155 1 0 0 0 0 121 100 31 1 108 78 45 1 154 92 60 1 106 78 91 1 169 120 129 1 155 122 136 1 92 88 6 1 109 75 91 1 120 122 91 1 137 125 88 1 75 103 49 1 110 68 65 1 138 98 76 1 115 129 122 1 134 128 132 1 87 165 108 1 134 105 88 1 0 0 0 0 123 93 83 1 80 95 91 1 121 85 21 1 0 0 0 0 91 75 29 1 0 0 0 0 0 0 0 0 158 159 98 1 95 123 60 1 80 60 53 1 88 88 11 1 71 83 0 1 95 84 53 1 111 97 28 1 133 102 56 1 123 127 92 1 147 178 159 1 147 167 182 1 121 140 140 1 198 161 153 1 198 187 199 1 172 178 176 1 183 182 181 1 186 167 142 1 156 187 195 1
116 118 160 1 159 156 176 1 181 134 133 1 190 202 121 1 179 156 128 1 170 152 163 1 128 145 142 1 161 129 155 1 176 164 124 1 153 139 167 1 157 144 150 1 161 137 126 1 120 149 89 1 107 106 55 1 126 56 112 1 127 97 122 1 139 149 156 1 168 139 112 1 141 156 137 1 0 0 0 0 99 110 71 1 74 96 86 1 194 96 102 1 164 130 109 1 117 67 75 1 136 89 53 1 140 113 122 1 149 105 101 1 137 135 82 1 145 147 153 1 147 120 114 1 119 103 108 1 115 86 92 1 110 113 58 1 104 147 119 1 169 116 117 1 87 113 35 1 121 65 33 1 129 110 10 1 125 109 59 1 139 124 69 1 152 123 102 1 140 87 92 1 127 100 109 1 120 73 89 1 0 0 0 0 100 77 102 1 119 137 85 1 130 142 99 1 133 132 90 1 193 141 153 1 185 192 157 1 178 153 207 1 174 181 180 1 199 161 144 1 140 149 98 1 204 156 135 1 179 179 185 1 0 0 0 0 185 196 170 1 201 192 186 1
149 139 139 1 178 141 124 1 146 196 154 1 143 140 137 1 173 159 146 1 0 0 0 0 154 130 105 1 145 122 131 1 182 178 176 1 148 116 157 1 132 167 102 1 191 131 139 1 145 172 129 1 144 123 101 1 116 148 102 1 126 124 80 1 146 143 155 1 137 133 105 1 102 101 78 1 163 95 63 1 115 89 78 1 123 124 74 1 0 0 0 0 170 135 69 1 0 0 0 0 136 128 76 1 146 134 133 1 133 138 95 1 130 111 113 1 112 137 110 1 112 129 112 1 98 81 69 1 115 122 91 1 132 109 119 1 131 138 158 1 135 111 84 1 0 0 0 0 0 0 0 0 123 100 42 1 0 0 0 0 129 115 64 1 122 92 71 1 133 126 128 1 139 137 139 1 121 111 88 1 123 98 106 1 143 130 118 1 172 170 128 1 185 182 133 1 153 184 159 1 204 137 169 1 165 162 173 1 166 196 197 1 195 176 173 1 183 149 162 1 139 161 127 1 182 164 128 1 166 162 158 1 161 189 134 1 213 154 154 1 167 184 167 1
167 135 118 1 156 121 95 1 208 124 157 1 144 131 120 1 141 160 137 1 177 152 152 1 163 139 118 1 153 134 177 1 163 153 168 1 177 182 156 1 150 174 152 1 166 116 155 1 170 148 125 1 163 169 161 1 146 149 163 1 176 137 169 1 148 130 94 1 97 106 77 1 99 126 85 1 122 81 51 1 88 114 106 1 110 88 100 1 151 95 102 1 172 116 77 1 105 149 128 1 148 167 143 1 182 118 116 1 0 0 0 0 140 140 92 1 128 124 50 1 0 0 0 0 0 0 0 0 178 99 67 1 175 98 145 1 134 143 136 1 140 145 92 1 143 94 42 1 168 111 133 1 107 111 83 1 156 110 65 1 161 129 87 1 165 129 142 1 146 146 88 1 151 169 130 1 149 166 108 1 140 121 54 1 162 153 149 1 162 171 165 1 188 189 169 1 0 0 0 0 184 119 164 1 166 168 169 1 162 164 122 1 157 148 148 1 127 166 109 1 140 159 110 1 0 0 0 0 169 161 123 1 175 144 143 1 209 166 112 1 167 170 136 1
178 157 138 1 0 0 0 0 121 166 102 1 143 151 167 1 192 205 154 1 172 160 162 1 169 127 105 1 172 188 175 1 0 0 0 0 160 149 130 1 179 159 152 1 164 143 178 1 0 0 0 0 171 196 165 1 179 179 156 1 172 156 182 1 113 146 123 1 149 145 117 1 144 139 55 1 116 125 58 1 124 128 69 1 123 110 118 1 121 121 85 1 146 105 152 1 145 170 148 1 132 127 160 1 0 0 0 0 122 143 144 1 145 137 117 1 152 108 114 1 126 130 99 1 124 108 73 1 111 118 80 1 170 134 135 1 137 143 114 1 184 178 122 1 149 116 138 1 171 146 137 1 165 157 131 1 185 133 138 1 164 171 105 1 181 163 81 1 0 0 0 0 147 124 141 1 115 131 134 1 111 113 106 1 156 154 124 1 148 188 204 1 218 185 156 1 111 178 132 1 141 97 95 1 191 141 161 1 135 143 99 1 150 173 94 1 154 155 160 1 168 150 102 1 185 148 142 1 132 110 112 1 193 107 91 1 172 136 121 1 209 179 113 1
181 188 109 1 140 153 137 1 146 121 113 1 158 161 128 1 161 147 133 1 142 163 101 1 153 163 156 1 169 137 167 1 122 125 135 1 136 141 134 1 159 113 165 1 160 161 169 1 162 216 203 1 182 164 171 1 139 166 175 1 164 155 144 1 211 129 140 1 120 130 137 1 144 128 116 1 137 121 65 1 130 149 151 1 166 134 138 1 173 151 132 1 150 171 155 1 168 179 138 1 145 133 113 1 0 0 0 0 161 131 107 1 0 0 0 0 146 121 82 1 135 144 105 1 83 136 92 1 145 141 151 1 157 151 155 1 198 169 137 1 155 206 113 1 156 130 153 1 167 138 108 1 144 138 121 1 0 0 0 0 162 134 144 1 151 166 122 1 0 0 0 0 162 128 149 1 98 133 82 1 165 109 88 1 178 141 142 1 203 174 139 1 178 133 171 1 155 164 161 1 151 123 135 1 178 146 140 1 142 113 138 1 135 105 109 1 185 157 167 1 142 167 124 1 167 130 138 1 153 178 126 1 168 184 122 1 147 151 155 1 201 180 185 1
153 161 171 1 159 152 127 1 98 165 108 1 103 168 148 1 181 177 144 1 156 168 123 1 132 184 139 1 127 140 110 1 0 0 0 0 0 0 0 0 124 152 139 1 135 126 122 1 144 140 169 1 142 183 153 1 125 146 138 1 157 162 162 1 148 145 138 1 148 134 112 1 151 123 117 1 171 140 144 1 148 145 163 1 0 0 0 0 155 137 127 1 184 135 107 1 133 140 158 1 139 117 157 1 176 157 158 1 159 165 160 1 159 128 151 1 0 0 0 0 145 138 120 1 121 117 141 1 130 143 154 1 0 0 0 0 135 147 134 1 190 117 83 1 158 110 113 1 188 163 73 1 168 135 82 1 161 168 155 1 145 165 167 1 0 0 0 0 156 173 123 1 0 0 0 0 134 92 87 1 0 0 0 0 165 141 158 1 199 147 153 1 205 178 134 1 149 127 160 1 159 171 139 1 182 133 166 1 169 137 93 1 171 149 141 1 131 188 159 1 174 146 150 1 0 0 0 0 169 137 107 1 174 165 173 1 0 0 0 0 173 149 131 1
211 165 149 1 221 193 213 1 179 166 126 1 173 129 139 1 0 0 0 0 161 140 112 1 0 0 0 0 99 120 62 1 0 0 0 0 125 153 100 1 162 142 128 1 188 118 143 1 142 139 178 1 151 186 176 1 140 174 146 1 135 166 123 1 164 131 113 1 146 120 118 1 132 104 85 1 142 146 74 1 149 141 163 1 158 148 131 1 141 112 113 1 145 122 150 1 112 149 148 1 156 159 147 1 157 130 134 1 0 0 0 0 174 152 150 1 183 168 101 1 119 168 134 1 165 95 99 1 159 123 118 1 146 110 93 1 0 0 0 0 0 0 0 0 168 141 131 1 151 128 131 1 186 150 159 1 141 159 149 1 173 148 189 1 184 107 153 1 154 170 168 1 163 144 122 1 146 113 107 1 121 123 88 1 171 101 127 1 146 138 87 1 195 124 162 1 182 173 147 1 233 133 197 1 177 159 169 1 166 176 142 1 145 188 82 1 166 157 130 1 163 147 123 1 158 106 152 1 174 157 129 1 207 157 142 1 153 181 164 1 166 205 156 1
146 157 175 1 137 157 133 1 0 0 0 0 168 141 142 1 143 139 128 1 135 172 113 1 116 108 68 1 115 111 78 1 154 152 74 1 161 107 103 1 186 180 133 1 158 171 188 1 139 173 219 1 181 183 143 1 153 143 142 1 164 160 134 1 172 144 125 1 166 139 138 1 146 152 146 1 146 119 95 1 164 121 198 1 167 164 98 1 171 146 150 1 0 0 0 0 185 158 173 1 134 178 163 1 141 190 178 1 130 185 150 1 162 152 132 1 175 142 109 1 145 165 111 1 71 124 65 1 122 114 47 1 163 126 94 1 147 143 145 1 145 132 133 1 154 164 124 1 149 157 125 1 187 169 145 1 0 0 0 0 185 193 133 1 0 0 0 0 170 184 202 1 145 145 128 1 181 128 116 1 157 155 51 1 0 0 0 0 162 166 143 1 165 150 177 1 201 186 118 1 166 183 137 1 140 176 146 1 173 159 159 1 174 171 153 1 154 174 160 1 164 183 118 1 138 153 144 1 169 172 121 1 171 182 150 1 159 172 142 1 166 175 162 1
153 159 163 1 159 132 96 1 166 145 123 1 0 0 0 0 143 156 142 1 194 117 153 1 156 165 80 1 213 134 127 1 131 168 134 1 153 183 87 1 114 149 143 1 134 134 147 1 132 182 160 1 174 167 138 1 182 166 139 1 148 167 109 1 145 146 152 1 149 175 155 1 223 123 174 1 173 147 151 1 171 150 155 1 115 176 136 1 145 119 135 1 186 182 181 1 165 156 142 1 156 136 151 1 127 145 139 1 169 195 197 1 155 173 145 1 141 122 165 1 125 80 98 1 157 111 31 1 147 131 93 1 110 81 54 1 158 142 101 1 119 152 75 1 142 132 130 1 221 154 130 1 201 179 218 1 0 0 0 0 0 0 0 0 0 0 0 0 156 185 182 1 183 186 160 1 183 171 163 1 165 150 152 1 162 152 134 1 187 132 172 1 163 149 162 1 158 163 135 1 190 128 133 1 0 0 0 0 156 125 121 1 168 157 148 1 152 169 180 1 166 155 151 1 174 140 141 1 149 195 149 1 0 0 0 0 0 0 0 0 136 166 88 1
169 160 139 1 189 150 142 1 0 0 0 0 124 151 129 1 127 148 125 1 0 0 0 0 134 141 144 1 165 169 109 1 144 150 80 1 178 142 116 1 183 159 81 1 128 170 118 1 190 167 139 1 161 165 109 1 132 130 118 1 159 151 123 1 142 147 151 1 173 153 121 1 119 153 173 1 167 160 115 1 151 145 114 1 139 158 151 1 121 151 99 1 192 163 171 1 0 0 0 0 124 161 129 1 157 153 87 1 153 132 135 1 118 123 131 1 147 152 97 1 147 111 115 1 143 122 155 1 163 165 139 1 155 185 168 1 167 159 123 1 146 155 132 1 145 175 117 1 125 126 109 1 174 179 140 1 173 160 160 1 162 185 130 1 153 202 151 1 160 170 165 1 182 165 205 1 197 187 163 1 149 195 136 1 189 164 141 1 163 153 124 1 148 222 179 1 201 145 164 1 202 161 116 1 160 165 145 1 198 128 110 1 148 182 122 1 119 132 125 1 165 153 144 1 179 151 142 1 167 177 143 1 195 193 177 1 181 157 159 1 159 199 166 1
182 186 176 1 155 186 175 1 0 0 0 0 157 129 147 1 156 164 136 1 178 161 158 1 141 162 136 1 180 137 140 1 151 146 114 1 138 142 145 1 150 191 143 1 0 0 0 0 171 137 132 1 187 147 132 1 201 198 120 1 163 194 104 1 175 150 156 1 184 154 112 1 138 178 86 1 160 135 130 1 140 129 135 1 109 148 146 1 0 0 0 0 131 136 135 1 146 150 149 1 126 142 179 1 147 134 80 1 124 152 153 1 124 107 29 1 134 46 32 1 122 124 64 1 155 134 134 1 138 160 94 1 156 191 163 1 165 174 108 1 187 151 145 1 170 166 116 1 159 154 136 1 177 194 146 1 162 166 136 1 175 166 100 1 213 183 144 1 127 142 180 1 0 0 0 0 173 178 151 1 0 0 0 0 173 186 137 1 144 183 140 1 189 183 109 1 199 188 150 1 185 184 126 1 181 152 127 1 0 0 0 0 164 163 133 1 138 191 162 1 165 172 128 1 137 137 115 1 158 190 161 1 166 136 143 1 0 0 0 0 125 159 95 1
178 163 145 1 169 146 149 1 162 150 125 1 137 163 105 1 183 142 145 1 182 140 110 1 134 177 116 1 144 153 105 1 166 153 138 1 108 115 79 1 164 153 141 1 196 163 147 1 168 140 160 1 152 145 171 1 159 163 156 1 152 179 159 1 207 145 142 1 176 141 121 1 172 150 137 1 0 0 0 0 171 119 111 1 162 190 173 1 178 134 135 1 162 142 129 1 145 132 166 1 172 176 127 1 147 164 77 1 131 137 120 1 0 0 0 0 159 136 71 1 135 163 93 1 145 148 152 1 147 139 125 1 145 137 164 1 119 185 138 1 186 148 122 1 131 142 137 1 151 137 142 1 167 191 156 1 180 146 174 1 181 151 127 1 160 147 124 1 176 154 144 1 207 147 166 1 197 180 149 1 0 0 0 0 203 143 114 1 203 121 148 1 191 180 146 1 211 181 196 1 201 190 154 1 220 170 190 1 151 123 118 1 168 176 124 1 139 187 191 1 158 184 188 1 179 167 152 1 149 139 147 1 133 135 144 1 129 165 123 1 156 176 141 1
140 115 150 1 155 145 122 1 163 117 136 1 206 146 121 1 179 140 109 1 135 135 139 1 157 160 140 1 0 0 0 0 166 113 163 1 188 183 134 1 145 135 129 1 0 0 0 0 154 175 170 1 121 143 140 1 160 157 171 1 194 176 152 1 127 163 188 1 152 137 159 1 158 129 179 1 199 155 117 1 0 0 0 0 0 0 0 0 164 161 171 1 140 171 173 1 169 171 130 1 170 147 150 1 159 138 168 1 116 159 164 1 0 0 0 0 183 179 186 1 168 166 141 1 190 146 163 1 152 191 171 1 121 156 155 1 192 133 177 1 152 140 148 1 0 0 0 0 137 178 119 1 0 0 0 0 146 155 140 1 167 144 178 1 178 157 149 1 159 172 167 1 163 190 137 1 180 152 167 1 164 127 124 1 155 159 144 1 192 176 165 1 185 171 155 1 181 188 153 1 191 173 218 1 212 224 158 1 171 215 193 1 169 177 142 1 180 208 198 1 139 181 178 1 168 145 181 1 190 162 142 1 193 184 122 1 111 109 94 1 154 140 111 1
144 127 58 1 119 133 117 1 170 172 119 1 180 135 122 1 133 153 81 1 151 150 127 1 171 139 91 1 0 0 0 0 155 180 136 1 154 182 136 1 0 0 0 0 136 176 102 1 118 163 104 1 172 187 119 1 142 136 135 1 113 153 141 1 110 187 133 1 168 158 161 1 175 154 152 1 188 178 163 1 179 130 147 1 207 151 161 1 150 149 174 1 220 189 163 1 206 193 199 1 193 153 160 1 0 0 0 0 170 151 146 1 176 214 183 1 185 166 177 1 131 173 137 1 159 153 142 1 162 161 138 1 149 188 164 1 144 165 172 1 157 172 163 1 173 175 131 1 181 175 118 1 167 181 177 1 194 184 176 1 169 133 160 1 166 144 119 1 178 182 203 1 165 212 171 1 196 154 191 1 200 183 168 1 255 158 189 1 173 155 154 1 185 194 148 1 174 179 192 1 227 159 167 1 191 177 169 1 201 197 175 1 180 175 191 1 197 177 171 1 187 139 188 1 129 155 149 1 182 160 142 1 126 115 107 1 150 146 112 1 0 0 0 0
159 142 124 1 123 169 55 1 140 127 84 1 169 144 129 1 130 162 119 1 185 188 139 1 164 120 147 1 138 178 132 1 0 0 0 0 196 135 127 1 139 160 113 1 154 130 120 1 165 132 156 1 134 158 85 1 146 88 85 1 152 183 142 1 140 133 98 1 168 120 100 1 172 173 162 1 180 133 157 1 144 150 163 1 144 153 146 1 149 181 147 1 214 196 161 1 156 165 151 1 151 138 162 1 0 0 0 0 192 141 148 1 186 159 131 1 142 138 195 1 210 143 130 1 120 150 144 1 188 131 174 1 0 0 0 0 161 162 130 1 135 138 111 1 168 142 151 1 194 182 148 1 186 148 156 1 154 176 159 1 150 198 151 1 167 161 129 1 153 169 151 1 164 170 165 1 166 152 194 1 214 136 133 1 192 181 146 1 199 133 141 1 180 132 145 1 185 189 197 1 202 189 191 1 188 191 190 1 188 181 165 1 128 155 120 1 0 0 0 0 123 187 159 1 0 0 0 0 178 157 133 1 169 152 159 1 204 133 173 1 159 142 112 1
105 134 83 1 162 135 71 1 109 121 99 1 141 133 105 1 195 98 124 1 159 153 146 1 157 125 163 1 0 0 0 0 0 0 0 0 126 180 143 1 157 150 142 1 143 157 137 1 183 177 157 1 142 136 75 1 125 138 103 1 132 121 128 1 145 135 108 1 137 102 34 1 185 154 118 1 0 0 0 0 196 161 119 1 123 161 178 1 101 153 120 1 170 121 130 1 178 137 156 1 148 99 108 1 147 152 154 1 183 158 112 1 138 121 109 1 172 134 167 1 141 142 125 1 178 145 169 1 197 156 126 1 162 152 151 1 0 0 0 0 167 158 156 1 202 214 169 1 177 194 169 1 164 146 139 1 167 193 124 1 173 161 152 1 177 174 100 1 193 161 174 1 184 186 147 1 142 145 150 1 158 137 127 1 166 191 134 1 161 169 173 1 189 148 152 1 170 160 182 1 211 184 147 1 0 0 0 0 173 152 176 1 179 183 156 1 170 153 93 1 187 146 141 1 0 0 0 0 0 0 0 0 144 164 116 1 183 145 134 1 133 138 116 1
133 133 75 1 142 133 122 1 202 192 116 1 155 145 123 1 188 119 129 1 147 128 104 1 0 0 0 0 154 155 116 1 0 0 0 0 153 168 86 1 167 158 149 1 131 117 133 1 126 169 153 1 116 117 150 1 141 137 147 1 143 121 150 1 136 81 148 1 184 148 111 1 168 135 117 1 199 159 154 1 161 176 134 1 129 171 128 1 116 145 92 1 139 160 116 1 132 142 112 1 143 101 122 1 127 153 67 1 139 145 54 1 0 0 0 0 146 148 110 1 169 146 120 1 0 0 0 0 0 0 0 0 167 158 152 1 159 167 148 1 0 0 0 0 153 175 131 1 179 178 152 1 212 142 134 1 180 142 150 1 198 170 126 1 166 145 132 1 161 160 123 1 181 124 189 1 207 166 194 1 158 184 156 1 183 170 167 1 186 163 184 1 237 184 180 1 177 133 171 1 179 184 211 1 170 149 182 1 190 205 151 1 162 179 148 1 182 185 153 1 158 143 165 1 120 177 106 1 136 174 123 1 164 136 191 1 162 140 154 1 0 0 0 0
120 104 113 1 115 111 17 1 135 92 78 1 198 154 151 1 0 0 0 0 162 135 46 1 138 158 122 1 149 154 118 1 173 160 137 1 0 0 0 0 154 134 132 1 152 161 159 1 155 158 136 1 135 163 133 1 153 135 129 1 186 153 155 1 0 0 0 0 177 135 158 1 0 0 0 0 170 164 146 1 186 188 184 1 157 167 152 1 127 146 120 1 149 145 115 1 109 121 140 1 133 145 173 1 88 139 126 1 82 136 141 1 156 108 137 1 142 179 140 1 158 177 163 1 206 151 108 1 146 180 142 1 190 135 159 1 179 161 109 1 185 211 126 1 162 175 160 1 210 148 172 1 168 169 152 1 120 126 125 1 160 158 159 1 158 171 155 1 185 167 161 1 183 155 167 1 183 234 197 1 160 189 175 1 200 162 167 1 163 197 186 1 200 185 217 1 192 174 154 1 145 169 149 1 168 152 175 1 194 159 137 1 178 138 151 1 184 188 136 1 0 0 0 0 161 158 112 1 115 158 104 1 158 190 137 1 157 159 145 1 157 147 102 1
127 90 92 1 152 98 74 1 129 110 96 1 168 125 111 1 160 111 125 1 161 172 108 1 183 143 119 1 164 150 157 1 130 130 100 1 131 128 130 1 131 144 121 1 153 128 113 1 175 131 104 1 137 114 107 1 144 126 117 1 188 123 129 1 139 163 131 1 179 134 134 1 174 174 156 1 0 0 0 0 126 160 147 1 0 0 0 0 131 138 132 1 106 143 161 1 110 137 135 1 113 87 72 1 160 162 180 1 149 174 136 1 119 117 118 1 196 149 163 1 162 173 172 1 136 150 129 1 122 128 134 1 163 122 125 1 142 178 166 1 138 189 181 1 168 163 167 1 153 142 189 1 0 0 0 0 175 164 163 1 0 0 0 0 196 170 177 1 228 149 151 1 196 181 160 1 180 172 150 1 192 191 202 1 176 180 145 1 0 0 0 0 149 196 165 1 201 171 178 1 190 160 166 1 123 139 114 1 152 176 138 1 160 140 162 1 201 142 154 1 149 160 149 1 155 133 111 1 160 121 115 1 203 144 135 1 166 163 134 1 115 147 150 1
106 116 45 1 146 110 51 1 146 149 112 1 182 143 127 1 158 178 119 1 0 0 0 0 129 119 96 1 137 173 102 1 135 171 129 1 187 171 111 1 0 0 0 0 152 163 118 1 138 118 144 1 143 133 64 1 136 110 93 1 175 141 142 1 153 132 130 1 0 0 0 0 169 156 98 1 169 149 103 1 183 172 120 1 148 158 144 1 102 160 128 1 142 143 92 1 119 104 75 1 95 96 65 1 114 114 125 1 148 149 109 1 176 108 156 1 146 140 152 1 0 0 0 0 169 171 141 1 0 0 0 0 181 159 141 1 0 0 0 0 0 0 0 0 147 121 98 1 203 170 179 1 176 184 167 1 175 167 114 1 194 157 164 1 206 176 137 1 144 138 140 1 191 155 132 1 203 148 154 1 167 174 139 1 185 166 170 1 169 150 120 1 158 155 138 1 171 173 119 1 153 148 108 1 176 175 154 1 140 136 156 1 180 165 145 1 116 182 154 1 0 0 0 0 175 174 143 1 141 105 105 1 166 145 99 1 142 135 141 1 159 179 192 1
83 85 60 1 143 119 107 1 131 111 88 1 144 127 87 1 141 167 140 1 132 173 88 1 150 152 83 1 161 146 145 1 0 0 0 0 174 127 130 1 134 98 99 1 164 133 117 1 139 147 137 1 138 148 128 1 142 134 131 1 99 169 115 1 0 0 0 0 102 94 108 1 100 121 124 1 170 129 89 1 139 122 144 1 143 117 145 1 105 152 102 1 124 147 82 1 147 147 85 1 119 145 61 1 125 116 69 1 163 112 96 1 167 136 101 1 156 151 124 1 144 193 139 1 185 168 182 1 166 144 159 1 193 133 159 1 153 137 127 1 0 0 0 0 133 170 97 1 180 170 140 1 151 141 146 1 158 130 145 1 194 154 108 1 172 144 159 1 179 139 115 1 148 155 74 1 0 0 0 0 186 186 144 1 188 122 158 1 156 143 127 1 144 166 126 1 157 151 107 1 157 176 104 1 175 138 160 1 207 215 139 1 175 123 188 1 186 175 117 1 166 150 121 1 145 189 172 1 147 169 146 1 145 132 160 1 171 153 122 1 160 179 111 1
62 110 26 1 120 105 83 1 132 140 115 1 129 113 62 1 131 149 137 1 148 132 109 1 146 171 157 1 146 131 143 1 132 139 136 1 179 124 99 1 127 143 110 1 112 151 125 1 0 0 0 0 165 172 66 1 150 91 147 1 126 140 109 1 113 116 87 1 117 84 132 1 0 0 0 0 97 133 92 1 130 100 106 1 144 160 128 1 129 147 118 1 114 89 103 1 114 136 54 1 177 133 95 1 0 0 0 0 188 150 155 1 118 165 152 1 143 143 109 1 153 154 108 1 124 157 154 1 131 148 112 1 159 180 175 1 0 0 0 0 0 0 0 0 161 146 166 1 142 133 115 1 144 140 121 1 140 115 141 1 143 131 82 1 144 152 134 1 173 153 103 1 0 0 0 0 195 178 169 1 214 157 155 1 162 151 151 1 121 116 136 1 203 198 176 1 154 180 180 1 176 189 148 1 163 169 150 1 190 125 160 1 161 129 176 1 193 134 189 1 191 132 200 1 174 127 137 1 146 174 155 1 172 153 135 1 126 168 137 1 159 200 144 1
64 112 44 1 88 102 89 1 95 138 74 1 111 117 91 1 159 142 124 1 144 119 160 1 163 134 152 1 131 150 129 1 129 125 139 1 116 119 96 1 0 0 0 0 115 135 100 1 162 140 124 1 0 0 0 0 154 149 105 1 179 159 141 1 112 108 123 1 148 90 106 1 155 127 155 1 153 132 139 1 0 0 0 0 143 129 145 1 181 160 148 1 154 115 116 1 149 142 121 1 167 141 161 1 105 66 110 1 167 135 124 1 150 163 169 1 160 126 109 1 0 0 0 0 120 124 87 1 192 136 124 1 152 126 135 1 0 0 0 0 182 128 143 1 153 166 125 1 156 162 158 1 114 125 97 1 144 152 72 1 120 162 154 1 168 206 121 1 202 162 197 1 199 161 135 1 160 151 167 1 199 197 176 1 0 0 0 0 136 139 130 1 162 168 125 1 179 142 161 1 152 170 148 1 158 145 121 1 170 145 118 1 195 143 138 1 174 173 173 1 180 157 114 1 169 162 161 1 0 0 0 0 133 163 134 1 0 0 0 0 155 141 147 1
88 74 39 1 85 102 36 1 98 111 64 1 113 144 97 1 115 137 71 1 149 140 126 1 142 156 121 1 161 175 136 1 0 0 0 0 155 173 136 1 163 124 95 1 146 152 131 1 119 166 138 1 0 0 0 0 141 132 104 1 0 0 0 0 119 109 150 1 176 123 94 1 140 151 134 1 140 165 108 1 131 135 87 1 148 139 159 1 158 117 138 1 115 148 115 1 157 94 113 1 177 179 131 1 122 140 137 1 188 130 156 1 145 137 153 1 206 183 99 1 148 139 81 1 139 123 119 1 172 128 147 1 153 155 165 1 152 145 139 1 164 161 86 1 174 126 82 1 132 157 104 1 136 176 126 1 167 127 100 1 161 105 171 1 167 155 137 1 166 157 148 1 153 190 128 1 171 203 152 1 0 0 0 0 184 125 136 1 148 180 92 1 153 120 82 1 167 144 168 1 198 180 173 1 167 175 110 1 0 0 0 0 185 155 126 1 104 126 139 1 138 187 145 1 158 149 129 1 181 147 148 1 140 154 171 1 0 0 0 0 121 117 119 1
131 134 76 1 107 85 86 1 137 124 84 1 139 143 104 1 122 151 99 1 0 0 0 0 157 149 135 1 151 169 164 1 159 172 114 1 157 124 129 1 168 141 143 1 167 151 179 1 145 209 167 1 176 177 144 1 147 154 116 1 116 122 74 1 0 0 0 0 134 128 83 1 101 108 63 1 105 121 80 1 127 139 89 1 139 124 116 1 174 132 114 1 144 163 103 1 160 135 116 1 160 130 170 1 160 169 127 1 166 131 132 1 210 167 170 1 203 148 149 1 0 0 0 0 145 152 122 1 181 155 124 1 0 0 0 0 175 188 96 1 167 122 127 1 142 146 133 1 0 0 0 0 157 169 167 1 158 138 122 1 158 149 157 1 200 160 141 1 142 174 129 1 154 146 141 1 188 136 173 1 175 164 176 1 114 167 172 1 178 132 115 1 128 137 141 1 106 131 74 1 0 0 0 0 155 193 115 1 142 154 158 1 197 157 117 1 184 156 153 1 121 173 153 1 139 160 159 1 135 142 133 1 147 138 138 1 0 0 0 0 124 133 114 1
116 140 69 1 126 135 95 1 135 111 95 1 167 116 95 1 152 167 122 1 150 177 157 1 0 0 0 0 0 0 0 0 186 172 107 1 154 117 115 1 179 145 94 1 137 154 97 1 0 0 0 0 151 186 120 1 108 89 122 1 128 119 134 1 116 53 45 1 96 52 70 1 0 0 0 0 127 110 86 1 145 148 125 1 0 0 0 0 132 158 119 1 131 146 160 1 163 145 151 1 177 108 147 1 180 202 147 1 128 126 128 1 137 161 150 1 172 160 158 1 141 143 159 1 180 161 181 1 206 115 142 1 164 169 153 1 194 159 149 1 215 156 155 1 183 147 168 1 153 117 174 1 0 0 0 0 149 132 102 1 125 168 120 1 132 134 43 1 0 0 0 0 0 0 0 0 166 151 157 1 242 163 173 1 0 0 0 0 128 169 187 1 154 121 97 1 151 113 69 1 122 108 99 1 179 159 107 1 182 128 159 1 162 131 131 1 207 139 140 1 206 153 156 1 161 120 169 1 176 160 132 1 184 149 157 1 175 148 119 1 0 0 0 0
133 116 104 1 162 140 140 1 161 153 158 1 171 111 122 1 154 164 161 1 153 177 155 1 156 151 122 1 197 133 156 1 192 171 157 1 124 154 122 1 145 112 38 1 122 154 104 1 167 149 144 1 138 142 141 1 119 150 99 1 122 151 111 1 0 0 0 0 111 83 84 1 130 112 155 1 141 113 65 1 127 108 82 1 130 141 83 1 160 120 128 1 141 110 117 1 142 122 126 1 171 152 135 1 183 118 161 1 138 148 147 1 123 141 104 1 158 180 110 1 168 148 139 1 157 152 124 1 166 110 129 1 198 154 170 1 152 157 143 1 195 174 167 1 171 160 127 1 132 133 141 1 162 121 138 1 146 117 108 1 159 153 126 1 162 124 116 1 157 144 104 1 127 191 144 1 194 168 135 1 190 137 122 1 159 135 154 1 186 105 119 1 138 120 93 1 133 130 82 1 0 0 0 0 166 153 132 1 154 186 161 1 131 184 163 1 166 136 125 1 191 141 126 1 198 138 111 1 174 174 111 1 130 133 102 1 0 0 0 0 163 156 138 1
163 121 118 1 165 151 149 1 137 153 103 1 159 182 109 1 157 131 121 1 159 152 154 1 192 144 100 1 138 135 135 1 145 151 130 1 157 175 166 1 140 119 111 1 168 164 130 1 142 150 156 1 124 124 134 1 132 94 138 1 107 97 63 1 114 72 77 1 188 104 85 1 161 153 93 1 145 105 66 1 119 146 95 1 156 118 111 1 128 147 144 1 129 156 145 1 158 153 111 1 0 0 0 0 152 129 163 1 194 169 146 1 141 167 127 1 152 156 143 1 158 156 152 1 165 145 102 1 153 166 120 1 162 180 158 1 0 0 0 0 167 143 165 1 138 129 122 1 152 171 116 1 145 156 143 1 180 134 133 1 148 166 139 1 152 137 97 1 143 145 102 1 173 177 160 1 189 121 141 1 152 198 124 1 121 158 168 1 186 139 166 1 153 136 116 1 148 137 106 1 157 190 166 1 210 147 128 1 160 199 177 1 181 177 157 1 163 148 151 1 171 155 160 1 178 152 151 1 152 194 147 1 126 147 102 1 177 167 122 1 153 136 156 1
119 133 98 1 137 148 72 1 162 98 107 1 143 148 93 1 0 0 0 0 173 153 134 1 176 191 139 1 195 186 164 1 160 123 147 1 166 199 155 1 147 152 125 1 100 153 112 1 172 144 123 1 120 146 120 1 145 131 118 1 103 113 66 1 100 148 76 1 0 0 0 0 104 134 96 1 129 139 154 1 166 119 100 1 124 158 162 1 134 121 147 1 117 96 139 1 136 172 132 1 133 127 126 1 150 93 175 1 144 160 161 1 113 153 125 1 183 131 106 1 158 113 196 1 194 161 115 1 105 141 141 1 161 142 179 1 162 165 133 1 170 126 158 1 164 170 131 1 199 163 112 1 148 126 137 1 164 161 139 1 0 0 0 0 173 159 163 1 0 0 0 0 209 168 165 1 173 152 135 1 163 144 156 1 176 166 110 1 147 153 79 1 121 105 91 1 178 131 179 1 0 0 0 0 157 129 114 1 0 0 0 0 183 187 127 1 188 193 181 1 179 156 165 1 171 144 188 1 155 155 144 1 0 0 0 0 180 137 156 1 188 133 152 1
148 154 76 1 149 149 162 1 184 150 159 1 141 151 128 1 132 164 154 1 0 0 0 0 141 153 151 1 206 176 107 1 151 156 132 1 143 177 140 1 137 119 112 1 130 135 146 1 159 127 127 1 145 132 139 1 144 125 163 1 74 99 49 1 132 93 70 1 138 117 123 1 142 165 186 1 136 144 138 1 172 168 158 1 163 141 124 1 129 162 159 1 165 143 108 1 130 120 117 1 146 115 90 1 175 139 120 1 121 147 121 1 0 0 0 0 153 133 88 1 132 139 119 1 130 117 141 1 143 145 137 1 171 145 148 1 174 161 147 1 190 159 158 1 157 140 173 1 170 172 119 1 153 139 147 1 172 152 134 1 175 164 166 1 132 118 142 1 0 0 0 0 142 163 120 1 112 162 112 1 194 142 103 1 171 112 160 1 155 127 118 1 157 181 131 1 131 179 189 1 169 144 177 1 189 124 143 1 186 156 150 1 0 0 0 0 182 167 177 1 175 146 161 1 170 168 124 1 196 149 164 1 150 196 128 1 169 162 115 1 198 188 142 1
0 0 0 0 148 111 158 1 155 193 155 1 173 113 192 1 165 182 147 1 148 188 135 1 182 145 121 1 165 163 158 1 157 140 146 1 0 0 0 0 0 0 0 0 167 154 112 1 135 134 124 1 158 123 162 1 131 161 119 1 121 125 70 1 129 103 38 1 115 104 69 1 119 165 92 1 138 114 143 1 166 112 121 1 147 121 186 1 182 144 142 1 96 142 110 1 126 129 124 1 175 115 110 1 137 124 110 1 173 117 116 1 156 107 98 1 145 139 73 1 0 0 0 0 174 136 123 1 155 101 144 1 155 148 128 1 0 0 0 0 166 124 130 1 151 119 178 1 0 0 0 0 174 143 162 1 145 182 141 1 180 183 120 1 147 145 170 1 173 123 173 1 140 177 103 1 159 167 155 1 147 122 104 1 168 117 122 1 170 163 134 1 154 145 117 1 164 151 117 1 109 145 118 1 136 129 184 1 203 157 121 1 141 144 163 1 182 164 143 1 156 181 161 1 168 174 153 1 172 158 162 1 159 146 196 1 0 0 0 0 136 134 173 1
117 118 116 1 0 0 0 0 206 181 178 1 151 185 157 1 176 107 141 1 166 115 151 1 177 162 171 1 194 137 148 1 94 149 132 1 158 149 126 1 129 140 114 1 135 129 107 1 157 124 194 1 158 135 161 1 89 100 73 1 124 102 62 1 131 100 20 1 100 96 0 1 0 0 0 0 177 149 155 1 175 140 118 1 156 134 111 1 0 0 0 0 176 169 115 1 125 142 107 1 139 145 125 1 147 121 121 1 0 0 0 0 169 116 168 1 147 145 146 1 137 150 72 1 166 125 126 1 149 124 148 1 122 161 158 1 181 190 156 1 194 182 174 1 170 163 162 1 166 173 157 1 176 151 137 1 160 164 185 1 179 174 149 1 155 172 157 1 128 135 181 1 173 165 144 1 0 0 0 0 123 142 120 1 141 176 162 1 174 149 85 1 147 142 126 1 181 184 115 1 175 165 131 1 0 0 0 0 154 105 109 1 123 128 127 1 163 154 147 1 129 126 131 1 152 138 130 1 0 0 0 0 181 194 149 1 139 148 174 1 146 177 147 1
151 125 107 1 163 173 146 1 0 0 0 0 150 156 142 1 147 158 105 1 186 175 121 1 154 129 154 1 165 172 136 1 156 154 121 1 158 132 156 1 135 103 127 1 144 154 101 1 134 136 123 1 0 0 0 0 0 0 0 0 0 0 0 0 133 133 80 1 110 83 70 1 119 29 99 1 116 145 50 1 161 150 116 1 117 134 154 1 154 95 110 1 0 0 0 0 103 143 115 1 158 112 91 1 180 126 172 1 143 143 113 1 160 192 135 1 0 0 0 0 169 146 147 1 178 103 140 1 0 0 0 0 147 139 138 1 178 134 153 1 183 161 143 1 151 185 132 1 101 190 131 1 170 166 113 1 142 177 151 1 144 193 150 1 167 166 149 1 151 180 170 1 111 155 138 1 139 151 140 1 143 122 135 1 137 150 121 1 172 176 144 1 155 117 114 1 102 132 89 1 128 125 104 1 130 100 84 1 164 174 120 1 137 154 111 1 134 109 55 1 180 181 132 1 180 146 147 1 174 135 124 1 173 183 183 1 0 0 0 0 196 159 160 1
0 0 0 0 164 148 124 1 144 150 121 1 186 148 140 1 168 95 121 1 153 152 114 1 185 125 204 1 181 161 142 1 188 172 157 1 170 156 158 1 172 177 138 1 128 151 117 1 99 141 82 1 121 125 84 1 168 90 114 1 150 126 173 1 130 145 144 1 149 142 149 1 125 149 126 1 125 141 128 1 144 113 114 1 100 79 80 1 120 120 118 1 159 125 90 1 135 114 130 1 148 130 118 1 190 129 127 1 171 147 156 1 164 176 164 1 165 179 177 1 178 145 192 1 185 153 120 1 145 170 122 1 0 0 0 0 172 163 190 1 173 146 149 1 171 179 117 1 151 150 112 1 154 145 119 1 161 150 107 1 164 126 136 1 148 132 48 1 137 101 95 1 110 100 94 1 114 102 64 1 151 113 165 1 165 158 131 1 179 152 131 1 159 138 101 1 149 158 161 1 156 163 99 1 149 129 150 1 157 174 130 1 213 159 155 1 155 156 158 1 0 0 0 0 157 166 180 1 212 155 148 1 136 136 164 1 183 125 141 1 159 131 123 1
97 128 57 1 171 125 154 1 177 168 108 1 118 143 82 1 169 120 148 1 142 155 168 1 162 126 126 1 0 0 0 0 171 136 115 1 178 169 92 1 108 85 91 1 127 134 112 1 127 139 123 1 0 0 0 0 107 92 43 1 152 130 126 1 126 129 124 1 149 119 146 1 153 135 117 1 175 153 147 1 110 133 133 1 141 134 107 1 134 153 102 1 155 118 107 1 135 156 120 1 171 136 105 1 152 128 152 1 0 0 0 0 0 0 0 0 163 177 145 1 0 0 0 0 0 0 0 0 182 196 160 1 204 172 183 1 162 147 145 1 203 171 151 1 196 130 178 1 186 158 136 1 135 154 152 1 160 141 171 1 0 0 0 0 114 115 80 1 0 0 0 0 84 110 86 1 160 134 125 1 167 157 134 1 143 181 154 1 0 0 0 0 132 137 118 1 163 153 118 1 153 163 126 1 145 151 156 1 149 157 167 1 199 151 142 1 135 143 123 1 189 130 151 1 195 187 154 1 0 0 0 0 154 159 121 1 127 142 131 1 159 126 59 1
105 76 83 1 0 0 0 0 142 147 137 1 160 143 124 1 0 0 0 0 126 145 173 1 177 177 127 1 186 152 173 1 153 137 162 1 151 144 120 1 70 104 76 1 66 76 82 1 97 84 128 1 131 99 97 1 37 90 64 1 167 144 104 1 139 148 110 1 134 135 173 1 163 151 128 1 134 128 156 1 0 0 0 0 0 0 0 0 0 0 0 0 0 0 0 0 142 140 98 1 144 132 150 1 126 170 159 1 165 130 138 1 124 152 152 1 0 0 0 0 132 144 156 1 188 172 146 1 121 162 160 1 188 187 129 1 205 143 165 1 217 135 147 1 192 184 169 1 154 171 96 1 125 111 83 1 0 0 0 0 144 125 108 1 127 130 133 1 138 146 84 1 156 151 65 1 163 168 185 1 158 171 155 1 165 123 104 1 127 173 145 1 101 151 154 1 154 186 166 1 191 189 139 1 160 168 151 1 156 130 167 1 192 171 151 1 174 152 146 1 166 149 170 1 201 153 124 1 176 188 154 1 112 129 103 1 145 110 143 1 175 124 86 1
125 135 151 1 161 103 57 1 154 141 111 1 141 154 121 1 176 180 110 1 133 156 150 1 200 173 132 1 162 164 163 1 180 119 109 1 163 142 126 1 143 108 120 1 133 143 39 1 96 112 65 1 93 76 21 1 62 126 58 1 113 100 73 1 121 148 108 1 156 156 115 1 160 113 152 1 0 0 0 0 152 130 136 1 117 115 111 1 157 162 126 1 119 127 114 1 123 102 93 1 115 151 129 1 0 0 0 0 150 162 139 1 0 0 0 0 199 132 170 1 0 0 0 0 0 0 0 0 171 147 140 1 181 188 147 1 189 143 132 1 147 169 174 1 156 134 148 1 150 99 103 1 171 141 147 1 159 100 102 1 141 115 131 1 0 0 0 0 150 179 127 1 174 139 142 1 193 146 140 1 181 112 193 1 132 160 132 1 160 149 147 1 200 129 150 1 170 181 139 1 146 186 163 1 221 177 152 1 158 199 190 1 0 0 0 0 169 157 135 1 152 146 141 1 161 163 136 1 176 163 156 1 163 200 143 1 151 154 128 1 193 126 129 1
194 110 82 1 114 98 87 1 111 121 91 1 148 124 139 1 199 170 156 1 143 146 147 1 145 136 158 1 144 157 147 1 161 156 156 1 174 182 124 1 0 0 0 0 122 79 74 1 0 0 0 0 85 98 33 1 67 69 50 1 91 115 88 1 0 0 0 0 132 156 92 1 139 109 114 1 174 142 88 1 148 161 116 1 135 143 161 1 139 129 205 1 186 159 117 1 142 95 120 1 0 0 0 0 155 168 147 1 0 0 0 0 166 157 136 1 177 169 132 1 122 153 119 1 143 101 99 1 165 134 100 1 172 163 126 1 168 170 139 1 171 177 137 1 175 197 145 1 152 174 156 1 175 176 164 1 155 176 140 1 0 0 0 0 127 144 92 1 121 146 164 1 163 169 178 1 160 179 144 1 175 149 135 1 211 172 135 1 150 220 174 1 0 0 0 0 172 192 144 1 169 209 136 1 169 159 160 1 165 163 156 1 213 156 175 1 141 188 175 1 184 181 173 1 165 163 211 1 160 143 154 1 196 155 154 1 179 153 143 1 182 169 107 1
122 114 68 1 107 128 44 1 141 149 45 1 106 155 123 1 0 0 0 0 163 189 105 1 210 186 122 1 165 167 101 1 130 139 157 1 166 145 135 1 121 134 97 1 76 117 79 1 0 0 0 0 119 104 132 1 114 84 53 1 110 129 127 1 151 126 125 1 144 134 111 1 157 137 138 1 0 0 0 0 148 159 130 1 150 130 117 1 157 129 99 1 168 106 116 1 147 122 113 1 173 190 180 1 179 190 107 1 176 168 172 1 170 166 138 1 146 151 137 1 164 134 109 1 145 159 125 1 145 154 137 1 172 160 155 1 153 134 113 1 185 180 163 1 189 148 111 1 177 155 121 1 111 150 154 1 146 145 125 1 176 142 158 1 138 116 104 1 168 155 146 1 145 87 121 1 137 170 152 1 184 152 116 1 128 166 118 1 126 148 155 1 148 128 114 1 170 145 187 1 170 178 133 1 173 156 149 1 173 160 171 1 184 181 162 1 0 0 0 0 227 233 188 1 164 194 146 1 205 121 141 1 159 157 109 1 177 176 158 1 175 159 146 1
138 106 88 1 152 113 52 1 0 0 0 0 137 87 66 1 132 140 86 1 117 130 108 1 94 135 90 1 171 119 116 1 120 153 88 1 107 112 125 1 0 0 0 0 133 90 70 1 100 105 84 1 110 110 100 1 136 116 158 1 125 123 72 1 141 109 102 1 145 128 95 1 175 107 127 1 133 129 97 1 172 124 108 1 0 0 0 0 141 157 121 1 0 0 0 0 113 158 163 1 144 146 133 1 157 178 134 1 190 183 120 1 186 129 167 1 0 0 0 0 150 101 133 1 123 147 132 1 154 164 112 1 135 149 90 1 188 148 149 1 0 0 0 0 0 0 0 0 157 150 176 1 165 191 174 1 144 127 120 1 151 177 113 1 126 109 90 1 146 114 112 1 0 0 0 0 122 93 106 1 109 77 111 1 159 148 120 1 124 125 105 1 0 0 0 0 146 139 170 1 161 175 148 1 134 146 154 1 203 175 155 1 189 131 169 1 162 148 111 1 198 142 152 1 139 194 173 1 183 162 112 1 144 148 121 1 127 183 124 1 172 177 178 1
144 100 140 1 163 104 58 1 140 89 76 1 171 91 97 1 0 0 0 0 175 155 146 1 113 110 97 1 140 149 126 1 168 142 108 1 106 97 56 1 122 102 116 1 150 127 126 1 136 132 132 1 123 104 122 1 139 133 129 1 121 111 107 1 162 146 102 1 159 137 112 1 139 120 124 1 125 158 123 1 135 123 102 1 170 134 124 1 147 106 130 1 201 131 147 1 155 139 127 1 0 0 0 0 153 184 142 1 175 152 180 1 161 199 160 1 152 170 115 1 180 179 136 1 183 164 114 1 145 147 92 1 118 168 124 1 0 0 0 0 155 151 70 1 158 202 150 1 202 194 200 1 168 159 122 1 161 185 112 1 130 113 75 1 134 118 86 1 127 147 135 1 151 172 110 1 134 103 108 1 121 106 72 1 141 105 101 1 136 139 134 1 116 140 94 1 133 143 126 1 135 107 135 1 129 188 154 1 183 188 144 1 178 202 179 1 132 164 143 1 127 164 164 1 157 180 161 1 146 123 92 1 169 175 122 1 155 174 168 1 0 0 0 0
139 76 159 1 149 89 38 1 100 105 61 1 104 103 71 1 140 181 143 1 174 142 170 1 184 174 144 1 135 107 130 1 160 129 57 1 100 124 52 1 110 101 58 1 119 69 104 1 100 148 114 1 147 111 129 1 153 86 80 1 134 119 67 1 129 108 74 1 135 161 113 1 136 168 94 1 117 119 53 1 131 121 115 1 156 146 102 1 151 122 102 1 138 143 82 1 161 146 139 1 156 121 150 1 126 132 136 1 171 160 112 1 139 165 172 1 139 127 141 1 158 153 130 1 0 0 0 0 0 0 0 0 106 129 91 1 151 152 123 1 199 107 153 1 174 160 188 1 163 150 165 1 122 179 157 1 138 153 134 1 148 145 152 1 170 131 141 1 234 191 157 1 165 154 142 1 174 133 131 1 142 143 118 1 132 103 77 1 121 150 140 1 0 0 0 0 133 141 140 1 166 156 170 1 137 156 135 1 165 178 194 1 161 156 155 1 168 137 114 1 131 120 31 1 145 132 111 1 177 137 128 1 0 0 0 0 0 0 0 0 198 158 141 1
103 134 75 1 115 115 64 1 121 97 61 1 117 121 111 1 184 120 199 1 0 0 0 0 175 153 121 1 197 144 173 1 145 119 117 1 146 86 101 1 147 131 112 1 141 155 107 1 0 0 0 0 125 118 120 1 113 112 94 1 123 162 135 1 141 123 84 1 149 140 137 1 129 147 105 1 147 132 99 1 148 118 86 1 152 98 85 1 170 132 87 1 150 124 145 1 183 149 138 1 123 118 135 1 154 127 80 1 141 130 138 1 129 143 120 1 143 166 141 1 163 180 105 1 101 126 136 1 170 174 126 1 141 119 91 1 164 159 117 1 144 153 134 1 0 0 0 0 118 129 161 1 155 139 136 1 193 196 161 1 149 169 135 1 163 197 185 1 150 155 151 1 151 158 134 1 156 133 139 1 141 93 108 1 165 116 125 1 145 172 155 1 141 141 138 1 140 118 82 1 167 140 137 1 108 145 193 1 172 169 139 1 163 143 56 1 210 131 88 1 147 135 108 1 166 144 124 1 183 112 162 1 160 147 189 1 187 169 157 1 194 181 128 1
0 0 0 0 106 76 84 1 123 87 78 1 0 0 0 0 0 0 0 0 131 107 125 1 158 138 129 1 138 158 146 1 120 144 122 1 132 131 84 1 0 0 0 0 155 165 142 1 0 0 0 0 125 176 128 1 170 125 93 1 187 102 93 1 150 155 117 1 0 0 0 0 132 150 144 1 202 128 174 1 154 152 123 1 133 112 114 1 135 123 108 1 156 156 156 1 135 150 127 1 153 107 111 1 168 118 87 1 159 123 104 1 139 144 175 1 185 152 149 1 132 126 196 1 172 131 127 1 136 99 133 1 121 138 93 1 147 124 147 1 171 161 102 1 164 121 126 1 128 178 111 1 179 173 123 1 181 186 128 1 172 173 198 1 182 157 162 1 147 182 182 1 171 185 137 1 155 143 131 1 137 147 104 1 164 103 97 1 180 179 143 1 128 173 153 1 137 134 85 1 134 145 134 1 167 158 120 1 163 118 145 1 146 188 100 1 182 175 158 1 169 154 149 1 142 174 155 1 188 204 161 1 176 168 170 1 165 154 179 1 176 170 166 1
72 82 10 1 113 105 19 1 125 107 43 1 82 129 39 1 106 80 64 1 0 0 0 0 170 157 110 1 110 168 111 1 147 99 120 1 131 142 109 1 101 107 140 1 184 154 124 1 105 108 86 1 124 88 76 1 107 157 109 1 118 141 149 1 124 145 162 1 131 110 119 1 148 137 143 1 157 137 141 1 147 143 118 1 143 132 103 1 161 134 94 1 0 0 0 0 134 159 115 1 148 130 90 1 144 146 156 1 126 142 140 1 0 0 0 0 140 154 126 1 169 119 131 1 155 155 142 1 128 122 143 1 91 86 47 1 143 71 81 1 107 108 53 1 132 137 79 1 0 0 0 0 111 147 175 1 176 174 158 1 171 134 165 1 114 148 140 1 138 161 165 1 0 0 0 0 136 186 141 1 181 133 104 1 178 111 103 1 150 165 172 1 189 126 159 1 137 123 139 1 159 146 130 1 183 179 116 1 134 130 138 1 109 174 117 1 195 168 179 1 0 0 0 0 0 0 0 0 146 210 154 1 198 178 166 1 198 176 136 1 172 179 143 1
132 143 67 1 168 124 62 1 122 133 130 1 159 80 89 1 0 0 0 0 126 109 63 1 108 112 95 1 79 122 107 1 142 93 69 1 130 105 90 1 143 101 99 1 90 161 148 1 145 120 97 1 86 59 45 1 215 99 61 1 153 166 103 1 142 143 138 1 162 133 128 1 155 151 102 1 128 159 157 1 134 130 107 1 147 127 140 1 122 130 105 1 161 127 85 1 194 135 82 1 147 141 128 1 201 142 154 1 183 156 157 1 169 158 133 1 144 148 115 1 134 173 180 1 187 157 128 1 0 0 0 0 138 150 104 1 0 0 0 0 143 138 51 1 126 122 125 1 143 131 144 1 161 171 152 1 151 120 148 1 187 149 67 1 99 142 76 1 122 141 147 1 122 158 136 1 149 138 139 1 171 123 125 1 157 165 147 1 169 117 120 1 147 103 91 1 140 141 92 1 121 121 70 1 151 114 63 1 150 140 61 1 188 149 52 1 125 143 134 1 194 124 118 1 184 169 134 1 186 155 150 1 157 160 177 1 169 170 139 1 174 139 154 1
148 127 55 1 0 0 0 0 128 168 128 1 131 127 144 1 145 132 81 1 127 103 107 1 84 79 60 1 93 48 33 1 103 94 110 1 93 93 54 1 138 110 94 1 161 133 137 1 83 138 73 1 152 95 27 1 114 122 42 1 181 110 116 1 168 156 136 1 172 156 142 1 115 155 116 1 110 166 105 1 126 149 105 1 126 112 152 1 134 134 148 1 154 132 136 1 129 149 132 1 162 140 164 1 160 144 103 1 123 133 131 1 147 137 129 1 143 138 123 1 138 131 139 1 153 177 190 1 124 123 134 1 156 114 118 1 0 0 0 0 143 95 96 1 176 94 141 1 0 0 0 0 117 119 127 1 150 131 82 1 123 139 77 1 97 134 92 1 166 163 115 1 122 132 77 1 88 123 102 1 0 0 0 0 115 136 149 1 144 125 89 1 116 70 70 1 153 124 80 1 174 180 135 1 139 126 113 1 171 163 124 1 152 124 100 1 133 114 56 1 126 133 89 1 176 128 156 1 0 0 0 0 173 170 150 1 150 119 120 1 176 150 130 1
0 0 0 0 171 161 153 1 163 147 142 1 162 158 139 1 81 122 85 1 90 110 103 1 127 102 31 1 0 0 0 0 91 66 39 1 101 45 13 1 0 0 0 0 142 80 128 1 64 98 63 1 112 71 57 1 113 130 77 1 154 127 121 1 0 0 0 0 118 149 141 1 149 134 148 1 162 135 139 1 139 144 132 1 159 127 104 1 156 124 149 1 165 125 155 1 143 134 176 1 196 168 126 1 156 133 146 1 139 136 106 1 113 108 83 1 157 138 103 1 141 145 106 1 155 129 156 1 129 134 173 1 0 0 0 0 139 148 122 1 152 82 63 1 198 140 111 1 178 148 203 1 165 165 155 1 139 137 130 1 133 122 96 1 126 101 36 1 51 91 64 1 109 118 44 1 118 103 50 1 102 118 121 1 140 112 127 1 132 138 104 1 141 165 102 1 106 116 87 1 154 176 185 1 184 157 174 1 0 0 0 0 178 139 156 1 168 127 134 1 162 121 117 1 177 159 168 1 192 165 159 1 212 159 146 1 208 167 162 1 0 0 0 0
105 138 99 1 140 140 145 1 143 139 191 1 134 120 145 1 111 123 89 1 118 81 79 1 0 0 0 0 94 100 71 1 50 64 38 1 0 0 0 0 73 57 37 1 104 123 32 1 104 51 61 1 128 156 46 1 147 124 98 1 0 0 0 0 195 136 146 1 141 151 122 1 147 121 141 1 141 137 122 1 130 146 114 1 139 133 106 1 149 132 140 1 148 148 169 1 0 0 0 0 132 147 152 1 188 154 127 1 118 139 72 1 98 90 96 1 0 0 0 0 129 135 106 1 168 176 142 1 175 158 183 1 139 155 148 1 196 161 132 1 208 125 157 1 143 88 162 1 169 136 130 1 157 101 169 1 186 182 164 1 136 121 135 1 129 120 76 1 91 79 43 1 120 128 48 1 117 80 31 1 122 98 61 1 0 0 0 0 112 134 94 1 185 142 126 1 115 116 148 1 155 170 142 1 155 182 166 1 160 152 168 1 180 158 132 1 161 192 181 1 146 140 105 1 143 156 165 1 187 166 154 1 111 166 162 1 177 129 177 1 134 143 165 1
98 126 6 1 98 96 43 1 0 0 0 0 185 121 138 1 95 114 73 1 127 71 65 1 102 92 102 1 132 103 113 1 55 125 85 1 79 97 49 1 95 98 6 1 115 74 55 1 136 147 81 1 196 106 103 1 190 160 140 1 158 165 151 1 185 144 109 1 130 126 146 1 111 142 118 1 168 163 141 1 158 147 120 1 0 0 0 0 178 143 124 1 171 117 153 1 151 146 151 1 184 152 159 1 166 107 155 1 128 144 112 1 142 161 126 1 176 142 141 1 163 137 121 1 184 141 148 1 161 189 121 1 177 172 148 1 202 180 126 1 0 0 0 0 157 159 141 1 180 124 164 1 170 146 115 1 140 156 128 1 165 150 141 1 130 116 143 1 159 123 106 1 77 83 54 1 140 90 59 1 123 109 42 1 117 98 72 1 157 109 65 1 168 139 119 1 137 143 177 1 154 121 110 1 152 149 136 1 172 154 113 1 218 127 116 1 110 126 138 1 140 145 149 1 0 0 0 0 0 0 0 0 174 99 141 1 148 140 136 1 152 132 141 1
132 91 20 1 118 72 38 1 142 113 66 1 148 155 123 1 174 100 124 1 92 91 80 1 131 82 102 1 108 137 85 1 114 101 78 1 0 0 0 0 112 133 97 1 0 0 0 0 162 116 107 1 151 133 117 1 187 165 134 1 133 171 151 1 172 146 125 1 149 146 146 1 183 156 181 1 156 168 169 1 156 113 139 1 154 137 137 1 155 162 177 1 145 115 131 1 125 146 106 1 0 0 0 0 158 159 136 1 161 137 148 1 155 197 181 1 150 185 148 1 162 149 125 1 142 160 166 1 117 178 114 1 189 185 159 1 0 0 0 0 192 161 154 1 166 162 143 1 178 156 141 1 184 117 141 1 180 117 183 1 167 155 151 1 166 117 119 1 155 180 176 1 0 0 0 0 66 68 71 1 144 118 93 1 110 100 90 1 114 135 83 1 127 116 139 1 142 141 147 1 0 0 0 0 140 169 92 1 167 125 156 1 138 176 119 1 124 121 84 1 120 99 113 1 131 166 176 1 145 143 135 1 155 148 182 1 169 138 152 1 140 162 96 1
127 46 76 1 139 115 5 1 150 145 102 1 133 145 149 1 0 0 0 0 79 97 84 1 78 138 79 1 113 138 136 1 149 127 155 1 156 148 134 1 122 138 35 1 88 102 55 1 154 140 121 1 144 107 138 1 141 193 133 1 180 145 142 1 160 179 154 1 138 120 97 1 146 153 132 1 149 176 166 1 192 130 134 1 147 160 146 1 159 150 150 1 0 0 0 0 163 131 99 1 165 147 130 1 161 154 137 1 142 135 158 1 134 157 147 1 136 145 143 1 175 162 140 1 151 163 170 1 133 141 112 1 125 123 119 1 173 142 122 1 0 0 0 0 167 141 157 1 174 142 175 1 205 185 177 1 156 184 133 1 162 172 125 1 171 181 159 1 134 144 157 1 139 132 102 1 95 122 116 1 91 147 104 1 102 98 90 1 132 119 110 1 118 106 123 1 142 127 99 1 182 181 138 1 125 147 147 1 138 176 176 1 170 152 133 1 169 100 119 1 111 104 97 1 146 114 157 1 152 174 140 1 142 142 179 1 157 147 130 1 128 172 156 1
99 125 73 1 85 112 97 1 146 107 132 1 130 157 179 1 119 96 72 1 101 89 39 1 142 85 60 1 0 0 0 0 180 166 134 1 162 152 156 1 132 173 138 1 149 180 54 1 105 153 100 1 148 122 103 1 142 173 117 1 134 136 171 1 155 133 179 1 160 120 90 1 170 150 131 1 160 163 120 1 0 0 0 0 168 150 121 1 160 160 147 1 133 159 180 1 166 146 131 1 134 84 135 1 151 134 110 1 134 136 123 1 140 130 119 1 159 148 98 1 126 139 143 1 147 189 154 1 144 97 125 1 147 131 70 1 138 115 108 1 170 145 148 1 195 136 124 1 147 168 94 1 163 160 142 1 0 0 0 0 177 176 168 1 143 155 175 1 173 151 149 1 127 145 107 1 128 100 101 1 0 0 0 0 83 139 45 1 130 122 96 1 107 105 131 1 143 133 88 1 0 0 0 0 155 156 130 1 146 171 180 1 97 103 109 1 105 91 96 1 0 0 0 0 118 129 141 1 98 97 121 1 139 163 101 1 103 120 119 1 108 138 56 1
132 138 126 1 166 147 60 1 114 156 111 1 0 0 0 0 143 140 132 1 116 102 64 1 129 115 65 1 190 119 124 1 168 157 135 1 168 167 129 1 140 152 100 1 137 135 116 1 123 128 141 1 112 147 122 1 151 124 85 1 116 139 112 1 131 148 133 1 176 167 135 1 0 0 0 0 153 116 131 1 178 163 150 1 0 0 0 0 154 143 176 1 168 163 177 1 0 0 0 0 100 127 100 1 146 112 98 1 76 99 131 1 121 150 134 1 178 109 84 1 0 0 0 0 133 149 102 1 0 0 0 0 0 0 0 0 157 98 105 1 163 152 158 1 184 137 160 1 137 158 144 1 139 145 92 1 131 121 81 1 160 172 141 1 161 124 123 1 126 149 145 1 107 74 87 1 93 88 76 1 44 94 109 1 78 80 42 1 85 101 68 1 151 149 91 1 139 138 165 1 97 132 77 1 83 122 99 1 0 0 0 0 93 98 46 1 107 67 72 1 0 0 0 0 106 118 147 1 98 94 81 1 154 109 111 1 111 99 62 1 139 129 61 1
150 157 118 1 94 107 82 1 121 92 70 1 145 117 64 1 149 160 114 1 0 0 0 0 119 181 97 1 166 151 113 1 136 147 156 1 201 144 107 1 188 127 130 1 206 154 151 1 0 0 0 0 165 144 136 1 163 163 115 1 116 96 172 1 186 140 128 1 165 179 150 1 0 0 0 0 152 139 158 1 123 172 166 1 136 124 156 1 170 112 140 1 131 139 136 1 144 123 149 1 146 130 118 1 150 141 127 1 123 129 131 1 121 105 107 1 143 136 115 1 179 125 149 1 119 181 125 1 130 115 118 1 95 110 67 1 137 110 138 1 158 128 188 1 140 125 154 1 133 134 112 1 129 158 125 1 134 113 71 1 78 154 119 1 0 0 0 0 142 145 118 1 98 105 110 1 102 103 105 1 106 106 121 1 102 124 53 1 58 53 62 1 124 113 88 1 110 57 70 1 123 93 109 1 83 64 83 1 0 0 0 0 65 82 52 1 91 96 97 1 102 121 82 1 0 0 0 0 65 78 92 1 91 92 104 1 0 0 0 0 126 138 120 1
117 96 118 1 96 124 74 1 116 74 89 1 148 137 49 1 117 152 125 1 142 120 138 1 162 153 125 1 134 139 133 1 126 150 134 1 169 123 132 1 193 142 166 1 0 0 0 0 191 165 117 1 165 161 181 1 183 133 131 1 0 0 0 0 175 148 131 1 132 169 123 1 126 126 76 1 161 100 133 1 0 0 0 0 157 125 131 1 138 142 145 1 136 121 119 1 190 134 118 1 129 101 93 1 133 156 137 1 0 0 0 0 182 120 120 1 167 145 126 1 0 0 0 0 148 182 164 1 149 154 121 1 147 149 134 1 117 132 75 1 129 116 82 1 113 102 105 1 116 87 69 1 154 114 109 1 131 117 123 1 111 50 83 1 0 0 0 0 93 117 107 1 81 86 111 1 56 85 67 1 0 0 0 0 41 103 85 1 58 106 47 1 89 86 80 1 124 98 106 1 129 108 107 1 86 84 34 1 90 81 90 1 95 69 87 1 93 88 69 1 103 135 85 1 96 106 89 1 108 97 61 1 99 118 102 1 74 81 108 1 64 93 92 1
100 98 43 1 131 138 84 1 104 111 17 1 115 77 40 1 182 126 86 1 136 125 95 1 141 127 104 1 127 155 110 1 109 176 199 1 119 144 123 1 107 93 105 1 151 120 92 1 156 140 144 1 253 152 146 1 143 151 148 1 71 122 92 1 153 143 111 1 110 123 93 1 141 141 57 1 0 0 0 0 151 97 96 1 125 131 121 1 184 111 127 1 153 153 87 1 162 141 120 1 156 128 126 1 152 141 92 1 136 111 147 1 131 115 142 1 150 119 137 1 142 149 150 1 0 0 0 0 0 0 0 0 0 0 0 0 127 87 79 1 139 118 112 1 75 107 61 1 121 102 48 1 0 0 0 0 130 132 90 1 0 0 0 0 96 86 101 1 97 136 91 1 95 77 57 1 80 100 91 1 42 53 45 1 95 85 55 1 99 64 70 1 108 79 92 1 108 89 55 1 79 108 78 1 80 106 63 1 50 97 85 1 108 94 64 1 0 0 0 0 78 101 109 1 70 94 42 1 76 87 66 1 72 62 96 1 66 116 92 1 83 87 57 1
120 142 111 1 160 184 111 1 167 123 107 1 85 71 6 1 97 135 42 1 171 152 136 1 174 127 109 1 133 116 106 1 178 154 171 1 104 116 121 1 146 126 91 1 106 122 94 1 115 108 128 1 156 151 106 1 151 156 144 1 116 121 122 1 133 106 100 1 0 0 0 0 121 95 35 1 81 87 82 1 117 133 71 1 162 146 159 1 196 123 134 1 167 111 143 1 157 158 142 1 119 155 119 1 117 98 116 1 133 120 111 1 127 128 83 1 135 128 147 1 119 110 112 1 162 132 152 1 127 127 92 1 139 113 116 1 104 97 86 1 154 143 150 1 0 0 0 0 146 55 63 1 101 120 126 1 97 131 93 1 95 132 79 1 110 141 109 1 84 57 74 1 38 74 31 1 48 99 73 1 57 87 36 1 82 102 54 1 53 85 84 1 77 85 21 1 79 89 73 1 49 79 55 1 83 47 34 1 50 81 59 1 100 78 77 1 84 85 51 1 87 55 62 1 0 0 0 0 89 65 81 1 0 0 0 0 55 105 80 1 0 0 0 0
217 191 183 1 167 168 184 1 169 148 165 1 156 135 107 1 149 142 96 1 153 187 130 1 177 160 135 1 166 142 138 1 166 118 171 1 0 0 0 0 126 125 140 1 138 80 91 1 164 122 97 1 140 161 113 1 164 164 150 1 136 113 111 1 63 130 107 1 123 108 121 1 142 134 132 1 128 86 95 1 137 100 70 1 139 144 134 1 0 0 0 0 109 152 117 1 152 123 107 1 103 138 111 1 122 125 87 1 90 102 82 1 114 80 78 1 97 69 40 1 101 78 75 1 127 148 133 1 131 132 62 1 146 137 126 1 0 0 0 0 154 131 152 1 136 134 96 1 121 159 86 1 0 0 0 0 142 94 100 1 111 108 89 1 102 125 110 1 62 104 50 1 83 68 54 1 60 95 61 1 61 85 63 1 65 74 58 1 112 72 100 1 0 0 0 0 71 49 37 1 51 47 38 1 83 83 53 1 118 65 42 1 106 108 79 1 0 0 0 0 96 128 106 1 108 57 77 1 96 73 28 1 95 82 54 1 101 95 86 1 81 113 112 1
234 174 166 1 204 154 221 1 180 200 204 1 169 177 206 1 203 178 184 1 167 163 171 1 138 170 163 1 136 137 140 1 152 126 179 1 163 134 159 1 174 113 74 1 105 106 110 1 115 166 97 1 147 135 153 1 141 124 91 1 122 121 128 1 142 122 94 1 131 146 132 1 154 134 70 1 135 124 77 1 118 82 66 1 170 99 110 1 94 105 139 1 133 133 122 1 128 118 139 1 164 140 189 1 155 106 131 1 115 123 89 1 88 90 48 1 85 104 51 1 92 80 43 1 0 0 0 0 143 94 136 1 129 146 109 1 139 151 134 1 147 137 128 1 116 179 122 1 111 115 100 1 161 121 76 1 120 98 58 1 149 135 110 1 104 125 136 1 0 0 0 0 94 54 59 1 72 82 50 1 74 72 20 1 82 123 63 1 60 71 68 1 47 91 62 1 90 75 32 1 90 86 88 1 74 82 53 1 56 85 89 1 114 67 47 1 109 130 110 1 77 86 90 1 125 121 100 1 91 124 54 1 115 99 74 1 146 110 62 1 0 0 0 0
141 165 146 1 167 177 160 1 199 195 194 1 188 175 168 1 218 197 187 1 157 133 175 1 175 162 117 1 138 161 110 1 133 149 155 1 118 129 90 1 117 86 105 1 121 118 134 1 118 93 140 1 116 88 74 1 138 96 45 1 137 104 90 1 158 119 90 1 86 111 79 1 59 73 63 1 125 180 97 1 120 108 82 1 155 149 87 1 154 98 98 1 109 113 143 1 105 131 136 1 139 150 152 1 144 170 157 1 124 115 84 1 109 105 72 1 93 111 79 1 115 56 35 1 128 105 78 1 0 0 0 0 0 0 0 0 113 126 145 1 135 100 107 1 127 142 135 1 171 164 106 1 153 140 113 1 134 132 167 1 125 160 131 1 114 124 116 1 48 81 60 1 106 107 84 1 71 59 33 1 41 46 36 1 38 55 65 1 58 80 28 1 126 68 52 1 0 0 0 0 63 112 91 1 0 0 0 0 99 75 67 1 79 80 67 1 113 61 47 1 140 75 123 1 130 82 64 1 79 98 24 1 81 116 36 1 72 124 70 1 109 126 65 1
117 114 120 1 111 109 108 1 111 137 102 1 99 139 169 1 121 138 170 1 147 177 177 1 0 0 0 0 73 116 85 1 110 103 51 1 81 86 68 1 92 81 106 1 49 50 60 1 73 94 55 1 53 97 14 1 76 111 42 1 137 100 94 1 110 141 111 1 133 100 110 1 0 0 0 0 136 152 141 1 119 135 152 1 195 138 129 1 128 127 77 1 142 138 125 1 145 114 99 1 120 138 159 1 216 87 149 1 0 0 0 0 115 118 98 1 0 0 0 0 81 85 47 1 49 90 74 1 106 62 83 1 58 107 43 1 91 89 63 1 130 90 69 1 110 108 44 1 137 125 130 1 145 139 151 1 129 110 116 1 0 0 0 0 127 95 61 1 43 89 50 1 116 78 70 1 85 112 58 1 0 0 0 0 62 110 70 1 27 110 62 1 92 110 52 1 60 114 61 1 0 0 0 0 123 111 63 1 102 85 96 1 139 72 57 1 72 45 68 1 0 0 0 0 88 81 63 1 122 54 9 1 153 87 107 1 145 123 65 1 146 188 70 1
110 66 34 1 62 84 32 1 47 36 0 1 100 39 52 1 100 139 147 1 150 164 176 1 170 166 149 1 143 132 91 1 65 113 40 1 117 88 19 1 59 48 34 1 78 34 54 1 56 74 60 1 80 76 53 1 90 81 71 1 0 0 0 0 149 97 77 1 133 138 104 1 128 82 153 1 163 124 181 1 153 119 113 1 0 0 0 0 128 110 82 1 102 127 78 1 81 128 125 1 124 133 115 1 160 153 128 1 115 155 150 1 96 135 106 1 0 0 0 0 103 119 108 1 0 0 0 0 86 96 75 1 107 89 55 1 127 85 82 1 134 174 100 1 120 130 90 1 146 147 120 1 141 82 103 1 0 0 0 0 131 114 66 1 84 77 52 1 0 0 0 0 130 95 80 1 135 129 110 1 101 147 119 1 98 111 90 1 89 102 72 1 79 77 113 1 58 113 72 1 96 78 29 1 81 68 102 1 102 89 76 1 75 72 120 1 78 137 35 1 88 84 57 1 99 141 63 1 97 44 26 1 95 115 70 1 108 119 64 1 139 167 171 1
51 76 52 1 92 124 52 1 83 66 52 1 0 0 0 0 95 78 23 1 172 99 112 1 206 202 191 1 204 195 171 1 149 129 146 1 108 49 75 1 92 42 103 1 112 116 83 1 48 89 116 1 107 118 85 1 110 97 84 1 102 94 91 1 0 0 0 0 144 79 132 1 98 80 117 1 118 111 133 1 123 141 115 1 0 0 0 0 107 153 130 1 154 128 138 1 0 0 0 0 0 0 0 0 113 169 184 1 132 122 146 1 93 76 115 1 0 0 0 0 129 146 121 1 121 88 122 1 148 122 133 1 162 112 140 1 82 81 106 1 146 124 113 1 0 0 0 0 0 0 0 0 127 112 126 1 134 112 55 1 127 99 77 1 152 78 83 1 115 125 90 1 93 133 107 1 118 126 109 1 120 97 104 1 88 96 102 1 135 75 51 1 84 96 74 1 94 67 59 1 119 73 51 1 119 70 45 1 80 83 86 1 91 83 71 1 97 103 69 1 124 97 95 1 126 81 55 1 109 93 5 1 0 0 0 0 106 103 76 1 125 132 167 1
118 86 111 1 138 105 145 1 139 97 133 1 117 141 124 1 101 116 32 1 109 114 49 1 136 153 169 1 0 0 0 0 163 137 176 1 114 81 84 1 46 93 50 1 75 116 81 1 43 75 105 1 100 116 135 1 0 0 0 0 80 115 149 1 124 163 128 1 136 128 136 1 99 105 120 1 96 103 89 1 131 123 152 1 170 119 109 1 163 132 145 1 139 128 111 1 0 0 0 0 110 136 93 1 93 88 100 1 66 104 61 1 74 97 90 1 100 137 96 1 108 116 55 1 135 110 144 1 122 88 102 1 153 159 150 1 113 113 164 1 143 130 73 1 89 106 82 1 143 113 100 1 153 116 102 1 101 106 76 1 114 109 83 1 154 125 122 1 158 172 108 1 112 107 95 1 0 0 0 0 72 88 101 1 108 86 80 1 81 67 80 1 78 120 69 1 103 99 69 1 97 102 83 1 0 0 0 0 93 70 82 1 0 0 0 0 86 110 54 1 122 156 119 1 148 81 74 1 118 95 88 1 0 0 0 0 172 113 69 1 158 124 111 1
91 63 30 1 82 96 54 1 122 110 92 1 113 141 90 1 120 91 33 1 50 91 11 1 167 131 95 1 0 0 0 0 204 204 169 1 167 117 115 1 98 109 82 1 0 0 0 0 0 0 0 0 83 101 71 1 64 99 80 1 75 45 40 1 0 0 0 0 119 99 116 1 123 90 31 1 78 82 79 1 76 86 84 1 136 121 98 1 125 153 108 1 180 137 102 1 0 0 0 0 114 64 63 1 90 73 29 1 90 72 27 1 74 43 34 1 85 73 84 1 60 77 3 1 137 93 56 1 133 54 111 1 0 0 0 0 89 135 81 1 115 132 47 1 143 99 127 1 119 102 143 1 162 129 108 1 135 128 99 1 131 99 43 1 177 147 144 1 0 0 0 0 119 145 109 1 119 118 124 1 110 155 121 1 108 75 56 1 0 0 0 0 115 75 89 1 111 72 52 1 86 115 36 1 109 108 99 1 109 95 22 1 126 135 77 1 165 149 60 1 118 77 93 1 172 154 92 1 182 152 115 1 127 133 72 1 0 0 0 0 209 181 107 1
63 83 40 1 63 64 94 1 33 84 88 1 82 53 6 1 73 36 11 1 65 49 0 1 187 128 105 1 155 166 181 1 188 178 184 1 142 171 134 1 120 126 100 1 89 82 35 1 96 60 42 1 35 77 40 1 38 33 73 1 81 64 30 1 79 75 34 1 52 63 19 1 51 86 70 1 66 60 19 1 54 70 24 1 87 97 89 1 112 97 29 1 97 78 44 1 113 59 51 1 0 0 0 0 84 54 59 1 70 29 56 1 38 73 34 1 77 72 52 1 78 76 51 1 48 103 16 1 64 55 34 1 100 103 76 1 111 109 92 1 128 114 122 1 108 107 57 1 103 132 83 1 180 91 132 1 0 0 0 0 166 164 112 1 152 97 129 1 156 108 134 1 165 130 122 1 114 144 160 1 127 131 135 1 92 119 90 1 132 124 104 1 117 74 19 1 112 84 68 1 0 0 0 0 147 134 79 1 125 100 86 1 184 144 89 1 175 114 107 1 144 143 117 1 190 171 125 1 150 161 138 1 165 158 140 1 185 181 145 1 185 166 150 1
67 64 56 1 0 0 0 0 131 132 98 1 74 71 11 1 87 133 50 1 126 78 0 1 130 159 91 1 153 134 145 1 145 175 202 1 0 0 0 0 128 132 89 1 0 0 0 0 56 54 41 1 0 0 0 0 21 75 42 1 52 67 40 1 42 33 3 1 66 54 68 1 39 65 47 1 48 33 62 1 55 58 0 1 62 29 40 1 73 69 27 1 100 68 50 1 91 49 9 1 120 63 39 1 66 78 52 1 62 77 32 1 67 50 21 1 106 85 52 1 101 75 70 1 135 102 89 1 99 71 38 1 117 84 41 1 161 108 128 1 126 141 109 1 132 123 138 1 145 83 110 1 142 154 133 1 139 181 145 1 145 176 138 1 118 152 101 1 170 120 101 1 164 147 109 1 182 121 71 1 112 119 101 1 0 0 0 0 171 129 75 1 98 104 92 1 0 0 0 0 0 0 0 0 134 128 102 1 177 145 139 1 178 130 103 1 125 136 68 1 168 170 157 1 187 177 174 1 192 152 143 1 163 139 174 1 172 165 162 1 225 162 209 1
110 93 64 1 80 56 53 1 70 59 0 1 77 73 50 1 128 94 58 1 112 76 0 1 131 104 78 1 141 147 154 1 174 150 157 1 149 218 200 1 102 115 112 1 0 0 0 0 86 87 86 1 109 110 70 1 62 82 49 1 53 55 58 1 87 67 37 1 82 84 77 1 0 0 0 0 54 73 74 1 28 41 35 1 70 90 34 1 57 114 84 1 123 106 83 1 75 143 129 1 82 44 60 1 68 67 115 1 131 76 69 1 75 64 81 1 83 76 56 1 101 105 120 1 106 133 112 1 104 93 105 1 137 96 96 1 120 145 93 1 0 0 0 0 145 129 123 1 105 72 90 1 0 0 0 0 124 109 124 1 157 144 124 1 0 0 0 0 0 0 0 0 94 124 111 1 136 96 24 1 87 106 54 1 93 122 146 1 161 120 131 1 166 158 94 1 152 140 100 1 137 155 181 1 168 198 155 1 152 160 100 1 172 161 131 1 163 141 117 1 214 195 147 1 127 176 121 1 167 168 166 1 192 153 152 1 217 189 172 1 166 110 152 1
78 97 37 1 0 0 0 0 79 108 44 1 65 110 44 1 61 75 13 1 0 0 0 0 133 90 103 1 138 130 88 1 162 156 173 1 150 159 185 1 138 132 112 1 72 95 106 1 55 43 33 1 85 68 77 1 0 0 0 0 66 75 79 1 113 93 70 1 102 126 118 1 131 111 132 1 102 87 93 1 139 131 107 1 0 0 0 0 167 167 127 1 126 134 146 1 0 0 0 0 0 0 0 0 0 0 0 0 81 115 74 1 113 66 104 1 101 111 76 1 100 77 91 1 103 139 88 1 0 0 0 0 67 90 19 1 101 80 137 1 113 98 94 1 153 112 165 1 68 143 159 1 172 139 120 1 142 131 151 1 0 0 0 0 93 120 133 1 182 131 111 1 174 138 131 1 112 85 112 1 0 0 0 0 126 139 151 1 127 157 121 1 192 133 151 1 0 0 0 0 167 167 164 1 140 136 164 1 178 126 95 1 172 145 111 1 138 99 125 1 0 0 0 0 213 168 183 1 200 181 153 1 187 183 212 1 140 165 155 1 0 0 0 0