6
2132 1896 121 65
0 49 57 1 12 36 44 1 7 36 85 1 0 61 107 1 30 55 49 1 56 51 105 1 8 39 80 1 20 58 115 1 0 58 84 1 31 38 104 1 21 37 91 1 40 26 81 1 0 19 99 1 18 11 112 1 14 88 98 1 0 0 0 0 23 26 80 1 0 0 0 0 0 49 55 1 28 45 88 1 29 34 102 1 45 67 161 1 0 71 113 1 0 49 119 1 0 0 0 0 28 40 86 1 11 45 71 1 22 52 94 1 0 74 80 1 0 43 96 1 23 33 78 1 0 0 0 0 6 59 76 1 5 56 63 1 15 15 79 1 0 30 85 1 38 37 64 1 0 45 67 1 4 34 112 1 0 66 63 1 0 0 0 0 9 55 58 1 46 19 78 1 7 85 78 1 7 35 88 1 6 43 34 1 35 46 77 1 0 56 111 1 24 18 87 1 10 44 95 1 0 0 0 0 1 22 83 1 27 81 46 1 0 24 82 1 6 23 45 1 40 55 86 1 0 24 77 1 0 44 40 1 0 45 70 1 7 39 37 1 24 0 104 1 30 13 130 1 11 66 49 1 43 54 44 1 14 22 89 1
0 55 85 1 30 55 60 1 27 49 100 1 0 0 0 0 0 72 102 1 0 77 124 1 0 42 85 1 37 73 152 1 27 49 87 1 14 47 88 1 34 54 98 1 0 5 118 1 7 38 126 1 17 23 124 1 13 29 79 1 0 28 80 1 0 51 100 1 14 36 112 1 0 0 0 0 25 37 102 1 22 64 109 1 8 67 95 1 20 45 70 1 5 70 97 1 0 46 72 1 34 38 122 1 8 30 67 1 27 44 71 1 20 23 128 1 0 76 83 1 0 0 0 0 4 44 87 1 0 35 63 1 0 74 93 1 9 55 87 1 58 65 75 1 0 54 64 1 40 26 62 1 10 62 42 1 0 72 85 1 0 0 0 0 0 15 45 1 27 9 111 1 1 78 97 1 22 36 97 1 0 0 0 0 0 34 51 1 20 29 75 1 0 84 103 1 17 68 33 1 0 28 58 1 0 57 86 1 26 48 60 1 17 8 39 1 1 0 32 1 26 40 65 1 0 38 26 1 0 0 0 0 0 8 68 1 34 50 73 1 15 23 82 1 35 36 64 1 46 47 94 1 53 57 32 1 0 0 86 1
0 58 107 1 55 23 97 1 14 35 111 1 71 25 73 1 37 86 86 1 0 63 76 1 30 24 57 1 41 55 98 1 16 52 95 1 52 63 101 1 0 0 0 0 0 72 71 1 30 66 72 1 34 66 118 1 41 77 125 1 21 33 65 1 37 44 104 1 0 84 97 1 18 84 149 1 5 100 113 1 29 50 100 1 20 36 100 1 36 72 123 1 0 0 0 0 58 62 80 1 0 40 49 1 0 31 61 1 56 40 104 1 15 50 44 1 0 48 89 1 37 40 61 1 46 35 45 1 13 17 62 1 8 42 43 1 39 13 78 1 36 52 53 1 7 50 81 1 30 39 71 1 10 33 71 1 0 35 64 1 0 0 0 0 42 32 85 1 0 39 61 1 0 0 0 0 14 0 83 1 20 36 110 1 0 85 26 1 0 0 0 0 32 1 91 1 9 38 55 1 19 81 30 1 0 20 70 1 10 21 79 1 24 46 82 1 0 7 62 1 0 9 62 1 45 54 81 1 44 40 63 1 39 26 76 1 3 28 99 1 0 0 0 0 0 0 0 0 1 25 98 1 26 22 62 1 0 0 0 0
0 13 85 1 0 73 113 1 38 74 115 1 15 24 94 1 18 10 79 1 0 0 0 0 16 31 77 1 24 37 97 1 37 89 97 1 35 102 125 1 28 84 114 1 3 94 91 1 26 54 137 1 28 61 108 1 38 95 84 1 20 45 169 1 17 50 138 1 0 77 108 1 27 76 160 1 15 50 103 1 42 50 122 1 6 43 86 1 40 50 83 1 10 50 102 1 0 0 0 0 22 0 59 1 20 60 85 1 0 46 54 1 14 34 67 1 28 61 91 1 0 47 46 1 19 0 72 1 19 25 38 1 10 39 65 1 0 0 67 1 0 28 68 1 9 54 67 1 0 0 0 0 0 69 78 1 0 37 68 1 19 9 75 1 34 8 50 1 0 50 86 1 10 10 22 1 0 0 0 0 3 7 76 1 0 27 79 1 0 28 58 1 0 0 0 0 35 54 82 1 18 47 82 1 26 34 77 1 0 30 42 1 50 35 77 1 4 16 89 1 0 66 80 1 0 0 0 0 0 70 113 1 32 11 67 1 14 38 116 1 2 22 72 1 22 28 67 1 0 0 0 0 12 99 90 1 23 37 96 1
13 68 93 1 59 76 100 1 7 62 109 1 26 79 119 1 58 55 129 1 37 79 109 1 0 0 0 0 0 0 0 0 69 135 110 1 12 54 128 1 40 75 116 1 10 74 165 1 51 40 158 1 17 32 140 1 0 0 0 0 0 43 120 1 42 65 107 1 34 65 118 1 51 67 102 1 30 59 126 1 13 55 93 1 0 59 108 1 0 42 81 1 0 67 92 1 75 1 45 1 9 31 83 1 0 30 54 1 0 0 0 0 57 20 47 1 19 34 53 1 0 0 0 0 18 47 80 1 0 0 0 0 3 22 77 1 0 51 74 1 7 34 106 1 28 54 70 1 4 72 73 1 0 0 0 0 22 36 76 1 0 13 36 1 28 20 3 1 0 47 22 1 0 0 0 0 0 63 61 1 0 47 88 1 0 63 93 1 30 51 48 1 0 27 67 1 0 61 45 1 9 49 69 1 26 41 46 1 0 20 84 1 12 24 67 1 8 3 72 1 0 20 44 1 16 80 85 1 0 0 0 0 7 35 85 1 0 0 0 0 18 38 60 1 0 54 112 1 26 30 52 1 0 18 77 1 19 41 84 1
0 47 104 1 44 26 95 1 59 71 121 1 49 81 114 1 31 84 99 1 35 51 117 1 46 59 110 1 0 95 113 1 39 124 137 1 11 89 135 1 40 64 81 1 110 99 114 1 43 55 123 1 12 38 125 1 45 116 182 1 36 53 181 1 89 41 127 1 0 0 0 0 36 26 169 1 0 0 0 0 55 50 125 1 5 60 116 1 40 44 117 1 34 36 120 1 0 25 90 1 41 17 107 1 0 39 87 1 19 62 72 1 4 20 41 1 50 51 42 1 21 1 83 1 10 54 40 1 7 25 95 1 0 0 0 0 0 42 130 1 14 55 81 1 4 43 100 1 33 27 98 1 43 23 65 1 6 35 67 1 0 25 64 1 0 37 84 1 23 47 54 1 0 36 48 1 42 20 72 1 11 37 82 1 15 0 43 1 0 33 102 1 16 53 69 1 14 26 81 1 18 30 53 1 0 17 63 1 0 36 61 1 6 67 113 1 0 0 41 1 23 65 56 1 20 3 99 1 0 0 121 1 2 73 49 1 0 9 81 1 0 64 68 1 0 29 114 1 21 26 59 1 9 27 87 1 18 63 88 1
26 76 93 1 38 44 76 1 0 58 96 1 21 102 125 1 0 61 138 1 51 45 135 1 0 103 119 1 19 51 103 1 72 152 126 1 31 106 155 1 63 70 127 1 0 0 0 0 9 77 146 1 29 58 140 1 18 101 168 1 36 97 189 1 79 102 135 1 81 105 143 1 26 95 148 1 16 45 173 1 30 73 150 1 23 50 112 1 0 57 134 1 0 31 120 1 9 28 82 1 33 74 90 1 0 4 87 1 0 0 53 1 15 32 83 1 0 0 0 0 6 53 27 1 22 25 49 1 33 35 84 1 7 44 95 1 19 27 107 1 26 22 94 1 0 0 0 0 34 66 88 1 16 60 76 1 0 0 0 0 12 52 79 1 18 37 77 1 0 0 0 0 0 91 87 1 14 25 71 1 14 20 67 1 0 56 61 1 0 42 49 1 63 0 92 1 3 12 51 1 0 35 76 1 9 20 46 1 54 32 57 1 0 48 70 1 0 0 0 0 14 0 31 1 28 53 51 1 34 32 75 1 18 26 58 1 0 0 0 0 4 26 95 1 41 45 71 1 39 35 66 1 0 0 0 0 19 0 79 1
18 76 118 1 28 106 148 1 10 79 132 1 26 99 108 1 0 59 122 1 36 59 101 1 33 73 147 1 29 88 125 1 53 96 146 1 23 99 155 1 18 72 150 1 8 112 137 1 16 89 130 1 73 117 129 1 35 125 166 1 0 0 0 0 50 104 128 1 0 0 0 0 46 81 120 1 36 95 147 1 24 55 148 1 0 82 100 1 0 14 52 1 2 14 94 1 16 9 92 1 15 16 82 1 0 23 62 1 0 3 114 1 0 30 95 1 28 42 114 1 26 38 83 1 38 44 70 1 23 59 126 1 53 55 97 1 41 44 81 1 13 56 113 1 0 0 0 0 16 49 109 1 6 32 44 1 0 14 61 1 34 17 56 1 18 25 77 1 21 17 107 1 0 18 72 1 29 32 49 1 0 26 84 1 26 47 51 1 21 62 100 1 0 44 37 1 37 36 72 1 0 0 0 0 0 15 94 1 22 25 59 1 0 0 0 0 11 47 67 1 0 30 96 1 0 0 0 0 1 47 64 1 5 32 87 1 33 52 52 1 0 0 0 0 5 33 69 1 0 18 89 1 4 21 57 1 0 32 73 1
19 69 89 1 32 73 112 1 35 77 111 1 36 95 120 1 26 24 132 1 33 84 177 1 15 92 150 1 46 59 171 1 30 109 162 1 30 105 150 1 38 120 119 1 64 94 140 1 30 86 178 1 100 98 211 1 44 140 152 1 0 0 0 0 52 99 145 1 38 122 160 1 46 113 114 1 0 0 0 0 19 59 96 1 6 64 123 1 0 59 71 1 34 74 90 1 2 8 56 1 5 38 69 1 0 0 56 1 0 2 69 1 0 31 57 1 11 73 100 1 0 0 83 1 18 81 85 1 0 59 107 1 26 49 92 1 4 28 106 1 0 91 115 1 0 0 0 0 49 35 67 1 32 48 79 1 56 63 106 1 10 35 71 1 6 52 79 1 0 21 94 1 0 1 79 1 4 42 100 1 12 0 79 1 13 19 83 1 0 52 87 1 11 17 63 1 0 0 0 0 2 33 63 1 0 24 57 1 0 11 67 1 17 32 56 1 17 58 70 1 14 21 79 1 16 42 76 1 0 41 92 1 80 30 34 1 0 13 54 1 0 33 95 1 6 28 71 1 10 67 71 1 3 25 37 1 0 40 60 1
0 81 117 1 37 97 131 1 43 81 140 1 39 105 144 1 31 109 125 1 0 105 149 1 40 85 167 1 57 84 141 1 66 122 125 1 59 124 169 1 58 75 176 1 74 117 144 1 27 98 141 1 25 105 171 1 38 116 104 1 48 93 153 1 45 72 143 1 0 0 0 0 0 0 0 0 27 57 102 1 0 30 80 1 26 40 94 1 11 6 59 1 0 21 55 1 13 21 89 1 0 0 0 0 28 21 110 1 0 16 81 1 0 77 75 1 0 44 139 1 41 47 84 1 42 87 92 1 10 50 148 1 26 62 101 1 14 82 96 1 0 0 0 0 10 30 103 1 0 8 115 1 22 29 106 1 0 50 109 1 31 34 75 1 0 48 93 1 0 44 71 1 0 0 0 0 14 59 92 1 12 48 69 1 4 20 39 1 39 26 73 1 8 78 75 1 0 34 123 1 0 45 49 1 30 0 83 1 24 73 58 1 41 29 79 1 27 50 103 1 28 45 91 1 18 30 102 1 12 74 54 1 2 12 77 1 0 43 80 1 4 18 76 1 0 25 66 1 10 16 66 1 0 0 102 1 24 23 73 1
12 84 137 1 85 87 137 1 32 106 131 1 89 80 140 1 38 83 135 1 59 129 168 1 52 94 153 1 49 122 146 1 23 119 150 1 98 110 160 1 61 104 187 1 50 85 149 1 55 74 162 1 71 105 171 1 36 90 127 1 0 0 0 0 50 29 108 1 37 93 116 1 4 54 122 1 43 47 93 1 17 47 114 1 16 19 83 1 7 87 94 1 20 6 121 1 29 41 80 1 10 57 107 1 0 26 53 1 0 35 90 1 0 58 114 1 26 68 88 1 14 67 93 1 48 66 118 1 15 56 90 1 28 69 90 1 0 0 0 0 17 37 100 1 23 54 80 1 0 0 0 0 0 0 0 0 4 37 96 1 0 71 52 1 12 60 96 1 0 50 86 1 0 15 51 1 0 36 61 1 11 1 77 1 28 37 57 1 20 41 59 1 0 0 0 0 11 10 49 1 21 0 33 1 0 44 34 1 33 23 93 1 43 53 72 1 0 31 67 1 0 50 88 1 31 80 97 1 23 0 80 1 0 39 86 1 0 47 75 1 6 32 66 1 8 18 104 1 0 51 80 1 37 38 75 1 55 23 40 1
12 77 131 1 51 46 148 1 60 93 149 1 49 138 175 1 35 100 166 1 22 134 173 1 60 115 190 1 59 97 183 1 87 96 132 1 79 72 170 1 64 109 149 1 27 81 130 1 0 0 0 0 41 107 118 1 19 97 119 1 23 74 110 1 25 50 80 1 38 9 126 1 41 47 83 1 24 44 110 1 11 40 102 1 17 26 65 1 0 58 61 1 1 65 103 1 38 28 50 1 0 34 65 1 22 47 66 1 0 0 0 0 0 36 78 1 71 68 104 1 54 63 55 1 41 52 125 1 0 60 98 1 15 70 77 1 3 69 160 1 0 0 0 0 19 75 109 1 0 0 0 0 12 1 72 1 0 24 88 1 20 40 57 1 3 24 88 1 20 19 100 1 27 62 59 1 0 49 38 1 4 36 82 1 0 34 52 1 34 38 91 1 0 41 93 1 7 34 67 1 0 0 0 0 0 15 80 1 0 0 0 0 0 0 0 0 0 65 83 1 9 56 70 1 24 68 97 1 0 0 0 0 38 49 49 1 0 0 0 0 7 39 52 1 5 31 72 1 25 28 49 1 8 18 59 1 16 31 62 1
53 87 171 1 33 87 162 1 51 71 148 1 36 144 149 1 16 113 158 1 50 93 167 1 51 116 167 1 40 95 152 1 53 80 179 1 90 107 185 1 67 154 182 1 48 89 190 1 30 100 154 1 10 114 163 1 53 82 117 1 34 81 117 1 10 43 143 1 17 43 79 1 26 52 92 1 27 88 76 1 20 49 77 1 0 0 0 0 14 62 79 1 0 30 91 1 9 26 68 1 3 46 18 1 0 28 86 1 37 47 107 1 30 82 69 1 10 53 45 1 44 50 66 1 4 20 56 1 9 86 96 1 6 25 65 1 13 48 113 1 0 47 75 1 23 66 92 1 26 47 60 1 18 56 80 1 0 79 63 1 0 6 80 1 0 14 84 1 0 16 73 1 31 17 105 1 11 24 79 1 35 0 49 1 0 0 0 0 0 70 66 1 0 22 77 1 14 55 71 1 0 32 61 1 38 37 52 1 32 39 45 1 21 27 54 1 56 40 51 1 11 3 46 1 21 32 88 1 24 0 58 1 12 30 22 1 24 23 75 1 0 9 61 1 0 34 72 1 26 46 46 1 7 12 41 1 0 0 0 0
37 111 117 1 0 0 0 0 43 85 153 1 0 0 0 0 78 115 179 1 69 129 160 1 67 85 160 1 32 114 198 1 82 95 184 1 87 115 162 1 58 101 155 1 58 86 170 1 80 83 126 1 43 58 150 1 0 0 0 0 23 59 143 1 0 61 71 1 0 0 89 1 0 49 95 1 24 71 118 1 34 36 79 1 0 60 114 1 0 27 69 1 9 54 59 1 4 68 38 1 9 53 114 1 17 42 38 1 26 42 89 1 2 41 101 1 27 41 88 1 0 0 0 0 0 61 95 1 6 41 104 1 1 40 87 1 13 32 27 1 6 33 90 1 28 30 60 1 34 42 91 1 16 0 71 1 10 59 79 1 9 50 48 1 0 0 0 0 0 29 88 1 25 26 68 1 0 37 54 1 19 45 84 1 0 57 60 1 0 74 74 1 0 58 86 1 9 36 45 1 7 63 66 1 0 0 0 0 0 25 76 1 23 27 51 1 0 6 73 1 27 13 78 1 0 57 71 1 0 26 59 1 13 20 63 1 0 12 48 1 0 1 63 1 1 21 73 1 0 27 55 1 1 37 72 1 0 28 71 1
0 110 151 1 49 55 138 1 10 74 164 1 18 103 154 1 50 129 188 1 60 133 184 1 74 115 115 1 47 139 182 1 79 114 168 1 50 106 155 1 54 79 188 1 49 81 158 1 42 87 117 1 57 45 133 1 17 32 112 1 35 47 109 1 0 55 84 1 11 54 121 1 0 0 0 0 0 27 88 1 25 28 45 1 2 23 107 1 0 56 48 1 14 48 80 1 39 71 109 1 15 40 93 1 0 67 89 1 47 41 71 1 22 67 67 1 0 70 106 1 50 62 105 1 41 63 129 1 28 33 65 1 0 23 83 1 0 53 86 1 20 85 73 1 14 39 72 1 0 0 0 0 25 24 115 1 0 46 93 1 30 15 56 1 0 35 86 1 8 11 13 1 12 56 66 1 4 64 59 1 13 31 58 1 40 41 57 1 0 29 81 1 0 0 0 0 0 45 66 1 31 38 62 1 39 37 51 1 53 32 53 1 0 0 76 1 14 19 55 1 19 0 58 1 7 12 51 1 12 52 32 1 38 65 70 1 0 0 0 0 0 74 49 1 16 47 72 1 4 45 52 1 0 19 54 1 0 37 88 1
54 48 174 1 27 40 146 1 0 0 0 0 19 153 122 1 41 117 166 1 0 95 217 1 72 107 164 1 65 92 163 1 78 74 176 1 0 0 0 0 88 105 152 1 49 80 159 1 6 85 107 1 50 45 101 1 17 68 96 1 27 66 148 1 13 55 69 1 5 40 98 1 0 40 56 1 20 59 89 1 22 41 87 1 68 30 51 1 0 0 0 0 17 19 64 1 25 23 88 1 0 53 48 1 0 0 0 0 19 39 72 1 35 26 83 1 8 19 106 1 48 94 85 1 0 48 85 1 7 63 87 1 2 29 109 1 5 12 113 1 0 53 80 1 31 44 81 1 25 37 76 1 32 52 74 1 0 49 61 1 0 54 85 1 2 44 66 1 3 0 64 1 0 70 75 1 30 23 91 1 0 7 53 1 45 8 81 1 0 52 31 1 18 10 101 1 0 34 56 1 1 42 63 1 0 13 107 1 35 16 55 1 0 0 77 1 26 39 65 1 11 30 64 1 0 4 121 1 17 76 69 1 0 40 83 1 0 39 67 1 31 23 129 1 0 0 0 0 17 33 84 1 0 53 102 1 10 14 93 1
0 107 137 1 42 70 156 1 26 104 157 1 0 0 0 0 0 0 0 0 47 116 151 1 67 138 181 1 73 103 150 1 76 107 177 1 16 111 176 1 75 66 131 1 16 44 122 1 5 68 133 1 25 47 105 1 10 59 146 1 8 22 111 1 7 36 80 1 0 57 115 1 39 44 118 1 0 35 71 1 4 19 41 1 33 24 79 1 8 0 84 1 7 55 92 1 0 0 0 0 0 56 51 1 0 82 113 1 0 0 0 0 7 51 117 1 0 35 61 1 8 55 116 1 13 28 98 1 32 71 71 1 4 59 115 1 0 29 61 1 0 47 105 1 0 22 76 1 0 60 89 1 11 44 69 1 0 8 78 1 0 30 79 1 0 0 0 0 6 34 57 1 0 52 56 1 22 51 29 1 0 4 60 1 0 0 52 1 1 59 41 1 0 34 64 1 0 39 32 1 19 13 82 1 50 31 75 1 0 14 74 1 10 23 22 1 0 17 73 1 0 0 0 0 0 0 0 0 0 0 0 0 2 42 75 1 35 29 79 1 0 106 84 1 6 62 100 1 0 6 97 1 0 44 83 1 8 30 101 1
40 125 125 1 34 78 117 1 35 41 155 1 51 99 134 1 68 71 162 1 38 129 178 1 44 70 182 1 8 77 172 1 53 88 135 1 23 73 145 1 20 50 132 1 49 25 121 1 31 69 102 1 27 19 121 1 17 8 77 1 17 34 94 1 0 58 78 1 40 22 111 1 0 65 68 1 0 0 0 0 0 46 57 1 0 0 95 1 0 0 35 1 7 23 99 1 0 59 95 1 2 84 82 1 19 62 76 1 0 0 0 0 42 26 72 1 2 47 60 1 12 56 80 1 0 59 95 1 56 65 85 1 14 79 94 1 18 39 101 1 0 26 73 1 0 55 36 1 3 31 58 1 6 63 67 1 35 57 66 1 28 12 113 1 7 9 60 1 0 0 0 0 3 39 82 1 12 32 88 1 10 30 79 1 0 44 38 1 0 67 79 1 13 32 68 1 11 0 73 1 0 40 95 1 0 32 50 1 0 15 53 1 0 0 0 0 2 23 57 1 0 0 0 0 0 0 0 0 16 52 63 1 0 0 0 0 15 52 112 1 17 61 71 1 0 0 0 0 34 16 75 1 0 32 101 1 28 44 63 1
45 96 171 1 0 0 0 0 21 93 117 1 15 85 168 1 0 0 0 0 33 68 139 1 1 110 177 1 46 70 147 1 53 72 98 1 0 0 0 0 2 35 112 1 9 55 79 1 7 46 66 1 12 50 84 1 13 23 105 1 13 43 66 1 15 20 89 1 11 17 99 1 38 29 103 1 0 38 104 1 0 41 103 1 13 36 54 1 42 17 82 1 0 47 87 1 2 42 52 1 43 48 101 1 40 55 45 1 0 92 84 1 1 64 78 1 25 40 85 1 31 50 77 1 14 75 77 1 66 71 102 1 10 48 106 1 24 57 88 1 13 42 99 1 0 0 0 0 3 24 72 1 2 12 74 1 23 35 92 1 0 0 70 1 14 18 85 1 0 21 72 1 0 57 54 1 53 68 50 1 17 36 63 1 7 0 64 1 18 28 50 1 2 39 46 1 18 37 40 1 21 29 80 1 30 64 92 1 14 38 84 1 0 6 76 1 16 9 79 1 11 17 39 1 0 17 44 1 5 42 59 1 0 38 78 1 25 0 51 1 0 7 55 1 23 1 65 1 0 0 0 0 31 44 55 1 21 51 49 1
28 73 144 1 72 27 135 1 64 90 142 1 80 99 179 1 31 113 159 1 59 88 200 1 50 64 197 1 2 75 135 1 29 57 138 1 12 50 120 1 3 61 83 1 50 64 79 1 8 33 70 1 17 40 76 1 16 72 57 1 0 30 60 1 0 26 75 1 10 62 68 1 31 14 48 1 4 48 114 1 41 12 60 1 0 28 100 1 14 13 71 1 26 31 77 1 16 25 63 1 31 25 97 1 21 35 90 1 0 13 105 1 36 40 63 1 7 85 84 1 23 54 90 1 0 49 104 1 37 64 101 1 16 55 77 1 0 33 84 1 0 0 0 0 28 56 92 1 0 50 99 1 0 2 102 1 9 14 53 1 0 53 93 1 0 0 0 0 0 0 0 0 2 10 55 1 20 20 56 1 24 47 63 1 14 46 83 1 23 20 72 1 31 13 53 1 38 26 81 1 13 45 62 1 7 9 71 1 40 0 61 1 1 53 97 1 0 47 60 1 0 0 0 0 9 66 67 1 17 60 77 1 0 32 75 1 0 0 0 0 43 29 65 1 22 35 51 1 16 55 79 1 47 28 90 1 14 34 60 1
60 100 166 1 17 45 89 1 26 89 169 1 37 73 165 1 21 71 168 1 20 72 182 1 46 80 138 1 26 41 136 1 20 40 96 1 36 51 105 1 0 0 0 0 16 88 113 1 0 14 75 1 0 23 51 1 0 0 87 1 31 84 95 1 26 48 45 1 0 25 110 1 0 35 92 1 22 37 64 1 0 0 0 0 0 23 10 1 17 27 77 1 7 29 94 1 0 22 96 1 5 71 88 1 82 35 108 1 34 71 123 1 48 67 105 1 6 72 95 1 41 3 73 1 20 71 89 1 0 63 116 1 0 5 85 1 27 39 88 1 13 39 73 1 0 64 67 1 67 72 117 1 1 60 91 1 11 61 83 1 0 0 0 0 0 0 0 0 0 10 64 1 0 0 0 0 10 0 59 1 35 33 51 1 24 45 86 1 23 21 56 1 0 0 82 1 10 21 69 1 10 33 76 1 0 17 68 1 0 0 0 0 0 38 61 1 32 31 104 1 10 50 38 1 23 34 58 1 0 11 55 1 0 22 64 1 0 0 0 0 18 25 52 1 2 47 100 1 0 0 0 0 0 42 70 1 0 48 73 1
76 92 142 1 52 110 163 1 94 91 155 1 71 126 145 1 36 55 110 1 18 72 160 1 79 84 139 1 0 0 0 0 2 23 88 1 2 68 116 1 0 40 122 1 0 0 0 0 0 45 70 1 15 0 52 1 0 0 0 0 25 15 79 1 53 56 87 1 0 20 80 1 0 0 0 0 0 34 82 1 24 45 111 1 0 64 71 1 40 88 91 1 5 68 68 1 3 75 101 1 36 28 110 1 35 43 85 1 9 61 108 1 6 50 114 1 35 55 63 1 4 20 117 1 0 42 117 1 0 0 0 0 22 47 78 1 0 46 74 1 26 57 143 1 0 16 77 1 32 92 80 1 12 38 92 1 0 21 58 1 0 0 0 0 0 0 0 0 0 44 90 1 0 0 0 0 21 60 54 1 34 41 28 1 0 8 52 1 22 48 100 1 0 52 64 1 2 36 64 1 24 26 112 1 27 0 59 1 20 10 67 1 8 25 72 1 47 38 71 1 15 56 80 1 4 41 101 1 0 0 0 0 22 32 26 1 13 29 93 1 11 26 39 1 0 41 71 1 0 21 53 1 2 8 69 1 10 33 67 1
26 91 156 1 36 109 169 1 40 74 157 1 44 59 136 1 44 43 114 1 43 86 133 1 58 39 107 1 63 63 144 1 12 47 105 1 21 64 117 1 39 83 98 1 46 43 128 1 27 82 105 1 3 48 75 1 0 18 57 1 0 26 66 1 2 61 104 1 0 70 106 1 8 57 69 1 20 21 111 1 24 37 100 1 16 72 52 1 0 0 0 0 0 0 0 0 37 54 96 1 48 45 106 1 50 21 101 1 0 0 0 0 55 60 89 1 14 75 112 1 50 51 101 1 38 56 62 1 23 43 71 1 54 36 119 1 19 25 66 1 49 63 82 1 29 20 84 1 27 24 63 1 49 46 105 1 5 50 74 1 0 31 98 1 0 43 96 1 0 42 98 1 2 55 76 1 0 36 34 1 4 43 40 1 0 0 84 1 25 10 78 1 0 30 52 1 16 37 36 1 35 33 61 1 23 49 74 1 0 0 0 0 31 1 58 1 1 47 82 1 0 36 51 1 17 6 63 1 8 38 62 1 0 34 35 1 3 15 79 1 0 57 82 1 0 0 0 0 0 47 49 1 0 0 56 1 41 25 48 1
72 94 162 1 33 73 125 1 18 114 141 1 16 110 145 1 0 0 0 0 0 98 151 1 46 85 118 1 60 88 133 1 44 42 108 1 18 64 155 1 10 36 113 1 16 58 114 1 12 91 123 1 16 9 133 1 0 57 38 1 0 37 45 1 22 24 52 1 0 21 87 1 0 22 43 1 0 0 0 0 0 35 126 1 0 68 115 1 0 69 149 1 0 94 116 1 28 63 147 1 32 44 127 1 31 84 136 1 32 65 86 1 46 72 121 1 16 27 95 1 0 44 77 1 3 62 121 1 0 27 77 1 0 32 60 1 25 43 117 1 49 65 75 1 49 78 66 1 0 0 0 0 0 0 0 0 28 75 85 1 1 73 98 1 0 50 62 1 0 0 0 0 0 34 62 1 0 54 36 1 29 18 40 1 33 50 45 1 0 41 21 1 25 29 68 1 15 21 59 1 0 0 0 0 0 40 72 1 0 21 57 1 19 18 72 1 10 20 58 1 26 24 35 1 0 14 91 1 0 0 0 0 0 7 80 1 0 39 81 1 7 8 88 1 0 32 83 1 9 48 59 1 2 62 88 1 24 37 86 1
8 69 132 1 33 107 130 1 50 112 179 1 52 74 135 1 37 127 154 1 51 74 144 1 14 19 164 1 33 119 149 1 38 69 157 1 53 108 120 1 16 81 125 1 8 57 91 1 42 39 154 1 34 76 113 1 32 43 108 1 0 0 0 0 24 17 96 1 5 64 116 1 6 87 64 1 0 50 99 1 24 64 83 1 0 46 102 1 0 42 100 1 59 93 140 1 15 87 102 1 3 52 159 1 18 42 147 1 11 76 123 1 44 53 103 1 41 63 103 1 47 52 96 1 24 47 132 1 59 64 121 1 26 45 94 1 65 76 79 1 0 0 0 0 62 30 104 1 46 70 106 1 7 93 123 1 0 0 0 0 29 47 82 1 0 17 67 1 35 0 134 1 20 34 82 1 18 20 71 1 0 57 59 1 24 45 54 1 0 0 0 0 11 4 109 1 31 41 68 1 24 24 80 1 0 0 70 1 7 31 106 1 23 48 116 1 4 96 64 1 0 21 100 1 37 32 112 1 46 0 64 1 0 0 0 0 32 19 37 1 37 80 35 1 6 33 91 1 4 29 58 1 31 41 52 1 0 0 60 1
24 62 151 1 57 95 115 1 53 98 142 1 35 78 155 1 97 78 179 1 38 141 149 1 25 79 80 1 0 0 0 0 50 60 150 1 89 86 124 1 1 80 123 1 58 35 126 1 12 64 119 1 14 80 87 1 39 66 100 1 29 36 113 1 10 65 86 1 9 55 83 1 24 58 82 1 46 53 122 1 26 58 152 1 11 56 107 1 0 0 0 0 1 116 150 1 22 58 136 1 28 75 127 1 26 69 133 1 0 0 0 0 0 57 132 1 6 38 148 1 6 60 124 1 30 95 74 1 18 75 107 1 54 46 85 1 5 76 103 1 0 0 0 0 10 71 78 1 40 28 76 1 6 15 88 1 7 63 123 1 5 4 92 1 22 46 56 1 0 0 0 0 22 0 77 1 30 63 43 1 0 0 0 0 26 14 94 1 0 41 56 1 0 51 102 1 5 12 102 1 25 19 67 1 3 44 65 1 7 41 88 1 0 32 47 1 0 44 53 1 16 0 78 1 15 66 22 1 1 7 26 1 36 26 38 1 26 21 79 1 0 31 78 1 0 32 59 1 26 34 50 1 58 28 80 1 30 27 84 1
28 54 113 1 52 102 159 1 0 0 0 0 67 117 151 1 48 81 133 1 47 125 136 1 62 90 140 1 25 122 181 1 22 86 122 1 28 86 149 1 47 88 117 1 18 45 130 1 0 0 0 0 47 51 95 1 0 67 105 1 0 60 123 1 37 88 107 1 0 0 0 0 35 76 131 1 33 62 97 1 0 0 0 0 32 67 160 1 11 93 140 1 15 73 144 1 0 0 0 0 24 41 137 1 53 80 160 1 13 41 140 1 39 97 128 1 0 0 0 0 0 43 141 1 37 59 124 1 35 38 130 1 46 74 132 1 66 77 117 1 21 0 120 1 70 58 113 1 0 5 71 1 18 72 84 1 17 38 94 1 28 68 96 1 5 35 69 1 0 24 85 1 21 3 53 1 11 32 87 1 6 24 78 1 0 0 0 0 3 36 62 1 0 0 0 0 8 2 107 1 35 20 68 1 6 0 63 1 9 31 100 1 24 56 56 1 0 42 60 1 3 37 73 1 19 54 57 1 9 5 105 1 0 46 59 1 0 0 62 1 5 40 48 1 24 36 87 1 0 5 73 1 0 48 76 1 0 23 69 1
0 0 0 0 44 96 190 1 82 105 114 1 57 90 115 1 32 65 134 1 79 75 184 1 65 120 130 1 76 85 155 1 58 99 158 1 45 115 133 1 29 65 138 1 42 76 123 1 72 23 113 1 23 74 130 1 43 95 109 1 57 68 158 1 21 68 83 1 65 28 99 1 0 73 125 1 9 70 98 1 30 88 112 1 3 76 146 1 43 69 98 1 7 98 91 1 6 87 128 1 64 77 115 1 36 63 159 1 28 53 116 1 0 36 130 1 20 40 94 1 5 65 100 1 44 21 121 1 32 94 134 1 44 66 98 1 46 41 102 1 0 41 105 1 14 32 86 1 0 0 0 0 5 60 107 1 0 7 56 1 22 12 108 1 10 62 34 1 14 46 79 1 21 46 50 1 0 60 83 1 0 0 0 0 0 24 52 1 0 0 0 0 0 27 126 1 23 32 62 1 36 0 86 1 0 35 63 1 0 29 77 1 24 23 77 1 31 25 71 1 17 35 82 1 19 24 43 1 0 25 71 1 33 1 51 1 0 22 47 1 7 36 86 1 0 21 54 1 2 34 53 1 15 9 62 1 12 31 39 1
36 111 189 1 51 79 171 1 83 95 149 1 61 104 139 1 53 93 92 1 11 91 165 1 33 94 150 1 33 97 145 1 59 104 143 1 34 28 139 1 35 88 102 1 0 0 0 0 44 69 102 1 0 78 125 1 60 94 108 1 0 0 0 0 0 0 0 0 15 96 107 1 29 74 105 1 66 54 118 1 11 55 142 1 30 111 143 1 20 63 130 1 0 68 138 1 62 89 146 1 31 95 117 1 0 0 0 0 48 57 137 1 0 98 122 1 7 71 126 1 0 57 126 1 0 0 0 0 31 74 99 1 11 84 136 1 0 0 0 0 0 0 0 0 46 72 96 1 0 50 72 1 16 28 71 1 2 27 99 1 6 1 71 1 23 23 103 1 0 0 0 0 27 0 102 1 32 46 32 1 19 11 54 1 0 36 63 1 16 3 71 1 23 64 57 1 18 0 90 1 22 11 71 1 4 20 93 1 26 30 83 1 1 2 44 1 21 27 73 1 20 0 65 1 61 80 25 1 19 47 62 1 0 28 82 1 4 20 83 1 0 17 69 1 10 0 71 1 50 0 61 1 0 37 58 1 16 0 89 1
32 98 127 1 25 122 146 1 25 89 178 1 29 94 163 1 62 83 158 1 66 77 163 1 40 92 157 1 11 73 134 1 24 64 122 1 65 90 138 1 33 76 137 1 32 121 142 1 3 76 127 1 0 30 124 1 33 88 134 1 7 77 110 1 2 58 68 1 0 0 0 0 43 70 137 1 0 0 0 0 0 101 140 1 19 68 131 1 32 92 131 1 12 58 132 1 14 76 181 1 25 55 173 1 30 52 80 1 24 89 130 1 35 69 111 1 0 0 0 0 21 45 136 1 48 72 148 1 7 67 148 1 67 51 88 1 0 50 94 1 20 49 76 1 1 0 71 1 8 75 75 1 15 28 111 1 0 0 0 0 8 45 90 1 0 0 65 1 4 9 67 1 0 0 0 0 17 23 45 1 6 19 74 1 38 2 69 1 20 20 41 1 35 51 75 1 0 41 27 1 0 0 0 0 0 0 0 0 63 41 100 1 0 47 69 1 13 29 84 1 17 36 65 1 7 54 67 1 25 39 55 1 0 15 47 1 5 70 28 1 11 31 25 1 0 47 64 1 9 0 56 1 37 30 56 1 0 0 0 0
0 0 0 0 55 96 153 1 54 84 132 1 49 94 166 1 46 111 154 1 48 67 150 1 0 0 0 0 0 0 0 0 0 80 144 1 18 104 161 1 29 102 118 1 34 36 137 1 48 73 94 1 24 73 121 1 6 45 129 1 33 43 132 1 24 42 99 1 39 54 116 1 20 24 114 1 27 68 100 1 9 44 133 1 33 98 113 1 0 0 0 0 62 57 138 1 20 78 175 1 0 100 127 1 28 82 136 1 53 74 115 1 50 88 137 1 10 88 146 1 64 104 129 1 20 65 96 1 58 23 111 1 24 13 114 1 23 38 90 1 0 65 139 1 0 53 78 1 47 32 89 1 56 70 105 1 15 42 98 1 36 25 116 1 0 0 0 0 0 50 66 1 0 26 85 1 5 25 84 1 0 43 93 1 0 65 70 1 13 32 65 1 4 32 71 1 15 0 71 1 0 68 70 1 0 37 98 1 0 21 101 1 0 22 71 1 0 62 95 1 38 43 95 1 18 36 64 1 0 48 65 1 0 0 58 1 22 41 61 1 26 6 83 1 7 32 50 1 26 10 84 1 0 18 36 1 8 30 72 1
29 54 118 1 23 95 135 1 23 140 125 1 45 102 136 1 50 101 158 1 56 101 136 1 22 145 181 1 0 0 0 0 73 112 142 1 53 64 129 1 19 119 147 1 34 65 163 1 83 77 101 1 57 70 127 1 0 0 0 0 69 68 131 1 0 57 132 1 0 55 98 1 24 86 113 1 29 33 123 1 34 57 78 1 0 0 0 0 64 95 125 1 72 113 153 1 26 95 168 1 57 94 151 1 0 102 130 1 12 74 119 1 35 86 148 1 27 81 171 1 22 87 109 1 0 0 0 0 47 20 99 1 0 0 0 0 33 55 90 1 30 69 71 1 11 23 25 1 13 43 100 1 29 32 74 1 7 30 63 1 9 4 66 1 0 29 99 1 19 35 52 1 18 23 53 1 27 23 94 1 0 47 80 1 7 28 50 1 6 0 65 1 3 12 78 1 20 0 76 1 0 11 68 1 0 2 72 1 0 0 0 0 0 34 87 1 10 35 51 1 0 36 68 1 0 11 63 1 0 0 21 1 0 0 0 0 22 53 39 1 20 19 48 1 42 53 70 1 22 0 49 1 5 45 58 1 9 39 61 1
67 81 117 1 22 111 148 1 50 114 140 1 9 112 143 1 72 131 161 1 40 131 154 1 49 77 151 1 31 125 150 1 13 109 174 1 40 87 149 1 48 63 138 1 60 118 122 1 71 99 184 1 47 96 124 1 16 81 148 1 21 93 170 1 34 86 128 1 7 77 136 1 48 98 118 1 27 127 150 1 86 92 114 1 42 85 111 1 61 93 182 1 42 64 159 1 49 99 182 1 0 0 0 0 0 0 0 0 71 82 137 1 58 100 142 1 43 106 125 1 0 111 111 1 0 0 0 0 39 64 150 1 14 88 64 1 0 0 0 0 48 53 95 1 0 35 101 1 0 26 100 1 0 0 0 0 45 67 35 1 0 24 40 1 0 0 0 0 38 0 45 1 20 42 70 1 20 30 84 1 8 25 59 1 7 19 55 1 0 0 0 0 5 48 86 1 0 25 97 1 0 0 119 1 0 53 82 1 0 0 0 0 0 1 58 1 0 35 82 1 0 40 101 1 25 56 57 1 3 32 47 1 21 11 59 1 11 33 62 1 30 16 53 1 0 10 36 1 6 0 38 1 0 33 81 1 8 62 81 1
37 105 146 1 41 92 167 1 20 80 152 1 42 108 153 1 0 0 0 0 88 111 168 1 43 154 180 1 38 122 165 1 65 103 177 1 59 108 135 1 55 102 175 1 18 84 190 1 64 123 166 1 20 112 140 1 12 108 193 1 0 0 0 0 53 79 170 1 31 97 171 1 80 76 130 1 0 0 0 0 50 106 173 1 43 108 155 1 49 131 199 1 53 100 147 1 31 61 160 1 44 86 147 1 21 79 173 1 90 87 159 1 32 123 140 1 0 89 106 1 23 95 99 1 12 71 132 1 4 59 140 1 0 0 0 0 8 44 61 1 0 0 0 0 53 59 32 1 43 44 38 1 0 45 56 1 0 0 0 0 7 18 75 1 6 15 58 1 19 53 76 1 26 26 76 1 33 9 81 1 1 60 38 1 0 37 45 1 0 0 0 0 19 27 102 1 32 31 74 1 37 39 70 1 1 7 47 1 19 39 101 1 0 33 75 1 9 0 60 1 0 25 85 1 0 33 73 1 24 0 70 1 26 30 69 1 38 44 67 1 0 13 90 1 16 0 77 1 12 56 47 1 0 6 50 1 2 29 31 1
57 70 137 1 42 103 144 1 50 124 169 1 52 128 160 1 75 111 177 1 100 114 159 1 32 118 168 1 53 129 169 1 58 112 160 1 21 124 154 1 23 101 183 1 44 107 153 1 70 123 154 1 37 122 129 1 74 122 181 1 81 127 156 1 49 105 184 1 56 131 130 1 70 134 184 1 61 149 163 1 65 110 144 1 92 64 177 1 57 89 174 1 73 93 107 1 66 113 162 1 72 109 143 1 32 82 153 1 20 127 150 1 33 99 151 1 0 0 0 0 0 0 0 0 0 0 0 0 32 46 114 1 0 85 52 1 13 68 124 1 29 89 102 1 15 60 58 1 45 40 70 1 3 48 84 1 0 36 94 1 5 15 60 1 37 67 64 1 0 0 0 0 0 45 118 1 0 53 53 1 0 0 0 0 23 23 47 1 9 36 109 1 0 33 90 1 0 0 0 0 34 5 73 1 0 43 79 1 0 10 41 1 0 0 0 0 0 26 75 1 7 41 72 1 41 24 96 1 6 45 49 1 0 46 61 1 19 11 76 1 17 29 73 1 45 33 61 1 22 11 61 1 10 6 62 1 0 29 47 1
25 111 164 1 40 102 133 1 24 130 187 1 85 141 124 1 56 114 172 1 55 117 201 1 63 147 165 1 68 135 168 1 15 106 200 1 72 103 205 1 50 71 197 1 54 123 161 1 75 117 179 1 54 163 180 1 30 106 180 1 53 125 190 1 0 0 0 0 81 124 153 1 74 108 120 1 66 111 166 1 93 86 192 1 61 110 185 1 55 107 172 1 42 143 159 1 47 104 132 1 59 84 165 1 45 96 122 1 0 0 0 0 40 37 99 1 0 0 0 0 0 0 0 0 49 66 95 1 18 81 100 1 27 39 99 1 18 71 85 1 0 0 0 0 0 5 88 1 36 62 75 1 28 42 70 1 12 61 68 1 21 28 93 1 0 0 0 0 19 76 87 1 11 24 49 1 17 37 59 1 12 23 38 1 8 57 53 1 0 0 0 0 18 30 60 1 0 35 45 1 0 36 92 1 0 0 0 0 0 32 71 1 23 20 53 1 23 49 88 1 11 49 66 1 40 43 83 1 0 87 101 1 0 27 69 1 0 0 42 1 33 59 84 1 0 18 41 1 0 0 0 0 32 2 79 1 40 17 99 1
40 79 143 1 15 118 118 1 33 104 135 1 68 133 138 1 54 117 139 1 30 91 179 1 51 109 214 1 0 0 0 0 60 117 176 1 0 0 0 0 51 102 162 1 48 132 209 1 71 94 173 1 67 105 174 1 74 118 161 1 31 118 176 1 72 116 209 1 0 0 0 0 64 121 209 1 77 129 170 1 0 0 0 0 107 132 145 1 61 118 185 1 80 144 194 1 72 61 134 1 49 72 137 1 30 69 125 1 66 80 166 1 8 41 84 1 0 88 114 1 18 48 88 1 2 39 113 1 27 78 114 1 42 28 58 1 0 0 0 0 29 56 75 1 0 0 0 0 0 0 0 0 24 63 101 1 0 92 62 1 5 30 113 1 0 0 0 0 0 24 64 1 26 46 67 1 0 55 117 1 0 0 0 0 2 15 29 1 0 0 0 0 62 59 22 1 23 33 89 1 0 47 89 1 18 45 56 1 45 54 49 1 0 35 28 1 18 77 11 1 11 42 11 1 11 54 98 1 0 0 0 0 14 32 66 1 2 52 88 1 6 23 59 1 35 32 83 1 61 56 99 1 0 14 76 1 29 42 74 1
33 93 162 1 56 137 178 1 25 134 129 1 32 88 162 1 62 115 158 1 34 108 163 1 70 140 205 1 43 145 195 1 56 124 177 1 55 127 177 1 77 110 207 1 46 128 201 1 61 122 202 1 4 98 163 1 85 122 200 1 27 196 194 1 71 126 220 1 110 127 183 1 72 146 227 1 83 97 221 1 64 153 179 1 66 103 181 1 64 76 170 1 32 62 137 1 88 109 140 1 41 48 132 1 50 57 147 1 46 51 139 1 26 14 120 1 42 60 111 1 16 87 96 1 6 108 105 1 36 87 125 1 4 73 127 1 23 61 81 1 27 80 55 1 0 0 0 0 0 58 72 1 9 59 95 1 0 53 72 1 29 54 110 1 10 73 83 1 49 18 121 1 22 83 83 1 34 26 83 1 14 62 91 1 0 58 33 1 0 0 0 0 28 56 86 1 0 39 78 1 0 45 71 1 29 0 75 1 14 13 75 1 0 39 86 1 9 38 106 1 44 0 107 1 39 34 97 1 18 17 81 1 0 10 82 1 8 25 65 1 0 10 89 1 9 8 53 1 33 35 80 1 15 68 92 1 8 12 103 1
12 99 188 1 80 137 149 1 51 118 149 1 79 90 217 1 76 130 164 1 36 91 203 1 81 140 197 1 100 134 137 1 55 108 182 1 0 0 0 0 50 99 220 1 79 144 149 1 57 104 178 1 94 115 171 1 31 112 168 1 10 148 200 1 0 0 0 0 0 0 0 0 0 0 0 0 0 0 0 0 64 100 151 1 56 94 174 1 48 44 161 1 14 86 168 1 55 80 105 1 69 73 106 1 15 42 118 1 0 0 0 0 47 63 125 1 17 41 118 1 0 0 0 0 0 0 0 0 50 58 71 1 41 24 86 1 7 79 112 1 13 57 96 1 0 0 0 0 0 0 0 0 33 49 37 1 0 55 100 1 25 58 103 1 0 0 0 0 11 13 87 1 41 33 86 1 0 0 0 0 36 65 50 1 0 67 77 1 0 0 0 0 25 0 95 1 0 51 80 1 0 52 78 1 0 0 0 0 14 31 37 1 29 63 81 1 11 40 49 1 0 0 0 0 0 31 96 1 9 11 46 1 41 63 34 1 12 42 96 1 6 6 106 1 5 46 63 1 1 27 51 1 19 24 88 1 7 57 66 1
38 109 171 1 35 124 200 1 34 111 207 1 52 125 146 1 65 143 173 1 37 156 198 1 57 141 185 1 93 117 165 1 88 116 179 1 36 94 151 1 62 121 190 1 65 85 149 1 0 0 0 0 59 137 219 1 63 106 179 1 53 131 180 1 81 104 210 1 57 129 182 1 59 95 191 1 42 124 209 1 57 93 189 1 46 58 135 1 29 79 133 1 35 34 148 1 8 45 114 1 36 93 100 1 40 47 76 1 23 51 98 1 16 15 115 1 14 30 125 1 0 52 107 1 43 67 124 1 32 62 90 1 22 41 51 1 36 89 78 1 30 40 62 1 41 38 80 1 26 45 52 1 33 59 57 1 0 0 0 0 24 46 98 1 0 39 102 1 15 31 82 1 0 0 0 0 14 63 72 1 0 65 58 1 41 52 86 1 0 6 86 1 0 54 47 1 36 4 89 1 14 42 93 1 12 23 77 1 0 49 97 1 39 27 71 1 8 46 69 1 29 36 59 1 47 58 85 1 7 9 84 1 0 6 76 1 1 32 84 1 0 48 90 1 23 42 92 1 0 0 46 1 17 20 72 1 0 13 78 1
61 98 179 1 54 118 200 1 60 132 158 1 49 161 197 1 101 128 162 1 90 83 211 1 54 119 210 1 59 126 155 1 0 0 0 0 93 118 189 1 34 131 212 1 57 101 155 1 76 101 169 1 51 86 197 1 49 84 152 1 71 118 171 1 56 97 188 1 53 135 148 1 77 122 127 1 17 88 166 1 39 67 118 1 75 57 146 1 0 0 0 0 47 39 132 1 0 0 0 0 26 76 102 1 35 55 84 1 48 53 108 1 0 42 68 1 2 73 99 1 38 44 101 1 43 75 116 1 35 66 117 1 27 58 103 1 24 56 49 1 32 67 101 1 13 72 84 1 4 97 76 1 0 0 0 0 0 41 87 1 11 31 46 1 28 55 132 1 14 34 76 1 0 47 68 1 0 30 53 1 0 17 108 1 10 50 63 1 0 75 62 1 0 30 77 1 32 25 79 1 54 45 80 1 0 73 104 1 37 64 71 1 8 36 68 1 21 38 84 1 16 42 76 1 6 32 64 1 18 34 66 1 0 0 0 0 8 49 71 1 0 64 85 1 0 28 53 1 0 0 0 0 0 27 56 1 9 26 86 1
41 121 222 1 77 103 167 1 0 0 0 0 102 125 205 1 68 125 168 1 67 125 152 1 44 97 183 1 66 105 172 1 75 147 164 1 82 107 184 1 76 94 187 1 15 108 221 1 0 0 0 0 75 75 171 1 67 88 175 1 38 116 141 1 22 85 124 1 0 52 176 1 37 64 158 1 57 66 141 1 23 86 135 1 45 80 91 1 14 71 93 1 8 2 117 1 45 61 81 1 0 0 0 0 0 0 0 0 6 42 89 1 15 41 98 1 0 68 44 1 0 44 90 1 34 68 90 1 0 38 95 1 0 36 60 1 11 64 68 1 0 50 53 1 41 80 114 1 0 73 60 1 60 59 112 1 0 65 104 1 0 54 64 1 69 56 121 1 11 36 107 1 50 47 71 1 45 42 100 1 9 71 74 1 55 0 67 1 8 29 69 1 13 45 49 1 8 39 76 1 22 16 50 1 0 19 47 1 26 26 64 1 31 40 51 1 45 41 67 1 0 36 16 1 25 22 82 1 0 9 59 1 0 32 63 1 11 57 62 1 22 38 60 1 0 46 63 1 0 0 0 0 3 56 83 1 0 0 0 0
71 141 184 1 35 136 150 1 78 121 201 1 64 160 186 1 94 151 201 1 0 0 0 0 37 162 157 1 50 128 172 1 59 99 195 1 64 93 165 1 55 129 186 1 57 106 166 1 58 85 159 1 69 80 123 1 19 75 177 1 62 87 131 1 55 43 108 1 16 69 128 1 0 0 0 0 64 114 119 1 22 105 106 1 20 56 67 1 0 46 140 1 0 39 121 1 22 41 88 1 0 54 86 1 15 56 111 1 12 61 74 1 12 69 75 1 8 59 51 1 33 80 80 1 0 58 34 1 4 72 84 1 9 36 63 1 19 90 85 1 21 40 88 1 0 0 0 0 36 79 87 1 17 80 55 1 18 77 59 1 37 43 72 1 3 39 85 1 30 36 57 1 9 76 94 1 0 54 74 1 21 21 80 1 11 51 72 1 0 33 61 1 34 20 101 1 10 13 63 1 0 0 0 0 13 18 93 1 0 23 108 1 0 0 0 0 6 24 59 1 19 55 88 1 19 44 94 1 2 50 71 1 27 55 58 1 25 29 84 1 0 0 101 1 2 58 60 1 2 21 109 1 18 54 83 1 0 0 0 0
39 158 218 1 71 128 204 1 96 109 221 1 61 146 185 1 37 103 187 1 52 120 205 1 32 136 183 1 0 0 0 0 44 103 123 1 19 116 148 1 55 77 191 1 45 73 198 1 64 75 148 1 76 100 149 1 63 38 113 1 57 69 131 1 0 0 0 0 43 50 135 1 45 80 86 1 0 0 0 0 0 43 75 1 19 25 62 1 2 10 107 1 0 0 0 0 18 31 96 1 0 49 84 1 42 37 89 1 11 28 82 1 0 26 83 1 6 63 46 1 0 49 68 1 27 38 64 1 25 61 74 1 32 55 61 1 7 69 85 1 27 35 108 1 13 62 94 1 39 45 66 1 0 50 113 1 34 6 67 1 20 63 83 1 0 0 0 0 21 86 105 1 37 36 93 1 50 71 102 1 33 60 42 1 0 67 53 1 0 48 44 1 0 16 49 1 9 40 55 1 0 50 59 1 29 38 68 1 30 39 97 1 0 0 0 0 0 41 52 1 0 28 72 1 0 47 98 1 32 1 49 1 30 57 55 1 0 37 67 1 0 14 61 1 13 28 79 1 9 62 60 1 0 0 0 0 15 35 62 1
86 140 195 1 57 137 171 1 15 114 160 1 0 0 0 0 50 114 186 1 51 89 175 1 51 116 204 1 68 91 175 1 42 112 137 1 46 94 143 1 39 119 154 1 36 90 131 1 26 80 130 1 50 61 80 1 34 51 87 1 13 95 118 1 34 66 84 1 23 42 89 1 0 0 0 0 0 23 43 1 15 72 75 1 12 40 77 1 0 0 0 0 51 40 90 1 0 57 64 1 48 41 126 1 28 23 70 1 54 43 48 1 33 47 47 1 0 23 68 1 0 48 36 1 20 58 37 1 2 3 27 1 10 53 116 1 0 30 51 1 45 36 33 1 0 0 0 0 27 11 61 1 8 46 104 1 61 0 118 1 21 79 65 1 0 62 67 1 16 53 78 1 7 16 99 1 0 23 89 1 4 27 90 1 52 23 120 1 0 0 0 0 36 65 109 1 18 31 96 1 0 47 65 1 59 40 69 1 32 34 93 1 4 27 60 1 0 0 0 0 0 87 55 1 0 30 73 1 0 34 98 1 0 61 83 1 0 34 83 1 12 3 100 1 8 45 63 1 23 94 95 1 0 0 0 0 0 33 64 1
26 145 143 1 18 123 210 1 0 0 0 0 53 71 175 1 32 124 175 1 20 138 195 1 0 0 0 0 52 118 139 1 19 41 181 1 35 86 137 1 55 71 162 1 13 43 116 1 43 62 171 1 13 96 142 1 20 41 81 1 31 49 82 1 28 64 75 1 0 57 86 1 0 51 97 1 0 55 83 1 59 17 63 1 0 0 0 0 30 19 78 1 0 11 66 1 34 32 94 1 0 42 38 1 30 54 61 1 0 30 35 1 19 38 74 1 0 37 67 1 41 12 102 1 7 59 53 1 29 25 41 1 23 56 84 1 14 79 79 1 50 39 78 1 1 0 65 1 0 13 126 1 43 42 99 1 7 56 95 1 14 44 83 1 35 41 81 1 0 67 94 1 40 62 124 1 0 0 0 0 5 60 86 1 5 1 46 1 29 31 84 1 0 6 50 1 26 67 75 1 0 0 0 0 8 51 108 1 22 11 86 1 29 47 112 1 14 53 66 1 0 31 71 1 0 0 0 0 14 12 83 1 0 63 77 1 23 36 84 1 15 0 98 1 0 32 57 1 0 0 0 0 8 56 83 1 1 16 66 1
79 129 161 1 76 115 168 1 54 96 151 1 42 111 150 1 102 115 132 1 63 130 144 1 78 109 165 1 53 74 148 1 67 61 131 1 52 89 162 1 40 60 113 1 21 68 103 1 0 11 117 1 43 66 104 1 38 66 110 1 7 49 101 1 0 37 85 1 48 74 77 1 19 33 77 1 0 0 0 0 14 63 87 1 53 50 90 1 5 49 63 1 18 0 85 1 6 69 57 1 58 8 41 1 30 83 20 1 0 41 51 1 18 32 72 1 0 26 74 1 0 22 110 1 0 32 38 1 17 25 69 1 14 39 60 1 0 0 96 1 39 62 76 1 22 52 38 1 7 58 72 1 0 33 66 1 10 17 78 1 48 58 75 1 18 61 27 1 4 28 74 1 44 47 108 1 16 81 77 1 9 57 80 1 0 0 0 0 11 38 102 1 0 8 66 1 0 16 89 1 0 31 68 1 1 29 107 1 0 0 0 0 0 30 77 1 3 4 67 1 33 22 68 1 1 68 66 1 0 32 83 1 23 34 72 1 5 23 85 1 18 40 51 1 0 34 78 1 18 7 81 1 0 29 98 1 38 1 61 1
32 117 185 1 26 111 185 1 45 137 175 1 14 116 172 1 32 98 190 1 45 113 140 1 43 88 182 1 21 93 155 1 42 86 152 1 46 77 150 1 10 69 83 1 23 90 90 1 15 48 140 1 28 53 93 1 7 51 49 1 12 10 92 1 3 49 76 1 0 54 96 1 21 27 77 1 35 56 52 1 41 54 70 1 26 32 61 1 19 18 89 1 0 0 0 0 0 8 92 1 32 53 84 1 25 34 44 1 0 0 0 0 4 33 72 1 36 81 75 1 1 37 63 1 0 0 0 0 0 57 96 1 0 0 0 0 0 0 0 0 0 0 0 0 38 39 93 1 23 11 84 1 0 40 52 1 18 42 103 1 48 32 59 1 0 50 58 1 22 52 82 1 10 49 44 1 0 43 93 1 0 29 71 1 0 11 74 1 76 58 101 1 3 65 109 1 0 0 0 0 0 25 101 1 20 49 54 1 0 0 84 1 0 34 77 1 9 56 95 1 51 42 90 1 46 44 113 1 0 22 56 1 16 62 105 1 0 55 93 1 0 61 94 1 40 45 124 1 0 0 0 0 68 43 52 1 0 44 22 1
57 92 209 1 57 107 151 1 57 83 178 1 0 0 0 0 70 105 176 1 65 117 158 1 60 54 139 1 43 60 158 1 30 62 147 1 0 55 130 1 39 53 117 1 17 64 105 1 5 33 97 1 51 46 80 1 19 0 97 1 6 0 61 1 0 23 91 1 0 37 79 1 19 14 46 1 0 58 26 1 17 7 104 1 33 32 93 1 0 65 57 1 0 3 87 1 0 27 101 1 46 43 56 1 0 44 70 1 0 20 43 1 0 54 73 1 0 0 0 0 0 74 41 1 0 46 84 1 8 62 59 1 13 40 49 1 0 56 108 1 0 22 71 1 20 65 104 1 0 0 0 0 21 59 135 1 8 48 93 1 0 25 50 1 29 35 44 1 16 29 50 1 43 49 86 1 36 41 113 1 23 35 93 1 28 44 82 1 30 0 80 1 3 108 61 1 0 0 0 0 0 48 76 1 36 52 89 1 0 0 0 0 0 82 65 1 18 57 67 1 11 34 57 1 65 37 81 1 0 1 69 1 16 21 67 1 0 0 0 0 0 73 58 1 0 48 52 1 16 66 86 1 27 42 55 1 0 59 68 1
0 0 0 0 80 133 181 1 56 109 199 1 21 124 192 1 80 72 122 1 30 129 172 1 51 60 161 1 41 76 143 1 18 107 113 1 31 94 115 1 45 65 87 1 9 42 70 1 35 0 119 1 0 0 0 0 4 34 84 1 0 0 0 0 0 38 102 1 40 18 81 1 0 57 47 1 0 58 102 1 0 0 0 0 3 41 68 1 0 0 0 0 16 15 112 1 17 54 52 1 0 20 83 1 0 70 118 1 0 38 51 1 53 59 65 1 22 53 57 1 15 0 57 1 33 0 115 1 16 39 41 1 0 0 0 0 27 20 101 1 8 53 84 1 29 33 63 1 0 0 0 0 0 57 76 1 50 0 67 1 16 23 50 1 30 70 76 1 6 5 51 1 32 36 33 1 0 30 75 1 33 20 71 1 0 27 57 1 0 34 58 1 50 42 71 1 0 0 0 0 0 68 58 1 0 0 0 0 0 31 58 1 0 17 72 1 20 3 67 1 10 4 72 1 0 25 30 1 0 0 0 0 42 16 60 1 7 27 64 1 16 59 81 1 0 0 0 0 3 43 63 1 0 27 52 1 4 30 71 1
58 115 189 1 0 0 0 0 0 0 0 0 18 92 154 1 71 72 145 1 31 82 128 1 37 68 133 1 26 59 122 1 0 67 97 1 35 64 60 1 44 44 87 1 0 75 117 1 41 18 121 1 31 62 99 1 23 58 77 1 0 16 81 1 10 44 55 1 0 0 0 0 0 78 54 1 42 20 87 1 29 0 64 1 0 73 59 1 0 6 89 1 12 28 60 1 0 0 111 1 14 35 67 1 32 16 41 1 0 26 77 1 19 36 83 1 21 3 57 1 0 15 84 1 0 0 0 0 6 25 75 1 29 30 75 1 33 9 60 1 6 36 74 1 0 11 75 1 21 30 109 1 37 32 85 1 47 11 126 1 4 2 56 1 13 22 90 1 22 23 97 1 9 17 92 1 3 36 52 1 23 40 50 1 0 49 85 1 0 39 46 1 13 48 82 1 5 7 41 1 0 52 87 1 0 23 59 1 36 32 20 1 0 0 0 0 0 0 0 0 15 23 57 1 31 43 62 1 32 29 30 1 0 0 36 1 26 36 61 1 42 45 72 1 6 41 87 1 2 17 82 1 0 37 56 1 20 16 50 1
0 0 0 0 58 128 157 1 0 0 0 0 23 68 147 1 36 49 102 1 19 51 139 1 0 49 112 1 26 66 81 1 54 81 106 1 12 74 100 1 12 18 70 1 0 60 115 1 16 51 117 1 4 56 60 1 0 0 0 0 11 34 104 1 5 79 79 1 0 30 96 1 17 22 59 1 0 0 0 0 2 4 89 1 0 0 0 0 29 0 72 1 24 44 44 1 5 60 96 1 24 89 93 1 12 16 105 1 38 41 95 1 6 8 59 1 16 20 101 1 18 15 100 1 0 34 36 1 8 44 79 1 0 0 0 0 29 67 20 1 0 54 72 1 11 35 62 1 3 21 83 1 8 24 70 1 0 0 97 1 7 15 77 1 25 19 46 1 49 10 45 1 49 45 85 1 9 43 44 1 0 66 61 1 0 0 0 0 14 54 56 1 1 36 71 1 24 33 67 1 0 36 63 1 3 22 43 1 0 0 0 0 9 13 50 1 0 34 82 1 58 10 52 1 13 16 55 1 4 61 85 1 25 16 56 1 0 48 86 1 0 0 0 0 0 28 72 1 0 56 86 1 31 65 62 1 3 14 60 1
76 125 199 1 56 102 164 1 50 93 154 1 22 118 154 1 0 52 119 1 8 0 77 1 42 34 108 1 0 0 0 0 3 32 66 1 28 40 53 1 0 57 95 1 0 0 0 0 14 36 132 1 43 54 79 1 25 45 80 1 3 40 64 1 36 79 77 1 11 31 94 1 25 30 105 1 0 30 65 1 14 25 127 1 16 24 86 1 13 64 27 1 0 6 46 1 3 67 74 1 20 30 69 1 31 11 69 1 27 22 44 1 0 81 89 1 32 55 86 1 32 31 55 1 37 24 118 1 4 36 61 1 19 2 55 1 0 26 41 1 13 55 105 1 0 0 0 0 0 22 65 1 0 13 55 1 0 35 21 1 7 49 77 1 0 0 0 0 40 47 36 1 0 41 93 1 0 31 103 1 3 25 68 1 36 65 31 1 30 36 26 1 0 48 74 1 15 30 57 1 32 49 84 1 18 41 75 1 11 62 64 1 12 0 80 1 28 25 78 1 0 0 0 0 27 50 69 1 24 27 54 1 0 37 99 1 8 32 68 1 0 53 84 1 20 5 57 1 12 25 43 1 3 39 61 1 31 16 98 1
0 0 0 0 78 97 165 1 79 87 209 1 30 42 106 1 30 60 137 1 43 52 84 1 38 35 107 1 16 32 67 1 40 48 61 1 0 44 75 1 0 67 68 1 34 54 37 1 0 0 0 0 0 39 57 1 0 27 37 1 18 46 40 1 0 29 71 1 3 30 50 1 35 31 55 1 8 24 21 1 23 8 96 1 34 29 64 1 0 0 0 0 0 33 57 1 7 15 69 1 41 19 67 1 0 79 46 1 0 10 55 1 33 39 88 1 0 27 70 1 0 43 99 1 24 37 95 1 15 57 39 1 19 12 60 1 0 73 95 1 15 27 92 1 20 59 83 1 27 6 30 1 0 11 45 1 3 8 107 1 14 28 124 1 3 24 55 1 5 18 46 1 0 33 52 1 0 17 80 1 14 17 84 1 0 27 66 1 4 13 47 1 34 26 96 1 6 37 90 1 23 25 65 1 0 0 75 1 42 7 51 1 30 10 36 1 0 39 93 1 42 0 86 1 0 31 83 1 6 51 92 1 12 18 40 1 0 36 50 1 17 25 61 1 0 0 0 0 0 47 69 1 24 34 70 1 0 0 0 0
42 116 162 1 72 93 173 1 75 101 116 1 0 0 0 0 7 82 72 1 12 48 102 1 3 52 93 1 0 50 75 1 21 31 41 1 0 49 88 1 0 57 83 1 27 22 55 1 0 42 71 1 35 23 50 1 0 50 73 1 0 44 97 1 0 0 0 0 0 55 61 1 9 48 44 1 11 43 62 1 0 41 115 1 0 38 58 1 0 69 76 1 3 23 52 1 0 36 60 1 0 0 92 1 39 32 63 1 14 48 56 1 0 40 77 1 24 23 46 1 0 48 103 1 0 40 68 1 0 29 70 1 25 43 69 1 29 57 46 1 16 43 99 1 12 40 82 1 0 23 97 1 74 46 65 1 0 30 50 1 0 41 66 1 0 0 0 0 0 0 0 0 0 18 70 1 0 34 42 1 9 19 37 1 0 41 72 1 0 26 61 1 5 39 70 1 0 24 75 1 21 35 62 1 0 0 0 0 31 58 54 1 0 2 83 1 0 18 66 1 20 11 103 1 0 4 27 1 0 46 88 1 0 7 78 1 0 9 85 1 2 40 81 1 0 4 69 1 0 20 111 1 2 37 85 1 21 31 102 1
63 93 175 1 63 39 178 1 29 66 132 1 30 98 133 1 18 72 84 1 44 70 72 1 2 4 87 1 7 78 103 1 34 21 71 1 18 40 70 1 39 8 86 1 0 36 79 1 20 45 87 1 35 36 95 1 0 0 0 0 1 0 71 1 0 4 27 1 4 28 99 1 8 33 70 1 0 83 74 1 13 0 104 1 26 46 53 1 16 0 34 1 0 71 62 1 27 32 46 1 12 29 93 1 0 3 42 1 0 17 64 1 2 28 47 1 0 0 0 0 0 50 62 1 5 23 83 1 36 0 63 1 43 42 91 1 0 16 52 1 17 12 80 1 2 29 55 1 0 0 0 0 22 22 73 1 16 53 4 1 0 30 83 1 26 15 49 1 0 0 52 1 10 39 82 1 0 21 40 1 48 43 74 1 19 14 42 1 24 47 21 1 0 0 49 1 22 7 93 1 7 0 81 1 23 14 27 1 34 60 98 1 50 0 24 1 0 27 68 1 9 63 98 1 29 25 65 1 0 30 27 1 0 13 109 1 24 61 65 1 0 0 0 0 6 81 57 1 14 30 77 1 28 25 81 1 0 47 60 1
48 59 129 1 25 58 161 1 18 88 142 1 37 90 123 1 49 42 105 1 0 0 86 1 0 40 48 1 43 42 93 1 0 0 0 0 23 52 50 1 16 37 113 1 10 52 98 1 0 53 67 1 0 82 81 1 28 30 67 1 0 0 0 0 34 21 33 1 0 65 83 1 22 24 77 1 0 0 0 0 0 0 0 0 6 42 55 1 0 9 63 1 8 45 50 1 20 36 41 1 16 35 77 1 0 0 0 0 0 0 78 1 9 75 77 1 0 50 56 1 0 0 0 0 0 0 0 0 22 9 99 1 24 2 84 1 8 21 73 1 0 0 0 0 12 28 60 1 0 0 0 0 0 13 70 1 0 30 98 1 0 57 107 1 0 28 75 1 0 4 75 1 0 23 36 1 0 26 52 1 11 0 61 1 0 4 69 1 3 44 66 1 0 56 79 1 16 5 66 1 34 0 61 1 0 63 58 1 7 17 101 1 46 50 95 1 10 8 57 1 51 16 89 1 8 59 118 1 17 20 57 1 5 28 48 1 2 39 114 1 0 6 100 1 27 38 64 1 4 47 84 1 1 53 87 1 30 29 75 1
63 81 116 1 26 75 144 1 1 54 141 1 0 46 92 1 18 27 48 1 0 48 108 1 9 19 53 1 1 36 48 1 18 36 78 1 4 61 102 1 25 48 81 1 3 55 55 1 0 46 79 1 14 31 60 1 18 30 92 1 0 44 62 1 0 33 73 1 48 46 81 1 0 0 0 0 1 37 78 1 43 51 67 1 0 42 101 1 33 57 9 1 26 37 93 1 0 14 60 1 5 38 69 1 0 24 45 1 43 31 15 1 0 24 93 1 15 22 63 1 26 27 82 1 6 40 90 1 15 20 91 1 0 0 0 0 29 46 52 1 0 0 0 0 24 11 54 1 0 47 99 1 36 33 58 1 12 48 81 1 0 26 76 1 15 49 91 1 0 40 85 1 32 44 64 1 6 35 43 1 10 46 53 1 38 23 82 1 14 0 70 1 0 21 82 1 0 0 0 0 23 0 93 1 28 54 68 1 0 43 76 1 41 4 76 1 0 0 0 0 4 34 82 1 2 56 104 1 0 62 63 1 0 0 0 0 69 56 91 1 0 0 0 0 18 10 85 1 18 41 115 1 0 0 0 0 0 42 77 1
38 65 137 1 22 58 105 1 10 61 110 1 41 95 115 1 50 16 100 1 14 46 94 1 2 31 84 1 28 49 53 1 0 0 75 1 0 55 39 1 46 6 76 1 17 40 84 1 4 98 60 1 0 0 0 0 0 0 0 0 0 41 112 1 1 43 44 1 0 0 0 0 32 41 85 1 0 32 46 1 0 83 41 1 17 17 72 1 5 26 51 1 11 15 66 1 38 29 62 1 17 3 54 1 16 11 47 1 4 11 32 1 0 0 0 0 0 38 60 1 8 0 93 1 25 33 79 1 0 31 54 1 7 31 82 1 0 49 54 1 38 34 78 1 40 21 60 1 21 15 85 1 0 51 57 1 0 0 81 1 0 0 91 1 22 5 65 1 5 21 63 1 12 38 79 1 0 16 62 1 0 44 48 1 0 17 36 1 0 34 73 1 58 72 84 1 29 10 95 1 4 23 83 1 0 57 117 1 34 10 79 1 7 58 74 1 2 35 58 1 44 27 97 1 54 35 133 1 17 40 60 1 44 63 98 1 16 38 122 1 6 49 109 1 1 39 61 1 14 42 95 1 14 44 84 1 23 58 50 1
0 0 0 0 14 39 119 1 17 15 105 1 0 0 0 0 27 55 74 1 1 56 50 1 0 42 83 1 18 25 82 1 0 0 0 0 2 39 37 1 37 22 84 1 38 34 78 1 35 0 75 1 0 25 86 1 0 24 99 1 0 30 59 1 0 0 0 0 0 0 0 0 5 20 52 1 59 61 103 1 33 21 80 1 13 26 72 1 5 15 48 1 30 0 85 1 25 28 94 1 48 19 70 1 34 0 42 1 7 21 69 1 0 7 81 1 31 19 78 1 25 44 30 1 37 23 53 1 0 27 56 1 0 0 0 0 31 25 95 1 22 43 93 1 33 54 55 1 0 45 70 1 0 51 81 1 0 59 40 1 25 17 67 1 14 41 105 1 4 53 65 1 0 48 65 1 0 23 42 1 39 0 81 1 0 0 0 0 0 6 37 1 34 34 57 1 0 0 0 0 59 14 104 1 13 44 101 1 0 20 78 1 23 77 88 1 28 47 120 1 0 65 83 1 0 0 0 0 22 28 80 1 0 0 0 0 0 0 0 0 45 38 113 1 0 0 0 0 0 0 0 0 0 49 75 1 24 27 100 1
0 16 92 1 23 49 92 1 0 0 0 0 54 28 131 1 0 56 72 1 4 38 101 1 0 46 38 1 0 21 63 1 31 0 98 1 0 40 42 1 26 37 96 1 0 42 69 1 0 63 92 1 20 42 99 1 0 33 84 1 24 23 105 1 26 19 76 1 11 44 64 1 9 19 71 1 10 75 55 1 0 0 0 0 29 7 81 1 25 53 72 1 14 55 88 1 0 47 68 1 9 22 84 1 18 34 69 1 0 0 0 0 18 58 54 1 37 38 80 1 18 0 72 1 0 41 78 1 9 52 62 1 22 23 54 1 35 83 54 1 30 49 85 1 10 54 31 1 0 0 0 0 25 70 68 1 0 0 0 0 0 12 55 1 15 0 86 1 12 36 72 1 0 21 87 1 0 0 0 0 31 40 36 1 13 28 50 1 48 60 30 1 0 41 85 1 13 49 79 1 20 16 75 1 20 49 64 1 55 77 94 1 1 29 71 1 11 69 90 1 51 32 116 1 0 62 100 1 8 80 80 1 51 40 102 1 0 33 85 1 43 50 149 1 12 91 70 1 42 14 31 1 36 73 89 1 28 24 62 1
32 38 110 1 15 12 119 1 46 39 101 1 0 61 50 1 16 42 110 1 35 11 66 1 0 0 0 0 4 34 101 1 9 31 87 1 0 63 60 1 19 46 60 1 6 63 90 1 22 41 90 1 0 48 66 1 5 30 63 1 0 0 0 0 0 0 0 0 0 0 0 0 51 1 91 1 12 15 68 1 0 21 79 1 1 11 50 1 31 53 41 1 0 42 35 1 0 11 45 1 0 41 66 1 0 40 57 1 0 35 56 1 20 39 87 1 19 16 80 1 0 3 67 1 5 31 60 1 0 65 67 1 21 31 95 1 0 0 45 1 50 8 74 1 12 53 91 1 16 0 55 1 0 25 119 1 0 0 82 1 13 46 82 1 33 26 47 1 32 23 70 1 47 17 77 1 15 19 98 1 0 80 99 1 0 0 55 1 28 68 78 1 27 45 65 1 0 34 57 1 6 36 63 1 21 43 87 1 33 42 63 1 15 15 82 1 0 58 85 1 24 73 48 1 0 25 108 1 2 27 149 1 33 56 96 1 6 77 71 1 2 89 70 1 6 72 96 1 38 43 108 1 13 56 92 1 36 5 60 1
53 56 100 1 0 0 0 0 43 31 108 1 10 41 94 1 0 52 93 1 20 53 80 1 0 11 87 1 0 23 59 1 0 9 59 1 5 59 59 1 26 29 69 1 0 57 95 1 0 20 65 1 0 40 117 1 0 50 55 1 17 14 59 1 0 32 93 1 0 70 67 1 0 8 83 1 0 0 0 0 0 27 70 1 0 25 55 1 0 38 88 1 0 11 88 1 0 50 48 1 12 32 40 1 2 8 73 1 0 12 44 1 0 34 83 1 9 42 54 1 30 12 96 1 19 29 86 1 15 55 62 1 0 12 48 1 11 49 77 1 11 26 57 1 7 36 54 1 29 4 35 1 19 66 78 1 6 34 83 1 0 15 80 1 10 20 66 1 22 21 92 1 14 42 84 1 13 0 57 1 15 60 70 1 13 58 37 1 14 45 70 1 12 38 59 1 0 11 87 1 0 0 0 0 2 12 80 1 20 2 79 1 53 29 80 1 7 62 93 1 3 62 108 1 0 86 107 1 30 64 95 1 15 37 125 1 37 89 69 1 43 34 85 1 6 24 109 1 0 84 71 1 0 50 79 1 16 34 68 1
36 21 66 1 35 9 90 1 21 84 115 1 35 34 86 1 37 43 81 1 19 61 101 1 0 61 95 1 41 31 82 1 0 29 87 1 11 34 81 1 0 37 51 1 35 11 88 1 0 0 0 0 10 48 59 1 0 23 93 1 26 38 80 1 25 16 48 1 12 29 107 1 0 36 56 1 15 31 68 1 0 0 58 1 30 43 63 1 24 27 80 1 0 57 59 1 0 60 64 1 0 28 111 1 0 0 0 0 0 15 80 1 0 0 0 0 0 34 57 1 17 30 76 1 0 0 127 1 0 48 49 1 9 26 66 1 0 65 75 1 0 7 44 1 27 67 73 1 0 74 100 1 31 71 58 1 0 31 62 1 13 14 74 1 0 30 53 1 24 42 85 1 19 71 99 1 37 7 68 1 20 11 77 1 30 31 56 1 7 60 112 1 21 52 90 1 40 34 97 1 3 48 51 1 25 37 79 1 3 46 93 1 41 16 93 1 16 73 96 1 33 92 82 1 20 68 71 1 32 28 116 1 9 46 58 1 28 61 76 1 19 78 106 1 64 47 62 1 27 8 53 1 30 40 74 1 48 58 119 1
12 25 90 1 40 17 84 1 17 59 64 1 50 35 67 1 0 34 77 1 0 40 117 1 0 50 58 1 16 37 87 1 0 64 95 1 9 34 98 1 0 46 96 1 22 35 63 1 27 31 82 1 0 62 43 1 44 26 58 1 13 27 42 1 0 48 87 1 15 0 75 1 6 54 60 1 0 22 45 1 20 16 99 1 0 33 104 1 1 63 117 1 5 12 56 1 0 0 0 0 0 0 114 1 6 22 59 1 0 0 0 0 2 60 89 1 0 16 73 1 18 56 137 1 0 8 51 1 19 83 53 1 0 67 87 1 27 15 74 1 22 59 104 1 6 67 114 1 62 42 58 1 37 67 95 1 19 50 58 1 0 0 0 0 21 85 59 1 32 39 110 1 10 56 99 1 13 13 107 1 46 36 89 1 4 46 60 1 0 0 0 0 9 29 70 1 20 9 44 1 17 78 63 1 27 45 101 1 9 38 100 1 35 50 93 1 0 47 74 1 0 0 0 0 14 15 104 1 12 56 55 1 8 86 69 1 16 92 101 1 20 80 67 1 37 56 118 1 29 24 99 1 37 92 62 1 14 70 38 1
18 17 75 1 0 15 117 1 25 50 87 1 0 43 82 1 49 4 104 1 0 23 68 1 12 18 35 1 32 0 87 1 0 39 57 1 6 55 76 1 21 81 95 1 0 29 64 1 0 30 47 1 31 27 76 1 0 0 0 0 0 39 62 1 0 20 55 1 14 0 45 1 12 0 63 1 0 43 60 1 0 36 61 1 0 33 98 1 16 31 108 1 0 31 96 1 0 45 79 1 36 27 65 1 1 37 79 1 0 71 44 1 0 20 68 1 22 52 116 1 0 0 0 0 0 25 87 1 8 3 96 1 0 0 0 0 27 30 64 1 0 44 94 1 0 24 80 1 0 16 106 1 24 65 82 1 0 0 64 1 0 26 54 1 9 46 121 1 7 18 90 1 26 5 74 1 3 60 94 1 0 0 0 0 7 68 82 1 0 0 0 0 45 52 77 1 45 17 79 1 14 50 84 1 41 50 85 1 31 49 59 1 36 46 110 1 20 89 97 1 0 50 73 1 8 45 133 1 22 56 122 1 0 79 95 1 21 28 117 1 0 0 0 0 0 87 113 1 9 24 108 1 28 55 75 1 0 31 75 1
9 8 76 1 0 33 101 1 2 38 66 1 0 76 81 1 14 23 86 1 47 25 104 1 0 40 84 1 0 0 0 0 0 38 23 1 0 68 70 1 7 53 102 1 52 31 110 1 0 0 0 0 2 4 67 1 0 7 62 1 30 40 83 1 0 18 61 1 3 5 76 1 17 28 84 1 8 34 74 1 20 24 83 1 12 82 59 1 1 21 89 1 12 52 75 1 36 28 107 1 0 24 85 1 0 100 89 1 17 70 86 1 15 46 74 1 16 28 72 1 0 0 0 0 0 21 84 1 0 81 66 1 0 43 102 1 13 63 54 1 0 75 94 1 4 54 90 1 48 39 80 1 3 43 86 1 17 51 99 1 0 33 64 1 28 47 63 1 44 29 90 1 7 25 61 1 0 0 0 0 18 71 74 1 0 0 0 0 26 35 89 1 4 47 105 1 56 36 95 1 0 0 0 0 60 51 115 1 17 26 116 1 48 52 114 1 0 0 0 0 18 43 89 1 30 24 88 1 28 82 98 1 18 51 122 1 0 50 129 1 47 38 153 1 0 0 0 0 43 31 102 1 35 62 64 1 20 51 90 1
48 51 95 1 7 41 59 1 24 46 92 1 0 22 109 1 0 69 68 1 11 71 69 1 32 67 79 1 25 49 68 1 0 0 0 0 19 44 36 1 19 29 50 1 69 21 52 1 17 12 78 1 0 21 113 1 0 28 56 1 18 61 9 1 4 63 37 1 28 61 80 1 0 15 82 1 43 0 74 1 0 48 58 1 0 7 44 1 43 34 65 1 41 21 79 1 0 0 0 0 13 49 93 1 0 54 114 1 10 70 76 1 12 45 101 1 0 48 87 1 20 17 101 1 33 6 89 1 12 13 54 1 8 77 111 1 15 47 101 1 23 35 94 1 0 53 91 1 0 80 75 1 6 61 89 1 22 40 94 1 22 50 90 1 19 51 109 1 0 56 118 1 8 39 118 1 12 42 79 1 6 45 103 1 36 67 94 1 0 0 0 0 0 41 90 1 0 79 113 1 0 67 64 1 24 21 118 1 63 23 131 1 31 60 76 1 0 73 106 1 36 96 104 1 20 50 86 1 0 32 125 1 34 67 101 1 0 79 112 1 20 53 140 1 60 64 136 1 48 38 85 1 1 64 128 1 0 74 98 1
17 56 77 1 36 41 54 1 30 46 33 1 35 58 73 1 34 65 86 1 48 40 102 1 4 64 80 1 22 20 66 1 0 27 36 1 45 32 101 1 32 66 85 1 0 25 59 1 0 12 50 1 7 27 44 1 0 0 0 0 21 62 41 1 0 27 85 1 26 20 89 1 13 58 113 1 8 65 56 1 23 62 80 1 2 37 108 1 31 43 99 1 14 30 93 1 9 78 99 1 0 52 65 1 44 47 86 1 22 69 95 1 4 45 107 1 47 23 76 1 0 0 0 0 23 82 79 1 44 23 72 1 47 46 74 1 63 69 120 1 20 53 64 1 16 64 116 1 31 49 85 1 7 38 122 1 13 57 86 1 6 96 74 1 23 60 103 1 14 40 116 1 0 19 100 1 0 0 0 0 34 57 68 1 25 15 100 1 15 55 51 1 33 59 112 1 33 32 99 1 0 5 118 1 0 0 0 0 0 64 112 1 30 82 121 1 46 54 109 1 9 65 116 1 3 59 100 1 12 45 92 1 23 49 119 1 0 48 117 1 0 0 0 0 45 71 98 1 39 42 134 1 27 36 78 1 15 51 112 1
16 54 85 1 31 16 77 1 19 46 69 1 21 18 57 1 0 43 82 1 6 27 85 1 0 0 0 0 4 51 84 1 11 23 88 1 30 51 81 1 21 39 106 1 0 44 81 1 0 55 51 1 3 58 95 1 8 52 102 1 32 44 70 1 4 45 68 1 0 44 75 1 14 43 82 1 33 60 71 1 0 79 56 1 0 38 76 1 14 49 71 1 27 42 96 1 0 35 54 1 35 33 83 1 4 72 73 1 13 79 94 1 0 62 74 1 22 65 102 1 23 15 99 1 41 33 60 1 11 33 112 1 12 32 134 1 34 13 107 1 17 32 62 1 0 0 0 0 80 75 102 1 0 29 133 1 26 47 111 1 0 0 0 0 19 66 98 1 53 59 86 1 9 41 83 1 13 44 45 1 5 46 82 1 61 69 74 1 31 59 84 1 14 86 73 1 16 27 146 1 7 56 103 1 23 42 121 1 30 83 112 1 24 57 90 1 61 60 97 1 72 104 95 1 40 66 127 1 0 0 0 0 8 90 99 1 7 37 112 1 2 47 70 1 12 47 62 1 80 44 113 1 57 62 54 1 0 72 121 1
0 11 52 1 0 4 75 1 43 47 59 1 31 25 49 1 0 0 33 1 42 66 77 1 53 67 64 1 0 0 0 0 16 9 83 1 22 67 58 1 0 54 79 1 16 51 57 1 35 53 72 1 28 24 46 1 10 32 50 1 46 38 58 1 13 46 42 1 34 22 84 1 0 25 82 1 3 75 67 1 0 12 91 1 0 0 0 0 0 43 77 1 18 83 87 1 0 75 94 1 0 39 70 1 11 69 95 1 0 0 0 0 9 26 104 1 0 0 0 0 31 60 86 1 31 59 139 1 64 23 61 1 47 32 75 1 9 60 109 1 45 42 79 1 39 44 118 1 41 55 92 1 5 21 120 1 6 48 102 1 34 72 101 1 14 43 97 1 12 55 83 1 26 64 82 1 0 89 91 1 0 0 0 0 15 58 81 1 82 60 94 1 30 40 94 1 22 72 64 1 34 41 109 1 59 75 119 1 28 73 94 1 39 49 120 1 15 61 79 1 41 66 136 1 49 72 121 1 19 42 91 1 0 39 105 1 23 52 49 1 13 52 102 1 2 95 89 1 22 35 72 1 14 61 88 1 0 24 116 1
0 0 0 0 0 52 67 1 0 0 0 0 0 51 65 1 0 0 0 0 0 48 66 1 20 69 58 1 0 45 50 1 0 66 61 1 0 24 94 1 16 64 62 1 14 37 77 1 4 49 69 1 0 0 0 0 34 20 49 1 34 39 50 1 34 22 77 1 15 34 96 1 0 45 97 1 0 65 65 1 4 28 113 1 22 77 101 1 0 16 77 1 20 72 133 1 3 73 97 1 41 38 91 1 26 78 54 1 32 82 79 1 0 96 122 1 0 0 0 0 41 63 114 1 61 30 122 1 0 0 0 0 12 36 125 1 0 49 96 1 16 48 94 1 2 54 73 1 15 42 39 1 0 60 102 1 26 48 138 1 64 78 78 1 0 56 115 1 22 32 65 1 56 52 110 1 0 68 81 1 22 56 49 1 18 81 90 1 47 72 99 1 33 71 108 1 40 59 105 1 53 80 94 1 10 94 133 1 43 63 141 1 0 0 0 0 0 0 0 0 9 71 160 1 0 70 90 1 28 73 84 1 22 77 105 1 0 0 0 0 2 73 114 1 23 39 126 1 13 45 76 1 22 26 70 1 7 58 96 1
8 5 92 1 68 46 100 1 20 22 69 1 0 0 0 0 0 29 77 1 9 6 75 1 0 0 0 0 23 23 87 1 0 42 82 1 0 40 80 1 0 0 0 0 9 53 88 1 0 38 89 1 34 15 63 1 44 24 100 1 0 50 53 1 0 0 0 0 48 3 115 1 12 38 76 1 37 17 138 1 0 53 66 1 35 61 72 1 42 40 81 1 0 0 0 0 34 50 77 1 29 65 75 1 55 38 91 1 0 0 0 0 45 83 111 1 0 21 76 1 0 65 111 1 42 60 92 1 46 64 110 1 0 51 118 1 37 25 118 1 43 85 123 1 55 26 87 1 40 50 96 1 0 62 100 1 8 78 123 1 19 67 93 1 24 31 106 1 0 0 0 0 0 80 108 1 27 83 102 1 3 41 94 1 31 76 108 1 54 64 124 1 33 49 107 1 18 75 97 1 0 0 0 0 21 79 123 1 51 82 107 1 52 42 124 1 15 61 120 1 37 73 93 1 0 0 0 0 0 42 82 1 36 66 108 1 0 7 63 1 0 59 114 1 37 26 142 1 43 29 55 1 0 21 74 1 25 7 75 1
0 22 88 1 56 40 79 1 0 0 0 0 15 4 70 1 3 66 74 1 24 32 55 1 28 79 92 1 47 35 49 1 0 32 53 1 0 47 45 1 0 31 77 1 16 29 101 1 0 42 89 1 0 63 75 1 30 18 121 1 47 30 60 1 20 26 108 1 16 42 45 1 41 60 98 1 4 24 97 1 8 48 88 1 15 71 97 1 0 66 91 1 8 96 77 1 34 33 85 1 33 77 110 1 0 69 100 1 14 38 127 1 24 49 100 1 18 59 127 1 25 72 131 1 16 72 111 1 0 0 0 0 27 54 117 1 35 51 95 1 9 78 116 1 24 18 85 1 44 74 83 1 26 64 107 1 21 82 97 1 27 111 116 1 0 0 0 0 48 65 103 1 22 107 99 1 24 69 92 1 5 60 121 1 21 81 152 1 14 77 123 1 41 109 103 1 29 24 159 1 20 72 93 1 14 53 148 1 20 86 114 1 0 0 0 0 15 74 157 1 4 80 127 1 30 54 109 1 75 56 60 1 32 27 72 1 15 27 99 1 4 58 70 1 23 0 56 1 0 0 0 0 32 60 30 1 27 67 72 1
21 3 44 1 0 68 76 1 30 50 65 1 0 0 0 0 18 33 93 1 0 34 69 1 16 72 97 1 0 22 36 1 28 51 78 1 0 16 103 1 0 57 43 1 24 65 51 1 0 48 99 1 0 4 87 1 53 118 88 1 23 68 90 1 2 64 92 1 27 39 123 1 38 75 85 1 39 71 122 1 58 58 111 1 35 61 120 1 43 79 120 1 0 0 0 0 11 48 80 1 16 62 82 1 7 89 73 1 21 54 98 1 0 35 101 1 24 20 107 1 19 83 119 1 28 42 116 1 48 63 100 1 39 34 88 1 35 42 84 1 15 63 111 1 25 53 149 1 5 116 97 1 0 45 99 1 4 65 109 1 32 69 56 1 11 52 81 1 0 0 0 0 27 73 97 1 24 28 149 1 43 90 107 1 45 98 142 1 42 61 131 1 22 90 134 1 47 63 134 1 52 59 108 1 9 4 132 1 0 0 0 0 34 56 135 1 0 0 0 0 27 26 111 1 22 48 76 1 0 58 113 1 40 46 95 1 24 56 101 1 0 0 0 0 3 7 73 1 0 55 92 1 42 63 49 1 0 33 64 1
0 10 55 1 23 28 46 1 0 0 55 1 0 52 93 1 26 75 41 1 0 0 0 0 7 53 72 1 1 64 91 1 45 59 69 1 6 46 77 1 0 0 0 0 35 47 86 1 20 88 94 1 0 21 94 1 26 43 130 1 20 52 92 1 0 0 0 0 26 36 102 1 22 62 114 1 16 56 93 1 0 0 0 0 4 71 123 1 15 55 131 1 60 100 107 1 59 57 83 1 23 57 125 1 34 60 112 1 30 102 58 1 19 63 114 1 24 53 116 1 3 81 120 1 0 0 0 0 0 0 0 0 16 37 110 1 25 34 94 1 4 71 69 1 25 88 138 1 0 70 100 1 39 40 135 1 9 36 131 1 14 66 100 1 37 73 126 1 15 52 70 1 33 83 88 1 59 55 123 1 32 79 154 1 57 74 114 1 25 67 112 1 69 107 116 1 33 72 176 1 0 120 159 1 54 42 142 1 0 0 0 0 0 0 0 0 5 90 81 1 5 34 119 1 0 0 0 0 11 18 103 1 7 18 112 1 23 40 81 1 33 72 78 1 0 35 76 1 0 0 0 0 0 42 86 1 0 23 47 1
0 0 0 0 45 6 48 1 41 39 63 1 25 2 105 1 9 53 58 1 15 33 95 1 3 75 82 1 0 0 0 0 33 20 87 1 0 46 114 1 0 37 77 1 36 67 108 1 0 40 113 1 40 71 107 1 11 54 105 1 46 64 106 1 0 48 126 1 31 62 111 1 25 52 173 1 0 51 111 1 65 81 111 1 18 45 152 1 35 51 138 1 11 36 110 1 57 68 77 1 35 90 99 1 32 45 125 1 5 105 113 1 0 0 0 0 0 60 103 1 0 51 102 1 33 77 135 1 33 77 128 1 17 45 95 1 21 73 101 1 12 79 134 1 30 74 93 1 13 85 118 1 15 68 112 1 29 68 115 1 35 77 159 1 26 51 131 1 6 52 113 1 37 61 101 1 0 94 143 1 56 59 145 1 48 79 132 1 63 32 151 1 0 0 0 0 47 74 112 1 21 38 128 1 21 84 108 1 29 79 131 1 21 77 95 1 23 57 121 1 39 56 125 1 18 5 118 1 0 0 0 0 43 69 75 1 15 39 89 1 0 63 58 1 56 59 77 1 38 34 94 1 0 0 0 0 13 55 44 1
8 26 53 1 29 33 67 1 4 62 79 1 0 0 0 0 0 49 74 1 26 72 54 1 0 13 63 1 0 0 0 0 32 69 107 1 28 70 62 1 1 26 94 1 0 0 0 0 17 56 103 1 8 55 96 1 37 64 121 1 0 74 115 1 25 90 125 1 17 73 112 1 8 57 147 1 57 51 122 1 13 83 93 1 0 67 117 1 47 63 134 1 38 75 98 1 21 61 133 1 41 49 120 1 3 93 97 1 0 53 110 1 6 50 114 1 31 65 101 1 26 75 90 1 23 90 102 1 0 0 0 0 53 61 107 1 42 48 141 1 0 96 137 1 45 84 140 1 31 94 114 1 28 71 122 1 26 93 130 1 41 72 92 1 20 54 147 1 23 46 92 1 32 63 106 1 39 67 151 1 0 97 113 1 32 78 88 1 34 68 106 1 32 106 140 1 48 43 133 1 25 80 133 1 39 47 110 1 35 48 81 1 26 51 119 1 37 63 122 1 1 85 90 1 0 0 0 0 50 53 93 1 6 27 76 1 16 39 126 1 0 61 90 1 0 0 0 0 0 57 66 1 46 0 16 1 33 8 70 1
75 22 30 1 55 43 65 1 0 33 39 1 33 41 82 1 0 59 67 1 2 48 123 1 48 56 82 1 0 49 62 1 0 85 93 1 0 0 0 0 9 97 110 1 8 48 143 1 0 85 108 1 19 80 121 1 22 85 111 1 15 57 126 1 2 73 154 1 38 105 134 1 23 77 114 1 28 74 107 1 13 71 151 1 18 75 92 1 50 60 127 1 17 55 116 1 44 56 170 1 28 99 122 1 6 61 148 1 8 90 95 1 9 57 148 1 30 87 124 1 53 100 126 1 0 0 0 0 73 92 138 1 25 78 135 1 0 0 0 0 45 82 94 1 57 68 136 1 57 85 120 1 52 51 158 1 22 88 142 1 0 0 0 0 42 67 102 1 39 69 119 1 30 40 113 1 29 87 120 1 26 53 130 1 22 62 105 1 21 97 98 1 39 50 101 1 49 78 93 1 0 21 124 1 0 59 88 1 6 46 113 1 0 0 0 0 0 84 131 1 0 0 0 0 0 44 90 1 4 50 63 1 10 35 63 1 1 34 96 1 31 42 63 1 4 32 69 1 0 0 0 0 0 52 76 1 10 53 73 1
36 33 95 1 14 76 123 1 45 46 85 1 49 64 120 1 5 13 87 1 1 50 103 1 29 41 110 1 13 79 38 1 0 92 82 1 37 83 69 1 24 53 105 1 0 0 0 0 32 57 98 1 51 81 113 1 23 60 144 1 60 83 161 1 33 103 114 1 21 87 100 1 16 56 152 1 7 25 136 1 27 61 138 1 47 95 121 1 58 75 145 1 0 0 0 0 52 23 104 1 58 105 98 1 0 0 0 0 12 87 140 1 61 61 111 1 2 95 136 1 20 100 118 1 0 0 0 0 55 101 119 1 0 0 0 0 0 0 0 0 58 86 139 1 69 70 123 1 0 0 0 0 33 64 115 1 12 67 90 1 0 0 0 0 71 45 104 1 41 34 122 1 46 37 69 1 11 22 97 1 36 47 88 1 32 59 114 1 45 43 131 1 0 37 103 1 14 29 98 1 0 0 0 0 13 19 101 1 0 42 44 1 32 59 93 1 10 12 114 1 5 17 106 1 5 38 65 1 0 29 73 1 42 25 54 1 0 32 76 1 7 45 69 1 0 55 94 1 0 37 84 1 12 66 40 1 0 19 68 1
40 28 89 1 23 64 105 1 0 43 98 1 5 59 118 1 28 28 85 1 0 0 0 0 16 91 138 1 0 62 73 1 31 72 96 1 36 115 117 1 23 36 132 1 21 55 159 1 0 0 0 0 21 79 111 1 0 0 0 0 8 84 133 1 31 65 130 1 57 111 149 1 44 73 147 1 0 0 0 0 34 44 147 1 25 89 137 1 36 64 128 1 31 85 148 1 24 92 154 1 44 100 121 1 0 0 0 0 11 94 176 1 49 69 159 1 0 68 155 1 23 104 124 1 22 86 162 1 12 105 105 1 20 92 139 1 22 79 142 1 74 52 107 1 0 77 127 1 0 43 83 1 18 117 98 1 0 0 0 0 19 91 98 1 38 53 104 1 17 56 117 1 0 0 0 0 41 64 84 1 49 34 82 1 18 40 82 1 0 9 80 1 57 30 50 1 50 31 103 1 26 39 98 1 66 24 72 1 0 0 0 0 61 49 68 1 6 18 88 1 32 64 67 1 16 51 27 1 4 23 80 1 0 0 0 0 48 18 47 1 5 21 61 1 0 16 91 1 0 6 75 1 0 32 75 1 7 32 111 1
12 57 76 1 30 48 112 1 0 0 0 0 0 108 94 1 0 0 0 0 36 76 104 1 49 89 94 1 0 57 135 1 19 57 117 1 0 106 130 1 0 93 123 1 2 88 127 1 29 114 158 1 0 123 124 1 6 91 163 1 21 72 138 1 16 82 171 1 10 94 135 1 73 76 151 1 36 71 121 1 55 72 141 1 54 105 164 1 25 118 133 1 19 88 166 1 39 65 149 1 41 57 149 1 68 76 95 1 4 98 132 1 13 63 116 1 26 94 110 1 30 86 114 1 3 112 97 1 57 74 102 1 34 63 120 1 17 52 121 1 33 71 90 1 28 46 96 1 5 85 83 1 0 82 85 1 9 42 132 1 32 15 111 1 47 50 83 1 30 49 96 1 9 42 136 1 0 84 101 1 0 0 0 0 4 89 61 1 0 0 0 0 41 54 128 1 27 0 56 1 4 40 118 1 42 23 100 1 0 30 88 1 7 24 90 1 13 49 72 1 32 57 103 1 2 55 79 1 0 47 66 1 0 78 39 1 0 47 54 1 41 27 84 1 51 21 89 1 0 0 0 0 0 17 71 1 7 73 55 1
41 53 85 1 44 83 131 1 0 56 129 1 49 68 110 1 18 88 114 1 33 73 101 1 17 85 84 1 30 105 112 1 0 0 0 0 34 89 120 1 4 78 143 1 53 72 162 1 40 61 165 1 0 106 203 1 8 113 170 1 0 0 0 0 31 110 171 1 13 70 174 1 31 90 120 1 38 68 126 1 64 78 149 1 27 46 141 1 43 90 134 1 48 98 148 1 0 93 155 1 34 93 114 1 24 80 103 1 17 88 100 1 1 102 139 1 41 61 117 1 19 99 102 1 28 90 168 1 0 73 86 1 6 26 96 1 1 67 126 1 12 45 117 1 53 42 76 1 0 30 101 1 41 44 120 1 0 27 73 1 0 0 0 0 36 48 74 1 6 32 121 1 35 51 65 1 0 53 112 1 27 59 85 1 0 0 0 0 49 47 92 1 10 43 60 1 0 61 91 1 0 0 0 0 2 37 74 1 38 35 69 1 11 49 85 1 0 6 98 1 0 11 72 1 0 0 0 0 0 37 76 1 0 13 77 1 0 49 72 1 0 58 90 1 42 33 84 1 11 63 96 1 0 64 67 1 14 26 89 1
31 57 119 1 34 53 114 1 21 81 126 1 0 0 0 0 9 47 128 1 28 87 152 1 13 68 117 1 27 77 120 1 53 108 155 1 34 63 92 1 58 58 158 1 28 101 133 1 1 118 166 1 51 86 144 1 46 81 162 1 39 102 170 1 29 70 155 1 29 46 145 1 31 98 138 1 0 67 125 1 10 63 110 1 9 34 117 1 18 85 147 1 4 95 136 1 16 94 126 1 43 63 104 1 14 58 149 1 9 40 92 1 11 67 120 1 19 99 108 1 42 135 107 1 26 47 133 1 18 52 83 1 45 37 121 1 48 40 60 1 0 0 90 1 16 61 107 1 0 47 95 1 0 46 111 1 0 49 114 1 0 39 71 1 37 25 108 1 0 74 74 1 36 29 108 1 0 0 0 0 0 0 0 0 33 55 90 1 24 10 67 1 0 0 0 0 2 53 63 1 46 2 75 1 0 0 0 0 25 12 52 1 35 0 58 1 0 0 0 0 0 57 69 1 1 0 42 1 25 15 72 1 0 18 78 1 0 0 47 1 23 18 92 1 0 0 0 0 0 0 41 1 19 25 71 1 30 26 0 1
37 99 132 1 15 70 125 1 0 56 153 1 53 58 87 1 23 84 138 1 43 87 124 1 84 98 155 1 39 81 123 1 23 75 109 1 50 87 88 1 67 102 141 1 0 0 0 0 36 104 203 1 36 111 168 1 25 91 182 1 26 109 177 1 30 69 122 1 0 0 0 0 50 68 146 1 36 69 172 1 50 65 129 1 64 96 81 1 23 58 131 1 14 100 119 1 57 54 132 1 19 56 91 1 11 63 116 1 1 75 87 1 19 19 56 1 28 75 55 1 27 89 91 1 39 64 104 1 44 78 85 1 0 34 95 1 22 22 83 1 39 27 79 1 0 2 41 1 2 45 74 1 12 50 86 1 25 21 79 1 0 0 0 0 0 57 84 1 0 43 79 1 8 37 60 1 14 74 71 1 35 40 60 1 10 38 55 1 6 74 74 1 0 36 118 1 26 39 72 1 33 13 102 1 12 61 79 1 1 55 47 1 0 46 66 1 17 19 89 1 4 57 82 1 41 63 64 1 8 0 61 1 7 37 43 1 21 53 93 1 0 0 0 0 13 27 86 1 2 33 55 1 0 27 85 1 0 0 0 0
31 86 119 1 25 117 131 1 18 99 116 1 29 109 153 1 26 105 124 1 39 134 134 1 25 64 131 1 48 121 137 1 20 102 174 1 11 109 131 1 68 99 158 1 3 109 183 1 57 115 157 1 72 116 137 1 35 94 171 1 0 0 0 0 0 0 0 0 72 72 136 1 18 93 161 1 30 65 110 1 0 70 118 1 15 76 123 1 21 70 112 1 20 71 137 1 25 71 100 1 0 0 0 0 36 45 117 1 26 61 109 1 0 58 88 1 26 34 126 1 6 36 129 1 0 0 0 0 10 46 95 1 36 54 53 1 62 40 60 1 18 52 73 1 25 39 50 1 39 50 104 1 26 42 94 1 0 37 56 1 0 50 93 1 11 39 63 1 9 43 62 1 17 30 15 1 0 0 0 0 37 29 107 1 0 24 26 1 0 17 70 1 9 66 51 1 25 0 79 1 0 6 103 1 37 34 64 1 3 32 92 1 9 49 112 1 22 90 76 1 2 37 88 1 0 36 78 1 15 51 60 1 0 0 0 0 12 56 62 1 30 58 83 1 20 0 67 1 2 1 79 1 12 48 81 1 42 14 57 1
8 74 142 1 36 82 141 1 22 67 101 1 55 42 118 1 20 75 181 1 58 75 146 1 49 65 160 1 39 76 133 1 69 97 146 1 63 81 192 1 22 111 170 1 34 61 156 1 15 70 133 1 21 47 191 1 55 83 186 1 53 52 182 1 0 120 142 1 8 77 152 1 37 100 170 1 33 63 114 1 0 0 0 0 50 61 113 1 0 64 83 1 45 66 132 1 70 23 111 1 24 79 110 1 24 54 100 1 0 73 104 1 20 46 101 1 10 67 118 1 36 47 62 1 0 86 106 1 8 62 86 1 21 21 70 1 32 40 70 1 0 32 72 1 19 22 91 1 24 55 85 1 23 20 59 1 10 52 101 1 0 34 90 1 24 65 85 1 54 0 74 1 19 10 65 1 0 30 120 1 27 43 108 1 36 34 62 1 0 60 63 1 13 24 60 1 15 35 26 1 26 30 59 1 0 6 88 1 39 39 69 1 13 8 97 1 26 30 48 1 52 49 70 1 0 0 78 1 58 34 9 1 34 53 77 1 0 31 66 1 12 41 74 1 12 8 67 1 31 45 51 1 37 0 70 1 12 13 43 1
50 44 159 1 24 86 133 1 41 106 116 1 9 75 145 1 32 96 130 1 61 86 139 1 24 67 173 1 0 0 0 0 40 105 147 1 9 69 159 1 0 0 0 0 44 112 181 1 0 104 137 1 15 94 137 1 40 57 176 1 43 69 156 1 26 79 167 1 28 87 149 1 0 67 148 1 51 96 115 1 55 84 129 1 28 28 119 1 0 111 99 1 45 51 110 1 0 65 93 1 21 58 87 1 0 0 0 0 30 18 74 1 16 49 96 1 45 45 103 1 4 0 88 1 12 25 86 1 6 71 77 1 0 11 42 1 0 0 0 0 0 25 96 1 0 0 0 0 0 0 0 0 23 41 69 1 0 41 89 1 0 21 55 1 27 61 56 1 0 0 0 0 22 11 58 1 0 45 84 1 13 4 74 1 0 28 62 1 45 77 51 1 27 50 102 1 15 62 57 1 36 44 53 1 0 27 57 1 8 5 49 1 6 50 85 1 21 0 88 1 25 0 62 1 28 36 65 1 0 0 44 1 19 21 64 1 0 0 0 0 5 23 54 1 7 37 66 1 38 43 50 1 0 0 0 0 12 22 56 1
7 68 162 1 16 86 129 1 39 70 149 1 68 116 132 1 10 69 147 1 0 0 0 0 33 87 134 1 43 104 173 1 0 78 123 1 35 86 197 1 36 81 157 1 0 0 0 0 8 104 113 1 78 116 144 1 9 76 143 1 9 87 156 1 68 105 162 1 0 0 0 0 40 101 94 1 48 53 113 1 0 17 122 1 0 0 0 0 24 21 75 1 0 0 0 0 26 30 114 1 17 37 82 1 46 54 80 1 5 61 114 1 4 53 103 1 0 0 0 0 33 11 51 1 11 48 78 1 0 0 0 0 24 25 94 1 0 0 0 0 12 32 43 1 29 44 39 1 0 0 0 0 1 49 92 1 44 10 79 1 0 0 0 0 0 0 0 0 0 0 0 0 2 61 86 1 8 44 78 1 0 0 0 0 5 45 52 1 0 17 59 1 35 4 78 1 5 27 64 1 13 0 54 1 0 54 72 1 0 41 38 1 0 38 71 1 36 27 67 1 0 34 33 1 17 10 71 1 0 16 65 1 35 37 57 1 0 0 0 0 24 14 45 1 9 34 66 1 0 0 80 1 17 82 72 1 17 36 100 1
0 0 0 0 48 73 123 1 0 0 0 0 44 88 133 1 0 0 0 0 27 140 152 1 70 102 104 1 17 62 140 1 0 0 0 0 77 99 169 1 76 111 152 1 4 92 148 1 29 112 137 1 16 110 153 1 78 71 160 1 0 93 195 1 12 117 161 1 4 76 132 1 54 98 125 1 21 68 128 1 0 54 130 1 49 61 125 1 3 75 134 1 26 38 77 1 5 63 97 1 16 44 82 1 55 45 81 1 0 37 69 1 0 62 59 1 38 26 76 1 0 0 0 0 32 58 99 1 27 65 74 1 0 10 54 1 0 28 65 1 0 0 0 0 0 49 64 1 3 80 85 1 0 38 90 1 17 1 69 1 18 53 75 1 0 0 0 0 21 18 76 1 0 37 88 1 0 29 63 1 9 11 41 1 50 29 82 1 59 34 25 1 6 9 46 1 9 2 50 1 0 60 75 1 7 45 69 1 22 30 65 1 19 41 54 1 2 8 26 1 17 36 50 1 3 17 71 1 37 42 92 1 29 5 33 1 0 22 55 1 18 46 58 1 3 30 76 1 0 41 81 1 0 0 0 0 47 9 7 1
9 87 112 1 0 0 0 0 9 68 119 1 38 80 178 1 59 65 152 1 44 122 120 1 51 81 149 1 27 111 171 1 57 64 173 1 40 93 135 1 0 0 0 0 28 80 156 1 25 58 93 1 0 0 0 0 18 71 153 1 48 91 148 1 22 95 155 1 4 87 171 1 17 89 127 1 0 71 114 1 43 60 137 1 0 65 135 1 0 0 0 0 3 61 125 1 45 51 96 1 31 72 82 1 3 1 79 1 54 39 76 1 20 28 61 1 0 90 84 1 0 0 0 0 0 24 116 1 0 0 0 0 0 0 0 0 11 20 45 1 1 13 69 1 13 43 73 1 0 0 0 0 53 48 51 1 0 43 74 1 11 23 40 1 11 51 62 1 0 22 46 1 4 27 73 1 0 22 58 1 37 56 62 1 14 11 92 1 16 24 107 1 0 52 48 1 0 29 46 1 8 59 71 1 38 51 39 1 35 0 74 1 0 32 67 1 31 18 59 1 4 23 40 1 9 18 61 1 19 31 42 1 0 20 38 1 35 58 12 1 23 21 48 1 37 37 62 1 0 0 0 0 8 76 72 1 0 19 61 1
0 0 0 0 43 51 134 1 0 0 0 0 10 70 140 1 52 69 163 1 42 101 124 1 42 112 173 1 26 128 143 1 63 100 155 1 41 101 170 1 24 93 154 1 15 135 149 1 12 124 163 1 13 99 89 1 16 111 154 1 28 92 171 1 68 90 118 1 42 71 166 1 49 88 121 1 13 71 116 1 66 60 94 1 15 56 128 1 17 82 153 1 38 57 109 1 44 48 89 1 37 52 88 1 6 63 89 1 37 39 68 1 34 57 101 1 22 46 54 1 43 48 86 1 20 51 93 1 0 48 76 1 17 74 84 1 51 53 84 1 33 42 87 1 16 46 73 1 35 77 70 1 16 39 100 1 19 43 70 1 36 69 84 1 25 25 59 1 0 0 0 0 0 45 66 1 35 68 58 1 0 0 0 0 4 31 78 1 4 70 24 1 0 0 0 0 35 1 68 1 0 44 61 1 0 53 119 1 5 21 78 1 11 33 55 1 44 39 48 1 0 0 0 0 27 0 73 1 25 0 64 1 0 49 72 1 4 33 74 1 0 10 66 1 0 50 70 1 0 50 94 1 7 37 30 1 50 21 56 1
59 43 127 1 37 73 158 1 31 107 152 1 29 68 141 1 73 118 135 1 70 91 107 1 0 0 0 0 15 53 160 1 14 104 149 1 51 91 118 1 0 0 0 0 30 58 177 1 49 77 170 1 33 59 135 1 0 0 0 0 15 101 147 1 65 77 120 1 49 95 137 1 26 81 131 1 55 75 129 1 31 61 127 1 52 52 144 1 33 75 126 1 29 69 72 1 19 51 86 1 25 47 121 1 0 0 0 0 0 0 0 0 0 80 81 1 8 59 55 1 0 0 0 0 31 58 59 1 16 41 81 1 13 35 66 1 0 48 61 1 27 22 85 1 25 19 64 1 26 23 107 1 18 39 71 1 53 27 75 1 14 25 91 1 0 12 101 1 15 24 88 1 38 14 91 1 19 57 64 1 0 0 0 0 31 12 43 1 0 37 39 1 24 0 85 1 21 63 67 1 0 0 0 0 4 26 103 1 42 31 54 1 9 5 42 1 0 0 0 0 12 8 63 1 62 50 87 1 14 53 65 1 0 42 54 1 11 20 91 1 0 66 55 1 13 20 20 1 1 14 50 1 8 29 64 1 0 30 52 1
36 102 172 1 45 80 149 1 102 93 138 1 23 98 159 1 53 115 182 1 25 76 164 1 24 113 124 1 5 85 149 1 35 97 135 1 103 87 132 1 19 93 147 1 22 95 124 1 11 71 156 1 0 106 139 1 45 65 164 1 33 99 162 1 42 117 101 1 20 97 134 1 24 107 140 1 43 78 133 1 42 87 105 1 62 59 102 1 38 77 134 1 40 35 104 1 39 22 102 1 37 71 102 1 25 47 103 1 7 43 78 1 0 19 70 1 0 0 0 0 35 60 76 1 0 0 0 0 0 35 74 1 25 0 61 1 3 66 68 1 23 5 57 1 15 27 98 1 1 0 64 1 8 13 107 1 19 51 68 1 0 0 93 1 32 0 96 1 0 0 0 0 0 7 74 1 11 1 88 1 35 0 95 1 0 24 53 1 0 25 69 1 1 62 63 1 4 4 34 1 41 4 79 1 30 34 38 1 34 56 53 1 20 48 69 1 0 41 58 1 0 7 78 1 28 20 59 1 0 0 39 1 21 12 60 1 0 0 0 0 28 0 47 1 17 35 75 1 0 71 35 1 23 0 36 1 0 36 77 1
73 115 137 1 47 90 207 1 68 72 156 1 45 83 175 1 6 92 143 1 81 77 173 1 0 85 151 1 35 104 150 1 8 72 155 1 45 90 128 1 16 106 157 1 37 83 138 1 22 82 153 1 15 81 119 1 64 108 150 1 46 65 137 1 59 91 126 1 9 52 128 1 44 70 134 1 24 53 122 1 0 0 0 0 41 74 126 1 10 91 120 1 0 65 133 1 8 42 98 1 0 58 111 1 1 79 97 1 0 19 69 1 0 0 0 0 2 72 63 1 22 63 70 1 45 23 88 1 10 42 90 1 31 46 77 1 6 22 69 1 0 46 97 1 0 33 76 1 16 42 74 1 0 28 87 1 0 0 0 0 5 43 91 1 30 53 96 1 24 48 61 1 51 27 65 1 10 22 93 1 12 21 75 1 0 28 85 1 7 52 103 1 3 34 57 1 0 22 43 1 7 17 47 1 18 53 52 1 0 41 64 1 0 36 59 1 0 63 88 1 0 14 60 1 0 37 54 1 0 60 60 1 0 30 66 1 0 0 0 0 0 34 58 1 45 0 109 1 28 0 52 1 0 0 0 0 23 48 28 1
26 94 144 1 35 136 173 1 37 75 195 1 41 109 169 1 30 68 213 1 77 144 147 1 12 89 146 1 45 82 193 1 0 87 164 1 64 84 158 1 81 118 98 1 60 102 131 1 0 43 136 1 27 62 128 1 26 83 145 1 19 78 135 1 44 69 128 1 0 66 136 1 47 72 125 1 41 59 115 1 0 0 0 0 45 66 121 1 1 76 111 1 0 39 105 1 10 57 110 1 34 57 134 1 19 67 86 1 0 0 0 0 49 62 30 1 17 32 84 1 42 45 58 1 0 45 81 1 0 58 87 1 40 7 58 1 27 82 85 1 0 48 63 1 17 14 49 1 14 58 79 1 0 49 47 1 37 30 78 1 1 18 56 1 0 0 0 0 0 32 72 1 2 16 33 1 0 44 67 1 32 3 88 1 27 0 60 1 12 39 47 1 0 0 0 0 0 0 0 0 31 55 81 1 0 19 81 1 0 0 0 0 0 29 109 1 0 53 88 1 0 48 36 1 0 53 31 1 0 22 96 1 23 18 47 1 11 41 51 1 0 0 48 1 13 30 51 1 54 1 73 1 0 0 0 0 8 57 26 1
29 118 152 1 0 0 0 0 39 78 136 1 69 118 175 1 55 83 175 1 40 96 183 1 50 78 120 1 33 90 143 1 10 95 149 1 23 81 127 1 7 83 137 1 14 84 108 1 7 88 127 1 13 84 126 1 4 110 160 1 49 107 131 1 32 88 106 1 43 55 121 1 0 110 102 1 0 0 0 0 0 42 94 1 55 48 106 1 23 62 112 1 0 23 109 1 0 62 87 1 43 8 96 1 3 52 75 1 0 43 89 1 8 71 64 1 13 63 59 1 0 18 87 1 47 24 16 1 0 33 91 1 14 7 66 1 10 50 21 1 20 53 63 1 0 5 95 1 10 36 48 1 0 33 56 1 0 30 82 1 26 8 51 1 1 20 81 1 27 27 64 1 40 65 93 1 0 0 64 1 0 1 56 1 0 0 0 0 26 0 40 1 10 23 56 1 46 25 66 1 35 10 71 1 32 27 33 1 0 18 67 1 14 22 64 1 0 0 0 0 14 30 77 1 12 16 72 1 0 22 72 1 0 21 85 1 0 33 24 1 4 15 118 1 24 63 70 1 51 7 84 1 46 28 52 1 21 5 53 1
58 87 144 1 52 105 138 1 42 72 143 1 30 114 122 1 59 94 162 1 45 62 146 1 52 101 187 1 8 83 118 1 12 56 129 1 34 71 95 1 18 84 131 1 42 80 87 1 0 0 0 0 0 45 103 1 60 46 96 1 9 82 53 1 16 43 114 1 19 55 116 1 56 46 83 1 34 49 135 1 32 62 106 1 27 25 101 1 61 84 88 1 0 25 81 1 17 67 54 1 11 15 87 1 4 58 70 1 26 38 34 1 14 74 108 1 35 11 43 1 3 39 83 1 0 40 75 1 0 43 67 1 0 45 29 1 47 37 80 1 22 8 83 1 5 14 85 1 20 37 63 1 14 45 67 1 20 14 68 1 0 0 0 0 35 69 69 1 14 25 86 1 0 0 32 1 34 30 64 1 4 0 34 1 6 22 74 1 0 14 88 1 0 37 90 1 7 42 69 1 11 56 8 1 0 26 68 1 0 31 83 1 0 0 0 0 0 40 67 1 0 54 105 1 0 39 57 1 18 45 59 1 2 40 40 1 16 6 54 1 66 63 68 1 0 31 56 1 14 17 29 1 0 12 54 1 12 49 33 1
35 138 143 1 44 77 143 1 81 111 108 1 39 56 127 1 44 108 161 1 53 42 137 1 30 64 155 1 21 70 115 1 50 35 111 1 24 4 100 1 46 71 105 1 24 75 129 1 12 63 83 1 10 68 125 1 50 85 103 1 12 88 118 1 1 57 96 1 30 89 67 1 28 67 119 1 8 49 104 1 36 13 100 1 17 43 81 1 16 46 116 1 30 40 91 1 0 0 0 0 17 65 136 1 26 31 73 1 45 40 78 1 41 19 86 1 11 31 43 1 6 51 18 1 0 18 76 1 31 56 54 1 2 29 107 1 0 64 74 1 0 63 68 1 1 44 81 1 0 0 0 0 41 22 78 1 22 9 84 1 0 17 46 1 18 47 62 1 0 19 54 1 14 33 38 1 0 30 13 1 5 84 75 1 14 57 63 1 10 32 64 1 28 48 60 1 12 23 26 1 10 23 47 1 22 54 70 1 0 0 3 1 27 39 72 1 0 20 19 1 0 53 53 1 0 24 65 1 0 0 0 0 19 45 52 1 5 28 90 1 4 27 34 1 0 0 0 0 0 0 0 0 14 56 57 1 0 24 41 1
47 72 142 1 58 75 174 1 61 133 162 1 27 109 162 1 45 133 122 1 37 90 174 1 14 115 113 1 0 62 137 1 0 68 110 1 40 83 117 1 3 25 107 1 44 55 78 1 12 43 126 1 32 55 113 1 16 54 88 1 0 32 137 1 13 71 113 1 32 38 97 1 0 69 95 1 0 0 0 0 7 30 89 1 30 50 95 1 0 71 99 1 29 55 100 1 0 0 0 0 9 27 102 1 33 16 48 1 34 65 48 1 47 9 74 1 0 0 0 0 2 56 64 1 0 69 89 1 10 0 82 1 0 7 53 1 18 4 97 1 27 39 129 1 13 52 64 1 8 31 75 1 0 21 51 1 0 0 0 0 30 40 66 1 0 19 28 1 0 56 40 1 14 48 76 1 13 61 57 1 8 24 24 1 10 32 52 1 31 61 85 1 0 9 45 1 28 0 58 1 16 29 67 1 8 34 85 1 0 0 0 0 0 0 37 1 6 56 35 1 26 10 81 1 24 24 56 1 65 50 53 1 0 14 51 1 0 51 60 1 9 4 78 1 22 27 54 1 31 37 49 1 10 37 81 1 22 19 51 1
8 70 165 1 11 83 128 1 2 82 130 1 17 68 128 1 59 83 118 1 17 63 86 1 14 86 116 1 9 60 102 1 35 23 130 1 8 50 85 1 0 43 89 1 10 89 89 1 0 0 0 0 32 55 93 1 0 0 0 0 31 61 107 1 0 16 59 1 0 0 0 0 0 47 119 1 0 43 48 1 22 36 90 1 10 9 54 1 28 57 78 1 16 32 124 1 21 18 21 1 13 58 87 1 8 68 105 1 14 12 93 1 3 35 93 1 34 24 81 1 0 49 71 1 0 35 79 1 41 26 69 1 0 0 0 0 0 49 92 1 0 0 0 0 0 0 46 1 6 51 54 1 0 0 0 0 11 37 93 1 1 34 60 1 14 54 68 1 0 0 54 1 13 32 72 1 11 9 90 1 11 38 73 1 1 45 38 1 39 18 56 1 16 26 49 1 4 38 47 1 6 24 56 1 15 26 36 1 3 46 111 1 15 41 22 1 2 8 59 1 0 27 49 1 12 11 62 1 20 50 60 1 36 14 45 1 4 18 52 1 3 29 68 1 13 10 59 1 0 10 79 1 21 42 83 1 29 5 24 1
59 85 138 1 66 58 131 1 11 60 127 1 58 69 142 1 31 110 113 1 50 31 146 1 0 0 0 0 15 17 80 1 10 72 111 1 0 0 0 0 20 71 127 1 17 73 93 1 24 44 80 1 0 0 0 0 27 35 83 1 29 26 85 1 43 49 64 1 23 48 108 1 58 7 74 1 21 10 88 1 0 0 0 0 26 46 48 1 10 37 76 1 5 54 70 1 0 33 118 1 21 60 63 1 21 26 103 1 0 0 0 0 0 61 81 1 67 28 69 1 0 37 89 1 10 65 100 1 29 29 91 1 60 0 29 1 40 17 87 1 22 50 70 1 0 0 0 0 38 45 42 1 0 0 0 0 33 26 50 1 15 16 43 1 19 52 85 1 31 0 65 1 0 5 65 1 0 14 90 1 0 37 35 1 0 31 52 1 26 53 69 1 12 19 33 1 21 56 59 1 20 0 60 1 25 25 117 1 26 3 64 1 11 39 97 1 0 9 81 1 29 13 39 1 0 0 0 0 16 30 109 1 0 45 43 1 12 28 80 1 22 47 88 1 12 21 40 1 0 35 72 1 35 25 76 1 0 33 64 1
65 75 132 1 0 77 122 1 10 45 163 1 19 83 115 1 50 77 124 1 13 98 122 1 0 59 83 1 42 89 111 1 10 51 92 1 0 60 68 1 20 49 85 1 11 85 138 1 16 39 80 1 25 82 52 1 9 80 52 1 5 26 87 1 0 66 79 1 10 65 110 1 30 31 72 1 0 27 95 1 15 54 85 1 0 0 0 0 11 45 71 1 31 28 66 1 33 32 68 1 32 29 31 1 0 5 114 1 0 0 0 0 0 15 125 1 47 2 48 1 46 56 71 1 0 21 74 1 10 32 94 1 0 0 0 0 3 51 79 1 37 36 95 1 30 46 74 1 12 18 93 1 32 24 72 1 0 0 0 0 0 4 51 1 0 42 62 1 5 18 85 1 12 48 73 1 22 11 40 1 8 16 42 1 26 35 51 1 30 65 99 1 8 0 72 1 16 41 65 1 2 55 96 1 0 0 0 0 0 46 53 1 0 18 58 1 25 8 54 1 37 82 73 1 0 40 35 1 0 0 0 0 26 25 67 1 0 47 81 1 13 74 43 1 0 57 46 1 0 78 82 1 0 30 47 1 9 23 53 1
32 69 127 1 0 0 0 0 53 84 90 1 31 52 140 1 56 77 123 1 4 55 133 1 9 99 97 1 0 66 118 1 15 71 93 1 42 42 92 1 19 35 119 1 15 86 109 1 15 33 110 1 1 19 86 1 47 38 46 1 0 30 86 1 0 32 87 1 38 65 116 1 0 0 0 0 56 64 72 1 0 11 56 1 0 54 20 1 10 53 104 1 14 66 57 1 43 15 42 1 41 56 59 1 0 26 75 1 13 36 52 1 0 6 17 1 0 67 15 1 2 0 18 1 0 10 47 1 0 20 60 1 0 21 57 1 25 21 44 1 16 17 63 1 3 45 51 1 20 49 53 1 42 10 43 1 13 43 36 1 25 20 62 1 0 0 68 1 35 28 64 1 0 5 76 1 0 44 59 1 3 55 56 1 21 43 64 1 10 30 82 1 0 17 49 1 0 42 36 1 9 20 58 1 9 39 77 1 15 24 68 1 14 3 89 1 0 58 59 1 0 21 62 1 13 8 65 1 7 36 27 1 0 9 99 1 10 4 58 1 24 50 99 1 0 0 0 0 0 0 0 0 14 15 63 1 11 16 56 1
48 87 122 1 49 50 113 1 20 87 81 1 1 58 105 1 0 0 0 0 0 0 0 0 21 46 116 1 17 23 98 1 4 63 123 1 12 49 90 1 19 62 72 1 36 0 97 1 12 53 114 1 21 43 72 1 0 15 94 1 2 64 85 1 7 29 126 1 0 45 76 1 0 0 0 0 17 51 85 1 0 62 86 1 27 62 71 1 0 0 66 1 0 0 0 0 0 0 0 0 6 31 75 1 0 73 78 1 4 22 24 1 0 0 0 0 0 30 66 1 0 9 81 1 0 0 0 0 8 15 78 1 15 25 38 1 25 55 59 1 0 16 60 1 0 0 77 1 0 60 40 1 26 35 95 1 0 33 59 1 14 54 52 1 12 37 73 1 3 45 83 1 18 0 18 1 0 25 34 1 2 50 54 1 8 80 60 1 19 66 117 1 32 31 60 1 50 25 74 1 5 38 59 1 16 43 41 1 12 17 63 1 0 0 0 0 6 0 37 1 49 18 88 1 3 0 54 1 0 13 72 1 18 49 85 1 0 23 59 1 14 71 18 1 0 17 41 1 2 31 105 1 23 34 66 1 0 11 42 1
0 81 122 1 24 88 122 1 0 60 106 1 0 68 145 1 0 10 109 1 35 40 102 1 30 99 109 1 3 75 101 1 0 53 81 1 12 66 102 1 0 0 0 0 0 7 82 1 32 60 97 1 72 59 108 1 5 36 87 1 0 0 0 0 0 61 65 1 0 64 64 1 20 38 80 1 0 29 101 1 17 47 46 1 16 20 62 1 0 44 76 1 43 57 73 1 14 2 82 1 27 3 82 1 48 32 57 1 21 18 50 1 26 28 41 1 0 0 0 0 0 18 102 1 9 52 41 1 0 0 0 0 0 4 55 1 0 0 0 0 13 25 58 1 0 37 72 1 0 33 54 1 45 56 115 1 43 53 67 1 20 30 42 1 0 0 0 0 27 53 77 1 0 0 70 1 30 25 51 1 22 67 43 1 15 15 82 1 1 47 60 1 4 29 47 1 14 0 72 1 13 86 83 1 11 27 61 1 0 0 0 0 0 9 54 1 41 56 55 1 14 67 30 1 0 28 94 1 21 12 42 1 0 23 72 1 31 48 80 1 0 6 96 1 30 40 69 1 0 0 0 0 50 19 37 1 0 0 0 0
12 72 106 1 56 68 126 1 6 75 120 1 30 36 111 1 0 0 0 0 48 51 153 1 12 89 88 1 34 24 101 1 45 39 64 1 42 47 98 1 16 79 73 1 10 63 95 1 0 52 102 1 0 47 76 1 20 53 64 1 10 49 93 1 0 0 0 0 0 22 78 1 37 54 101 1 0 56 1 1 41 27 69 1 16 0 59 1 11 64 61 1 0 20 73 1 0 38 50 1 15 15 27 1 10 0 61 1 14 45 79 1 12 100 73 1 0 36 70 1 0 32 62 1 16 36 59 1 4 27 54 1 3 11 68 1 49 48 72 1 0 11 49 1 0 0 0 0 0 27 78 1 26 88 48 1 2 32 63 1 0 0 0 0 14 31 50 1 0 13 90 1 26 40 52 1 12 36 42 1 0 0 0 0 42 13 89 1 0 19 108 1 0 28 59 1 6 31 87 1 0 26 48 1 0 0 65 1 8 8 51 1 45 35 105 1 6 21 55 1 0 10 48 1 1 33 69 1 2 17 69 1 0 28 40 1 5 44 88 1 25 9 69 1 51 33 74 1 0 44 104 1 0 25 82 1 0 60 55 1
23 81 106 1 2 50 77 1 21 45 72 1 0 0 99 1 55 68 75 1 0 0 0 0 46 76 103 1 32 57 120 1 13 0 82 1 11 47 111 1 0 44 94 1 57 46 70 1 58 50 82 1 32 13 94 1 29 27 103 1 14 42 72 1 9 23 58 1 45 7 88 1 9 43 102 1 0 18 59 1 0 15 69 1 0 39 62 1 0 26 77 1 34 33 100 1 9 7 66 1 0 42 90 1 45 30 59 1 22 19 59 1 0 42 62 1 16 55 52 1 0 0 0 0 3 5 4 1 32 42 58 1 16 55 46 1 0 26 69 1 0 35 58 1 4 39 50 1 0 4 55 1 0 58 84 1 19 52 113 1 0 0 0 0 0 0 0 0 0 50 48 1 0 0 0 0 31 42 82 1 23 34 84 1 10 40 118 1 32 10 93 1 12 16 63 1 0 43 64 1 19 69 120 1 0 0 0 0 9 73 63 1 0 63 42 1 0 32 59 1 10 23 76 1 15 13 37 1 10 5 53 1 0 0 63 1 0 60 77 1 0 14 73 1 0 0 69 1 0 44 61 1 3 8 69 1 23 44 66 1
27 65 148 1 0 0 0 0 9 38 125 1 1 26 99 1 7 74 81 1 50 44 54 1 0 90 88 1 0 0 0 0 61 41 90 1 24 53 74 1 38 73 78 1 123 153 222 1 16 50 77 1 29 26 105 1 14 34 110 1 27 45 96 1 0 46 73 1 0 64 75 1 36 41 53 1 0 39 112 1 0 61 57 1 16 47 91 1 0 38 35 1 51 75 89 1 46 31 72 1 18 55 67 1 42 35 78 1 16 0 72 1 15 17 93 1 30 19 48 1 35 22 92 1 0 15 77 1 25 13 71 1 0 0 0 0 39 15 96 1 23 40 56 1 0 63 56 1 26 53 34 1 0 0 77 1 9 18 85 1 36 17 89 1 0 43 107 1 0 35 46 1 33 3 28 1 27 9 64 1 5 40 73 1 0 10 53 1 30 28 46 1 0 16 50 1 0 0 0 0 11 65 61 1 0 47 74 1 18 23 48 1 14 57 71 1 27 64 26 1 0 44 62 1 11 43 86 1 32 0 29 1 0 0 0 0 32 58 44 1 0 0 0 0 25 0 103 1 1 70 138 1 2 17 61 1 22 29 80 1
23 78 103 1 14 75 132 1 21 64 116 1 25 75 63 1 32 81 75 1 12 33 61 1 19 40 78 1 41 58 91 1 31 5 84 1 15 47 87 1 12 42 99 1 45 83 138 1 0 0 0 0 0 19 48 1 0 30 81 1 0 30 79 1 7 54 49 1 32 0 81 1 0 0 0 0 6 17 57 1 0 40 84 1 5 78 83 1 33 40 68 1 26 36 65 1 26 26 94 1 0 0 0 0 33 58 98 1 14 5 81 1 18 55 91 1 25 92 100 1 8 52 70 1 27 60 136 1 15 53 28 1 0 39 39 1 0 22 101 1 0 26 56 1 6 46 61 1 1 52 51 1 20 18 90 1 11 20 69 1 19 82 64 1 0 0 0 0 0 26 100 1 13 51 19 1 0 62 96 1 24 4 40 1 0 0 0 0 0 15 77 1 0 21 73 1 15 40 57 1 22 43 90 1 26 4 43 1 7 40 29 1 28 97 76 1 0 40 37 1 11 53 67 1 8 23 90 1 0 40 26 1 25 39 73 1 15 50 60 1 0 57 65 1 0 29 80 1 9 15 58 1 13 30 53 1 0 0 0 0
57 42 121 1 24 49 68 1 31 46 90 1 34 67 85 1 1 44 94 1 0 42 110 1 0 55 86 1 35 65 95 1 10 57 87 1 4 55 93 1 9 72 105 1 11 28 100 1 15 72 71 1 28 24 106 1 0 35 32 1 0 57 127 1 0 32 80 1 5 25 78 1 0 0 0 0 0 57 47 1 6 36 58 1 16 34 78 1 59 29 68 1 66 14 78 1 0 8 78 1 0 35 92 1 27 22 55 1 7 31 58 1 15 2 74 1 36 47 39 1 15 44 73 1 0 0 0 0 38 30 67 1 24 59 66 1 19 28 100 1 47 46 54 1 2 38 49 1 2 60 70 1 20 32 47 1 0 0 0 0 0 41 83 1 0 0 0 0 6 71 74 1 0 38 53 1 48 5 56 1 0 58 91 1 8 0 22 1 0 8 32 1 28 33 70 1 0 48 96 1 4 20 108 1 50 41 39 1 10 27 48 1 32 32 92 1 8 15 38 1 26 40 77 1 22 29 91 1 45 25 80 1 12 26 73 1 0 10 75 1 0 40 121 1 5 67 66 1 0 0 0 0 0 34 109 1 1 49 103 1
53 69 90 1 20 41 90 1 26 46 91 1 0 0 0 0 17 57 87 1 0 43 85 1 4 44 106 1 0 43 84 1 53 79 65 1 26 47 100 1 8 66 108 1 29 75 128 1 9 41 49 1 30 64 86 1 8 54 95 1 4 56 100 1 46 57 60 1 15 6 79 1 0 0 56 1 0 31 79 1 7 60 89 1 0 43 76 1 0 78 32 1 0 36 16 1 6 32 57 1 6 35 79 1 6 27 75 1 15 40 69 1 0 10 46 1 0 23 40 1 9 28 47 1 0 50 66 1 0 31 82 1 24 35 78 1 22 13 96 1 0 0 0 0 17 27 58 1 13 32 69 1 13 44 42 1 24 38 48 1 0 0 0 0 0 40 61 1 1 12 47 1 28 91 49 1 8 31 53 1 16 74 78 1 0 0 0 0 9 8 68 1 0 2 87 1 23 31 92 1 10 0 40 1 5 65 50 1 0 51 29 1 9 33 34 1 12 41 125 1 36 0 95 1 41 55 93 1 0 0 0 0 60 45 93 1 0 58 61 1 4 13 100 1 11 39 83 1 0 71 85 1 10 28 122 1 7 54 45 1
66 60 100 1 23 85 113 1 67 74 110 1 22 51 122 1 20 52 101 1 24 60 63 1 54 53 60 1 34 34 131 1 15 69 135 1 19 32 76 1 0 12 54 1 30 73 83 1 8 35 65 1 36 43 75 1 7 34 78 1 16 51 81 1 35 5 71 1 0 58 65 1 0 48 108 1 21 10 76 1 28 14 63 1 0 0 0 0 0 0 0 0 0 66 68 1 4 17 59 1 0 64 70 1 14 31 83 1 41 61 71 1 45 46 52 1 0 0 0 0 0 30 83 1 2 52 76 1 22 35 11 1 15 14 74 1 0 10 72 1 17 0 18 1 0 18 41 1 4 30 42 1 17 15 60 1 0 31 35 1 25 5 89 1 0 14 108 1 6 38 67 1 0 0 0 0 14 0 81 1 5 29 98 1 12 30 58 1 9 24 82 1 14 30 29 1 0 63 60 1 3 47 63 1 31 35 80 1 37 45 79 1 0 29 101 1 0 53 63 1 21 25 93 1 44 33 91 1 0 35 75 1 0 25 109 1 7 21 74 1 5 76 61 1 9 57 107 1 17 31 78 1 4 52 129 1 0 32 91 1
45 55 89 1 46 59 117 1 0 23 81 1 9 50 140 1 0 73 87 1 9 61 76 1 36 73 92 1 14 79 63 1 30 44 99 1 2 42 81 1 24 39 144 1 0 39 64 1 42 82 105 1 0 0 0 0 36 65 120 1 10 85 69 1 23 68 102 1 26 11 95 1 0 74 75 1 12 64 81 1 7 49 66 1 0 51 57 1 0 64 83 1 55 22 81 1 15 1 43 1 3 15 45 1 29 42 47 1 65 21 100 1 52 31 103 1 0 21 55 1 0 0 0 0 25 51 61 1 32 21 64 1 0 46 67 1 20 58 48 1 16 11 62 1 22 18 107 1 47 62 58 1 0 0 0 0 0 23 88 1 0 11 98 1 30 9 100 1 23 54 77 1 41 18 102 1 0 58 67 1 27 10 91 1 10 67 107 1 0 11 93 1 0 31 51 1 39 25 105 1 21 12 89 1 0 41 86 1 15 51 77 1 0 23 60 1 0 0 0 0 39 35 106 1 15 74 68 1 11 57 76 1 22 53 71 1 0 47 81 1 25 60 111 1 44 57 108 1 11 42 100 1 3 66 130 1 26 31 94 1
47 67 113 1 0 42 134 1 11 74 91 1 4 58 141 1 34 117 76 1 27 31 102 1 10 61 105 1 3 48 107 1 8 63 102 1 19 70 124 1 14 102 140 1 0 0 0 0 53 72 121 1 38 47 107 1 12 44 69 1 8 62 129 1 33 61 81 1 35 51 92 1 49 29 95 1 0 54 113 1 0 26 91 1 14 48 76 1 0 34 55 1 3 31 61 1 12 37 45 1 9 74 77 1 0 18 64 1 20 27 44 1 24 38 44 1 15 25 50 1 0 11 57 1 4 74 97 1 27 12 61 1 17 34 57 1 0 32 80 1 23 0 70 1 0 14 107 1 11 42 131 1 0 12 63 1 0 0 0 0 32 63 104 1 0 0 0 0 44 40 108 1 0 59 87 1 0 0 0 0 0 0 0 0 25 17 93 1 28 37 109 1 0 44 69 1 0 22 55 1 0 3 72 1 31 81 91 1 0 0 0 0 0 74 74 1 0 0 0 0 0 21 87 1 5 56 92 1 25 26 117 1 12 43 120 1 22 80 102 1 24 49 119 1 23 108 112 1 12 54 126 1 38 75 142 1 13 89 72 1
51 71 95 1 0 0 0 0 0 0 0 0 62 55 71 1 0 79 116 1 17 85 106 1 30 32 98 1 41 25 104 1 40 31 110 1 33 67 85 1 16 45 89 1 36 55 123 1 0 44 92 1 15 60 99 1 4 51 86 1 22 57 73 1 10 93 78 1 36 53 75 1 9 68 77 1 28 31 75 1 22 66 56 1 25 39 102 1 30 46 78 1 0 56 43 1 3 42 54 1 24 30 68 1 29 32 63 1 0 0 0 0 26 53 58 1 23 63 36 1 8 50 84 1 16 80 73 1 24 15 92 1 0 0 0 0 0 29 99 1 45 36 99 1 47 22 78 1 0 50 85 1 1 32 66 1 0 0 0 0 10 69 94 1 0 42 67 1 0 54 118 1 43 67 145 1 53 24 61 1 20 26 95 1 0 32 111 1 47 62 117 1 2 4 72 1 28 34 83 1 0 33 67 1 10 58 70 1 28 54 88 1 0 44 73 1 0 55 69 1 29 28 100 1 44 32 105 1 0 0 0 0 4 55 84 1 23 42 84 1 51 68 116 1 17 78 140 1 0 77 116 1 30 87 98 1 20 43 96 1
0 0 0 0 11 33 126 1 5 46 84 1 24 57 118 1 15 87 127 1 1 52 136 1 23 21 108 1 10 53 143 1 3 60 144 1 10 93 96 1 9 34 107 1 24 33 110 1 21 37 98 1 18 23 116 1 50 70 113 1 44 73 122 1 50 58 83 1 25 30 79 1 22 30 103 1 0 42 122 1 0 0 0 0 0 57 82 1 32 61 94 1 0 59 52 1 28 67 119 1 36 4 104 1 10 19 67 1 0 64 102 1 0 11 103 1 20 35 88 1 32 67 102 1 27 48 46 1 5 44 104 1 38 92 112 1 20 53 41 1 0 0 0 0 0 11 89 1 0 68 58 1 0 16 64 1 0 89 95 1 14 8 65 1 0 76 95 1 0 47 101 1 9 42 98 1 42 41 80 1 43 48 94 1 15 32 122 1 54 70 100 1 3 57 96 1 24 46 55 1 44 48 96 1 24 33 99 1 3 65 88 1 19 60 56 1 0 54 106 1 9 97 96 1 36 52 166 1 51 42 107 1 30 12 123 1 49 71 109 1 0 0 0 0 22 86 111 1 0 0 0 0 0 0 0 0 64 107 135 1
69 51 132 1 22 124 144 1 50 86 104 1 17 38 98 1 24 105 94 1 0 0 0 0 24 59 71 1 42 49 139 1 9 83 107 1 0 0 0 0 0 0 0 0 0 0 0 0 1 91 77 1 27 35 112 1 10 84 132 1 5 36 99 1 23 90 89 1 17 20 131 1 55 60 92 1 0 29 65 1 30 38 79 1 26 69 74 1 0 47 96 1 45 59 105 1 0 58 54 1 53 62 58 1 60 29 80 1 1 23 41 1 45 88 73 1 19 81 61 1 0 21 72 1 5 57 80 1 23 6 90 1 13 15 54 1 0 35 52 1 5 28 83 1 0 0 0 0 24 42 74 1 0 39 54 1 31 58 90 1 24 47 90 1 8 81 107 1 17 69 88 1 7 27 56 1 45 74 75 1 27 56 101 1 11 56 81 1 28 62 118 1 4 80 98 1 22 53 97 1 0 36 111 1 36 60 99 1 0 61 112 1 15 60 71 1 33 35 94 1 32 34 78 1 14 68 101 1 38 81 147 1 0 0 0 0 72 112 147 1 66 69 107 1 23 83 119 1 46 44 131 1 65 75 100 1 27 64 129 1
38 57 128 1 0 0 0 0 37 120 137 1 28 91 110 1 43 76 88 1 18 83 114 1 24 62 164 1 16 73 115 1 42 41 144 1 0 44 157 1 32 71 130 1 7 58 145 1 11 82 77 1 3 120 132 1 44 88 116 1 37 19 115 1 25 68 82 1 34 78 90 1 3 76 96 1 24 59 87 1 17 24 54 1 22 69 43 1 0 59 106 1 17 34 89 1 0 0 0 0 29 10 109 1 39 9 99 1 31 63 124 1 30 76 85 1 20 45 111 1 0 52 117 1 1 64 78 1 17 57 70 1 34 43 68 1 14 53 62 1 0 37 57 1 0 73 92 1 10 37 100 1 67 70 103 1 0 52 118 1 42 37 122 1 0 75 88 1 0 47 126 1 17 70 64 1 7 42 83 1 4 44 129 1 0 43 122 1 0 0 0 0 39 84 94 1 30 52 83 1 10 76 87 1 16 89 101 1 0 44 90 1 0 0 0 0 16 44 76 1 0 0 0 0 0 0 0 0 37 44 135 1 63 71 130 1 64 66 105 1 52 89 137 1 26 90 119 1 32 67 124 1 43 67 132 1 41 36 111 1
34 98 183 1 1 71 164 1 55 65 152 1 24 80 140 1 63 88 148 1 51 89 147 1 3 86 119 1 29 107 146 1 0 99 146 1 44 68 111 1 53 84 129 1 32 77 103 1 54 83 153 1 25 105 136 1 26 59 97 1 0 88 154 1 0 52 94 1 0 35 106 1 68 46 104 1 0 0 0 0 28 88 63 1 0 1 70 1 8 31 118 1 12 47 107 1 14 86 59 1 2 70 102 1 24 25 150 1 17 41 81 1 5 101 107 1 0 0 0 0 19 47 97 1 0 63 102 1 16 15 104 1 11 45 101 1 13 44 93 1 46 61 73 1 0 0 0 0 0 34 121 1 18 45 105 1 19 58 88 1 24 40 102 1 25 40 102 1 56 54 133 1 25 18 91 1 0 0 0 0 0 0 0 0 19 106 105 1 0 0 0 0 31 63 83 1 7 47 106 1 0 37 96 1 0 82 92 1 7 60 113 1 59 86 124 1 3 47 66 1 21 52 107 1 11 65 112 1 20 73 109 1 50 70 123 1 17 50 145 1 66 44 119 1 15 47 136 1 58 52 128 1 45 95 123 1 0 0 0 0
21 69 132 1 32 64 157 1 43 103 150 1 49 98 138 1 77 70 164 1 44 126 170 1 29 125 143 1 0 0 0 0 34 74 106 1 44 109 104 1 56 73 197 1 49 105 166 1 66 108 128 1 32 97 142 1 45 55 135 1 19 79 109 1 14 54 104 1 4 48 77 1 10 60 123 1 28 80 80 1 11 39 101 1 0 55 50 1 6 43 69 1 1 67 110 1 7 65 84 1 0 0 0 0 20 55 96 1 1 28 98 1 0 0 0 0 10 47 128 1 22 70 104 1 51 85 114 1 19 71 113 1 24 76 102 1 20 83 115 1 0 80 139 1 65 87 106 1 0 72 112 1 27 63 76 1 15 63 89 1 7 56 69 1 22 63 131 1 54 44 94 1 9 75 89 1 4 67 121 1 0 70 91 1 38 49 123 1 12 61 101 1 23 117 104 1 45 71 104 1 32 51 78 1 0 0 0 0 3 79 133 1 40 50 124 1 59 71 99 1 0 29 123 1 0 62 95 1 0 101 141 1 15 117 77 1 73 102 147 1 16 90 127 1 0 0 0 0 33 69 122 1 15 66 164 1 46 78 120 1