4
327 1517 103 60
133 141 130 1 134 112 81 1 115 102 111 1 149 145 81 1 102 116 50 1 79 131 95 1 125 98 101 1 145 134 55 1 0 0 0 0 101 139 67 1 0 0 0 0 0 0 0 0 141 97 67 1 108 106 85 1 92 84 78 1 106 83 40 1 116 99 60 1 117 126 89 1 114 120 49 1 96 120 106 1 112 55 81 1 130 107 110 1 75 101 74 1 113 84 63 1 0 0 0 0 118 70 82 1 98 129 59 1 91 73 46 1 58 65 44 1 0 0 0 0 75 45 64 1 58 66 30 1 57 100 71 1 51 123 78 1 53 112 57 1 39 72 70 1 16 112 28 1 31 48 64 1 51 27 41 1 0 36 47 1 79 60 55 1 43 53 41 1 44 105 10 1 60 85 85 1 0 0 0 0 136 78 29 1 129 83 104 1 216 158 88 1 210 155 81 1 207 148 131 1 228 135 146 1 166 208 107 1 185 118 58 1 151 128 72 1 123 123 120 1 177 134 67 1 0 0 0 0 165 141 122 1 177 150 119 1 188 182 126 1
118 147 91 1 0 0 0 0 137 139 85 1 166 130 65 1 169 106 54 1 134 104 53 1 83 85 62 1 106 104 100 1 80 107 99 1 127 85 17 1 139 107 55 1 162 144 51 1 129 153 97 1 153 109 122 1 162 120 103 1 182 150 85 1 183 178 121 1 147 154 114 1 0 0 0 0 142 124 115 1 181 119 99 1 121 135 54 1 127 141 55 1 76 94 83 1 0 0 0 0 114 106 88 1 0 0 0 0 103 126 95 1 54 41 56 1 29 91 35 1 17 73 51 1 56 86 28 1 103 97 54 1 71 92 54 1 85 101 43 1 57 74 22 1 46 117 61 1 64 54 48 1 10 55 73 1 34 71 45 1 23 44 100 1 52 76 70 1 29 72 43 1 52 84 53 1 0 0 0 0 133 105 70 1 132 108 72 1 213 103 97 1 208 146 94 1 233 167 130 1 183 114 107 1 158 138 98 1 175 148 105 1 130 106 69 1 159 121 79 1 158 100 98 1 168 163 98 1 168 129 64 1 170 144 151 1 185 186 114 1
160 96 128 1 155 141 134 1 146 115 64 1 102 115 93 1 119 117 102 1 100 102 88 1 71 61 70 1 65 92 80 1 58 93 74 1 0 0 0 0 85 123 77 1 166 105 116 1 0 0 0 0 0 0 0 0 166 134 81 1 167 115 54 1 187 171 120 1 175 151 151 1 173 109 77 1 98 112 88 1 115 106 85 1 102 96 65 1 117 107 20 1 104 88 60 1 99 107 61 1 82 80 75 1 0 0 0 0 82 116 33 1 32 64 42 1 0 64 83 1 54 66 85 1 25 77 57 1 0 0 0 0 61 136 91 1 39 90 70 1 49 102 51 1 0 0 0 0 58 52 39 1 0 59 41 1 6 69 24 1 50 72 69 1 49 84 64 1 58 61 19 1 48 32 56 1 55 77 83 1 59 105 76 1 0 0 0 0 190 82 57 1 213 136 64 1 169 142 130 1 170 85 113 1 112 133 52 1 155 107 67 1 194 119 109 1 125 119 99 1 169 112 88 1 140 76 87 1 121 122 112 1 135 146 157 1 123 126 65 1
128 102 134 1 105 128 83 1 94 84 105 1 115 109 56 1 78 96 83 1 112 140 43 1 63 74 60 1 42 78 22 1 24 52 24 1 0 0 0 0 63 85 94 1 101 119 68 1 108 95 78 1 145 118 46 1 143 137 112 1 0 0 0 0 0 0 0 0 116 100 99 1 104 71 78 1 28 102 67 1 24 77 52 1 60 70 27 1 72 71 33 1 0 0 0 0 30 32 36 1 51 53 24 1 59 67 50 1 68 102 74 1 55 74 59 1 40 25 67 1 63 78 75 1 85 90 36 1 47 94 56 1 0 0 0 0 94 74 58 1 20 74 38 1 0 0 0 0 35 81 57 1 0 61 30 1 3 62 50 1 0 0 0 0 62 61 38 1 55 70 60 1 30 11 53 1 19 76 37 1 91 61 102 1 93 99 93 1 0 0 0 0 150 114 45 1 162 137 101 1 117 68 87 1 120 94 89 1 121 109 82 1 202 140 119 1 192 146 157 1 160 130 107 1 148 145 79 1 0 0 0 0 122 126 98 1 103 89 65 1
0 0 0 0 29 55 34 1 59 103 80 1 95 98 20 1 0 0 0 0 131 70 112 1 92 74 44 1 93 105 90 1 74 74 47 1 70 80 101 1 80 78 82 1 113 130 123 1 149 107 88 1 99 52 68 1 150 102 64 1 95 80 49 1 115 110 61 1 120 117 68 1 111 136 46 1 99 91 35 1 0 0 0 0 68 80 64 1 103 112 49 1 59 76 56 1 0 0 0 0 82 130 65 1 0 0 0 0 61 126 86 1 80 110 76 1 80 101 39 1 42 47 77 1 41 74 36 1 18 107 10 1 26 73 35 1 40 79 49 1 26 49 26 1 49 86 63 1 0 63 16 1 5 26 23 1 0 0 0 0 38 84 52 1 28 87 73 1 53 67 44 1 38 68 51 1 50 8 37 1 0 0 0 0 84 81 70 1 98 58 91 1 125 81 108 1 97 88 79 1 87 100 90 1 133 83 114 1 157 161 127 1 160 188 85 1 161 176 121 1 180 104 109 1 115 137 75 1 0 0 0 0 0 0 0 0 82 132 52 1
73 74 19 1 54 97 54 1 71 65 88 1 83 72 65 1 48 88 79 1 0 0 0 0 95 76 72 1 60 109 51 1 60 94 104 1 0 0 0 0 65 64 81 1 124 117 82 1 0 0 0 0 83 99 96 1 94 106 47 1 114 115 86 1 126 96 93 1 109 113 85 1 107 95 90 1 131 136 126 1 0 0 0 0 136 121 61 1 110 127 44 1 112 65 32 1 75 78 78 1 121 117 83 1 63 85 96 1 108 67 78 1 108 114 87 1 98 92 68 1 93 108 26 1 36 63 40 1 23 11 0 1 19 61 44 1 0 0 0 0 0 84 39 1 0 0 0 0 1 20 47 1 0 3 66 1 20 42 56 1 48 59 45 1 76 68 43 1 33 67 16 1 0 0 0 0 31 69 10 1 41 84 64 1 0 0 0 0 77 94 63 1 101 84 92 1 108 61 46 1 133 114 79 1 0 0 0 0 162 148 109 1 143 146 129 1 140 139 79 1 147 102 87 1 145 93 65 1 142 144 85 1 133 102 66 1 46 109 59 1
46 98 44 1 115 78 55 1 81 36 51 1 26 66 44 1 0 0 0 0 20 61 14 1 0 0 0 0 70 126 79 1 120 104 76 1 91 126 39 1 94 98 65 1 115 72 90 1 85 107 92 1 125 120 83 1 102 122 137 1 112 88 93 1 0 0 0 0 147 91 85 1 94 115 57 1 156 109 104 1 102 101 81 1 123 124 88 1 120 115 76 1 102 129 55 1 72 103 125 1 136 94 46 1 89 89 45 1 74 100 70 1 87 109 122 1 79 143 50 1 77 112 57 1 55 82 66 1 51 81 47 1 25 27 26 1 0 36 60 1 0 34 0 1 33 28 32 1 0 38 15 1 13 46 34 1 0 42 55 1 16 47 15 1 71 72 74 1 113 86 47 1 58 46 71 1 54 80 42 1 97 57 71 1 62 54 51 1 81 83 51 1 63 56 72 1 90 85 33 1 85 88 31 1 89 79 91 1 109 114 139 1 0 0 0 0 148 122 71 1 88 58 49 1 118 116 92 1 120 132 91 1 96 68 45 1 98 55 44 1
0 0 0 0 98 130 85 1 89 60 44 1 9 79 50 1 46 42 66 1 0 0 0 0 14 89 67 1 52 112 51 1 68 66 99 1 128 61 52 1 99 109 69 1 134 112 28 1 126 93 61 1 137 65 119 1 114 82 71 1 116 121 110 1 112 108 102 1 151 126 83 1 0 0 0 0 135 111 77 1 126 132 63 1 108 118 50 1 88 69 79 1 0 0 0 0 98 97 49 1 91 102 72 1 99 86 77 1 95 140 105 1 0 0 0 0 96 125 53 1 61 57 52 1 21 58 53 1 0 23 74 1 0 27 29 1 0 40 37 1 25 28 12 1 27 0 30 1 24 32 46 1 1 79 39 1 12 59 29 1 0 27 28 1 67 62 45 1 76 67 91 1 55 92 19 1 93 51 72 1 57 28 49 1 0 0 0 0 78 60 63 1 50 44 84 1 69 44 25 1 55 80 81 1 70 85 46 1 102 81 76 1 120 95 54 1 141 95 65 1 88 112 54 1 138 94 67 1 114 122 54 1 57 88 47 1 0 0 0 0
100 77 31 1 119 127 63 1 66 82 61 1 38 69 59 1 27 26 69 1 0 0 0 0 21 41 47 1 56 85 74 1 87 95 51 1 95 112 93 1 139 96 87 1 144 113 84 1 133 111 89 1 106 87 72 1 139 125 85 1 143 141 83 1 0 0 0 0 113 101 77 1 163 143 90 1 97 103 35 1 139 130 93 1 0 0 0 0 149 119 57 1 92 120 46 1 113 89 72 1 123 107 85 1 121 109 95 1 140 154 69 1 94 136 66 1 0 0 0 0 57 86 59 1 40 41 59 1 0 71 5 1 0 23 60 1 0 0 0 0 0 72 68 1 11 36 62 1 17 43 58 1 18 61 31 1 26 41 19 1 43 85 64 1 71 66 60 1 0 0 0 0 82 90 50 1 60 53 64 1 0 0 0 0 73 56 60 1 58 73 42 1 23 72 82 1 47 53 59 1 64 67 60 1 78 61 36 1 75 52 55 1 102 80 49 1 0 0 0 0 121 102 68 1 91 76 36 1 130 74 89 1 67 58 71 1 53 44 79 1
0 0 0 0 53 45 40 1 62 56 71 1 67 72 33 1 82 60 55 1 68 75 35 1 14 109 70 1 80 68 72 1 80 99 39 1 145 129 49 1 0 0 0 0 173 113 119 1 224 115 49 1 120 141 109 1 153 121 51 1 129 127 102 1 135 117 72 1 95 101 105 1 154 121 40 1 98 90 67 1 104 100 54 1 105 87 51 1 113 57 106 1 115 128 87 1 106 89 96 1 128 133 69 1 95 105 98 1 120 151 76 1 151 172 54 1 109 103 85 1 84 115 60 1 40 90 55 1 10 31 62 1 4 54 47 1 0 74 61 1 11 42 7 1 49 27 69 1 0 0 0 0 13 33 53 1 18 90 72 1 77 64 49 1 66 85 72 1 83 63 54 1 0 0 0 0 100 68 79 1 85 83 59 1 40 73 70 1 61 61 62 1 41 104 69 1 41 30 39 1 40 103 73 1 46 78 32 1 52 54 55 1 94 86 53 1 90 46 58 1 71 69 86 1 62 62 17 1 39 83 44 1 103 86 67 1 58 78 60 1
123 90 83 1 86 127 70 1 84 121 105 1 79 120 42 1 110 55 86 1 57 112 70 1 75 63 71 1 89 87 62 1 128 125 109 1 157 136 75 1 127 148 124 1 174 85 56 1 133 88 85 1 107 102 86 1 144 142 91 1 146 120 69 1 128 132 96 1 121 123 39 1 158 138 56 1 141 100 66 1 0 0 0 0 124 130 120 1 89 119 37 1 113 112 101 1 129 133 95 1 136 88 87 1 122 129 82 1 102 126 87 1 163 113 85 1 138 102 46 1 102 77 62 1 41 93 64 1 0 30 21 1 14 55 43 1 19 55 58 1 0 47 41 1 22 33 13 1 23 73 11 1 0 88 53 1 31 74 80 1 57 83 52 1 85 70 29 1 77 79 26 1 76 94 39 1 76 98 23 1 80 71 39 1 81 88 51 1 89 85 80 1 61 63 46 1 90 43 45 1 87 80 48 1 59 85 79 1 33 71 55 1 63 58 44 1 83 57 83 1 75 76 51 1 68 84 50 1 39 95 87 1 105 103 64 1 82 73 67 1
108 133 90 1 142 109 50 1 93 93 98 1 163 128 126 1 102 115 80 1 148 129 83 1 113 76 74 1 151 136 45 1 135 122 46 1 0 0 0 0 210 117 97 1 126 142 83 1 109 91 83 1 68 102 63 1 144 100 92 1 0 0 0 0 149 129 48 1 117 135 43 1 0 0 0 0 126 116 38 1 99 122 110 1 131 95 87 1 108 94 77 1 100 122 107 1 162 97 82 1 135 112 104 1 164 81 116 1 186 141 79 1 0 0 0 0 123 123 87 1 94 89 83 1 0 0 0 0 62 83 68 1 30 70 51 1 0 0 0 0 0 81 48 1 22 67 93 1 38 48 69 1 49 37 35 1 52 77 57 1 30 18 78 1 0 0 0 0 62 105 65 1 48 59 55 1 73 67 39 1 77 112 81 1 0 0 0 0 71 81 56 1 78 83 62 1 84 45 111 1 107 84 55 1 81 52 61 1 58 75 58 1 77 104 74 1 88 94 36 1 90 49 72 1 71 70 49 1 73 65 69 1 82 77 52 1 76 78 63 1
179 134 82 1 134 127 79 1 100 103 56 1 107 99 101 1 162 133 73 1 182 104 105 1 175 161 121 1 150 136 107 1 208 141 91 1 192 140 65 1 153 127 76 1 69 112 102 1 97 72 78 1 76 73 24 1 74 97 117 1 82 101 94 1 123 60 73 1 125 110 69 1 121 119 67 1 118 146 73 1 140 123 33 1 96 113 85 1 108 79 83 1 71 100 69 1 107 106 115 1 134 107 69 1 147 142 90 1 118 132 117 1 134 150 46 1 144 131 96 1 89 103 60 1 72 87 102 1 55 75 81 1 64 89 44 1 60 70 74 1 40 65 73 1 79 76 54 1 44 96 102 1 25 69 0 1 46 61 59 1 44 48 44 1 27 68 75 1 37 62 51 1 52 65 36 1 63 80 83 1 118 102 52 1 90 42 49 1 126 80 64 1 70 64 57 1 0 0 0 0 71 71 22 1 69 63 82 1 67 70 38 1 54 92 45 1 80 78 25 1 40 52 67 1 51 76 56 1 80 50 66 1 71 70 21 1 0 0 0 0
193 150 150 1 142 96 51 1 115 118 95 1 145 122 83 1 139 139 56 1 177 144 73 1 181 160 101 1 0 0 0 0 192 146 84 1 0 0 0 0 158 116 103 1 61 83 49 1 81 98 45 1 59 59 73 1 72 67 67 1 79 114 93 1 102 79 69 1 162 125 74 1 161 115 51 1 0 0 0 0 115 130 50 1 113 124 80 1 77 49 26 1 0 0 0 0 81 92 76 1 150 118 70 1 148 153 73 1 136 98 77 1 141 157 104 1 108 137 99 1 89 96 74 1 18 73 67 1 89 63 70 1 56 89 65 1 44 60 68 1 65 48 91 1 74 92 55 1 12 51 55 1 14 49 85 1 58 21 22 1 0 0 0 0 67 102 78 1 12 41 77 1 17 68 29 1 71 56 50 1 69 54 89 1 67 55 48 1 64 37 54 1 0 0 0 0 83 77 52 1 0 0 0 0 78 40 47 1 34 69 44 1 65 51 82 1 24 81 63 1 78 75 100 1 44 70 34 1 51 82 72 1 84 66 42 1 100 54 83 1
0 0 0 0 0 0 0 0 153 128 115 1 119 134 94 1 122 114 98 1 153 118 113 1 167 154 74 1 0 0 0 0 156 135 89 1 0 0 0 0 115 140 77 1 88 80 67 1 49 99 62 1 43 39 19 1 0 0 0 0 96 111 64 1 101 84 109 1 97 112 59 1 110 140 53 1 119 106 61 1 111 75 79 1 78 79 58 1 64 55 50 1 86 110 56 1 108 60 97 1 124 156 47 1 153 123 122 1 131 153 93 1 95 158 83 1 126 112 74 1 0 0 0 0 106 100 82 1 77 131 98 1 14 35 39 1 26 60 70 1 34 88 41 1 67 57 44 1 53 62 54 1 48 73 23 1 64 90 82 1 64 46 111 1 53 73 66 1 78 130 60 1 78 102 74 1 57 71 43 1 0 0 0 0 24 32 47 1 123 36 53 1 47 87 58 1 46 74 61 1 67 60 72 1 60 92 50 1 54 104 42 1 48 95 51 1 69 52 65 1 68 71 92 1 52 56 72 1 0 0 0 0 55 83 62 1 63 52 34 1
210 134 105 1 164 148 81 1 169 147 97 1 79 96 71 1 63 124 54 1 0 0 0 0 139 99 69 1 167 92 48 1 128 90 100 1 161 120 75 1 151 89 79 1 101 119 85 1 0 0 0 0 19 60 46 1 0 0 0 0 48 81 59 1 144 40 86 1 75 71 56 1 71 59 87 1 79 48 44 1 86 69 73 1 53 19 40 1 69 112 28 1 66 55 57 1 98 128 55 1 134 133 122 1 148 113 92 1 75 153 68 1 92 129 78 1 139 133 74 1 107 132 81 1 120 121 61 1 45 81 100 1 52 62 57 1 0 0 0 0 55 44 76 1 43 46 81 1 42 61 81 1 0 0 0 0 43 47 35 1 60 48 57 1 67 91 32 1 62 107 32 1 65 74 76 1 56 60 47 1 58 45 56 1 21 65 113 1 0 0 0 0 61 47 10 1 70 68 81 1 98 75 62 1 68 70 50 1 52 70 83 1 50 81 40 1 81 96 64 1 46 53 50 1 70 109 81 1 78 70 78 1 109 79 76 1 60 89 47 1
151 136 69 1 0 0 0 0 155 116 80 1 127 120 67 1 133 84 47 1 135 100 78 1 171 96 115 1 92 119 57 1 153 119 82 1 140 102 94 1 172 159 93 1 146 125 53 1 68 87 18 1 37 47 31 1 32 91 74 1 59 40 37 1 76 64 79 1 72 101 55 1 89 117 15 1 26 66 63 1 50 108 39 1 0 0 0 0 70 79 41 1 87 95 39 1 105 106 82 1 129 81 107 1 134 124 75 1 153 98 70 1 0 0 0 0 71 99 115 1 139 137 132 1 124 135 122 1 116 83 63 1 94 64 70 1 25 61 42 1 36 70 51 1 63 53 60 1 46 61 83 1 28 15 60 1 66 95 22 1 81 60 42 1 79 76 83 1 50 85 81 1 68 87 87 1 83 98 26 1 66 75 67 1 56 67 45 1 88 66 88 1 81 74 54 1 78 51 31 1 0 0 0 0 19 31 40 1 74 46 100 1 62 58 54 1 87 102 71 1 0 0 0 0 88 46 62 1 74 131 95 1 48 68 56 1 0 0 0 0
0 0 0 0 136 106 77 1 140 111 98 1 101 84 53 1 132 133 66 1 150 137 67 1 129 136 109 1 120 156 91 1 115 96 91 1 178 118 43 1 159 149 50 1 84 117 77 1 17 24 37 1 26 44 37 1 8 51 72 1 0 0 0 0 44 102 88 1 80 81 39 1 67 80 66 1 0 0 0 0 58 36 64 1 0 0 0 0 0 0 0 0 0 0 0 0 69 110 51 1 128 121 86 1 139 177 120 1 157 124 67 1 136 106 64 1 143 130 79 1 114 134 53 1 122 64 91 1 46 59 106 1 45 51 50 1 19 42 38 1 32 59 109 1 29 78 72 1 0 0 0 0 0 0 0 0 63 93 28 1 42 93 95 1 91 65 58 1 86 108 98 1 28 118 66 1 91 79 32 1 0 0 0 0 21 39 43 1 11 53 37 1 65 80 67 1 74 33 49 1 51 61 51 1 63 63 22 1 58 73 40 1 73 64 45 1 65 74 29 1 76 99 76 1 0 0 0 0 120 113 65 1 112 91 84 1 136 132 103 1
154 106 56 1 163 168 112 1 147 99 105 1 124 119 44 1 126 145 71 1 89 134 94 1 157 130 105 1 130 102 31 1 156 160 110 1 0 0 0 0 95 96 93 1 68 102 63 1 30 36 40 1 27 27 68 1 51 39 42 1 30 22 60 1 0 0 0 0 49 99 79 1 43 75 9 1 47 80 69 1 0 0 0 0 47 97 19 1 68 67 42 1 75 118 50 1 83 130 94 1 146 129 69 1 130 147 75 1 128 200 62 1 135 132 91 1 106 84 85 1 112 83 114 1 95 102 61 1 46 46 47 1 1 68 51 1 0 0 0 0 0 0 0 0 52 63 45 1 38 46 90 1 61 89 64 1 59 77 55 1 0 0 0 0 0 0 0 0 54 76 73 1 40 60 71 1 0 0 0 0 35 73 55 1 70 77 50 1 50 32 50 1 74 61 37 1 60 60 57 1 27 79 45 1 67 61 47 1 0 0 0 0 73 55 47 1 68 70 57 1 92 76 99 1 114 62 55 1 130 37 87 1 119 121 101 1 92 128 119 1
161 139 89 1 0 0 0 0 173 92 96 1 127 128 64 1 88 98 91 1 149 156 109 1 157 150 83 1 125 132 66 1 170 130 105 1 127 118 84 1 100 136 96 1 50 117 76 1 0 0 0 0 15 42 22 1 0 0 0 0 60 110 66 1 0 0 0 0 85 119 48 1 78 111 52 1 83 79 81 1 73 77 85 1 0 0 0 0 80 114 53 1 118 145 90 1 115 135 87 1 146 120 88 1 145 170 88 1 153 123 109 1 129 130 73 1 0 0 0 0 27 53 70 1 49 64 39 1 41 45 41 1 42 57 58 1 38 88 53 1 33 65 52 1 110 102 86 1 66 84 73 1 65 44 49 1 64 43 96 1 69 61 33 1 86 51 121 1 28 72 53 1 41 65 22 1 35 81 29 1 27 47 52 1 35 64 31 1 30 95 41 1 64 51 55 1 55 56 78 1 50 119 43 1 57 77 58 1 52 94 66 1 73 96 122 1 62 79 76 1 106 65 64 1 115 92 42 1 102 111 32 1 93 110 97 1 182 114 104 1
156 103 123 1 163 168 76 1 154 109 87 1 87 91 88 1 63 89 58 1 152 136 109 1 159 114 112 1 142 127 85 1 183 151 58 1 112 127 61 1 136 90 110 1 70 50 59 1 41 55 7 1 21 54 69 1 50 38 80 1 47 101 69 1 0 0 0 0 90 90 73 1 107 112 87 1 128 95 96 1 114 132 90 1 109 71 20 1 109 96 56 1 104 78 75 1 132 97 80 1 119 146 74 1 120 103 70 1 112 75 75 1 87 96 62 1 30 52 26 1 69 27 35 1 0 56 50 1 30 99 89 1 31 59 33 1 7 71 10 1 66 73 108 1 54 71 35 1 0 0 0 0 50 94 30 1 60 60 56 1 40 94 79 1 71 47 34 1 25 71 28 1 17 60 54 1 37 33 27 1 58 34 38 1 59 48 53 1 45 66 60 1 32 44 49 1 48 71 84 1 50 78 108 1 82 93 34 1 67 22 73 1 76 37 74 1 54 66 105 1 78 98 58 1 99 87 42 1 107 75 95 1 155 111 91 1 0 0 0 0
164 104 69 1 137 131 38 1 107 101 67 1 86 31 21 1 66 67 28 1 124 110 76 1 0 0 0 0 140 98 92 1 156 170 63 1 123 131 137 1 80 81 99 1 38 48 69 1 42 50 38 1 11 42 53 1 5 94 17 1 94 112 51 1 120 128 103 1 126 152 65 1 152 151 123 1 141 130 49 1 111 149 87 1 157 105 114 1 72 126 35 1 50 64 61 1 71 118 99 1 82 78 77 1 104 51 84 1 89 47 62 1 60 91 57 1 30 33 35 1 27 35 37 1 65 67 45 1 0 46 76 1 0 34 30 1 28 95 24 1 0 0 0 0 91 79 46 1 21 61 72 1 59 62 35 1 38 78 29 1 72 77 62 1 17 18 71 1 0 0 0 0 22 93 58 1 31 45 71 1 22 65 93 1 28 75 39 1 0 71 85 1 29 52 68 1 54 73 42 1 104 106 52 1 72 82 97 1 85 74 90 1 78 93 96 1 89 107 120 1 114 74 68 1 116 102 77 1 150 102 86 1 143 140 98 1 115 126 65 1
0 0 0 0 79 148 71 1 0 0 0 0 87 109 96 1 102 65 90 1 78 35 49 1 0 0 0 0 0 0 0 0 93 102 61 1 67 92 53 1 13 32 0 1 30 63 43 1 30 67 28 1 44 59 86 1 35 46 52 1 48 107 44 1 74 109 82 1 84 123 107 1 120 165 116 1 109 152 90 1 140 82 100 1 114 86 79 1 129 73 96 1 86 61 90 1 82 114 44 1 27 116 54 1 20 77 53 1 54 64 105 1 14 63 56 1 13 93 25 1 0 66 48 1 0 55 67 1 0 0 0 0 0 26 12 1 0 9 22 1 54 62 77 1 61 71 102 1 54 71 64 1 9 64 60 1 21 98 36 1 41 31 52 1 70 41 20 1 8 50 37 1 0 0 0 0 0 0 0 0 18 46 33 1 63 44 50 1 52 42 92 1 55 54 5 1 67 64 93 1 90 115 61 1 115 100 42 1 92 72 62 1 78 79 59 1 55 55 66 1 121 126 54 1 83 138 29 1 118 112 84 1 157 182 82 1 0 0 0 0
134 107 65 1 109 71 59 1 76 106 91 1 117 109 24 1 111 107 66 1 95 79 24 1 69 90 46 1 98 85 82 1 39 42 57 1 39 58 27 1 32 74 30 1 52 64 55 1 45 68 92 1 0 0 0 0 0 51 52 1 10 52 59 1 33 88 76 1 45 89 70 1 80 116 101 1 143 149 53 1 100 123 72 1 108 84 71 1 76 72 43 1 0 0 0 0 62 54 32 1 69 48 45 1 26 54 51 1 57 46 58 1 0 0 0 0 31 59 75 1 11 59 57 1 0 0 0 0 13 58 55 1 13 45 24 1 31 53 29 1 61 51 60 1 53 56 114 1 19 0 96 1 14 50 85 1 21 33 49 1 0 32 30 1 30 35 58 1 0 49 1 1 19 38 36 1 5 59 55 1 22 46 21 1 40 49 67 1 66 64 44 1 48 100 59 1 82 84 53 1 85 100 55 1 94 96 74 1 96 99 53 1 50 105 57 1 64 80 47 1 101 74 74 1 113 78 86 1 122 91 76 1 104 106 105 1 123 109 85 1
111 139 72 1 94 102 59 1 117 92 70 1 0 0 0 0 101 111 77 1 86 77 91 1 94 116 123 1 77 75 40 1 0 0 0 0 0 0 0 0 26 57 56 1 39 51 34 1 18 94 54 1 39 68 77 1 22 123 42 1 15 43 57 1 10 117 62 1 0 0 0 0 76 91 48 1 65 72 70 1 27 67 39 1 87 107 63 1 43 58 77 1 31 94 83 1 40 29 18 1 0 0 0 0 55 81 66 1 46 83 33 1 53 59 60 1 7 55 55 1 53 52 55 1 44 40 52 1 5 53 50 1 6 82 18 1 32 33 20 1 12 64 55 1 25 59 30 1 11 44 50 1 0 47 29 1 0 75 90 1 1 25 9 1 0 36 13 1 0 15 15 1 8 12 104 1 0 50 58 1 5 73 38 1 20 77 41 1 55 72 67 1 45 87 76 1 67 62 77 1 89 42 82 1 0 0 0 0 92 70 58 1 106 72 62 1 91 52 61 1 115 74 89 1 84 113 77 1 66 122 16 1 80 92 86 1 97 75 57 1
90 64 57 1 0 0 0 0 55 78 57 1 72 90 29 1 82 87 61 1 128 71 51 1 64 129 67 1 88 78 44 1 67 58 47 1 19 49 18 1 43 47 66 1 0 71 78 1 64 107 56 1 61 127 82 1 19 91 53 1 49 64 70 1 0 0 0 0 2 76 57 1 28 38 26 1 46 72 56 1 26 39 37 1 38 85 77 1 42 74 58 1 15 74 36 1 61 79 77 1 12 59 60 1 0 50 53 1 6 52 38 1 32 51 96 1 44 40 33 1 38 76 102 1 34 60 82 1 42 56 4 1 0 32 57 1 0 0 0 0 0 1 35 1 0 0 0 0 0 33 39 1 0 67 63 1 1 64 83 1 0 0 0 0 0 0 0 0 22 51 47 1 10 44 48 1 40 53 20 1 41 50 66 1 27 41 107 1 39 63 67 1 65 63 42 1 83 45 49 1 63 101 46 1 0 0 0 0 82 96 44 1 162 99 37 1 71 66 81 1 33 85 59 1 65 62 66 1 48 40 73 1 69 104 69 1 71 87 68 1
95 110 128 1 79 103 64 1 109 108 69 1 66 105 63 1 88 92 41 1 95 132 51 1 82 137 80 1 97 105 50 1 8 78 31 1 24 95 29 1 0 0 0 0 32 71 22 1 57 102 98 1 65 103 41 1 68 99 68 1 34 85 58 1 69 65 65 1 66 83 49 1 86 88 39 1 0 0 0 0 19 63 63 1 45 49 28 1 50 92 73 1 29 68 86 1 47 61 34 1 35 81 54 1 25 53 75 1 0 98 34 1 40 83 48 1 31 53 43 1 0 0 0 0 0 0 0 0 22 72 11 1 8 33 36 1 0 0 0 0 0 33 20 1 26 40 28 1 9 45 49 1 0 41 24 1 0 65 26 1 0 14 63 1 0 63 98 1 14 21 67 1 55 75 113 1 45 75 48 1 41 61 35 1 42 61 40 1 108 70 78 1 103 83 47 1 57 41 61 1 75 64 78 1 94 91 39 1 32 77 93 1 39 71 70 1 48 74 45 1 44 92 45 1 48 25 58 1 27 62 58 1 68 56 68 1 84 91 37 1
128 138 98 1 114 103 82 1 48 93 56 1 48 96 55 1 39 97 51 1 50 60 39 1 122 76 69 1 116 95 104 1 59 82 67 1 55 80 53 1 33 23 48 1 97 46 44 1 65 107 74 1 75 108 70 1 98 92 49 1 47 88 31 1 0 0 0 0 73 109 64 1 73 104 65 1 38 68 30 1 52 39 34 1 12 39 63 1 69 35 48 1 56 79 31 1 0 0 0 0 60 79 16 1 47 79 39 1 49 27 68 1 20 83 62 1 60 111 50 1 42 34 44 1 50 89 74 1 0 0 0 0 55 72 51 1 24 69 42 1 0 59 61 1 11 47 57 1 8 57 65 1 0 58 59 1 18 28 32 1 0 0 0 0 20 54 76 1 74 36 35 1 56 51 61 1 32 86 31 1 25 51 26 1 3 29 65 1 6 73 61 1 46 33 67 1 74 52 44 1 57 84 81 1 61 85 67 1 0 0 0 0 68 74 56 1 70 78 75 1 34 89 66 1 0 0 0 0 58 61 59 1 0 0 0 0 0 0 0 0
124 128 129 1 125 126 62 1 82 129 33 1 35 84 67 1 30 105 58 1 43 101 52 1 64 105 94 1 82 93 65 1 22 98 32 1 9 50 36 1 0 30 45 1 44 100 28 1 73 108 68 1 95 116 59 1 19 93 33 1 34 72 45 1 60 69 49 1 73 100 76 1 55 51 61 1 0 70 18 1 61 79 58 1 0 29 39 1 41 35 60 1 34 62 72 1 57 66 56 1 10 43 96 1 64 47 8 1 0 0 0 0 10 74 39 1 18 65 53 1 42 68 76 1 0 0 0 0 6 42 49 1 61 80 19 1 0 39 38 1 0 53 63 1 0 31 43 1 0 4 77 1 10 31 47 1 0 17 35 1 35 60 59 1 0 0 0 0 16 52 99 1 33 60 90 1 48 54 66 1 89 41 56 1 77 56 36 1 37 77 38 1 30 43 81 1 45 58 54 1 53 56 50 1 78 49 43 1 57 43 57 1 56 72 72 1 22 49 97 1 27 34 82 1 71 46 58 1 69 45 67 1 121 58 70 1 0 0 0 0
226 151 103 1 132 139 64 1 110 89 74 1 14 98 87 1 0 0 0 0 98 79 55 1 99 56 55 1 40 40 62 1 8 52 8 1 10 75 52 1 14 80 54 1 51 65 62 1 61 74 25 1 92 88 70 1 28 20 39 1 28 55 52 1 43 78 20 1 61 46 79 1 52 60 41 1 16 21 63 1 23 47 36 1 0 45 23 1 35 37 38 1 0 93 63 1 38 62 62 1 9 40 24 1 6 7 60 1 0 42 30 1 13 35 50 1 0 24 57 1 0 54 15 1 0 0 0 0 15 22 57 1 11 29 38 1 35 49 58 1 27 30 36 1 32 32 0 1 0 46 41 1 0 0 0 0 0 52 53 1 48 34 45 1 4 57 63 1 84 23 68 1 75 103 96 1 58 53 73 1 0 0 0 0 23 70 37 1 48 34 55 1 22 60 67 1 30 35 33 1 33 69 54 1 53 13 69 1 2 37 20 1 34 27 27 1 16 55 61 1 65 49 51 1 76 109 82 1 49 78 38 1 99 84 96 1 65 101 88 1
188 189 124 1 153 152 88 1 132 110 46 1 48 90 64 1 0 0 0 0 40 49 71 1 5 74 67 1 47 69 32 1 23 20 31 1 2 47 41 1 18 44 26 1 12 21 50 1 8 77 77 1 0 0 0 0 37 69 53 1 10 54 16 1 0 63 13 1 12 69 45 1 21 18 40 1 0 0 0 0 20 67 22 1 0 78 60 1 26 64 60 1 0 28 71 1 13 19 58 1 0 18 36 1 0 0 0 0 11 65 29 1 0 83 5 1 0 29 39 1 0 0 0 0 0 0 0 0 5 49 51 1 23 69 10 1 0 64 86 1 28 67 62 1 1 28 31 1 0 77 47 1 12 39 0 1 26 45 34 1 0 0 0 0 34 74 47 1 17 43 36 1 23 78 63 1 40 76 58 1 38 81 35 1 0 0 0 0 23 68 42 1 68 45 17 1 64 89 30 1 37 79 64 1 0 0 0 0 23 72 51 1 72 66 90 1 40 74 68 1 54 61 55 1 102 75 61 1 0 0 0 0 111 117 91 1 89 147 69 1
194 158 150 1 160 135 145 1 118 86 117 1 0 53 23 1 86 40 64 1 11 47 34 1 12 61 47 1 34 58 0 1 15 62 25 1 0 100 39 1 37 58 47 1 11 41 38 1 40 74 50 1 2 63 26 1 8 80 87 1 44 69 55 1 3 80 32 1 5 37 57 1 24 46 30 1 0 0 0 0 0 43 15 1 0 37 51 1 3 32 29 1 0 77 61 1 0 9 35 1 0 40 25 1 59 7 63 1 12 41 68 1 50 71 41 1 39 36 59 1 46 78 64 1 40 79 76 1 15 28 25 1 23 59 34 1 3 68 33 1 0 49 47 1 0 93 45 1 24 31 37 1 22 27 32 1 35 42 73 1 0 0 0 0 56 85 60 1 16 74 0 1 48 72 78 1 70 64 54 1 0 0 0 0 27 58 34 1 40 31 93 1 68 82 67 1 78 56 75 1 52 40 57 1 98 93 72 1 0 0 0 0 96 58 44 1 86 87 79 1 84 80 116 1 59 77 74 1 94 67 78 1 0 0 0 0 88 94 70 1
138 101 66 1 167 129 89 1 0 0 0 0 50 83 53 1 26 64 88 1 30 89 43 1 0 74 49 1 18 28 60 1 38 58 31 1 49 71 44 1 26 46 39 1 26 75 35 1 39 48 53 1 44 65 106 1 57 53 48 1 15 30 33 1 0 42 34 1 0 60 23 1 0 54 25 1 0 0 0 0 11 52 31 1 0 32 75 1 0 52 53 1 0 46 36 1 29 67 56 1 46 13 37 1 15 94 60 1 43 81 62 1 55 74 19 1 73 100 65 1 1 58 0 1 0 0 0 0 21 80 57 1 15 99 51 1 0 0 0 0 5 66 40 1 36 79 30 1 40 84 41 1 22 64 26 1 9 90 72 1 0 97 14 1 23 93 70 1 42 90 51 1 98 114 46 1 69 66 68 1 87 103 94 1 47 61 55 1 72 112 45 1 61 101 64 1 111 103 63 1 104 104 103 1 72 94 90 1 0 0 0 0 78 67 82 1 134 86 84 1 106 77 86 1 70 102 126 1 111 91 48 1 83 112 48 1 95 98 89 1
0 0 0 0 0 0 0 0 95 105 76 1 18 94 123 1 75 86 56 1 51 65 69 1 34 52 35 1 0 55 74 1 32 57 11 1 41 88 35 1 7 68 47 1 20 74 87 1 46 53 48 1 43 69 64 1 0 0 0 0 14 33 79 1 0 33 30 1 24 45 56 1 2 16 39 1 16 66 25 1 7 52 15 1 6 39 44 1 9 58 78 1 31 66 19 1 0 70 39 1 3 39 40 1 43 117 64 1 28 158 33 1 50 100 92 1 87 120 49 1 29 50 37 1 0 0 0 0 5 75 37 1 46 64 66 1 32 48 85 1 45 23 11 1 33 61 81 1 69 87 53 1 0 0 0 0 58 60 26 1 37 109 83 1 89 98 43 1 110 66 87 1 40 70 18 1 71 94 84 1 53 60 85 1 83 94 51 1 31 85 54 1 62 108 77 1 90 134 98 1 120 117 103 1 110 130 123 1 86 118 106 1 108 123 59 1 70 81 93 1 81 90 77 1 0 0 0 0 68 111 69 1 0 0 0 0 61 56 76 1
79 88 49 1 53 79 61 1 0 0 0 0 90 139 66 1 28 74 64 1 48 80 63 1 0 87 5 1 27 80 30 1 23 70 46 1 20 47 61 1 25 1 48 1 26 74 15 1 38 89 44 1 36 78 67 1 37 51 50 1 19 66 69 1 0 73 69 1 5 54 41 1 16 13 76 1 1 38 18 1 15 55 47 1 8 58 39 1 0 0 0 0 29 90 79 1 16 83 56 1 40 55 29 1 0 0 0 0 54 91 41 1 75 88 47 1 27 40 96 1 4 32 17 1 11 72 50 1 71 54 43 1 63 54 10 1 33 95 95 1 40 100 113 1 47 85 75 1 86 57 72 1 58 127 75 1 112 83 60 1 86 84 78 1 82 103 40 1 53 105 103 1 92 70 74 1 63 82 84 1 0 0 0 0 86 84 81 1 85 87 60 1 91 83 43 1 97 78 112 1 109 100 74 1 126 110 67 1 116 101 99 1 111 72 70 1 75 71 45 1 88 83 91 1 62 79 80 1 62 75 62 1 55 67 88 1 87 81 107 1
49 100 71 1 0 0 0 0 109 79 101 1 81 105 65 1 58 71 90 1 34 78 68 1 10 59 54 1 21 64 72 1 17 35 41 1 12 0 91 1 18 36 59 1 32 73 79 1 26 61 35 1 29 41 54 1 39 98 32 1 25 45 29 1 14 57 46 1 10 49 33 1 0 63 46 1 0 55 68 1 0 12 40 1 0 76 0 1 20 23 79 1 33 76 27 1 7 59 42 1 35 74 35 1 43 69 76 1 91 79 67 1 50 115 0 1 0 0 0 0 0 20 49 1 0 67 63 1 13 35 22 1 71 46 74 1 47 66 55 1 0 0 0 0 59 60 85 1 59 70 88 1 74 60 53 1 68 84 82 1 127 100 71 1 99 119 52 1 96 110 66 1 103 92 87 1 112 105 78 1 92 100 81 1 106 126 101 1 114 65 125 1 72 98 81 1 52 109 77 1 73 133 105 1 68 106 67 1 60 72 87 1 92 90 86 1 58 56 46 1 36 96 51 1 0 0 0 0 0 0 0 0 86 70 73 1 64 54 80 1
60 89 60 1 112 158 58 1 134 80 95 1 96 127 64 1 74 109 14 1 0 0 0 0 5 59 28 1 39 88 28 1 3 48 50 1 30 54 42 1 1 51 21 1 44 66 43 1 22 85 81 1 43 88 56 1 64 87 71 1 49 96 34 1 0 0 0 0 5 29 0 1 17 52 60 1 8 55 71 1 6 30 31 1 17 44 38 1 0 34 15 1 74 74 57 1 55 44 62 1 0 96 60 1 62 67 50 1 12 45 50 1 43 54 23 1 20 16 58 1 0 11 98 1 31 34 50 1 0 59 70 1 44 42 48 1 28 72 40 1 35 85 56 1 46 41 35 1 75 54 36 1 91 110 72 1 85 93 61 1 98 91 47 1 116 122 83 1 62 117 71 1 125 90 52 1 108 46 86 1 147 87 85 1 63 100 58 1 55 91 73 1 132 115 59 1 0 0 0 0 126 86 70 1 83 113 122 1 54 68 53 1 81 64 81 1 48 61 98 1 66 110 50 1 61 123 64 1 57 57 44 1 72 79 74 1 97 84 91 1
75 72 35 1 77 99 62 1 144 122 112 1 84 98 90 1 36 44 56 1 0 0 0 0 46 61 24 1 0 75 65 1 0 0 0 0 28 105 64 1 18 69 27 1 40 81 74 1 64 85 57 1 81 98 57 1 94 92 88 1 42 83 97 1 0 0 0 0 44 55 81 1 50 48 54 1 0 57 3 1 66 65 75 1 0 0 0 0 40 110 48 1 69 83 61 1 47 106 103 1 3 26 86 1 20 64 62 1 4 40 79 1 0 55 73 1 0 57 15 1 12 54 38 1 40 80 49 1 40 49 30 1 0 76 61 1 0 50 14 1 28 41 48 1 0 0 0 0 57 41 67 1 80 93 64 1 101 111 99 1 93 121 65 1 62 72 92 1 57 94 70 1 78 93 69 1 96 98 56 1 68 45 58 1 68 101 56 1 65 87 64 1 65 92 80 1 64 115 78 1 110 98 64 1 114 92 118 1 71 84 60 1 66 76 107 1 73 97 69 1 75 96 83 1 0 0 0 0 69 99 64 1 94 126 81 1 134 106 79 1
0 0 0 0 95 80 69 1 81 83 73 1 99 98 84 1 0 0 0 0 47 41 59 1 0 0 0 0 45 59 45 1 29 28 48 1 28 99 64 1 0 0 0 0 70 73 82 1 96 84 74 1 102 111 65 1 115 136 109 1 103 83 93 1 85 109 43 1 67 131 86 1 63 101 67 1 40 73 61 1 0 0 0 0 32 77 96 1 69 84 89 1 45 117 75 1 0 0 0 0 50 55 81 1 39 55 64 1 0 0 0 0 0 0 0 0 3 30 23 1 0 0 41 1 0 26 4 1 24 78 18 1 0 35 37 1 0 55 46 1 15 41 53 1 0 29 21 1 56 50 42 1 0 0 0 0 29 74 43 1 0 0 0 0 0 0 0 0 29 32 59 1 36 75 74 1 0 0 0 0 37 63 74 1 26 69 68 1 74 85 55 1 73 30 42 1 46 68 40 1 110 51 76 1 76 110 67 1 127 52 102 1 78 68 69 1 57 102 36 1 84 92 68 1 83 114 84 1 115 83 39 1 83 108 85 1 163 101 66 1
0 10 30 1 51 77 77 1 84 40 27 1 56 96 93 1 92 70 17 1 48 51 44 1 31 78 75 1 65 74 74 1 70 109 77 1 106 80 75 1 61 82 72 1 90 80 24 1 107 108 54 1 145 95 82 1 150 145 70 1 0 0 0 0 182 141 79 1 131 122 83 1 0 0 0 0 80 127 79 1 94 131 98 1 77 93 67 1 60 80 70 1 68 77 56 1 36 102 71 1 75 73 83 1 68 82 81 1 28 84 69 1 39 33 52 1 0 21 32 1 0 40 50 1 20 0 64 1 0 0 0 0 10 53 45 1 20 34 62 1 21 25 27 1 49 47 51 1 8 69 0 1 35 84 77 1 30 67 72 1 64 77 38 1 41 78 53 1 44 74 32 1 0 0 0 0 79 102 34 1 33 89 42 1 58 23 47 1 72 54 82 1 73 78 66 1 49 82 81 1 37 54 75 1 55 67 85 1 48 111 57 1 0 0 0 0 61 54 52 1 70 54 50 1 66 91 75 1 47 87 73 1 108 84 69 1 85 51 75 1
0 53 45 1 45 54 26 1 49 40 71 1 13 56 17 1 50 99 53 1 16 74 59 1 20 59 46 1 51 61 100 1 106 76 119 1 90 120 73 1 92 84 98 1 56 71 132 1 45 95 98 1 93 93 69 1 143 151 105 1 140 152 107 1 190 204 82 1 143 176 86 1 153 140 102 1 118 122 90 1 111 101 80 1 145 117 73 1 87 120 71 1 56 100 19 1 59 107 71 1 0 0 0 0 63 70 76 1 88 99 86 1 81 70 54 1 19 65 1 1 53 9 72 1 33 73 13 1 33 41 56 1 54 36 51 1 0 20 70 1 45 52 62 1 48 65 51 1 58 56 42 1 45 37 55 1 14 96 19 1 47 48 30 1 44 85 43 1 58 96 67 1 77 88 48 1 73 83 56 1 72 90 83 1 57 43 43 1 70 50 75 1 84 106 61 1 44 92 79 1 66 79 28 1 78 91 65 1 80 114 58 1 0 0 0 0 101 104 57 1 101 123 110 1 107 78 76 1 104 139 36 1 95 118 94 1 119 114 119 1
0 24 19 1 38 46 79 1 0 31 45 1 22 53 66 1 37 65 37 1 41 41 65 1 85 84 25 1 98 86 94 1 87 80 66 1 100 66 76 1 104 72 92 1 87 68 69 1 77 99 94 1 109 103 60 1 119 132 84 1 115 113 62 1 173 144 98 1 139 162 104 1 122 141 117 1 136 124 92 1 92 134 80 1 0 0 0 0 117 119 90 1 92 70 40 1 65 94 77 1 75 87 88 1 89 98 62 1 77 87 48 1 59 91 44 1 0 0 0 0 10 59 45 1 4 68 82 1 73 83 40 1 34 38 23 1 40 100 50 1 91 41 69 1 71 51 26 1 31 55 72 1 73 111 45 1 0 0 0 0 50 104 34 1 71 59 70 1 74 83 87 1 46 59 33 1 44 65 95 1 51 48 102 1 45 114 50 1 67 68 86 1 89 86 41 1 0 0 0 0 51 100 80 1 80 28 63 1 0 0 0 0 0 0 0 0 70 86 68 1 140 80 47 1 100 93 52 1 46 105 110 1 113 114 75 1 98 100 79 1
59 86 36 1 0 0 0 0 0 73 61 1 41 89 44 1 0 49 21 1 25 71 43 1 51 91 61 1 80 102 55 1 0 0 0 0 100 59 85 1 123 69 52 1 70 103 78 1 72 103 49 1 85 116 34 1 94 108 46 1 159 98 74 1 113 108 120 1 107 146 87 1 91 100 88 1 118 132 67 1 125 95 102 1 77 83 77 1 74 124 66 1 118 125 99 1 111 132 121 1 120 86 66 1 110 92 31 1 55 157 93 1 47 87 47 1 0 47 57 1 1 47 48 1 58 60 91 1 96 94 73 1 109 107 107 1 83 121 91 1 80 106 91 1 88 117 18 1 67 124 75 1 64 102 51 1 107 89 84 1 107 102 104 1 64 98 98 1 0 0 0 0 51 79 55 1 0 0 0 0 34 84 52 1 63 84 82 1 82 70 93 1 68 86 82 1 94 112 84 1 124 97 112 1 0 0 0 0 101 121 72 1 71 90 100 1 65 133 60 1 80 132 93 1 37 106 61 1 94 132 89 1 77 84 97 1 115 105 69 1
0 40 72 1 3 48 62 1 0 0 0 0 33 56 39 1 0 0 0 0 65 48 77 1 57 81 48 1 47 65 48 1 78 122 39 1 138 96 77 1 0 0 0 0 116 96 102 1 121 106 86 1 100 86 92 1 59 91 99 1 83 95 62 1 129 59 41 1 124 82 54 1 52 71 87 1 58 96 70 1 0 0 0 0 0 0 0 0 0 0 0 0 111 115 74 1 115 95 95 1 117 121 64 1 0 0 0 0 107 88 42 1 31 78 64 1 0 0 0 0 0 0 0 0 40 104 53 1 48 66 53 1 0 0 0 0 95 102 47 1 120 80 87 1 119 109 82 1 103 130 74 1 0 0 0 0 0 0 0 0 97 106 100 1 96 73 77 1 103 82 89 1 105 97 73 1 69 73 51 1 106 83 124 1 93 123 92 1 92 95 105 1 91 87 76 1 0 0 0 0 100 128 78 1 136 132 107 1 99 101 98 1 0 0 0 0 83 86 92 1 118 109 68 1 63 63 91 1 64 96 79 1 63 78 84 1 0 0 0 0
0 32 37 1 0 0 0 0 47 51 50 1 32 36 58 1 19 86 71 1 17 85 75 1 43 106 72 1 21 91 62 1 72 87 58 1 39 95 76 1 128 77 95 1 94 87 59 1 108 88 60 1 0 0 0 0 0 0 0 0 55 114 57 1 0 0 0 0 0 0 0 0 67 61 93 1 94 83 61 1 67 86 17 1 0 0 0 0 25 71 52 1 0 0 0 0 103 121 63 1 151 94 105 1 134 120 98 1 0 0 0 0 66 89 37 1 37 46 48 1 39 61 28 1 55 69 61 1 94 68 13 1 122 125 112 1 98 110 94 1 113 91 74 1 105 149 74 1 116 125 101 1 97 78 84 1 109 106 68 1 131 86 122 1 0 0 0 0 69 83 73 1 0 0 0 0 102 109 34 1 0 0 0 0 39 65 80 1 0 0 0 0 92 57 71 1 0 0 0 0 104 88 93 1 95 100 55 1 137 130 102 1 134 103 54 1 94 104 50 1 96 124 105 1 49 76 61 1 17 96 84 1 85 98 67 1 83 133 47 1
16 45 66 1 21 20 37 1 24 98 25 1 35 92 60 1 0 0 0 0 65 82 95 1 20 100 62 1 59 77 64 1 60 84 33 1 73 66 91 1 55 93 83 1 47 57 86 1 144 95 77 1 81 110 101 1 80 93 101 1 103 94 28 1 36 100 73 1 49 56 56 1 107 73 51 1 44 69 83 1 74 51 58 1 0 0 0 0 49 56 91 1 81 85 109 1 99 104 77 1 131 128 86 1 112 83 42 1 127 80 96 1 87 132 81 1 109 117 54 1 43 60 67 1 33 45 24 1 57 98 47 1 112 65 62 1 132 127 110 1 114 75 82 1 124 114 78 1 0 0 0 0 128 118 90 1 86 94 83 1 94 95 102 1 103 74 70 1 116 110 95 1 116 118 89 1 118 154 80 1 111 73 62 1 105 61 107 1 96 70 56 1 52 84 23 1 89 64 44 1 49 68 61 1 0 0 0 0 132 77 39 1 115 92 75 1 150 114 95 1 102 79 61 1 84 95 65 1 0 0 0 0 43 62 74 1 81 106 44 1
15 30 25 1 0 0 0 0 56 44 50 1 10 93 57 1 38 71 78 1 59 93 39 1 0 0 0 0 64 112 97 1 54 86 78 1 0 0 0 0 45 40 73 1 21 82 12 1 57 94 58 1 91 87 83 1 58 42 91 1 31 81 63 1 80 74 81 1 0 0 0 0 68 82 33 1 65 53 53 1 88 72 45 1 0 0 0 0 65 94 70 1 115 86 43 1 106 101 82 1 121 143 97 1 93 121 120 1 106 126 84 1 110 112 72 1 65 109 78 1 38 61 84 1 51 85 63 1 70 101 67 1 63 120 88 1 85 113 69 1 0 0 0 0 101 129 105 1 0 0 0 0 98 101 84 1 90 43 41 1 80 102 63 1 111 66 61 1 86 96 60 1 0 0 0 0 148 105 87 1 125 79 102 1 89 95 111 1 104 91 96 1 0 0 0 0 73 91 70 1 62 59 86 1 58 81 115 1 72 75 92 1 125 86 29 1 99 107 101 1 115 91 80 1 70 103 81 1 69 53 108 1 46 78 54 1 75 90 69 1
1 36 43 1 22 25 68 1 51 55 61 1 37 34 74 1 60 65 48 1 52 66 59 1 68 41 98 1 62 111 63 1 69 72 104 1 47 60 57 1 0 31 1 1 64 97 2 1 1 39 83 1 54 111 33 1 80 46 37 1 80 48 68 1 52 96 29 1 52 51 48 1 23 105 54 1 70 144 57 1 0 0 0 0 85 118 64 1 113 114 81 1 47 96 78 1 77 93 39 1 113 91 89 1 110 78 99 1 104 114 79 1 88 98 56 1 69 97 95 1 97 115 46 1 55 118 66 1 90 101 80 1 0 0 0 0 114 88 102 1 61 130 59 1 77 104 88 1 101 87 64 1 95 76 54 1 85 112 66 1 126 70 49 1 85 41 57 1 71 76 48 1 45 70 63 1 76 89 42 1 96 124 77 1 91 117 87 1 104 103 86 1 139 90 99 1 89 138 76 1 96 96 96 1 67 103 61 1 101 80 69 1 94 144 65 1 126 130 89 1 95 127 89 1 94 115 55 1 101 100 108 1 112 122 56 1 22 49 69 1
0 54 32 1 9 47 30 1 0 0 0 0 37 48 74 1 62 41 20 1 48 71 76 1 82 100 84 1 89 73 47 1 52 96 59 1 38 110 78 1 64 33 51 1 0 0 0 0 58 58 43 1 41 31 66 1 62 50 67 1 44 34 109 1 0 0 0 0 55 55 55 1 95 69 80 1 82 121 62 1 84 120 115 1 0 0 0 0 109 98 85 1 100 105 73 1 42 81 66 1 96 63 36 1 129 123 81 1 123 113 42 1 57 77 88 1 24 61 59 1 27 102 52 1 84 91 83 1 119 94 77 1 160 88 97 1 181 118 109 1 129 115 68 1 119 82 73 1 0 0 0 0 0 0 0 0 86 105 71 1 83 73 104 1 113 85 44 1 70 85 83 1 91 117 59 1 104 97 62 1 126 103 75 1 140 75 85 1 120 100 69 1 105 133 72 1 120 82 104 1 0 0 0 0 54 146 130 1 129 108 65 1 117 93 75 1 120 101 92 1 125 81 90 1 74 80 115 1 141 122 94 1 115 62 86 1 61 117 127 1
0 65 32 1 4 53 0 1 21 81 24 1 62 79 72 1 34 90 54 1 86 25 44 1 27 43 39 1 68 104 79 1 72 92 57 1 93 56 43 1 44 79 19 1 90 85 93 1 103 67 65 1 41 91 70 1 99 88 26 1 72 60 37 1 75 52 68 1 69 88 80 1 44 104 78 1 109 85 94 1 75 92 66 1 133 130 73 1 101 110 75 1 70 37 91 1 72 119 13 1 0 0 0 0 92 100 67 1 47 120 60 1 43 52 79 1 36 31 9 1 68 89 53 1 84 113 92 1 142 105 68 1 137 133 64 1 154 142 31 1 115 72 86 1 132 101 56 1 125 103 76 1 102 101 74 1 95 102 91 1 77 120 70 1 85 50 80 1 102 42 52 1 98 93 60 1 97 98 59 1 125 93 55 1 64 142 92 1 0 0 0 0 81 105 85 1 87 119 63 1 118 133 99 1 114 124 100 1 101 120 80 1 128 82 84 1 99 87 58 1 142 135 87 1 112 109 82 1 104 93 91 1 124 94 96 1 111 101 67 1
41 85 12 1 27 53 80 1 17 50 56 1 30 47 53 1 61 56 60 1 22 98 61 1 101 57 90 1 88 101 73 1 22 58 67 1 72 87 55 1 41 63 68 1 95 88 115 1 97 79 67 1 124 95 75 1 90 58 77 1 53 68 87 1 88 87 50 1 61 51 64 1 76 99 87 1 81 112 65 1 0 0 0 0 78 109 62 1 66 69 46 1 69 42 68 1 66 79 88 1 68 61 88 1 69 81 48 1 25 83 43 1 1 22 45 1 29 44 63 1 13 39 73 1 100 77 79 1 102 90 52 1 104 86 101 1 114 136 78 1 0 0 0 0 93 74 72 1 104 85 79 1 98 138 74 1 82 73 40 1 106 101 65 1 83 77 78 1 85 132 60 1 104 90 53 1 32 69 52 1 67 54 35 1 42 92 55 1 76 85 71 1 82 93 84 1 65 97 88 1 103 73 68 1 81 70 73 1 124 105 83 1 90 105 69 1 121 105 63 1 95 92 63 1 104 119 90 1 77 106 89 1 0 0 0 0 129 84 71 1
99 65 55 1 71 87 58 1 51 86 55 1 74 49 38 1 60 69 99 1 73 85 91 1 103 69 58 1 0 0 0 0 0 0 0 0 0 0 0 0 121 98 105 1 137 146 28 1 103 119 109 1 136 111 101 1 0 0 0 0 109 108 76 1 109 97 125 1 54 110 118 1 61 94 76 1 90 82 39 1 69 113 89 1 83 89 64 1 0 0 0 0 29 55 73 1 38 80 74 1 28 93 51 1 22 60 60 1 0 0 0 0 0 59 40 1 0 0 0 0 58 86 69 1 0 0 0 0 39 86 57 1 99 95 53 1 44 64 90 1 81 64 72 1 104 82 50 1 26 78 41 1 35 87 58 1 34 21 88 1 33 34 30 1 41 41 88 1 0 0 0 0 66 76 11 1 56 31 58 1 58 46 79 1 74 47 63 1 66 85 39 1 36 64 56 1 0 0 0 0 99 95 53 1 87 95 48 1 82 127 93 1 101 110 84 1 76 55 53 1 39 92 23 1 0 0 0 0 0 0 0 0 70 112 50 1 47 87 63 1
115 94 82 1 67 105 34 1 70 43 45 1 65 98 74 1 65 92 121 1 62 65 68 1 59 117 86 1 143 87 55 1 94 106 79 1 97 92 76 1 99 145 98 1 137 111 86 1 0 0 0 0 136 88 80 1 81 104 88 1 74 132 118 1 89 89 33 1 73 127 95 1 90 84 97 1 77 145 69 1 55 78 39 1 7 111 56 1 10 103 47 1 0 65 62 1 0 81 52 1 21 60 33 1 21 57 66 1 23 65 17 1 7 50 69 1 33 88 90 1 54 66 76 1 6 79 104 1 70 68 65 1 72 86 108 1 84 98 23 1 56 88 39 1 79 82 66 1 120 67 58 1 50 78 57 1 46 92 56 1 23 48 90 1 62 83 77 1 35 68 5 1 0 0 0 0 67 45 78 1 68 56 66 1 83 74 27 1 91 99 70 1 0 0 0 0 93 104 63 1 123 108 39 1 77 109 87 1 80 126 48 1 118 89 109 1 52 93 29 1 75 52 51 1 0 0 0 0 41 82 89 1 69 31 44 1 66 48 47 1
117 115 111 1 39 103 76 1 42 53 58 1 63 82 22 1 74 57 72 1 48 86 82 1 62 62 29 1 100 77 54 1 0 0 0 0 91 99 48 1 107 70 76 1 56 98 64 1 133 84 24 1 95 77 76 1 100 108 30 1 85 77 64 1 64 85 59 1 61 96 64 1 67 107 93 1 55 92 57 1 11 69 46 1 0 86 54 1 32 46 80 1 3 39 66 1 9 73 36 1 0 62 94 1 29 73 48 1 42 44 49 1 0 82 39 1 64 55 75 1 16 102 80 1 56 92 94 1 63 112 76 1 97 139 93 1 86 71 94 1 113 67 85 1 119 147 128 1 146 103 108 1 126 98 92 1 120 99 71 1 84 74 93 1 68 99 106 1 79 99 109 1 137 69 56 1 78 87 62 1 133 93 60 1 116 100 87 1 93 114 88 1 78 132 105 1 86 136 57 1 63 120 77 1 142 87 55 1 130 92 77 1 93 149 71 1 62 88 56 1 31 65 50 1 52 107 99 1 66 83 92 1 66 45 80 1 44 71 23 1
98 72 91 1 0 0 0 0 65 64 30 1 30 60 30 1 32 104 43 1 7 36 47 1 27 42 55 1 88 115 39 1 69 95 68 1 75 65 29 1 38 58 87 1 105 44 41 1 0 0 0 0 96 50 39 1 57 53 61 1 97 65 65 1 50 118 89 1 65 59 81 1 46 85 72 1 40 52 71 1 34 81 50 1 0 65 52 1 0 0 0 0 8 54 34 1 5 62 38 1 0 2 54 1 1 65 43 1 1 80 28 1 31 55 37 1 72 43 35 1 81 98 60 1 81 120 104 1 87 142 103 1 91 144 123 1 0 0 0 0 0 0 0 0 117 131 85 1 94 137 105 1 102 114 95 1 154 101 59 1 127 95 81 1 131 115 39 1 123 122 63 1 144 102 106 1 159 57 105 1 112 115 70 1 162 102 106 1 70 113 44 1 87 83 57 1 79 82 81 1 59 78 97 1 93 84 99 1 97 110 87 1 102 94 75 1 0 0 0 0 44 79 33 1 50 78 62 1 6 51 63 1 0 0 0 0 0 0 0 0
56 46 45 1 38 51 68 1 44 58 86 1 57 113 38 1 60 23 57 1 10 24 58 1 0 0 0 0 69 86 72 1 70 59 52 1 66 52 39 1 64 69 72 1 40 99 70 1 43 59 42 1 0 0 0 0 42 93 81 1 65 76 54 1 66 61 70 1 0 0 0 0 63 84 61 1 35 48 45 1 5 34 23 1 57 38 22 1 6 85 77 1 35 51 50 1 35 71 19 1 9 48 29 1 17 35 54 1 0 0 0 0 79 98 37 1 65 77 61 1 69 99 84 1 105 75 76 1 113 68 74 1 119 103 105 1 103 83 88 1 110 118 74 1 0 0 0 0 83 130 78 1 119 109 101 1 117 99 80 1 0 0 0 0 140 148 90 1 0 0 0 0 149 84 89 1 139 97 83 1 127 112 109 1 86 90 72 1 64 76 82 1 104 63 13 1 80 78 52 1 56 65 61 1 99 78 118 1 75 95 102 1 41 135 69 1 0 0 0 0 42 50 7 1 34 34 75 1 0 0 0 0 28 41 35 1 38 71 45 1
32 54 67 1 91 59 38 1 36 87 72 1 51 87 43 1 53 43 66 1 24 85 44 1 35 69 73 1 19 77 55 1 0 0 0 0 78 65 51 1 66 107 59 1 68 72 44 1 82 109 71 1 75 111 43 1 76 54 136 1 70 82 57 1 58 97 76 1 0 0 0 0 0 0 0 0 12 35 38 1 37 47 19 1 0 0 0 0 5 24 28 1 26 35 42 1 11 17 36 1 3 64 27 1 0 66 32 1 0 58 59 1 63 43 44 1 84 92 21 1 30 77 113 1 28 65 97 1 84 78 65 1 68 76 95 1 95 101 66 1 83 82 106 1 87 53 91 1 80 94 20 1 140 118 94 1 92 95 74 1 0 0 0 0 146 81 100 1 109 112 56 1 0 0 0 0 0 0 0 0 84 106 47 1 94 77 91 1 0 0 0 0 56 43 97 1 0 0 0 0 85 82 82 1 61 74 57 1 118 91 50 1 101 97 64 1 57 107 124 1 43 89 41 1 0 0 0 0 2 55 25 1 0 0 0 0 14 58 69 1
44 56 30 1 42 54 84 1 31 40 64 1 40 69 55 1 61 71 48 1 23 68 66 1 82 54 36 1 11 52 61 1 48 70 66 1 30 88 75 1 86 68 37 1 48 94 94 1 56 42 72 1 57 75 39 1 34 35 67 1 53 16 49 1 39 49 58 1 0 0 0 0 46 15 21 1 19 28 95 1 30 85 63 1 45 77 60 1 21 36 67 1 0 58 58 1 0 40 45 1 5 27 19 1 0 0 0 0 23 39 55 1 20 76 82 1 86 35 20 1 95 95 74 1 74 81 82 1 83 99 103 1 72 75 94 1 85 66 80 1 81 89 63 1 89 90 80 1 96 99 64 1 103 86 105 1 0 0 0 0 0 0 0 0 68 100 82 1 57 70 60 1 100 83 45 1 83 66 90 1 81 72 79 1 74 44 58 1 0 0 0 0 71 114 45 1 70 54 68 1 99 80 35 1 76 111 50 1 76 109 67 1 63 99 54 1 68 52 61 1 87 67 33 1 46 90 29 1 19 46 56 1 0 47 58 1 0 0 0 0
0 0 0 0 33 105 42 1 0 61 57 1 19 45 59 1 29 54 33 1 47 36 73 1 4 70 52 1 14 68 65 1 30 65 50 1 26 60 52 1 15 35 66 1 69 35 75 1 60 62 69 1 53 68 32 1 1 48 56 1 44 22 37 1 0 0 0 0 13 58 72 1 0 0 0 0 24 62 12 1 21 50 84 1 47 51 24 1 41 81 32 1 52 57 59 1 0 0 0 0 7 34 35 1 0 36 38 1 0 59 34 1 0 0 0 0 26 68 73 1 34 39 15 1 24 67 62 1 65 54 62 1 89 55 56 1 56 60 70 1 108 90 80 1 0 0 0 0 62 99 76 1 51 76 61 1 115 90 71 1 0 0 0 0 0 0 0 0 0 0 0 0 115 94 72 1 72 76 46 1 63 113 94 1 43 64 63 1 125 95 56 1 47 89 81 1 78 54 84 1 80 101 105 1 0 0 0 0 108 78 10 1 84 109 70 1 96 88 66 1 126 67 65 1 53 77 60 1 63 80 79 1 6 73 45 1 28 86 83 1
69 55 89 1 72 114 37 1 16 51 49 1 6 56 38 1 27 56 68 1 0 48 43 1 77 84 92 1 29 79 63 1 34 70 61 1 27 43 34 1 32 69 39 1 25 40 36 1 28 70 27 1 0 63 66 1 51 41 75 1 40 81 31 1 65 87 45 1 36 45 36 1 25 57 29 1 23 42 10 1 0 5 21 1 1 75 36 1 0 31 49 1 34 82 22 1 0 68 84 1 22 35 59 1 0 0 0 0 14 53 70 1 17 51 56 1 36 63 54 1 13 52 51 1 66 38 41 1 75 73 51 1 66 51 51 1 95 67 67 1 85 90 39 1 44 77 60 1 44 80 87 1 67 92 100 1 67 100 87 1 98 112 75 1 90 61 95 1 82 55 68 1 94 73 102 1 103 96 87 1 87 73 75 1 67 97 70 1 61 57 49 1 74 75 55 1 98 83 84 1 87 103 93 1 77 104 76 1 139 90 104 1 151 133 87 1 137 145 79 1 129 116 81 1 124 101 79 1 67 111 31 1 100 119 74 1 41 64 59 1
117 71 80 1 90 87 71 1 0 60 77 1 8 64 55 1 47 61 19 1 0 0 0 0 30 72 59 1 57 73 43 1 35 37 72 1 34 69 14 1 34 78 50 1 39 56 66 1 14 52 30 1 6 49 69 1 42 49 34 1 75 64 50 1 89 65 40 1 55 66 55 1 46 70 52 1 41 54 12 1 22 48 35 1 6 56 63 1 12 29 72 1 38 82 36 1 19 67 25 1 27 65 63 1 15 62 37 1 32 86 49 1 40 70 73 1 0 0 0 0 0 0 0 0 34 102 66 1 17 94 66 1 53 83 50 1 29 91 55 1 63 91 70 1 69 84 65 1 70 47 73 1 44 73 70 1 96 90 94 1 84 88 93 1 0 0 0 0 78 112 86 1 40 63 84 1 70 48 59 1 43 62 55 1 49 78 53 1 53 87 35 1 101 97 71 1 102 110 51 1 84 116 70 1 128 103 57 1 123 129 96 1 144 130 101 1 145 114 87 1 159 110 75 1 120 86 69 1 79 105 86 1 56 108 52 1 55 87 63 1
75 97 80 1 71 112 61 1 64 59 52 1 50 49 28 1 19 65 56 1 76 101 29 1 69 70 55 1 80 58 71 1 50 58 72 1 58 51 69 1 49 57 48 1 84 54 70 1 0 0 0 0 28 39 36 1 0 55 65 1 64 73 44 1 48 81 62 1 67 56 93 1 96 103 47 1 64 32 79 1 53 43 53 1 21 64 50 1 33 84 58 1 8 56 39 1 0 54 31 1 37 34 17 1 38 83 44 1 0 0 0 0 21 78 50 1 75 56 50 1 73 135 70 1 68 65 96 1 77 59 74 1 102 51 66 1 72 97 42 1 42 30 54 1 92 58 86 1 12 64 45 1 69 73 34 1 0 0 0 0 71 94 50 1 36 101 52 1 49 75 53 1 67 90 78 1 84 72 90 1 50 72 46 1 75 65 45 1 99 72 79 1 111 124 14 1 72 99 80 1 119 94 111 1 86 63 79 1 136 140 109 1 131 111 109 1 155 111 106 1 104 70 59 1 91 115 54 1 0 0 0 0 19 61 43 1 31 37 43 1
93 77 53 1 60 33 87 1 82 52 70 1 43 47 61 1 21 59 48 1 55 41 55 1 0 0 0 0 91 80 57 1 0 0 0 0 54 51 52 1 37 85 71 1 73 61 59 1 42 47 75 1 0 0 0 0 0 29 57 1 34 55 45 1 79 86 48 1 91 104 71 1 76 55 42 1 27 56 49 1 34 76 46 1 9 53 69 1 56 48 34 1 43 19 55 1 27 56 62 1 19 47 59 1 67 79 90 1 28 61 60 1 57 48 26 1 52 60 62 1 53 72 47 1 0 0 0 0 75 99 56 1 56 73 49 1 47 61 42 1 67 53 93 1 74 79 98 1 89 92 58 1 67 53 59 1 0 0 0 0 58 58 56 1 78 102 63 1 81 87 64 1 102 68 113 1 99 117 36 1 82 65 51 1 76 81 52 1 96 74 80 1 88 76 80 1 75 60 81 1 82 61 62 1 70 55 53 1 60 72 33 1 86 114 57 1 138 65 98 1 78 89 67 1 76 83 78 1 6 66 49 1 0 0 0 0 17 77 21 1
65 61 90 1 93 67 65 1 87 84 72 1 29 78 75 1 29 36 59 1 44 84 28 1 33 55 90 1 0 0 0 0 21 46 66 1 41 72 36 1 54 49 51 1 0 96 69 1 17 77 42 1 41 86 76 1 32 24 51 1 12 67 27 1 101 63 56 1 0 0 0 0 66 65 62 1 48 57 10 1 17 15 79 1 6 46 47 1 17 44 38 1 14 54 35 1 51 48 60 1 56 114 6 1 46 137 84 1 95 86 72 1 97 44 84 1 0 62 50 1 24 67 36 1 21 76 57 1 72 88 45 1 0 0 0 0 119 75 51 1 102 94 93 1 90 100 101 1 92 108 110 1 86 82 94 1 58 90 77 1 74 103 64 1 84 127 61 1 80 85 73 1 77 65 62 1 0 0 0 0 58 94 46 1 82 77 71 1 85 83 80 1 84 100 59 1 75 78 70 1 42 41 22 1 31 78 39 1 58 61 51 1 45 63 80 1 64 87 64 1 68 101 38 1 71 69 55 1 33 56 62 1 22 74 4 1 0 40 63 1
67 72 47 1 73 52 48 1 32 80 62 1 44 90 41 1 0 0 0 0 22 48 54 1 15 59 56 1 33 64 58 1 0 43 60 1 38 43 42 1 2 68 75 1 7 66 39 1 19 47 53 1 56 31 56 1 12 95 62 1 41 63 43 1 0 0 0 0 8 90 54 1 39 85 16 1 45 66 38 1 35 72 40 1 0 0 0 0 28 54 10 1 0 0 0 0 11 51 40 1 63 94 48 1 76 101 85 1 66 100 124 1 70 87 73 1 67 64 97 1 47 98 109 1 41 94 33 1 43 43 23 1 45 57 51 1 72 68 44 1 45 65 9 1 62 51 46 1 0 0 0 0 84 55 42 1 72 77 12 1 66 93 66 1 61 88 65 1 53 88 77 1 65 84 82 1 78 95 62 1 0 0 0 0 54 98 63 1 99 85 66 1 66 119 83 1 72 42 35 1 0 0 0 0 0 0 0 0 6 96 42 1 29 64 66 1 85 69 52 1 88 70 49 1 52 79 54 1 45 59 8 1 54 67 61 1 31 23 45 1
49 69 70 1 66 72 69 1 34 46 91 1 76 49 45 1 31 83 65 1 64 31 86 1 36 46 76 1 0 54 3 1 38 7 53 1 0 48 20 1 19 38 29 1 26 81 53 1 67 87 37 1 20 55 86 1 62 48 30 1 42 84 74 1 45 83 76 1 18 104 96 1 50 61 74 1 49 78 67 1 38 54 88 1 0 57 75 1 0 51 4 1 60 42 76 1 3 55 43 1 55 24 32 1 67 94 27 1 86 81 32 1 47 87 61 1 96 99 73 1 52 92 71 1 92 54 10 1 69 91 72 1 79 67 73 1 52 113 59 1 33 5 67 1 41 66 74 1 31 21 66 1 30 60 69 1 0 0 0 0 67 73 58 1 47 71 57 1 70 77 98 1 62 69 79 1 0 0 0 0 83 73 84 1 64 62 74 1 60 117 60 1 72 108 71 1 72 103 50 1 58 7 51 1 38 37 54 1 13 60 44 1 66 69 76 1 45 53 56 1 32 96 27 1 80 48 70 1 39 83 48 1 70 82 68 1 3 77 57 1
0 0 0 0 50 97 49 1 39 68 42 1 53 42 90 1 39 29 22 1 39 102 46 1 0 30 66 1 39 27 32 1 5 54 42 1 7 40 60 1 0 0 0 0 64 85 17 1 77 87 54 1 0 0 0 0 86 59 59 1 64 50 54 1 51 77 75 1 39 60 41 1 27 72 68 1 33 56 11 1 15 51 64 1 36 74 32 1 14 64 69 1 10 41 64 1 62 36 24 1 52 93 76 1 84 88 35 1 103 96 74 1 62 86 72 1 69 78 60 1 75 56 78 1 49 71 55 1 73 69 66 1 54 64 83 1 47 39 107 1 29 12 51 1 28 46 51 1 65 35 62 1 86 60 56 1 64 86 32 1 77 98 97 1 107 84 45 1 69 80 52 1 59 109 42 1 78 56 66 1 94 81 62 1 86 77 32 1 47 100 84 1 71 46 79 1 71 64 9 1 54 38 28 1 37 28 44 1 44 33 44 1 33 54 50 1 82 91 84 1 19 79 32 1 77 84 54 1 91 72 71 1 56 59 38 1 66 50 41 1
0 0 0 0 47 63 26 1 48 39 43 1 0 0 0 0 58 69 84 1 44 86 24 1 33 82 47 1 20 89 65 1 25 47 43 1 6 76 54 1 22 50 71 1 29 57 70 1 67 95 97 1 37 82 73 1 54 73 33 1 49 93 71 1 64 67 82 1 0 0 0 0 0 99 70 1 42 69 89 1 26 59 51 1 9 60 73 1 18 52 40 1 31 70 53 1 35 58 52 1 28 79 43 1 0 0 0 0 67 69 71 1 45 60 40 1 0 0 0 0 56 82 92 1 34 54 26 1 28 37 90 1 0 0 0 0 0 0 0 0 70 93 92 1 66 97 65 1 57 97 52 1 74 104 37 1 87 86 75 1 73 82 40 1 77 86 40 1 53 48 42 1 30 81 87 1 61 85 53 1 71 126 59 1 0 0 0 0 108 76 64 1 60 91 54 1 0 0 0 0 32 46 58 1 46 60 68 1 39 92 54 1 0 0 0 0 34 29 54 1 23 65 35 1 51 95 66 1 67 132 49 1 59 74 34 1 4 79 22 1
71 46 77 1 94 51 37 1 58 81 68 1 38 70 77 1 0 0 0 0 88 96 68 1 87 91 63 1 63 68 39 1 29 35 34 1 0 58 26 1 40 63 51 1 34 51 22 1 80 45 79 1 67 106 33 1 75 83 65 1 67 93 68 1 66 66 94 1 57 59 51 1 68 49 32 1 59 90 107 1 72 71 64 1 12 68 77 1 14 53 55 1 64 32 50 1 0 0 0 0 14 44 69 1 0 0 0 0 13 96 52 1 0 0 0 0 41 46 54 1 34 125 24 1 77 76 82 1 52 127 70 1 55 62 63 1 91 98 65 1 90 59 94 1 64 92 49 1 58 74 81 1 86 65 27 1 71 73 105 1 56 66 71 1 75 45 31 1 52 95 74 1 25 59 77 1 71 74 85 1 87 130 65 1 0 0 0 0 53 139 51 1 64 96 40 1 68 102 71 1 22 42 50 1 22 43 45 1 40 116 21 1 12 72 41 1 1 45 50 1 3 47 47 1 44 53 41 1 1 70 82 1 47 113 53 1 6 84 61 1
124 74 72 1 94 88 82 1 74 86 48 1 55 81 58 1 89 60 83 1 79 81 55 1 43 111 94 1 72 60 46 1 4 72 67 1 44 54 70 1 10 50 61 1 0 0 0 0 2 31 86 1 37 76 37 1 14 76 47 1 52 121 56 1 57 97 76 1 31 67 39 1 48 47 66 1 45 46 83 1 9 76 61 1 17 23 31 1 0 60 28 1 27 67 43 1 0 0 0 0 56 78 51 1 77 107 73 1 63 106 75 1 70 66 35 1 46 77 58 1 49 52 61 1 0 0 0 0 29 59 28 1 47 93 75 1 0 0 0 0 83 59 100 1 52 106 58 1 29 77 75 1 95 70 70 1 0 0 0 0 80 66 77 1 64 80 57 1 53 41 76 1 89 79 65 1 115 116 50 1 32 73 56 1 87 87 66 1 77 66 76 1 93 129 55 1 38 92 57 1 58 105 71 1 69 76 78 1 9 66 45 1 6 26 37 1 7 96 7 1 0 55 18 1 10 38 34 1 61 62 44 1 41 59 58 1 49 99 53 1
187 137 80 1 141 141 110 1 91 106 57 1 83 99 79 1 90 72 25 1 40 86 44 1 60 83 47 1 44 75 88 1 60 106 28 1 74 67 67 1 0 0 0 0 15 46 54 1 0 0 0 0 39 69 55 1 19 79 25 1 29 57 66 1 16 54 38 1 61 58 49 1 62 76 98 1 56 118 81 1 12 30 92 1 22 68 36 1 5 35 24 1 23 23 24 1 0 0 0 0 59 87 54 1 76 97 65 1 66 82 95 1 44 119 101 1 67 105 49 1 56 42 34 1 57 50 49 1 58 92 37 1 33 70 104 1 45 68 58 1 51 52 30 1 0 0 0 0 64 46 90 1 0 0 0 0 0 0 0 0 32 92 71 1 34 73 67 1 69 90 65 1 61 99 92 1 67 99 85 1 100 77 107 1 83 126 85 1 103 127 39 1 101 111 43 1 0 0 0 0 52 19 49 1 15 27 74 1 17 53 44 1 19 13 76 1 0 0 0 0 31 76 93 1 33 40 10 1 55 37 46 1 63 77 19 1 0 0 0 0
128 167 105 1 172 92 113 1 0 0 0 0 69 115 71 1 114 92 61 1 42 111 36 1 0 0 0 0 51 46 79 1 59 62 38 1 68 85 60 1 38 88 54 1 41 72 0 1 33 73 69 1 40 63 75 1 63 46 39 1 0 0 0 0 62 58 38 1 28 78 80 1 79 55 25 1 28 81 10 1 27 76 80 1 29 57 60 1 72 78 39 1 15 33 45 1 51 76 75 1 53 38 59 1 52 60 41 1 70 73 64 1 54 64 27 1 59 109 53 1 53 71 24 1 15 64 55 1 80 72 48 1 76 27 82 1 57 52 53 1 64 90 63 1 23 28 30 1 84 64 64 1 60 68 93 1 99 72 105 1 114 90 55 1 77 93 90 1 98 48 63 1 117 145 62 1 101 111 57 1 77 116 101 1 101 81 67 1 111 124 77 1 43 99 109 1 105 44 46 1 39 84 17 1 26 58 55 1 0 0 0 0 53 90 69 1 80 67 72 1 77 89 86 1 62 44 52 1 111 102 50 1 98 56 76 1 109 156 113 1
141 117 91 1 147 114 97 1 152 101 89 1 128 97 71 1 86 115 77 1 103 95 82 1 87 99 60 1 43 67 33 1 41 99 47 1 31 100 71 1 71 53 93 1 41 81 38 1 58 58 79 1 58 58 98 1 0 0 0 0 42 78 24 1 33 97 44 1 33 61 35 1 31 29 31 1 29 90 24 1 50 40 107 1 70 84 46 1 0 0 0 0 75 54 63 1 73 69 36 1 37 56 23 1 75 47 55 1 102 67 70 1 92 77 65 1 85 85 54 1 110 73 73 1 33 42 50 1 9 78 59 1 130 69 80 1 43 53 63 1 88 97 52 1 65 88 65 1 0 0 0 0 0 0 0 0 88 108 85 1 0 0 0 0 109 96 105 1 90 109 90 1 160 144 90 1 151 109 91 1 103 120 81 1 131 106 71 1 73 80 89 1 89 83 32 1 39 122 74 1 52 65 99 1 66 84 38 1 61 88 56 1 124 68 72 1 0 0 0 0 82 91 62 1 77 91 114 1 61 150 109 1 109 123 95 1 109 121 87 1
135 109 103 1 112 111 103 1 191 151 85 1 110 139 123 1 143 123 83 1 127 106 35 1 55 66 64 1 74 75 39 1 87 49 80 1 50 114 30 1 78 82 63 1 48 59 32 1 38 71 49 1 17 85 68 1 56 46 76 1 95 108 62 1 35 39 39 1 0 0 0 0 38 29 47 1 109 115 72 1 54 97 72 1 92 74 97 1 83 93 70 1 0 0 0 0 54 89 53 1 74 79 75 1 36 92 60 1 0 0 0 0 54 70 67 1 0 0 0 0 64 57 81 1 65 66 42 1 78 97 62 1 9 61 54 1 55 58 85 1 83 94 77 1 99 81 73 1 65 62 59 1 88 140 48 1 97 99 96 1 101 87 93 1 107 72 75 1 89 129 93 1 153 144 49 1 80 83 84 1 80 98 42 1 80 90 42 1 84 99 60 1 99 91 104 1 34 108 42 1 63 64 36 1 62 27 79 1 82 64 89 1 35 78 63 1 82 97 77 1 86 104 73 1 109 90 124 1 157 154 118 1 149 142 89 1 115 116 66 1
164 126 85 1 143 139 117 1 152 152 132 1 0 0 0 0 112 149 64 1 87 93 105 1 64 87 66 1 41 63 97 1 98 60 32 1 0 0 0 0 100 100 72 1 88 91 47 1 49 94 65 1 72 61 96 1 85 92 60 1 65 85 81 1 142 111 52 1 90 49 99 1 85 87 103 1 90 125 64 1 114 128 91 1 63 77 56 1 102 88 89 1 54 129 84 1 104 86 82 1 111 106 41 1 78 49 84 1 0 0 0 0 95 91 101 1 61 70 81 1 89 86 45 1 71 86 52 1 88 123 71 1 80 86 59 1 99 54 19 1 118 62 42 1 71 139 108 1 94 81 38 1 86 74 98 1 96 109 41 1 87 116 49 1 0 0 0 0 0 0 0 0 63 75 70 1 128 106 101 1 68 73 54 1 78 52 53 1 93 106 49 1 107 86 59 1 45 91 29 1 44 69 89 1 51 56 48 1 49 91 82 1 31 108 48 1 65 81 59 1 95 101 96 1 101 140 77 1 145 110 88 1 139 129 119 1 0 0 0 0
143 125 101 1 163 118 108 1 150 164 113 1 174 132 94 1 99 86 87 1 46 97 66 1 118 32 75 1 84 126 84 1 101 60 68 1 74 67 91 1 0 0 0 0 53 28 72 1 58 40 89 1 38 69 84 1 47 86 70 1 42 67 89 1 75 66 104 1 132 120 67 1 0 0 0 0 139 96 79 1 124 109 68 1 118 105 75 1 0 0 0 0 76 71 63 1 109 90 85 1 136 81 98 1 135 120 142 1 97 108 50 1 104 118 99 1 116 98 95 1 74 92 99 1 102 87 97 1 114 130 41 1 94 75 20 1 85 112 52 1 76 92 57 1 106 122 46 1 96 85 101 1 99 60 66 1 117 73 64 1 59 127 85 1 54 98 62 1 98 90 68 1 46 105 51 1 83 66 62 1 67 86 57 1 81 49 30 1 91 106 32 1 99 92 66 1 50 96 39 1 72 84 72 1 60 66 47 1 24 51 52 1 95 92 23 1 93 111 79 1 101 99 132 1 112 107 107 1 77 127 93 1 107 134 65 1 104 155 121 1
154 110 107 1 205 132 111 1 157 140 152 1 0 0 0 0 121 112 57 1 132 112 68 1 114 109 72 1 84 68 74 1 0 0 0 0 101 107 65 1 94 123 78 1 61 72 92 1 34 103 52 1 57 52 74 1 30 110 21 1 83 77 48 1 94 85 64 1 66 86 81 1 126 80 56 1 153 133 88 1 137 110 62 1 0 0 0 0 99 91 84 1 0 0 0 0 98 119 93 1 137 100 73 1 137 174 131 1 121 99 68 1 102 106 94 1 0 0 0 0 57 58 67 1 126 102 72 1 0 0 0 0 0 0 0 0 0 0 0 0 72 112 69 1 108 90 65 1 100 99 83 1 95 77 62 1 117 70 77 1 0 0 0 0 55 86 82 1 79 99 78 1 83 90 83 1 86 95 40 1 47 85 80 1 65 87 73 1 97 74 53 1 68 74 68 1 68 96 61 1 0 0 0 0 52 67 64 1 88 88 39 1 0 0 0 0 150 157 116 1 126 172 83 1 166 178 120 1 0 0 0 0 84 97 27 1 104 84 56 1
122 148 48 1 154 148 94 1 141 156 99 1 192 179 119 1 0 0 0 0 135 105 138 1 108 86 92 1 99 88 78 1 102 65 45 1 0 0 0 0 61 87 79 1 39 94 57 1 30 55 24 1 69 42 44 1 71 88 54 1 77 58 78 1 101 126 100 1 128 121 58 1 83 71 65 1 131 135 77 1 101 77 76 1 97 101 91 1 47 90 65 1 67 100 75 1 119 139 98 1 137 165 111 1 190 136 95 1 178 149 112 1 147 121 73 1 0 0 0 0 90 97 75 1 63 94 59 1 114 102 29 1 0 0 0 0 97 104 59 1 93 98 91 1 52 118 70 1 0 0 0 0 0 0 0 0 0 0 0 0 53 105 114 1 94 50 92 1 78 107 67 1 113 84 98 1 102 57 42 1 93 75 64 1 54 90 108 1 76 98 66 1 81 65 84 1 113 78 87 1 0 0 0 0 0 0 0 0 59 56 51 1 94 116 95 1 128 124 103 1 187 156 136 1 128 129 116 1 90 122 55 1 56 82 59 1 57 82 42 1
150 142 62 1 192 124 125 1 212 168 122 1 184 160 127 1 184 157 143 1 152 129 96 1 103 109 97 1 82 69 108 1 68 109 94 1 84 89 54 1 88 122 38 1 82 118 67 1 70 63 32 1 111 117 56 1 82 102 90 1 126 102 127 1 106 114 69 1 176 131 67 1 0 0 0 0 112 91 40 1 76 119 72 1 0 0 0 0 47 99 48 1 75 77 96 1 133 141 77 1 169 141 97 1 170 114 84 1 175 121 83 1 105 131 74 1 58 122 74 1 87 51 71 1 68 82 81 1 93 73 58 1 92 80 4 1 0 0 0 0 76 67 62 1 85 90 71 1 73 116 48 1 57 78 65 1 57 77 58 1 107 119 65 1 88 74 65 1 90 81 69 1 74 53 94 1 60 122 76 1 64 71 91 1 69 56 87 1 44 69 37 1 104 85 65 1 111 59 35 1 128 91 94 1 101 96 77 1 124 86 96 1 93 101 105 1 143 154 103 1 157 140 115 1 117 142 84 1 100 89 51 1 10 82 30 1 43 63 43 1
129 113 51 1 151 171 117 1 167 176 123 1 200 170 119 1 209 129 153 1 166 164 124 1 156 131 81 1 118 120 62 1 0 0 0 0 105 101 52 1 82 105 49 1 52 95 75 1 102 72 53 1 97 114 68 1 105 118 87 1 133 107 56 1 131 149 124 1 163 113 80 1 150 123 82 1 0 0 0 0 56 85 73 1 4 93 11 1 34 102 46 1 96 123 69 1 145 104 68 1 136 77 96 1 134 121 68 1 120 127 80 1 119 114 69 1 0 0 0 0 47 23 59 1 0 0 0 0 45 72 76 1 81 62 27 1 91 94 113 1 121 70 50 1 101 68 83 1 109 116 112 1 75 95 54 1 0 0 0 0 88 96 101 1 127 107 90 1 79 90 106 1 0 0 0 0 84 106 68 1 88 56 51 1 94 90 53 1 51 109 91 1 80 45 80 1 123 74 89 1 88 91 120 1 107 129 65 1 126 96 94 1 149 173 110 1 149 134 74 1 137 143 132 1 85 128 66 1 67 87 84 1 33 79 53 1 18 52 55 1
114 89 84 1 201 178 121 1 188 164 124 1 147 154 134 1 167 161 102 1 160 179 116 1 141 139 67 1 61 98 76 1 104 83 99 1 0 0 0 0 70 104 75 1 106 83 60 1 115 83 93 1 92 85 22 1 79 107 58 1 82 120 94 1 122 144 36 1 122 138 115 1 138 123 61 1 62 118 64 1 66 31 72 1 39 92 89 1 83 84 79 1 59 119 81 1 126 83 52 1 93 142 82 1 177 104 80 1 130 110 54 1 138 96 55 1 92 91 99 1 0 0 0 0 58 60 57 1 60 66 71 1 0 0 0 0 92 109 88 1 182 167 109 1 155 149 63 1 163 102 77 1 97 122 52 1 116 121 84 1 95 97 53 1 109 137 90 1 120 158 69 1 107 123 63 1 79 133 57 1 0 0 0 0 85 67 95 1 113 133 125 1 83 101 77 1 101 57 73 1 97 109 103 1 0 0 0 0 167 159 104 1 188 179 84 1 166 172 97 1 168 133 99 1 0 0 0 0 0 0 0 0 80 90 52 1 0 0 0 0
92 114 77 1 180 146 119 1 211 204 118 1 193 187 133 1 193 186 135 1 173 133 98 1 153 119 92 1 113 125 78 1 102 110 33 1 100 76 49 1 79 68 38 1 0 0 0 0 63 89 86 1 103 81 52 1 77 39 27 1 0 0 0 0 0 0 0 0 119 117 67 1 86 101 106 1 60 82 78 1 6 16 50 1 28 61 65 1 57 78 84 1 112 90 85 1 109 121 67 1 165 109 100 1 145 167 102 1 135 113 118 1 122 93 85 1 86 79 101 1 87 91 51 1 59 110 78 1 36 44 68 1 115 107 97 1 168 166 99 1 223 142 125 1 164 138 92 1 165 127 117 1 152 147 25 1 112 137 58 1 111 117 71 1 129 121 129 1 133 128 110 1 172 128 126 1 178 116 99 1 133 108 81 1 111 170 101 1 127 112 94 1 0 0 0 0 190 117 99 1 0 0 0 0 191 158 119 1 182 159 83 1 150 178 123 1 185 150 109 1 155 171 84 1 165 120 133 1 150 145 119 1 107 97 71 1 0 0 0 0
28 55 76 1 78 118 100 1 115 127 86 1 175 95 115 1 216 177 140 1 154 133 100 1 114 173 110 1 105 99 122 1 104 117 80 1 83 85 63 1 48 102 94 1 80 75 91 1 12 41 47 1 31 74 36 1 31 65 57 1 78 82 28 1 73 82 43 1 76 57 46 1 56 78 63 1 0 0 0 0 34 30 38 1 30 31 40 1 27 78 69 1 73 95 80 1 154 132 144 1 188 138 73 1 161 146 117 1 118 133 40 1 0 0 0 0 0 0 0 0 130 112 57 1 104 111 91 1 111 107 46 1 142 108 98 1 0 0 0 0 187 169 129 1 186 129 111 1 132 164 89 1 174 111 128 1 142 109 147 1 144 139 108 1 124 145 94 1 200 164 82 1 194 186 156 1 124 167 126 1 131 135 119 1 120 156 93 1 119 103 115 1 138 151 110 1 134 121 119 1 157 115 96 1 136 172 110 1 136 138 118 1 143 116 117 1 190 194 132 1 184 167 111 1 176 160 110 1 198 131 79 1 144 158 93 1 115 98 75 1
0 0 0 0 51 97 54 1 95 70 67 1 0 0 0 0 143 94 85 1 138 120 67 1 140 135 87 1 143 156 102 1 144 149 119 1 123 86 108 1 78 140 73 1 66 75 33 1 66 93 61 1 0 0 0 0 92 70 47 1 25 86 85 1 34 92 54 1 32 64 30 1 30 89 63 1 26 72 39 1 20 99 55 1 37 15 49 1 71 49 57 1 94 105 41 1 0 0 0 0 0 0 0 0 102 115 100 1 0 0 0 0 0 0 0 0 135 101 119 1 112 105 62 1 119 132 80 1 150 105 86 1 177 109 144 1 152 124 80 1 0 0 0 0 150 96 120 1 115 126 72 1 116 157 119 1 68 127 85 1 139 128 88 1 132 113 74 1 154 129 106 1 169 144 108 1 167 146 81 1 136 123 64 1 109 124 116 1 109 120 51 1 81 121 63 1 105 102 97 1 117 115 89 1 106 138 94 1 0 0 0 0 121 114 77 1 154 185 88 1 125 165 138 1 126 140 104 1 112 120 80 1 79 69 49 1 80 88 50 1
0 0 0 0 59 63 34 1 44 77 44 1 75 72 101 1 135 97 54 1 80 73 31 1 123 150 28 1 222 160 82 1 211 156 127 1 131 151 99 1 123 108 98 1 85 116 70 1 56 107 62 1 62 92 104 1 48 70 69 1 31 94 75 1 46 103 82 1 53 43 51 1 48 96 63 1 48 56 25 1 0 0 0 0 24 34 37 1 3 43 65 1 78 106 77 1 76 101 74 1 105 123 51 1 128 133 94 1 133 129 118 1 123 166 88 1 146 130 94 1 113 123 54 1 146 73 54 1 133 144 97 1 121 135 94 1 127 108 38 1 98 109 79 1 74 77 86 1 89 74 45 1 0 0 0 0 141 85 90 1 0 0 0 0 137 106 55 1 0 0 0 0 102 107 111 1 0 0 0 0 120 125 69 1 111 103 129 1 53 117 56 1 0 0 0 0 50 102 34 1 0 0 0 0 43 114 71 1 81 106 79 1 92 124 80 1 84 80 50 1 80 88 92 1 0 0 0 0 82 87 56 1 0 0 0 0 38 81 30 1
69 68 74 1 83 33 49 1 0 0 0 0 80 47 68 1 68 88 109 1 89 90 19 1 0 0 0 0 130 136 78 1 161 137 123 1 182 116 103 1 144 109 131 1 91 131 84 1 67 99 60 1 54 94 39 1 5 101 74 1 56 85 15 1 48 65 85 1 33 96 64 1 39 71 51 1 82 80 37 1 76 63 61 1 27 76 17 1 0 67 30 1 55 73 43 1 0 0 0 0 91 100 90 1 122 131 85 1 0 0 0 0 128 172 90 1 92 169 121 1 117 141 92 1 120 121 75 1 120 98 82 1 95 122 98 1 93 152 31 1 62 84 40 1 0 0 0 0 0 0 0 0 148 141 97 1 144 167 93 1 71 119 117 1 110 116 57 1 0 0 0 0 154 138 85 1 84 123 91 1 147 131 111 1 132 100 69 1 21 108 70 1 61 52 49 1 40 60 84 1 69 15 35 1 73 100 41 1 104 119 102 1 85 106 97 1 88 139 55 1 103 113 60 1 69 104 64 1 86 74 86 1 46 78 71 1 92 48 65 1
77 104 89 1 0 0 0 0 96 59 53 1 93 84 24 1 0 0 0 0 85 83 68 1 50 89 34 1 76 69 64 1 142 117 113 1 156 129 79 1 114 140 86 1 114 123 94 1 0 0 0 0 21 76 47 1 29 77 50 1 44 58 84 1 11 27 24 1 24 35 50 1 8 25 65 1 38 97 63 1 54 104 57 1 0 0 0 0 0 94 36 1 20 66 56 1 0 0 0 0 65 98 81 1 87 138 54 1 0 0 0 0 149 169 116 1 147 98 86 1 105 136 123 1 171 96 72 1 124 110 66 1 129 140 123 1 98 125 97 1 73 66 59 1 105 100 60 1 138 142 95 1 119 135 117 1 0 0 0 0 123 127 37 1 91 60 81 1 108 113 82 1 120 144 40 1 0 0 0 0 97 137 67 1 47 78 56 1 18 59 57 1 0 77 46 1 0 0 0 0 24 84 11 1 104 109 81 1 179 216 132 1 154 117 146 1 91 86 54 1 0 0 0 0 67 93 35 1 95 59 56 1 90 114 97 1 82 89 76 1
63 72 67 1 66 67 93 1 57 58 38 1 96 110 46 1 54 80 40 1 55 94 78 1 62 57 63 1 73 59 71 1 90 98 60 1 145 112 62 1 115 103 96 1 113 127 78 1 112 133 94 1 58 75 68 1 24 109 30 1 50 86 32 1 41 68 29 1 30 23 62 1 29 61 87 1 22 53 54 1 29 45 30 1 26 94 98 1 30 36 65 1 0 62 30 1 0 0 0 0 50 76 60 1 33 71 83 1 89 133 81 1 124 121 111 1 158 161 86 1 163 135 93 1 194 140 138 1 155 148 79 1 155 159 66 1 81 93 60 1 0 0 0 0 120 131 67 1 126 126 121 1 0 0 0 0 142 169 90 1 124 108 82 1 62 78 65 1 62 83 73 1 87 97 70 1 103 89 82 1 66 99 56 1 43 64 54 1 0 44 1 1 0 0 0 0 36 49 32 1 65 84 64 1 109 121 77 1 194 212 130 1 0 0 0 0 109 108 63 1 39 61 34 1 0 0 0 0 0 0 0 0 110 120 74 1 0 0 0 0
0 0 0 0 76 89 36 1 20 66 90 1 49 95 53 1 88 73 51 1 60 60 53 1 63 57 81 1 40 49 65 1 95 91 22 1 97 171 96 1 103 132 90 1 96 126 59 1 104 94 39 1 54 50 63 1 44 67 49 1 89 63 62 1 104 64 41 1 44 58 88 1 0 0 0 0 68 77 67 1 54 51 71 1 49 103 58 1 72 86 77 1 13 103 64 1 2 31 64 1 14 61 26 1 36 101 71 1 45 91 78 1 123 112 138 1 148 145 88 1 0 0 0 0 190 138 119 1 112 113 100 1 163 89 93 1 103 96 92 1 104 125 80 1 115 148 73 1 152 113 92 1 140 120 100 1 132 111 103 1 105 67 82 1 71 65 86 1 106 68 60 1 86 86 64 1 0 0 0 0 0 0 0 0 61 59 23 1 6 54 21 1 0 2 39 1 9 62 60 1 82 49 58 1 104 105 80 1 141 116 119 1 155 143 93 1 45 72 16 1 59 103 55 1 29 106 56 1 84 82 66 1 78 101 58 1 122 97 75 1
38 44 53 1 40 68 38 1 71 62 40 1 75 76 90 1 75 83 59 1 48 48 2 1 53 62 76 1 29 71 73 1 58 68 68 1 88 95 77 1 72 118 125 1 0 0 0 0 97 63 82 1 39 66 68 1 41 82 43 1 44 58 18 1 54 69 29 1 47 82 86 1 82 58 73 1 77 59 119 1 96 94 68 1 95 121 43 1 85 107 44 1 17 62 51 1 0 0 0 0 49 86 65 1 78 133 72 1 116 142 132 1 135 140 67 1 143 95 116 1 184 136 83 1 161 128 68 1 107 145 94 1 135 121 67 1 107 117 74 1 75 104 66 1 73 132 67 1 95 93 102 1 114 84 53 1 56 65 69 1 65 71 84 1 39 80 57 1 82 102 75 1 64 79 62 1 72 76 59 1 55 67 44 1 14 43 71 1 0 81 50 1 0 29 73 1 51 40 34 1 21 96 18 1 63 77 84 1 95 108 70 1 81 76 107 1 0 42 52 1 0 0 0 0 41 73 41 1 0 0 0 0 139 131 39 1 126 130 69 1
2 54 45 1 38 107 38 1 54 54 74 1 64 84 27 1 52 69 79 1 54 70 41 1 54 69 37 1 82 76 79 1 57 105 68 1 71 62 53 1 30 92 39 1 51 96 36 1 112 93 79 1 63 81 49 1 66 79 39 1 65 57 41 1 26 54 64 1 88 81 40 1 45 97 70 1 66 96 75 1 77 99 108 1 90 87 60 1 0 0 0 0 18 81 65 1 60 61 77 1 84 102 81 1 150 164 130 1 172 165 117 1 164 130 122 1 127 126 64 1 131 76 63 1 0 0 0 0 87 93 52 1 88 48 85 1 44 105 58 1 39 80 96 1 78 111 48 1 103 86 65 1 52 67 46 1 49 69 62 1 5 73 93 1 40 79 17 1 54 80 73 1 25 91 61 1 87 93 74 1 25 63 41 1 52 35 44 1 0 0 0 0 0 66 35 1 5 53 32 1 17 68 50 1 31 83 32 1 41 89 6 1 0 0 0 0 2 57 33 1 0 0 0 0 19 11 36 1 63 95 61 1 118 104 61 1 152 116 72 1
22 0 28 1 8 93 35 1 0 0 0 0 0 0 0 0 55 70 66 1 40 68 45 1 26 71 24 1 50 77 39 1 63 85 59 1 78 86 36 1 26 81 38 1 74 79 49 1 111 86 90 1 104 104 68 1 73 81 39 1 33 70 58 1 46 60 48 1 43 58 59 1 80 84 60 1 60 80 79 1 77 66 80 1 89 44 86 1 34 24 73 1 52 89 63 1 76 64 63 1 103 109 75 1 228 154 107 1 148 170 124 1 117 112 64 1 148 148 81 1 51 71 50 1 92 97 80 1 0 0 0 0 66 84 58 1 0 0 0 0 104 60 75 1 115 118 74 1 51 62 93 1 43 68 75 1 32 68 45 1 0 0 0 0 56 110 16 1 84 81 58 1 0 92 78 1 70 45 104 1 44 130 60 1 54 58 46 1 42 58 47 1 18 29 71 1 10 40 41 1 0 62 61 1 11 68 68 1 26 61 68 1 22 76 76 1 0 42 35 1 16 37 65 1 41 60 52 1 44 113 69 1 117 146 96 1 71 67 133 1
0 0 0 0 12 82 47 1 25 87 55 1 48 78 74 1 0 0 0 0 51 53 67 1 0 0 0 0 67 84 74 1 35 82 82 1 62 95 34 1 44 92 60 1 76 102 103 1 96 115 92 1 112 146 96 1 63 90 87 1 49 92 55 1 46 104 116 1 45 81 58 1 0 0 0 0 97 71 17 1 113 67 38 1 47 87 57 1 8 29 60 1 3 79 54 1 46 67 40 1 156 122 72 1 0 0 0 0 175 155 90 1 121 71 69 1 0 0 0 0 51 88 51 1 84 68 18 1 92 79 88 1 120 103 98 1 76 103 57 1 78 86 93 1 101 139 93 1 51 93 55 1 80 72 68 1 0 0 0 0 0 0 0 0 32 62 65 1 17 43 63 1 0 0 0 0 94 113 74 1 112 123 78 1 66 128 49 1 104 104 68 1 19 48 69 1 27 47 41 1 42 54 52 1 39 72 66 1 65 95 58 1 0 104 75 1 44 33 16 1 0 46 65 1 3 83 50 1 38 91 39 1 111 87 82 1 0 0 0 0
0 0 0 0 22 94 61 1 35 18 34 1 0 0 0 0 42 54 77 1 27 46 29 1 45 32 51 1 0 0 0 0 46 65 66 1 4 77 54 1 0 80 76 1 31 91 44 1 126 110 20 1 103 89 79 1 85 99 101 1 109 100 46 1 0 0 0 0 0 0 0 0 100 53 39 1 78 64 59 1 39 105 28 1 0 63 11 1 60 77 41 1 42 95 58 1 85 79 69 1 112 103 66 1 110 135 36 1 64 74 48 1 32 39 25 1 0 0 0 0 35 68 18 1 64 69 95 1 79 115 66 1 112 136 80 1 112 120 83 1 143 77 111 1 134 151 108 1 120 96 79 1 85 50 66 1 0 0 0 0 13 28 81 1 25 58 19 1 6 58 52 1 55 91 82 1 111 138 56 1 117 149 46 1 108 129 66 1 0 0 0 0 104 103 71 1 55 65 33 1 65 79 68 1 52 75 47 1 85 65 43 1 51 90 65 1 0 0 0 0 40 47 23 1 39 64 27 1 48 79 76 1 0 0 0 0 111 119 74 1
0 0 0 0 33 13 72 1 47 22 0 1 23 28 37 1 0 56 37 1 15 54 42 1 0 0 0 0 22 54 45 1 35 90 58 1 70 42 62 1 0 68 29 1 70 93 45 1 92 65 83 1 68 76 107 1 109 72 67 1 68 81 65 1 74 54 84 1 53 92 28 1 44 107 21 1 0 0 0 0 24 27 24 1 21 79 19 1 66 73 46 1 70 101 69 1 55 117 90 1 38 79 39 1 38 63 49 1 52 15 42 1 28 50 17 1 2 58 64 1 17 71 68 1 94 85 71 1 105 121 90 1 104 89 85 1 99 133 60 1 129 140 97 1 101 144 90 1 101 51 117 1 31 82 40 1 20 51 19 1 12 67 20 1 13 77 48 1 1 54 60 1 55 99 32 1 92 99 39 1 126 147 87 1 135 158 111 1 146 102 81 1 62 102 50 1 72 74 94 1 64 85 124 1 72 125 52 1 83 71 35 1 67 99 45 1 17 65 68 1 59 69 41 1 73 94 78 1 77 45 88 1 91 75 89 1 48 87 39 1
22 71 54 1 30 44 60 1 38 80 70 1 5 0 44 1 27 67 45 1 18 15 25 1 0 0 0 0 0 52 58 1 4 49 6 1 18 50 29 1 0 7 13 1 51 45 79 1 35 74 50 1 69 107 71 1 121 80 75 1 48 107 84 1 45 77 26 1 53 96 43 1 32 28 33 1 3 25 56 1 0 49 25 1 0 0 0 0 62 96 61 1 102 89 88 1 74 83 54 1 7 61 8 1 5 41 43 1 4 64 22 1 2 40 36 1 47 44 45 1 29 99 56 1 74 108 76 1 84 77 87 1 79 114 88 1 118 93 79 1 109 132 92 1 95 90 80 1 0 0 0 0 29 44 29 1 22 61 49 1 28 95 57 1 0 20 49 1 0 37 3 1 47 64 39 1 79 77 57 1 76 143 93 1 0 0 0 0 120 137 103 1 70 109 96 1 64 64 7 1 0 0 0 0 54 93 94 1 46 82 58 1 0 0 0 0 70 59 31 1 73 107 47 1 0 0 0 0 48 115 68 1 68 112 66 1 91 118 97 1
30 17 19 1 0 0 0 0 0 20 40 1 14 29 79 1 11 50 63 1 0 69 8 1 0 44 65 1 2 73 66 1 0 63 43 1 10 53 47 1 0 64 30 1 31 11 47 1 36 107 85 1 42 69 70 1 99 85 52 1 99 68 55 1 70 79 75 1 32 110 44 1 33 64 24 1 0 27 77 1 31 82 64 1 65 101 36 1 97 76 88 1 99 122 77 1 19 57 45 1 45 69 24 1 4 27 79 1 14 44 39 1 0 74 16 1 44 59 46 1 55 78 38 1 58 98 92 1 103 113 94 1 105 157 73 1 0 0 0 0 78 115 110 1 125 122 115 1 55 93 72 1 15 63 54 1 14 70 45 1 0 50 72 1 0 55 24 1 0 37 17 1 8 46 57 1 48 94 69 1 112 63 50 1 89 80 88 1 65 144 78 1 40 76 57 1 45 52 0 1 0 0 0 0 31 101 24 1 22 34 55 1 0 0 0 0 26 88 61 1 61 105 74 1 83 74 103 1 0 0 0 0 69 89 76 1 59 107 103 1
32 28 72 1 0 60 51 1 0 94 66 1 26 44 26 1 0 0 0 0 55 45 22 1 0 67 47 1 30 37 36 1 15 49 25 1 14 34 14 1 18 57 0 1 0 52 30 1 0 0 0 0 55 76 91 1 94 91 24 1 62 85 39 1 0 0 0 0 45 55 36 1 0 69 71 1 59 94 48 1 75 64 67 1 117 75 84 1 92 65 64 1 0 0 0 0 0 77 61 1 8 45 16 1 1 51 24 1 9 87 4 1 22 57 31 1 47 78 17 1 49 54 66 1 75 84 54 1 80 126 86 1 103 137 58 1 69 131 32 1 0 0 0 0 45 89 21 1 40 52 79 1 3 45 55 1 34 75 37 1 37 87 80 1 0 54 67 1 0 48 37 1 10 28 36 1 0 0 0 0 66 72 39 1 53 70 75 1 29 47 27 1 35 70 87 1 0 0 0 0 0 32 52 1 18 73 83 1 0 95 26 1 55 47 61 1 110 78 106 1 0 0 0 0 87 137 82 1 96 67 46 1 93 86 74 1 0 0 0 0
0 69 14 1 0 41 53 1 0 58 64 1 29 57 39 1 0 0 0 0 79 55 53 1 38 92 37 1 0 59 91 1 0 0 0 0 0 49 0 1 20 39 49 1 0 37 6 1 16 36 35 1 19 58 48 1 59 60 71 1 69 68 67 1 63 86 75 1 47 63 27 1 55 54 82 1 84 83 109 1 114 55 83 1 98 122 85 1 92 68 72 1 8 64 54 1 0 0 0 0 55 63 55 1 9 75 30 1 39 15 24 1 0 0 0 0 42 21 61 1 35 112 53 1 71 121 65 1 0 0 0 0 71 105 69 1 81 106 90 1 70 108 51 1 46 112 80 1 69 64 61 1 63 77 47 1 0 0 0 0 13 87 54 1 0 37 22 1 14 38 36 1 23 51 57 1 73 29 96 1 71 71 70 1 68 82 56 1 108 99 14 1 45 99 42 1 59 74 64 1 29 59 91 1 21 9 39 1 24 46 14 1 30 118 87 1 97 124 101 1 135 100 117 1 130 77 95 1 119 146 82 1 135 122 113 1 93 100 45 1
11 57 44 1 24 70 65 1 0 15 71 1 34 30 53 1 40 90 45 1 46 80 53 1 31 63 30 1 22 18 54 1 0 38 34 1 0 28 38 1 0 43 34 1 0 62 19 1 0 40 53 1 17 58 84 1 0 0 0 0 66 79 35 1 56 79 100 1 25 45 62 1 67 62 27 1 107 108 86 1 89 69 70 1 108 116 56 1 64 94 55 1 28 93 42 1 61 99 55 1 43 42 27 1 37 63 34 1 20 55 19 1 32 53 14 1 17 52 43 1 31 75 60 1 50 52 45 1 59 106 5 1 0 0 0 0 0 0 0 0 82 107 78 1 93 130 58 1 48 75 72 1 3 100 52 1 18 43 46 1 16 72 28 1 37 65 66 1 79 61 51 1 70 65 83 1 0 0 0 0 0 0 0 0 107 72 81 1 120 101 60 1 98 137 80 1 92 127 44 1 70 105 53 1 76 71 33 1 40 52 58 1 96 104 81 1 102 132 71 1 116 159 109 1 114 117 98 1 103 161 63 1 152 140 75 1 104 112 74 1
0 0 0 0 0 69 41 1 29 72 27 1 0 0 0 0 0 24 31 1 10 112 37 1 26 85 44 1 22 32 58 1 0 0 0 0 20 58 38 1 0 26 72 1 17 50 34 1 18 33 7 1 11 75 62 1 16 37 70 1 4 6 64 1 0 47 14 1 14 66 72 1 0 0 0 0 100 86 70 1 107 96 77 1 0 0 0 0 46 106 53 1 50 95 89 1 15 88 46 1 46 72 50 1 0 0 0 0 11 46 31 1 0 26 8 1 28 59 46 1 40 72 87 1 36 96 52 1 63 68 58 1 97 90 66 1 101 99 81 1 53 88 81 1 86 92 34 1 95 63 59 1 76 59 81 1 52 63 21 1 46 81 39 1 64 65 40 1 44 78 50 1 123 107 16 1 0 0 0 0 142 103 115 1 0 0 0 0 146 136 95 1 123 123 93 1 128 125 111 1 77 99 43 1 4 74 36 1 17 22 41 1 91 58 109 1 81 133 76 1 120 156 93 1 0 0 0 0 131 96 88 1 100 114 97 1 110 102 117 1
0 31 27 1 0 36 43 1 29 52 36 1 27 137 40 1 0 0 0 0 0 65 51 1 0 61 53 1 0 19 23 1 0 0 0 0 61 58 57 1 0 93 72 1 15 11 28 1 22 18 49 1 0 0 0 0 4 24 69 1 15 47 29 1 37 81 42 1 22 80 33 1 34 93 72 1 74 71 27 1 39 78 60 1 50 90 110 1 0 0 0 0 16 57 29 1 9 48 81 1 0 0 0 0 7 32 80 1 0 0 0 0 24 51 44 1 0 58 70 1 5 87 65 1 44 88 74 1 73 121 56 1 0 0 0 0 98 120 98 1 128 134 71 1 79 91 105 1 23 62 67 1 0 60 12 1 38 69 68 1 71 71 55 1 92 87 77 1 98 114 135 1 137 142 86 1 0 0 0 0 133 141 108 1 172 129 104 1 158 158 82 1 162 178 76 1 151 176 88 1 115 81 60 1 85 108 47 1 27 48 59 1 36 76 62 1 56 58 7 1 127 166 112 1 130 125 59 1 95 116 64 1 107 93 48 1 126 119 103 1
18 89 46 1 33 99 41 1 47 100 78 1 19 85 62 1 57 82 78 1 91 100 121 1 48 47 82 1 11 85 42 1 53 126 56 1 57 93 44 1 64 67 45 1 17 73 83 1 24 29 45 1 0 16 33 1 8 36 29 1 0 0 0 0 34 48 48 1 0 84 38 1 0 60 18 1 12 41 31 1 22 108 58 1 21 59 99 1 7 29 76 1 1 62 20 1 0 76 19 1 13 63 67 1 0 0 0 0 19 53 68 1 0 0 0 0 10 76 30 1 0 60 19 1 18 56 17 1 52 16 50 1 77 50 66 1 0 0 0 0 103 92 66 1 53 75 39 1 30 43 54 1 9 77 42 1 119 82 74 1 80 87 48 1 80 95 109 1 117 112 81 1 128 113 114 1 0 0 0 0 176 166 48 1 168 161 104 1 168 173 108 1 162 167 90 1 148 131 78 1 141 102 87 1 55 87 101 1 48 88 82 1 35 55 57 1 62 97 67 1 77 134 81 1 0 0 0 0 34 36 44 1 87 76 58 1 76 121 100 1