5
889 212 112 66
17 57 10 1 60 61 70 1 41 62 49 1 76 49 53 1 27 69 35 1 11 54 32 1 116 124 130 1 84 91 83 1 0 33 0 1 14 0 16 1 42 77 15 1 0 36 0 1 0 0 0 0 0 0 26 1 9 3 20 1 17 7 50 1 0 42 27 1 0 0 0 0 1 29 12 1 0 20 0 1 0 6 32 1 11 0 24 1 14 0 29 1 34 27 48 1 0 0 0 0 26 102 47 1 25 66 0 1 2 55 0 1 44 5 0 1 40 16 17 1 0 0 0 0 0 2 0 1 0 22 47 1 0 31 27 1 2 12 31 1 12 0 30 1 41 37 56 1 34 19 0 1 2 13 0 1 27 26 37 1 60 72 66 1 176 155 129 1 119 106 76 1 0 0 0 0 135 105 137 1 111 114 78 1 94 92 80 1 96 118 78 1 105 81 66 1 0 0 0 0 203 226 173 1 176 151 128 1 181 153 136 1 228 195 161 1 166 179 129 1 205 213 172 1 181 187 154 1 119 121 68 1 0 0 0 0 103 93 112 1 86 148 75 1 99 88 93 1 79 94 79 1 53 125 74 1 54 73 49 1 125 162 61 1
3 31 6 1 56 65 25 1 58 53 0 1 29 65 12 1 71 67 43 1 65 40 4 1 33 32 27 1 39 46 72 1 29 31 41 1 2 11 0 1 0 0 30 1 0 36 31 1 7 23 25 1 0 35 41 1 0 0 18 1 34 3 20 1 15 47 35 1 8 0 10 1 22 7 27 1 0 8 22 1 36 28 37 1 26 34 0 1 0 21 0 1 75 29 48 1 72 135 104 1 54 76 53 1 21 26 58 1 40 60 48 1 87 103 105 1 55 89 60 1 48 80 45 1 64 149 76 1 57 69 87 1 19 33 0 1 24 50 14 1 43 100 43 1 0 0 0 0 0 0 40 1 93 80 68 1 46 20 32 1 54 51 14 1 117 120 124 1 151 83 95 1 191 83 95 1 170 158 114 1 174 117 84 1 0 0 0 0 88 115 93 1 141 133 115 1 137 149 89 1 154 126 140 1 255 255 197 1 196 228 165 1 141 156 125 1 0 0 0 0 189 192 164 1 137 137 182 1 142 144 128 1 120 153 108 1 99 141 124 1 110 108 116 1 74 52 9 1 82 114 91 1 68 83 61 1 16 54 64 1 82 116 67 1
40 25 30 1 51 100 8 1 46 50 49 1 42 32 71 1 8 45 57 1 13 37 70 1 0 47 20 1 0 43 0 1 0 24 0 1 0 35 16 1 10 22 44 1 0 48 4 1 8 29 26 1 30 56 61 1 17 32 3 1 26 0 6 1 5 23 0 1 0 0 0 0 0 2 2 1 0 0 14 1 0 35 17 1 0 35 9 1 25 18 7 1 0 0 0 0 84 45 61 1 47 81 21 1 39 42 21 1 0 57 33 1 111 97 92 1 0 0 0 0 87 127 89 1 108 107 109 1 82 53 51 1 16 51 54 1 74 110 60 1 48 60 69 1 47 52 32 1 70 79 40 1 60 76 47 1 77 179 70 1 135 161 78 1 0 0 0 0 145 126 85 1 135 118 81 1 142 166 120 1 112 140 100 1 160 141 133 1 151 98 117 1 120 133 149 1 190 119 115 1 95 93 86 1 136 107 128 1 198 195 143 1 210 213 202 1 141 162 131 1 95 25 21 1 119 101 43 1 121 117 111 1 142 145 108 1 124 67 81 1 87 97 130 1 118 78 87 1 97 98 122 1 52 87 113 1 20 67 86 1 0 0 47 1
51 62 82 1 62 35 48 1 0 31 33 1 16 49 9 1 28 69 24 1 0 19 0 1 20 59 1 1 26 13 35 1 0 37 24 1 21 42 12 1 0 32 6 1 5 10 44 1 0 36 21 1 0 67 15 1 0 37 46 1 55 50 40 1 27 25 26 1 11 37 42 1 10 0 25 1 0 0 0 1 0 50 7 1 0 27 24 1 61 40 66 1 29 57 34 1 0 17 21 1 67 70 53 1 13 54 0 1 54 39 28 1 54 80 18 1 125 119 62 1 106 80 70 1 73 49 87 1 30 23 77 1 82 83 103 1 66 49 71 1 48 124 39 1 86 63 42 1 44 112 72 1 91 110 122 1 162 169 108 1 142 137 100 1 166 112 146 1 157 120 134 1 144 155 134 1 207 191 168 1 96 124 122 1 0 0 0 0 104 107 75 1 100 106 65 1 110 64 27 1 114 95 114 1 177 190 166 1 176 225 202 1 224 227 186 1 0 0 0 0 183 145 87 1 47 114 87 1 104 112 108 1 132 138 108 1 121 122 83 1 88 56 67 1 0 0 0 0 53 85 8 1 58 0 26 1 0 4 30 1 5 23 3 1
22 27 44 1 62 33 40 1 65 17 32 1 30 34 45 1 10 69 77 1 0 50 47 1 0 54 13 1 0 0 0 0 38 28 0 1 0 0 0 0 0 0 0 0 0 27 62 1 0 0 0 0 19 28 11 1 0 25 12 1 8 41 10 1 0 73 0 1 10 0 0 1 32 6 0 1 4 15 15 1 33 57 54 1 30 76 41 1 18 48 35 1 56 71 27 1 0 0 0 0 44 48 33 1 0 11 4 1 68 98 40 1 45 59 38 1 0 0 0 0 0 0 0 0 0 45 36 1 16 65 44 1 0 0 0 0 0 0 0 0 0 0 0 0 49 40 49 1 147 130 92 1 162 168 143 1 151 148 131 1 96 103 35 1 93 125 82 1 131 113 109 1 153 101 74 1 167 170 116 1 177 184 115 1 129 159 123 1 88 80 90 1 99 82 91 1 139 108 70 1 107 122 89 1 185 183 162 1 187 192 166 1 205 192 149 1 151 115 159 1 117 93 84 1 145 103 87 1 125 94 98 1 32 55 54 1 11 64 51 1 33 0 0 1 0 0 5 1 12 23 45 1 0 23 0 1 0 26 1 1 0 3 9 1
36 23 0 1 35 69 0 1 0 42 4 1 12 65 9 1 9 0 24 1 25 45 51 1 4 0 58 1 0 6 15 1 0 69 43 1 0 0 0 0 0 0 0 0 4 20 24 1 3 52 19 1 41 10 9 1 0 5 37 1 0 0 0 0 16 5 0 1 43 18 0 1 0 34 17 1 3 39 2 1 0 58 0 1 8 58 3 1 0 53 20 1 0 46 0 1 0 21 0 1 41 28 21 1 44 21 61 1 0 0 0 0 37 50 19 1 26 12 22 1 46 15 63 1 27 54 55 1 24 51 30 1 29 57 10 1 55 63 68 1 102 129 137 1 90 136 74 1 167 155 151 1 142 139 107 1 109 103 75 1 0 0 0 0 151 111 93 1 90 122 77 1 131 65 77 1 219 166 172 1 94 147 108 1 67 77 47 1 93 140 98 1 98 153 114 1 141 124 135 1 172 132 103 1 148 118 126 1 181 183 181 1 208 211 195 1 0 0 0 0 100 97 108 1 72 103 105 1 42 20 5 1 55 46 13 1 28 36 11 1 0 4 31 1 0 15 0 1 0 0 0 0 0 0 0 0 28 0 26 1 0 11 10 1
17 21 13 1 0 0 0 0 45 27 65 1 7 7 8 1 0 0 49 1 0 0 0 0 0 21 22 1 24 43 28 1 22 46 22 1 0 0 0 0 5 32 25 1 10 81 37 1 21 55 32 1 0 34 80 1 11 10 15 1 0 0 0 1 0 0 0 0 0 50 0 1 0 0 0 0 90 27 0 1 0 0 0 0 0 69 52 1 4 18 24 1 0 0 0 0 58 103 78 1 51 60 64 1 58 49 19 1 61 81 68 1 0 0 0 0 30 59 46 1 0 0 0 0 18 0 48 1 51 63 28 1 139 120 117 1 124 177 112 1 170 133 157 1 175 176 142 1 135 112 102 1 0 0 0 0 0 0 0 0 156 125 88 1 155 115 114 1 0 0 0 0 132 151 137 1 140 140 174 1 102 93 69 1 105 78 65 1 85 97 100 1 116 122 82 1 80 115 86 1 234 190 205 1 0 0 0 0 175 196 173 1 119 155 143 1 86 76 32 1 12 14 0 1 0 0 0 0 28 25 36 1 0 28 16 1 11 28 36 1 39 0 9 1 13 3 50 1 2 17 16 1 0 11 0 1 14 32 18 1 19 49 0 1
0 21 13 1 0 48 13 1 0 0 0 0 0 29 32 1 0 0 33 1 8 12 0 1 0 32 45 1 20 47 32 1 0 0 0 0 0 0 0 1 0 2 39 1 5 3 32 1 12 20 35 1 0 6 49 1 3 36 15 1 0 0 0 0 0 56 45 1 10 53 16 1 12 41 17 1 40 68 53 1 29 33 22 1 58 59 22 1 0 0 0 0 95 117 79 1 44 68 63 1 70 62 60 1 24 20 36 1 26 79 0 1 6 26 17 1 46 58 14 1 11 21 40 1 26 23 20 1 91 99 42 1 156 146 113 1 188 183 110 1 112 128 128 1 155 177 99 1 0 0 0 0 103 85 13 1 113 85 61 1 172 157 137 1 127 154 98 1 66 81 27 1 0 0 0 0 153 154 133 1 78 79 50 1 79 117 64 1 69 41 74 1 172 132 125 1 119 127 103 1 189 179 148 1 122 125 132 1 72 60 47 1 4 32 0 1 16 58 16 1 8 45 0 1 0 0 0 0 0 2 28 1 2 28 63 1 0 55 22 1 8 0 24 1 0 39 26 1 0 44 25 1 0 23 10 1 18 1 0 1 0 49 10 1
52 18 63 1 0 63 0 1 10 0 11 1 0 6 16 1 0 23 0 1 0 25 30 1 27 1 46 1 1 16 19 1 37 15 0 1 7 18 44 1 28 0 41 1 0 38 12 1 7 32 5 1 0 16 52 1 10 7 0 1 0 13 19 1 52 82 16 1 46 44 5 1 33 29 30 1 20 49 54 1 2 83 48 1 13 109 25 1 51 58 19 1 82 93 87 1 29 17 32 1 74 92 45 1 18 66 11 1 56 117 82 1 75 99 65 1 0 68 26 1 36 88 60 1 0 0 0 0 96 143 120 1 202 152 119 1 0 0 0 0 126 131 111 1 144 182 132 1 110 106 22 1 144 108 71 1 0 0 0 0 160 115 100 1 119 103 77 1 122 96 67 1 148 151 121 1 163 146 109 1 174 198 176 1 136 106 90 1 66 41 61 1 170 219 201 1 151 145 154 1 66 91 84 1 66 100 52 1 16 36 26 1 0 12 8 1 0 0 0 0 0 9 11 1 0 15 30 1 0 0 46 1 15 16 16 1 11 33 11 1 6 18 21 1 28 0 7 1 4 21 0 1 25 0 7 1 10 12 58 1 0 48 39 1
35 31 58 1 0 41 6 1 0 45 3 1 0 3 16 1 0 30 8 1 10 29 26 1 19 8 12 1 8 7 9 1 0 2 12 1 0 1 19 1 0 0 10 1 12 41 36 1 27 44 19 1 0 0 6 1 0 30 41 1 21 11 32 1 24 23 39 1 0 0 0 0 16 18 14 1 29 111 60 1 18 17 21 1 8 25 26 1 39 32 47 1 33 70 32 1 25 18 72 1 36 46 9 1 40 66 73 1 82 100 90 1 39 54 64 1 43 42 71 1 51 61 35 1 54 66 40 1 137 147 122 1 126 136 80 1 158 160 66 1 146 151 127 1 140 118 109 1 120 87 55 1 86 111 90 1 105 89 54 1 110 147 112 1 77 92 22 1 0 0 0 0 150 184 161 1 162 111 110 1 221 205 228 1 173 224 162 1 108 75 130 1 116 81 75 1 57 70 96 1 14 31 6 1 36 0 5 1 3 0 2 1 2 16 5 1 0 6 40 1 0 0 43 1 21 21 44 1 0 31 33 1 10 54 70 1 0 22 13 1 0 26 31 1 4 66 65 1 0 0 0 0 15 25 20 1 0 44 11 1 0 6 52 1
0 0 0 0 0 0 0 0 0 26 0 1 0 28 31 1 20 0 10 1 0 0 0 0 5 22 0 1 0 33 14 1 0 1 0 1 0 0 0 1 26 19 30 1 0 13 7 1 3 49 24 1 0 3 24 1 0 29 0 1 0 0 0 0 0 0 0 0 1 14 32 1 32 39 36 1 32 125 88 1 0 3 0 1 0 0 0 0 24 81 0 1 45 82 67 1 62 88 58 1 0 0 0 0 84 106 66 1 106 99 69 1 86 85 42 1 0 0 0 0 28 0 0 1 49 29 52 1 107 90 73 1 166 133 100 1 111 132 103 1 136 118 100 1 79 71 24 1 115 95 123 1 157 93 111 1 146 118 74 1 130 119 122 1 111 109 84 1 123 123 97 1 0 0 0 0 0 0 0 0 142 147 138 1 108 50 63 1 10 39 34 1 0 0 0 0 0 18 19 1 0 0 0 0 0 0 0 0 0 28 37 1 0 46 13 1 22 36 38 1 0 0 0 0 22 34 34 1 24 46 10 1 0 0 0 0 0 9 32 1 0 12 44 1 14 27 28 1 0 0 0 0 0 0 0 0 3 58 32 1 2 56 51 1
0 68 35 1 0 0 0 0 42 57 29 1 0 24 29 1 19 30 47 1 0 6 21 1 0 32 13 1 10 34 42 1 6 30 44 1 0 46 11 1 2 0 23 1 10 34 22 1 21 31 24 1 38 19 23 1 3 0 7 1 0 0 0 0 42 49 28 1 17 38 0 1 0 0 0 0 47 44 19 1 42 47 15 1 29 51 15 1 13 40 0 1 57 82 25 1 37 88 61 1 161 131 128 1 91 92 118 1 28 78 42 1 36 76 65 1 58 60 40 1 0 0 0 0 0 0 0 0 104 132 94 1 154 140 147 1 129 133 57 1 0 0 0 0 142 146 89 1 156 100 113 1 140 116 90 1 0 0 0 0 190 124 137 1 90 85 96 1 102 139 131 1 138 151 144 1 81 64 38 1 30 76 71 1 10 37 36 1 0 0 0 0 0 0 1 1 35 48 47 1 0 34 45 1 0 5 40 1 0 28 22 1 33 19 56 1 0 26 7 1 4 21 30 1 39 0 41 1 0 39 25 1 0 0 1 1 26 0 22 1 4 64 17 1 45 7 53 1 56 61 16 1 25 24 33 1 7 1 21 1 0 0 0 0
4 45 25 1 24 77 43 1 0 0 0 0 8 58 33 1 0 5 33 1 0 27 50 1 5 0 29 1 28 8 40 1 4 45 2 1 12 36 19 1 0 0 0 0 5 20 23 1 43 31 4 1 49 81 0 1 0 15 11 1 37 39 7 1 15 27 0 1 0 0 0 0 0 0 0 0 0 7 33 1 77 91 78 1 14 80 31 1 21 52 52 1 31 53 8 1 0 67 60 1 59 127 107 1 98 86 97 1 73 76 65 1 53 109 18 1 57 117 44 1 1 5 0 1 106 110 67 1 157 122 110 1 153 174 109 1 133 89 59 1 84 86 48 1 121 114 107 1 127 92 121 1 68 121 70 1 141 124 146 1 157 160 154 1 82 145 78 1 36 60 105 1 5 18 35 1 5 26 0 1 8 0 0 1 6 0 14 1 0 0 42 1 0 0 0 0 0 11 1 1 0 2 0 1 0 18 44 1 0 28 40 1 0 23 34 1 8 0 72 1 34 22 13 1 0 11 4 1 6 39 24 1 0 28 31 1 0 29 21 1 0 0 0 1 27 47 30 1 31 39 1 1 0 62 47 1 0 0 0 0 7 40 0 1
36 10 2 1 14 63 28 1 23 32 12 1 0 14 0 1 29 44 36 1 15 16 15 1 6 1 55 1 6 12 19 1 0 25 5 1 0 18 0 1 15 23 17 1 0 5 0 1 15 35 26 1 27 26 0 1 0 0 0 0 78 68 28 1 20 9 32 1 0 24 20 1 63 36 40 1 27 66 77 1 49 83 64 1 0 0 0 0 0 0 0 0 33 33 1 1 113 114 93 1 93 107 58 1 147 126 84 1 79 84 41 1 0 0 0 0 63 75 47 1 104 134 112 1 169 207 110 1 154 152 92 1 151 151 144 1 105 96 50 1 111 105 128 1 125 126 100 1 168 109 83 1 115 131 114 1 105 134 140 1 128 117 115 1 40 44 60 1 2 0 37 1 27 18 24 1 0 2 0 1 0 13 12 1 38 49 53 1 87 60 68 1 45 62 45 1 44 42 54 1 17 73 108 1 0 22 41 1 25 36 78 1 43 45 38 1 3 34 20 1 2 49 55 1 0 56 17 1 0 7 3 1 46 45 31 1 22 93 15 1 24 83 53 1 34 19 77 1 24 43 29 1 19 70 41 1 47 46 6 1 0 62 33 1
3 46 0 1 0 30 24 1 0 2 1 1 5 13 43 1 0 0 40 1 0 19 26 1 0 0 0 0 8 0 2 1 26 83 0 1 0 0 0 0 12 16 7 1 22 41 29 1 8 12 0 1 0 0 0 0 81 121 60 1 68 102 50 1 0 0 0 0 33 82 18 1 0 0 26 1 82 113 73 1 5 44 0 1 49 56 37 1 3 48 17 1 8 13 22 1 0 0 0 0 56 43 68 1 50 97 34 1 40 87 5 1 145 125 84 1 61 132 58 1 116 114 85 1 0 0 0 0 135 139 72 1 0 0 0 0 0 0 0 0 105 74 81 1 108 137 98 1 0 0 0 0 95 127 106 1 31 55 84 1 0 30 7 1 1 1 0 1 22 0 13 1 0 0 0 0 16 46 0 1 0 23 41 1 69 29 32 1 59 59 65 1 103 87 55 1 0 46 4 1 0 23 46 1 0 7 0 1 0 59 13 1 0 10 15 1 0 27 0 1 1 21 0 1 23 24 42 1 0 0 0 0 65 46 82 1 40 41 23 1 32 72 30 1 0 60 34 1 72 60 48 1 0 0 0 0 0 0 0 0 23 55 30 1
24 18 0 1 0 0 0 0 0 0 0 1 0 49 51 1 0 9 51 1 0 0 0 1 17 4 0 1 0 52 6 1 12 15 33 1 26 0 50 1 0 0 0 0 41 40 21 1 26 65 17 1 94 98 57 1 66 65 52 1 83 58 35 1 75 36 11 1 38 60 35 1 32 56 40 1 71 90 68 1 27 36 1 1 87 115 80 1 35 83 69 1 3 70 28 1 0 95 13 1 85 103 41 1 2 44 0 1 54 79 16 1 86 127 54 1 93 63 4 1 144 138 56 1 184 151 78 1 115 145 87 1 96 116 90 1 0 0 0 0 92 132 116 1 145 158 110 1 125 75 73 1 0 0 0 1 26 28 38 1 41 47 45 1 0 13 39 1 0 34 7 1 0 0 0 0 17 54 47 1 9 13 16 1 15 60 0 1 0 14 16 1 3 12 0 1 0 25 14 1 28 26 0 1 35 0 0 1 0 36 17 1 2 50 21 1 21 50 28 1 42 54 16 1 86 70 27 1 87 77 72 1 73 65 101 1 35 85 38 1 13 13 0 1 33 66 49 1 0 0 0 0 58 84 22 1 26 24 0 1 4 26 58 1
6 0 0 1 15 16 43 1 0 0 0 0 11 31 6 1 15 56 1 1 0 25 0 1 0 0 0 0 0 0 0 0 46 12 0 1 14 26 0 1 10 58 36 1 76 105 35 1 118 107 73 1 57 39 36 1 33 85 64 1 0 0 0 0 0 46 4 1 0 17 4 1 48 52 54 1 0 0 0 1 15 69 0 1 100 111 121 1 0 1 4 1 0 0 0 0 0 0 0 0 31 85 31 1 0 25 0 1 53 69 26 1 0 0 0 0 129 113 82 1 158 129 112 1 119 120 80 1 142 150 71 1 107 146 123 1 112 49 104 1 114 117 116 1 93 110 75 1 3 5 7 1 9 33 32 1 0 27 41 1 15 0 5 1 0 65 53 1 25 6 41 1 3 0 13 1 14 77 75 1 0 25 19 1 7 25 19 1 20 0 0 1 0 56 16 1 17 5 0 1 8 30 10 1 14 0 0 1 0 0 0 0 91 102 116 1 49 81 72 1 73 99 73 1 137 149 101 1 71 120 107 1 102 124 80 1 113 144 138 1 84 81 75 1 94 69 114 1 12 99 103 1 36 23 38 1 0 0 0 0 0 0 0 0
8 0 27 1 9 15 43 1 5 33 18 1 0 39 5 1 0 0 0 0 7 29 23 1 28 55 41 1 42 25 0 1 0 23 0 1 19 59 0 1 111 65 28 1 87 124 61 1 75 148 119 1 45 79 51 1 70 57 53 1 8 30 37 1 0 17 0 1 21 0 11 1 34 69 16 1 5 60 14 1 22 40 38 1 9 41 19 1 14 25 25 1 16 66 19 1 13 45 45 1 0 55 52 1 60 15 29 1 66 11 32 1 134 116 104 1 162 161 100 1 0 0 0 0 157 117 56 1 0 0 0 0 0 0 0 0 117 113 139 1 75 74 106 1 27 22 0 1 26 0 20 1 0 0 0 0 22 43 15 1 8 0 14 1 0 0 0 1 0 24 16 1 4 63 30 1 9 24 31 1 0 39 0 1 18 1 35 1 71 34 60 1 46 84 39 1 0 46 48 1 18 0 0 1 24 25 29 1 46 89 125 1 19 65 58 1 21 32 13 1 5 62 44 1 4 47 1 1 16 77 15 1 94 76 58 1 77 67 73 1 5 38 35 1 13 65 5 1 0 0 8 1 0 0 0 0 3 50 12 1 20 47 54 1
0 0 0 0 50 16 23 1 10 15 52 1 9 39 4 1 19 39 47 1 0 21 45 1 0 10 1 1 0 28 0 1 21 31 47 1 102 100 30 1 95 163 100 1 107 124 51 1 44 49 49 1 57 65 19 1 26 41 68 1 21 61 42 1 0 0 0 0 0 17 8 1 7 24 31 1 5 10 19 1 10 35 14 1 15 100 29 1 0 10 55 1 38 92 34 1 32 69 106 1 4 64 33 1 54 19 7 1 78 104 40 1 136 126 80 1 0 0 0 0 129 122 75 1 116 126 74 1 173 167 122 1 96 139 101 1 30 59 65 1 29 26 0 1 0 0 0 0 3 26 43 1 8 3 55 1 5 27 0 1 10 28 17 1 25 16 37 1 20 17 12 1 15 36 0 1 0 37 24 1 0 48 17 1 23 21 37 1 39 81 59 1 34 61 37 1 57 53 82 1 6 62 93 1 29 29 50 1 61 37 63 1 22 53 10 1 38 52 0 1 41 74 57 1 0 0 0 0 0 0 0 0 0 0 0 0 108 86 51 1 0 0 0 0 0 0 0 0 69 84 107 1 25 72 16 1 121 73 43 1 117 173 131 1
19 67 0 1 9 29 0 1 53 22 36 1 37 53 19 1 0 53 3 1 26 0 8 1 0 0 0 1 22 0 0 1 99 72 43 1 103 102 71 1 105 97 82 1 68 52 20 1 0 0 3 1 26 36 0 1 0 19 0 1 25 42 21 1 25 8 59 1 33 0 0 1 33 21 8 1 0 88 0 1 48 24 14 1 0 0 0 0 1 31 0 1 0 0 0 0 38 35 21 1 21 12 38 1 71 35 4 1 117 125 127 1 118 173 104 1 158 120 82 1 121 91 100 1 99 129 63 1 174 145 94 1 43 74 0 1 31 52 32 1 7 0 0 1 0 0 0 0 0 11 0 1 0 29 35 1 0 34 45 1 0 0 0 1 0 0 25 1 0 5 23 1 24 50 16 1 0 32 30 1 27 0 27 1 106 68 43 1 96 106 57 1 67 93 38 1 2 81 63 1 63 61 65 1 55 60 44 1 0 57 14 1 38 25 12 1 27 77 58 1 74 99 91 1 66 153 98 1 0 0 0 0 80 94 61 1 53 84 63 1 69 99 43 1 77 59 76 1 84 48 56 1 94 81 79 1 178 177 148 1 102 113 115 1
0 5 0 1 0 18 8 1 21 9 12 1 0 12 31 1 0 0 0 0 27 11 3 1 0 0 0 0 35 65 54 1 87 111 40 1 0 0 0 0 0 0 0 0 74 90 13 1 0 52 2 1 23 24 25 1 14 38 5 1 2 25 10 1 0 0 0 0 51 79 49 1 45 60 22 1 37 60 23 1 18 52 8 1 44 23 35 1 42 97 55 1 48 60 15 1 0 35 55 1 15 27 3 1 131 112 133 1 139 125 132 1 139 128 116 1 110 97 86 1 125 86 80 1 160 136 134 1 0 0 0 0 0 18 7 1 7 49 12 1 35 4 0 1 18 46 42 1 22 35 0 1 0 36 0 1 0 11 42 1 0 38 20 1 0 28 3 1 33 86 49 1 81 87 77 1 49 96 48 1 0 0 0 0 64 115 80 1 119 77 111 1 33 69 23 1 71 64 42 1 0 0 0 0 124 94 71 1 64 65 39 1 92 73 63 1 57 68 15 1 55 97 13 1 76 61 118 1 48 66 63 1 127 70 62 1 84 94 56 1 88 89 96 1 44 28 46 1 63 121 63 1 135 100 108 1 86 25 66 1 90 62 20 1
5 55 31 1 3 9 37 1 2 44 7 1 3 66 1 1 12 23 35 1 24 25 5 1 18 81 0 1 61 104 86 1 116 103 72 1 120 78 60 1 0 0 0 0 38 54 7 1 9 0 28 1 34 23 9 1 0 48 12 1 26 9 17 1 0 23 29 1 56 109 44 1 57 64 14 1 0 0 0 0 0 0 0 0 38 33 19 1 0 0 0 0 43 93 33 1 19 42 0 1 36 107 47 1 79 116 62 1 75 68 52 1 110 86 39 1 109 93 55 1 123 81 62 1 154 172 135 1 115 125 32 1 0 10 0 1 20 21 9 1 7 41 29 1 0 20 29 1 0 36 0 1 2 54 18 1 18 33 50 1 61 49 40 1 23 48 23 1 57 85 29 1 63 88 56 1 27 14 33 1 79 41 41 1 37 58 14 1 26 60 0 1 24 28 32 1 74 88 84 1 96 114 116 1 0 0 0 0 14 53 91 1 48 50 20 1 48 4 32 1 53 30 15 1 44 32 77 1 0 0 0 0 68 66 52 1 86 51 43 1 81 6 18 1 57 77 81 1 120 87 82 1 84 78 66 1 0 0 0 0 66 30 26 1
0 23 48 1 0 2 7 1 0 46 0 1 42 0 13 1 3 38 35 1 24 14 0 1 40 109 11 1 109 87 24 1 64 74 35 1 45 80 16 1 19 38 0 1 40 8 34 1 22 5 0 1 37 28 19 1 39 0 7 1 31 14 18 1 34 58 9 1 46 79 66 1 59 57 50 1 72 40 25 1 27 49 14 1 37 60 40 1 22 100 32 1 31 59 44 1 33 83 37 1 56 81 64 1 106 87 59 1 114 129 122 1 125 71 78 1 138 126 98 1 109 58 60 1 0 0 0 0 22 39 31 1 17 0 18 1 0 0 18 1 0 40 60 1 18 50 23 1 28 0 29 1 53 51 67 1 5 65 25 1 46 64 38 1 31 40 25 1 77 48 52 1 64 104 21 1 36 34 11 1 62 69 28 1 84 72 21 1 76 93 89 1 76 60 76 1 109 90 109 1 86 80 104 1 78 115 92 1 86 126 59 1 92 110 80 1 118 151 81 1 116 113 121 1 58 47 78 1 109 137 85 1 104 118 116 1 80 105 63 1 53 60 60 1 101 118 101 1 60 114 53 1 44 39 42 1 0 0 0 0 94 78 88 1
0 17 40 1 0 23 16 1 41 40 2 1 13 6 3 1 14 19 25 1 17 37 0 1 86 69 58 1 0 82 24 1 10 8 1 1 64 45 8 1 21 45 0 1 42 69 69 1 32 8 4 1 0 63 16 1 9 46 0 1 33 52 0 1 2 37 27 1 76 78 16 1 0 42 45 1 26 53 30 1 45 75 0 1 51 24 66 1 18 75 33 1 46 51 28 1 0 0 0 0 91 121 89 1 126 124 110 1 67 94 48 1 0 0 0 0 112 141 99 1 97 125 37 1 42 72 69 1 43 43 23 1 15 57 13 1 26 13 10 1 0 0 0 0 60 87 25 1 65 89 79 1 47 32 43 1 30 14 16 1 26 39 1 1 31 56 84 1 0 65 51 1 0 0 0 0 109 61 42 1 142 135 56 1 149 124 130 1 152 136 106 1 154 162 133 1 108 158 76 1 118 139 111 1 133 122 105 1 109 133 159 1 103 82 71 1 70 58 74 1 3 81 25 1 9 0 0 1 5 0 37 1 0 0 33 1 9 23 0 1 0 42 55 1 22 0 32 1 12 0 0 1 0 64 10 1 22 30 21 1 47 22 26 1
4 29 30 1 0 61 31 1 0 0 0 0 26 43 19 1 18 63 15 1 91 53 0 1 102 71 69 1 12 60 7 1 0 0 0 0 20 15 0 1 4 59 36 1 44 124 105 1 105 87 73 1 39 72 10 1 41 58 34 1 84 119 15 1 0 0 0 1 36 69 0 1 22 34 1 1 8 17 0 1 40 40 27 1 57 54 43 1 47 95 83 1 92 95 99 1 0 57 21 1 7 6 0 1 84 58 70 1 45 65 42 1 8 34 0 1 0 0 0 0 0 0 0 0 121 105 93 1 37 28 36 1 0 9 15 1 0 18 0 1 3 13 0 1 34 85 93 1 33 95 42 1 27 67 65 1 54 45 26 1 28 50 43 1 32 104 72 1 46 67 26 1 36 71 25 1 78 35 15 1 119 86 34 1 0 0 0 0 113 113 77 1 114 156 111 1 129 160 111 1 118 115 143 1 126 110 114 1 41 63 45 1 23 46 12 1 0 26 30 1 0 12 6 1 0 0 0 0 0 20 6 1 0 0 35 1 13 22 0 1 0 31 42 1 10 6 5 1 7 39 10 1 0 0 0 0 0 26 34 1 30 71 0 1
0 16 11 1 0 25 36 1 19 0 30 1 0 25 16 1 74 69 9 1 58 97 35 1 70 78 9 1 106 70 55 1 52 67 62 1 0 0 0 1 0 6 31 1 68 48 24 1 77 70 80 1 77 120 61 1 69 129 61 1 76 74 55 1 53 54 1 1 0 50 40 1 54 89 39 1 0 0 0 0 48 109 45 1 102 103 138 1 119 142 93 1 85 104 90 1 0 0 0 0 0 0 0 1 67 104 61 1 130 98 103 1 82 126 76 1 92 100 96 1 108 138 143 1 70 80 50 1 0 0 0 0 0 0 0 0 0 19 50 1 43 56 14 1 63 78 65 1 0 0 0 0 22 57 52 1 37 54 8 1 70 67 0 1 20 63 23 1 0 0 0 0 102 73 72 1 88 82 3 1 29 56 42 1 64 59 31 1 62 105 58 1 72 71 47 1 79 98 47 1 0 0 0 0 56 0 42 1 27 16 36 1 0 0 0 0 16 0 22 1 22 2 35 1 18 45 0 1 15 14 0 1 0 11 8 1 0 22 13 1 43 14 34 1 13 27 21 1 37 24 36 1 3 44 41 1 0 22 37 1 0 31 29 1
50 58 49 1 0 26 22 1 12 0 25 1 0 0 0 0 14 73 42 1 18 71 61 1 0 0 0 0 73 37 35 1 83 59 98 1 49 7 65 1 9 55 41 1 0 4 0 1 0 47 6 1 41 78 69 1 47 30 72 1 3 68 34 1 33 59 22 1 35 77 76 1 35 48 5 1 8 92 9 1 88 112 58 1 102 111 74 1 48 56 68 1 4 51 0 1 17 52 0 1 2 30 35 1 25 24 0 1 7 56 6 1 86 96 73 1 84 154 119 1 162 134 141 1 60 50 81 1 13 7 6 1 0 57 11 1 0 0 0 0 0 0 0 0 34 87 49 1 49 88 83 1 43 81 48 1 72 63 26 1 38 50 44 1 64 53 18 1 113 101 55 1 113 79 84 1 49 60 36 1 94 119 78 1 136 71 56 1 22 14 8 1 53 100 79 1 33 43 38 1 0 17 11 1 27 58 9 1 44 17 0 1 0 29 50 1 0 34 45 1 0 5 0 1 35 34 33 1 26 23 29 1 0 0 0 0 22 44 47 1 0 22 36 1 0 0 47 1 24 17 44 1 0 48 63 1 46 44 18 1 35 33 34 1
0 30 45 1 41 53 29 1 0 1 0 1 77 31 21 1 67 36 44 1 75 45 34 1 46 48 58 1 57 17 0 1 0 42 3 1 57 41 78 1 48 33 5 1 0 0 0 0 64 86 0 1 51 45 10 1 39 0 0 1 19 34 15 1 71 63 57 1 32 42 57 1 0 84 32 1 41 44 45 1 80 150 62 1 51 67 31 1 32 27 0 1 50 59 34 1 19 56 13 1 37 36 68 1 41 50 24 1 11 49 18 1 0 57 28 1 53 68 47 1 62 109 94 1 65 51 73 1 36 47 25 1 0 18 62 1 29 35 11 1 50 48 29 1 42 74 42 1 90 85 84 1 142 140 91 1 83 75 80 1 62 93 49 1 0 0 0 0 92 124 124 1 147 104 79 1 0 0 0 0 79 105 38 1 36 13 15 1 14 12 18 1 26 70 75 1 0 0 0 0 3 28 6 1 29 39 0 1 23 5 7 1 0 29 28 1 0 50 8 1 0 0 49 1 5 62 0 1 16 50 35 1 7 38 40 1 0 26 45 1 0 69 17 1 0 9 21 1 0 0 0 0 8 43 29 1 14 43 0 1 0 0 15 1
0 0 0 0 48 86 31 1 0 12 0 1 14 69 10 1 70 109 48 1 2 0 19 1 36 33 73 1 22 103 69 1 5 45 26 1 0 35 73 1 3 0 9 1 29 44 12 1 0 0 0 0 12 58 6 1 26 18 0 1 8 22 5 1 8 33 10 1 31 73 45 1 33 36 30 1 50 43 27 1 27 36 32 1 35 7 15 1 20 0 0 1 34 10 6 1 56 21 0 1 0 11 0 1 29 23 44 1 0 0 0 0 38 5 0 1 0 21 10 1 92 91 84 1 3 38 57 1 40 62 28 1 41 60 63 1 40 62 50 1 45 76 33 1 90 78 41 1 90 102 114 1 0 0 0 0 102 109 30 1 51 69 78 1 140 122 67 1 103 78 82 1 88 69 89 1 76 51 36 1 67 82 41 1 24 9 0 1 0 14 3 1 0 0 0 0 8 0 15 1 0 0 24 1 0 27 4 1 0 31 35 1 0 0 30 1 0 15 0 1 2 28 25 1 0 25 2 1 19 27 48 1 0 34 46 1 34 7 21 1 0 0 0 1 0 0 0 0 16 30 0 1 12 0 0 1 23 0 14 1 29 11 67 1
0 0 0 0 33 26 50 1 51 2 0 1 15 28 6 1 44 38 18 1 2 34 4 1 5 28 36 1 6 3 18 1 0 0 3 1 34 64 27 1 0 51 21 1 0 19 0 1 52 78 72 1 10 27 0 1 103 82 63 1 15 45 24 1 0 0 0 0 81 85 108 1 119 141 95 1 0 0 0 0 22 51 0 1 8 36 25 1 0 55 0 1 10 24 14 1 26 15 18 1 0 39 16 1 0 0 0 0 42 5 0 1 0 0 0 0 0 40 43 1 63 85 69 1 21 51 21 1 45 61 16 1 61 59 24 1 55 73 57 1 0 0 0 0 44 73 22 1 37 104 47 1 0 0 0 0 114 158 130 1 144 89 64 1 120 142 120 1 80 64 87 1 0 49 13 1 0 45 33 1 0 29 8 1 9 16 9 1 0 0 0 0 0 9 0 1 2 21 1 1 30 0 6 1 1 0 12 1 0 0 0 0 0 30 0 1 0 61 24 1 46 21 41 1 14 29 2 1 28 52 17 1 17 5 10 1 24 12 27 1 0 49 22 1 0 31 0 1 0 57 28 1 18 0 30 1 37 33 52 1 12 14 33 1
0 0 0 1 0 0 0 0 11 13 10 1 36 48 32 1 37 45 8 1 6 19 3 1 0 0 0 0 0 18 0 1 7 1 1 1 0 30 13 1 0 2 42 1 9 8 3 1 25 76 21 1 32 49 0 1 60 108 32 1 23 20 0 1 0 0 0 0 0 0 0 0 52 102 91 1 52 47 79 1 0 17 0 1 22 25 11 1 14 4 0 1 0 33 43 1 36 52 0 1 18 35 18 1 0 0 0 0 0 0 1 1 0 56 28 1 44 29 45 1 0 0 0 0 19 40 25 1 0 0 0 0 0 47 3 1 25 75 40 1 72 35 35 1 11 81 73 1 60 52 54 1 72 99 75 1 112 116 79 1 95 111 69 1 143 127 105 1 0 0 0 0 16 19 7 1 36 68 50 1 9 40 3 1 0 43 15 1 20 36 55 1 21 4 3 1 0 54 24 1 0 9 22 1 0 10 4 1 0 0 0 0 0 20 17 1 0 0 45 1 51 39 0 1 0 10 0 1 42 0 22 1 0 60 18 1 48 0 0 1 13 24 44 1 0 55 0 1 0 27 40 1 37 0 0 1 23 50 0 1 0 0 0 0
0 0 0 0 6 25 7 1 84 31 31 1 47 57 57 1 17 27 6 1 0 22 6 1 29 0 0 1 4 4 4 1 5 13 6 1 12 13 24 1 25 11 0 1 48 68 36 1 35 75 0 1 0 0 0 0 0 61 31 1 56 91 48 1 54 108 40 1 7 26 50 1 6 43 16 1 0 21 0 1 29 6 22 1 0 39 41 1 0 27 0 1 16 30 0 1 3 18 48 1 21 0 0 1 11 0 4 1 6 39 21 1 0 0 4 1 0 37 40 1 0 44 12 1 0 0 40 1 10 1 2 1 2 33 3 1 0 40 20 1 5 3 24 1 0 41 35 1 0 10 43 1 0 58 68 1 10 45 59 1 0 0 0 0 12 46 8 1 0 33 70 1 0 45 14 1 31 58 15 1 80 73 73 1 0 66 33 1 22 11 17 1 0 7 19 1 0 50 0 1 0 39 20 1 23 0 21 1 0 25 40 1 33 13 48 1 9 26 45 1 0 0 27 1 0 54 29 1 6 0 4 1 0 0 0 0 0 60 61 1 0 0 0 0 0 47 8 1 14 55 41 1 10 34 50 1 29 13 46 1 35 4 24 1
4 31 26 1 33 0 8 1 0 0 0 0 77 87 0 1 16 55 28 1 22 62 6 1 0 22 0 1 0 35 25 1 28 0 22 1 1 76 12 1 27 0 0 1 17 84 59 1 38 10 44 1 0 0 0 0 42 33 0 1 15 43 20 1 0 18 9 1 0 10 0 1 3 16 4 1 0 0 4 1 0 13 11 1 0 0 0 0 0 0 30 1 0 0 0 0 25 11 3 1 53 31 47 1 40 10 18 1 0 55 7 1 0 32 4 1 41 29 38 1 35 25 43 1 0 14 32 1 39 0 33 1 0 28 4 1 3 10 2 1 0 0 36 1 6 6 0 1 0 23 0 1 11 27 8 1 27 35 1 1 32 3 19 1 0 60 11 1 44 53 22 1 10 16 5 1 56 66 13 1 77 77 47 1 1 8 5 1 0 0 0 1 0 14 19 1 25 53 8 1 0 0 50 1 18 0 23 1 26 24 0 1 37 26 19 1 10 5 27 1 0 0 13 1 0 29 10 1 15 0 6 1 0 30 0 1 32 0 41 1 0 10 41 1 4 29 12 1 0 17 28 1 0 0 31 1 23 41 6 1 0 29 63 1
0 33 0 1 35 14 36 1 0 4 0 1 24 0 5 1 0 35 0 1 0 40 25 1 30 42 8 1 22 50 22 1 26 29 34 1 27 18 29 1 0 0 0 0 28 50 0 1 2 34 8 1 48 49 42 1 89 69 95 1 19 45 0 1 0 30 9 1 7 16 0 1 24 1 0 1 0 49 43 1 6 3 18 1 13 29 38 1 0 8 14 1 0 19 0 1 0 0 0 1 26 40 6 1 0 26 5 1 10 45 4 1 20 20 9 1 0 59 37 1 0 10 29 1 19 45 22 1 30 9 35 1 0 0 34 1 6 36 15 1 0 15 22 1 11 0 28 1 0 0 0 0 0 4 0 1 18 49 0 1 41 88 2 1 49 40 36 1 8 6 28 1 50 0 39 1 37 60 48 1 0 0 0 0 0 24 21 1 24 3 10 1 1 32 14 1 0 45 30 1 0 27 18 1 11 22 17 1 0 0 22 1 0 12 39 1 23 23 6 1 0 0 0 0 0 29 2 1 7 39 0 1 0 29 8 1 0 34 65 1 0 32 12 1 0 27 0 1 30 27 32 1 0 31 20 1 24 0 12 1 5 20 15 1
0 12 0 1 4 38 32 1 29 29 0 1 9 67 17 1 27 34 26 1 37 17 0 1 0 0 0 0 53 70 13 1 0 0 0 0 27 33 39 1 22 4 0 1 37 13 4 1 28 32 74 1 60 102 88 1 20 29 59 1 0 13 0 1 23 34 0 1 14 26 25 1 0 11 40 1 0 30 9 1 0 45 10 1 52 34 23 1 0 35 39 1 0 23 28 1 21 20 33 1 7 30 63 1 0 30 21 1 48 79 20 1 24 38 39 1 0 17 7 1 0 31 2 1 11 6 16 1 0 29 39 1 0 0 0 0 0 15 17 1 0 0 0 0 0 19 8 1 0 0 0 0 0 0 20 1 42 36 11 1 0 17 0 1 26 30 28 1 0 18 36 1 0 51 18 1 26 70 50 1 13 0 21 1 0 57 8 1 0 23 32 1 4 7 28 1 0 0 0 0 0 0 7 1 0 9 0 1 0 49 18 1 0 0 0 0 15 2 81 1 32 25 30 1 0 27 11 1 0 0 0 0 15 21 29 1 16 50 9 1 29 42 36 1 2 0 37 1 23 60 39 1 0 35 44 1 0 0 0 0 22 30 7 1
0 19 0 1 0 0 0 1 26 10 0 1 30 17 22 1 27 16 27 1 0 40 0 1 16 15 0 1 29 19 0 1 0 0 0 0 14 24 0 1 0 0 0 0 74 39 38 1 30 100 80 1 32 13 2 1 20 0 0 1 17 36 10 1 0 12 0 1 0 20 21 1 0 46 0 1 0 12 45 1 0 55 25 1 25 5 12 1 18 17 17 1 25 31 0 1 4 39 0 1 0 1 0 1 23 21 24 1 49 78 43 1 18 34 37 1 3 23 8 1 10 17 22 1 45 3 0 1 0 0 0 0 0 0 19 1 0 0 0 0 0 41 45 1 18 20 38 1 0 0 32 1 0 27 36 1 42 47 32 1 8 0 2 1 13 0 1 1 0 0 0 0 19 42 26 1 7 63 1 1 58 31 0 1 0 0 20 1 0 7 0 1 30 48 25 1 31 5 36 1 44 27 0 1 0 12 0 1 0 15 12 1 22 29 38 1 12 0 17 1 31 32 0 1 0 41 38 1 8 14 3 1 1 61 33 1 27 7 32 1 0 35 15 1 29 13 0 1 22 21 30 1 18 46 35 1 44 53 14 1 0 26 7 1
30 44 27 1 75 0 9 1 33 44 0 1 0 0 0 0 21 15 39 1 17 44 0 1 15 0 0 1 0 0 0 0 50 81 48 1 34 21 15 1 23 18 0 1 106 112 50 1 24 60 11 1 40 13 0 1 0 18 13 1 24 15 25 1 0 4 0 1 0 56 9 1 0 1 1 1 32 16 64 1 3 24 8 1 0 35 8 1 12 52 38 1 0 30 12 1 0 17 0 1 0 9 0 1 0 0 0 1 57 31 52 1 0 0 0 0 13 34 14 1 0 0 0 0 14 0 14 1 0 26 32 1 28 0 37 1 10 35 40 1 32 18 68 1 25 22 35 1 0 0 0 0 0 26 27 1 0 20 0 1 0 22 14 1 0 0 45 1 0 57 0 1 2 27 0 1 5 37 34 1 13 41 30 1 0 0 0 0 0 0 0 0 5 7 4 1 51 22 25 1 0 1 53 1 0 17 31 1 0 35 0 1 0 50 10 1 14 42 21 1 18 53 15 1 30 18 0 1 17 38 29 1 10 28 13 1 7 19 20 1 0 0 0 0 48 7 8 1 0 0 0 0 1 44 82 1 19 35 39 1 0 29 8 1
17 51 16 1 29 60 0 1 14 16 0 1 24 46 0 1 33 26 0 1 10 10 29 1 0 41 0 1 0 51 7 1 23 50 4 1 39 45 15 1 46 41 65 1 35 76 23 1 27 36 49 1 0 35 21 1 14 36 0 1 1 36 29 1 17 16 33 1 28 32 55 1 7 13 13 1 0 18 8 1 0 0 0 1 0 30 0 1 35 4 24 1 0 8 5 1 0 17 0 1 0 20 0 1 25 30 31 1 50 74 0 1 23 47 34 1 0 0 2 1 54 74 17 1 52 34 29 1 6 40 30 1 20 10 28 1 4 45 33 1 0 0 0 0 0 10 12 1 5 32 36 1 45 1 3 1 0 28 7 1 39 4 5 1 13 28 2 1 0 45 28 1 8 27 33 1 27 21 23 1 0 0 0 0 42 89 19 1 12 45 37 1 1 28 19 1 15 17 10 1 6 52 10 1 10 38 18 1 0 25 15 1 28 26 24 1 0 39 4 1 0 33 0 1 26 45 38 1 24 59 4 1 0 0 0 0 28 39 17 1 28 28 9 1 0 0 0 0 15 37 33 1 25 43 84 1 0 0 0 0 26 49 46 1
21 21 0 1 0 8 36 1 20 61 19 1 16 47 44 1 62 43 31 1 0 46 0 1 0 0 0 0 0 0 0 0 25 90 39 1 74 125 79 1 65 92 44 1 19 62 43 1 41 26 15 1 11 4 0 1 0 17 53 1 9 27 8 1 5 34 15 1 0 42 22 1 18 3 22 1 32 34 0 1 11 55 49 1 24 29 25 1 0 0 0 0 42 14 17 1 0 50 31 1 0 0 32 1 1 20 0 1 5 27 6 1 8 50 14 1 9 24 0 1 104 127 94 1 9 59 77 1 40 40 1 1 22 26 19 1 0 38 4 1 0 48 36 1 0 23 1 1 2 12 5 1 13 23 0 1 0 29 0 1 12 41 29 1 0 13 0 1 0 28 29 1 27 46 18 1 0 13 15 1 0 0 0 0 33 36 47 1 27 61 41 1 0 0 0 0 0 18 3 1 25 37 0 1 18 24 6 1 0 2 29 1 0 44 8 1 0 25 16 1 0 0 13 1 78 61 4 1 3 20 56 1 27 44 7 1 14 22 0 1 9 36 43 1 0 4 0 1 18 63 40 1 14 54 27 1 25 37 19 1 116 98 86 1
38 25 17 1 54 79 19 1 0 0 0 0 66 99 59 1 53 41 57 1 0 58 46 1 0 0 0 0 43 112 108 1 43 89 38 1 62 113 56 1 0 78 13 1 14 43 12 1 10 10 6 1 0 13 32 1 14 5 2 1 24 8 23 1 20 40 41 1 0 49 8 1 0 47 22 1 0 0 0 0 0 21 0 1 13 21 44 1 0 0 0 0 4 3 2 1 0 0 20 1 0 0 35 1 23 39 21 1 0 0 14 1 22 48 9 1 65 79 102 1 42 34 35 1 4 0 13 1 16 45 47 1 0 34 0 1 0 0 0 0 3 4 3 1 28 40 29 1 15 25 0 1 0 12 20 1 0 0 21 1 0 28 31 1 25 28 0 1 0 9 40 1 0 0 0 0 0 0 0 1 5 6 27 1 72 38 27 1 9 31 15 1 3 16 0 1 0 0 0 1 16 31 57 1 0 0 0 1 17 7 52 1 0 6 0 1 0 0 0 0 16 15 11 1 0 0 0 0 0 57 38 1 0 0 0 0 0 14 0 1 38 22 41 1 69 10 35 1 11 0 0 1 75 31 0 1 138 74 40 1 174 150 156 1
6 25 45 1 0 56 17 1 53 66 13 1 19 22 16 1 11 74 27 1 57 43 36 1 0 71 55 1 28 78 45 1 64 67 43 1 34 80 45 1 3 33 0 1 0 0 0 0 0 6 18 1 0 20 11 1 0 7 0 1 0 38 15 1 1 0 42 1 0 32 18 1 0 0 0 0 0 11 7 1 0 0 0 0 16 51 36 1 0 60 36 1 5 0 34 1 0 42 44 1 0 0 0 0 0 0 0 0 22 0 17 1 27 60 13 1 54 93 87 1 8 29 0 1 2 29 11 1 64 48 24 1 60 62 0 1 5 5 11 1 19 6 24 1 4 13 1 1 12 98 78 1 0 0 0 0 15 55 20 1 26 78 13 1 0 0 16 1 0 10 14 1 2 34 14 1 5 11 0 1 8 61 11 1 68 72 48 1 0 89 73 1 34 6 23 1 0 0 34 1 0 15 53 1 12 0 0 1 48 0 17 1 25 10 15 1 0 0 0 0 5 0 8 1 23 23 22 1 16 50 50 1 25 30 7 1 9 33 55 1 0 27 0 1 19 58 47 1 56 41 24 1 56 85 67 1 128 107 65 1 112 117 78 1
11 16 18 1 15 47 22 1 0 0 0 0 0 0 0 0 32 89 33 1 32 87 11 1 19 11 29 1 0 18 0 1 12 0 0 1 3 51 2 1 0 0 0 0 0 8 0 1 24 37 0 1 7 57 0 1 0 5 42 1 28 16 14 1 0 47 34 1 0 0 2 1 0 30 39 1 22 52 22 1 0 0 0 0 0 0 0 0 0 7 12 1 43 28 20 1 14 0 7 1 10 55 38 1 0 18 30 1 12 58 46 1 41 62 26 1 12 53 0 1 0 0 0 0 7 47 1 1 0 15 0 1 11 24 35 1 19 52 10 1 26 30 0 1 36 66 22 1 92 77 48 1 0 47 34 1 6 42 0 1 0 15 1 1 28 37 2 1 0 37 27 1 5 22 54 1 0 0 0 0 0 20 43 1 80 89 33 1 0 0 0 0 11 23 12 1 18 42 33 1 30 37 7 1 22 28 22 1 4 31 44 1 22 5 0 1 35 27 27 1 20 12 14 1 20 58 7 1 24 14 3 1 0 22 0 1 0 11 0 1 44 58 56 1 116 114 119 1 115 61 45 1 133 119 93 1 152 129 103 1 123 106 67 1
99 118 36 1 106 154 57 1 68 99 67 1 58 58 25 1 0 10 3 1 39 23 0 1 0 26 26 1 27 56 30 1 2 49 39 1 6 50 10 1 0 20 12 1 0 17 11 1 4 15 1 1 4 17 19 1 0 43 48 1 0 26 3 1 0 35 27 1 33 31 12 1 0 0 0 0 10 28 22 1 0 36 21 1 32 38 54 1 22 3 19 1 17 37 45 1 28 81 15 1 4 4 13 1 0 8 0 1 46 32 20 1 0 0 0 0 0 0 0 0 25 9 24 1 0 10 0 1 0 31 1 1 29 71 17 1 27 19 0 1 45 54 48 1 41 88 72 1 61 93 56 1 13 89 57 1 0 49 0 1 0 0 0 0 11 83 78 1 2 23 5 1 16 0 23 1 20 4 0 1 6 5 3 1 0 0 0 0 19 37 61 1 0 22 31 1 32 42 11 1 37 44 12 1 33 28 37 1 0 17 0 1 14 35 0 1 44 76 6 1 64 60 66 1 20 82 40 1 17 26 28 1 10 38 13 1 36 26 0 1 41 35 35 1 59 45 23 1 147 136 122 1 69 114 47 1 103 72 79 1 114 84 72 1
116 136 119 1 0 0 0 0 0 15 21 1 31 45 0 1 16 62 45 1 41 50 53 1 3 54 33 1 3 43 20 1 0 26 35 1 23 16 0 1 2 9 4 1 10 57 0 1 0 16 25 1 12 27 0 1 0 10 9 1 0 0 0 0 6 8 23 1 45 24 23 1 69 92 85 1 0 0 0 0 20 5 0 1 0 0 0 0 41 13 0 1 25 21 11 1 15 73 0 1 27 4 39 1 42 44 18 1 90 76 43 1 48 44 36 1 21 14 16 1 11 14 0 1 19 36 0 1 15 0 0 1 4 0 6 1 43 58 53 1 66 62 53 1 0 11 0 1 28 58 34 1 0 39 15 1 0 51 10 1 19 3 0 1 37 27 14 1 39 69 34 1 0 10 7 1 0 0 0 1 2 43 18 1 12 30 0 1 3 0 0 1 19 25 0 1 22 32 9 1 51 51 38 1 0 7 35 1 0 31 14 1 44 39 49 1 0 0 0 0 67 56 43 1 0 0 0 1 45 0 0 1 28 80 66 1 8 59 0 1 0 77 0 1 109 112 71 1 133 148 88 1 140 126 62 1 42 46 0 1 67 58 92 1
31 56 54 1 12 38 39 1 4 0 11 1 46 54 12 1 5 25 22 1 0 0 0 0 9 27 47 1 9 17 27 1 0 29 38 1 0 6 25 1 38 12 36 1 0 17 5 1 32 20 14 1 0 43 43 1 57 19 0 1 0 46 14 1 40 2 0 1 37 32 15 1 108 54 61 1 66 53 35 1 20 36 0 1 16 4 28 1 2 0 0 1 46 0 19 1 48 70 43 1 70 90 44 1 52 78 49 1 0 11 41 1 0 0 0 0 22 34 6 1 22 59 37 1 39 25 0 1 80 62 70 1 8 0 68 1 5 12 0 1 0 0 0 1 0 60 21 1 43 23 23 1 0 36 32 1 0 64 25 1 4 40 32 1 25 34 28 1 0 41 1 1 0 43 35 1 0 3 0 1 0 0 0 0 0 0 0 0 25 68 39 1 15 43 19 1 14 16 0 1 13 35 7 1 32 28 40 1 28 79 21 1 0 0 0 0 53 28 20 1 27 25 0 1 0 0 0 0 39 55 31 1 71 41 21 1 1 44 0 1 47 14 20 1 60 67 25 1 0 0 0 0 114 100 97 1 135 155 125 1 78 68 52 1
0 62 4 1 11 24 8 1 42 72 54 1 0 24 43 1 0 0 0 0 0 18 18 1 21 40 7 1 10 0 7 1 38 7 15 1 9 45 27 1 0 0 0 1 14 23 7 1 0 52 13 1 0 25 0 1 17 25 20 1 16 62 0 1 0 0 0 1 0 9 28 1 41 50 24 1 85 84 92 1 0 0 0 0 12 0 0 1 9 21 0 1 26 59 22 1 27 18 7 1 97 68 72 1 0 0 0 0 0 0 0 0 57 62 14 1 53 69 67 1 68 107 50 1 87 57 84 1 0 0 0 0 0 0 0 0 14 14 12 1 20 11 37 1 12 45 0 1 35 14 6 1 18 35 13 1 7 30 33 1 36 75 38 1 1 9 18 1 63 13 20 1 4 27 3 1 0 40 10 1 0 0 0 1 0 0 28 1 12 70 42 1 38 68 61 1 39 43 0 1 15 43 0 1 35 71 15 1 25 58 34 1 65 12 37 1 13 8 0 1 0 33 7 1 53 44 60 1 60 57 31 1 0 0 0 0 57 52 49 1 11 12 44 1 23 34 11 1 25 11 36 1 28 34 64 1 49 95 37 1 44 28 56 1
2 36 29 1 27 18 1 1 0 39 0 1 0 0 0 0 7 37 0 1 3 13 7 1 0 0 0 0 19 15 2 1 10 35 11 1 23 31 19 1 43 14 8 1 12 35 52 1 0 0 0 0 0 0 30 1 0 10 0 1 0 52 41 1 0 0 0 0 16 61 0 1 41 37 25 1 1 53 0 1 34 39 18 1 37 4 22 1 0 28 43 1 0 0 0 0 30 42 25 1 20 67 4 1 90 45 45 1 15 71 30 1 36 66 46 1 51 38 0 1 25 63 14 1 68 24 11 1 125 65 125 1 31 35 8 1 2 0 17 1 12 25 36 1 5 0 15 1 0 38 15 1 0 41 12 1 0 0 0 0 17 39 55 1 31 0 54 1 0 38 0 1 0 0 0 0 0 9 9 1 0 0 19 1 0 6 0 1 0 0 0 0 52 77 18 1 0 0 0 0 3 63 39 1 0 0 0 0 66 16 0 1 0 45 17 1 30 24 2 1 65 64 39 1 59 74 77 1 24 83 20 1 39 27 0 1 50 30 6 1 0 21 0 1 5 31 0 1 0 0 0 0 33 29 22 1 0 0 0 0 153 95 111 1
70 17 0 1 23 0 0 1 8 17 0 1 34 20 23 1 33 1 35 1 33 76 28 1 52 82 33 1 24 20 0 1 19 32 22 1 59 61 0 1 0 26 19 1 33 37 28 1 14 0 0 1 30 7 19 1 7 38 0 1 0 48 2 1 4 21 6 1 0 23 4 1 12 16 4 1 0 12 0 1 13 28 0 1 0 0 0 0 0 5 30 1 15 56 8 1 78 34 70 1 15 43 0 1 0 41 3 1 34 33 19 1 0 28 0 1 21 28 16 1 32 56 40 1 60 105 27 1 105 93 32 1 71 73 41 1 22 0 44 1 13 42 0 1 0 32 42 1 24 21 22 1 0 54 15 1 15 32 11 1 19 46 2 1 0 0 0 0 0 0 0 0 11 0 13 1 0 35 13 1 0 0 0 0 0 9 31 1 0 0 0 0 13 49 16 1 53 94 40 1 35 48 11 1 0 31 20 1 0 1 0 1 49 28 0 1 76 73 74 1 37 82 58 1 39 61 18 1 10 0 11 1 2 13 38 1 11 54 0 1 42 0 0 1 36 27 20 1 57 0 21 1 82 121 82 1 126 127 105 1 145 101 97 1
0 29 11 1 0 24 0 1 0 65 0 1 0 12 0 1 0 72 8 1 0 0 0 0 56 89 84 1 57 20 0 1 5 0 15 1 0 24 0 1 0 48 10 1 0 40 0 1 21 39 0 1 33 64 36 1 0 11 2 1 5 21 0 1 0 0 0 1 37 43 11 1 22 32 35 1 0 13 18 1 1 19 11 1 2 23 9 1 0 13 0 1 44 0 28 1 71 87 51 1 71 91 63 1 50 50 47 1 19 83 0 1 3 40 25 1 49 57 24 1 31 47 35 1 29 99 20 1 0 0 0 0 57 41 33 1 30 37 0 1 25 3 0 1 16 42 8 1 0 71 13 1 0 0 0 0 0 44 31 1 13 0 22 1 0 27 0 1 0 27 0 1 0 0 17 1 2 0 0 1 23 0 23 1 19 0 0 1 0 4 0 1 0 56 15 1 17 43 14 1 1 38 10 1 2 58 21 1 16 48 18 1 12 92 25 1 32 21 61 1 0 0 0 0 4 11 0 1 0 5 0 1 0 0 0 0 40 0 10 1 47 55 42 1 34 94 39 1 82 93 77 1 110 93 65 1 50 62 13 1 148 80 108 1
20 22 24 1 0 48 0 1 0 44 14 1 0 24 9 1 31 0 0 1 30 84 37 1 70 64 59 1 45 53 73 1 15 13 11 1 14 59 25 1 73 57 18 1 18 94 61 1 60 69 34 1 34 103 42 1 23 65 32 1 4 13 6 1 44 60 49 1 51 29 40 1 0 0 0 0 23 2 76 1 10 3 0 1 0 3 2 1 17 26 9 1 0 56 0 1 0 0 0 0 55 120 70 1 6 74 0 1 61 69 18 1 62 105 60 1 64 73 30 1 52 127 27 1 49 47 59 1 34 92 41 1 20 0 0 1 10 0 19 1 15 50 38 1 0 0 0 0 6 42 32 1 41 26 40 1 0 16 19 1 11 37 16 1 0 0 0 0 11 26 40 1 0 4 0 1 1 0 0 1 23 22 6 1 0 0 0 0 0 21 35 1 26 16 24 1 59 0 12 1 0 0 0 0 9 53 19 1 13 0 4 1 0 0 0 0 0 0 0 0 25 0 10 1 54 47 23 1 0 40 8 1 29 62 55 1 48 51 0 1 0 44 37 1 69 74 39 1 67 12 9 1 62 31 37 1 40 42 0 1 188 173 147 1
0 68 41 1 6 38 0 1 5 47 0 1 15 0 22 1 24 16 0 1 37 18 0 1 3 37 11 1 80 68 41 1 59 25 0 1 28 90 28 1 0 0 0 0 97 108 37 1 40 102 46 1 0 28 38 1 15 0 0 1 64 27 13 1 33 31 8 1 87 66 10 1 109 80 104 1 46 41 18 1 0 0 0 0 13 70 0 1 0 0 0 0 45 50 41 1 108 119 83 1 92 126 53 1 71 36 85 1 37 100 30 1 47 50 34 1 24 54 4 1 61 41 0 1 86 110 66 1 44 35 14 1 0 36 0 1 36 55 19 1 29 62 22 1 6 82 64 1 26 59 50 1 0 55 22 1 25 25 48 1 0 8 0 1 31 0 5 1 0 26 23 1 20 45 0 1 0 23 34 1 5 4 0 1 0 10 0 1 0 0 0 0 0 54 3 1 16 0 0 1 0 27 17 1 20 58 64 1 76 93 58 1 0 6 0 1 1 52 15 1 0 19 53 1 36 40 0 1 0 25 21 1 45 20 20 1 0 12 0 1 52 67 58 1 29 48 69 1 0 0 0 0 25 34 7 1 89 85 67 1 87 60 69 1
18 0 21 1 0 0 16 1 0 22 4 1 0 32 14 1 68 29 0 1 3 1 0 1 55 60 40 1 0 0 0 0 15 51 86 1 0 0 0 0 69 38 21 1 40 72 52 1 29 76 5 1 0 0 0 0 30 58 26 1 45 32 1 1 11 48 15 1 0 38 38 1 22 64 78 1 27 22 0 1 18 55 0 1 0 0 0 0 73 77 61 1 95 122 32 1 90 104 17 1 56 78 6 1 46 76 36 1 32 42 38 1 89 95 16 1 71 83 27 1 56 75 35 1 66 81 44 1 0 24 17 1 0 25 0 1 14 79 0 1 87 63 29 1 13 82 53 1 9 20 40 1 0 33 0 1 0 29 15 1 12 32 15 1 0 53 17 1 6 8 23 1 0 0 0 1 16 38 6 1 28 22 15 1 0 40 59 1 10 0 1 1 0 15 0 1 0 25 0 1 0 9 0 1 5 42 29 1 70 88 106 1 52 69 0 1 29 76 24 1 0 9 24 1 0 20 15 1 20 32 13 1 42 17 0 1 50 68 73 1 40 54 19 1 1 0 0 1 0 0 0 1 19 30 68 1 92 57 65 1 100 77 80 1
27 58 15 1 11 32 0 1 0 0 0 0 7 15 6 1 0 8 22 1 33 22 0 1 53 20 0 1 0 0 0 0 41 53 21 1 22 9 14 1 0 40 0 1 9 35 5 1 84 102 105 1 97 70 54 1 63 28 4 1 20 34 52 1 33 11 0 1 47 31 18 1 31 73 22 1 58 43 0 1 0 0 0 0 116 75 37 1 33 42 39 1 51 41 22 1 76 38 3 1 0 0 0 0 0 49 0 1 36 55 0 1 52 22 28 1 25 75 1 1 0 64 24 1 24 12 0 1 1 17 0 1 25 83 8 1 48 61 19 1 35 36 35 1 0 35 17 1 0 16 0 1 16 18 45 1 20 38 36 1 15 23 6 1 13 26 8 1 0 40 0 1 0 59 18 1 21 10 2 1 0 38 14 1 39 5 0 1 2 63 29 1 44 50 27 1 0 28 6 1 1 34 23 1 35 78 15 1 0 37 18 1 0 0 0 0 0 0 0 0 0 68 36 1 0 0 0 0 0 16 49 1 25 25 29 1 0 50 35 1 43 23 9 1 0 32 38 1 16 28 19 1 6 66 95 1 23 42 0 1 73 46 86 1
16 54 28 1 0 19 16 1 0 33 0 1 12 45 55 1 0 0 0 0 24 55 21 1 39 31 0 1 0 0 27 1 47 0 19 1 44 67 104 1 118 112 109 1 99 165 156 1 0 0 0 0 63 39 0 1 63 26 17 1 49 39 44 1 26 0 10 1 73 62 46 1 120 123 73 1 89 153 134 1 0 0 0 0 65 63 56 1 110 123 72 1 78 117 63 1 59 44 13 1 70 55 0 1 24 77 37 1 39 41 0 1 0 50 14 1 11 10 25 1 13 8 0 1 6 35 0 1 2 23 29 1 0 0 0 0 36 74 21 1 0 0 0 0 0 0 0 0 0 25 31 1 57 8 8 1 0 0 18 1 0 12 29 1 7 10 0 1 5 21 23 1 0 30 0 1 12 46 4 1 0 37 0 1 0 2 0 1 0 0 0 0 7 35 25 1 0 0 0 0 0 5 10 1 0 31 2 1 0 0 1 1 26 42 7 1 70 94 61 1 12 50 50 1 0 21 0 1 38 25 50 1 42 41 27 1 0 0 0 0 0 0 0 1 36 63 28 1 12 56 24 1 23 38 7 1 29 81 13 1 14 48 17 1
0 16 6 1 0 0 0 0 0 40 8 1 7 38 4 1 13 55 17 1 20 45 12 1 70 4 41 1 14 0 0 1 0 31 18 1 9 58 67 1 50 109 32 1 64 73 71 1 90 85 36 1 45 43 24 1 32 95 39 1 0 0 0 0 7 51 57 1 95 49 21 1 149 134 72 1 93 81 55 1 118 62 51 1 48 74 0 1 82 92 80 1 111 118 72 1 49 90 36 1 54 71 0 1 51 85 51 1 0 13 18 1 1 28 49 1 19 49 0 1 9 41 30 1 45 25 5 1 16 49 6 1 79 37 16 1 18 51 8 1 0 14 23 1 0 0 0 0 0 7 22 1 3 0 0 1 5 19 0 1 22 61 17 1 20 27 14 1 0 4 4 1 0 19 10 1 0 0 0 0 63 47 29 1 22 53 21 1 39 29 57 1 34 22 0 1 0 0 0 0 0 35 0 1 38 89 20 1 8 62 9 1 0 0 0 0 0 0 0 0 30 69 47 1 0 47 0 1 13 97 44 1 25 22 5 1 21 0 5 1 35 0 0 1 42 61 18 1 76 44 22 1 25 23 18 1 0 35 25 1 10 0 0 1
0 51 8 1 1 9 18 1 0 43 51 1 30 27 46 1 12 17 0 1 3 55 4 1 0 54 0 1 8 14 0 1 8 61 0 1 66 77 15 1 78 53 5 1 81 91 45 1 79 93 72 1 97 102 61 1 68 62 0 1 61 52 27 1 107 83 86 1 97 134 94 1 161 82 52 1 106 107 13 1 109 66 5 1 0 0 0 0 159 153 101 1 138 124 67 1 85 59 79 1 54 65 64 1 39 53 34 1 49 64 11 1 15 62 0 1 16 48 18 1 11 41 21 1 36 34 0 1 0 0 0 0 37 40 0 1 0 27 50 1 0 0 0 0 0 41 26 1 0 47 27 1 0 14 18 1 22 27 15 1 33 28 9 1 9 56 13 1 0 1 20 1 29 0 0 1 0 36 28 1 101 51 72 1 40 88 92 1 0 41 41 1 0 0 0 0 20 40 17 1 6 0 0 1 20 24 38 1 9 6 21 1 17 93 48 1 64 68 58 1 34 99 68 1 19 39 65 1 0 64 29 1 10 17 0 1 73 86 22 1 0 0 0 0 35 48 54 1 15 28 10 1 13 17 5 1 15 0 27 1 0 94 15 1
20 20 0 1 0 0 0 0 15 0 10 1 0 44 16 1 19 13 32 1 24 3 37 1 3 16 35 1 0 0 0 0 69 74 37 1 22 57 29 1 91 80 49 1 98 78 45 1 141 72 120 1 88 85 101 1 65 69 32 1 0 0 0 0 119 109 64 1 131 133 93 1 152 88 59 1 141 105 62 1 143 174 85 1 135 99 87 1 0 0 0 0 121 97 23 1 86 106 44 1 0 0 0 0 43 79 6 1 0 0 0 0 21 29 21 1 19 46 0 1 0 0 0 0 29 76 8 1 10 34 0 1 2 15 19 1 0 52 81 1 6 33 17 1 0 22 0 1 29 0 42 1 26 29 65 1 15 38 49 1 0 64 20 1 0 32 11 1 0 6 49 1 0 43 0 1 23 56 39 1 26 56 22 1 30 0 8 1 7 0 0 1 0 0 0 0 0 9 6 1 0 28 35 1 22 26 2 1 17 7 9 1 0 0 0 0 46 31 43 1 27 125 55 1 0 0 0 0 29 15 24 1 0 14 0 1 63 13 34 1 19 0 21 1 29 48 0 1 0 0 0 0 0 0 2 1 21 38 48 1 62 66 63 1
41 18 23 1 11 11 7 1 24 53 5 1 25 28 26 1 13 25 59 1 5 0 6 1 14 24 15 1 8 36 21 1 16 52 2 1 30 8 46 1 95 76 12 1 0 0 0 0 121 94 112 1 63 106 47 1 0 0 0 0 126 105 81 1 129 117 102 1 168 121 80 1 149 120 79 1 121 110 70 1 135 89 82 1 88 80 21 1 73 119 31 1 81 72 63 1 0 0 0 0 65 60 57 1 47 44 27 1 0 77 11 1 0 12 39 1 12 51 9 1 12 52 3 1 29 45 50 1 19 34 34 1 37 33 22 1 35 56 26 1 0 62 6 1 0 44 46 1 0 0 0 0 12 37 28 1 17 29 54 1 63 38 12 1 24 23 0 1 12 22 34 1 39 60 44 1 0 0 0 0 26 0 2 1 0 27 25 1 29 42 35 1 0 31 36 1 4 17 16 1 9 29 22 1 0 13 0 1 0 21 0 1 0 0 0 0 11 0 3 1 34 55 5 1 40 74 41 1 0 52 28 1 5 42 26 1 22 38 13 1 15 32 30 1 0 13 0 1 8 42 6 1 4 15 30 1 62 61 65 1 11 76 6 1
8 36 0 1 0 0 0 0 63 23 16 1 16 18 4 1 11 43 0 1 5 2 20 1 49 38 8 1 14 28 57 1 30 38 5 1 85 90 21 1 150 182 138 1 211 173 162 1 124 124 104 1 82 106 59 1 135 99 37 1 197 173 122 1 0 0 0 0 131 98 73 1 160 112 65 1 130 123 95 1 94 113 66 1 132 77 74 1 48 82 38 1 66 65 15 1 30 10 0 1 60 64 36 1 66 90 43 1 0 0 0 0 52 82 133 1 65 58 71 1 30 73 66 1 0 0 0 0 17 28 29 1 25 57 15 1 49 36 61 1 0 5 20 1 0 10 42 1 21 13 35 1 33 74 31 1 0 29 55 1 0 40 21 1 0 0 0 0 0 0 0 0 26 49 25 1 40 46 32 1 27 28 6 1 36 65 38 1 0 0 0 0 13 13 56 1 0 4 0 1 16 19 0 1 0 0 0 0 0 3 10 1 0 14 0 1 0 9 29 1 0 9 38 1 0 0 0 0 45 71 47 1 0 0 0 0 83 43 51 1 45 23 50 1 69 26 58 1 16 34 44 1 0 0 0 0 19 61 22 1 79 69 69 1
0 62 12 1 30 18 16 1 47 15 0 1 37 44 18 1 7 0 1 1 63 30 15 1 0 14 1 1 46 0 16 1 30 27 13 1 40 84 70 1 127 114 84 1 136 72 84 1 113 114 89 1 126 135 113 1 150 157 83 1 0 0 0 0 255 183 143 1 183 136 90 1 127 107 55 1 75 66 68 1 142 104 60 1 37 114 40 1 104 59 45 1 36 52 55 1 64 45 31 1 47 44 43 1 9 41 0 1 89 104 45 1 0 0 0 0 52 95 59 1 18 91 31 1 31 56 44 1 20 26 41 1 26 17 55 1 25 50 84 1 1 43 24 1 0 43 21 1 11 40 44 1 0 45 61 1 78 96 29 1 109 87 68 1 124 115 132 1 39 55 68 1 0 29 50 1 0 0 0 0 17 41 24 1 34 22 0 1 0 49 0 1 0 0 0 0 5 0 20 1 0 3 0 1 8 0 31 1 0 0 0 0 0 31 40 1 0 28 27 1 21 0 9 1 11 37 6 1 0 12 4 1 15 49 24 1 16 56 4 1 7 10 0 1 9 58 26 1 32 65 27 1 59 60 73 1 14 50 0 1 8 58 28 1
46 29 59 1 0 0 37 1 23 20 15 1 30 48 16 1 23 0 23 1 0 0 0 0 0 0 0 0 34 0 12 1 49 77 26 1 66 66 64 1 34 65 54 1 0 0 0 0 71 89 44 1 116 96 135 1 131 71 84 1 169 137 104 1 174 157 128 1 180 142 96 1 207 176 121 1 148 125 120 1 120 75 76 1 133 122 115 1 0 0 0 0 0 0 0 0 11 47 0 1 58 80 36 1 121 86 15 1 161 132 125 1 96 139 122 1 18 74 56 1 0 27 27 1 20 36 49 1 0 62 44 1 38 38 0 1 0 7 53 1 0 0 0 0 0 64 49 1 0 0 0 0 27 36 0 1 67 50 89 1 131 109 109 1 38 16 20 1 49 4 25 1 62 57 32 1 31 64 22 1 0 0 0 0 0 0 0 0 21 57 33 1 0 20 0 1 0 12 21 1 0 0 0 0 5 35 34 1 18 53 44 1 0 9 5 1 0 23 0 1 11 0 0 1 0 48 0 1 4 25 27 1 60 83 50 1 7 86 31 1 0 0 0 0 22 69 35 1 50 32 26 1 91 73 54 1 59 28 24 1 8 18 0 1
42 60 26 1 2 44 0 1 12 16 24 1 0 0 0 0 18 6 44 1 12 53 29 1 7 27 15 1 61 51 5 1 26 37 12 1 45 46 41 1 56 93 31 1 84 77 52 1 62 20 16 1 65 121 58 1 126 105 103 1 100 58 28 1 107 84 58 1 139 105 96 1 200 217 160 1 142 142 123 1 198 195 130 1 143 160 98 1 0 0 0 0 59 49 24 1 64 73 34 1 74 110 65 1 104 99 76 1 0 0 0 0 90 76 55 1 0 14 0 1 0 0 12 1 0 39 0 1 52 63 72 1 7 64 88 1 3 0 14 1 53 75 76 1 18 79 49 1 73 62 15 1 0 0 0 0 48 58 68 1 0 0 0 0 32 0 0 1 74 56 77 1 85 69 30 1 1 3 4 1 11 49 9 1 37 43 41 1 19 66 36 1 0 46 12 1 30 25 17 1 6 52 48 1 41 51 46 1 10 64 0 1 0 17 51 1 1 19 30 1 0 29 36 1 0 0 0 0 11 64 8 1 47 60 25 1 0 0 24 1 0 20 15 1 3 0 8 1 38 60 22 1 0 0 5 1 14 50 30 1 104 49 44 1
0 0 0 0 61 60 9 1 11 47 13 1 0 22 0 1 15 9 6 1 0 0 0 1 0 0 28 1 44 69 59 1 0 32 29 1 16 98 1 1 99 45 47 1 60 77 82 1 69 62 69 1 83 87 36 1 43 60 14 1 96 98 45 1 71 100 63 1 110 95 18 1 81 109 5 1 87 90 57 1 82 125 64 1 125 106 134 1 0 0 0 0 58 84 64 1 168 162 104 1 94 136 101 1 84 85 48 1 47 100 66 1 0 0 0 0 51 73 46 1 15 86 30 1 34 50 35 1 97 93 35 1 66 95 62 1 61 43 66 1 34 84 75 1 35 49 76 1 12 32 65 1 66 103 74 1 20 68 46 1 62 78 64 1 138 121 84 1 114 107 78 1 92 69 74 1 51 66 44 1 0 0 0 0 17 45 32 1 19 20 38 1 51 106 55 1 0 0 0 0 24 71 28 1 0 41 40 1 0 0 27 1 21 34 18 1 0 29 0 1 22 37 9 1 0 4 5 1 2 21 10 1 47 43 51 1 46 52 59 1 6 20 11 1 30 15 24 1 26 32 10 1 29 45 38 1 91 38 43 1 13 24 14 1
0 31 0 1 15 29 15 1 8 87 61 1 5 7 28 1 45 48 5 1 42 60 2 1 34 64 93 1 12 12 14 1 6 56 30 1 14 0 18 1 81 100 58 1 79 83 92 1 87 80 69 1 51 98 26 1 0 0 0 0 88 129 36 1 133 108 69 1 118 138 81 1 149 159 137 1 103 43 58 1 107 146 73 1 134 142 122 1 124 131 103 1 67 87 50 1 117 155 101 1 102 146 102 1 55 40 4 1 53 39 55 1 0 0 0 0 112 108 60 1 13 45 36 1 58 86 70 1 16 86 47 1 85 69 70 1 39 74 77 1 82 94 61 1 56 57 36 1 56 83 25 1 177 148 112 1 101 67 98 1 137 184 110 1 172 166 130 1 95 90 60 1 0 0 0 0 36 38 0 1 0 26 0 1 0 0 0 0 0 0 0 0 0 0 0 0 0 0 0 0 18 12 5 1 1 3 0 1 0 0 0 0 30 37 30 1 0 83 15 1 6 76 33 1 32 35 22 1 0 25 0 1 30 57 40 1 0 50 24 1 0 48 0 1 6 0 0 1 0 31 11 1 47 61 24 1 74 129 82 1 9 48 62 1
0 18 0 1 27 62 28 1 0 0 0 0 0 60 81 1 38 55 38 1 31 89 63 1 94 57 52 1 0 0 0 0 16 109 24 1 0 0 0 1 77 73 93 1 76 54 73 1 62 33 0 1 30 47 20 1 0 0 0 0 85 127 56 1 78 107 64 1 84 101 46 1 90 122 50 1 64 97 44 1 169 169 129 1 0 0 0 0 183 176 130 1 71 76 6 1 130 101 82 1 64 58 101 1 82 42 62 1 101 124 115 1 137 167 87 1 47 110 12 1 26 81 86 1 118 81 112 1 41 67 37 1 34 43 62 1 45 45 51 1 85 43 62 1 0 0 0 0 36 62 57 1 93 74 40 1 156 156 142 1 204 232 178 1 0 0 0 0 60 61 31 1 125 128 79 1 84 63 46 1 99 104 51 1 107 101 107 1 113 149 86 1 31 66 66 1 7 31 0 1 0 0 0 0 26 22 12 1 31 27 41 1 46 40 37 1 63 38 83 1 26 34 14 1 22 34 30 1 40 40 0 1 0 7 0 1 45 12 18 1 22 0 9 1 5 45 0 1 49 50 31 1 47 106 67 1 118 141 131 1 109 81 85 1
34 68 13 1 37 32 11 1 0 55 21 1 11 37 0 1 18 44 25 1 2 11 0 1 39 44 8 1 48 58 70 1 78 103 97 1 37 76 50 1 38 68 64 1 0 0 0 0 0 9 0 1 76 93 32 1 84 50 26 1 13 83 12 1 25 68 54 1 0 0 0 0 0 0 0 0 148 102 87 1 200 116 151 1 221 222 228 1 211 182 104 1 98 61 49 1 24 75 33 1 148 164 159 1 170 152 148 1 204 219 203 1 254 230 209 1 51 89 76 1 123 113 105 1 84 126 127 1 0 0 0 0 79 51 46 1 24 27 7 1 33 88 52 1 9 22 42 1 135 136 87 1 140 149 127 1 77 85 32 1 57 62 48 1 86 79 55 1 142 167 110 1 139 152 112 1 88 61 71 1 130 152 105 1 128 114 81 1 112 82 111 1 0 91 52 1 1 45 0 1 52 109 52 1 95 65 75 1 0 0 0 0 41 36 72 1 37 75 48 1 0 0 0 0 0 0 0 0 0 0 0 0 0 75 0 1 8 20 0 1 5 8 0 1 7 19 12 1 55 59 31 1 65 39 88 1 72 63 30 1 48 66 74 1
0 21 17 1 32 0 0 1 0 3 0 1 0 0 0 0 26 66 25 1 13 58 48 1 28 52 28 1 0 0 0 0 0 0 5 1 53 25 48 1 22 23 37 1 10 0 6 1 73 89 73 1 50 112 57 1 30 37 34 1 28 20 0 1 9 84 1 1 0 0 0 0 91 102 61 1 0 0 0 0 141 143 111 1 233 246 219 1 0 0 0 0 93 74 60 1 0 0 0 0 177 174 156 1 125 153 123 1 185 189 234 1 109 144 150 1 111 85 133 1 0 0 0 0 91 77 94 1 61 128 102 1 37 82 80 1 78 78 57 1 79 120 53 1 92 79 48 1 181 199 175 1 195 191 145 1 134 116 102 1 105 143 65 1 171 141 90 1 92 64 58 1 73 102 65 1 96 96 83 1 91 58 43 1 60 51 16 1 31 52 16 1 36 54 44 1 75 13 40 1 42 53 0 1 109 107 100 1 37 62 40 1 0 0 0 1 5 38 30 1 41 36 0 1 35 63 40 1 0 11 36 1 13 58 40 1 16 50 27 1 42 52 18 1 69 44 36 1 49 115 67 1 51 45 56 1 57 56 3 1 0 0 0 0
0 0 0 1 0 0 0 1 0 1 19 1 17 45 0 1 8 28 0 1 0 7 0 1 42 62 64 1 98 89 94 1 74 63 53 1 45 68 22 1 45 57 46 1 49 82 29 1 50 45 28 1 16 10 7 1 0 61 7 1 56 73 88 1 69 80 60 1 31 72 4 1 68 61 13 1 137 79 29 1 89 123 42 1 0 0 0 0 111 86 27 1 0 43 0 1 172 178 138 1 188 182 198 1 201 208 185 1 158 162 173 1 42 55 35 1 77 84 77 1 60 10 99 1 47 69 80 1 68 40 62 1 45 80 74 1 101 65 69 1 135 131 139 1 153 209 162 1 148 156 108 1 131 165 85 1 0 0 0 0 146 159 109 1 135 143 85 1 57 123 82 1 72 88 57 1 0 0 0 0 62 57 15 1 35 82 28 1 63 89 19 1 36 80 35 1 32 27 19 1 37 46 9 1 0 0 0 0 35 56 38 1 94 65 81 1 53 47 69 1 40 79 15 1 0 7 4 1 3 19 30 1 20 6 47 1 14 0 0 1 30 11 13 1 0 0 0 0 10 5 14 1 17 41 15 1 18 0 0 1 23 39 2 1
0 38 0 1 21 28 11 1 0 48 0 1 22 61 15 1 17 45 4 1 0 0 0 0 22 39 13 1 71 92 55 1 78 83 75 1 0 0 0 0 1 52 24 1 40 63 31 1 0 0 0 0 0 24 0 1 27 40 24 1 94 106 56 1 45 57 50 1 24 45 0 1 45 61 27 1 203 106 104 1 177 124 138 1 0 0 0 0 165 190 143 1 183 169 145 1 176 195 162 1 156 151 189 1 0 0 0 0 137 109 128 1 116 30 75 1 55 72 48 1 98 95 116 1 26 33 55 1 23 68 62 1 166 158 172 1 0 0 0 0 125 104 102 1 190 181 126 1 165 149 112 1 175 171 74 1 148 125 110 1 120 78 80 1 63 110 5 1 54 90 61 1 49 80 10 1 72 66 4 1 25 39 0 1 52 38 8 1 38 31 0 1 36 39 0 1 35 67 31 1 26 0 52 1 12 55 37 1 22 51 28 1 0 9 26 1 2 29 0 1 13 44 0 1 0 0 1 1 10 72 61 1 39 53 26 1 19 22 43 1 0 54 0 1 34 22 17 1 3 28 10 1 19 18 10 1 37 27 13 1 33 13 4 1
29 22 0 1 4 48 0 1 0 48 19 1 8 25 0 1 0 0 8 1 18 0 5 1 0 52 27 1 99 73 51 1 0 0 0 0 0 0 0 0 25 53 31 1 0 0 0 1 7 32 0 1 12 11 17 1 0 0 0 0 49 37 0 1 0 49 0 1 47 30 69 1 108 76 13 1 52 93 52 1 157 144 108 1 148 134 142 1 255 233 175 1 0 0 0 0 112 137 120 1 171 137 137 1 72 107 104 1 83 55 90 1 120 78 109 1 63 115 91 1 52 20 51 1 51 101 65 1 164 164 136 1 231 255 225 1 233 237 178 1 84 90 27 1 110 140 94 1 156 174 118 1 90 137 79 1 0 0 0 0 66 122 35 1 91 97 86 1 78 128 73 1 72 62 0 1 66 30 40 1 36 30 60 1 9 21 0 1 0 43 8 1 97 76 108 1 0 0 0 0 72 68 36 1 0 0 0 0 0 53 21 1 0 0 0 0 3 24 14 1 10 35 4 1 0 0 0 0 0 44 22 1 8 51 22 1 0 21 0 1 0 0 0 0 15 29 30 1 0 20 5 1 0 20 0 1 26 23 8 1 0 21 19 1
1 0 0 1 53 21 1 1 99 97 74 1 22 22 33 1 27 48 52 1 33 43 0 1 42 85 36 1 0 29 23 1 0 22 0 1 0 26 27 1 0 0 0 0 56 23 35 1 46 41 40 1 8 25 70 1 0 0 0 0 0 0 0 0 61 58 43 1 14 54 25 1 19 8 0 1 88 115 26 1 218 198 158 1 211 192 192 1 229 242 167 1 0 0 0 0 151 133 93 1 81 95 89 1 0 0 0 0 63 81 6 1 55 70 25 1 80 46 36 1 78 74 85 1 169 159 132 1 215 224 152 1 255 211 153 1 255 250 199 1 100 73 58 1 173 150 97 1 142 171 83 1 75 83 16 1 120 109 80 1 137 147 122 1 151 97 99 1 63 50 43 1 20 35 27 1 3 70 37 1 22 64 40 1 15 18 24 1 59 94 63 1 17 69 76 1 47 44 92 1 10 33 16 1 13 0 2 1 5 15 13 1 0 31 12 1 31 59 7 1 1 0 12 1 13 0 56 1 0 34 0 1 106 119 99 1 55 69 73 1 9 43 3 1 0 46 5 1 41 31 5 1 25 37 20 1 0 12 14 1 22 32 24 1
85 111 86 1 0 0 0 0 132 158 105 1 57 78 93 1 78 55 21 1 55 63 70 1 0 0 0 0 22 24 0 1 0 50 32 1 0 4 19 1 95 110 73 1 151 145 113 1 24 52 31 1 41 48 24 1 0 0 0 1 73 56 16 1 61 42 20 1 78 69 0 1 56 80 48 1 117 115 81 1 178 193 85 1 100 66 99 1 116 108 104 1 0 0 0 0 255 211 202 1 146 128 113 1 144 159 123 1 252 239 227 1 223 235 214 1 188 195 144 1 150 158 92 1 231 176 156 1 0 0 0 0 184 149 141 1 217 214 147 1 93 117 75 1 96 76 10 1 84 69 32 1 80 103 41 1 0 0 0 0 90 66 66 1 76 76 123 1 32 19 0 1 32 57 28 1 18 23 29 1 0 21 23 1 0 0 0 0 0 17 1 1 55 28 0 1 0 50 0 1 0 0 14 1 20 44 26 1 0 0 0 0 0 37 0 1 0 5 0 1 7 69 27 1 0 0 0 0 59 97 52 1 175 210 161 1 117 124 106 1 0 41 0 1 0 0 0 1 0 8 9 1 0 50 38 1 0 9 16 1 17 0 0 1
112 160 83 1 122 136 125 1 119 129 61 1 62 69 65 1 16 58 0 1 31 74 38 1 9 87 38 1 0 8 13 1 0 0 13 1 0 0 0 0 58 76 48 1 106 119 128 1 108 129 111 1 47 68 80 1 0 0 0 0 27 25 13 1 85 59 27 1 70 47 0 1 77 76 14 1 45 79 0 1 30 54 50 1 97 98 88 1 111 115 80 1 0 0 0 0 142 170 117 1 181 221 152 1 152 183 121 1 255 233 179 1 229 233 255 1 223 203 155 1 196 109 81 1 196 159 135 1 241 221 188 1 146 152 103 1 147 153 76 1 77 107 88 1 121 55 5 1 85 81 7 1 78 92 69 1 0 0 0 0 43 41 6 1 0 23 0 1 50 18 0 1 0 37 4 1 0 16 24 1 0 28 37 1 0 25 8 1 15 71 26 1 0 8 6 1 15 68 23 1 19 14 35 1 28 62 0 1 1 16 2 1 0 47 0 1 0 9 22 1 28 55 62 1 48 97 108 1 135 101 93 1 191 170 147 1 73 79 60 1 16 13 0 1 17 0 10 1 0 0 0 1 0 0 34 1 0 0 0 1 4 24 0 1
101 104 76 1 69 74 46 1 39 98 40 1 0 0 0 0 18 72 40 1 19 28 14 1 22 52 6 1 0 55 14 1 36 24 0 1 0 4 0 1 32 61 53 1 59 88 65 1 152 137 144 1 81 144 117 1 69 106 82 1 0 0 0 0 59 34 15 1 32 55 0 1 57 61 87 1 75 61 22 1 0 0 0 0 83 50 34 1 96 131 98 1 188 157 133 1 216 181 153 1 255 251 201 1 213 211 191 1 255 254 233 1 247 255 217 1 0 0 0 0 171 181 106 1 176 185 83 1 252 196 187 1 124 175 120 1 119 146 116 1 116 93 43 1 0 0 0 0 117 128 89 1 71 53 36 1 74 80 51 1 54 95 16 1 0 0 0 0 19 30 29 1 0 0 0 0 9 0 27 1 0 0 0 0 53 50 30 1 0 41 17 1 0 50 1 1 7 26 0 1 0 61 31 1 39 20 0 1 0 2 0 1 12 53 33 1 51 65 57 1 17 67 17 1 0 0 0 0 94 96 71 1 160 140 127 1 0 0 0 0 0 0 0 0 34 55 42 1 51 12 0 1 13 59 0 1 32 45 6 1 0 33 22 1
93 102 32 1 9 64 40 1 65 38 25 1 30 65 70 1 23 41 0 1 25 22 17 1 24 44 0 1 0 15 0 1 0 65 21 1 0 12 0 1 0 33 21 1 47 36 16 1 79 32 100 1 97 78 105 1 114 93 93 1 102 113 86 1 89 131 67 1 56 50 0 1 1 0 0 1 66 37 46 1 0 0 0 0 78 97 64 1 132 119 100 1 108 114 127 1 209 225 157 1 216 216 189 1 230 226 188 1 208 191 141 1 254 205 187 1 240 193 190 1 222 235 189 1 198 210 156 1 188 130 128 1 107 149 126 1 67 81 52 1 108 92 27 1 68 94 27 1 33 41 38 1 0 7 3 1 39 89 57 1 0 0 0 0 0 9 26 1 16 16 2 1 0 0 0 0 38 32 0 1 25 53 13 1 22 32 21 1 2 25 6 1 10 10 0 1 9 9 42 1 0 0 0 0 0 44 0 1 27 24 3 1 0 40 0 1 66 98 71 1 59 67 90 1 36 27 1 1 100 109 70 1 168 158 92 1 117 160 90 1 68 86 69 1 102 100 60 1 117 114 57 1 50 77 41 1 59 103 35 1 51 60 15 1
64 49 30 1 106 97 55 1 102 106 89 1 33 64 15 1 17 21 10 1 57 64 43 1 39 66 51 1 61 72 68 1 44 73 61 1 0 0 0 0 0 30 0 1 0 0 0 0 75 88 49 1 89 87 92 1 0 0 0 0 110 133 81 1 63 83 96 1 72 61 57 1 71 65 87 1 109 130 128 1 148 159 157 1 140 145 96 1 41 56 14 1 102 147 90 1 206 216 179 1 234 251 214 1 243 244 159 1 160 126 100 1 139 119 56 1 155 126 95 1 77 145 113 1 39 61 0 1 66 50 24 1 71 64 67 1 50 9 21 1 58 100 45 1 97 91 50 1 39 35 14 1 61 63 71 1 76 73 102 1 56 38 8 1 0 5 11 1 10 13 22 1 19 44 0 1 0 0 0 0 61 43 4 1 26 37 0 1 25 19 2 1 0 0 0 0 103 103 54 1 102 101 95 1 9 0 0 1 42 61 75 1 22 0 0 1 67 69 74 1 150 160 150 1 108 84 63 1 67 79 37 1 82 70 37 1 80 79 18 1 60 82 80 1 113 105 83 1 0 0 0 0 41 21 39 1 39 96 70 1 24 56 53 1
155 166 94 1 132 164 147 1 73 74 93 1 19 8 20 1 25 78 0 1 93 92 60 1 70 114 73 1 50 80 73 1 0 0 0 0 0 40 0 1 33 4 37 1 62 44 53 1 0 0 0 0 86 86 112 1 101 113 55 1 130 127 110 1 130 126 97 1 0 0 0 0 50 90 22 1 0 0 0 0 103 117 81 1 99 124 71 1 118 96 71 1 0 0 0 0 239 223 221 1 255 253 227 1 236 230 131 1 163 149 123 1 215 194 142 1 123 109 81 1 68 70 49 1 0 0 0 0 56 35 13 1 40 100 40 1 117 78 98 1 56 87 5 1 42 100 44 1 79 92 59 1 73 111 103 1 9 28 17 1 0 9 0 1 19 42 26 1 0 0 0 0 12 54 8 1 0 24 0 1 0 0 0 0 0 60 0 1 5 30 45 1 0 0 0 0 118 169 126 1 153 163 142 1 77 75 59 1 28 67 6 1 0 63 7 1 77 69 48 1 0 0 0 0 107 94 107 1 79 66 65 1 0 0 0 0 134 119 105 1 148 167 112 1 94 89 63 1 55 112 40 1 55 86 50 1 61 71 51 1 52 46 5 1
207 220 130 1 134 131 138 1 0 0 0 0 5 0 0 1 98 97 66 1 110 148 98 1 47 34 19 1 0 0 0 0 5 0 0 1 0 27 21 1 38 34 0 1 80 85 70 1 121 97 70 1 52 87 28 1 82 72 70 1 33 62 80 1 66 113 88 1 7 60 19 1 48 53 22 1 102 112 75 1 98 112 109 1 85 122 64 1 46 64 62 1 0 0 0 0 176 252 162 1 0 0 0 0 204 187 150 1 213 198 171 1 0 0 0 0 161 135 89 1 142 136 45 1 18 81 46 1 77 92 55 1 0 0 0 0 52 39 65 1 62 88 62 1 98 68 85 1 94 80 101 1 78 55 86 1 83 36 83 1 23 95 50 1 25 58 26 1 40 59 44 1 48 47 27 1 10 46 29 1 34 18 51 1 48 45 82 1 0 0 0 0 39 56 70 1 63 58 79 1 61 33 48 1 105 122 123 1 0 58 22 1 97 99 105 1 111 84 118 1 132 129 116 1 116 106 89 1 94 67 34 1 97 171 85 1 0 0 0 0 0 0 0 0 92 78 63 1 63 97 55 1 38 39 17 1 0 5 0 1 14 20 0 1
177 198 174 1 89 135 63 1 0 61 6 1 39 37 31 1 54 94 88 1 46 72 65 1 61 22 46 1 38 39 33 1 26 58 27 1 15 31 22 1 20 29 0 1 84 95 24 1 105 122 120 1 134 111 126 1 91 104 130 1 68 68 97 1 64 95 77 1 0 0 0 0 4 47 9 1 85 90 77 1 0 0 0 0 26 28 25 1 35 21 29 1 77 72 52 1 92 98 58 1 85 63 80 1 6 8 0 1 0 0 0 0 148 112 97 1 54 88 51 1 74 107 89 1 136 102 113 1 138 150 135 1 125 183 111 1 131 96 98 1 0 0 0 0 0 0 0 0 0 0 0 0 63 92 107 1 59 71 58 1 53 28 51 1 72 55 50 1 51 84 15 1 45 50 41 1 23 68 7 1 56 91 64 1 109 120 119 1 88 72 92 1 88 59 52 1 52 49 14 1 53 59 43 1 95 129 73 1 0 0 0 0 158 164 140 1 88 117 99 1 98 88 55 1 132 141 91 1 74 74 14 1 141 152 81 1 120 66 18 1 91 96 7 1 65 71 36 1 0 0 0 0 0 38 44 1 95 87 30 1 26 39 9 1
74 125 59 1 10 33 34 1 76 82 66 1 49 68 33 1 50 120 91 1 72 82 23 1 78 91 25 1 72 80 69 1 37 53 35 1 25 61 33 1 59 83 27 1 86 84 76 1 0 0 0 0 146 149 180 1 126 156 117 1 84 49 130 1 68 115 123 1 66 85 55 1 73 90 101 1 54 100 49 1 87 82 104 1 69 73 49 1 9 35 16 1 92 70 74 1 184 142 161 1 255 226 175 1 204 222 179 1 0 0 0 0 55 46 63 1 58 91 79 1 88 96 91 1 87 131 90 1 114 124 125 1 110 92 103 1 70 112 74 1 96 72 76 1 87 76 42 1 0 0 0 0 64 101 40 1 34 70 75 1 66 107 100 1 98 72 62 1 73 75 41 1 73 56 91 1 76 89 29 1 0 0 0 0 120 90 120 1 63 59 44 1 32 2 57 1 0 0 0 0 100 103 94 1 70 73 47 1 76 91 71 1 108 72 109 1 55 46 0 1 51 55 21 1 142 92 28 1 183 140 102 1 166 101 88 1 147 94 118 1 74 118 86 1 74 72 8 1 48 34 37 1 43 42 27 1 78 105 60 1 86 137 107 1
0 0 0 0 94 51 68 1 39 108 60 1 0 0 0 0 67 91 83 1 43 110 25 1 76 91 106 1 125 108 99 1 41 42 43 1 49 23 34 1 55 39 53 1 0 0 0 0 100 146 158 1 136 183 148 1 0 0 0 0 108 126 145 1 98 106 139 1 90 103 79 1 65 88 88 1 54 93 66 1 56 63 38 1 9 31 24 1 88 126 95 1 203 187 188 1 138 143 136 1 210 143 179 1 246 254 185 1 126 136 88 1 74 120 54 1 84 134 97 1 107 123 110 1 133 85 121 1 26 106 70 1 55 110 109 1 76 70 58 1 72 115 47 1 76 24 41 1 120 95 87 1 83 87 66 1 0 0 0 0 56 71 58 1 62 60 69 1 62 88 83 1 74 25 82 1 58 93 68 1 0 0 0 0 101 150 113 1 71 80 99 1 51 60 45 1 86 69 85 1 37 31 52 1 31 37 62 1 0 0 0 0 49 65 7 1 88 129 79 1 0 0 0 0 130 127 86 1 132 128 108 1 76 73 17 1 81 16 0 1 66 119 60 1 77 43 74 1 70 83 29 1 85 88 58 1 74 47 100 1 96 140 52 1
111 92 92 1 69 117 77 1 0 43 11 1 55 58 67 1 74 75 37 1 69 91 60 1 100 76 113 1 121 126 90 1 69 73 76 1 88 93 58 1 33 105 64 1 70 45 78 1 110 112 80 1 111 164 120 1 151 159 163 1 99 171 150 1 127 150 135 1 95 190 154 1 47 103 78 1 56 70 82 1 0 0 0 0 0 20 41 1 127 176 133 1 172 201 204 1 200 185 158 1 179 151 174 1 153 155 114 1 156 165 102 1 137 111 144 1 87 103 86 1 104 78 111 1 73 107 105 1 92 115 121 1 78 81 97 1 103 80 123 1 82 97 105 1 70 83 54 1 35 47 16 1 68 107 60 1 55 87 39 1 63 106 100 1 0 0 0 0 0 0 0 0 84 83 73 1 76 77 64 1 89 120 71 1 85 92 81 1 45 92 30 1 111 89 84 1 142 106 135 1 80 112 95 1 148 170 122 1 131 123 147 1 0 0 0 0 119 153 117 1 0 0 0 0 103 50 89 1 88 82 74 1 71 93 68 1 41 58 57 1 96 94 45 1 56 93 48 1 16 49 17 1 46 59 85 1 24 56 51 1 53 46 39 1
136 161 131 1 112 169 125 1 0 0 0 0 75 124 111 1 94 157 161 1 70 72 78 1 28 42 54 1 58 77 64 1 61 45 78 1 74 96 84 1 100 85 85 1 0 0 0 0 29 72 47 1 129 125 141 1 140 184 175 1 132 139 167 1 180 186 229 1 0 0 0 0 68 85 74 1 77 78 83 1 0 36 41 1 166 178 154 1 242 234 255 1 183 188 163 1 208 197 170 1 93 104 127 1 77 92 134 1 70 122 112 1 44 98 55 1 52 73 87 1 75 148 75 1 40 66 104 1 60 86 94 1 90 107 86 1 0 0 0 0 97 91 72 1 45 73 93 1 41 50 42 1 38 95 72 1 82 63 109 1 50 39 42 1 103 62 95 1 70 66 87 1 78 67 91 1 89 89 83 1 93 85 158 1 88 105 79 1 85 101 87 1 97 72 81 1 250 188 182 1 205 188 185 1 0 0 0 0 169 149 118 1 0 0 0 0 119 126 51 1 107 62 21 1 90 116 74 1 155 88 76 1 109 96 75 1 64 120 49 1 96 100 84 1 43 52 8 1 11 14 16 1 5 33 24 1 2 3 0 1 17 14 22 1
117 112 115 1 104 144 124 1 131 136 152 1 107 140 142 1 116 117 104 1 53 57 64 1 36 38 43 1 18 81 60 1 16 22 29 1 59 73 83 1 65 72 54 1 27 21 18 1 71 70 72 1 89 107 82 1 82 115 95 1 125 112 140 1 121 157 161 1 124 178 206 1 41 88 106 1 60 87 120 1 2 0 41 1 65 110 105 1 137 164 160 1 152 176 177 1 176 197 183 1 134 90 94 1 58 75 126 1 66 88 95 1 49 100 110 1 16 91 100 1 67 100 148 1 60 68 119 1 69 40 92 1 56 68 89 1 35 82 20 1 42 47 53 1 104 107 48 1 35 55 66 1 50 63 65 1 72 85 109 1 55 41 44 1 0 0 0 0 67 41 110 1 89 76 67 1 58 111 94 1 45 134 124 1 59 53 82 1 91 103 131 1 178 101 91 1 191 154 149 1 166 183 175 1 219 243 234 1 234 194 189 1 142 150 79 1 135 136 86 1 163 137 88 1 116 130 37 1 123 102 41 1 118 109 50 1 88 128 69 1 0 0 0 0 113 96 105 1 64 59 27 1 18 25 44 1 0 48 0 1 0 35 3 1
71 109 107 1 0 0 0 0 114 124 134 1 113 141 119 1 82 92 112 1 102 121 132 1 89 77 93 1 15 0 42 1 17 43 41 1 0 0 0 0 55 40 44 1 13 48 53 1 16 42 38 1 42 45 36 1 70 68 64 1 83 99 99 1 31 60 97 1 87 109 142 1 87 150 149 1 84 128 125 1 37 20 29 1 60 82 66 1 74 75 59 1 93 130 132 1 51 66 82 1 21 99 70 1 57 87 134 1 87 99 65 1 75 137 157 1 71 103 127 1 45 121 166 1 51 116 136 1 41 49 14 1 56 82 122 1 87 107 70 1 68 65 35 1 71 89 79 1 10 48 43 1 0 0 0 0 26 51 34 1 75 102 67 1 89 75 80 1 199 195 166 1 108 122 148 1 82 67 21 1 14 26 14 1 33 57 35 1 75 63 90 1 220 166 150 1 152 184 105 1 255 217 234 1 236 242 208 1 205 215 161 1 94 131 67 1 27 79 60 1 56 37 10 1 105 85 24 1 129 78 47 1 136 95 65 1 101 126 56 1 94 126 108 1 35 107 73 1 1 31 0 1 24 8 1 1 15 0 35 1 15 56 16 1
85 136 129 1 98 153 142 1 94 103 132 1 95 172 112 1 91 145 123 1 0 0 0 0 37 80 92 1 26 47 53 1 70 65 66 1 0 0 0 0 33 50 54 1 73 91 130 1 0 0 0 0 39 18 81 1 0 0 0 0 103 104 95 1 88 112 78 1 0 0 0 0 79 139 118 1 24 33 92 1 0 34 40 1 67 94 86 1 60 52 80 1 67 110 136 1 43 44 42 1 45 67 157 1 42 69 66 1 73 126 132 1 88 118 122 1 52 99 115 1 57 87 136 1 57 107 131 1 44 52 135 1 97 70 118 1 102 85 115 1 36 41 63 1 80 100 73 1 52 42 33 1 0 0 0 0 79 30 48 1 89 33 87 1 111 85 124 1 255 238 255 1 0 0 0 0 178 155 142 1 191 201 135 1 0 0 0 0 198 207 194 1 237 222 186 1 192 195 106 1 255 244 175 1 183 183 127 1 0 0 0 0 61 100 19 1 50 73 4 1 42 18 9 1 63 46 69 1 89 106 51 1 59 85 52 1 67 52 43 1 28 52 80 1 0 43 0 1 0 0 0 0 0 52 14 1 0 21 4 1 34 70 5 1
140 135 168 1 196 179 168 1 0 0 0 0 166 160 155 1 127 235 225 1 126 154 191 1 167 143 184 1 216 255 238 1 95 169 174 1 2 99 78 1 32 15 65 1 218 221 180 1 113 95 154 1 138 204 194 1 190 194 232 1 136 165 138 1 33 102 32 1 70 69 103 1 85 121 107 1 0 0 0 0 5 50 62 1 0 9 11 1 25 36 48 1 23 91 81 1 60 89 87 1 60 83 111 1 22 55 59 1 68 76 97 1 47 62 87 1 28 86 106 1 0 0 0 0 68 83 155 1 0 0 0 0 88 92 129 1 69 108 122 1 22 58 78 1 63 69 40 1 32 55 65 1 67 107 136 1 0 0 0 0 92 83 89 1 243 243 222 1 255 243 250 1 0 0 0 0 255 242 231 1 255 242 230 1 217 253 246 1 238 252 249 1 207 194 144 1 227 214 171 1 155 201 141 1 131 165 37 1 58 51 46 1 103 76 39 1 49 68 49 1 41 6 0 1 59 15 38 1 39 31 38 1 41 73 60 1 0 0 0 0 0 26 0 1 0 61 29 1 0 48 19 1 0 0 0 0 0 0 0 0 63 103 49 1
107 157 173 1 0 0 0 0 91 145 186 1 0 0 0 0 121 164 219 1 91 145 220 1 145 180 209 1 196 253 251 1 0 0 0 0 128 145 150 1 174 190 169 1 183 228 226 1 170 178 192 1 231 240 250 1 240 255 255 1 213 221 242 1 169 156 171 1 124 109 146 1 66 67 86 1 108 65 90 1 97 132 95 1 52 88 110 1 130 167 143 1 109 121 113 1 53 100 133 1 45 59 115 1 45 55 86 1 18 73 68 1 33 13 78 1 65 33 94 1 116 54 135 1 93 101 131 1 96 92 122 1 86 104 46 1 82 77 50 1 56 31 33 1 88 56 97 1 143 165 157 1 223 224 229 1 146 145 126 1 155 154 142 1 244 255 178 1 247 252 209 1 255 255 201 1 243 205 192 1 0 0 0 0 0 0 0 0 228 207 138 1 0 0 0 0 243 181 183 1 190 170 138 1 144 88 65 1 76 36 0 1 82 65 16 1 92 74 59 1 0 0 0 0 109 77 25 1 36 48 23 1 0 19 0 1 0 4 0 1 0 52 25 1 30 35 17 1 7 52 9 1 32 35 48 1 11 67 74 1 76 103 49 1
110 146 200 1 138 124 176 1 76 82 157 1 87 159 175 1 0 0 0 0 161 193 248 1 67 94 160 1 77 122 170 1 172 208 214 1 233 240 255 1 248 219 246 1 236 255 250 1 251 255 246 1 241 255 236 1 255 255 255 1 246 242 229 1 207 249 255 1 164 237 233 1 62 83 115 1 159 161 170 1 190 177 169 1 194 195 201 1 166 166 179 1 50 41 15 1 0 29 50 1 49 47 65 1 49 38 51 1 45 61 23 1 64 34 42 1 39 4 68 1 28 24 41 1 71 65 138 1 76 51 95 1 40 57 46 1 255 242 225 1 0 0 0 0 168 141 152 1 255 224 255 1 234 252 248 1 255 247 227 1 255 229 212 1 175 163 143 1 229 192 163 1 174 158 104 1 178 182 151 1 213 199 126 1 172 172 101 1 146 160 96 1 86 155 54 1 71 79 77 1 50 54 21 1 106 81 102 1 136 117 91 1 153 101 113 1 42 61 58 1 22 95 70 1 19 84 58 1 3 6 0 1 8 22 13 1 0 20 0 1 0 57 58 1 32 54 35 1 31 25 0 1 54 53 8 1 59 29 54 1 67 32 37 1
146 150 194 1 69 117 115 1 0 0 0 0 0 0 0 0 92 176 189 1 178 216 229 1 68 95 159 1 95 110 121 1 0 0 0 0 255 226 251 1 245 244 255 1 221 243 255 1 246 251 206 1 255 233 255 1 230 222 205 1 165 221 209 1 135 189 151 1 219 192 221 1 218 197 221 1 255 244 255 1 251 250 221 1 255 236 228 1 116 130 134 1 141 120 156 1 0 0 0 0 52 93 88 1 85 54 75 1 0 22 40 1 65 111 73 1 100 66 84 1 48 33 18 1 29 30 15 1 0 0 0 0 0 0 0 0 210 233 223 1 243 228 227 1 127 169 110 1 205 230 155 1 0 0 0 0 242 255 254 1 248 218 212 1 255 236 182 1 243 197 216 1 148 191 185 1 217 204 119 1 175 207 122 1 147 130 107 1 98 49 41 1 0 0 0 0 140 97 67 1 114 131 114 1 174 139 97 1 91 127 96 1 87 79 63 1 28 54 20 1 0 16 26 1 66 81 80 1 0 0 0 0 36 0 40 1 29 0 2 1 29 62 24 1 25 59 32 1 0 0 0 0 34 86 60 1 44 30 21 1 0 0 0 0
157 188 194 1 80 106 116 1 99 99 159 1 115 129 199 1 155 203 226 1 178 209 219 1 94 133 136 1 123 108 127 1 215 255 227 1 235 222 255 1 255 255 255 1 242 255 254 1 255 253 255 1 0 0 0 0 183 178 176 1 137 149 196 1 209 198 248 1 255 255 233 1 244 246 255 1 239 255 237 1 253 255 221 1 243 194 187 1 195 238 241 1 250 255 255 1 228 208 214 1 160 137 117 1 65 85 90 1 154 139 134 1 247 207 181 1 195 170 211 1 163 107 123 1 113 145 153 1 150 184 162 1 206 220 165 1 249 255 218 1 227 236 243 1 218 243 205 1 255 246 233 1 0 0 0 0 239 213 196 1 208 200 153 1 181 190 178 1 241 255 226 1 224 209 176 1 142 152 124 1 98 136 71 1 78 43 36 1 47 93 44 1 191 159 163 1 175 141 138 1 173 184 159 1 0 0 0 0 176 150 132 1 183 133 136 1 160 127 144 1 95 127 152 1 77 112 140 1 61 121 58 1 52 0 13 1 35 55 0 1 26 22 22 1 75 45 98 1 104 126 82 1 0 0 0 0 63 13 6 1 44 24 21 1
98 152 166 1 104 177 183 1 148 177 192 1 180 197 206 1 0 0 0 0 121 155 160 1 101 156 154 1 176 189 203 1 255 255 246 1 210 255 254 1 255 250 245 1 231 255 234 1 254 255 255 1 229 216 222 1 225 236 233 1 255 235 250 1 218 255 255 1 255 255 255 1 191 255 229 1 230 244 228 1 0 0 0 0 213 219 243 1 220 232 198 1 227 255 189 1 233 255 238 1 251 255 220 1 200 219 248 1 255 237 255 1 0 0 0 0 255 233 255 1 255 255 230 1 255 242 222 1 255 255 255 1 242 255 194 1 225 255 197 1 248 232 217 1 241 255 216 1 245 234 219 1 255 245 255 1 255 202 223 1 255 241 214 1 255 250 217 1 206 255 211 1 253 246 215 1 229 239 185 1 134 115 99 1 138 102 85 1 143 117 86 1 111 95 83 1 107 21 83 1 84 102 72 1 108 109 65 1 147 134 124 1 45 120 81 1 124 128 118 1 203 154 173 1 0 0 0 0 72 69 49 1 4 27 53 1 44 58 43 1 58 38 40 1 83 80 86 1 81 95 68 1 88 98 67 1 0 0 0 0 0 0 0 0
102 125 118 1 114 195 192 1 253 255 243 1 231 245 236 1 115 169 149 1 0 0 0 0 171 157 156 1 243 202 255 1 236 255 255 1 211 194 206 1 241 255 245 1 0 0 0 0 255 255 241 1 242 235 243 1 255 221 247 1 237 247 253 1 246 255 237 1 240 228 255 1 255 255 233 1 203 255 255 1 246 255 241 1 0 0 0 0 238 254 255 1 255 210 226 1 255 233 233 1 255 225 207 1 249 254 255 1 233 230 255 1 255 217 250 1 243 255 255 1 252 255 244 1 255 255 255 1 255 248 255 1 229 255 255 1 225 243 193 1 0 0 0 0 255 253 217 1 255 255 237 1 227 252 255 1 240 243 227 1 255 255 245 1 255 249 255 1 255 255 194 1 0 0 0 0 251 243 196 1 185 188 148 1 158 158 112 1 124 140 80 1 156 113 121 1 171 127 110 1 89 82 65 1 133 122 93 1 92 60 68 1 108 108 117 1 207 193 151 1 119 163 122 1 95 94 36 1 0 0 0 0 70 48 0 1 10 35 0 1 0 0 0 0 102 101 106 1 130 153 87 1 79 102 75 1 91 83 49 1 112 61 17 1
176 118 136 1 236 214 255 1 227 239 255 1 250 232 238 1 182 181 204 1 50 44 71 1 92 134 127 1 255 250 255 1 255 255 254 1 223 208 255 1 245 255 214 1 255 247 234 1 246 235 255 1 250 255 216 1 0 0 0 0 242 249 233 1 255 234 255 1 227 231 255 1 234 255 242 1 239 255 255 1 231 243 255 1 225 236 255 1 226 239 255 1 255 255 223 1 255 241 186 1 255 225 234 1 0 0 0 0 233 234 254 1 228 255 255 1 247 255 255 1 239 252 244 1 168 224 163 1 166 175 194 1 117 133 159 1 188 180 180 1 244 255 250 1 0 0 0 0 255 255 245 1 0 0 0 0 255 223 255 1 236 233 205 1 255 203 216 1 0 0 0 0 247 255 226 1 255 255 229 1 255 234 217 1 193 163 138 1 107 88 84 1 119 179 99 1 110 168 85 1 106 106 126 1 172 168 138 1 172 200 129 1 108 113 42 1 42 43 0 1 95 21 37 1 73 65 76 1 32 40 47 1 7 11 50 1 78 70 29 1 110 133 102 1 106 121 118 1 107 118 79 1 0 0 0 0 158 121 94 1 115 104 113 1
173 192 185 1 242 253 238 1 189 233 147 1 104 126 124 1 73 71 53 1 27 0 50 1 137 174 188 1 227 252 252 1 235 255 255 1 255 245 249 1 0 0 0 0 250 235 255 1 229 219 206 1 255 255 248 1 237 252 224 1 0 0 0 0 0 0 0 0 255 255 247 1 255 248 255 1 250 255 255 1 255 255 237 1 254 239 255 1 253 246 255 1 255 216 255 1 244 234 255 1 243 243 215 1 255 255 229 1 245 254 255 1 229 250 255 1 216 241 255 1 126 123 184 1 96 93 178 1 71 103 139 1 106 87 138 1 154 163 156 1 126 148 181 1 182 119 146 1 199 216 234 1 225 224 224 1 248 255 255 1 249 255 240 1 255 255 255 1 0 0 0 0 221 236 168 1 166 234 223 1 239 228 235 1 188 218 139 1 207 209 182 1 121 127 75 1 84 89 78 1 111 108 105 1 119 121 111 1 139 120 93 1 173 152 98 1 104 80 64 1 129 100 70 1 0 0 0 0 79 55 51 1 128 128 101 1 161 143 142 1 116 179 148 1 142 160 67 1 0 0 0 0 118 113 39 1 86 86 75 1 80 91 42 1
0 0 0 0 171 192 241 1 0 0 0 0 98 67 109 1 0 54 18 1 0 0 0 0 139 227 180 1 232 255 250 1 215 254 215 1 254 240 234 1 255 221 250 1 255 255 242 1 250 255 255 1 0 0 0 0 255 255 213 1 255 218 246 1 233 255 224 1 255 235 246 1 207 255 255 1 255 224 255 1 255 219 234 1 255 255 238 1 0 0 0 0 221 243 229 1 255 248 255 1 255 223 255 1 0 0 0 0 255 234 244 1 0 0 0 0 68 117 155 1 35 95 108 1 67 103 131 1 115 124 113 1 52 63 117 1 64 72 92 1 68 72 97 1 5 41 61 1 85 114 71 1 0 0 0 0 255 255 234 1 232 255 239 1 203 249 215 1 246 249 220 1 250 209 207 1 215 187 154 1 163 175 149 1 173 174 87 1 230 213 156 1 105 77 63 1 119 132 69 1 60 71 71 1 131 121 45 1 0 0 0 0 118 137 90 1 110 115 82 1 68 104 102 1 126 116 103 1 133 116 99 1 178 126 109 1 0 0 0 0 0 0 0 0 157 194 138 1 0 0 0 0 59 50 14 1 11 62 30 1 72 74 29 1
255 255 255 1 180 128 116 1 58 42 61 1 81 87 95 1 19 30 59 1 0 0 34 1 164 153 138 1 240 255 255 1 255 255 231 1 255 255 221 1 255 235 240 1 227 255 228 1 255 251 255 1 255 255 232 1 0 0 0 0 255 248 255 1 237 246 249 1 255 255 220 1 0 0 0 0 255 233 234 1 214 255 255 1 220 218 227 1 255 197 234 1 247 255 239 1 239 240 237 1 240 223 255 1 255 234 255 1 130 225 170 1 146 131 211 1 44 59 93 1 38 104 129 1 0 76 126 1 0 79 49 1 40 63 83 1 101 152 112 1 55 112 116 1 78 58 96 1 152 177 179 1 134 183 167 1 162 164 146 1 157 200 200 1 169 229 177 1 217 222 175 1 225 255 255 1 238 213 203 1 92 129 34 1 0 0 0 0 123 108 98 1 95 89 57 1 100 101 70 1 105 98 52 1 69 106 42 1 59 91 1 1 106 100 64 1 134 101 17 1 115 103 97 1 140 110 47 1 87 108 82 1 199 139 125 1 133 118 83 1 167 185 135 1 117 77 65 1 69 43 36 1 65 69 0 1 111 82 64 1 0 0 0 0
197 185 212 1 136 128 124 1 104 101 116 1 65 113 85 1 66 46 98 1 91 153 123 1 254 240 255 1 255 251 255 1 255 255 246 1 254 250 239 1 245 255 245 1 0 0 0 0 255 236 220 1 0 0 0 0 247 249 247 1 246 236 222 1 231 255 250 1 255 248 255 1 255 232 247 1 254 255 203 1 0 0 0 0 244 246 255 1 238 255 248 1 226 255 228 1 0 0 0 0 254 254 255 1 198 249 246 1 37 110 93 1 8 44 66 1 0 57 76 1 46 69 115 1 84 141 175 1 96 71 129 1 35 64 113 1 50 40 88 1 36 44 86 1 116 119 119 1 199 180 241 1 121 170 147 1 0 35 0 1 0 0 0 0 209 203 149 1 150 149 127 1 0 0 0 0 0 0 0 0 175 164 146 1 123 87 57 1 93 32 0 1 114 161 139 1 160 155 81 1 0 0 0 0 126 106 51 1 93 103 76 1 104 75 62 1 77 61 58 1 93 96 33 1 99 58 63 1 118 63 66 1 149 113 93 1 127 82 56 1 34 67 19 1 92 26 47 1 78 15 49 1 88 36 16 1 108 104 46 1 0 0 0 0
237 255 231 1 255 251 207 1 255 255 249 1 151 169 148 1 224 211 253 1 240 255 255 1 255 255 248 1 255 255 255 1 237 255 255 1 255 213 228 1 255 255 255 1 255 227 237 1 233 255 255 1 255 212 253 1 251 232 255 1 255 255 209 1 245 255 255 1 255 255 217 1 229 254 240 1 249 248 241 1 239 255 255 1 255 255 222 1 0 0 0 0 231 232 255 1 255 255 252 1 255 240 230 1 204 203 234 1 0 0 0 0 0 0 0 0 0 0 0 0 39 76 95 1 53 68 98 1 78 84 73 1 62 84 101 1 57 129 109 1 102 107 134 1 182 226 212 1 234 255 255 1 66 81 22 1 64 73 66 1 45 33 0 1 38 54 0 1 143 104 84 1 171 204 184 1 171 151 124 1 94 131 105 1 95 70 46 1 0 0 0 0 65 34 39 1 115 38 52 1 33 46 24 1 83 113 99 1 64 106 109 1 101 85 127 1 73 76 11 1 39 63 18 1 92 82 79 1 80 101 67 1 132 122 81 1 103 143 89 1 0 0 0 0 85 109 106 1 153 140 123 1 108 96 77 1 90 127 91 1 116 171 85 1
231 226 251 1 236 255 255 1 233 255 252 1 103 122 157 1 206 221 248 1 0 0 0 0 198 200 203 1 190 255 208 1 255 249 255 1 0 0 0 0 251 209 255 1 255 236 221 1 255 255 255 1 233 219 230 1 219 255 255 1 0 0 0 0 255 255 255 1 0 0 0 0 224 252 207 1 255 210 209 1 245 255 247 1 255 241 233 1 255 255 255 1 255 199 247 1 236 255 231 1 255 248 242 1 235 251 208 1 148 153 147 1 194 184 219 1 208 228 241 1 148 204 206 1 119 105 162 1 50 104 122 1 141 160 146 1 178 204 205 1 182 198 163 1 254 255 233 1 255 255 246 1 0 0 0 0 173 195 112 1 193 198 176 1 156 179 162 1 147 106 115 1 57 17 6 1 80 117 121 1 122 101 76 1 98 43 36 1 126 163 99 1 61 10 1 1 0 22 0 1 0 0 0 0 50 68 23 1 54 51 36 1 144 135 112 1 130 106 54 1 0 0 0 0 167 184 111 1 95 147 72 1 76 93 56 1 115 44 65 1 83 108 44 1 83 49 78 1 120 100 71 1 97 72 46 1 73 62 49 1 118 132 131 1
232 255 217 1 255 255 251 1 255 255 255 1 0 0 0 0 219 255 244 1 255 255 249 1 0 0 0 0 181 203 176 1 205 255 220 1 0 0 0 0 255 255 255 1 255 250 222 1 255 244 255 1 0 0 0 0 246 242 230 1 255 237 255 1 255 230 255 1 254 242 244 1 238 252 255 1 250 255 216 1 0 0 0 0 238 224 255 1 255 255 255 1 224 225 242 1 212 250 231 1 237 255 250 1 214 255 255 1 247 255 204 1 236 238 248 1 0 0 0 0 255 255 243 1 212 255 255 1 0 0 0 0 0 0 0 0 255 222 255 1 221 240 212 1 235 186 191 1 0 0 0 0 155 172 156 1 207 169 167 1 0 0 0 0 171 163 105 1 198 209 154 1 132 95 106 1 72 88 70 1 140 109 79 1 84 64 69 1 0 2 15 1 65 67 23 1 117 100 80 1 51 30 11 1 16 13 0 1 0 0 0 0 35 69 37 1 34 24 22 1 67 79 14 1 0 0 0 0 54 75 40 1 104 102 35 1 82 76 67 1 51 51 20 1 114 115 85 1 56 67 21 1 60 73 35 1 93 72 61 1 72 73 56 1
236 243 255 1 255 255 233 1 255 242 245 1 236 255 215 1 0 0 0 0 213 227 236 1 170 196 193 1 233 248 254 1 255 250 255 1 232 255 242 1 255 255 241 1 240 255 255 1 237 248 246 1 251 255 240 1 252 239 250 1 233 254 255 1 243 207 255 1 195 230 222 1 201 196 224 1 206 224 255 1 0 0 0 0 216 221 255 1 250 255 255 1 0 0 0 0 255 227 255 1 249 254 236 1 0 0 0 0 247 253 252 1 255 255 251 1 250 230 255 1 246 251 249 1 255 254 226 1 183 174 160 1 222 243 255 1 255 252 218 1 220 213 231 1 196 195 192 1 127 109 108 1 95 35 36 1 86 112 49 1 62 75 46 1 126 118 89 1 72 76 39 1 203 197 169 1 0 0 0 0 0 43 0 1 0 0 0 0 121 167 110 1 151 181 105 1 76 82 26 1 43 35 25 1 74 68 47 1 118 118 39 1 0 0 26 1 25 31 23 1 8 38 0 1 0 44 0 1 59 0 0 1 40 53 2 1 33 0 0 1 0 0 0 0 0 0 0 0 112 103 54 1 0 0 0 0 106 51 0 1 11 74 74 1
235 255 255 1 227 250 255 1 255 223 237 1 235 247 255 1 195 229 215 1 245 255 255 1 255 246 255 1 247 233 224 1 233 205 179 1 0 0 0 0 249 255 254 1 231 247 255 1 242 255 242 1 214 237 255 1 255 255 224 1 255 255 229 1 245 251 236 1 209 220 255 1 104 122 172 1 85 133 170 1 71 166 185 1 64 137 165 1 150 178 163 1 157 138 184 1 255 238 255 1 254 255 255 1 255 255 243 1 255 245 227 1 253 255 238 1 255 228 231 1 0 0 0 0 243 229 225 1 199 172 169 1 255 203 213 1 221 235 239 1 208 194 182 1 222 221 168 1 252 255 236 1 255 248 213 1 255 230 227 1 225 222 171 1 237 168 119 1 150 142 97 1 103 141 54 1 143 186 156 1 140 133 118 1 208 216 186 1 233 255 255 1 241 255 235 1 255 249 242 1 153 154 147 1 45 106 63 1 17 65 19 1 44 74 21 1 6 31 0 1 0 0 0 0 163 136 101 1 67 108 47 1 0 0 0 0 62 99 40 1 64 33 51 1 74 65 48 1 141 155 94 1 60 93 39 1 122 91 87 1 88 58 56 1
0 0 0 0 255 225 255 1 242 255 252 1 232 255 230 1 228 241 219 1 232 227 173 1 0 0 0 0 209 181 192 1 255 230 229 1 255 251 221 1 195 228 204 1 237 247 255 1 255 255 255 1 254 225 255 1 255 239 239 1 218 235 228 1 228 237 244 1 0 0 0 0 68 143 155 1 44 125 128 1 33 91 190 1 0 28 100 1 39 45 138 1 51 85 92 1 121 126 166 1 255 255 230 1 252 220 234 1 246 255 248 1 249 255 255 1 186 255 255 1 240 244 230 1 212 220 220 1 143 138 148 1 247 255 197 1 0 0 0 0 255 235 230 1 204 207 157 1 241 255 228 1 205 209 168 1 185 190 146 1 200 155 149 1 143 112 75 1 82 73 108 1 176 136 138 1 191 183 147 1 246 217 169 1 164 168 199 1 68 44 70 1 6 28 0 1 173 157 117 1 158 160 167 1 129 135 101 1 160 128 120 1 107 136 126 1 0 0 0 1 24 49 22 1 26 122 78 1 43 63 60 1 106 138 68 1 78 43 57 1 32 56 0 1 58 60 61 1 153 118 136 1 103 149 119 1 123 110 31 1 56 90 118 1
255 248 240 1 255 255 251 1 237 255 255 1 255 255 252 1 225 241 237 1 242 202 255 1 255 226 226 1 255 243 228 1 255 241 255 1 177 186 211 1 131 91 127 1 155 136 162 1 255 255 240 1 255 232 205 1 223 233 238 1 214 184 218 1 193 146 154 1 214 219 201 1 108 146 174 1 35 64 129 1 0 0 0 0 38 51 72 1 36 45 41 1 56 88 40 1 0 0 0 0 131 166 171 1 242 255 245 1 0 0 0 0 231 255 255 1 0 0 0 0 253 245 246 1 255 255 188 1 168 200 155 1 205 236 161 1 0 0 0 0 203 205 163 1 250 255 209 1 253 230 184 1 200 159 138 1 140 161 113 1 166 150 146 1 151 112 111 1 147 139 117 1 187 174 118 1 87 177 118 1 71 59 79 1 0 0 0 0 14 4 0 1 19 42 26 1 89 101 77 1 49 87 56 1 0 0 0 1 89 88 102 1 99 111 90 1 43 64 57 1 50 111 52 1 62 15 35 1 61 97 81 1 125 130 112 1 127 111 99 1 108 108 99 1 139 116 71 1 0 0 0 0 146 147 98 1 55 81 56 1 81 69 78 1
235 255 255 1 255 255 247 1 255 255 255 1 224 245 239 1 255 255 255 1 233 255 255 1 255 221 250 1 223 246 211 1 234 243 208 1 245 255 255 1 231 192 235 1 162 142 154 1 220 201 161 1 254 219 255 1 209 255 226 1 216 242 211 1 212 174 199 1 231 255 255 1 124 123 200 1 0 0 0 0 6 58 73 1 20 58 119 1 0 73 58 1 39 70 135 1 91 114 115 1 230 194 184 1 240 233 234 1 255 232 255 1 224 245 252 1 248 214 240 1 255 204 249 1 0 0 0 0 213 241 255 1 236 206 232 1 255 255 214 1 255 255 240 1 255 255 250 1 253 255 230 1 203 222 176 1 200 157 134 1 168 151 108 1 209 228 188 1 185 224 160 1 64 85 69 1 52 33 4 1 15 42 77 1 48 41 70 1 0 34 11 1 0 0 0 0 75 107 106 1 0 0 0 0 112 156 173 1 43 74 77 1 0 33 0 1 22 18 39 1 88 73 80 1 54 83 59 1 66 81 53 1 0 0 0 0 0 0 0 0 66 24 47 1 44 80 50 1 73 17 82 1 76 58 2 1 38 100 48 1 146 147 166 1
224 225 245 1 255 251 241 1 255 232 249 1 213 230 237 1 255 249 255 1 255 255 255 1 255 254 255 1 255 255 236 1 241 255 238 1 175 207 161 1 210 159 191 1 0 0 0 0 247 241 255 1 232 210 255 1 0 0 0 0 157 172 166 1 0 0 0 0 196 204 214 1 32 65 50 1 0 0 0 0 59 44 86 1 137 104 78 1 87 123 182 1 217 228 234 1 211 245 228 1 255 229 238 1 232 251 255 1 255 230 255 1 218 255 255 1 193 255 255 1 173 232 220 1 0 0 0 0 138 147 190 1 194 183 146 1 137 121 123 1 0 0 0 0 255 244 221 1 255 254 246 1 154 120 108 1 134 152 107 1 0 0 0 0 132 136 118 1 90 119 99 1 28 44 29 1 56 55 89 1 0 0 0 0 0 0 16 1 77 31 64 1 21 51 57 1 0 0 0 1 4 43 28 1 0 24 0 1 35 38 33 1 20 35 47 1 32 0 41 1 0 49 41 1 67 18 0 1 43 26 13 1 33 95 72 1 45 30 28 1 41 71 4 1 0 0 0 1 30 0 0 1 36 4 2 1 0 1 14 1 8 19 6 1
213 234 197 1 215 249 240 1 231 245 240 1 238 255 255 1 246 233 241 1 255 236 246 1 218 227 242 1 251 255 255 1 253 255 255 1 223 255 233 1 212 241 255 1 255 255 247 1 118 151 166 1 100 78 107 1 197 180 207 1 189 232 196 1 181 217 209 1 237 233 180 1 65 89 71 1 126 113 84 1 129 168 161 1 198 244 168 1 0 0 0 0 224 255 237 1 255 235 255 1 255 235 199 1 224 255 249 1 255 255 241 1 241 255 194 1 255 213 255 1 255 253 234 1 202 195 177 1 224 208 230 1 212 228 199 1 112 118 85 1 46 65 23 1 92 58 118 1 197 235 212 1 220 212 178 1 162 217 133 1 103 122 97 1 87 58 63 1 23 38 31 1 11 47 69 1 31 84 0 1 30 55 51 1 93 122 133 1 0 21 37 1 0 5 28 1 24 31 35 1 0 0 7 1 0 3 35 1 0 55 4 1 26 38 15 1 0 34 4 1 0 38 6 1 53 55 75 1 0 0 0 0 9 10 0 1 0 0 0 0 0 12 12 1 47 20 16 1 83 84 27 1 39 33 61 1 28 53 58 1 48 65 60 1
153 189 230 1 0 0 0 0 255 202 253 1 255 236 240 1 228 202 251 1 97 142 176 1 181 184 156 1 222 221 227 1 175 182 226 1 234 248 242 1 251 245 255 1 207 218 180 1 129 109 141 1 158 159 214 1 226 250 249 1 231 248 255 1 255 216 236 1 255 255 229 1 172 150 137 1 191 211 142 1 255 250 190 1 0 0 0 0 193 176 180 1 216 207 180 1 255 255 241 1 0 0 0 0 253 255 255 1 255 238 243 1 255 244 255 1 239 255 255 1 255 234 216 1 249 211 247 1 0 0 0 0 158 171 137 1 255 255 236 1 212 189 184 1 91 63 9 1 164 112 159 1 160 133 147 1 80 58 77 1 32 66 28 1 3 46 52 1 32 17 61 1 0 37 44 1 19 23 36 1 50 88 76 1 37 62 57 1 20 47 24 1 61 57 50 1 98 38 58 1 39 47 78 1 18 22 31 1 75 27 65 1 0 24 21 1 0 0 0 0 29 56 51 1 4 31 15 1 15 34 59 1 0 12 0 1 0 7 0 1 0 0 36 1 0 23 22 1 18 13 0 1 10 10 25 1 29 1 48 1 0 24 6 1
75 175 169 1 190 233 230 1 0 0 0 0 0 0 0 0 255 255 249 1 222 235 230 1 255 255 192 1 251 201 225 1 0 0 0 0 238 248 235 1 238 243 255 1 187 201 240 1 252 199 252 1 240 255 237 1 0 0 0 0 229 227 255 1 255 234 255 1 251 238 245 1 255 248 215 1 250 232 199 1 255 255 234 1 255 242 255 1 230 252 230 1 230 197 177 1 211 185 147 1 255 255 239 1 255 217 240 1 255 255 220 1 192 241 224 1 248 255 255 1 237 252 204 1 250 191 163 1 200 198 154 1 153 129 132 1 255 217 195 1 151 126 97 1 143 126 88 1 0 0 0 0 53 110 111 1 89 83 92 1 59 16 46 1 13 43 55 1 22 45 17 1 0 12 77 1 8 0 32 1 39 26 48 1 27 49 60 1 72 18 70 1 0 0 0 0 35 22 66 1 50 33 8 1 36 0 9 1 0 0 9 1 0 0 0 0 14 1 12 1 5 60 17 1 14 81 64 1 0 0 7 1 2 71 20 1 0 14 16 1 21 0 13 1 0 0 0 1 0 38 28 1 0 10 38 1 5 37 5 1 26 13 0 1
68 76 129 1 134 127 183 1 225 231 220 1 255 255 255 1 0 0 0 0 255 255 236 1 255 229 255 1 253 255 245 1 231 255 255 1 0 0 0 0 214 227 255 1 104 143 126 1 232 210 244 1 241 211 255 1 208 204 214 1 249 247 231 1 255 255 237 1 225 255 255 1 233 250 255 1 255 255 224 1 236 236 221 1 230 243 212 1 255 241 232 1 255 235 253 1 245 249 226 1 244 203 203 1 255 255 251 1 255 234 226 1 230 255 255 1 255 255 246 1 255 228 210 1 220 210 161 1 129 133 106 1 81 98 67 1 86 51 31 1 86 77 53 1 163 213 144 1 232 203 193 1 169 140 138 1 101 50 105 1 51 8 60 1 44 38 76 1 60 57 60 1 55 102 67 1 49 4 60 1 10 6 9 1 44 51 88 1 0 0 0 0 0 0 3 1 36 49 70 1 42 21 6 1 18 20 8 1 96 57 53 1 67 34 0 1 61 42 0 1 0 47 9 1 0 24 0 1 8 0 17 1 0 20 10 1 38 29 41 1 0 27 19 1 0 34 17 1 17 38 56 1 24 46 23 1 0 15 0 1 28 29 3 1
0 85 145 1 47 93 145 1 145 154 185 1 0 0 0 0 222 218 249 1 226 255 214 1 255 255 248 1 214 211 204 1 218 255 255 1 178 212 255 1 151 149 177 1 33 35 13 1 35 55 45 1 197 206 203 1 0 0 0 0 227 255 255 1 255 243 225 1 221 255 224 1 255 243 226 1 235 255 247 1 231 254 255 1 205 204 223 1 255 255 227 1 250 233 255 1 247 234 197 1 0 0 0 0 0 0 0 0 240 249 187 1 160 227 177 1 234 225 204 1 255 255 200 1 221 195 189 1 144 155 127 1 186 155 123 1 149 188 184 1 246 255 186 1 0 0 0 0 148 142 100 1 125 147 106 1 34 43 88 1 0 0 0 0 0 0 0 0 31 21 56 1 99 99 79 1 104 29 102 1 14 51 6 1 12 4 32 1 76 56 104 1 48 89 83 1 51 62 29 1 93 69 109 1 113 131 123 1 97 82 97 1 63 67 0 1 0 20 19 1 64 89 10 1 52 53 12 1 27 44 0 1 0 0 26 1 37 25 34 1 33 14 14 1 68 54 70 1 79 77 71 1 29 32 24 1 10 2 64 1 3 50 0 1