5
301 606 149 62
42 88 52 1 40 94 91 1 84 108 66 1 74 113 87 1 0 0 0 0 102 94 65 1 20 18 3 1 13 44 0 1 50 51 29 1 53 11 54 1 39 72 97 1 27 81 35 1 0 71 72 1 3 65 15 1 0 0 0 0 0 50 0 1 2 63 42 1 54 85 34 1 102 91 99 1 67 122 124 1 0 104 71 1 65 75 54 1 16 47 0 1 0 16 0 1 0 0 0 0 11 22 34 1 17 49 16 1 10 56 64 1 0 0 0 0 91 141 90 1 0 0 0 0 12 6 0 1 0 76 68 1 16 22 24 1 0 50 44 1 51 73 35 1 103 119 49 1 45 89 39 1 93 85 88 1 94 106 109 1 0 0 0 0 12 53 45 1 109 103 110 1 0 0 0 0 124 166 99 1 0 0 0 0 105 87 107 1 0 0 0 0 91 144 76 1 70 112 55 1 0 0 0 0 92 119 82 1 57 96 50 1 59 74 2 1 40 25 0 1 78 7 32 1 27 55 24 1 10 90 27 1 87 138 73 1 0 0 0 0 0 0 0 0 90 98 105 1
94 150 88 1 139 137 76 1 0 0 0 0 0 0 0 0 70 122 10 1 69 120 75 1 19 84 9 1 0 22 0 1 1 38 30 1 8 54 14 1 0 23 35 1 0 0 0 0 66 58 52 1 0 0 0 0 52 57 48 1 0 45 35 1 26 32 56 1 0 48 57 1 37 61 28 1 22 91 47 1 18 79 48 1 15 3 0 1 0 61 22 1 34 51 14 1 0 0 0 0 0 0 0 0 0 37 40 1 6 65 10 1 45 78 3 1 0 49 4 1 19 55 28 1 90 105 119 1 66 105 104 1 8 37 13 1 28 57 45 1 67 96 78 1 74 130 70 1 51 103 43 1 122 105 118 1 33 86 47 1 0 0 0 0 43 0 0 1 116 115 119 1 104 119 134 1 57 66 48 1 93 103 56 1 104 121 60 1 66 104 60 1 0 68 24 1 0 65 21 1 16 58 29 1 73 78 43 1 24 43 50 1 0 0 0 0 0 0 0 0 61 88 66 1 61 99 47 1 128 110 69 1 81 88 93 1 96 110 90 1 77 46 38 1 0 36 28 1
0 0 0 0 0 0 0 0 31 1 4 1 66 41 18 1 22 34 30 1 31 42 69 1 0 0 0 0 24 63 29 1 25 90 43 1 14 30 29 1 29 59 44 1 12 63 74 1 51 53 48 1 30 27 31 1 20 54 4 1 28 40 35 1 0 18 16 1 32 109 23 1 5 0 30 1 14 20 10 1 44 21 0 1 0 14 31 1 2 21 79 1 0 12 0 1 0 23 0 1 30 96 57 1 32 77 33 1 0 21 0 1 13 19 32 1 0 7 0 1 21 24 7 1 8 18 35 1 47 60 53 1 83 117 94 1 0 0 0 0 98 108 54 1 131 134 121 1 106 131 113 1 77 100 69 1 38 63 0 1 60 67 41 1 100 143 116 1 0 0 0 0 75 67 36 1 0 47 0 1 79 134 53 1 100 165 135 1 87 116 35 1 31 122 117 1 48 147 74 1 93 98 88 1 69 66 58 1 111 75 87 1 120 106 87 1 100 80 84 1 72 118 61 1 15 8 0 1 24 47 0 1 34 53 0 1 1 33 12 1 0 30 18 1 47 31 16 1
50 51 45 1 11 54 29 1 0 45 8 1 0 4 0 1 0 31 30 1 24 67 0 1 0 3 12 1 9 42 68 1 0 0 0 0 0 22 0 1 28 0 38 1 0 33 36 1 4 41 13 1 50 52 7 1 32 18 24 1 68 36 38 1 55 73 40 1 3 13 9 1 0 66 53 1 0 38 54 1 0 13 24 1 14 56 35 1 47 49 8 1 0 0 0 0 38 40 57 1 61 103 113 1 27 79 29 1 0 31 35 1 28 10 65 1 30 43 16 1 0 0 0 0 31 25 0 1 0 0 0 1 6 60 49 1 57 67 65 1 38 24 35 1 80 75 61 1 64 114 76 1 20 56 43 1 51 56 27 1 97 114 133 1 54 106 99 1 9 38 0 1 12 4 19 1 0 31 13 1 115 78 12 1 61 88 20 1 87 112 99 1 112 117 67 1 94 73 63 1 92 123 138 1 54 81 67 1 91 39 40 1 94 94 133 1 114 136 123 1 95 136 87 1 0 0 13 1 97 64 48 1 22 38 10 1 54 57 59 1 106 74 70 1 32 28 47 1
13 37 33 1 17 19 5 1 10 38 22 1 11 40 6 1 25 25 0 1 0 40 35 1 0 24 44 1 26 0 3 1 13 24 26 1 18 41 0 1 0 82 44 1 3 38 0 1 0 31 33 1 26 101 51 1 0 0 0 0 111 109 91 1 77 107 76 1 0 41 0 1 0 17 41 1 0 21 6 1 12 54 12 1 0 39 0 1 35 80 60 1 44 38 67 1 48 82 41 1 33 63 36 1 0 49 14 1 38 59 67 1 30 99 58 1 10 31 57 1 0 0 0 0 29 68 45 1 17 25 0 1 12 68 34 1 0 38 0 1 0 24 7 1 0 0 0 0 29 2 0 1 54 64 36 1 92 118 92 1 9 106 59 1 6 17 0 1 6 58 3 1 19 64 37 1 2 97 36 1 0 0 0 0 40 104 64 1 80 118 67 1 113 95 109 1 89 90 147 1 86 113 83 1 40 106 61 1 42 58 74 1 27 99 16 1 4 41 12 1 40 53 0 1 22 61 47 1 106 142 133 1 0 0 0 0 0 0 0 0 53 79 94 1 63 77 90 1
20 25 16 1 59 103 50 1 0 0 0 0 65 81 49 1 0 0 0 0 46 38 41 1 40 90 56 1 55 85 62 1 23 35 51 1 10 61 51 1 0 0 0 0 0 0 0 0 66 108 72 1 90 148 86 1 46 122 82 1 33 85 50 1 78 79 93 1 61 91 105 1 28 41 30 1 15 0 0 1 0 13 5 1 77 69 83 1 72 79 66 1 29 90 79 1 71 63 68 1 8 71 41 1 23 60 0 1 17 99 23 1 65 72 50 1 26 92 101 1 47 104 95 1 60 106 66 1 0 55 0 1 0 27 0 1 11 52 18 1 21 6 52 1 0 0 0 0 0 0 0 0 33 50 56 1 0 0 0 0 71 117 64 1 18 63 47 1 14 33 38 1 41 45 20 1 71 82 86 1 59 95 104 1 58 79 42 1 99 97 91 1 47 88 38 1 45 47 0 1 50 77 54 1 0 47 40 1 57 64 22 1 11 33 15 1 0 0 0 0 0 49 0 1 0 0 0 0 44 68 34 1 66 92 69 1 5 21 20 1 0 0 0 0 47 87 20 1
64 120 133 1 32 88 79 1 0 67 77 1 17 37 72 1 34 88 67 1 14 91 47 1 63 57 46 1 52 68 93 1 77 108 45 1 51 87 77 1 3 50 0 1 0 0 0 0 35 94 0 1 79 80 68 1 65 153 109 1 91 64 52 1 49 104 28 1 0 0 0 0 71 91 123 1 78 87 81 1 37 54 62 1 59 78 60 1 44 32 51 1 53 81 33 1 119 150 64 1 16 82 14 1 0 39 0 1 43 36 25 1 22 45 61 1 103 115 85 1 122 129 96 1 0 44 15 1 0 0 0 0 0 17 12 1 0 67 35 1 40 21 24 1 0 0 0 0 30 32 58 1 0 30 51 1 46 58 82 1 114 101 93 1 32 34 33 1 91 115 81 1 64 112 106 1 43 71 38 1 23 0 22 1 0 9 0 1 17 62 54 1 32 19 16 1 22 27 0 1 0 38 37 1 0 7 0 1 20 17 0 1 0 0 0 0 0 0 0 0 41 78 61 1 70 70 25 1 8 26 0 1 42 2 36 1 54 46 18 1 66 103 79 1 36 79 60 1
0 69 24 1 12 4 7 1 29 55 65 1 110 120 85 1 8 110 43 1 29 73 63 1 20 59 32 1 65 31 68 1 93 71 58 1 84 89 49 1 15 49 83 1 44 92 104 1 0 0 0 0 40 83 35 1 70 82 90 1 55 71 64 1 0 0 0 0 69 92 86 1 54 126 100 1 78 103 87 1 20 52 99 1 8 35 34 1 112 115 81 1 138 101 129 1 154 150 128 1 0 0 0 0 52 106 75 1 0 0 0 0 104 149 91 1 149 153 95 1 128 156 91 1 0 35 0 1 0 19 0 1 0 25 10 1 0 34 9 1 36 44 25 1 9 0 34 1 0 25 26 1 25 28 44 1 0 45 70 1 29 84 76 1 0 0 0 0 80 101 84 1 60 42 35 1 0 0 27 1 0 43 3 1 32 0 2 1 0 22 16 1 41 35 39 1 60 110 34 1 103 93 83 1 94 107 70 1 60 83 88 1 40 46 44 1 20 0 0 1 84 104 59 1 0 0 0 0 67 51 11 1 14 27 51 1 13 39 0 1 46 121 64 1 57 97 7 1
81 83 86 1 1 69 79 1 79 94 51 1 46 60 13 1 19 53 31 1 47 81 56 1 11 87 0 1 0 42 9 1 74 39 63 1 0 0 0 0 51 65 80 1 107 84 87 1 51 82 96 1 45 54 11 1 72 58 60 1 67 70 67 1 89 130 74 1 45 103 78 1 9 72 76 1 32 36 56 1 58 104 83 1 111 123 100 1 99 142 91 1 66 125 64 1 97 87 55 1 79 111 79 1 92 116 73 1 0 0 0 0 62 102 82 1 67 69 45 1 127 133 110 1 60 59 45 1 90 78 73 1 31 37 40 1 26 19 32 1 57 57 38 1 27 20 43 1 28 45 42 1 21 55 37 1 0 0 0 0 0 46 64 1 26 39 23 1 42 40 52 1 0 10 20 1 60 66 68 1 81 68 68 1 37 50 0 1 66 83 31 1 0 53 24 1 1 84 54 1 87 75 94 1 56 73 17 1 61 109 75 1 101 119 58 1 0 0 0 0 70 63 28 1 37 66 65 1 24 56 0 1 4 40 15 1 14 12 60 1 0 0 0 0 85 60 89 1
85 46 81 1 58 114 65 1 69 39 57 1 66 71 20 1 4 65 62 1 0 0 0 0 65 112 73 1 0 48 75 1 45 51 28 1 53 40 0 1 5 62 41 1 26 49 66 1 0 0 0 0 27 16 15 1 17 41 12 1 5 60 14 1 33 39 71 1 54 37 0 1 23 60 0 1 64 55 32 1 105 63 58 1 63 110 36 1 38 97 26 1 74 119 74 1 71 135 7 1 61 103 25 1 0 0 0 0 50 141 76 1 0 0 0 0 71 101 69 1 0 0 0 0 45 77 42 1 93 126 32 1 79 108 79 1 68 81 113 1 75 129 56 1 42 74 44 1 16 51 33 1 7 52 34 1 0 0 0 0 0 7 14 1 22 40 30 1 42 99 91 1 87 106 117 1 0 0 0 0 52 77 59 1 0 0 0 0 68 93 79 1 43 87 12 1 33 43 0 1 0 0 0 0 58 110 82 1 52 102 62 1 83 110 82 1 47 61 56 1 0 0 0 0 72 87 101 1 30 75 54 1 14 23 17 1 0 39 0 1 10 41 89 1 100 97 33 1
88 33 41 1 84 117 74 1 48 81 0 1 46 83 35 1 88 96 105 1 67 142 74 1 38 105 68 1 35 34 0 1 13 62 33 1 36 53 52 1 59 69 94 1 64 113 44 1 84 98 81 1 46 37 38 1 21 26 2 1 0 61 0 1 59 88 62 1 40 41 31 1 36 79 55 1 49 89 83 1 38 86 72 1 0 0 0 0 56 74 85 1 0 0 0 0 45 87 18 1 85 118 31 1 15 57 53 1 71 69 94 1 75 92 45 1 0 0 0 0 33 1 0 1 7 4 0 1 60 90 56 1 69 113 50 1 67 42 78 1 68 104 128 1 51 109 27 1 0 31 9 1 5 33 8 1 0 24 26 1 0 8 0 1 0 59 86 1 71 110 68 1 83 95 23 1 32 77 47 1 67 43 47 1 16 95 50 1 27 63 23 1 15 43 0 1 91 74 26 1 51 80 47 1 21 64 41 1 23 82 40 1 41 96 43 1 0 9 10 1 39 52 19 1 20 45 46 1 63 86 66 1 0 0 36 1 0 8 40 1 24 0 1 1 43 96 82 1
73 100 80 1 98 83 86 1 70 104 61 1 89 81 50 1 46 114 80 1 69 84 50 1 0 0 0 0 37 47 51 1 59 89 29 1 44 82 24 1 76 79 1 1 66 87 86 1 75 101 85 1 41 102 72 1 43 76 65 1 42 95 62 1 40 90 27 1 142 147 107 1 85 125 74 1 0 0 0 0 80 82 78 1 125 146 106 1 74 87 52 1 29 26 4 1 80 102 58 1 96 113 82 1 87 96 68 1 121 128 102 1 50 93 97 1 45 95 47 1 25 58 14 1 85 98 31 1 117 128 95 1 112 143 105 1 108 123 75 1 88 92 107 1 35 41 37 1 18 0 13 1 23 74 27 1 9 96 17 1 12 52 42 1 52 36 60 1 42 64 10 1 82 85 35 1 85 88 39 1 67 115 56 1 50 95 15 1 26 46 28 1 47 65 50 1 6 58 42 1 28 57 15 1 27 61 36 1 51 60 60 1 0 1 37 1 31 13 24 1 64 74 60 1 18 105 64 1 98 120 59 1 11 38 0 1 0 33 13 1 15 42 0 1 89 102 115 1
125 105 41 1 58 119 41 1 99 131 64 1 41 60 0 1 37 23 7 1 47 67 37 1 35 117 75 1 64 68 88 1 58 84 39 1 15 68 57 1 0 30 28 1 25 42 56 1 92 128 83 1 82 144 59 1 89 133 106 1 76 84 107 1 0 0 0 0 46 96 73 1 87 84 34 1 0 0 0 0 51 106 60 1 19 85 42 1 61 108 41 1 34 51 24 1 47 83 83 1 27 54 38 1 0 80 0 1 8 25 1 1 0 23 16 1 37 66 0 1 40 37 0 1 45 99 20 1 85 125 75 1 88 124 44 1 77 108 72 1 100 100 79 1 0 41 1 1 0 72 28 1 57 79 31 1 67 66 50 1 38 95 81 1 46 44 11 1 20 51 16 1 111 110 38 1 97 109 90 1 19 76 65 1 100 149 85 1 46 94 32 1 36 55 46 1 7 50 22 1 16 37 4 1 0 0 0 0 55 76 69 1 14 53 0 1 0 7 15 1 53 86 38 1 119 105 97 1 38 48 21 1 7 20 10 1 20 0 16 1 14 17 51 1 35 91 63 1
75 102 60 1 53 98 52 1 65 82 19 1 0 0 0 0 60 106 27 1 93 123 130 1 75 90 1 1 52 141 48 1 0 0 0 0 72 62 71 1 106 123 92 1 76 131 59 1 64 102 85 1 100 70 73 1 83 69 66 1 56 76 45 1 60 93 55 1 49 83 38 1 106 102 70 1 80 122 59 1 61 149 85 1 74 63 107 1 49 113 51 1 7 57 8 1 28 40 31 1 0 63 11 1 0 33 1 1 33 6 23 1 0 0 0 0 118 110 58 1 87 88 80 1 120 109 71 1 0 0 0 0 91 111 51 1 40 141 63 1 106 75 25 1 25 55 0 1 62 98 16 1 44 53 49 1 25 59 23 1 52 111 108 1 36 29 3 1 25 65 67 1 0 46 37 1 9 56 9 1 48 102 37 1 54 54 55 1 70 124 35 1 40 73 92 1 48 57 39 1 0 0 0 1 21 11 0 1 34 86 37 1 0 0 0 0 41 65 24 1 44 43 58 1 63 90 75 1 36 21 18 1 18 31 58 1 0 44 32 1 9 72 28 1 21 43 89 1
69 125 97 1 5 75 48 1 0 42 23 1 65 83 61 1 74 129 67 1 97 56 49 1 0 0 0 0 67 113 68 1 81 105 49 1 92 126 83 1 111 111 74 1 60 117 45 1 77 71 50 1 51 112 67 1 87 97 89 1 52 139 50 1 79 94 49 1 90 111 46 1 10 111 98 1 77 106 71 1 38 40 58 1 0 0 0 0 56 58 27 1 21 39 14 1 17 11 2 1 28 45 58 1 0 32 14 1 0 0 0 0 20 46 63 1 68 105 104 1 37 66 75 1 69 118 63 1 89 78 72 1 65 123 84 1 60 67 44 1 36 29 0 1 46 52 43 1 113 119 93 1 56 78 60 1 0 0 0 0 4 44 8 1 0 13 0 1 29 80 71 1 64 67 83 1 0 0 0 0 9 78 0 1 94 54 93 1 110 104 77 1 0 0 0 0 11 26 45 1 19 49 0 1 26 7 32 1 24 33 24 1 0 0 5 1 0 63 0 1 23 65 59 1 83 125 94 1 21 35 1 1 9 35 22 1 22 23 41 1 17 38 45 1 62 75 21 1
66 84 32 1 70 80 56 1 0 0 0 0 60 98 98 1 56 112 53 1 55 25 14 1 0 0 0 0 0 0 0 0 35 114 40 1 0 0 0 0 36 62 17 1 64 41 43 1 0 0 0 0 68 169 110 1 100 91 92 1 62 112 49 1 42 113 67 1 63 73 80 1 66 112 65 1 71 99 60 1 57 82 34 1 48 40 68 1 3 73 5 1 0 6 0 1 0 16 0 1 19 50 26 1 24 42 42 1 4 39 29 1 73 100 68 1 76 150 79 1 96 106 113 1 72 122 82 1 47 78 38 1 47 68 13 1 0 40 39 1 0 69 29 1 49 126 98 1 46 45 68 1 37 33 0 1 20 31 28 1 0 5 19 1 16 0 9 1 9 46 32 1 50 105 43 1 0 25 36 1 64 90 52 1 37 83 53 1 0 45 33 1 21 59 33 1 42 79 66 1 67 36 36 1 51 30 53 1 0 40 10 1 0 31 9 1 28 4 0 1 0 0 0 0 79 86 92 1 0 55 31 1 0 11 2 1 31 1 4 1 0 21 0 1 0 58 34 1
39 72 77 1 81 77 94 1 80 102 87 1 55 27 70 1 85 77 71 1 66 99 38 1 39 54 47 1 22 66 45 1 26 80 0 1 53 83 59 1 86 95 46 1 51 48 56 1 24 64 21 1 53 92 76 1 1 44 60 1 9 82 51 1 40 64 34 1 89 96 70 1 0 0 0 0 62 107 0 1 27 29 22 1 15 25 2 1 0 35 1 1 0 25 11 1 24 25 13 1 0 38 4 1 19 46 35 1 46 77 30 1 53 91 88 1 91 88 52 1 0 0 0 0 0 0 0 0 29 39 0 1 0 0 0 0 22 45 12 1 59 83 34 1 135 101 79 1 10 53 64 1 0 0 0 1 43 10 52 1 36 19 5 1 0 17 37 1 14 28 58 1 48 42 36 1 28 48 14 1 0 0 0 0 20 26 3 1 0 0 0 0 96 61 97 1 0 10 11 1 26 18 0 1 30 41 0 1 13 51 0 1 97 92 98 1 0 35 0 1 75 106 99 1 95 91 71 1 37 46 0 1 0 0 0 0 50 46 22 1 0 45 0 1 27 49 91 1
19 58 102 1 55 122 32 1 77 105 85 1 69 69 66 1 58 108 68 1 40 51 26 1 49 69 47 1 57 68 0 1 32 56 34 1 85 84 80 1 0 0 0 0 0 46 10 1 9 49 0 1 0 0 0 0 0 39 0 1 54 63 31 1 91 124 64 1 40 90 96 1 51 34 93 1 3 62 62 1 13 16 7 1 0 36 40 1 0 0 0 0 9 42 29 1 7 46 55 1 88 102 85 1 118 131 84 1 134 97 117 1 73 123 107 1 98 89 109 1 111 88 130 1 35 61 5 1 7 23 4 1 0 4 9 1 12 41 24 1 0 48 30 1 38 19 34 1 35 84 31 1 41 60 60 1 38 60 55 1 0 14 54 1 0 27 20 1 16 54 32 1 28 0 16 1 28 28 0 1 8 5 0 1 46 57 32 1 17 74 39 1 64 42 43 1 34 80 61 1 0 106 31 1 108 106 116 1 108 123 93 1 76 113 103 1 70 69 53 1 65 76 48 1 92 87 92 1 119 87 51 1 14 49 17 1 0 62 5 1 12 39 0 1 23 44 22 1
33 69 33 1 77 104 56 1 77 69 62 1 66 101 31 1 45 58 83 1 21 75 80 1 56 126 31 1 51 72 73 1 35 84 59 1 72 93 56 1 43 97 65 1 3 70 58 1 0 0 0 1 12 20 0 1 0 0 6 1 41 44 61 1 65 85 100 1 74 96 67 1 24 72 50 1 5 11 16 1 0 0 0 0 16 13 54 1 54 66 21 1 6 43 0 1 0 45 0 1 29 66 0 1 123 98 47 1 98 122 44 1 103 111 57 1 107 139 107 1 61 75 50 1 32 75 60 1 0 0 0 1 27 0 1 1 8 42 58 1 28 69 22 1 0 68 11 1 70 85 69 1 46 71 0 1 66 104 34 1 0 0 0 0 6 25 14 1 38 14 17 1 56 40 13 1 0 0 0 0 0 61 36 1 18 34 21 1 10 36 17 1 29 49 30 1 62 77 70 1 64 130 80 1 106 140 85 1 53 90 58 1 42 91 59 1 0 0 0 0 38 86 32 1 73 95 62 1 91 113 72 1 12 85 20 1 0 23 0 1 40 61 37 1 49 55 42 1
0 0 0 0 85 79 94 1 22 42 25 1 60 44 22 1 70 98 70 1 3 17 28 1 20 73 8 1 86 107 56 1 47 64 11 1 67 51 11 1 0 0 0 0 0 0 0 0 0 24 0 1 16 52 50 1 0 39 9 1 0 0 5 1 16 48 21 1 32 42 52 1 4 26 40 1 0 13 2 1 1 66 10 1 30 59 30 1 36 53 12 1 43 99 36 1 40 62 6 1 9 66 33 1 95 65 63 1 72 143 94 1 59 88 88 1 49 99 62 1 77 78 84 1 0 0 0 0 41 39 23 1 68 6 50 1 38 61 33 1 63 36 27 1 0 0 0 0 107 152 41 1 12 125 31 1 4 52 0 1 12 44 77 1 30 26 42 1 30 61 70 1 33 94 68 1 11 42 57 1 16 46 0 1 25 44 46 1 0 62 6 1 24 41 30 1 49 104 44 1 6 16 1 1 0 80 15 1 0 9 15 1 1 0 9 1 15 20 77 1 13 74 14 1 45 97 66 1 47 101 91 1 53 115 50 1 0 24 0 1 2 17 51 1 27 84 43 1
3 55 15 1 54 63 65 1 40 47 0 1 51 99 10 1 89 105 60 1 102 95 61 1 68 89 27 1 74 130 47 1 32 66 24 1 0 0 0 0 0 4 9 1 24 58 39 1 0 0 0 0 44 35 47 1 0 0 0 0 17 12 0 1 14 32 55 1 72 103 71 1 28 63 78 1 0 0 0 0 18 0 1 1 0 8 0 1 0 22 15 1 63 111 0 1 91 130 87 1 109 104 84 1 101 108 30 1 76 71 83 1 92 103 92 1 71 92 80 1 36 75 55 1 15 42 12 1 3 51 0 1 39 48 45 1 66 100 73 1 110 158 49 1 115 153 126 1 0 0 0 0 17 69 37 1 0 29 37 1 44 46 47 1 24 44 20 1 0 15 33 1 29 60 35 1 0 89 32 1 46 42 63 1 11 57 55 1 49 42 29 1 0 18 47 1 27 0 42 1 2 56 0 1 16 61 58 1 92 80 72 1 49 70 102 1 8 36 30 1 0 47 20 1 0 0 0 0 23 35 59 1 83 82 77 1 48 61 0 1 17 29 3 1 0 0 31 1
0 0 0 0 85 107 93 1 125 80 65 1 93 78 86 1 97 139 32 1 102 81 50 1 51 120 88 1 31 12 47 1 35 64 44 1 58 82 56 1 98 78 82 1 46 93 85 1 32 86 67 1 59 90 17 1 80 114 38 1 60 34 0 1 63 116 68 1 71 69 76 1 38 51 46 1 6 0 24 1 6 21 17 1 0 0 0 0 0 7 16 1 0 0 0 0 102 105 41 1 98 91 51 1 56 102 71 1 33 45 17 1 52 90 67 1 85 76 69 1 15 92 44 1 23 39 73 1 0 38 47 1 47 20 14 1 30 68 15 1 71 127 86 1 49 61 60 1 31 77 72 1 25 90 34 1 14 50 34 1 67 112 85 1 22 55 6 1 21 0 6 1 12 23 49 1 39 29 0 1 0 22 9 1 1 43 6 1 44 32 24 1 11 70 4 1 45 41 42 1 6 69 37 1 0 17 10 1 0 15 0 1 10 65 5 1 35 49 71 1 0 6 13 1 23 68 0 1 64 42 69 1 151 167 145 1 82 104 88 1 83 71 48 1 0 0 0 0
154 154 128 1 150 172 101 1 101 87 39 1 180 131 118 1 113 164 109 1 0 0 0 0 69 117 76 1 118 121 71 1 0 0 0 0 165 176 130 1 116 168 100 1 131 91 132 1 91 122 78 1 111 143 141 1 108 101 81 1 21 46 23 1 85 104 55 1 36 87 45 1 9 49 32 1 0 15 0 1 17 61 28 1 39 82 13 1 81 103 58 1 81 122 119 1 38 136 100 1 73 110 75 1 0 28 26 1 43 46 2 1 51 94 51 1 70 72 54 1 88 98 133 1 0 32 25 1 37 41 21 1 97 99 42 1 89 81 66 1 93 67 64 1 84 79 58 1 53 66 121 1 0 0 0 0 53 13 0 1 0 62 83 1 0 91 0 1 45 19 0 1 0 0 0 0 0 10 8 1 28 0 29 1 0 38 22 1 12 33 66 1 23 31 33 1 20 45 20 1 11 31 21 1 41 39 14 1 0 0 0 0 26 38 28 1 22 69 57 1 0 5 28 1 28 49 20 1 0 37 9 1 2 45 9 1 29 35 62 1 0 0 0 0 2 5 58 1
157 136 121 1 76 97 54 1 93 106 45 1 100 127 80 1 100 105 71 1 80 101 55 1 0 0 0 0 109 144 88 1 111 136 81 1 50 100 140 1 93 115 92 1 103 121 64 1 97 107 102 1 0 0 0 0 120 128 114 1 53 75 31 1 0 0 0 0 61 70 50 1 12 49 23 1 0 0 0 0 0 0 0 0 0 0 0 0 80 111 92 1 54 101 77 1 57 126 77 1 0 0 0 0 0 0 0 0 0 29 0 1 15 24 20 1 77 84 72 1 91 75 77 1 46 27 63 1 0 2 7 1 19 71 0 1 40 41 52 1 55 50 32 1 38 103 16 1 67 93 54 1 67 100 100 1 83 106 39 1 71 81 47 1 0 27 32 1 44 25 64 1 0 63 18 1 5 6 0 1 0 25 48 1 20 61 33 1 4 22 30 1 31 6 0 1 0 25 21 1 68 41 57 1 10 27 0 1 0 0 44 1 27 0 0 1 42 38 23 1 0 15 0 1 0 0 0 0 9 12 28 1 76 5 0 1 0 18 52 1 0 0 0 0 0 44 13 1
39 57 0 1 0 75 0 1 59 72 15 1 91 134 56 1 13 113 91 1 54 156 41 1 39 96 56 1 97 122 125 1 63 83 90 1 84 95 48 1 64 93 77 1 65 95 86 1 91 77 31 1 74 148 71 1 82 134 63 1 82 151 99 1 123 131 113 1 115 104 117 1 57 64 40 1 0 0 0 0 0 0 0 0 37 59 45 1 27 32 0 1 29 48 44 1 0 0 0 0 64 93 44 1 22 43 21 1 0 72 0 1 25 25 0 1 16 7 20 1 91 66 64 1 19 81 57 1 0 48 36 1 2 48 13 1 36 38 0 1 20 70 2 1 0 30 0 1 43 26 29 1 30 60 30 1 104 120 91 1 62 75 40 1 40 62 52 1 0 23 0 1 4 30 31 1 5 37 33 1 22 0 25 1 19 26 13 1 25 59 39 1 18 25 26 1 17 41 36 1 0 0 0 0 0 45 2 1 36 52 34 1 0 18 45 1 44 27 45 1 0 31 16 1 0 17 21 1 62 44 61 1 6 35 51 1 50 35 52 1 0 0 0 0 15 13 22 1
71 63 61 1 34 85 47 1 118 126 83 1 73 115 71 1 11 36 27 1 65 72 69 1 79 105 69 1 70 122 75 1 37 65 48 1 30 30 43 1 49 63 75 1 46 63 29 1 27 90 44 1 94 109 45 1 51 119 64 1 89 142 65 1 0 0 0 0 98 129 65 1 55 87 101 1 7 45 45 1 0 0 0 0 0 9 0 1 0 1 0 1 27 32 0 1 50 102 72 1 94 85 63 1 0 0 0 0 4 36 32 1 0 15 0 1 47 26 0 1 12 63 58 1 22 76 58 1 5 69 55 1 26 48 1 1 43 33 0 1 9 22 0 1 31 62 32 1 0 2 14 1 42 36 50 1 121 100 100 1 99 113 66 1 0 82 35 1 49 1 0 1 49 89 45 1 47 18 31 1 26 28 14 1 0 24 9 1 0 0 0 0 0 17 10 1 0 14 24 1 28 31 48 1 4 55 19 1 7 31 28 1 26 34 0 1 0 50 0 1 7 13 30 1 0 0 0 0 30 24 72 1 0 6 9 1 6 45 52 1 0 61 39 1 0 0 0 0
34 36 0 1 37 28 18 1 42 75 50 1 44 27 34 1 16 40 0 1 0 0 0 0 45 86 15 1 41 22 25 1 0 0 0 0 0 0 0 0 35 62 40 1 31 50 0 1 46 91 29 1 54 47 61 1 50 52 44 1 30 31 34 1 30 28 23 1 69 91 77 1 49 60 57 1 43 56 52 1 18 41 20 1 7 29 1 1 22 61 20 1 18 53 0 1 49 89 49 1 100 118 90 1 52 32 56 1 0 17 10 1 17 10 19 1 62 55 39 1 0 38 46 1 0 27 18 1 6 20 5 1 0 0 0 0 69 87 72 1 73 130 120 1 43 64 77 1 36 56 15 1 19 98 91 1 105 96 93 1 132 133 93 1 38 83 63 1 0 0 0 0 89 101 66 1 16 69 11 1 17 19 50 1 10 21 10 1 0 42 14 1 52 20 33 1 50 55 29 1 0 0 0 0 47 14 31 1 31 44 60 1 35 20 0 1 10 37 7 1 0 12 0 1 0 9 40 1 0 1 18 1 11 8 56 1 0 47 10 1 40 15 49 1 55 98 37 1
12 48 45 1 1 65 0 1 29 35 40 1 21 51 32 1 50 54 102 1 27 48 31 1 0 91 0 1 0 34 26 1 8 27 14 1 48 78 61 1 42 30 101 1 35 81 68 1 49 62 54 1 0 74 22 1 74 83 43 1 20 69 0 1 63 73 25 1 0 51 83 1 44 8 31 1 11 68 48 1 0 72 33 1 24 20 23 1 0 7 53 1 3 44 18 1 75 42 33 1 54 104 66 1 0 0 0 0 22 54 30 1 0 3 14 1 0 0 0 1 10 43 0 1 9 46 36 1 0 44 12 1 39 103 42 1 0 0 0 0 0 0 0 0 0 0 0 0 30 65 62 1 87 62 59 1 59 133 23 1 65 84 45 1 31 55 50 1 54 66 33 1 94 97 48 1 30 55 48 1 57 71 51 1 0 0 0 0 58 4 34 1 35 63 76 1 0 56 12 1 22 23 49 1 1 13 10 1 0 24 0 1 15 15 43 1 0 24 10 1 0 17 0 1 22 66 54 1 0 0 0 1 0 48 35 1 43 129 79 1 60 112 130 1 27 79 28 1
48 99 23 1 0 0 0 0 0 0 0 0 83 131 85 1 78 123 90 1 0 0 0 0 68 122 67 1 0 0 0 0 0 0 0 0 61 54 50 1 47 82 17 1 17 53 35 1 70 74 59 1 0 0 0 0 0 0 0 0 62 58 29 1 46 76 49 1 0 81 33 1 32 11 31 1 19 23 0 1 30 70 29 1 0 20 0 1 0 1 32 1 5 19 20 1 9 43 19 1 52 60 58 1 56 114 107 1 17 64 34 1 32 0 4 1 18 26 32 1 15 55 26 1 0 42 15 1 13 17 45 1 29 66 17 1 79 110 66 1 9 38 16 1 7 43 1 1 0 59 0 1 13 49 0 1 0 0 0 0 113 99 84 1 0 0 0 0 74 55 47 1 34 45 46 1 11 26 0 1 50 61 3 1 46 104 36 1 53 15 7 1 18 21 35 1 3 42 40 1 16 40 9 1 5 45 13 1 15 2 0 1 0 35 38 1 15 26 9 1 0 14 5 1 1 26 33 1 0 6 19 1 0 5 5 1 0 0 0 0 70 30 38 1 27 51 0 1
0 0 0 0 0 0 0 0 80 92 97 1 28 84 31 1 48 71 54 1 76 116 92 1 86 66 55 1 45 73 53 1 39 93 22 1 77 116 55 1 57 89 75 1 38 68 66 1 0 0 0 0 67 43 84 1 92 108 59 1 86 84 66 1 57 106 70 1 12 47 24 1 0 32 0 1 0 8 41 1 2 27 27 1 6 23 6 1 0 37 15 1 16 47 16 1 9 48 22 1 34 60 84 1 81 93 66 1 18 51 29 1 39 42 51 1 0 25 25 1 0 54 14 1 1 28 49 1 0 32 40 1 14 23 0 1 10 12 29 1 0 0 0 1 0 56 0 1 0 40 13 1 22 72 57 1 63 120 66 1 61 97 61 1 62 91 53 1 60 88 43 1 51 42 48 1 48 61 3 1 14 48 37 1 37 74 69 1 37 72 17 1 51 59 36 1 19 61 64 1 0 32 18 1 0 14 41 1 34 19 5 1 0 60 25 1 59 61 37 1 0 20 4 1 1 18 9 1 0 48 43 1 0 75 0 1 15 42 0 1 12 0 7 1 26 36 22 1
90 116 71 1 51 102 59 1 54 51 44 1 13 87 71 1 62 99 80 1 91 99 103 1 50 71 66 1 54 60 74 1 82 115 83 1 9 64 23 1 26 11 37 1 40 10 11 1 7 8 15 1 61 101 84 1 10 40 39 1 40 31 0 1 0 0 42 1 61 50 59 1 25 5 62 1 0 33 45 1 32 25 23 1 0 32 48 1 31 43 5 1 15 35 30 1 7 18 4 1 8 16 3 1 7 50 25 1 0 54 16 1 0 32 13 1 18 35 24 1 34 51 19 1 10 49 0 1 0 23 30 1 0 21 32 1 0 0 19 1 0 8 24 1 0 24 15 1 0 0 0 0 44 149 52 1 64 95 56 1 16 50 17 1 47 69 43 1 54 84 63 1 8 36 37 1 25 66 11 1 2 58 6 1 63 66 13 1 51 43 7 1 0 0 0 0 21 99 76 1 41 52 10 1 70 57 0 1 55 85 38 1 0 28 42 1 7 46 0 1 21 18 17 1 0 0 0 1 75 87 73 1 34 22 42 1 0 48 5 1 16 61 16 1 15 38 55 1
41 97 34 1 79 115 85 1 60 113 53 1 113 45 55 1 0 0 0 0 52 42 43 1 26 57 24 1 69 88 77 1 89 81 96 1 19 54 45 1 0 47 0 1 19 22 19 1 18 38 0 1 55 33 68 1 35 86 35 1 23 33 3 1 0 33 0 1 32 44 42 1 23 0 1 1 0 13 33 1 0 0 41 1 16 0 52 1 34 12 39 1 0 0 0 0 17 3 0 1 0 71 9 1 0 15 10 1 0 9 11 1 0 86 0 1 0 43 45 1 0 13 22 1 0 35 19 1 0 53 15 1 33 5 33 1 0 52 35 1 0 2 24 1 22 52 12 1 17 83 48 1 71 141 64 1 53 57 62 1 0 30 18 1 25 84 42 1 54 61 47 1 0 0 0 0 0 17 8 1 0 35 7 1 0 23 16 1 17 59 29 1 10 15 16 1 6 33 26 1 0 8 24 1 0 0 0 0 74 114 107 1 18 71 30 1 0 0 0 0 0 24 37 1 0 11 0 1 57 111 132 1 14 38 27 1 10 22 49 1 66 106 59 1 66 92 61 1
34 63 67 1 17 56 22 1 56 55 22 1 89 94 86 1 79 134 65 1 79 82 63 1 70 109 75 1 29 71 46 1 63 47 71 1 56 69 29 1 66 14 0 1 0 69 17 1 44 62 0 1 59 82 73 1 20 33 8 1 54 64 58 1 54 51 58 1 13 35 1 1 11 44 0 1 22 45 0 1 0 45 47 1 0 55 21 1 0 25 53 1 0 9 34 1 59 56 9 1 0 0 0 0 43 78 22 1 39 43 0 1 0 30 40 1 0 0 0 1 0 39 41 1 32 53 43 1 13 37 29 1 18 13 44 1 19 63 49 1 8 56 51 1 2 34 32 1 34 100 59 1 72 93 66 1 12 94 1 1 0 5 29 1 0 0 0 0 4 9 34 1 23 19 17 1 0 32 30 1 8 42 34 1 0 55 17 1 6 42 38 1 0 43 13 1 0 0 0 0 59 79 58 1 59 11 35 1 0 21 21 1 12 55 63 1 0 69 28 1 17 39 5 1 24 43 41 1 49 83 83 1 0 61 3 1 58 55 19 1 51 101 53 1 78 88 87 1
0 25 0 1 0 46 1 1 36 66 32 1 49 108 67 1 51 92 72 1 79 42 65 1 26 28 48 1 0 7 6 1 17 16 0 1 0 32 0 1 18 29 0 1 8 18 14 1 48 0 0 1 57 108 76 1 24 94 37 1 67 119 68 1 77 56 44 1 0 4 28 1 0 0 0 0 2 97 0 1 14 61 41 1 16 29 0 1 44 73 34 1 62 89 70 1 65 114 66 1 20 40 25 1 10 36 9 1 0 14 0 1 0 48 50 1 11 19 7 1 64 38 43 1 0 44 59 1 0 19 23 1 0 0 22 1 21 58 33 1 6 59 43 1 0 31 36 1 17 35 43 1 16 34 27 1 16 30 0 1 11 35 10 1 22 25 0 1 25 17 17 1 0 60 2 1 0 8 42 1 34 17 33 1 0 49 24 1 0 40 9 1 0 23 0 1 0 29 49 1 68 29 31 1 49 59 54 1 0 0 0 0 65 51 64 1 40 83 62 1 10 18 23 1 41 95 59 1 44 58 30 1 0 29 11 1 0 56 41 1 52 48 39 1 43 29 14 1
0 37 13 1 48 122 39 1 47 79 38 1 18 37 0 1 10 73 14 1 29 50 30 1 33 77 29 1 54 65 72 1 52 62 21 1 45 91 39 1 5 64 0 1 0 49 8 1 0 0 0 0 102 132 128 1 83 136 87 1 111 155 130 1 118 143 109 1 131 133 147 1 91 143 146 1 146 166 105 1 75 144 126 1 90 136 85 1 83 103 99 1 102 97 66 1 38 48 19 1 9 16 22 1 3 42 0 1 0 24 0 1 0 27 16 1 0 38 34 1 0 0 0 0 10 35 57 1 0 39 2 1 23 40 20 1 6 69 0 1 0 18 22 1 0 0 8 1 18 46 26 1 4 39 30 1 19 9 0 1 0 25 37 1 0 26 38 1 0 22 42 1 25 46 41 1 29 24 44 1 0 26 0 1 0 61 45 1 3 29 10 1 0 35 16 1 0 22 25 1 0 33 13 1 0 15 2 1 30 69 43 1 61 149 42 1 65 69 65 1 34 28 0 1 24 40 0 1 62 83 75 1 32 55 62 1 0 43 7 1 35 14 0 1 0 0 0 1
85 109 90 1 95 73 40 1 82 97 54 1 83 100 91 1 71 92 71 1 118 102 90 1 87 109 65 1 63 114 87 1 60 73 60 1 63 129 76 1 0 27 48 1 0 16 6 1 115 105 93 1 111 77 82 1 0 0 0 0 73 106 51 1 101 142 88 1 141 124 92 1 114 90 97 1 70 94 128 1 57 89 70 1 0 29 6 1 0 14 0 1 0 43 1 1 0 55 35 1 11 16 20 1 0 0 0 0 15 52 17 1 0 10 41 1 0 23 28 1 0 4 0 1 32 52 20 1 0 0 0 0 3 23 18 1 37 17 52 1 9 70 4 1 53 16 7 1 17 35 33 1 0 20 17 1 0 13 9 1 19 59 56 1 25 11 25 1 0 36 54 1 0 0 0 0 27 48 75 1 0 29 45 1 0 0 0 0 37 6 34 1 0 10 3 1 0 45 9 1 36 62 0 1 40 52 35 1 84 71 77 1 101 85 109 1 90 122 41 1 81 59 58 1 0 0 0 0 11 21 34 1 57 52 48 1 0 0 0 0 15 15 20 1 38 46 0 1
32 65 35 1 37 42 32 1 133 123 94 1 173 172 140 1 0 0 0 0 77 108 87 1 52 51 31 1 10 58 32 1 0 0 0 0 69 73 19 1 14 84 59 1 10 57 7 1 0 0 0 0 108 101 83 1 63 98 99 1 71 43 31 1 83 108 83 1 78 119 87 1 99 75 65 1 76 73 6 1 20 41 0 1 0 39 24 1 0 0 0 0 17 50 13 1 0 24 7 1 11 51 1 1 0 33 0 1 24 20 49 1 0 68 40 1 0 28 7 1 38 43 44 1 0 18 13 1 1 81 31 1 26 45 27 1 0 57 0 1 11 60 33 1 3 62 33 1 12 45 0 1 0 0 0 0 0 41 42 1 31 59 21 1 14 47 9 1 21 54 61 1 56 61 53 1 28 54 24 1 0 44 0 1 13 45 3 1 24 7 32 1 0 27 30 1 0 34 4 1 20 49 66 1 65 79 42 1 54 98 70 1 61 80 24 1 75 61 40 1 117 94 45 1 70 102 74 1 0 0 28 1 0 0 0 0 34 28 26 1 32 26 0 1 76 81 36 1
51 25 36 1 4 13 6 1 71 83 88 1 115 157 137 1 133 114 134 1 40 92 76 1 16 17 11 1 11 32 36 1 0 76 33 1 41 72 19 1 0 0 0 0 65 90 71 1 55 149 53 1 105 91 107 1 51 85 49 1 16 22 0 1 75 82 56 1 49 82 66 1 22 76 53 1 53 22 31 1 0 9 21 1 23 7 53 1 0 21 24 1 18 27 3 1 1 36 24 1 22 6 0 1 0 20 0 1 5 51 1 1 0 50 35 1 82 83 94 1 40 56 55 1 27 30 41 1 0 0 0 0 83 117 64 1 2 44 41 1 0 20 9 1 0 79 50 1 6 17 16 1 25 60 34 1 0 21 0 1 19 54 30 1 16 71 89 1 62 63 72 1 94 105 101 1 23 29 26 1 34 24 10 1 0 48 16 1 6 0 18 1 13 95 110 1 45 44 35 1 55 105 47 1 48 73 58 1 50 75 55 1 20 22 47 1 0 0 0 0 64 123 79 1 80 95 95 1 47 80 66 1 19 64 56 1 8 64 27 1 0 0 0 0 110 152 65 1
23 31 17 1 50 63 21 1 24 65 42 1 71 124 87 1 98 98 72 1 0 0 6 1 27 30 17 1 15 13 45 1 0 0 0 1 0 13 3 1 51 110 61 1 61 119 72 1 0 0 0 0 82 130 88 1 74 144 101 1 45 85 62 1 0 0 0 0 51 28 68 1 22 58 17 1 0 36 12 1 0 4 40 1 0 0 57 1 0 0 0 0 5 12 39 1 3 69 12 1 51 24 5 1 0 27 43 1 0 0 0 0 47 81 82 1 63 117 69 1 35 60 0 1 27 72 0 1 109 132 116 1 97 104 95 1 71 82 45 1 25 10 24 1 0 31 0 1 13 56 0 1 0 0 0 0 44 86 41 1 28 54 9 1 50 74 70 1 28 77 52 1 13 11 30 1 0 0 0 0 0 27 10 1 0 29 0 1 19 20 3 1 69 48 51 1 15 46 37 1 38 45 27 1 54 73 0 1 11 26 14 1 0 46 27 1 34 34 5 1 28 52 0 1 8 69 0 1 0 0 0 0 12 52 1 1 26 27 17 1 59 47 45 1 84 89 47 1
56 51 50 1 54 73 55 1 0 0 0 0 68 81 67 1 31 71 12 1 19 12 46 1 14 80 49 1 0 46 31 1 23 14 48 1 65 51 44 1 116 149 88 1 13 84 151 1 64 116 92 1 43 71 57 1 79 64 49 1 53 71 38 1 4 67 53 1 0 0 0 0 30 5 44 1 1 11 27 1 26 9 0 1 0 41 66 1 0 17 44 1 3 31 36 1 0 64 0 1 27 12 6 1 41 78 43 1 55 57 38 1 62 45 15 1 0 39 8 1 10 40 13 1 33 111 28 1 42 96 58 1 64 12 52 1 7 90 11 1 0 0 0 0 13 55 38 1 55 43 4 1 106 69 118 1 68 114 65 1 46 121 47 1 71 92 38 1 42 45 16 1 3 35 25 1 0 0 0 0 31 81 41 1 46 68 32 1 48 115 73 1 52 57 45 1 0 0 0 0 0 0 0 0 0 0 0 0 0 55 34 1 4 0 24 1 26 26 3 1 36 93 11 1 16 40 3 1 0 0 0 1 29 49 14 1 47 69 40 1 58 51 53 1 20 35 14 1
19 49 57 1 42 42 21 1 38 85 59 1 47 44 23 1 0 0 40 1 6 22 48 1 45 48 70 1 0 73 29 1 59 59 91 1 110 94 55 1 105 142 82 1 12 55 61 1 44 13 45 1 77 40 51 1 19 14 25 1 25 16 0 1 48 14 30 1 0 4 0 1 5 27 13 1 10 61 21 1 22 11 13 1 0 0 16 1 60 7 77 1 0 0 0 0 30 45 0 1 57 74 16 1 70 111 55 1 42 60 17 1 32 53 20 1 7 0 4 1 0 0 0 0 106 167 77 1 72 108 56 1 14 83 38 1 75 77 36 1 50 71 71 1 106 118 63 1 91 157 55 1 83 94 85 1 86 86 35 1 86 111 92 1 90 60 56 1 33 44 31 1 0 40 30 1 0 25 0 1 0 39 24 1 23 36 27 1 0 53 0 1 25 39 0 1 23 67 60 1 61 109 92 1 85 117 39 1 22 111 26 1 11 25 2 1 3 72 0 1 0 0 0 0 0 63 52 1 4 0 0 1 25 50 41 1 83 165 99 1 0 0 0 0 38 92 45 1
0 0 0 0 72 69 42 1 2 76 80 1 0 0 0 0 0 36 14 1 0 0 0 0 15 33 1 1 22 88 15 1 129 88 95 1 103 63 113 1 101 124 63 1 50 42 50 1 0 0 0 1 15 73 39 1 1 10 10 1 0 39 20 1 0 33 52 1 13 21 12 1 0 0 0 0 0 0 0 0 12 15 27 1 19 2 32 1 10 24 59 1 34 75 48 1 65 65 12 1 0 0 0 0 96 116 11 1 102 81 61 1 0 0 0 0 0 0 0 0 43 78 30 1 61 101 49 1 57 70 69 1 54 98 63 1 53 95 61 1 100 90 58 1 59 107 40 1 120 111 78 1 0 0 0 0 121 97 105 1 106 121 111 1 77 69 9 1 0 0 0 0 68 63 26 1 0 53 21 1 29 99 21 1 0 0 0 0 0 8 29 1 48 68 48 1 0 0 0 0 35 47 20 1 50 39 36 1 23 86 11 1 0 36 23 1 34 63 25 1 37 53 16 1 50 57 8 1 27 73 24 1 21 81 15 1 87 115 80 1 73 93 88 1 0 0 0 0
28 96 53 1 44 26 87 1 46 31 49 1 4 89 27 1 47 59 54 1 4 61 28 1 0 41 30 1 48 62 36 1 0 0 0 0 83 85 54 1 2 0 28 1 0 10 0 1 7 23 33 1 15 32 0 1 0 65 46 1 10 63 45 1 8 1 5 1 47 0 1 1 27 25 21 1 6 28 0 1 0 3 17 1 26 64 69 1 52 96 74 1 88 90 84 1 52 60 56 1 42 71 0 1 95 139 74 1 0 0 0 0 102 133 100 1 96 123 62 1 0 0 0 0 84 85 49 1 124 136 86 1 114 83 44 1 71 30 58 1 47 82 41 1 98 103 43 1 112 131 96 1 98 105 68 1 121 130 115 1 76 155 135 1 60 53 24 1 8 32 0 1 7 0 33 1 0 49 45 1 65 52 10 1 2 23 37 1 34 31 65 1 9 0 0 1 0 62 24 1 51 81 98 1 62 122 38 1 122 116 76 1 10 74 5 1 23 59 45 1 38 25 14 1 0 32 0 1 9 53 8 1 24 35 0 1 39 89 87 1 104 93 74 1 53 55 42 1
69 53 20 1 74 76 20 1 0 0 0 0 10 66 6 1 47 53 68 1 9 45 9 1 54 54 14 1 86 120 73 1 78 99 92 1 80 165 95 1 84 128 105 1 55 71 56 1 0 0 0 0 41 55 2 1 38 39 45 1 0 12 28 1 0 0 13 1 0 26 23 1 10 13 13 1 60 78 13 1 89 101 122 1 0 0 0 0 87 149 112 1 61 86 32 1 37 49 37 1 0 0 0 0 63 135 22 1 51 87 45 1 77 100 39 1 133 110 71 1 79 123 43 1 137 74 36 1 104 111 97 1 88 92 34 1 0 0 0 0 107 65 67 1 85 126 80 1 88 82 73 1 56 121 79 1 125 110 111 1 106 136 96 1 49 134 91 1 75 58 52 1 47 112 43 1 39 76 61 1 48 59 58 1 60 75 61 1 2 28 15 1 30 51 30 1 49 85 30 1 6 37 0 1 13 66 19 1 50 79 66 1 26 82 44 1 0 0 0 0 0 10 21 1 97 113 47 1 0 0 0 0 0 0 0 0 68 78 76 1 71 90 63 1 92 91 95 1
54 73 67 1 17 29 40 1 87 57 86 1 81 130 80 1 44 37 14 1 75 58 23 1 89 71 83 1 112 69 82 1 28 86 55 1 118 99 90 1 50 66 112 1 26 51 39 1 0 35 21 1 10 65 48 1 12 74 44 1 73 101 26 1 30 86 46 1 0 21 0 1 18 80 8 1 99 64 65 1 85 123 61 1 139 133 92 1 109 103 101 1 87 139 74 1 33 81 6 1 24 44 7 1 57 101 46 1 88 154 87 1 51 94 63 1 82 136 75 1 132 125 57 1 70 101 91 1 104 87 34 1 71 105 79 1 96 143 82 1 127 124 86 1 99 99 64 1 95 110 34 1 0 0 0 0 84 120 60 1 51 37 45 1 47 116 36 1 62 81 105 1 43 93 70 1 68 86 67 1 88 50 73 1 80 117 96 1 80 89 65 1 0 0 0 0 115 105 102 1 97 91 60 1 55 28 30 1 13 40 61 1 10 20 25 1 40 59 60 1 0 0 0 0 7 69 0 1 32 78 55 1 72 36 49 1 0 0 0 0 96 106 87 1 70 108 54 1
93 109 112 1 131 106 90 1 157 159 144 1 111 136 89 1 108 127 97 1 135 139 75 1 151 144 107 1 79 113 54 1 0 0 0 0 19 52 65 1 13 43 50 1 49 44 56 1 8 32 34 1 12 37 60 1 27 86 66 1 100 96 69 1 34 44 47 1 40 54 0 1 87 115 86 1 115 158 95 1 117 107 81 1 0 0 0 0 79 142 97 1 68 143 42 1 51 58 30 1 34 32 0 1 49 71 37 1 97 85 84 1 90 107 63 1 83 104 76 1 100 128 82 1 99 131 57 1 87 119 95 1 122 121 74 1 0 0 0 0 107 95 79 1 103 81 104 1 0 0 0 0 69 98 31 1 81 106 25 1 117 87 44 1 53 103 83 1 60 84 45 1 117 92 85 1 103 72 16 1 72 66 50 1 97 125 40 1 88 103 77 1 81 111 74 1 42 92 72 1 5 42 8 1 10 31 0 1 0 83 5 1 43 83 71 1 124 128 125 1 42 88 88 1 0 0 0 0 24 105 7 1 18 40 30 1 0 0 0 0 53 47 29 1 24 51 29 1
125 97 69 1 0 0 0 0 85 76 84 1 118 91 52 1 90 70 40 1 62 64 77 1 84 128 115 1 45 70 43 1 0 62 15 1 0 42 0 1 0 59 44 1 0 17 20 1 23 60 48 1 0 10 12 1 0 0 0 0 51 77 4 1 6 14 20 1 64 107 54 1 88 120 41 1 95 123 74 1 87 93 84 1 55 120 66 1 61 79 48 1 51 86 45 1 10 60 44 1 40 3 0 1 56 46 19 1 92 106 78 1 80 74 52 1 92 111 78 1 104 122 83 1 106 107 56 1 69 123 95 1 94 137 102 1 65 98 58 1 98 91 80 1 98 97 63 1 91 89 64 1 81 92 31 1 75 113 59 1 109 99 110 1 56 107 95 1 64 104 79 1 68 122 58 1 71 79 90 1 70 134 72 1 69 72 71 1 82 52 71 1 41 73 20 1 63 79 33 1 23 22 4 1 19 82 54 1 57 68 39 1 0 0 0 0 69 105 26 1 15 46 53 1 17 35 0 1 15 63 33 1 0 0 0 0 0 0 12 1 0 24 34 1 0 16 0 1
80 79 132 1 76 70 86 1 134 90 75 1 112 145 124 1 148 178 130 1 118 106 137 1 92 147 106 1 77 78 121 1 4 83 0 1 0 29 27 1 14 14 1 1 26 51 70 1 8 33 43 1 31 26 9 1 41 67 0 1 7 78 46 1 36 120 50 1 111 109 50 1 82 136 93 1 130 143 110 1 81 72 77 1 61 96 88 1 0 0 0 0 57 120 55 1 59 81 41 1 0 4 0 1 73 59 26 1 63 147 122 1 91 135 146 1 120 127 68 1 96 127 95 1 87 99 65 1 37 69 33 1 49 85 55 1 69 129 83 1 100 76 45 1 42 38 35 1 37 73 41 1 0 0 0 0 28 84 42 1 54 80 41 1 19 63 74 1 45 55 15 1 20 30 21 1 75 76 53 1 78 91 100 1 43 31 36 1 3 34 0 1 22 47 23 1 23 94 66 1 17 23 45 1 0 0 0 0 48 89 58 1 0 0 0 0 2 37 0 1 15 29 18 1 18 86 50 1 0 6 31 1 2 36 38 1 13 44 27 1 28 43 22 1 54 17 22 1
141 144 69 1 115 68 121 1 137 115 85 1 91 79 104 1 172 134 149 1 151 135 147 1 73 100 46 1 39 74 24 1 30 39 0 1 70 46 41 1 0 16 15 1 3 90 58 1 16 32 16 1 2 21 0 1 26 92 60 1 89 105 62 1 124 141 110 1 108 97 70 1 0 0 0 0 77 117 107 1 60 94 52 1 17 40 10 1 39 102 46 1 59 79 64 1 73 31 69 1 21 43 0 1 67 81 56 1 0 0 0 0 89 78 91 1 80 126 50 1 55 91 45 1 24 67 0 1 48 41 8 1 20 79 44 1 66 67 67 1 53 66 49 1 41 65 28 1 52 88 14 1 34 103 33 1 33 79 42 1 67 99 44 1 0 0 0 0 27 33 57 1 94 49 27 1 0 0 0 0 108 137 40 1 67 99 101 1 0 33 13 1 0 59 11 1 0 0 0 0 0 0 0 0 35 89 6 1 28 43 29 1 19 51 0 1 0 0 0 0 0 80 41 1 0 5 24 1 0 10 15 1 5 21 0 1 70 0 42 1 9 13 20 1 38 78 45 1
0 0 0 0 132 135 130 1 126 109 119 1 108 65 87 1 79 98 71 1 118 132 112 1 79 122 92 1 0 36 0 1 17 28 6 1 0 0 0 0 0 0 0 0 99 80 53 1 36 45 36 1 42 49 31 1 82 115 87 1 24 66 43 1 32 71 72 1 70 90 42 1 110 122 121 1 79 112 72 1 41 54 45 1 54 40 36 1 66 58 67 1 74 71 29 1 29 76 31 1 6 51 38 1 0 0 0 0 0 0 0 0 68 104 40 1 98 157 83 1 69 50 9 1 20 39 1 1 48 72 58 1 52 68 60 1 80 98 84 1 68 103 13 1 37 33 42 1 0 0 0 0 50 30 28 1 61 66 49 1 0 0 0 0 0 0 0 0 40 42 32 1 56 50 72 1 34 109 0 1 45 62 50 1 75 130 50 1 51 76 35 1 40 32 0 1 0 43 23 1 44 86 66 1 84 40 7 1 22 61 26 1 0 0 0 0 24 3 0 1 0 21 0 1 42 57 31 1 24 46 41 1 16 11 0 1 26 13 15 1 54 62 64 1 22 25 1 1
55 79 71 1 74 91 67 1 105 114 92 1 158 116 92 1 121 123 164 1 134 144 118 1 0 0 0 0 122 85 66 1 71 76 102 1 56 85 68 1 47 64 57 1 0 49 38 1 22 48 26 1 50 83 114 1 96 103 41 1 25 77 0 1 45 67 52 1 0 0 0 0 100 121 64 1 0 0 0 0 47 40 18 1 63 99 67 1 63 55 62 1 93 93 80 1 86 95 58 1 0 0 0 0 33 66 0 1 44 50 0 1 90 81 48 1 106 105 109 1 0 0 0 0 0 0 0 0 106 85 56 1 68 82 67 1 73 45 30 1 43 36 22 1 13 4 0 1 0 21 26 1 21 68 0 1 0 0 0 0 82 95 12 1 7 59 24 1 47 60 53 1 103 108 111 1 83 121 107 1 55 127 64 1 98 100 88 1 65 118 70 1 121 82 33 1 40 105 70 1 44 87 52 1 0 60 29 1 3 23 2 1 25 25 36 1 50 44 36 1 0 39 4 1 0 48 29 1 0 39 51 1 39 72 85 1 56 82 71 1 36 69 24 1 65 60 91 1
19 67 80 1 7 48 18 1 45 17 64 1 80 84 59 1 120 96 152 1 92 122 119 1 67 78 98 1 108 125 104 1 204 158 177 1 0 0 0 0 0 0 0 0 31 3 54 1 6 0 9 1 0 0 0 0 0 0 0 0 0 3 0 1 0 0 0 0 129 171 90 1 55 87 63 1 11 45 0 1 46 116 63 1 69 97 43 1 78 95 47 1 81 91 81 1 71 132 84 1 111 78 68 1 0 0 0 0 34 79 23 1 101 108 31 1 76 79 62 1 83 116 89 1 86 47 91 1 8 108 64 1 50 131 63 1 42 49 67 1 23 59 3 1 39 48 83 1 99 116 77 1 95 65 85 1 89 82 60 1 0 0 0 0 15 67 0 1 0 0 0 0 81 101 50 1 61 74 18 1 0 0 0 0 97 75 62 1 101 85 74 1 89 78 39 1 45 92 9 1 35 50 48 1 104 88 73 1 79 107 93 1 96 138 139 1 72 94 58 1 11 16 0 1 0 15 13 1 0 33 43 1 30 61 53 1 25 33 31 1 77 81 65 1 113 128 124 1
18 62 32 1 0 0 0 0 0 29 58 1 0 0 0 0 104 111 126 1 148 125 133 1 138 148 132 1 148 99 133 1 116 127 141 1 0 0 0 0 49 57 82 1 55 14 62 1 0 0 0 0 26 61 43 1 0 73 35 1 0 0 0 0 87 122 107 1 81 118 93 1 68 41 20 1 53 89 32 1 62 34 69 1 64 44 31 1 43 102 47 1 50 117 73 1 100 82 50 1 62 102 22 1 64 89 20 1 98 126 67 1 123 92 29 1 86 126 33 1 135 123 102 1 89 117 120 1 58 35 64 1 20 32 28 1 0 15 8 1 60 29 0 1 48 96 61 1 83 126 70 1 81 89 49 1 54 121 54 1 0 0 0 0 69 67 50 1 17 21 8 1 109 99 66 1 69 93 113 1 119 112 57 1 98 64 79 1 25 103 43 1 66 72 13 1 31 92 56 1 0 0 0 0 80 103 98 1 63 103 66 1 71 76 87 1 0 0 0 0 81 110 126 1 0 31 0 1 7 50 63 1 41 72 7 1 62 30 66 1 112 138 95 1 145 101 119 1
0 18 62 1 34 23 82 1 52 30 59 1 0 30 68 1 0 0 0 0 90 117 144 1 140 99 170 1 110 158 122 1 88 80 105 1 109 154 136 1 112 116 106 1 79 71 49 1 11 7 43 1 2 10 5 1 25 47 19 1 0 0 0 0 67 144 55 1 0 0 0 0 12 12 8 1 37 103 27 1 81 104 69 1 46 133 102 1 58 89 70 1 0 0 0 0 70 116 67 1 45 117 78 1 74 101 87 1 106 94 94 1 81 99 56 1 72 124 83 1 92 112 85 1 31 100 52 1 41 41 44 1 2 47 34 1 0 0 0 0 18 109 99 1 103 109 70 1 59 65 50 1 47 73 60 1 73 62 20 1 72 82 38 1 79 68 41 1 0 0 0 0 91 116 27 1 65 133 75 1 102 109 84 1 54 78 17 1 36 82 62 1 32 102 3 1 49 46 1 1 78 39 71 1 0 69 25 1 18 31 63 1 60 52 32 1 57 51 35 1 31 56 73 1 13 56 17 1 13 34 7 1 32 36 59 1 112 142 96 1 81 119 83 1 0 0 0 0
28 67 85 1 18 64 83 1 0 0 0 0 14 82 39 1 7 41 62 1 1 35 30 1 42 40 49 1 18 58 36 1 0 52 77 1 65 102 79 1 95 141 158 1 82 90 85 1 29 61 59 1 26 73 52 1 0 0 0 0 35 98 25 1 126 123 93 1 112 102 22 1 27 23 2 1 27 89 46 1 94 123 92 1 85 77 97 1 72 84 126 1 45 136 96 1 117 91 82 1 107 124 102 1 124 115 30 1 147 166 80 1 91 145 81 1 72 139 65 1 99 138 74 1 49 121 86 1 18 63 7 1 2 39 56 1 56 136 68 1 105 112 80 1 111 123 75 1 51 94 40 1 41 98 90 1 123 108 55 1 50 107 49 1 38 74 31 1 45 94 66 1 67 99 54 1 100 139 68 1 97 85 75 1 93 152 81 1 0 0 0 0 81 89 47 1 72 118 65 1 69 102 77 1 86 95 64 1 38 105 42 1 59 79 63 1 10 45 38 1 0 50 0 1 30 75 30 1 0 0 0 0 47 69 42 1 73 129 94 1 92 42 84 1 96 73 42 1
30 34 114 1 13 70 92 1 0 0 0 0 20 42 55 1 22 28 33 1 24 38 72 1 43 66 77 1 1 77 25 1 0 0 0 0 0 25 40 1 0 0 0 0 124 112 119 1 48 95 78 1 35 69 9 1 77 54 87 1 97 121 104 1 90 89 63 1 66 128 58 1 27 13 107 1 67 51 59 1 88 99 59 1 106 139 82 1 0 0 0 0 102 107 83 1 141 142 76 1 65 135 32 1 0 0 0 0 120 100 68 1 87 144 56 1 0 0 0 0 83 80 64 1 79 79 91 1 0 0 0 0 54 43 44 1 49 53 36 1 86 91 90 1 100 111 89 1 63 102 42 1 61 103 45 1 64 130 71 1 58 66 41 1 59 44 45 1 81 106 42 1 58 75 8 1 45 93 52 1 53 83 79 1 82 103 37 1 45 103 68 1 38 97 50 1 55 98 41 1 57 78 54 1 35 73 26 1 0 57 15 1 5 69 45 1 0 14 38 1 3 41 48 1 53 51 44 1 99 83 81 1 52 140 82 1 79 75 48 1 111 64 74 1 109 75 66 1
0 0 0 0 0 77 110 1 11 80 69 1 0 78 78 1 5 30 66 1 0 25 87 1 0 84 74 1 13 43 61 1 0 59 68 1 24 41 88 1 0 38 48 1 32 84 93 1 77 67 104 1 10 39 23 1 60 91 74 1 122 118 116 1 111 119 105 1 0 0 0 0 33 86 50 1 53 60 89 1 50 71 104 1 79 96 87 1 108 132 106 1 0 0 0 0 110 108 90 1 0 0 0 0 105 135 107 1 95 141 54 1 129 124 112 1 121 111 79 1 0 0 0 0 68 93 69 1 0 74 3 1 7 72 20 1 8 62 0 1 68 104 100 1 0 0 0 0 66 76 34 1 41 86 80 1 63 111 38 1 47 88 48 1 46 67 33 1 0 0 0 0 45 58 10 1 60 133 61 1 75 105 37 1 81 63 81 1 66 95 63 1 62 73 64 1 48 29 7 1 41 67 38 1 113 44 41 1 0 15 23 1 9 0 17 1 61 38 54 1 23 12 11 1 23 52 54 1 49 87 88 1 0 0 0 0 38 41 11 1 27 74 6 1 56 114 45 1
22 68 50 1 8 42 105 1 0 0 0 0 4 44 83 1 0 40 81 1 22 44 82 1 0 77 73 1 0 0 0 0 3 80 75 1 6 64 72 1 20 59 56 1 21 42 92 1 42 73 52 1 32 105 98 1 69 70 92 1 87 92 81 1 63 79 3 1 45 77 24 1 35 75 5 1 98 127 66 1 94 116 76 1 63 82 73 1 90 112 98 1 81 111 39 1 50 99 87 1 100 123 70 1 73 110 73 1 91 137 80 1 123 106 86 1 142 138 148 1 67 60 51 1 17 32 40 1 0 26 0 1 0 0 0 0 90 144 75 1 69 58 130 1 32 97 31 1 15 85 50 1 129 82 78 1 42 73 39 1 76 101 85 1 84 72 80 1 32 54 6 1 24 46 37 1 28 86 0 1 78 80 50 1 71 101 35 1 69 116 73 1 78 128 60 1 51 71 41 1 33 78 35 1 0 0 0 0 0 55 61 1 0 25 0 1 14 32 41 1 79 33 96 1 0 0 0 0 54 99 22 1 79 61 34 1 0 0 0 0 0 0 0 0 0 0 0 0
15 80 114 1 0 0 0 0 40 59 49 1 40 66 63 1 11 54 56 1 0 44 62 1 0 34 68 1 10 38 88 1 48 54 84 1 0 69 73 1 0 44 70 1 0 42 29 1 37 87 69 1 28 95 82 1 113 102 103 1 111 103 134 1 35 59 36 1 1 13 0 1 37 85 56 1 101 150 65 1 72 132 62 1 66 87 46 1 94 76 75 1 87 103 40 1 146 92 64 1 105 88 105 1 48 74 89 1 76 93 45 1 115 142 78 1 71 121 89 1 45 59 36 1 9 50 0 1 35 48 46 1 70 79 72 1 73 88 78 1 52 93 42 1 45 133 56 1 0 0 0 0 69 79 70 1 56 109 63 1 11 96 21 1 88 116 72 1 0 83 15 1 57 95 2 1 82 105 35 1 69 151 83 1 69 92 54 1 65 86 68 1 78 61 92 1 0 65 52 1 0 54 0 1 0 0 22 1 0 24 0 1 0 39 0 1 26 19 0 1 36 73 17 1 97 125 83 1 58 92 36 1 107 154 129 1 94 105 94 1 33 51 58 1 0 0 0 0
0 49 71 1 6 40 66 1 0 66 88 1 2 21 56 1 4 22 78 1 14 45 82 1 7 67 94 1 3 41 71 1 0 63 86 1 0 43 56 1 25 60 59 1 17 15 59 1 52 51 145 1 0 0 0 0 49 84 83 1 112 78 106 1 76 80 78 1 3 80 3 1 43 119 28 1 64 91 67 1 113 148 90 1 109 119 85 1 84 125 121 1 123 89 85 1 0 0 0 0 135 119 106 1 97 114 88 1 102 98 73 1 56 75 79 1 51 92 58 1 47 8 3 1 84 57 67 1 104 74 94 1 69 127 87 1 38 97 92 1 52 90 62 1 68 90 74 1 85 72 78 1 99 97 68 1 89 121 127 1 34 58 0 1 31 34 31 1 25 74 0 1 86 152 95 1 52 57 59 1 72 91 77 1 39 74 71 1 107 57 85 1 70 75 57 1 1 12 25 1 0 0 0 0 20 36 35 1 0 0 10 1 3 33 0 1 48 53 12 1 32 68 18 1 70 113 57 1 94 41 56 1 93 101 75 1 37 41 41 1 21 41 0 1 64 66 30 1
0 0 0 0 9 48 67 1 0 60 103 1 0 56 111 1 26 58 73 1 4 65 124 1 28 16 81 1 0 80 67 1 0 42 66 1 19 40 96 1 25 73 68 1 0 50 99 1 7 49 59 1 25 53 37 1 56 87 74 1 46 93 86 1 39 78 51 1 36 40 17 1 51 63 25 1 115 134 69 1 106 162 77 1 100 147 118 1 172 161 128 1 126 90 91 1 91 86 83 1 87 84 66 1 56 28 27 1 9 31 57 1 3 71 47 1 60 68 82 1 79 46 86 1 87 103 31 1 54 107 69 1 67 35 58 1 71 57 21 1 72 102 23 1 70 91 67 1 0 0 0 0 0 0 0 0 107 98 76 1 35 84 56 1 0 45 0 1 98 60 43 1 73 140 64 1 76 133 83 1 3 74 43 1 95 53 23 1 0 62 75 1 0 36 52 1 0 62 0 1 0 15 11 1 0 15 0 1 8 0 0 1 44 69 46 1 75 107 88 1 57 83 95 1 29 58 22 1 91 44 30 1 39 77 59 1 17 42 54 1 59 61 26 1 83 29 0 1
4 63 86 1 26 56 86 1 0 0 0 0 1 64 109 1 16 43 63 1 0 33 48 1 0 69 126 1 32 29 81 1 0 59 70 1 0 0 0 0 37 49 73 1 0 0 0 0 27 65 104 1 42 38 66 1 80 108 83 1 0 0 0 0 112 139 110 1 67 62 58 1 10 57 62 1 0 0 0 0 118 152 49 1 107 125 102 1 102 91 66 1 83 92 57 1 42 86 0 1 14 44 47 1 0 51 47 1 64 42 31 1 22 49 37 1 33 39 10 1 107 127 100 1 132 137 130 1 87 130 68 1 72 103 16 1 0 0 0 0 111 121 49 1 73 139 37 1 85 104 57 1 66 92 60 1 32 74 20 1 65 32 30 1 46 40 62 1 104 116 50 1 58 90 51 1 69 101 74 1 58 97 66 1 23 79 62 1 89 59 31 1 31 62 57 1 4 8 0 1 0 28 0 1 0 6 0 1 18 23 73 1 107 105 64 1 95 126 95 1 0 0 0 0 63 101 41 1 62 51 84 1 26 64 20 1 19 44 22 1 0 0 0 0 56 36 34 1
0 84 71 1 0 21 102 1 0 40 90 1 9 30 59 1 0 0 0 0 1 59 73 1 0 13 64 1 0 82 109 1 12 44 60 1 7 51 50 1 0 0 0 0 2 0 106 1 14 74 70 1 0 0 0 0 53 77 88 1 56 123 122 1 123 172 141 1 0 0 0 0 72 81 99 1 68 39 43 1 101 113 99 1 103 118 79 1 74 78 84 1 0 0 0 0 66 42 6 1 5 46 7 1 33 60 4 1 65 94 46 1 122 124 113 1 157 167 143 1 0 0 0 0 106 90 62 1 0 0 0 0 0 0 0 0 66 111 75 1 57 150 80 1 99 101 79 1 0 0 0 0 51 93 25 1 71 73 10 1 63 127 76 1 0 0 0 0 0 0 0 0 51 105 80 1 47 117 80 1 21 113 43 1 4 0 28 1 24 28 11 1 0 0 0 0 12 15 3 1 0 0 0 0 34 51 32 1 95 125 74 1 55 100 116 1 0 0 0 0 89 129 83 1 56 58 32 1 5 58 0 1 0 0 0 0 14 73 39 1 0 8 29 1 26 51 39 1
75 86 82 1 25 38 75 1 20 68 92 1 0 8 81 1 0 76 110 1 0 33 42 1 6 42 75 1 0 77 93 1 0 63 87 1 16 39 68 1 27 60 65 1 4 48 79 1 0 32 64 1 5 69 74 1 32 45 41 1 20 47 63 1 6 94 96 1 74 70 148 1 114 120 103 1 54 101 65 1 54 86 77 1 49 81 97 1 61 59 70 1 70 133 59 1 69 106 87 1 25 87 61 1 99 93 99 1 120 142 97 1 108 141 85 1 93 106 98 1 140 98 104 1 113 163 108 1 94 139 136 1 120 114 122 1 99 135 87 1 122 122 86 1 101 146 56 1 68 70 39 1 0 0 0 0 53 79 32 1 90 111 12 1 94 104 79 1 79 115 72 1 76 117 75 1 62 32 18 1 19 57 2 1 23 45 23 1 0 7 0 1 0 11 2 1 19 0 30 1 26 20 44 1 71 44 66 1 126 111 111 1 123 99 125 1 69 93 61 1 33 58 45 1 30 39 52 1 45 49 47 1 66 32 35 1 59 87 54 1 0 26 0 1 9 45 19 1
31 45 84 1 0 6 77 1 0 42 81 1 0 43 48 1 0 64 83 1 0 41 69 1 12 57 70 1 0 42 80 1 26 31 104 1 22 53 114 1 0 0 0 0 0 32 81 1 0 48 92 1 2 72 71 1 15 24 33 1 0 0 75 1 12 40 3 1 26 60 21 1 92 117 118 1 94 140 116 1 0 0 0 0 105 108 57 1 85 84 89 1 130 140 107 1 51 99 57 1 0 0 0 0 100 133 111 1 92 121 105 1 126 124 60 1 91 118 80 1 82 100 69 1 105 108 97 1 106 93 112 1 126 112 95 1 100 94 88 1 106 118 72 1 95 82 57 1 99 109 109 1 65 101 71 1 102 60 53 1 90 155 77 1 93 128 47 1 123 138 87 1 61 133 99 1 0 0 0 0 22 42 10 1 4 55 8 1 13 24 14 1 0 34 31 1 44 41 26 1 61 64 82 1 76 70 41 1 109 105 87 1 110 66 72 1 53 40 52 1 30 50 0 1 0 20 0 1 31 39 35 1 0 0 0 0 88 111 110 1 52 83 76 1 65 45 79 1
0 43 89 1 0 0 0 0 0 52 59 1 38 41 83 1 0 47 50 1 18 29 65 1 17 62 101 1 0 0 0 0 9 33 61 1 51 58 61 1 0 0 0 0 45 13 58 1 0 51 100 1 15 35 79 1 0 67 87 1 4 83 67 1 16 48 72 1 0 48 51 1 1 54 82 1 14 66 63 1 50 95 104 1 61 121 119 1 100 159 124 1 110 120 104 1 70 115 62 1 95 147 96 1 88 117 107 1 107 105 68 1 64 98 85 1 0 0 0 0 100 109 88 1 96 115 92 1 127 134 99 1 85 115 67 1 114 171 104 1 95 113 105 1 0 0 0 0 49 116 94 1 70 123 61 1 74 129 66 1 75 106 101 1 88 126 103 1 80 142 104 1 74 64 74 1 77 37 58 1 34 57 54 1 0 14 35 1 26 75 13 1 82 32 35 1 53 63 40 1 37 54 0 1 4 58 51 1 24 76 34 1 55 76 56 1 46 84 7 1 51 75 19 1 59 86 43 1 49 62 65 1 65 49 32 1 127 101 86 1 7 80 102 1 0 0 0 0
0 80 70 1 8 81 79 1 1 17 58 1 0 0 0 0 0 64 51 1 0 0 0 0 0 0 0 0 3 38 84 1 19 43 51 1 20 57 57 1 18 46 84 1 0 36 118 1 0 0 71 1 6 36 81 1 0 21 79 1 0 0 0 0 0 46 75 1 30 53 116 1 10 29 81 1 20 64 61 1 30 35 18 1 0 0 31 1 79 72 96 1 110 164 146 1 137 147 107 1 87 104 91 1 108 149 155 1 119 146 112 1 104 136 84 1 109 164 119 1 97 82 100 1 0 0 0 0 84 104 82 1 73 99 106 1 100 178 95 1 107 94 73 1 40 46 10 1 11 64 52 1 67 68 38 1 0 0 0 0 90 133 91 1 0 0 0 0 96 100 105 1 76 83 92 1 39 57 57 1 49 39 32 1 0 54 76 1 34 30 22 1 77 69 35 1 54 50 33 1 0 0 26 1 7 45 15 1 0 54 0 1 56 86 44 1 52 74 72 1 47 34 47 1 95 47 71 1 85 74 76 1 52 59 44 1 49 50 52 1 58 15 52 1 0 12 31 1
0 12 76 1 0 53 121 1 3 19 68 1 0 33 44 1 0 0 0 0 8 52 117 1 25 26 62 1 0 0 0 0 0 38 43 1 8 29 73 1 0 0 0 0 0 88 73 1 13 48 74 1 11 45 90 1 0 43 71 1 0 34 38 1 1 17 74 1 0 52 69 1 0 43 86 1 8 88 56 1 28 49 73 1 17 61 79 1 12 51 83 1 58 63 63 1 67 84 79 1 0 0 0 0 19 65 75 1 76 92 99 1 126 133 131 1 116 117 108 1 49 34 39 1 111 115 79 1 130 129 124 1 120 131 104 1 63 83 68 1 56 68 48 1 90 111 85 1 107 111 83 1 75 55 36 1 50 99 64 1 73 91 50 1 105 89 40 1 106 81 49 1 79 71 79 1 54 75 59 1 7 36 0 1 51 61 70 1 34 77 69 1 0 60 25 1 0 38 51 1 10 0 4 1 23 32 53 1 36 81 50 1 61 107 57 1 48 59 64 1 54 71 29 1 0 0 0 0 39 71 38 1 60 50 53 1 0 0 0 0 5 49 17 1 12 28 15 1
0 60 94 1 16 54 88 1 10 75 76 1 0 0 0 0 5 52 146 1 0 91 35 1 0 0 0 0 0 37 53 1 5 50 102 1 0 88 61 1 13 69 102 1 0 58 78 1 0 0 0 0 0 21 80 1 0 60 77 1 0 73 104 1 0 49 53 1 53 57 81 1 0 55 25 1 0 14 69 1 20 45 91 1 3 32 63 1 0 52 74 1 35 34 49 1 12 37 68 1 0 0 0 0 0 22 65 1 20 11 101 1 0 37 55 1 11 23 43 1 67 62 124 1 107 107 104 1 0 0 0 0 51 90 80 1 19 101 60 1 0 45 19 1 58 108 62 1 108 90 71 1 78 74 58 1 54 54 53 1 23 39 39 1 73 73 58 1 0 0 0 0 45 56 66 1 0 23 30 1 0 0 0 0 26 28 64 1 30 5 67 1 43 32 49 1 0 0 41 1 58 44 40 1 0 0 0 0 59 55 41 1 93 135 57 1 26 63 39 1 0 70 50 1 60 57 58 1 0 0 0 0 18 8 0 1 0 25 0 1 0 22 11 1 7 37 4 1
0 66 83 1 11 34 114 1 0 53 120 1 23 45 55 1 9 35 108 1 0 56 52 1 7 65 55 1 5 56 67 1 0 22 62 1 0 27 49 1 5 63 65 1 16 47 89 1 14 20 84 1 39 31 67 1 14 48 94 1 0 59 99 1 0 51 55 1 0 32 54 1 0 40 69 1 31 78 60 1 0 52 118 1 8 89 49 1 0 52 94 1 11 68 43 1 1 49 59 1 0 31 53 1 0 39 97 1 0 30 62 1 3 36 45 1 3 59 97 1 33 62 62 1 0 0 0 0 46 95 93 1 61 91 133 1 19 76 53 1 13 85 36 1 14 81 46 1 35 69 19 1 37 81 50 1 54 37 12 1 0 0 0 0 76 95 71 1 58 59 67 1 19 39 27 1 24 42 36 1 50 58 25 1 35 67 48 1 9 50 36 1 11 27 0 1 0 25 29 1 32 20 39 1 58 61 39 1 0 35 11 1 22 80 12 1 21 84 35 1 57 48 23 1 0 0 0 0 33 56 23 1 26 52 28 1 19 40 0 1 0 74 18 1 0 56 52 1
4 37 93 1 0 37 105 1 0 28 106 1 0 49 66 1 23 44 80 1 0 67 67 1 21 98 44 1 3 81 86 1 16 54 60 1 10 79 81 1 0 45 52 1 18 80 75 1 8 49 67 1 18 46 60 1 0 34 92 1 13 56 99 1 31 27 85 1 0 53 103 1 45 81 70 1 2 71 95 1 0 0 0 0 44 37 76 1 21 59 76 1 3 56 57 1 18 88 51 1 1 44 55 1 0 0 0 0 16 38 55 1 0 39 67 1 11 47 100 1 0 17 69 1 0 33 48 1 0 72 67 1 12 51 93 1 29 109 87 1 80 94 121 1 0 0 0 0 44 90 62 1 67 107 99 1 74 106 64 1 73 115 66 1 81 94 80 1 40 42 24 1 10 71 34 1 0 34 39 1 24 63 69 1 56 58 69 1 22 10 43 1 0 0 0 0 0 0 0 0 26 90 86 1 42 57 42 1 20 18 25 1 8 80 21 1 10 103 46 1 19 45 31 1 23 91 25 1 57 40 5 1 7 12 50 1 16 61 21 1 1 51 57 1 5 0 0 1
24 20 112 1 0 0 0 0 25 75 79 1 0 0 0 0 6 50 55 1 0 72 60 1 19 67 54 1 0 0 0 0 0 0 0 0 0 53 102 1 23 33 92 1 0 0 0 0 7 52 89 1 0 56 91 1 0 0 0 0 0 29 77 1 0 27 83 1 0 21 62 1 0 70 75 1 8 52 91 1 0 68 91 1 24 32 73 1 2 78 83 1 0 80 87 1 0 44 75 1 0 41 94 1 12 32 57 1 7 52 68 1 45 43 62 1 10 54 108 1 39 74 96 1 0 34 54 1 1 36 44 1 15 25 55 1 0 2 25 1 0 44 60 1 0 70 71 1 55 72 90 1 39 67 95 1 53 87 28 1 43 107 95 1 79 91 25 1 17 71 6 1 3 65 44 1 28 58 41 1 29 37 80 1 22 37 54 1 0 34 18 1 0 47 9 1 36 34 10 1 0 0 0 0 28 59 37 1 63 86 20 1 27 48 41 1 29 51 47 1 9 16 12 1 66 30 41 1 11 37 43 1 29 24 38 1 0 0 0 0 37 6 56 1 0 37 6 1
15 68 116 1 17 20 100 1 63 51 91 1 27 55 92 1 0 56 98 1 12 69 71 1 0 70 60 1 0 35 63 1 0 0 0 0 2 30 86 1 0 63 120 1 0 47 100 1 0 0 0 0 0 37 60 1 0 45 125 1 0 48 38 1 11 64 111 1 13 44 91 1 0 78 58 1 0 64 64 1 0 75 87 1 0 89 93 1 3 67 103 1 0 72 90 1 15 53 39 1 0 3 65 1 0 0 0 0 32 99 68 1 10 1 52 1 0 42 47 1 0 43 44 1 7 40 18 1 0 49 96 1 0 0 0 0 51 50 88 1 0 62 58 1 0 77 53 1 26 70 34 1 36 74 93 1 85 101 105 1 19 107 47 1 26 91 61 1 1 63 20 1 10 58 45 1 20 31 29 1 0 41 59 1 0 30 16 1 47 6 60 1 32 47 26 1 59 61 33 1 72 81 47 1 81 108 72 1 0 0 0 0 5 45 79 1 61 62 55 1 18 25 27 1 7 0 14 1 0 21 5 1 0 28 10 1 44 36 55 1 35 35 21 1 12 40 45 1
0 0 0 0 26 58 70 1 0 0 0 0 0 21 52 1 9 94 55 1 4 64 61 1 0 41 93 1 2 3 66 1 13 56 90 1 0 65 44 1 9 54 40 1 11 24 31 1 0 0 0 0 8 58 35 1 0 46 66 1 0 0 0 0 10 95 104 1 42 65 81 1 5 70 63 1 15 56 99 1 0 80 71 1 0 61 57 1 20 69 67 1 11 12 97 1 0 63 71 1 0 48 100 1 0 0 0 0 42 26 85 1 28 43 76 1 0 49 100 1 18 60 83 1 1 74 95 1 0 69 112 1 0 88 96 1 0 60 54 1 0 0 0 0 45 63 63 1 0 39 14 1 2 29 79 1 0 0 0 0 73 133 126 1 112 95 81 1 26 91 43 1 49 67 61 1 29 54 87 1 0 22 29 1 31 46 8 1 0 0 0 0 74 78 55 1 0 0 0 0 0 0 0 0 106 74 81 1 64 53 53 1 49 55 55 1 46 68 43 1 57 70 64 1 10 34 21 1 13 52 44 1 13 24 37 1 32 22 24 1 0 32 12 1 0 0 0 0
0 61 107 1 0 76 38 1 25 45 70 1 22 40 89 1 0 0 0 0 0 47 102 1 0 79 61 1 0 50 82 1 7 90 101 1 0 68 83 1 0 48 122 1 26 29 80 1 0 64 89 1 0 67 73 1 0 25 75 1 0 33 53 1 0 56 118 1 0 102 78 1 0 48 91 1 0 38 68 1 5 42 79 1 2 32 88 1 14 64 91 1 12 22 71 1 9 50 100 1 0 0 0 0 22 65 110 1 0 51 66 1 23 43 71 1 11 52 47 1 40 25 75 1 0 0 0 0 0 15 83 1 23 34 59 1 0 72 69 1 29 76 65 1 0 0 0 0 2 61 53 1 15 0 36 1 19 24 73 1 79 104 148 1 138 145 140 1 73 124 66 1 54 118 86 1 30 46 48 1 3 27 53 1 56 79 10 1 42 82 55 1 24 44 84 1 61 55 63 1 58 87 43 1 31 50 84 1 41 74 40 1 68 92 39 1 0 0 0 0 12 39 3 1 7 12 27 1 9 18 32 1 19 37 14 1 0 55 30 1 24 28 8 1 30 47 55 1
0 33 72 1 0 81 70 1 18 28 79 1 0 62 74 1 0 3 93 1 0 0 0 0 0 0 0 0 0 35 74 1 0 0 0 0 0 0 0 0 8 25 76 1 1 23 88 1 0 64 38 1 0 69 51 1 0 74 71 1 6 45 62 1 0 33 34 1 24 55 87 1 0 0 0 0 20 53 56 1 0 83 89 1 10 70 71 1 28 38 105 1 0 0 0 0 0 0 0 0 29 47 69 1 0 0 0 0 36 39 82 1 12 69 80 1 0 81 126 1 0 0 0 0 0 0 0 0 24 20 77 1 8 51 86 1 24 66 104 1 0 0 57 1 15 35 66 1 40 59 79 1 56 27 59 1 4 9 22 1 30 49 63 1 81 131 150 1 127 138 216 1 107 127 97 1 86 67 70 1 20 53 55 1 0 0 0 0 14 77 79 1 63 94 86 1 57 73 51 1 70 43 84 1 0 0 0 0 0 0 0 0 11 40 15 1 0 38 37 1 59 18 26 1 0 44 23 1 0 11 10 1 20 34 12 1 0 36 19 1 2 9 24 1 8 42 16 1
0 0 0 0 0 35 122 1 0 30 94 1 0 0 0 0 36 67 59 1 0 44 79 1 0 50 43 1 26 55 59 1 11 36 65 1 0 0 0 0 0 46 74 1 0 25 61 1 20 55 86 1 3 36 57 1 6 69 88 1 19 53 45 1 0 40 36 1 0 0 0 0 10 31 96 1 0 87 95 1 27 72 86 1 15 78 57 1 0 63 92 1 0 45 70 1 17 78 80 1 0 21 95 1 27 65 68 1 0 0 0 0 26 60 62 1 0 0 0 0 28 37 66 1 0 0 0 0 24 41 77 1 0 0 0 0 2 54 78 1 0 59 89 1 17 41 42 1 0 0 0 0 1 59 101 1 24 16 54 1 0 35 48 1 0 0 0 0 66 77 152 1 104 148 93 1 60 72 72 1 53 79 66 1 69 75 60 1 80 103 79 1 16 81 58 1 12 52 41 1 27 40 58 1 23 0 18 1 13 57 36 1 16 0 62 1 0 9 37 1 0 0 0 0 21 27 64 1 0 20 54 1 0 31 35 1 6 31 19 1 19 67 0 1 0 47 9 1
0 98 81 1 0 55 90 1 0 100 48 1 34 49 83 1 0 85 111 1 25 30 59 1 3 68 76 1 0 0 0 0 17 18 83 1 25 39 96 1 22 48 44 1 11 107 53 1 30 30 65 1 18 30 86 1 5 71 125 1 11 66 84 1 0 0 0 0 4 35 78 1 0 21 81 1 16 45 74 1 7 64 61 1 0 0 0 0 0 56 85 1 0 80 63 1 0 0 0 0 0 32 78 1 22 57 108 1 0 48 138 1 8 0 64 1 11 37 92 1 12 30 81 1 0 32 90 1 0 0 0 0 12 29 83 1 0 89 44 1 0 81 67 1 0 0 0 0 0 45 74 1 28 87 47 1 0 53 104 1 0 0 0 0 21 15 60 1 0 0 0 0 81 90 103 1 103 115 56 1 105 109 96 1 41 105 94 1 0 0 0 0 52 74 18 1 0 23 12 1 20 10 22 1 21 17 8 1 31 36 3 1 0 20 10 1 0 10 0 1 0 5 9 1 8 0 37 1 0 0 5 1 0 77 0 1 51 5 74 1 44 1 8 1 27 31 15 1
23 50 80 1 46 94 86 1 0 77 99 1 10 53 65 1 0 0 0 0 17 48 80 1 0 0 0 0 29 77 68 1 3 34 60 1 23 45 90 1 0 37 70 1 6 69 106 1 9 68 75 1 16 65 86 1 0 34 76 1 29 67 143 1 0 52 106 1 19 74 85 1 7 27 90 1 3 82 90 1 0 69 85 1 21 68 47 1 0 0 0 0 0 68 116 1 4 60 72 1 19 33 96 1 0 96 84 1 8 45 132 1 0 57 87 1 24 43 80 1 4 32 82 1 1 55 61 1 0 0 0 0 0 60 35 1 16 34 69 1 14 64 65 1 8 57 88 1 2 63 91 1 0 50 74 1 0 88 100 1 28 26 95 1 10 30 113 1 61 47 51 1 0 36 0 1 103 106 111 1 144 152 110 1 0 0 0 0 76 69 65 1 36 23 93 1 19 51 41 1 57 88 59 1 18 13 12 1 0 0 0 0 0 0 0 0 33 54 27 1 8 20 27 1 0 16 19 1 0 61 19 1 32 46 31 1 0 0 0 0 17 38 11 1 94 66 50 1
43 17 68 1 8 76 75 1 8 86 69 1 0 0 0 0 30 54 124 1 0 0 0 0 7 69 74 1 29 46 99 1 27 46 71 1 0 64 122 1 16 36 112 1 0 20 72 1 23 23 74 1 2 74 91 1 12 32 41 1 2 89 50 1 1 2 92 1 12 53 58 1 25 28 78 1 0 32 108 1 0 0 0 0 2 78 64 1 0 50 116 1 31 44 79 1 0 37 75 1 38 21 78 1 27 70 77 1 0 51 70 1 0 55 95 1 1 48 76 1 19 35 82 1 0 33 63 1 17 58 33 1 0 0 0 0 0 71 38 1 4 30 93 1 1 55 140 1 12 69 84 1 0 0 0 0 47 81 66 1 11 35 62 1 10 40 105 1 63 54 71 1 0 47 43 1 101 95 124 1 138 155 92 1 92 95 61 1 75 134 67 1 52 28 49 1 30 72 43 1 44 74 0 1 26 48 0 1 5 40 27 1 28 0 53 1 27 46 47 1 24 34 30 1 0 54 38 1 10 14 29 1 0 39 4 1 29 53 54 1 24 27 16 1 31 71 78 1
67 88 128 1 69 49 85 1 20 79 98 1 19 49 84 1 7 79 83 1 0 69 76 1 13 79 44 1 10 78 59 1 0 48 75 1 0 48 81 1 11 95 87 1 0 64 80 1 12 32 79 1 18 88 57 1 17 57 72 1 0 42 53 1 0 73 73 1 0 0 0 0 0 26 65 1 0 61 90 1 27 36 85 1 14 53 86 1 0 65 100 1 32 31 105 1 13 60 88 1 29 64 106 1 14 93 104 1 14 129 109 1 0 50 62 1 11 49 83 1 0 0 0 0 0 83 46 1 32 54 50 1 19 52 52 1 0 41 71 1 20 57 109 1 0 0 0 0 19 70 85 1 0 39 67 1 0 72 69 1 8 24 67 1 23 36 73 1 0 47 96 1 30 61 35 1 52 75 117 1 114 126 120 1 103 142 128 1 113 127 73 1 36 110 86 1 0 33 0 1 34 67 34 1 15 49 37 1 27 51 10 1 8 35 22 1 0 40 30 1 29 48 71 1 7 81 26 1 0 27 58 1 12 55 17 1 53 13 8 1 14 0 1 1 42 87 62 1
79 121 55 1 79 95 66 1 63 55 68 1 20 74 54 1 0 53 49 1 0 0 0 0 0 61 53 1 27 79 77 1 0 0 0 0 14 27 84 1 34 21 54 1 3 44 73 1 0 58 80 1 0 50 75 1 3 88 71 1 0 51 60 1 8 86 62 1 0 129 67 1 0 35 119 1 0 27 70 1 25 51 79 1 10 61 84 1 0 90 68 1 0 0 0 0 18 55 83 1 28 33 105 1 6 49 72 1 35 31 59 1 11 39 79 1 0 41 88 1 11 60 39 1 0 0 0 0 16 64 73 1 4 74 78 1 10 19 56 1 0 0 0 0 0 0 0 0 0 57 97 1 38 25 64 1 7 55 65 1 3 28 71 1 13 39 51 1 8 8 69 1 41 69 39 1 24 91 30 1 51 89 88 1 149 133 142 1 144 148 132 1 85 126 87 1 48 79 41 1 6 61 57 1 0 0 4 1 0 9 0 1 0 41 46 1 73 102 84 1 69 61 74 1 62 112 65 1 83 28 9 1 0 0 0 0 65 83 51 1 14 30 15 1 48 40 63 1
126 92 105 1 80 87 71 1 71 58 20 1 72 15 60 1 0 0 9 1 20 45 8 1 0 5 66 1 17 39 61 1 0 38 37 1 0 0 13 1 6 31 44 1 0 0 0 0 0 23 46 1 2 62 78 1 29 70 48 1 0 36 62 1 0 44 72 1 20 75 83 1 0 42 87 1 16 89 95 1 2 78 79 1 28 70 56 1 0 77 67 1 20 67 91 1 0 39 61 1 7 78 79 1 0 47 69 1 15 70 72 1 10 74 79 1 14 51 91 1 11 50 70 1 39 30 92 1 0 0 0 0 0 0 0 0 0 0 0 0 4 47 84 1 0 0 0 0 33 79 65 1 26 65 69 1 23 39 76 1 28 0 83 1 0 0 0 0 0 0 0 0 13 38 34 1 34 47 44 1 51 82 63 1 73 48 64 1 0 0 0 0 0 0 0 0 0 0 29 1 0 0 0 0 0 32 5 1 0 29 25 1 70 53 18 1 21 58 77 1 10 51 50 1 38 59 37 1 44 48 26 1 92 71 40 1 0 0 0 0 0 0 0 0 42 65 30 1
74 116 104 1 144 113 88 1 116 111 79 1 87 78 35 1 0 60 70 1 0 0 0 0 0 36 35 1 49 35 72 1 57 63 48 1 25 46 40 1 6 7 28 1 22 43 5 1 16 61 46 1 32 73 54 1 0 0 0 0 15 71 101 1 0 0 0 0 12 60 103 1 0 61 91 1 0 76 59 1 13 49 94 1 0 62 74 1 0 47 89 1 0 73 59 1 0 46 50 1 0 90 102 1 0 46 56 1 46 60 53 1 28 54 110 1 7 41 69 1 48 28 63 1 0 40 115 1 16 62 125 1 8 54 54 1 0 0 0 0 0 49 134 1 0 69 81 1 22 42 70 1 37 49 86 1 0 66 111 1 7 27 56 1 0 32 47 1 0 0 0 0 0 61 106 1 0 45 45 1 12 44 49 1 28 66 68 1 52 89 83 1 39 44 65 1 0 40 42 1 0 27 40 1 0 54 34 1 12 19 46 1 13 6 58 1 65 55 32 1 64 97 103 1 57 57 109 1 76 75 77 1 88 96 56 1 81 99 73 1 25 46 54 1 65 118 27 1
99 109 95 1 122 101 135 1 164 152 143 1 133 146 83 1 130 86 103 1 113 149 104 1 105 86 119 1 0 0 0 0 105 109 104 1 127 153 129 1 66 109 97 1 40 111 111 1 68 116 92 1 96 128 82 1 39 109 110 1 50 96 119 1 28 19 115 1 0 40 77 1 0 75 108 1 0 34 71 1 23 83 62 1 0 66 87 1 0 0 0 0 11 91 50 1 9 49 79 1 0 64 100 1 6 36 59 1 0 56 78 1 13 66 93 1 0 66 113 1 0 64 80 1 0 69 81 1 0 51 98 1 0 25 90 1 0 0 0 0 0 78 61 1 5 57 55 1 0 27 88 1 0 20 84 1 30 70 33 1 0 72 57 1 35 53 79 1 0 62 78 1 18 20 74 1 35 53 62 1 0 23 68 1 0 82 39 1 0 46 47 1 17 74 78 1 69 39 69 1 7 9 5 1 16 55 38 1 35 52 58 1 17 33 33 1 41 25 53 1 55 56 47 1 88 118 105 1 58 137 108 1 85 132 55 1 128 111 77 1 113 110 47 1 114 104 44 1
49 143 103 1 60 53 67 1 103 80 71 1 159 162 119 1 188 123 127 1 166 150 132 1 128 157 153 1 170 125 169 1 124 131 99 1 124 146 133 1 111 126 76 1 114 114 98 1 138 119 107 1 0 0 0 0 113 71 136 1 53 88 103 1 30 74 83 1 25 55 97 1 0 85 86 1 32 58 99 1 0 96 93 1 0 45 17 1 0 56 107 1 8 45 94 1 0 35 51 1 0 63 53 1 0 12 124 1 0 53 83 1 0 41 73 1 31 51 106 1 20 58 75 1 37 5 83 1 38 44 77 1 0 0 0 0 13 69 45 1 35 37 86 1 13 66 44 1 8 69 99 1 10 75 63 1 0 56 80 1 8 38 128 1 0 37 69 1 21 35 85 1 16 40 70 1 0 70 88 1 22 16 92 1 45 40 68 1 17 70 33 1 0 0 0 0 50 73 47 1 0 0 0 0 0 0 30 1 46 32 33 1 40 21 3 1 16 29 39 1 46 35 29 1 59 93 90 1 34 53 57 1 0 0 0 0 77 131 81 1 64 111 57 1 101 105 100 1
132 147 109 1 0 0 0 0 167 130 147 1 115 125 105 1 133 143 110 1 143 116 80 1 126 133 129 1 156 140 134 1 137 122 127 1 144 106 107 1 152 133 145 1 127 167 62 1 93 136 96 1 109 94 134 1 76 91 113 1 42 96 82 1 26 0 69 1 32 86 82 1 36 87 84 1 0 88 91 1 14 56 54 1 23 101 79 1 0 89 96 1 0 55 86 1 0 68 24 1 0 0 0 0 19 40 59 1 0 0 0 0 29 101 126 1 0 45 86 1 20 28 72 1 17 75 60 1 5 37 96 1 23 51 112 1 32 62 66 1 0 76 74 1 4 57 65 1 0 51 33 1 0 78 84 1 32 39 82 1 21 37 70 1 14 59 62 1 38 64 71 1 27 60 62 1 0 40 59 1 8 52 39 1 0 14 45 1 20 29 69 1 53 84 73 1 46 82 18 1 0 37 38 1 41 84 46 1 0 0 0 0 26 49 56 1 80 78 56 1 49 49 56 1 97 73 58 1 31 79 24 1 0 0 0 0 31 78 49 1 55 69 31 1 47 42 11 1
55 88 58 1 159 129 144 1 165 153 168 1 105 86 88 1 60 83 18 1 83 43 6 1 88 76 67 1 106 100 88 1 121 110 94 1 147 93 125 1 201 131 94 1 139 111 73 1 100 67 65 1 146 143 150 1 125 157 132 1 79 102 175 1 83 96 119 1 0 64 46 1 24 61 31 1 11 55 113 1 39 59 108 1 34 51 84 1 0 41 96 1 0 43 70 1 11 33 83 1 0 61 115 1 0 0 0 0 0 26 88 1 11 52 90 1 6 90 81 1 0 70 65 1 22 69 78 1 9 51 42 1 0 58 73 1 12 60 72 1 17 59 41 1 51 62 67 1 0 0 0 0 9 28 40 1 0 21 94 1 0 46 56 1 0 52 48 1 26 16 121 1 0 60 99 1 0 49 63 1 17 36 78 1 0 0 0 0 0 55 74 1 43 57 105 1 26 71 67 1 0 0 0 0 28 54 23 1 66 63 57 1 0 58 48 1 43 63 65 1 2 18 52 1 84 83 40 1 86 113 44 1 80 85 45 1 53 86 43 1 20 59 24 1 0 31 11 1
0 5 34 1 41 68 12 1 55 84 110 1 135 164 128 1 0 0 0 0 99 124 69 1 0 0 0 0 72 76 78 1 119 98 99 1 206 138 139 1 156 179 180 1 99 103 69 1 47 73 67 1 119 132 113 1 0 0 0 0 61 77 64 1 0 9 32 1 0 29 61 1 33 28 23 1 23 49 99 1 0 0 0 0 11 62 92 1 0 0 0 0 0 0 0 0 15 40 90 1 10 27 50 1 0 0 0 0 0 61 70 1 15 27 109 1 0 0 0 0 0 0 0 0 17 50 28 1 0 62 59 1 6 36 83 1 0 71 89 1 27 22 89 1 11 63 70 1 15 23 78 1 0 40 90 1 0 0 0 0 35 35 112 1 45 45 92 1 0 87 109 1 26 66 99 1 31 66 66 1 0 21 125 1 0 28 110 1 26 58 55 1 6 79 39 1 0 0 0 0 64 103 57 1 0 0 0 0 0 0 0 0 64 85 38 1 64 34 8 1 0 0 0 0 11 45 79 1 102 121 116 1 0 0 0 0 43 51 11 1 2 28 25 1 69 71 34 1
15 36 25 1 16 58 39 1 130 109 128 1 145 142 121 1 101 85 81 1 119 80 58 1 98 72 101 1 0 0 0 0 103 102 46 1 0 0 0 0 184 190 183 1 0 0 0 0 81 66 29 1 0 0 0 0 86 90 51 1 0 0 0 0 111 128 139 1 78 46 58 1 35 62 90 1 47 49 70 1 48 63 35 1 0 32 94 1 4 46 53 1 36 59 78 1 0 10 59 1 7 51 137 1 39 54 96 1 0 27 62 1 3 43 90 1 33 83 67 1 9 18 108 1 16 74 87 1 16 16 51 1 0 36 88 1 15 52 62 1 15 21 76 1 10 44 43 1 12 38 90 1 31 45 54 1 0 28 41 1 6 45 83 1 20 34 74 1 0 0 0 0 0 32 78 1 0 62 42 1 10 38 56 1 0 48 61 1 9 47 76 1 0 23 95 1 37 33 63 1 0 0 0 0 46 76 82 1 16 35 99 1 0 0 0 0 64 110 64 1 38 93 60 1 28 63 26 1 53 63 79 1 48 79 23 1 27 73 42 1 71 84 59 1 48 77 54 1
134 70 94 1 72 96 100 1 106 93 118 1 105 165 145 1 86 147 107 1 114 78 81 1 64 95 52 1 129 92 83 1 143 86 78 1 117 146 82 1 152 124 130 1 170 112 116 1 136 135 54 1 130 110 93 1 0 0 0 0 91 87 121 1 125 142 135 1 73 114 101 1 112 104 131 1 70 106 108 1 41 87 79 1 30 89 49 1 12 38 64 1 0 3 104 1 0 40 92 1 1 47 64 1 27 96 99 1 0 0 0 0 0 43 85 1 20 53 59 1 26 48 63 1 0 55 98 1 36 20 101 1 12 70 86 1 30 36 72 1 2 34 83 1 35 74 55 1 32 60 104 1 24 64 94 1 0 46 90 1 0 21 36 1 25 89 45 1 0 0 0 0 21 36 92 1 39 53 81 1 0 24 39 1 0 35 65 1 0 48 77 1 21 59 87 1 18 64 120 1 30 87 89 1 4 91 76 1 69 65 71 1 24 40 69 1 50 79 35 1 73 66 64 1 0 0 0 0 28 74 51 1 43 34 44 1 14 47 35 1 103 81 33 1 60 52 47 1
150 106 130 1 129 146 174 1 141 153 105 1 135 160 137 1 95 108 96 1 128 125 102 1 66 115 77 1 125 116 71 1 156 116 113 1 107 84 71 1 98 56 25 1 110 101 15 1 112 111 78 1 96 90 91 1 132 90 101 1 130 79 84 1 112 90 120 1 87 109 161 1 95 147 100 1 88 105 47 1 38 89 71 1 1 35 28 1 7 19 8 1 36 6 80 1 38 31 34 1 0 4 57 1 8 43 41 1 30 62 84 1 0 46 82 1 2 62 76 1 0 11 64 1 8 50 25 1 0 57 91 1 15 78 98 1 14 46 85 1 0 0 0 0 0 36 35 1 0 0 0 0 20 48 81 1 0 59 88 1 8 72 89 1 0 41 105 1 0 68 64 1 0 53 67 1 22 64 36 1 0 58 58 1 18 47 49 1 0 73 66 1 33 45 73 1 39 47 43 1 25 71 50 1 54 49 37 1 34 88 25 1 36 80 37 1 45 47 35 1 30 45 91 1 50 59 44 1 0 0 0 0 6 29 55 1 54 46 82 1 89 74 43 1 0 0 0 0
6 57 13 1 108 108 118 1 135 106 71 1 137 154 99 1 74 140 76 1 129 129 92 1 91 99 57 1 82 106 49 1 118 119 94 1 0 0 0 0 77 5 64 1 80 85 91 1 0 0 0 0 130 139 104 1 91 129 102 1 110 95 81 1 119 158 132 1 105 111 96 1 19 25 20 1 0 0 0 0 5 30 0 1 10 24 38 1 19 63 36 1 8 51 101 1 79 89 90 1 0 32 84 1 23 64 88 1 16 42 64 1 0 24 43 1 0 0 0 0 0 50 52 1 28 51 74 1 0 0 0 0 0 0 0 0 21 13 63 1 0 60 61 1 0 29 78 1 0 75 89 1 0 36 88 1 20 63 28 1 30 32 54 1 19 67 49 1 33 97 108 1 7 58 56 1 0 70 80 1 4 47 57 1 9 41 94 1 0 50 51 1 2 66 85 1 23 47 82 1 44 51 98 1 65 61 92 1 52 56 71 1 16 124 82 1 32 76 64 1 35 46 58 1 25 13 47 1 90 61 47 1 67 146 113 1 0 0 0 0 37 23 21 1 47 77 73 1
62 70 46 1 123 113 142 1 101 100 103 1 113 127 100 1 79 80 77 1 80 151 95 1 130 131 83 1 60 103 43 1 117 135 60 1 0 0 0 0 61 75 74 1 63 101 90 1 119 102 47 1 156 153 124 1 120 80 121 1 92 114 106 1 121 97 98 1 0 0 0 0 0 15 23 1 22 37 14 1 0 0 0 0 56 67 49 1 117 95 117 1 0 0 0 0 0 0 0 0 43 57 122 1 0 0 55 1 0 0 0 0 0 49 89 1 4 16 3 1 0 0 0 0 0 79 53 1 11 41 122 1 0 65 102 1 0 60 52 1 0 43 78 1 0 41 88 1 2 54 74 1 0 36 68 1 0 35 77 1 46 62 80 1 26 53 104 1 28 71 76 1 45 53 68 1 0 71 47 1 26 69 36 1 33 39 62 1 0 33 96 1 8 72 80 1 0 0 0 0 0 0 0 0 20 58 87 1 0 67 54 1 67 71 34 1 0 0 0 0 0 0 0 0 70 78 73 1 58 67 109 1 20 98 44 1 0 74 39 1 21 72 72 1 35 76 32 1
62 54 68 1 70 78 46 1 152 149 96 1 43 92 72 1 40 60 49 1 71 108 74 1 81 84 91 1 58 63 119 1 79 73 92 1 108 59 99 1 0 0 0 0 80 128 83 1 0 0 0 0 0 0 0 0 157 143 120 1 104 96 72 1 92 83 38 1 47 128 49 1 112 84 97 1 126 101 71 1 0 0 0 0 63 134 2 1 98 111 62 1 137 152 85 1 149 137 140 1 48 120 158 1 0 61 64 1 26 23 103 1 26 61 93 1 0 52 81 1 0 73 71 1 0 38 84 1 47 23 40 1 0 14 68 1 0 51 75 1 0 59 62 1 0 0 0 0 22 22 46 1 22 45 94 1 0 40 72 1 13 49 80 1 0 53 57 1 0 36 62 1 0 49 85 1 0 0 0 0 8 73 63 1 1 60 67 1 33 45 45 1 0 10 81 1 0 0 0 0 25 67 76 1 21 69 50 1 0 18 36 1 15 47 61 1 0 43 35 1 0 0 0 0 50 59 54 1 0 0 0 0 0 64 38 1 0 0 0 0 46 48 89 1 1 11 42 1
69 75 77 1 114 98 88 1 65 69 56 1 22 62 44 1 22 57 60 1 63 112 62 1 24 35 88 1 0 0 0 0 67 106 65 1 0 0 0 0 0 18 4 1 0 0 0 0 0 0 1 1 68 72 67 1 155 140 152 1 107 119 106 1 96 129 98 1 68 76 81 1 84 125 104 1 73 76 62 1 109 95 41 1 103 90 70 1 88 102 78 1 117 114 91 1 88 116 137 1 83 92 102 1 0 35 66 1 0 0 0 0 20 39 96 1 11 50 56 1 11 63 87 1 5 60 57 1 0 51 65 1 0 70 95 1 20 43 83 1 0 4 51 1 10 44 29 1 0 0 0 0 0 49 74 1 0 82 68 1 17 37 77 1 5 87 89 1 33 60 70 1 7 36 115 1 0 40 27 1 0 0 0 0 10 88 46 1 25 23 70 1 9 52 102 1 27 31 79 1 0 0 0 0 10 42 105 1 27 47 85 1 25 22 75 1 0 66 42 1 0 46 54 1 2 52 65 1 17 44 58 1 0 85 102 1 0 71 81 1 0 61 66 1 0 48 83 1
60 91 91 1 36 77 43 1 100 88 61 1 24 105 67 1 14 58 32 1 35 63 34 1 72 53 54 1 49 56 43 1 22 39 73 1 31 33 5 1 0 0 0 0 3 72 55 1 42 17 36 1 52 67 61 1 98 86 57 1 43 85 106 1 70 98 41 1 109 76 74 1 47 110 69 1 102 98 59 1 103 126 84 1 105 140 99 1 82 78 93 1 106 89 130 1 90 102 68 1 17 68 91 1 41 62 23 1 2 40 89 1 0 55 76 1 9 29 71 1 30 43 101 1 0 0 0 0 21 46 72 1 13 43 94 1 16 57 73 1 27 37 71 1 13 43 71 1 0 61 68 1 15 51 80 1 45 68 80 1 0 0 0 0 0 0 0 0 46 31 83 1 0 64 47 1 37 94 59 1 1 87 58 1 0 68 84 1 0 43 42 1 19 77 67 1 12 70 49 1 0 72 70 1 12 57 117 1 35 53 108 1 13 71 52 1 23 37 50 1 39 57 45 1 7 55 23 1 1 91 58 1 28 34 78 1 0 61 60 1 0 71 90 1 0 0 0 0
108 75 106 1 49 86 72 1 39 72 79 1 87 78 123 1 41 74 47 1 0 47 15 1 45 35 3 1 16 49 3 1 0 15 6 1 7 15 0 1 14 0 9 1 0 0 3 1 11 27 32 1 27 51 67 1 95 95 89 1 97 100 113 1 85 123 47 1 103 103 102 1 95 125 97 1 96 93 84 1 96 105 106 1 71 163 77 1 0 0 0 0 136 123 155 1 71 69 103 1 34 40 56 1 4 65 53 1 16 79 64 1 9 46 96 1 23 62 79 1 0 0 0 0 0 42 88 1 0 63 61 1 0 43 60 1 3 51 74 1 0 72 48 1 39 41 49 1 0 24 106 1 0 57 83 1 5 32 59 1 6 91 96 1 32 85 85 1 16 33 68 1 0 7 101 1 34 32 59 1 10 37 75 1 0 48 43 1 16 28 84 1 14 30 99 1 8 32 69 1 21 46 63 1 0 54 80 1 1 80 45 1 0 58 74 1 14 48 71 1 0 84 109 1 15 59 34 1 2 88 93 1 8 32 71 1 0 58 64 1 0 50 67 1 22 69 93 1
91 107 107 1 95 98 78 1 76 55 75 1 31 93 44 1 61 146 76 1 0 0 0 0 36 72 54 1 47 25 8 1 43 10 16 1 37 37 36 1 0 0 0 0 24 68 22 1 67 101 62 1 105 90 40 1 133 99 124 1 101 132 136 1 109 123 73 1 97 119 51 1 128 127 107 1 68 125 71 1 71 88 69 1 95 99 75 1 0 0 0 0 0 0 0 0 78 94 102 1 18 13 43 1 8 45 62 1 0 64 35 1 4 30 77 1 27 63 62 1 0 55 99 1 0 45 84 1 0 48 116 1 0 38 82 1 13 56 72 1 0 35 53 1 1 44 62 1 13 55 50 1 0 0 0 0 11 82 26 1 15 66 99 1 15 50 80 1 0 46 76 1 0 80 58 1 22 44 55 1 0 36 69 1 1 60 50 1 19 62 60 1 0 0 0 0 38 53 64 1 45 36 94 1 0 82 83 1 24 30 64 1 20 77 96 1 0 0 0 0 0 75 88 1 34 0 72 1 0 49 79 1 0 60 48 1 18 65 81 1 3 42 70 1 29 87 79 1
76 57 63 1 111 92 70 1 81 105 62 1 61 62 67 1 80 49 95 1 93 92 36 1 48 117 62 1 64 46 17 1 0 0 0 0 88 59 21 1 45 48 71 1 37 65 22 1 112 77 123 1 105 75 136 1 94 123 81 1 126 109 92 1 75 89 66 1 59 111 87 1 92 63 90 1 97 104 43 1 75 98 83 1 72 86 39 1 99 70 130 1 150 166 133 1 126 112 90 1 41 29 52 1 0 0 0 0 44 91 89 1 0 90 30 1 0 45 98 1 18 69 76 1 0 0 0 0 0 59 97 1 17 28 61 1 0 57 115 1 0 31 80 1 0 45 77 1 0 68 82 1 0 72 87 1 26 74 110 1 5 97 48 1 0 84 104 1 0 39 66 1 12 56 63 1 0 0 0 0 0 0 0 0 0 0 0 0 0 93 52 1 21 83 84 1 0 27 73 1 0 0 0 0 1 37 68 1 0 54 64 1 0 41 94 1 0 23 86 1 20 68 82 1 7 64 39 1 0 40 52 1 13 110 73 1 0 106 65 1 4 40 100 1 0 53 50 1
68 69 64 1 87 60 42 1 98 118 89 1 7 57 24 1 0 0 0 0 76 152 83 1 73 67 119 1 56 124 92 1 0 0 0 0 103 92 84 1 107 152 109 1 104 156 67 1 0 0 0 0 59 108 94 1 102 71 63 1 62 108 58 1 75 110 70 1 99 105 65 1 0 0 0 0 87 86 19 1 66 82 83 1 0 0 0 0 78 55 31 1 102 156 125 1 99 106 125 1 40 44 52 1 32 35 30 1 78 80 61 1 45 40 88 1 8 82 51 1 28 53 111 1 19 15 92 1 18 43 70 1 13 42 57 1 30 49 73 1 39 55 72 1 0 0 0 0 18 51 57 1 28 31 67 1 0 49 106 1 18 70 45 1 0 0 0 0 15 28 71 1 3 50 109 1 27 70 76 1 0 0 0 0 19 43 102 1 28 27 47 1 29 77 71 1 35 70 77 1 0 0 0 0 8 33 80 1 18 61 97 1 0 48 81 1 13 43 79 1 19 54 84 1 7 89 35 1 0 40 62 1 13 37 65 1 0 43 69 1 3 71 70 1 0 59 40 1
77 118 25 1 68 102 69 1 76 70 65 1 17 101 56 1 90 123 83 1 21 102 64 1 61 47 44 1 90 62 76 1 63 75 49 1 42 91 94 1 128 143 91 1 91 103 106 1 107 113 117 1 69 154 91 1 84 100 68 1 0 0 0 0 76 99 65 1 55 85 94 1 42 89 74 1 11 64 39 1 77 75 48 1 70 49 111 1 95 137 86 1 80 114 100 1 62 65 113 1 40 62 107 1 0 0 0 0 18 46 46 1 31 38 33 1 0 51 55 1 0 58 65 1 0 32 79 1 21 44 52 1 0 58 41 1 8 17 98 1 18 10 57 1 8 77 85 1 10 51 33 1 27 46 59 1 0 66 70 1 0 17 63 1 0 65 76 1 0 0 0 0 2 61 67 1 37 36 39 1 0 83 85 1 0 36 61 1 0 46 71 1 0 44 120 1 0 38 51 1 36 80 79 1 27 66 90 1 19 46 59 1 23 63 77 1 32 26 97 1 17 60 61 1 0 47 41 1 0 44 72 1 24 55 53 1 18 65 71 1 5 77 45 1 13 30 78 1
104 112 89 1 99 113 67 1 40 56 42 1 39 79 45 1 61 88 49 1 0 0 0 0 77 107 46 1 70 106 96 1 64 106 41 1 20 83 85 1 102 111 115 1 52 105 42 1 116 134 57 1 0 0 0 0 0 0 0 0 64 32 62 1 9 3 6 1 76 21 1 1 37 47 39 1 56 51 103 1 90 81 115 1 51 90 60 1 44 122 60 1 63 102 97 1 0 0 0 0 0 0 0 0 41 51 67 1 73 71 84 1 37 86 127 1 33 6 71 1 0 89 54 1 13 34 58 1 0 59 98 1 25 69 55 1 0 33 73 1 47 58 105 1 34 45 54 1 0 58 84 1 0 29 79 1 31 55 74 1 0 46 80 1 0 58 51 1 45 63 74 1 16 16 90 1 0 29 83 1 0 0 0 0 0 40 59 1 0 68 115 1 0 79 75 1 0 0 0 0 0 52 64 1 0 38 67 1 10 48 80 1 0 0 0 0 12 41 72 1 0 72 106 1 0 72 43 1 3 23 103 1 0 22 79 1 49 58 57 1 18 65 108 1 1 80 76 1
87 88 82 1 81 125 93 1 98 82 83 1 66 110 74 1 0 0 0 0 91 118 115 1 0 0 0 0 53 107 97 1 77 100 51 1 83 98 64 1 100 121 75 1 36 54 57 1 71 34 35 1 66 68 46 1 27 79 73 1 73 67 32 1 62 40 55 1 39 50 46 1 0 47 6 1 12 15 33 1 30 63 86 1 58 79 35 1 63 46 72 1 38 101 42 1 65 117 91 1 0 0 0 0 46 92 54 1 50 59 80 1 50 84 85 1 87 102 96 1 84 77 81 1 0 0 0 0 54 51 74 1 6 20 36 1 46 36 22 1 1 51 36 1 6 58 26 1 0 46 104 1 10 43 102 1 0 0 0 0 3 62 79 1 0 23 37 1 7 42 67 1 1 76 95 1 0 0 0 0 45 43 99 1 20 66 51 1 0 0 0 0 0 43 54 1 4 37 93 1 0 0 0 0 47 35 81 1 0 58 84 1 0 98 60 1 8 77 132 1 5 59 99 1 22 36 55 1 0 79 73 1 0 49 90 1 0 50 99 1 0 55 129 1 0 32 53 1
56 92 72 1 84 137 102 1 62 126 133 1 57 80 56 1 23 50 57 1 57 91 85 1 2 28 67 1 0 44 40 1 7 46 53 1 12 26 34 1 86 85 93 1 50 73 13 1 75 107 20 1 59 115 75 1 91 118 29 1 75 114 84 1 17 66 0 1 99 81 38 1 0 0 0 0 5 30 56 1 56 8 4 1 8 0 52 1 13 52 48 1 55 91 43 1 88 115 88 1 0 0 0 0 32 123 126 1 93 101 91 1 88 146 81 1 108 109 97 1 83 84 135 1 95 108 82 1 104 136 114 1 44 87 62 1 20 67 34 1 0 0 0 0 22 79 75 1 4 73 80 1 19 40 45 1 0 30 68 1 0 0 0 0 14 32 91 1 0 46 74 1 26 62 62 1 0 59 81 1 29 42 79 1 13 48 87 1 5 74 90 1 0 70 86 1 10 53 88 1 23 52 64 1 5 64 100 1 41 76 91 1 32 41 69 1 19 66 87 1 19 39 37 1 15 51 49 1 20 51 52 1 0 11 87 1 4 49 74 1 39 42 64 1 16 73 108 1
34 78 41 1 76 115 73 1 61 134 55 1 73 126 54 1 95 88 45 1 74 49 92 1 48 114 65 1 52 86 61 1 76 52 51 1 40 85 41 1 112 136 84 1 69 131 60 1 85 125 80 1 50 100 24 1 41 57 21 1 0 0 0 0 0 43 10 1 0 0 0 0 44 80 56 1 29 36 76 1 15 24 4 1 50 37 17 1 7 8 37 1 0 23 17 1 44 64 48 1 80 95 86 1 74 96 55 1 25 50 49 1 84 79 67 1 52 89 40 1 31 57 49 1 86 120 76 1 125 148 141 1 0 0 0 0 76 95 86 1 59 125 91 1 0 0 0 0 0 61 65 1 0 69 68 1 0 76 73 1 12 90 87 1 16 67 76 1 30 81 73 1 0 0 0 0 37 81 92 1 0 56 97 1 0 0 0 0 0 56 80 1 15 55 69 1 21 78 64 1 0 56 40 1 0 37 61 1 52 29 79 1 0 59 103 1 0 62 61 1 30 42 75 1 0 59 90 1 0 0 0 0 22 30 61 1 15 95 70 1 0 60 37 1 25 83 66 1
0 0 0 0 42 89 106 1 64 113 94 1 106 141 98 1 27 85 24 1 61 72 49 1 114 87 105 1 92 109 78 1 0 0 0 0 89 66 68 1 80 108 37 1 89 97 76 1 101 83 79 1 68 102 15 1 48 107 36 1 0 0 0 0 56 85 28 1 0 10 25 1 0 18 20 1 4 4 0 1 0 79 26 1 1 8 18 1 14 89 10 1 56 13 13 1 32 67 35 1 0 0 0 0 20 98 59 1 67 124 72 1 47 73 43 1 33 96 34 1 97 127 110 1 87 138 107 1 96 122 67 1 56 147 129 1 53 173 72 1 0 0 0 0 46 61 69 1 74 95 62 1 27 80 82 1 0 0 0 0 0 13 60 1 0 70 95 1 0 37 66 1 0 0 0 0 0 37 137 1 0 50 73 1 11 52 65 1 17 74 43 1 0 0 0 0 2 91 77 1 0 0 0 0 0 45 71 1 0 55 68 1 0 41 54 1 12 36 74 1 0 0 0 0 0 41 71 1 8 53 68 1 0 23 76 1 0 0 0 0 33 57 93 1 24 57 99 1
24 91 71 1 82 79 81 1 26 62 85 1 48 79 100 1 50 120 18 1 68 79 83 1 65 84 59 1 64 112 92 1 71 110 81 1 0 0 0 0 27 74 73 1 67 88 24 1 88 95 79 1 80 121 78 1 73 114 80 1 88 119 56 1 43 89 86 1 93 56 90 1 30 47 34 1 0 1 11 1 0 31 46 1 31 50 0 1 15 50 30 1 20 59 68 1 45 48 27 1 0 36 27 1 45 75 41 1 87 101 78 1 122 134 104 1 88 99 57 1 131 91 71 1 121 142 56 1 65 90 83 1 36 67 88 1 37 97 46 1 3 75 29 1 0 66 60 1 40 85 10 1 4 54 70 1 7 18 57 1 0 31 85 1 0 0 0 0 14 67 47 1 21 69 35 1 22 69 83 1 14 37 55 1 0 0 0 0 0 75 72 1 8 42 52 1 17 46 63 1 6 41 54 1 0 65 110 1 0 44 55 1 0 35 79 1 0 38 49 1 0 0 0 0 22 75 89 1 0 57 99 1 6 48 66 1 0 39 57 1 12 73 64 1 0 61 47 1
31 94 70 1 53 48 112 1 47 133 31 1 49 74 27 1 49 66 72 1 53 99 68 1 62 99 60 1 70 93 83 1 85 106 96 1 57 90 34 1 77 99 81 1 33 83 24 1 46 57 68 1 63 117 64 1 24 64 87 1 73 83 31 1 53 87 60 1 59 94 61 1 37 76 73 1 28 101 81 1 50 63 46 1 23 32 65 1 14 0 35 1 20 48 28 1 27 32 40 1 6 54 44 1 0 58 0 1 65 49 68 1 75 155 96 1 70 136 81 1 59 63 60 1 65 72 39 1 53 85 61 1 54 71 34 1 53 103 59 1 46 73 36 1 43 24 65 1 31 82 42 1 13 0 50 1 18 37 43 1 27 40 33 1 75 64 77 1 13 66 33 1 22 69 60 1 4 21 57 1 9 61 5 1 32 86 35 1 0 0 0 0 0 32 61 1 11 33 74 1 19 70 67 1 0 0 0 0 0 84 84 1 0 57 52 1 0 75 32 1 9 70 94 1 31 77 94 1 9 51 50 1 0 15 75 1 0 0 0 0 0 0 0 0 0 59 75 1
9 78 34 1 58 57 16 1 28 96 83 1 89 66 53 1 89 67 52 1 76 103 67 1 53 99 84 1 50 134 88 1 79 132 75 1 55 104 68 1 0 0 0 0 44 78 55 1 57 89 66 1 58 99 48 1 71 91 85 1 39 113 78 1 35 87 91 1 86 125 95 1 36 103 77 1 78 114 107 1 51 74 49 1 53 111 66 1 53 79 9 1 17 73 0 1 24 43 31 1 0 14 18 1 58 33 21 1 0 40 57 1 88 66 42 1 34 75 44 1 18 60 36 1 98 111 64 1 45 119 91 1 39 78 45 1 69 106 44 1 46 41 63 1 74 75 82 1 70 41 48 1 69 93 84 1 65 44 76 1 51 69 59 1 47 41 84 1 22 63 62 1 31 65 66 1 13 55 67 1 15 6 12 1 0 0 0 0 21 75 74 1 22 56 56 1 5 50 22 1 28 62 92 1 52 71 36 1 11 60 55 1 25 45 109 1 0 0 0 0 0 47 115 1 0 62 61 1 0 49 69 1 1 65 77 1 0 0 0 0 0 68 60 1 0 0 0 0
0 44 0 1 30 38 37 1 40 112 71 1 37 94 99 1 0 0 0 0 73 68 37 1 78 107 107 1 99 46 77 1 64 52 66 1 71 109 114 1 115 94 98 1 0 0 0 0 0 0 0 0 86 106 78 1 44 110 30 1 50 61 55 1 31 117 37 1 0 0 0 0 22 87 42 1 48 107 19 1 45 84 102 1 111 158 53 1 51 78 62 1 40 21 52 1 0 0 0 0 0 32 23 1 58 30 25 1 0 64 20 1 21 20 21 1 71 61 29 1 54 109 56 1 48 89 78 1 0 0 0 0 0 0 0 0 30 85 58 1 68 102 10 1 0 0 0 0 70 101 49 1 124 160 102 1 142 108 122 1 0 0 0 0 70 91 70 1 50 81 68 1 92 47 69 1 45 40 77 1 48 39 82 1 27 111 48 1 22 56 70 1 25 49 45 1 14 39 32 1 0 0 0 0 0 45 85 1 5 98 87 1 0 0 0 0 44 65 112 1 0 0 0 0 12 50 71 1 30 41 96 1 6 51 100 1 0 76 107 1 0 47 88 1 13 92 91 1
11 102 0 1 11 68 44 1 1 74 47 1 87 83 54 1 16 111 43 1 40 48 19 1 45 38 48 1 69 69 52 1 71 51 60 1 84 104 52 1 51 75 84 1 65 99 50 1 59 73 83 1 106 90 62 1 33 87 47 1 62 100 77 1 69 140 67 1 56 112 75 1 90 99 87 1 83 101 7 1 104 117 60 1 61 90 58 1 39 84 33 1 84 108 69 1 55 51 38 1 20 75 20 1 48 108 64 1 15 25 27 1 30 39 25 1 41 79 13 1 55 53 92 1 50 90 38 1 48 43 16 1 0 0 0 0 51 42 55 1 53 98 67 1 98 97 56 1 0 0 0 0 80 104 71 1 111 109 71 1 82 87 29 1 78 121 95 1 44 78 84 1 44 113 88 1 69 110 93 1 107 76 86 1 43 87 74 1 76 79 44 1 0 0 0 0 0 0 0 0 55 43 67 1 28 41 76 1 33 41 65 1 49 54 92 1 0 39 103 1 13 67 67 1 1 60 65 1 3 43 103 1 0 87 85 1 0 84 50 1 0 62 74 1 0 27 38 1
10 31 10 1 10 8 36 1 27 47 62 1 31 85 31 1 65 42 24 1 0 0 0 0 0 7 20 1 76 54 65 1 63 100 58 1 60 82 98 1 51 92 80 1 87 111 57 1 0 0 0 0 59 133 64 1 77 72 5 1 89 74 53 1 52 93 42 1 62 115 52 1 81 85 78 1 92 120 51 1 105 125 94 1 97 128 86 1 93 82 124 1 117 96 97 1 124 94 83 1 98 101 75 1 22 77 65 1 31 58 69 1 30 73 38 1 56 100 60 1 70 108 37 1 109 108 47 1 88 103 92 1 67 89 95 1 51 51 31 1 62 82 63 1 76 144 115 1 93 48 53 1 65 99 60 1 81 54 41 1 78 71 40 1 67 101 66 1 56 103 58 1 78 94 42 1 46 75 85 1 59 76 72 1 84 108 78 1 87 89 120 1 46 110 32 1 0 94 15 1 57 88 45 1 34 39 44 1 17 13 20 1 0 46 58 1 0 68 41 1 6 39 47 1 0 54 59 1 25 29 42 1 0 0 0 0 12 41 78 1 13 36 118 1 17 33 73 1
8 35 25 1 11 7 28 1 54 30 45 1 0 58 41 1 29 84 12 1 16 69 0 1 15 39 3 1 26 54 45 1 76 121 65 1 73 110 98 1 114 102 72 1 72 116 86 1 81 105 18 1 64 121 45 1 67 124 32 1 43 115 66 1 46 84 64 1 41 46 38 1 24 57 44 1 106 135 112 1 138 151 127 1 118 124 65 1 44 146 89 1 70 112 30 1 87 127 87 1 102 114 98 1 28 118 52 1 71 140 88 1 48 106 45 1 66 44 54 1 0 0 0 0 39 57 34 1 81 130 92 1 123 136 147 1 124 104 117 1 62 106 48 1 72 116 21 1 0 0 0 0 31 43 61 1 0 0 0 0 39 95 26 1 59 58 43 1 43 71 45 1 91 106 39 1 24 55 65 1 64 53 65 1 0 0 0 0 91 73 78 1 72 147 78 1 0 0 0 0 48 74 103 1 38 83 65 1 22 31 25 1 14 50 18 1 0 52 18 1 0 43 45 1 0 62 81 1 0 74 70 1 0 31 98 1 0 67 94 1 0 38 70 1 10 36 77 1
40 45 14 1 23 52 48 1 0 65 60 1 23 64 45 1 20 51 53 1 28 63 50 1 0 22 32 1 0 30 1 1 102 74 66 1 63 102 88 1 84 121 49 1 96 107 66 1 68 60 70 1 63 93 41 1 67 79 39 1 63 103 80 1 61 105 61 1 62 73 47 1 66 50 74 1 114 171 123 1 114 107 74 1 57 103 24 1 37 69 27 1 28 41 0 1 53 98 48 1 123 79 43 1 52 76 72 1 22 62 24 1 12 85 65 1 66 99 37 1 29 79 34 1 80 91 79 1 128 187 71 1 124 143 111 1 78 134 100 1 0 0 0 0 10 59 62 1 35 49 9 1 0 0 0 0 0 67 71 1 34 85 13 1 38 89 2 1 55 45 53 1 49 88 91 1 78 127 75 1 64 92 65 1 48 69 46 1 111 61 64 1 124 170 158 1 171 202 188 1 148 116 114 1 11 61 30 1 86 86 126 1 0 0 0 0 9 36 50 1 29 53 54 1 13 110 84 1 29 90 41 1 0 0 0 0 0 92 56 1 0 82 68 1 41 35 38 1
22 62 78 1 22 22 23 1 0 28 0 1 0 55 39 1 31 57 0 1 1 41 42 1 10 51 6 1 0 25 53 1 14 25 18 1 69 78 47 1 56 121 128 1 111 148 76 1 62 93 78 1 59 114 62 1 47 89 81 1 117 67 42 1 0 0 0 0 69 106 57 1 91 144 67 1 121 134 72 1 54 64 32 1 120 83 44 1 94 98 87 1 52 66 61 1 0 0 0 0 135 102 92 1 91 95 88 1 74 79 84 1 26 86 65 1 17 71 14 1 6 39 28 1 4 41 25 1 41 52 79 1 87 91 91 1 39 31 41 1 40 51 19 1 41 32 73 1 2 44 31 1 11 36 47 1 46 38 59 1 44 50 44 1 0 54 0 1 9 70 44 1 6 75 55 1 98 107 48 1 57 53 37 1 89 110 59 1 52 61 65 1 19 86 27 1 185 148 126 1 158 154 162 1 64 124 50 1 55 115 71 1 51 68 101 1 39 73 77 1 38 48 45 1 28 91 53 1 42 2 20 1 18 6 39 1 0 0 0 0 21 68 62 1 6 52 65 1
0 0 0 0 8 40 73 1 37 44 47 1 0 27 0 1 0 39 36 1 21 35 48 1 39 60 47 1 76 53 60 1 30 52 52 1 76 97 109 1 97 132 139 1 74 125 88 1 76 81 21 1 0 0 0 0 68 76 55 1 6 115 57 1 47 82 35 1 0 0 0 0 56 93 83 1 111 108 75 1 42 112 50 1 0 0 0 0 96 118 113 1 68 109 32 1 18 61 71 1 76 45 58 1 40 49 36 1 108 104 64 1 88 107 90 1 60 106 81 1 40 79 44 1 16 30 30 1 22 27 44 1 0 0 0 0 54 119 41 1 65 92 74 1 39 9 73 1 0 0 0 0 15 74 70 1 29 61 35 1 23 54 1 1 0 0 0 0 56 34 53 1 22 57 23 1 0 66 58 1 0 0 0 0 0 0 0 0 0 0 0 0 60 51 25 1 161 171 120 1 72 106 80 1 8 45 2 1 41 61 48 1 76 58 94 1 65 67 69 1 60 56 69 1 83 75 84 1 55 113 61 1 97 53 108 1 52 98 98 1 41 107 43 1 86 114 85 1
58 74 72 1 31 81 125 1 21 75 38 1 51 19 32 1 15 56 62 1 0 84 38 1 18 33 19 1 36 67 45 1 0 40 0 1 35 54 23 1 140 113 101 1 135 147 104 1 94 70 109 1 114 86 97 1 64 96 87 1 52 48 66 1 0 0 0 0 144 116 60 1 132 85 72 1 128 103 95 1 82 98 67 1 92 106 83 1 91 139 105 1 103 104 51 1 65 95 53 1 34 78 56 1 50 30 54 1 46 98 53 1 65 67 74 1 97 70 80 1 78 107 148 1 73 74 66 1 41 40 46 1 34 34 0 1 25 45 41 1 41 27 10 1 16 19 10 1 21 45 37 1 27 77 71 1 0 48 70 1 46 57 29 1 39 83 80 1 46 83 72 1 0 0 0 0 49 39 28 1 4 0 0 1 0 3 6 1 0 2 3 1 94 89 45 1 161 161 159 1 66 67 86 1 0 11 0 1 29 30 8 1 31 70 99 1 2 44 39 1 51 60 96 1 0 0 0 0 6 12 47 1 1 17 35 1 21 0 0 1 41 48 34 1 38 45 13 1
44 69 57 1 31 81 69 1 10 30 0 1 1 30 90 1 47 28 56 1 36 5 76 1 0 21 4 1 0 49 24 1 39 76 40 1 43 36 24 1 28 63 44 1 113 125 84 1 55 117 71 1 111 136 90 1 61 126 90 1 96 87 20 1 69 67 26 1 37 77 90 1 72 95 4 1 90 61 58 1 62 84 41 1 79 120 52 1 131 158 105 1 112 92 51 1 91 126 50 1 59 92 26 1 51 82 44 1 47 46 68 1 7 74 29 1 65 52 70 1 45 79 82 1 111 99 97 1 72 93 64 1 63 53 26 1 22 0 0 1 22 21 6 1 17 71 23 1 37 70 47 1 0 0 0 0 72 107 75 1 107 124 106 1 84 115 75 1 17 88 38 1 32 86 78 1 15 57 38 1 46 33 51 1 97 79 98 1 7 0 6 1 0 0 0 0 119 155 117 1 134 119 99 1 65 100 77 1 0 0 0 0 0 0 0 0 26 24 0 1 0 36 74 1 16 51 47 1 0 36 10 1 21 29 24 1 92 92 81 1 92 65 94 1 64 78 65 1
60 104 10 1 29 38 19 1 0 0 0 0 0 18 12 1 0 33 4 1 18 88 20 1 22 37 39 1 0 0 52 1 11 0 35 1 0 0 0 0 21 28 33 1 0 28 36 1 40 57 38 1 77 101 42 1 137 90 109 1 0 0 0 0 43 59 59 1 58 109 56 1 32 108 75 1 67 113 82 1 0 0 0 0 52 98 60 1 50 118 73 1 85 144 53 1 71 85 60 1 37 127 43 1 44 118 21 1 73 117 55 1 97 122 131 1 61 85 126 1 73 66 73 1 41 102 5 1 93 118 95 1 87 99 75 1 0 0 0 0 0 0 0 0 16 22 22 1 0 0 0 0 41 87 5 1 54 66 80 1 55 39 54 1 29 22 38 1 57 38 11 1 42 94 45 1 39 110 83 1 62 60 15 1 72 35 72 1 33 76 31 1 30 23 0 1 45 42 21 1 61 48 98 1 38 59 44 1 44 7 51 1 14 57 37 1 24 79 9 1 29 9 73 1 16 31 38 1 0 9 25 1 41 24 56 1 38 71 39 1 38 65 50 1 26 32 3 1
27 22 35 1 0 12 0 1 23 33 19 1 0 0 0 0 15 0 0 1 32 64 46 1 0 0 0 0 23 42 20 1 0 47 18 1 20 57 45 1 26 29 22 1 56 97 63 1 84 95 47 1 70 52 33 1 62 97 87 1 96 57 89 1 89 88 0 1 100 100 68 1 75 108 89 1 78 130 64 1 60 72 55 1 60 141 52 1 27 117 63 1 72 144 68 1 77 128 92 1 95 137 63 1 72 78 71 1 113 121 100 1 67 107 92 1 108 83 110 1 52 78 101 1 84 107 102 1 62 72 79 1 32 73 29 1 87 124 64 1 63 82 72 1 52 93 42 1 92 81 68 1 66 103 51 1 29 42 50 1 0 0 0 0 55 105 71 1 46 72 50 1 80 105 58 1 78 88 37 1 37 74 21 1 67 38 64 1 58 35 48 1 31 51 12 1 5 51 0 1 23 79 49 1 10 32 34 1 7 88 59 1 0 0 0 0 18 15 42 1 0 6 0 1 0 50 0 1 8 10 61 1 56 86 59 1 2 48 58 1 5 25 0 1 0 85 55 1
0 0 0 0 4 27 32 1 30 67 0 1 2 0 0 1 24 30 22 1 0 43 1 1 0 0 0 0 27 37 52 1 19 57 40 1 34 81 23 1 0 0 0 0 78 94 68 1 0 0 0 0 66 47 57 1 63 50 0 1 114 91 48 1 46 75 104 1 72 65 59 1 50 71 112 1 32 87 68 1 0 0 0 0 82 113 112 1 65 96 52 1 57 96 63 1 0 0 0 0 69 107 59 1 76 103 34 1 0 0 0 0 73 93 47 1 45 86 17 1 90 87 93 1 59 132 94 1 78 132 30 1 0 0 0 0 81 98 74 1 75 105 46 1 33 75 53 1 43 78 30 1 24 66 3 1 0 0 0 0 20 87 36 1 0 0 0 0 101 72 94 1 39 94 98 1 22 72 69 1 61 56 64 1 0 0 0 0 67 87 63 1 49 58 60 1 34 25 30 1 23 81 39 1 36 61 62 1 0 55 41 1 41 94 63 1 8 79 3 1 14 68 38 1 5 10 9 1 37 78 56 1 32 26 52 1 14 56 22 1 10 37 54 1 80 58 36 1
0 0 0 0 0 18 50 1 31 47 34 1 14 45 59 1 0 54 8 1 1 37 28 1 28 45 25 1 38 27 55 1 0 60 8 1 0 47 46 1 65 78 89 1 63 105 75 1 111 77 60 1 40 56 46 1 64 34 42 1 94 138 62 1 53 113 52 1 106 99 68 1 0 0 0 0 44 97 52 1 16 84 45 1 27 98 38 1 59 77 23 1 23 101 65 1 102 95 76 1 71 102 35 1 100 58 55 1 96 67 36 1 72 77 50 1 47 105 42 1 73 102 32 1 32 88 101 1 0 0 0 0 0 0 0 0 106 140 91 1 97 153 90 1 89 120 73 1 0 66 66 1 60 73 101 1 36 77 10 1 0 39 30 1 34 54 26 1 68 62 17 1 113 116 102 1 0 0 0 0 65 48 67 1 28 60 20 1 20 34 0 1 28 106 61 1 78 62 79 1 90 88 71 1 74 75 90 1 0 89 71 1 0 54 16 1 21 82 30 1 0 24 6 1 0 34 0 1 24 27 1 1 0 25 19 1 0 26 0 1 48 87 80 1 0 0 0 0
78 72 98 1 15 40 56 1 16 41 46 1 56 19 7 1 11 20 27 1 0 0 0 0 21 1 15 1 0 0 0 0 12 24 0 1 0 0 0 0 63 69 60 1 0 30 12 1 0 0 0 0 96 68 91 1 59 42 2 1 58 34 15 1 43 71 70 1 72 90 37 1 44 101 94 1 58 91 34 1 86 85 79 1 92 119 52 1 68 117 70 1 80 69 84 1 46 108 39 1 65 86 36 1 52 95 0 1 75 95 30 1 0 0 0 0 52 124 56 1 24 122 74 1 73 87 88 1 44 76 42 1 58 126 65 1 51 69 76 1 26 93 31 1 46 40 28 1 46 84 57 1 39 81 83 1 51 81 18 1 14 85 18 1 26 42 53 1 3 29 44 1 7 0 0 1 55 67 50 1 69 47 93 1 53 36 55 1 0 25 63 1 0 0 0 0 21 57 65 1 27 68 41 1 0 0 0 0 0 18 39 1 0 0 65 1 25 53 15 1 55 0 40 1 2 22 48 1 0 44 0 1 0 53 17 1 0 14 6 1 19 34 37 1 4 40 25 1
43 65 56 1 40 32 62 1 0 50 6 1 10 56 39 1 23 16 13 1 0 62 46 1 0 12 58 1 0 21 23 1 0 61 17 1 19 9 41 1 19 44 0 1 52 73 49 1 20 57 95 1 75 110 96 1 42 88 59 1 29 87 14 1 103 126 65 1 52 135 60 1 78 84 31 1 27 93 28 1 78 97 78 1 113 126 61 1 19 76 72 1 97 67 37 1 24 113 80 1 89 141 91 1 19 64 66 1 62 75 63 1 63 150 99 1 59 109 58 1 22 53 52 1 44 88 46 1 12 84 39 1 40 75 63 1 21 117 49 1 67 107 100 1 51 113 99 1 11 131 72 1 35 102 44 1 0 0 0 0 98 103 61 1 120 83 44 1 52 70 32 1 9 33 0 1 2 25 11 1 49 75 50 1 44 84 78 1 0 0 0 0 7 94 34 1 66 65 44 1 21 31 25 1 8 36 14 1 0 70 41 1 0 41 71 1 33 75 65 1 0 0 0 0 2 41 45 1 0 39 21 1 15 74 15 1 0 69 14 1 0 35 50 1 0 58 14 1
76 83 32 1 63 74 79 1 59 80 45 1 15 41 12 1 1 21 15 1 0 0 0 0 0 0 0 0 11 53 61 1 28 27 30 1 9 41 28 1 40 94 30 1 76 106 89 1 61 60 65 1 6 97 44 1 35 65 14 1 3 15 13 1 132 129 110 1 105 134 118 1 0 0 0 0 37 61 18 1 0 0 0 0 0 0 0 0 77 103 33 1 86 98 58 1 74 134 50 1 54 113 38 1 0 0 0 0 92 99 80 1 0 0 0 0 53 75 31 1 0 0 0 0 29 42 32 1 47 86 26 1 34 0 4 1 86 55 68 1 77 90 71 1 83 132 73 1 80 103 61 1 69 103 84 1 0 0 0 0 86 108 48 1 44 111 30 1 0 0 0 0 50 86 29 1 6 38 57 1 17 45 0 1 0 18 6 1 15 15 44 1 16 37 5 1 16 34 30 1 0 36 4 1 0 57 15 1 11 1 33 1 0 71 14 1 0 17 33 1 8 30 41 1 9 76 55 1 40 101 39 1 2 60 68 1 53 101 31 1 13 38 21 1 1 29 32 1
61 29 26 1 64 73 36 1 0 72 2 1 22 62 11 1 28 13 22 1 0 31 50 1 0 66 37 1 0 14 46 1 0 14 25 1 16 27 13 1 0 15 1 1 43 70 67 1 0 0 0 0 45 55 66 1 33 71 20 1 64 103 33 1 40 130 107 1 115 179 153 1 74 56 84 1 0 43 10 1 32 86 56 1 95 115 56 1 44 101 46 1 21 79 45 1 99 105 31 1 40 64 63 1 51 86 52 1 32 62 90 1 30 74 75 1 18 23 30 1 30 65 63 1 5 20 49 1 14 20 31 1 21 45 34 1 28 76 17 1 46 61 6 1 30 109 37 1 74 60 65 1 78 140 101 1 101 77 88 1 61 116 14 1 0 0 0 0 91 75 24 1 18 48 31 1 36 75 23 1 31 32 0 1 0 20 0 1 21 65 19 1 31 1 45 1 0 8 35 1 0 28 17 1 6 11 0 1 0 30 37 1 39 39 11 1 0 0 0 0 0 45 50 1 17 56 81 1 0 57 16 1 96 95 129 1 58 79 71 1 2 64 31 1 0 0 0 1
0 0 0 0 48 86 19 1 0 0 0 0 30 63 43 1 29 83 49 1 14 67 14 1 0 72 23 1 1 86 10 1 15 0 0 1 0 24 22 1 0 26 0 1 74 55 52 1 16 86 58 1 0 39 25 1 44 67 67 1 59 85 40 1 113 128 113 1 82 104 111 1 81 80 33 1 0 0 0 0 23 53 22 1 85 146 74 1 91 122 73 1 19 62 63 1 54 79 40 1 107 131 108 1 89 107 60 1 36 16 36 1 19 53 33 1 57 106 89 1 18 43 35 1 0 45 48 1 11 22 47 1 42 102 33 1 0 35 45 1 26 45 46 1 0 0 0 0 39 69 75 1 66 98 44 1 77 100 43 1 77 100 60 1 79 57 18 1 70 87 62 1 7 63 90 1 37 50 15 1 14 0 29 1 0 32 0 1 0 0 0 0 0 8 10 1 6 49 19 1 0 41 1 1 0 41 10 1 0 11 0 1 25 20 50 1 6 28 33 1 31 24 22 1 26 38 41 1 16 62 11 1 29 47 53 1 63 87 60 1 32 45 18 1 0 0 0 1
142 130 69 1 110 121 138 1 143 91 86 1 100 113 121 1 57 44 0 1 38 64 19 1 65 42 47 1 39 56 72 1 57 50 26 1 0 57 16 1 49 47 40 1 36 91 13 1 19 51 50 1 0 0 0 0 43 0 18 1 0 0 0 0 113 153 80 1 0 0 0 0 69 91 62 1 46 109 35 1 14 109 84 1 46 79 23 1 72 95 80 1 125 103 112 1 69 134 83 1 66 100 80 1 40 82 52 1 41 58 54 1 0 31 26 1 0 12 0 1 0 0 0 1 0 18 11 1 19 50 0 1 49 26 25 1 88 53 55 1 0 52 50 1 30 25 53 1 25 26 34 1 47 92 77 1 78 96 87 1 102 168 78 1 90 107 57 1 48 103 54 1 43 105 41 1 68 91 44 1 79 68 37 1 51 35 37 1 0 36 13 1 0 0 0 0 0 19 0 1 20 1 1 1 26 5 9 1 0 42 32 1 0 34 17 1 23 23 68 1 36 89 49 1 4 6 54 1 0 9 6 1 0 18 54 1 0 36 13 1 5 39 0 1 0 23 36 1
99 82 58 1 0 0 0 0 113 123 65 1 127 142 154 1 77 76 61 1 9 7 0 1 0 33 15 1 0 11 16 1 4 21 0 1 24 39 18 1 0 27 48 1 47 47 40 1 55 120 37 1 69 48 51 1 75 64 56 1 16 68 62 1 91 152 74 1 117 136 132 1 41 115 107 1 83 78 22 1 31 41 45 1 59 88 80 1 55 104 66 1 53 99 67 1 25 76 27 1 0 38 22 1 0 36 0 1 8 26 42 1 0 58 6 1 0 49 0 1 1 58 40 1 23 69 53 1 0 39 16 1 21 0 0 1 29 31 17 1 14 0 16 1 26 61 26 1 45 63 0 1 47 74 47 1 21 18 0 1 92 72 50 1 0 0 0 0 24 70 44 1 39 52 26 1 57 55 33 1 0 0 0 0 69 111 85 1 30 77 18 1 2 42 33 1 0 49 15 1 11 16 9 1 49 93 52 1 0 0 0 0 32 75 44 1 0 56 6 1 0 0 4 1 6 94 26 1 20 19 15 1 0 49 23 1 9 42 41 1 2 39 16 1 18 0 0 1
0 0 0 0 77 79 32 1 108 75 74 1 118 124 132 1 101 76 69 1 10 55 18 1 29 69 29 1 18 50 32 1 16 35 0 1 0 37 68 1 60 80 45 1 38 73 73 1 41 37 43 1 42 8 42 1 9 80 0 1 24 67 29 1 91 124 93 1 127 161 137 1 94 122 107 1 87 127 81 1 49 76 58 1 27 39 32 1 27 75 35 1 75 85 53 1 21 49 31 1 0 0 45 1 0 0 20 1 10 12 38 1 0 74 0 1 9 13 39 1 0 15 0 1 113 83 103 1 30 95 92 1 17 54 0 1 0 0 0 0 8 70 36 1 53 46 17 1 34 61 12 1 0 50 52 1 0 0 0 0 11 26 12 1 41 49 23 1 93 114 87 1 26 106 22 1 29 63 4 1 12 54 46 1 0 0 0 0 0 0 0 0 0 0 0 0 4 9 21 1 41 61 28 1 89 66 57 1 35 44 56 1 0 61 28 1 0 2 23 1 0 46 23 1 0 41 16 1 10 62 2 1 0 0 0 0 21 23 21 1 0 0 0 0 0 0 51 1
74 118 57 1 76 68 53 1 93 56 55 1 95 137 108 1 117 92 94 1 88 97 56 1 91 119 85 1 47 73 13 1 0 0 0 0 35 37 0 1 29 74 63 1 18 77 31 1 29 84 37 1 0 0 0 0 0 46 28 1 90 67 48 1 116 126 99 1 131 120 113 1 86 104 87 1 0 0 0 0 0 0 0 0 24 31 7 1 21 67 50 1 28 13 0 1 0 54 0 1 29 59 0 1 0 0 0 0 40 40 45 1 52 54 5 1 56 88 13 1 64 52 48 1 67 125 44 1 79 116 71 1 63 105 74 1 59 76 35 1 0 39 0 1 32 13 14 1 39 47 21 1 4 43 17 1 0 27 0 1 0 0 0 0 41 62 27 1 60 117 42 1 34 93 83 1 37 55 44 1 0 40 0 1 1 53 31 1 0 0 0 0 30 64 13 1 0 73 8 1 45 84 38 1 19 37 50 1 2 32 0 1 38 56 34 1 5 33 9 1 0 2 16 1 28 44 15 1 0 3 16 1 4 75 0 1 39 11 0 1 39 15 7 1 5 57 0 1
58 71 6 1 81 102 35 1 96 93 104 1 113 129 85 1 158 99 115 1 99 131 135 1 85 112 85 1 46 102 49 1 22 45 44 1 0 0 0 0 40 64 38 1 63 67 36 1 99 125 114 1 65 134 92 1 19 57 59 1 32 114 55 1 61 78 28 1 0 0 0 0 75 116 107 1 0 0 0 0 67 91 61 1 89 106 17 1 41 47 35 1 0 17 8 1 0 12 28 1 0 15 4 1 59 81 78 1 34 75 28 1 64 68 53 1 60 100 41 1 76 128 83 1 59 96 73 1 70 98 52 1 76 112 86 1 79 101 49 1 0 18 0 1 16 18 53 1 0 44 40 1 0 34 4 1 33 43 32 1 24 42 20 1 48 41 29 1 49 57 63 1 34 101 62 1 90 102 51 1 27 62 68 1 0 41 43 1 0 33 0 1 5 41 0 1 24 44 24 1 0 51 22 1 30 78 37 1 0 37 34 1 3 37 14 1 49 19 1 1 0 5 16 1 10 21 14 1 30 34 6 1 1 9 62 1 0 17 22 1 0 0 21 1 0 39 28 1
62 92 26 1 0 0 0 0 14 42 36 1 51 79 69 1 0 0 0 0 94 62 73 1 105 103 66 1 71 84 51 1 43 31 23 1 32 67 51 1 42 102 57 1 24 40 41 1 32 110 53 1 0 0 0 0 31 40 25 1 0 0 0 0 8 24 32 1 91 94 51 1 88 124 58 1 78 94 57 1 59 79 56 1 59 92 92 1 101 123 56 1 22 80 41 1 65 50 76 1 50 62 24 1 0 0 0 0 59 99 94 1 0 0 0 0 72 93 121 1 34 97 58 1 33 80 35 1 55 123 23 1 67 70 67 1 84 61 88 1 89 72 79 1 37 34 47 1 0 18 31 1 4 0 22 1 34 0 33 1 10 62 21 1 39 96 25 1 20 25 7 1 34 44 83 1 0 0 0 0 52 56 19 1 0 0 0 0 0 4 0 1 6 56 31 1 13 44 23 1 0 0 0 0 105 127 104 1 75 112 112 1 45 42 4 1 0 20 0 1 25 35 27 1 36 65 54 1 0 48 24 1 0 0 0 0 9 53 10 1 18 14 72 1 6 39 54 1
153 168 88 1 79 111 98 1 57 98 83 1 0 0 0 0 55 75 48 1 67 90 56 1 38 74 55 1 28 47 56 1 26 7 0 1 0 0 0 0 40 34 39 1 41 79 72 1 113 133 90 1 81 47 88 1 48 57 61 1 55 124 40 1 0 0 0 0 61 118 73 1 43 100 26 1 70 117 62 1 60 90 26 1 0 61 69 1 101 88 95 1 0 0 0 0 102 103 76 1 54 135 100 1 81 70 51 1 57 80 45 1 58 105 3 1 85 104 31 1 74 79 23 1 65 84 12 1 25 66 33 1 75 104 43 1 39 91 62 1 67 53 59 1 5 82 80 1 64 60 57 1 34 72 58 1 28 91 30 1 12 60 32 1 24 56 19 1 0 44 2 1 19 37 24 1 37 52 2 1 0 42 5 1 62 42 0 1 1 20 18 1 0 35 26 1 31 58 33 1 0 0 0 0 53 123 119 1 109 100 102 1 56 88 72 1 44 55 28 1 0 0 0 0 11 41 64 1 30 49 76 1 26 14 8 1 0 19 0 1 23 56 4 1 3 5 13 1
0 44 3 1 43 96 41 1 0 78 10 1 66 49 43 1 79 95 28 1 90 89 81 1 88 77 48 1 53 54 47 1 0 38 0 1 24 77 1 1 43 96 26 1 27 54 20 1 61 83 29 1 64 61 50 1 32 83 67 1 47 122 71 1 78 45 9 1 82 110 66 1 76 78 90 1 0 0 0 0 53 114 87 1 0 0 0 0 102 96 26 1 65 94 37 1 76 115 85 1 0 0 0 0 29 96 51 1 67 97 44 1 46 78 57 1 60 95 47 1 105 123 42 1 70 80 22 1 64 74 66 1 77 82 59 1 74 85 74 1 65 81 83 1 40 96 47 1 32 81 34 1 42 70 49 1 66 61 104 1 108 96 58 1 62 85 48 1 13 67 1 1 57 29 49 1 1 11 21 1 20 40 57 1 50 58 11 1 38 32 57 1 0 39 30 1 0 49 9 1 29 56 59 1 91 88 67 1 118 135 117 1 68 119 52 1 0 0 0 0 21 35 0 1 3 49 33 1 8 80 31 1 16 46 53 1 0 10 41 1 21 43 49 1 23 2 39 1
111 136 86 1 54 101 82 1 56 81 0 1 18 31 27 1 77 97 52 1 61 91 79 1 117 131 117 1 93 81 58 1 19 28 1 1 90 99 55 1 89 107 122 1 80 93 66 1 30 58 57 1 56 97 38 1 56 47 22 1 56 68 77 1 31 77 50 1 85 83 98 1 50 76 99 1 30 39 35 1 58 77 108 1 34 62 25 1 42 72 0 1 66 107 14 1 0 0 0 0 90 85 60 1 88 108 78 1 0 0 0 0 131 71 69 1 0 0 0 0 29 87 65 1 38 78 48 1 93 92 42 1 40 74 46 1 85 79 74 1 79 78 105 1 64 105 60 1 29 14 71 1 12 53 0 1 54 46 32 1 33 83 74 1 42 54 63 1 0 29 14 1 0 23 31 1 62 24 30 1 17 0 34 1 40 67 22 1 62 19 0 1 36 52 31 1 0 0 0 0 24 38 8 1 36 26 0 1 53 58 45 1 0 0 0 0 31 66 49 1 0 30 0 1 0 0 0 0 0 57 0 1 31 40 21 1 22 25 32 1 50 0 29 1 0 0 0 0
44 60 42 1 28 72 61 1 0 0 0 0 27 56 48 1 31 92 56 1 47 78 46 1 79 107 119 1 120 100 104 1 35 93 33 1 13 56 43 1 53 71 26 1 47 77 54 1 66 94 53 1 65 107 61 1 51 77 36 1 95 82 55 1 113 130 105 1 123 77 93 1 74 65 59 1 20 66 26 1 40 53 41 1 47 63 23 1 63 72 37 1 18 42 70 1 44 45 69 1 98 117 37 1 127 120 69 1 65 131 116 1 91 50 64 1 70 101 63 1 92 101 114 1 87 94 57 1 11 64 29 1 44 78 54 1 83 106 22 1 0 0 0 0 42 72 57 1 73 52 41 1 81 65 74 1 21 78 55 1 55 42 22 1 0 0 0 0 0 18 6 1 0 31 46 1 0 0 0 0 0 33 19 1 17 73 28 1 65 78 35 1 34 30 58 1 46 72 49 1 14 43 45 1 18 2 0 1 0 34 5 1 10 9 65 1 7 65 15 1 4 54 35 1 0 65 47 1 37 62 0 1 0 73 46 1 0 35 19 1 32 38 52 1 106 83 60 1
0 0 0 0 28 25 12 1 29 5 43 1 24 57 0 1 46 62 30 1 35 58 44 1 17 45 43 1 56 55 100 1 66 87 55 1 25 45 56 1 0 59 40 1 28 24 16 1 43 85 81 1 77 84 39 1 0 59 22 1 33 59 24 1 67 67 69 1 77 95 95 1 83 86 44 1 95 108 108 1 24 65 15 1 62 103 21 1 73 133 120 1 45 102 59 1 60 119 65 1 55 82 56 1 60 105 43 1 85 121 67 1 51 105 82 1 23 81 30 1 55 65 59 1 42 97 50 1 54 59 48 1 45 100 32 1 33 115 34 1 67 103 31 1 0 90 53 1 49 76 33 1 52 67 67 1 38 69 0 1 33 45 35 1 0 19 21 1 0 0 0 0 4 33 30 1 21 0 60 1 35 29 33 1 30 27 0 1 0 15 31 1 15 80 31 1 29 79 47 1 59 62 42 1 4 47 9 1 6 8 0 1 14 71 38 1 32 68 40 1 62 49 14 1 10 29 27 1 0 5 20 1 59 119 27 1 40 24 41 1 11 7 0 1 48 67 46 1
20 0 23 1 0 0 0 0 45 47 0 1 68 125 75 1 79 87 87 1 0 66 52 1 0 0 0 0 49 32 45 1 36 84 46 1 0 0 0 0 35 81 69 1 27 47 80 1 67 127 45 1 58 69 80 1 42 47 23 1 70 50 57 1 74 98 53 1 87 109 86 1 68 153 110 1 87 121 119 1 70 52 53 1 125 91 58 1 86 147 124 1 62 94 71 1 52 99 71 1 30 46 33 1 50 102 91 1 94 86 77 1 68 95 79 1 64 44 41 1 81 70 74 1 54 109 35 1 67 67 48 1 124 84 64 1 54 124 54 1 56 101 29 1 53 69 9 1 32 32 31 1 80 54 54 1 20 50 47 1 0 28 55 1 0 78 32 1 31 6 11 1 0 27 0 1 36 50 12 1 5 34 0 1 0 0 0 0 35 0 4 1 4 38 0 1 14 45 28 1 54 51 22 1 0 54 10 1 0 0 0 0 33 96 68 1 51 61 64 1 28 74 59 1 35 37 12 1 0 45 10 1 0 67 44 1 0 31 0 1 0 28 9 1 18 46 12 1
8 0 21 1 46 92 36 1 102 89 39 1 58 112 125 1 46 56 65 1 4 0 22 1 9 27 47 1 49 59 40 1 52 39 10 1 41 38 0 1 91 69 55 1 55 77 83 1 117 100 85 1 70 128 82 1 82 71 44 1 14 76 36 1 93 87 61 1 43 88 27 1 28 91 79 1 102 68 49 1 37 77 50 1 115 108 69 1 22 61 8 1 42 58 36 1 0 25 3 1 21 57 19 1 0 83 32 1 47 36 62 1 57 59 63 1 29 62 53 1 33 78 70 1 24 73 50 1 67 97 70 1 85 90 61 1 56 62 67 1 55 27 33 1 80 74 41 1 79 85 71 1 0 0 0 0 0 0 0 0 10 14 4 1 1 18 0 1 0 32 6 1 23 9 0 1 26 50 6 1 13 93 52 1 44 44 55 1 21 27 43 1 19 35 12 1 0 66 32 1 6 43 2 1 39 20 22 1 39 52 50 1 29 72 43 1 54 54 80 1 98 99 87 1 84 53 106 1 0 51 9 1 14 17 29 1 24 69 1 1 0 45 0 1 0 27 19 1
53 100 47 1 97 115 95 1 104 105 91 1 49 35 0 1 0 0 0 0 54 97 24 1 16 26 0 1 0 22 37 1 109 75 76 1 14 17 26 1 86 125 67 1 53 132 110 1 118 146 90 1 35 120 55 1 55 54 35 1 79 57 32 1 53 98 104 1 62 115 78 1 0 0 0 0 103 93 88 1 15 95 23 1 43 70 28 1 18 68 49 1 58 77 62 1 0 0 0 0 12 58 24 1 56 50 12 1 0 0 0 0 0 36 9 1 27 30 8 1 27 38 31 1 56 49 18 1 73 57 64 1 45 51 0 1 74 65 70 1 76 87 79 1 0 0 0 0 24 56 36 1 0 33 76 1 55 91 76 1 0 41 43 1 15 65 22 1 6 28 21 1 0 55 23 1 4 38 0 1 54 96 56 1 38 118 104 1 38 94 51 1 38 54 13 1 2 60 0 1 93 91 31 1 53 77 61 1 20 47 2 1 6 3 0 1 43 46 0 1 101 86 87 1 86 68 78 1 0 10 5 1 0 59 0 1 2 43 8 1 4 58 0 1 0 33 28 1
101 106 63 1 84 121 105 1 0 0 0 0 15 53 37 1 47 95 56 1 20 53 9 1 30 82 34 1 0 50 18 1 0 27 20 1 46 81 58 1 40 103 21 1 76 61 82 1 48 109 67 1 30 24 1 1 78 62 103 1 112 130 84 1 108 152 78 1 62 123 54 1 84 110 107 1 85 129 73 1 73 84 45 1 58 32 8 1 67 71 57 1 13 107 66 1 35 88 14 1 113 111 70 1 65 96 67 1 84 110 45 1 43 59 62 1 49 38 22 1 47 102 59 1 4 60 18 1 45 44 30 1 0 0 0 0 0 68 37 1 12 75 30 1 31 32 45 1 34 64 14 1 53 61 75 1 53 106 84 1 31 45 35 1 0 46 28 1 39 31 0 1 35 62 39 1 29 55 0 1 22 60 10 1 20 64 60 1 27 79 75 1 65 97 55 1 29 74 39 1 86 32 41 1 0 0 0 0 12 25 66 1 5 12 0 1 0 5 0 1 1 48 22 1 30 75 0 1 5 77 50 1 16 21 47 1 10 30 0 1 0 11 0 1 0 20 1 1
132 116 124 1 84 108 108 1 123 124 38 1 0 70 0 1 42 34 43 1 71 17 39 1 37 46 35 1 21 6 19 1 19 0 12 1 19 65 76 1 83 68 63 1 28 94 17 1 0 104 0 1 47 79 21 1 56 115 43 1 145 161 110 1 133 165 103 1 68 82 57 1 64 73 79 1 71 103 52 1 42 83 1 1 53 42 27 1 58 91 29 1 46 45 68 1 89 63 86 1 89 95 44 1 35 74 54 1 47 80 19 1 59 83 34 1 53 89 0 1 53 104 82 1 62 72 73 1 44 121 74 1 41 82 12 1 38 96 6 1 31 7 0 1 0 68 0 1 47 50 28 1 48 49 72 1 25 56 31 1 45 40 1 1 37 39 0 1 11 37 68 1 12 55 48 1 0 0 0 0 16 35 0 1 0 0 0 0 45 74 44 1 98 126 57 1 0 0 0 0 75 41 47 1 0 0 0 1 4 76 0 1 13 47 0 1 0 0 2 1 4 25 24 1 44 42 0 1 81 117 57 1 73 93 46 1 94 67 75 1 42 72 24 1 25 58 0 1
70 86 82 1 118 112 78 1 66 124 91 1 0 0 0 0 14 40 0 1 82 62 44 1 23 32 3 1 4 14 0 1 19 68 30 1 68 103 87 1 64 84 44 1 73 104 49 1 64 83 53 1 116 102 88 1 151 190 139 1 111 161 101 1 88 109 99 1 24 67 16 1 128 108 88 1 94 99 86 1 89 85 78 1 18 80 44 1 86 60 60 1 52 75 77 1 25 77 75 1 81 69 25 1 18 93 30 1 77 94 6 1 0 0 0 0 68 91 49 1 70 81 54 1 75 111 77 1 57 82 77 1 26 35 13 1 16 3 27 1 48 45 14 1 10 82 25 1 0 37 3 1 0 25 3 1 13 47 28 1 8 32 19 1 60 18 4 1 0 26 11 1 40 42 27 1 43 68 9 1 35 36 22 1 52 64 0 1 50 34 41 1 10 48 0 1 2 44 31 1 0 23 42 1 18 16 41 1 11 80 22 1 0 0 0 0 0 8 13 1 0 76 49 1 0 21 0 1 2 47 38 1 15 22 8 1 57 78 63 1 88 139 58 1 55 41 65 1
107 75 45 1 0 53 0 1 39 77 23 1 22 84 0 1 0 0 0 0 29 79 53 1 44 56 48 1 59 86 37 1 60 109 62 1 103 88 62 1 155 125 139 1 50 77 43 1 56 87 65 1 115 127 98 1 132 125 143 1 82 104 113 1 89 85 48 1 45 92 73 1 71 80 97 1 70 74 81 1 38 62 36 1 22 61 56 1 15 101 95 1 57 70 56 1 33 43 51 1 51 83 48 1 63 126 52 1 56 57 76 1 44 89 41 1 43 70 48 1 44 72 50 1 74 69 28 1 54 70 58 1 28 25 67 1 23 11 0 1 20 79 18 1 62 79 80 1 19 34 31 1 0 20 29 1 52 62 75 1 82 87 44 1 4 20 2 1 11 43 0 1 50 44 11 1 14 67 79 1 51 90 60 1 30 44 0 1 41 63 16 1 26 14 24 1 0 34 24 1 12 29 35 1 7 6 15 1 0 68 39 1 50 39 16 1 0 49 7 1 0 0 0 0 37 17 0 1 23 37 0 1 0 37 16 1 22 36 26 1 27 78 22 1 41 81 51 1
63 81 46 1 35 0 0 1 21 54 21 1 64 37 4 1 0 0 0 0 37 61 36 1 0 0 0 0 112 115 82 1 86 117 89 1 0 0 0 0 92 132 80 1 0 0 0 0 21 71 22 1 133 135 118 1 103 101 86 1 0 0 0 0 59 77 86 1 37 108 70 1 66 62 6 1 18 44 28 1 56 84 54 1 74 80 63 1 44 81 66 1 68 82 3 1 30 47 63 1 49 124 69 1 49 60 43 1 55 74 51 1 46 120 57 1 54 74 41 1 11 83 34 1 38 42 69 1 0 0 0 0 28 48 68 1 10 66 16 1 12 50 0 1 35 56 0 1 0 36 50 1 0 59 56 1 53 71 18 1 52 73 67 1 73 91 95 1 0 0 0 0 2 38 11 1 0 56 0 1 79 53 96 1 21 51 48 1 34 81 22 1 0 75 54 1 0 35 39 1 0 31 0 1 0 29 0 1 0 0 0 0 20 19 7 1 0 0 0 1 47 29 67 1 0 39 27 1 18 45 0 1 13 18 1 1 0 0 0 0 0 0 0 0 2 60 31 1
72 106 96 1 54 88 43 1 18 59 34 1 15 69 60 1 41 92 3 1 20 16 63 1 63 120 40 1 0 0 0 0 100 112 94 1 82 97 77 1 0 0 0 0 98 116 88 1 92 116 66 1 42 74 65 1 81 86 67 1 0 0 0 0 48 31 107 1 45 78 32 1 21 50 23 1 60 93 16 1 57 77 36 1 78 107 56 1 104 95 47 1 42 93 59 1 59 139 92 1 19 118 59 1 63 73 38 1 41 87 62 1 82 124 44 1 58 54 32 1 86 37 30 1 9 50 10 1 16 36 2 1 12 36 17 1 9 33 10 1 0 0 15 1 12 14 4 1 10 0 5 1 5 37 15 1 32 50 60 1 0 55 26 1 56 118 14 1 42 18 1 1 3 43 39 1 0 32 17 1 27 8 4 1 20 25 20 1 59 58 0 1 0 23 48 1 7 43 27 1 7 36 32 1 72 55 68 1 0 0 0 0 0 22 15 1 0 36 3 1 25 31 13 1 23 15 7 1 0 27 0 1 0 52 2 1 9 45 1 1 26 43 18 1 21 2 29 1
93 96 82 1 63 88 36 1 38 56 40 1 73 77 62 1 43 118 64 1 57 74 90 1 45 100 64 1 0 0 0 0 78 78 91 1 96 142 88 1 108 93 96 1 130 134 55 1 103 99 73 1 0 0 0 0 61 94 84 1 0 0 0 0 72 92 28 1 65 97 39 1 51 71 74 1 56 56 107 1 100 92 91 1 0 0 0 0 83 126 78 1 57 92 90 1 43 86 42 1 19 48 15 1 55 73 57 1 57 31 55 1 69 78 77 1 31 79 46 1 15 57 26 1 0 53 17 1 11 20 40 1 21 6 0 1 11 35 27 1 11 9 21 1 0 30 0 1 0 0 0 1 41 63 23 1 56 62 32 1 0 30 0 1 0 0 24 1 0 0 0 0 36 64 34 1 0 27 5 1 32 1 27 1 0 2 15 1 0 0 0 0 0 0 0 0 36 31 44 1 0 0 0 0 0 66 17 1 37 29 31 1 1 38 27 1 21 33 28 1 0 14 7 1 17 70 43 1 67 89 10 1 12 76 91 1 8 69 37 1 6 59 15 1 0 48 6 1