3
203 48 60 70
33 30 16 1 0 0 0 0 46 12 19 1 36 29 6 1 21 26 21 1 3 47 0 1 39 42 29 1 42 47 42 1 0 43 26 1 0 0 0 0 8 67 51 1 31 49 0 1 36 28 14 1 32 83 33 1 50 33 1 1 65 33 3 1 18 29 33 1 25 45 46 1 70 40 28 1 2 74 32 1 39 93 19 1 0 0 0 0 67 107 116 1 37 59 0 1 28 70 42 1 24 50 18 1 59 60 18 1 34 85 0 1 53 64 43 1 73 47 8 1 21 71 30 1 59 34 52 1 42 37 0 1 29 43 10 1 35 57 0 1 24 0 3 1 39 58 23 1 10 31 45 1 15 63 13 1 11 74 44 1 20 55 0 1 21 47 4 1 43 31 21 1 31 20 0 1 36 39 50 1 54 25 0 1 8 24 0 1 0 0 3 1 33 104 0 1 48 26 27 1 42 59 34 1 11 59 0 1 47 56 25 1 0 0 0 0 22 24 27 1 48 74 0 1 0 0 0 0 32 52 6 1 35 48 36 1 18 65 34 1 52 53 44 1 90 80 32 1 14 46 60 1 13 47 9 1 12 58 21 1 17 42 14 1 0 0 0 0 71 64 53 1 42 27 47 1 83 81 20 1
33 72 0 1 23 26 2 1 13 52 14 1 51 61 34 1 13 19 23 1 56 19 10 1 37 43 3 1 31 45 8 1 0 53 24 1 41 40 13 1 52 37 25 1 0 46 33 1 19 70 22 1 0 0 0 0 0 0 0 0 30 88 48 1 32 56 21 1 37 65 7 1 57 0 0 1 26 53 22 1 73 128 43 1 55 79 54 1 22 76 28 1 23 40 0 1 60 4 18 1 1 19 24 1 49 67 0 1 52 16 0 1 24 38 0 1 41 52 4 1 19 48 10 1 75 60 0 1 26 62 20 1 16 57 0 1 36 0 3 1 45 55 20 1 40 36 0 1 17 0 16 1 16 50 1 1 22 29 19 1 21 66 33 1 36 85 0 1 46 15 27 1 48 44 5 1 0 60 23 1 45 77 47 1 0 0 0 0 45 47 45 1 33 23 31 1 23 39 4 1 24 52 32 1 24 47 43 1 56 39 0 1 41 60 8 1 0 37 29 1 21 66 31 1 20 80 42 1 0 0 0 0 0 0 0 0 46 113 40 1 0 88 74 1 34 67 40 1 31 62 22 1 0 0 0 0 30 96 8 1 0 0 0 0 49 95 26 1 63 66 97 1 110 88 16 1 0 0 0 0
33 51 2 1 14 65 7 1 53 44 53 1 59 26 16 1 30 53 33 1 0 0 0 0 9 46 5 1 15 51 35 1 0 0 0 0 51 35 0 1 32 64 13 1 48 83 0 1 39 3 44 1 5 29 61 1 49 42 42 1 14 25 14 1 53 52 21 1 33 56 23 1 13 0 4 1 22 43 34 1 53 53 17 1 40 68 0 1 0 0 0 0 22 41 30 1 2 28 0 1 21 51 47 1 45 33 5 1 58 71 19 1 26 36 23 1 49 40 30 1 0 0 20 1 59 10 52 1 34 38 12 1 0 0 0 0 44 61 47 1 19 26 0 1 36 24 31 1 50 34 31 1 30 75 11 1 21 56 38 1 45 60 42 1 37 66 44 1 53 59 20 1 0 44 17 1 66 42 31 1 12 41 10 1 28 58 20 1 0 0 0 0 0 75 0 1 16 19 3 1 12 21 0 1 44 19 20 1 42 25 8 1 0 0 0 0 42 24 38 1 74 72 33 1 75 91 42 1 48 83 70 1 49 58 0 1 43 59 32 1 42 81 28 1 0 28 47 1 43 71 9 1 41 50 52 1 27 44 39 1 38 50 16 1 70 70 29 1 76 60 88 1 54 60 60 1 77 86 67 1
43 30 20 1 27 30 26 1 41 38 0 1 31 34 0 1 51 41 0 1 22 27 55 1 5 50 8 1 17 38 17 1 17 29 9 1 71 69 54 1 32 34 12 1 85 46 42 1 1 17 30 1 86 48 51 1 50 36 40 1 35 23 47 1 20 33 39 1 17 15 9 1 52 12 0 1 33 33 5 1 50 99 7 1 17 54 3 1 25 16 48 1 33 29 28 1 36 48 9 1 0 66 22 1 19 45 18 1 14 89 7 1 17 74 25 1 36 19 63 1 12 51 35 1 72 73 40 1 94 84 68 1 27 65 31 1 17 16 27 1 49 36 0 1 20 74 42 1 37 46 6 1 0 38 0 1 0 0 0 0 34 54 0 1 54 49 15 1 34 58 0 1 3 15 37 1 43 64 1 1 18 11 46 1 22 28 25 1 23 9 18 1 0 16 14 1 9 57 0 1 0 35 39 1 18 16 17 1 25 39 4 1 10 54 34 1 48 26 8 1 0 0 0 0 51 68 22 1 40 47 62 1 65 26 37 1 0 0 0 0 53 75 37 1 39 71 20 1 44 66 21 1 21 68 16 1 75 29 46 1 52 64 0 1 59 69 35 1 60 99 51 1 53 68 49 1 80 74 34 1
30 73 19 1 46 44 6 1 28 29 0 1 0 0 0 0 0 0 0 0 23 67 23 1 44 37 24 1 42 51 22 1 0 64 45 1 29 22 16 1 0 0 0 0 34 51 12 1 51 81 0 1 0 0 0 0 36 82 18 1 17 28 30 1 21 57 31 1 0 0 0 0 44 20 17 1 67 60 23 1 22 48 33 1 90 75 36 1 50 41 21 1 54 29 14 1 51 53 0 1 47 0 27 1 34 51 0 1 13 39 0 1 94 29 37 1 55 48 41 1 56 88 43 1 92 90 39 1 59 107 51 1 0 0 0 0 25 24 0 1 0 0 0 0 0 54 35 1 0 0 0 0 26 63 61 1 67 25 49 1 66 31 0 1 30 64 0 1 34 20 60 1 7 44 2 1 16 20 0 1 33 18 32 1 16 34 70 1 33 26 39 1 48 68 2 1 19 42 37 1 63 64 48 1 30 0 12 1 26 22 26 1 50 19 18 1 52 51 0 1 0 80 0 1 53 61 52 1 72 62 69 1 49 106 25 1 95 73 49 1 58 62 16 1 53 70 41 1 74 55 13 1 0 0 0 0 61 37 38 1 85 75 28 1 58 50 56 1 65 50 48 1 62 70 44 1 51 42 25 1
38 17 46 1 38 49 18 1 9 41 44 1 56 45 38 1 47 70 50 1 61 68 0 1 34 50 43 1 0 0 0 0 41 16 55 1 44 44 29 1 35 79 31 1 27 50 42 1 0 62 0 1 74 83 73 1 27 33 36 1 23 54 30 1 28 74 23 1 27 74 33 1 25 32 0 1 45 45 13 1 54 90 63 1 46 86 29 1 55 64 28 1 14 42 29 1 34 27 0 1 16 29 18 1 7 3 14 1 60 59 31 1 95 106 96 1 58 62 90 1 57 98 75 1 121 118 140 1 82 76 24 1 66 11 10 1 32 25 17 1 0 52 0 1 0 37 15 1 29 20 2 1 21 39 0 1 23 39 9 1 0 0 0 0 46 25 20 1 43 23 26 1 0 41 18 1 28 25 23 1 35 28 11 1 26 31 0 1 7 56 39 1 0 0 0 0 33 0 9 1 0 0 0 0 31 44 56 1 34 22 0 1 38 38 33 1 28 63 16 1 18 19 58 1 46 67 0 1 59 66 12 1 53 51 14 1 46 64 16 1 33 65 20 1 72 22 63 1 91 83 32 1 88 81 47 1 54 66 27 1 81 73 11 1 58 69 60 1 30 67 15 1 51 55 49 1 69 74 53 1
20 79 22 1 72 51 59 1 19 30 16 1 30 42 1 1 0 0 0 0 0 0 0 0 0 0 0 0 0 0 0 0 32 46 18 1 44 50 22 1 33 50 25 1 0 0 0 0 0 0 0 0 43 9 27 1 37 59 21 1 40 74 0 1 37 49 30 1 101 89 46 1 0 0 0 0 21 81 37 1 66 51 40 1 13 13 8 1 0 0 0 0 20 65 34 1 22 0 0 1 30 36 7 1 66 48 5 1 79 60 61 1 0 0 0 0 100 106 93 1 118 102 81 1 82 49 109 1 44 51 46 1 0 0 0 0 7 60 40 1 5 36 36 1 16 6 1 1 15 1 8 1 39 26 43 1 27 54 19 1 18 46 10 1 0 58 33 1 16 21 0 1 23 69 0 1 12 64 8 1 18 27 0 1 8 36 20 1 33 28 7 1 30 35 19 1 29 44 17 1 0 0 0 0 31 54 63 1 52 44 6 1 39 60 0 1 60 16 32 1 12 56 31 1 54 75 0 1 45 41 39 1 47 82 18 1 34 72 31 1 0 0 0 0 43 64 4 1 87 34 63 1 48 86 0 1 66 65 18 1 42 74 29 1 63 32 24 1 44 37 58 1 70 84 32 1 63 69 38 1
25 35 16 1 51 56 40 1 33 37 35 1 50 24 64 1 29 10 44 1 15 88 11 1 9 51 29 1 21 39 52 1 32 37 1 1 38 30 35 1 51 31 22 1 43 45 10 1 0 33 30 1 47 77 12 1 44 36 0 1 31 56 25 1 0 0 0 0 49 83 51 1 22 71 0 1 54 73 60 1 28 64 22 1 44 62 20 1 36 41 16 1 47 47 42 1 55 33 8 1 43 4 69 1 38 83 7 1 59 79 4 1 111 96 114 1 0 0 0 0 123 151 107 1 87 85 84 1 23 67 67 1 36 22 0 1 47 29 57 1 25 43 17 1 39 24 0 1 0 27 0 1 61 37 52 1 17 49 23 1 27 38 8 1 35 44 2 1 0 17 0 1 16 50 35 1 0 0 0 0 0 22 12 1 48 8 28 1 21 60 22 1 0 44 9 1 0 0 0 0 17 12 0 1 52 31 32 1 38 55 20 1 1 82 50 1 0 0 0 0 46 31 8 1 44 89 6 1 60 56 71 1 31 75 37 1 0 0 0 0 51 23 0 1 65 82 0 1 50 84 23 1 71 101 11 1 27 63 5 1 73 42 26 1 31 83 28 1 75 50 28 1 71 38 28 1 94 30 38 1
55 57 72 1 21 50 44 1 40 45 45 1 9 73 0 1 40 74 20 1 11 85 0 1 26 60 58 1 64 80 0 1 0 0 0 0 31 92 37 1 68 37 43 1 21 54 40 1 20 45 3 1 16 35 52 1 12 60 43 1 12 46 0 1 0 0 0 0 53 50 10 1 67 48 32 1 63 44 28 1 40 55 0 1 0 0 0 0 38 6 41 1 55 77 54 1 54 77 44 1 35 44 29 1 30 55 0 1 0 0 0 0 108 116 123 1 132 102 105 1 92 126 102 1 92 136 115 1 60 56 37 1 25 13 3 1 27 32 0 1 19 2 0 1 2 42 16 1 2 43 0 1 40 58 45 1 0 20 26 1 17 49 29 1 9 24 0 1 11 0 1 1 20 37 1 1 10 38 26 1 27 21 0 1 20 32 11 1 17 35 20 1 34 2 0 1 34 16 0 1 22 29 12 1 19 41 8 1 9 48 29 1 20 57 24 1 23 79 26 1 37 72 20 1 75 95 28 1 56 64 39 1 49 81 29 1 107 85 48 1 0 0 0 0 0 0 0 0 51 99 56 1 49 20 47 1 61 58 1 1 24 111 29 1 62 56 0 1 36 93 35 1 0 0 0 0 21 56 15 1
46 44 0 1 0 69 0 1 0 10 47 1 46 61 35 1 18 25 20 1 44 61 6 1 53 29 18 1 35 49 0 1 0 8 48 1 0 0 0 0 71 55 38 1 31 46 31 1 19 32 56 1 40 49 16 1 16 35 0 1 42 31 0 1 21 68 24 1 14 8 14 1 0 0 0 0 0 0 0 0 5 73 23 1 47 61 31 1 0 0 0 0 44 37 4 1 35 48 39 1 24 14 0 1 25 0 5 1 44 28 0 1 70 57 89 1 0 0 0 0 94 105 65 1 95 102 105 1 41 28 52 1 25 57 34 1 0 0 0 0 15 0 21 1 21 12 3 1 64 38 67 1 41 24 24 1 18 4 0 1 0 0 0 0 0 13 11 1 7 66 11 1 0 53 0 1 37 37 0 1 8 44 29 1 62 21 25 1 52 51 40 1 0 0 0 0 36 0 9 1 32 45 16 1 28 37 0 1 22 0 42 1 35 15 14 1 29 45 56 1 62 103 5 1 0 0 0 0 60 28 34 1 69 69 20 1 0 0 0 0 16 25 50 1 21 88 21 1 58 96 70 1 77 74 31 1 36 51 12 1 46 48 44 1 49 71 23 1 91 65 48 1 39 57 45 1 101 75 25 1
20 35 37 1 48 55 78 1 1 43 22 1 15 17 0 1 56 14 0 1 55 20 0 1 26 52 10 1 17 27 20 1 0 20 54 1 0 37 0 1 36 34 29 1 0 19 2 1 15 1 0 1 1 58 0 1 29 11 33 1 19 41 26 1 37 0 15 1 0 0 0 0 29 3 15 1 17 44 48 1 40 36 0 1 88 43 5 1 65 86 64 1 46 79 15 1 37 42 27 1 0 0 0 0 11 31 0 1 50 48 0 1 4 12 36 1 34 12 0 1 56 79 92 1 116 83 96 1 58 64 37 1 55 18 25 1 45 34 0 1 16 41 39 1 44 28 18 1 27 44 0 1 18 20 27 1 20 18 0 1 4 46 37 1 0 34 0 1 0 56 16 1 55 42 0 1 46 80 10 1 12 32 24 1 29 70 20 1 45 43 2 1 11 50 3 1 4 27 25 1 13 19 6 1 0 49 27 1 0 25 35 1 44 65 26 1 79 88 49 1 68 62 56 1 75 63 23 1 18 79 16 1 36 63 16 1 41 58 40 1 50 71 45 1 53 87 43 1 90 87 41 1 92 77 38 1 30 47 30 1 60 115 57 1 38 45 51 1 98 96 55 1 71 79 35 1 0 0 0 0
28 43 23 1 34 33 0 1 36 55 63 1 5 58 11 1 0 11 24 1 6 37 12 1 29 25 20 1 30 0 13 1 24 0 26 1 29 6 4 1 0 0 0 0 4 0 12 1 61 2 22 1 22 35 0 1 35 28 19 1 0 51 23 1 46 50 0 1 19 26 15 1 6 17 12 1 0 14 0 1 19 22 0 1 0 0 0 0 93 82 117 1 26 46 58 1 55 35 10 1 78 85 24 1 42 36 11 1 54 18 46 1 0 0 0 0 2 60 8 1 25 50 43 1 97 79 95 1 89 59 52 1 28 112 44 1 54 56 44 1 59 51 16 1 35 55 23 1 63 69 12 1 35 50 0 1 14 10 17 1 33 13 58 1 17 63 68 1 71 30 8 1 0 0 0 0 8 34 21 1 64 78 26 1 57 54 19 1 43 84 80 1 11 84 1 1 37 28 15 1 58 52 27 1 0 0 0 0 53 31 12 1 21 83 14 1 21 65 24 1 47 85 55 1 51 87 33 1 52 87 25 1 68 75 45 1 83 120 51 1 47 109 57 1 46 68 20 1 58 98 42 1 61 63 26 1 23 64 23 1 77 45 44 1 80 56 35 1 51 60 0 1 44 65 35 1 41 114 63 1
0 17 36 1 51 1 41 1 16 17 28 1 34 28 41 1 2 20 15 1 0 24 11 1 5 27 19 1 41 13 17 1 23 79 5 1 7 60 0 1 41 69 0 1 35 50 37 1 47 64 58 1 44 19 24 1 41 33 0 1 25 43 22 1 16 13 39 1 16 37 5 1 29 8 3 1 26 35 18 1 0 43 0 1 1 50 20 1 0 0 0 0 44 63 15 1 55 21 24 1 74 60 58 1 42 59 63 1 38 57 20 1 21 16 0 1 20 35 33 1 57 47 41 1 55 96 28 1 37 48 2 1 57 54 54 1 54 63 13 1 9 21 0 1 30 58 0 1 12 64 19 1 59 17 20 1 42 41 23 1 0 34 12 1 49 70 46 1 32 6 36 1 0 48 10 1 77 30 22 1 18 59 6 1 72 38 23 1 44 62 45 1 52 54 0 1 27 57 12 1 29 56 5 1 48 57 7 1 2 97 49 1 64 43 32 1 49 29 18 1 0 0 0 0 73 52 64 1 60 117 32 1 24 55 33 1 103 55 23 1 89 41 32 1 62 98 14 1 70 83 40 1 0 0 0 0 62 86 45 1 58 117 11 1 0 0 0 0 39 81 9 1 30 40 55 1 77 83 13 1
0 21 10 1 20 5 12 1 18 42 4 1 41 0 44 1 0 0 0 0 37 16 7 1 33 25 8 1 42 43 5 1 25 30 0 1 78 30 20 1 71 31 0 1 18 36 23 1 17 95 2 1 32 61 0 1 0 0 0 0 13 19 18 1 43 28 21 1 76 24 16 1 16 42 0 1 47 26 23 1 30 30 5 1 11 27 35 1 0 52 2 1 19 0 10 1 0 29 15 1 0 0 0 0 72 59 63 1 47 43 43 1 36 23 6 1 0 0 0 0 17 58 0 1 18 69 31 1 73 41 0 1 18 44 0 1 47 40 20 1 79 38 25 1 5 39 19 1 35 36 24 1 0 38 55 1 0 0 0 0 43 30 7 1 15 53 49 1 34 38 28 1 63 56 22 1 0 61 39 1 46 73 0 1 62 79 7 1 0 0 0 0 52 78 62 1 36 52 0 1 72 47 7 1 12 99 0 1 37 75 30 1 24 65 10 1 77 34 9 1 40 84 53 1 100 66 22 1 77 73 31 1 85 76 42 1 52 91 76 1 94 88 54 1 82 71 67 1 105 42 45 1 0 0 0 0 28 49 47 1 74 57 8 1 34 42 0 1 77 76 33 1 51 62 25 1 82 64 49 1
0 34 14 1 0 20 0 1 38 50 0 1 12 57 0 1 40 13 11 1 20 7 6 1 22 57 13 1 4 69 35 1 0 0 0 0 56 44 0 1 43 33 25 1 24 43 15 1 8 32 33 1 20 9 27 1 10 31 26 1 5 47 9 1 15 0 15 1 0 0 0 0 1 57 0 1 49 16 34 1 0 17 24 1 21 36 18 1 0 36 12 1 0 0 0 0 14 31 12 1 42 60 6 1 32 60 18 1 16 57 35 1 66 87 11 1 0 35 0 1 1 7 0 1 15 10 2 1 38 49 7 1 0 0 0 0 50 57 0 1 22 40 13 1 0 62 16 1 0 56 13 1 10 10 0 1 11 2 0 1 30 19 4 1 7 51 6 1 40 41 5 1 13 51 11 1 25 58 0 1 19 8 32 1 18 25 6 1 9 63 0 1 80 94 49 1 38 85 24 1 49 72 13 1 58 70 29 1 38 76 27 1 60 97 57 1 47 53 51 1 43 88 49 1 20 45 7 1 45 56 42 1 42 66 44 1 61 96 32 1 68 87 78 1 41 87 53 1 46 90 35 1 0 0 0 0 60 64 34 1 90 59 50 1 28 32 30 1 54 72 53 1 68 107 73 1 93 110 39 1
3 35 44 1 18 17 37 1 54 42 23 1 41 44 10 1 54 0 25 1 17 5 17 1 61 43 14 1 40 15 14 1 18 23 1 1 55 35 0 1 0 0 0 0 33 46 10 1 56 62 16 1 0 40 2 1 9 38 10 1 14 13 37 1 5 47 50 1 0 30 15 1 0 0 0 0 42 74 13 1 23 39 0 1 21 42 0 1 24 10 2 1 0 34 32 1 57 73 0 1 0 0 0 0 69 76 60 1 64 51 33 1 13 22 35 1 0 40 10 1 9 25 20 1 40 51 7 1 0 32 11 1 0 0 0 0 17 103 55 1 54 69 12 1 50 44 0 1 23 34 0 1 40 0 30 1 62 46 6 1 0 0 0 0 18 39 28 1 25 7 0 1 17 60 0 1 42 48 0 1 36 33 10 1 69 40 53 1 25 36 35 1 70 113 80 1 49 74 32 1 0 0 0 0 58 46 40 1 41 71 40 1 65 46 45 1 65 71 0 1 54 42 10 1 56 101 74 1 73 77 34 1 85 74 22 1 81 40 27 1 70 51 17 1 64 39 27 1 0 0 0 0 62 78 15 1 65 95 43 1 87 82 73 1 63 73 20 1 49 41 9 1 97 81 40 1 76 81 43 1
0 0 0 0 19 40 5 1 24 26 0 1 42 0 9 1 67 24 16 1 10 27 4 1 23 62 37 1 30 38 0 1 0 38 0 1 70 18 0 1 35 34 40 1 24 70 19 1 0 0 0 0 25 70 58 1 30 50 19 1 24 26 0 1 15 36 0 1 16 59 30 1 0 0 0 0 0 36 15 1 0 0 0 0 0 0 0 0 0 0 0 0 0 0 0 0 0 0 0 0 28 30 20 1 23 46 26 1 57 5 49 1 49 59 6 1 1 33 19 1 9 33 15 1 27 36 14 1 53 100 52 1 77 79 52 1 81 112 69 1 87 101 72 1 45 74 7 1 2 53 16 1 12 20 1 1 22 21 0 1 4 24 27 1 9 8 25 1 16 7 16 1 0 0 0 0 18 8 6 1 77 92 48 1 36 89 54 1 47 43 11 1 48 77 91 1 63 50 22 1 46 95 39 1 37 45 5 1 43 68 25 1 79 37 26 1 44 84 13 1 9 61 17 1 55 81 47 1 71 53 34 1 45 84 52 1 60 95 28 1 59 56 50 1 77 78 39 1 0 0 0 0 67 114 54 1 79 106 58 1 51 56 66 1 63 76 66 1 90 43 31 1 58 72 33 1 61 41 24 1
38 76 38 1 6 71 0 1 1 30 28 1 0 0 0 0 42 43 26 1 28 36 0 1 10 56 32 1 54 65 38 1 0 0 0 0 71 51 16 1 56 53 47 1 49 86 86 1 12 28 54 1 55 51 30 1 40 39 16 1 55 27 32 1 28 58 17 1 41 7 6 1 3 52 0 1 40 58 0 1 39 86 5 1 16 2 17 1 48 17 33 1 75 32 34 1 0 0 0 0 99 71 10 1 63 50 25 1 83 21 13 1 25 42 0 1 57 3 19 1 4 31 5 1 42 28 0 1 94 89 60 1 0 0 0 0 12 61 42 1 70 84 107 1 103 65 11 1 22 76 2 1 26 10 53 1 47 14 12 1 27 8 25 1 46 49 18 1 0 55 31 1 47 45 0 1 19 3 31 1 59 57 45 1 29 76 51 1 63 70 28 1 0 0 0 0 0 0 0 0 63 34 14 1 0 0 0 0 0 0 0 0 37 50 16 1 84 51 51 1 41 75 50 1 26 62 0 1 42 110 27 1 18 59 0 1 89 55 61 1 90 30 29 1 62 72 36 1 51 81 109 1 121 97 54 1 0 0 0 0 36 58 51 1 37 86 78 1 47 31 54 1 12 95 56 1 30 61 45 1
81 20 30 1 0 37 0 1 61 34 34 1 47 71 0 1 25 58 38 1 2 55 21 1 15 34 0 1 20 33 32 1 14 59 23 1 4 60 0 1 92 61 20 1 93 48 12 1 89 73 39 1 44 54 39 1 31 63 48 1 58 108 48 1 26 20 17 1 0 0 0 0 37 27 28 1 22 27 31 1 1 26 0 1 7 49 0 1 58 68 39 1 0 0 0 0 46 85 53 1 46 106 46 1 0 0 0 0 35 89 15 1 38 43 0 1 3 47 0 1 19 21 28 1 45 68 66 1 28 112 60 1 89 88 49 1 63 76 64 1 0 0 0 0 64 66 14 1 31 20 19 1 43 96 3 1 39 15 7 1 26 49 13 1 27 36 27 1 40 64 44 1 26 16 0 1 30 26 7 1 28 49 41 1 0 0 0 0 0 18 31 1 35 74 13 1 10 20 0 1 51 33 10 1 38 78 38 1 18 51 16 1 53 74 19 1 40 18 0 1 45 70 5 1 51 65 51 1 53 78 25 1 20 113 0 1 66 46 44 1 57 68 31 1 77 54 47 1 68 80 75 1 52 69 54 1 81 74 34 1 62 31 36 1 67 61 53 1 0 0 0 0 47 43 23 1 84 69 30 1
100 103 73 1 71 54 55 1 0 0 0 0 18 99 48 1 14 84 30 1 22 53 0 1 16 96 0 1 16 47 19 1 0 23 6 1 0 0 0 0 35 82 63 1 48 40 39 1 49 49 38 1 94 34 26 1 95 83 119 1 58 95 65 1 68 43 76 1 68 10 43 1 55 60 0 1 41 48 10 1 16 39 12 1 57 23 26 1 31 64 0 1 21 59 21 1 44 42 41 1 100 112 127 1 64 86 93 1 108 105 77 1 26 55 26 1 40 5 4 1 88 103 97 1 75 104 58 1 62 95 78 1 80 46 62 1 59 110 40 1 79 51 65 1 0 0 0 0 57 28 43 1 44 35 39 1 49 35 31 1 12 75 0 1 0 0 0 0 0 0 0 0 0 0 0 0 0 56 15 1 19 28 0 1 1 46 0 1 4 23 39 1 25 27 13 1 31 69 26 1 71 74 28 1 45 57 16 1 54 19 5 1 45 89 2 1 75 36 16 1 0 0 0 0 31 52 36 1 28 94 77 1 99 82 58 1 36 36 34 1 45 74 61 1 81 71 46 1 0 0 0 0 51 79 71 1 60 74 84 1 0 0 0 0 0 0 0 0 55 66 20 1 0 0 0 0 18 51 13 1
85 95 74 1 66 86 88 1 53 75 44 1 47 58 7 1 12 57 11 1 38 78 41 1 32 44 3 1 29 41 0 1 45 77 0 1 69 12 13 1 64 16 0 1 27 85 0 1 71 75 3 1 92 57 78 1 0 0 0 0 75 120 50 1 57 51 44 1 44 77 0 1 33 46 0 1 33 34 9 1 29 46 12 1 13 28 0 1 59 38 32 1 49 62 5 1 61 82 0 1 0 0 0 0 71 92 123 1 95 59 82 1 0 0 0 0 51 28 73 1 142 152 93 1 48 113 89 1 98 107 67 1 65 55 115 1 96 100 87 1 118 106 100 1 46 94 82 1 56 66 46 1 21 63 12 1 1 52 29 1 15 35 41 1 0 0 0 0 22 59 0 1 4 4 3 1 0 3 0 1 0 45 27 1 49 58 34 1 0 0 0 0 34 66 18 1 0 0 0 0 43 82 22 1 71 69 31 1 53 59 36 1 90 64 3 1 91 50 34 1 64 96 22 1 112 77 30 1 75 131 0 1 82 53 34 1 38 86 41 1 42 63 28 1 47 73 25 1 92 60 75 1 82 25 27 1 40 83 56 1 26 61 3 1 51 91 26 1 57 58 67 1 39 61 38 1 0 0 0 0
0 0 0 0 4 78 8 1 36 25 55 1 0 0 0 0 14 57 57 1 38 69 37 1 47 12 31 1 9 51 4 1 74 49 2 1 44 77 27 1 76 80 77 1 88 64 45 1 70 103 68 1 0 0 0 0 95 101 128 1 103 87 79 1 68 60 34 1 67 49 57 1 67 37 23 1 31 57 15 1 20 21 39 1 65 94 71 1 96 90 28 1 0 0 0 0 43 104 66 1 65 119 70 1 64 99 74 1 0 0 0 0 98 96 64 1 65 61 63 1 104 109 108 1 32 62 66 1 83 65 59 1 57 64 89 1 59 116 89 1 79 85 76 1 30 0 0 1 22 24 42 1 15 67 10 1 0 37 9 1 49 60 43 1 53 69 0 1 0 0 0 0 26 33 46 1 20 88 0 1 29 30 14 1 7 31 9 1 48 17 55 1 40 66 18 1 46 74 44 1 73 19 0 1 93 46 60 1 65 47 8 1 44 59 46 1 0 0 0 0 78 94 14 1 98 104 45 1 58 95 78 1 68 78 47 1 55 84 6 1 88 56 33 1 69 84 47 1 44 96 32 1 55 95 63 1 53 37 54 1 84 38 32 1 35 43 0 1 74 31 57 1 74 16 10 1 0 0 0 0
49 89 8 1 21 92 17 1 0 0 0 0 73 85 69 1 67 55 39 1 24 69 47 1 86 59 31 1 42 55 16 1 67 71 40 1 70 119 51 1 115 114 89 1 116 100 50 1 145 102 86 1 124 136 65 1 98 127 75 1 140 130 84 1 44 46 54 1 42 108 67 1 53 85 62 1 28 42 55 1 55 56 72 1 0 0 0 0 64 77 112 1 66 44 47 1 76 37 72 1 63 79 56 1 53 65 56 1 50 93 20 1 55 79 22 1 58 52 39 1 42 22 47 1 61 66 14 1 41 16 0 1 0 0 0 0 49 72 34 1 17 38 57 1 49 17 5 1 34 59 23 1 36 29 0 1 58 0 10 1 18 47 0 1 0 35 10 1 31 41 0 1 34 39 24 1 66 22 12 1 69 57 19 1 0 0 0 0 0 55 53 1 20 69 29 1 12 36 1 1 37 58 0 1 26 77 0 1 15 46 0 1 63 49 24 1 37 80 24 1 59 86 40 1 0 0 0 0 70 52 56 1 62 75 43 1 77 104 40 1 79 84 43 1 73 79 50 1 42 91 0 1 0 0 0 0 0 0 0 0 63 96 68 1 50 84 21 1 85 81 53 1 36 74 0 1 0 36 11 1
62 53 0 1 8 55 13 1 36 87 25 1 48 60 49 1 78 68 46 1 59 66 69 1 0 0 0 0 86 80 51 1 69 75 64 1 127 136 71 1 118 96 113 1 111 129 113 1 154 114 98 1 121 129 117 1 114 98 79 1 0 0 0 0 101 94 58 1 117 104 104 1 95 108 87 1 56 124 67 1 35 61 46 1 73 84 93 1 0 0 0 0 43 62 0 1 70 70 29 1 79 53 21 1 53 95 0 1 34 84 48 1 29 20 33 1 7 69 4 1 9 2 32 1 19 23 10 1 15 29 0 1 47 38 0 1 0 59 50 1 22 63 15 1 0 45 31 1 73 59 29 1 30 29 11 1 14 55 13 1 23 22 0 1 36 75 16 1 14 54 39 1 37 36 0 1 46 43 22 1 54 75 0 1 46 58 54 1 27 20 22 1 66 24 41 1 50 30 30 1 45 60 15 1 36 53 23 1 22 52 0 1 37 61 35 1 32 69 39 1 53 22 22 1 71 70 71 1 37 35 54 1 0 0 0 0 71 100 48 1 73 86 62 1 66 97 40 1 101 91 50 1 68 83 40 1 13 49 66 1 64 53 33 1 64 44 38 1 0 0 0 0 59 84 23 1 40 42 8 1
0 0 0 0 39 34 37 1 51 93 35 1 90 79 60 1 102 67 56 1 80 76 17 1 62 88 84 1 102 116 73 1 158 92 89 1 146 112 90 1 153 130 99 1 136 107 116 1 160 115 132 1 139 115 117 1 148 85 99 1 90 89 64 1 105 106 102 1 81 126 83 1 80 91 103 1 79 53 56 1 40 47 0 1 71 54 44 1 71 81 110 1 51 86 49 1 26 62 0 1 46 46 33 1 0 0 0 0 80 115 103 1 19 62 21 1 0 0 0 0 36 23 3 1 0 0 0 0 1 55 17 1 0 0 0 0 0 0 0 0 0 0 0 0 69 31 18 1 13 28 12 1 0 19 15 1 41 32 0 1 37 81 23 1 35 45 12 1 53 84 38 1 42 65 0 1 34 53 10 1 34 56 0 1 0 0 0 0 43 31 0 1 0 0 0 0 69 28 27 1 82 32 0 1 21 70 27 1 41 70 0 1 41 50 15 1 51 80 42 1 95 77 32 1 54 85 20 1 57 85 2 1 49 79 50 1 36 95 34 1 54 112 89 1 0 0 0 0 85 56 33 1 93 109 99 1 62 53 37 1 85 60 56 1 65 62 64 1 90 81 18 1 54 64 42 1 54 76 30 1
45 24 0 1 72 66 27 1 96 107 87 1 95 72 46 1 97 26 31 1 60 50 25 1 94 72 39 1 109 80 58 1 151 80 97 1 0 0 0 0 160 111 136 1 124 117 113 1 0 0 0 0 163 122 149 1 144 71 128 1 111 109 55 1 108 70 120 1 98 104 92 1 145 86 33 1 71 74 51 1 17 34 0 1 33 43 23 1 79 45 29 1 34 48 35 1 40 58 56 1 79 90 70 1 99 131 135 1 86 87 75 1 24 39 14 1 2 47 0 1 0 0 0 0 9 20 37 1 19 39 38 1 59 5 0 1 67 60 21 1 30 55 9 1 35 22 0 1 31 23 2 1 19 75 15 1 40 82 0 1 0 0 0 0 49 24 0 1 63 43 40 1 93 67 55 1 75 70 14 1 53 55 27 1 82 66 21 1 42 60 46 1 80 36 40 1 52 83 0 1 45 26 15 1 34 69 51 1 27 46 0 1 0 0 0 0 54 93 7 1 0 0 0 0 73 84 65 1 50 91 47 1 65 125 84 1 41 35 30 1 71 59 78 1 36 85 25 1 0 0 0 0 75 89 11 1 75 76 42 1 90 99 39 1 59 106 59 1 0 0 0 0 42 79 66 1 80 70 64 1
71 66 85 1 112 40 2 1 84 62 75 1 114 126 57 1 100 79 53 1 0 0 0 0 108 95 45 1 124 128 102 1 138 89 116 1 0 0 0 0 174 149 108 1 131 142 117 1 117 113 84 1 136 64 102 1 165 102 101 1 61 61 48 1 65 89 63 1 102 28 38 1 50 40 49 1 53 65 75 1 47 46 20 1 29 27 27 1 46 16 11 1 54 24 37 1 64 15 0 1 95 84 54 1 58 61 43 1 85 53 49 1 0 0 0 0 13 58 11 1 39 50 29 1 34 24 11 1 0 32 4 1 55 66 0 1 0 60 2 1 45 22 7 1 11 2 0 1 0 0 0 0 54 52 0 1 61 14 0 1 51 77 8 1 40 36 33 1 86 71 35 1 85 108 27 1 111 85 81 1 107 107 75 1 97 107 54 1 107 49 19 1 59 110 77 1 0 0 0 0 67 54 44 1 69 72 26 1 0 60 43 1 43 63 20 1 0 0 0 0 76 33 0 1 88 73 106 1 83 101 53 1 38 70 44 1 60 75 35 1 62 60 25 1 45 65 0 1 44 83 44 1 31 34 18 1 63 81 33 1 73 60 61 1 63 90 55 1 81 92 60 1 94 77 60 1 70 74 33 1
149 117 93 1 96 133 70 1 111 139 107 1 133 78 102 1 84 118 93 1 0 0 0 0 102 75 38 1 72 104 48 1 109 114 56 1 159 144 100 1 166 136 89 1 143 162 108 1 156 95 89 1 132 121 97 1 0 0 0 0 68 77 52 1 74 112 29 1 83 63 43 1 66 34 47 1 54 61 68 1 49 60 11 1 0 0 0 0 36 46 4 1 65 119 21 1 34 50 57 1 37 42 7 1 81 100 76 1 98 96 67 1 62 64 1 1 65 44 45 1 19 5 0 1 57 41 9 1 15 42 3 1 55 104 28 1 37 101 35 1 65 65 0 1 76 30 73 1 0 0 0 0 52 88 19 1 43 77 0 1 52 69 24 1 56 48 31 1 87 90 19 1 156 95 40 1 0 0 0 0 123 147 164 1 0 0 0 0 102 133 19 1 81 109 47 1 91 83 63 1 65 97 62 1 82 61 52 1 76 78 21 1 37 52 37 1 84 71 32 1 52 45 30 1 67 53 9 1 64 28 59 1 44 80 30 1 56 25 18 1 0 0 0 0 48 55 16 1 63 22 48 1 73 33 19 1 64 45 54 1 20 94 0 1 57 62 28 1 36 57 50 1 82 95 46 1 102 23 76 1
149 124 94 1 120 125 69 1 117 130 116 1 132 116 114 1 121 162 131 1 121 163 97 1 0 0 0 0 126 97 88 1 136 124 75 1 147 143 136 1 138 174 169 1 141 139 123 1 165 144 142 1 127 119 102 1 103 107 79 1 118 103 54 1 59 81 36 1 114 85 56 1 84 66 7 1 16 72 37 1 85 65 49 1 40 51 0 1 0 0 0 0 36 46 3 1 14 35 24 1 40 66 0 1 56 100 58 1 125 77 93 1 23 52 19 1 75 82 44 1 38 23 38 1 57 81 61 1 99 100 30 1 37 43 49 1 97 83 0 1 99 96 71 1 0 0 0 0 112 83 41 1 85 90 23 1 60 63 39 1 85 90 35 1 131 110 59 1 64 56 71 1 110 93 86 1 123 140 147 1 117 150 163 1 155 123 115 1 126 95 52 1 102 45 29 1 78 74 43 1 79 74 42 1 112 74 18 1 67 46 35 1 56 102 42 1 0 0 0 0 66 50 49 1 54 70 30 1 26 86 40 1 87 72 47 1 85 52 63 1 53 48 45 1 43 59 14 1 0 0 0 0 22 50 38 1 36 85 47 1 42 53 1 1 59 87 62 1 0 0 0 0 49 80 25 1 45 94 66 1
0 0 0 0 89 35 18 1 107 92 65 1 123 145 89 1 115 114 76 1 138 131 166 1 122 142 121 1 122 148 107 1 135 109 100 1 0 0 0 0 179 180 154 1 0 0 0 0 164 129 127 1 75 163 128 1 119 108 119 1 123 85 116 1 107 71 96 1 95 117 86 1 113 34 106 1 55 62 28 1 72 29 49 1 59 52 41 1 42 40 45 1 70 91 29 1 30 75 31 1 45 91 34 1 109 66 94 1 120 116 44 1 79 81 40 1 92 38 0 1 83 62 9 1 97 76 75 1 0 0 0 0 60 73 62 1 0 0 0 0 72 44 65 1 82 82 56 1 107 93 76 1 92 68 56 1 109 108 41 1 132 106 44 1 84 105 91 1 77 104 39 1 145 121 51 1 152 153 117 1 195 156 130 1 144 168 154 1 137 139 101 1 96 121 96 1 141 76 53 1 86 79 82 1 33 88 20 1 73 82 49 1 84 59 38 1 63 74 30 1 46 86 30 1 74 85 22 1 73 73 51 1 29 73 67 1 56 74 55 1 45 30 62 1 80 87 14 1 43 98 15 1 65 96 24 1 55 46 38 1 66 59 39 1 55 68 33 1 64 47 35 1 83 91 55 1 111 92 26 1
96 113 83 1 81 69 28 1 49 68 28 1 117 87 0 1 109 120 56 1 0 0 0 0 170 102 156 1 154 128 127 1 139 118 151 1 131 153 159 1 138 126 118 1 140 124 169 1 133 133 107 1 147 160 170 1 156 170 166 1 142 139 110 1 137 82 104 1 110 92 89 1 89 96 75 1 0 0 0 0 91 75 59 1 0 0 0 0 72 74 20 1 102 70 65 1 74 87 74 1 89 88 51 1 97 158 42 1 70 115 62 1 117 121 20 1 24 55 29 1 82 75 37 1 121 93 74 1 74 78 40 1 144 96 54 1 89 119 29 1 104 53 56 1 90 104 78 1 98 91 69 1 0 0 0 0 95 113 73 1 122 68 68 1 101 140 54 1 62 77 0 1 100 114 29 1 114 138 114 1 128 154 106 1 126 132 61 1 167 132 107 1 140 80 37 1 92 88 81 1 69 88 44 1 117 71 43 1 79 79 67 1 0 0 0 0 73 71 37 1 18 83 23 1 53 91 26 1 81 124 36 1 66 71 0 1 0 0 0 0 110 54 9 1 61 86 10 1 87 77 45 1 75 26 34 1 80 69 0 1 0 0 0 0 71 97 110 1 48 74 31 1 115 64 33 1 80 52 28 1
31 50 62 1 89 56 40 1 62 75 6 1 96 66 0 1 93 116 49 1 117 156 75 1 120 173 117 1 0 0 0 0 155 174 134 1 145 102 168 1 150 126 127 1 150 102 114 1 167 142 158 1 156 154 134 1 142 96 106 1 111 95 94 1 0 0 0 0 0 0 0 0 111 56 115 1 80 93 59 1 0 0 0 0 99 122 97 1 66 70 32 1 98 91 69 1 112 123 130 1 95 100 67 1 137 132 63 1 120 76 78 1 66 85 62 1 125 111 72 1 128 60 27 1 57 102 79 1 145 142 83 1 80 76 16 1 92 71 14 1 53 25 24 1 90 97 59 1 118 124 54 1 167 146 107 1 0 0 0 0 116 112 48 1 138 125 81 1 114 59 11 1 101 105 59 1 107 151 66 1 0 0 0 0 102 107 90 1 122 84 25 1 109 93 43 1 83 91 54 1 0 0 0 0 130 127 19 1 85 119 76 1 98 74 55 1 75 47 60 1 48 83 101 1 100 72 37 1 88 76 31 1 123 73 103 1 82 44 0 1 63 51 40 1 62 88 0 1 0 0 0 0 85 116 75 1 68 92 27 1 84 82 43 1 84 71 66 1 55 84 43 1 29 32 23 1 92 54 50 1
116 79 54 1 121 72 76 1 104 71 64 1 93 113 105 1 116 98 109 1 145 125 99 1 134 141 107 1 165 153 128 1 144 154 186 1 175 153 164 1 124 105 149 1 107 93 52 1 137 101 96 1 98 84 99 1 115 136 135 1 107 145 83 1 136 92 63 1 113 93 95 1 142 88 87 1 90 117 54 1 125 87 76 1 124 88 34 1 105 73 83 1 105 100 62 1 126 131 92 1 113 132 100 1 126 109 60 1 118 86 68 1 70 118 82 1 114 133 76 1 134 113 116 1 98 110 77 1 101 101 46 1 110 74 58 1 108 111 91 1 94 124 39 1 75 108 85 1 0 0 0 0 126 135 108 1 150 107 89 1 116 118 62 1 125 75 25 1 122 96 37 1 84 59 48 1 0 0 0 0 135 147 149 1 134 162 152 1 139 119 106 1 119 83 77 1 67 124 102 1 142 139 109 1 120 86 104 1 111 85 113 1 98 123 57 1 116 87 126 1 77 71 6 1 130 71 71 1 102 145 101 1 93 103 79 1 93 94 60 1 49 89 37 1 84 93 61 1 133 110 88 1 67 106 81 1 97 104 39 1 34 90 51 1 54 65 65 1 63 90 63 1 60 78 11 1 56 79 17 1
125 167 108 1 171 109 137 1 95 153 56 1 126 72 99 1 159 130 123 1 103 146 94 1 124 120 102 1 0 0 0 0 170 140 142 1 130 160 176 1 133 92 144 1 94 80 56 1 72 72 65 1 151 126 143 1 119 139 94 1 0 0 0 0 93 119 90 1 102 99 96 1 115 132 97 1 120 94 116 1 131 140 120 1 108 114 79 1 103 143 108 1 116 120 44 1 116 95 66 1 132 139 83 1 119 147 90 1 144 88 71 1 109 124 88 1 116 121 110 1 127 99 134 1 92 93 93 1 91 81 62 1 0 0 0 0 99 97 94 1 122 104 100 1 86 71 64 1 165 83 100 1 127 130 94 1 132 114 101 1 120 108 99 1 123 138 91 1 136 67 102 1 148 123 93 1 143 119 127 1 0 0 0 0 142 102 85 1 161 112 49 1 121 114 48 1 78 84 73 1 111 160 110 1 111 135 95 1 122 102 94 1 73 101 40 1 81 107 72 1 79 89 34 1 82 111 57 1 57 78 42 1 122 102 13 1 0 0 0 0 97 86 51 1 0 0 0 0 127 147 99 1 134 114 101 1 93 78 70 1 70 107 53 1 107 88 79 1 81 76 38 1 103 107 21 1 106 76 28 1
149 136 139 1 179 135 127 1 136 148 61 1 0 0 0 0 111 140 122 1 141 171 135 1 151 120 107 1 126 130 107 1 136 98 107 1 147 125 100 1 118 91 130 1 76 116 47 1 68 51 27 1 67 90 11 1 123 103 62 1 131 108 77 1 0 0 0 0 127 129 59 1 143 75 116 1 0 0 0 0 113 115 55 1 123 116 112 1 106 125 87 1 114 110 121 1 94 97 100 1 0 0 0 0 149 158 100 1 112 126 79 1 154 128 101 1 144 97 157 1 144 149 126 1 89 98 90 1 136 119 79 1 95 105 81 1 134 118 96 1 121 97 71 1 146 121 102 1 169 140 105 1 99 114 84 1 112 138 90 1 153 94 113 1 148 98 119 1 117 145 132 1 158 164 98 1 138 153 118 1 133 114 120 1 0 0 0 0 164 111 72 1 96 74 57 1 112 103 42 1 146 92 42 1 157 139 149 1 171 146 116 1 101 119 67 1 85 73 59 1 101 83 49 1 144 80 50 1 96 57 14 1 92 92 49 1 112 136 99 1 100 101 76 1 105 77 14 1 0 0 0 0 119 98 98 1 156 125 69 1 130 111 76 1 92 118 79 1 66 107 89 1 88 90 49 1 75 86 25 1
155 165 137 1 156 140 146 1 173 151 118 1 109 111 134 1 184 118 126 1 138 140 85 1 119 127 79 1 93 139 89 1 116 115 53 1 98 99 99 1 122 113 81 1 90 103 122 1 66 97 33 1 67 76 40 1 103 78 69 1 114 158 114 1 127 112 83 1 0 0 0 0 163 149 142 1 102 94 107 1 114 95 60 1 104 90 31 1 118 113 95 1 145 122 85 1 133 151 98 1 0 0 0 0 131 80 105 1 0 0 0 0 0 0 0 0 126 147 93 1 149 125 136 1 114 115 90 1 123 139 75 1 105 114 47 1 66 97 11 1 102 101 86 1 152 90 67 1 136 78 67 1 120 117 67 1 153 114 66 1 173 129 71 1 146 130 89 1 139 129 101 1 129 125 83 1 184 112 87 1 135 146 77 1 105 155 82 1 151 144 81 1 98 78 90 1 89 89 59 1 107 137 100 1 0 0 0 0 123 104 90 1 93 92 100 1 107 131 49 1 108 92 67 1 91 96 34 1 89 91 44 1 154 143 134 1 139 116 79 1 134 95 45 1 94 122 63 1 105 97 100 1 120 114 59 1 146 120 100 1 0 0 0 0 125 119 99 1 139 171 104 1 122 98 72 1 68 71 0 1
118 164 136 1 157 100 161 1 164 145 125 1 100 104 95 1 102 126 97 1 126 113 143 1 143 136 153 1 106 140 102 1 85 87 79 1 92 80 43 1 140 52 116 1 119 136 74 1 107 53 63 1 107 80 72 1 100 114 114 1 141 142 72 1 109 127 157 1 138 123 123 1 86 114 85 1 112 100 57 1 100 153 126 1 119 130 92 1 0 0 0 0 177 124 119 1 104 161 114 1 0 0 0 0 143 118 78 1 101 81 56 1 117 119 108 1 141 128 116 1 148 124 122 1 164 104 120 1 111 82 49 1 139 121 84 1 104 128 67 1 110 96 13 1 137 125 48 1 107 84 6 1 119 109 81 1 149 110 139 1 186 160 123 1 158 129 153 1 170 120 102 1 177 137 99 1 132 120 62 1 144 145 84 1 196 143 133 1 142 131 155 1 74 111 106 1 87 84 103 1 125 103 136 1 139 94 117 1 82 135 46 1 123 145 112 1 76 82 67 1 96 101 45 1 63 61 62 1 98 114 78 1 169 125 88 1 102 133 99 1 136 116 115 1 140 71 124 1 143 116 82 1 147 133 111 1 155 134 143 1 159 140 154 1 125 149 122 1 139 160 130 1 149 127 115 1 102 127 79 1
115 114 129 1 134 80 99 1 115 126 64 1 79 56 45 1 123 84 39 1 123 152 95 1 148 88 79 1 102 99 68 1 118 79 112 1 93 89 58 1 119 69 61 1 114 149 64 1 109 85 60 1 135 89 57 1 0 0 0 0 90 85 92 1 125 100 45 1 115 111 39 1 106 68 61 1 171 95 66 1 95 85 89 1 167 104 117 1 171 126 125 1 182 139 120 1 109 120 56 1 87 99 25 1 0 0 0 0 0 0 0 0 140 119 103 1 104 125 95 1 133 103 126 1 160 117 93 1 80 96 84 1 105 117 85 1 112 115 70 1 134 121 33 1 159 115 82 1 83 162 84 1 126 95 77 1 139 101 87 1 185 138 114 1 159 177 117 1 135 109 140 1 188 140 101 1 133 130 119 1 182 147 153 1 211 156 104 1 184 162 117 1 123 80 38 1 53 74 58 1 76 79 37 1 116 104 52 1 107 101 84 1 0 0 0 0 80 131 65 1 100 136 61 1 91 126 63 1 60 101 36 1 143 102 111 1 116 87 134 1 136 134 158 1 178 161 86 1 120 96 83 1 139 142 80 1 125 142 92 1 163 126 82 1 129 157 97 1 136 118 122 1 0 0 0 0 140 174 136 1
126 90 91 1 104 119 29 1 64 49 55 1 81 73 87 1 113 78 81 1 118 98 88 1 91 63 28 1 127 84 71 1 66 108 87 1 115 119 59 1 0 0 0 0 91 112 46 1 96 75 69 1 0 0 0 0 0 0 0 0 108 81 15 1 63 126 85 1 100 125 88 1 100 109 133 1 117 109 82 1 142 153 77 1 121 132 74 1 107 121 119 1 131 128 96 1 141 121 104 1 143 90 64 1 174 86 100 1 175 116 94 1 135 104 78 1 129 107 75 1 0 0 0 0 130 140 114 1 156 87 115 1 124 97 42 1 0 0 0 0 142 150 98 1 90 126 97 1 142 114 116 1 128 102 91 1 82 97 98 1 154 147 132 1 179 145 114 1 140 182 131 1 171 142 129 1 151 141 136 1 185 126 109 1 136 161 134 1 146 194 174 1 150 107 135 1 108 98 56 1 110 66 62 1 137 88 72 1 80 99 46 1 104 114 114 1 84 71 40 1 69 70 56 1 68 91 46 1 101 74 47 1 131 99 58 1 0 0 0 0 149 139 141 1 96 120 79 1 137 121 20 1 149 127 115 1 107 131 126 1 157 126 86 1 135 115 100 1 136 168 63 1 178 129 123 1 180 135 150 1
112 115 99 1 94 101 114 1 60 75 76 1 59 83 74 1 74 76 103 1 76 96 86 1 89 65 77 1 54 82 59 1 107 81 77 1 101 102 119 1 127 113 85 1 120 81 47 1 119 105 89 1 139 77 67 1 0 0 0 0 108 105 86 1 86 145 123 1 157 113 119 1 114 110 119 1 135 142 104 1 135 80 130 1 0 0 0 0 161 133 47 1 116 132 59 1 0 0 0 0 138 169 144 1 172 123 118 1 158 114 138 1 0 0 0 0 0 0 0 0 144 140 98 1 162 106 129 1 150 143 83 1 87 138 61 1 167 132 70 1 0 0 0 0 142 127 118 1 140 99 77 1 142 102 116 1 117 114 93 1 87 128 60 1 166 144 110 1 142 123 86 1 110 148 102 1 148 144 138 1 153 148 141 1 210 174 151 1 153 132 156 1 139 171 145 1 107 131 93 1 54 76 52 1 74 38 98 1 0 0 0 0 97 84 63 1 111 63 65 1 94 55 54 1 69 57 47 1 115 62 88 1 106 91 69 1 109 114 105 1 167 144 96 1 124 137 104 1 110 110 10 1 118 109 106 1 153 152 126 1 160 167 79 1 104 93 55 1 150 103 109 1 148 136 137 1 171 159 125 1
104 87 56 1 92 129 89 1 0 0 0 0 121 109 115 1 0 0 0 0 114 89 110 1 122 86 41 1 115 93 16 1 82 96 18 1 104 86 60 1 72 107 19 1 0 0 0 0 107 104 61 1 105 98 71 1 69 118 77 1 137 140 128 1 109 78 102 1 123 104 84 1 127 109 79 1 100 111 83 1 123 97 60 1 129 119 55 1 160 113 120 1 132 146 129 1 106 161 38 1 141 173 157 1 188 158 140 1 0 0 0 0 168 157 108 1 139 132 161 1 145 99 121 1 0 0 0 0 175 91 83 1 97 127 81 1 116 110 44 1 94 114 111 1 130 112 137 1 102 76 59 1 125 114 73 1 124 106 94 1 107 88 80 1 127 114 80 1 172 146 147 1 146 101 100 1 135 123 109 1 155 206 158 1 142 163 164 1 157 146 163 1 190 152 158 1 133 144 99 1 135 86 46 1 90 58 25 1 67 98 51 1 121 121 83 1 138 115 93 1 115 107 67 1 105 71 66 1 97 95 68 1 116 71 59 1 105 132 103 1 156 118 82 1 133 190 119 1 0 0 0 0 129 126 81 1 145 164 118 1 143 147 133 1 135 140 74 1 102 82 78 1 0 0 0 0 163 158 126 1
57 57 22 1 84 64 0 1 135 105 70 1 111 74 67 1 103 116 60 1 0 0 0 0 101 126 80 1 76 125 61 1 135 101 43 1 99 120 102 1 110 126 98 1 74 106 55 1 0 0 0 0 124 137 96 1 100 133 114 1 105 147 76 1 0 0 0 0 119 109 80 1 147 96 66 1 85 87 54 1 128 120 79 1 145 128 72 1 0 0 0 0 161 146 80 1 152 123 51 1 186 181 121 1 135 161 94 1 148 144 129 1 225 158 126 1 154 173 116 1 138 153 138 1 183 129 94 1 153 112 130 1 161 109 100 1 145 110 95 1 169 145 123 1 132 104 100 1 90 107 43 1 120 74 31 1 0 0 0 0 108 115 83 1 98 82 96 1 126 154 141 1 126 128 102 1 125 67 97 1 163 154 151 1 169 155 134 1 155 151 141 1 189 124 149 1 99 130 31 1 113 107 48 1 121 120 69 1 102 90 69 1 91 76 66 1 130 84 38 1 51 78 60 1 93 94 0 1 0 0 0 0 109 73 41 1 118 59 8 1 109 102 57 1 149 102 116 1 147 86 21 1 158 128 105 1 157 143 163 1 133 145 120 1 109 171 95 1 108 162 104 1 157 151 127 1 130 170 103 1
84 56 69 1 46 69 82 1 68 63 63 1 69 81 32 1 109 68 27 1 0 0 0 0 112 85 80 1 118 77 123 1 93 69 68 1 59 74 71 1 146 106 66 1 110 113 59 1 95 135 112 1 144 105 94 1 102 74 46 1 103 74 34 1 98 109 90 1 0 0 0 0 103 85 57 1 105 73 80 1 104 153 151 1 121 107 95 1 123 142 39 1 118 122 62 1 166 130 119 1 152 150 141 1 172 183 123 1 169 164 109 1 152 133 87 1 136 123 118 1 175 192 139 1 147 172 112 1 155 131 119 1 153 143 170 1 116 130 106 1 139 146 128 1 164 126 115 1 67 116 114 1 74 78 53 1 114 140 106 1 104 84 73 1 131 99 94 1 120 119 120 1 158 143 122 1 107 163 93 1 142 127 118 1 108 113 60 1 127 151 79 1 161 146 80 1 123 161 58 1 116 85 67 1 105 101 52 1 46 69 40 1 0 0 0 0 111 80 30 1 0 0 0 0 122 62 75 1 83 78 50 1 103 55 0 1 101 111 60 1 0 0 0 0 115 145 51 1 120 108 130 1 178 135 96 1 139 180 110 1 123 132 92 1 136 135 87 1 175 124 109 1 151 145 98 1 0 0 0 0
52 77 0 1 119 43 70 1 51 62 56 1 36 68 17 1 72 36 63 1 66 92 50 1 113 97 83 1 101 81 49 1 99 99 78 1 104 81 109 1 86 75 106 1 0 0 0 0 146 85 58 1 129 108 140 1 59 91 87 1 100 119 60 1 104 117 74 1 78 119 108 1 0 0 0 0 134 106 90 1 126 111 43 1 137 146 71 1 113 101 78 1 103 103 27 1 0 0 0 0 183 167 100 1 155 161 129 1 151 190 133 1 139 125 84 1 144 115 94 1 150 137 154 1 170 144 113 1 136 154 66 1 134 127 55 1 118 139 88 1 144 151 153 1 156 100 126 1 154 128 106 1 96 112 54 1 116 88 17 1 0 0 0 0 101 94 98 1 132 123 93 1 170 113 149 1 114 78 80 1 153 120 119 1 138 83 122 1 152 113 95 1 124 81 54 1 125 117 73 1 140 119 112 1 90 138 93 1 93 81 64 1 107 161 130 1 108 100 57 1 110 47 49 1 92 74 44 1 118 103 53 1 150 84 22 1 133 99 63 1 135 89 77 1 0 0 0 0 154 132 148 1 149 124 87 1 165 138 122 1 0 0 0 0 120 102 72 1 124 104 93 1 133 90 74 1 120 126 101 1
78 72 10 1 70 118 55 1 0 0 0 0 61 83 64 1 63 58 80 1 78 79 71 1 67 74 73 1 77 55 112 1 36 107 82 1 87 64 74 1 71 83 65 1 85 105 56 1 85 134 109 1 75 91 120 1 59 101 70 1 95 144 86 1 94 92 54 1 96 70 26 1 129 83 111 1 0 0 0 0 146 95 95 1 153 117 101 1 129 108 106 1 154 132 85 1 148 130 89 1 0 0 0 0 142 133 148 1 167 152 158 1 169 169 137 1 150 165 132 1 143 156 162 1 125 114 83 1 129 136 104 1 156 169 124 1 150 133 120 1 135 168 127 1 145 113 177 1 88 113 109 1 105 87 43 1 127 50 32 1 123 70 58 1 110 39 43 1 84 115 26 1 112 78 103 1 136 107 117 1 146 124 116 1 132 103 114 1 147 126 80 1 148 139 116 1 120 106 127 1 150 138 152 1 160 147 120 1 176 140 127 1 165 122 103 1 106 173 77 1 137 108 44 1 0 0 0 0 131 100 131 1 153 121 123 1 82 140 94 1 141 109 88 1 151 74 66 1 136 107 76 1 0 0 0 0 140 151 146 1 149 91 43 1 116 141 73 1 144 120 118 1 136 128 93 1 148 170 127 1
0 0 0 0 78 23 55 1 85 89 86 1 84 33 58 1 80 116 50 1 57 74 75 1 68 80 60 1 86 60 37 1 71 64 54 1 47 54 58 1 99 96 24 1 117 72 65 1 82 103 83 1 77 79 99 1 85 100 70 1 78 125 88 1 115 72 46 1 156 72 133 1 143 146 139 1 133 96 73 1 110 147 94 1 135 118 100 1 107 146 115 1 97 89 106 1 112 105 91 1 146 124 114 1 146 131 119 1 0 0 0 0 186 130 136 1 166 169 163 1 171 122 184 1 188 127 155 1 168 135 140 1 178 138 123 1 0 0 0 0 0 0 0 0 170 114 127 1 161 76 119 1 115 117 79 1 91 100 47 1 72 94 35 1 0 0 0 0 119 124 45 1 112 136 114 1 0 0 0 0 0 0 0 0 143 120 72 1 123 104 83 1 128 115 121 1 180 135 118 1 166 168 161 1 151 133 149 1 126 121 109 1 173 158 132 1 0 0 0 0 124 84 81 1 126 130 42 1 134 156 129 1 0 0 0 0 168 110 112 1 161 126 81 1 140 140 86 1 119 149 125 1 111 118 148 1 120 101 123 1 129 110 115 1 0 0 0 0 140 139 125 1 148 133 85 1 152 100 60 1
0 0 0 0 75 72 29 1 68 98 63 1 109 85 70 1 78 78 56 1 57 86 77 1 46 50 64 1 23 57 44 1 59 83 30 1 41 57 27 1 70 43 0 1 87 41 82 1 85 43 77 1 97 93 59 1 83 58 90 1 86 89 76 1 98 76 66 1 123 101 112 1 0 0 0 0 129 123 96 1 154 126 114 1 178 169 89 1 141 112 135 1 134 97 74 1 70 108 105 1 130 82 58 1 171 114 103 1 0 0 0 0 151 139 140 1 143 119 123 1 142 162 110 1 137 151 166 1 176 134 118 1 204 146 141 1 138 155 113 1 161 170 127 1 118 123 118 1 119 130 127 1 163 113 94 1 80 81 20 1 105 72 52 1 103 61 36 1 48 106 47 1 111 126 132 1 131 91 112 1 0 0 0 0 96 69 70 1 187 121 81 1 162 121 148 1 140 130 141 1 120 123 144 1 90 143 92 1 151 130 103 1 154 119 103 1 118 175 108 1 159 154 123 1 152 123 76 1 134 172 119 1 145 102 83 1 119 144 125 1 167 161 132 1 109 126 127 1 154 113 123 1 162 119 123 1 152 84 82 1 114 111 87 1 159 115 84 1 151 132 109 1 115 112 75 1 132 116 126 1
147 128 74 1 122 114 90 1 98 89 98 1 83 127 116 1 0 0 0 0 65 80 50 1 0 0 0 0 70 55 88 1 86 14 0 1 93 90 25 1 67 113 33 1 78 62 62 1 77 33 22 1 75 71 69 1 78 81 49 1 0 0 0 0 90 68 65 1 98 63 93 1 118 97 95 1 91 123 130 1 96 125 85 1 116 113 102 1 109 65 70 1 124 100 72 1 118 144 107 1 151 105 145 1 108 84 95 1 120 142 100 1 124 72 52 1 102 94 84 1 107 87 84 1 136 136 135 1 136 154 119 1 152 142 138 1 0 0 0 0 199 113 139 1 146 182 183 1 111 122 118 1 95 125 93 1 93 87 62 1 113 45 41 1 115 72 60 1 104 91 74 1 129 87 83 1 102 102 55 1 110 83 57 1 132 105 57 1 134 127 87 1 143 139 112 1 0 0 0 0 154 124 63 1 138 114 72 1 102 104 112 1 114 91 103 1 151 112 88 1 98 81 19 1 111 128 34 1 115 148 116 1 157 146 84 1 133 143 81 1 148 114 127 1 115 127 104 1 146 130 127 1 163 178 121 1 96 84 93 1 111 89 30 1 100 92 32 1 122 115 78 1 95 92 19 1 149 144 71 1
114 102 75 1 74 129 84 1 103 85 119 1 111 86 52 1 42 81 39 1 54 61 0 1 40 43 43 1 34 68 44 1 45 27 48 1 86 53 14 1 44 29 23 1 27 97 90 1 95 74 31 1 40 49 51 1 96 101 58 1 125 109 89 1 144 128 110 1 87 56 58 1 130 117 80 1 97 83 51 1 129 122 64 1 84 110 53 1 93 103 113 1 134 127 54 1 0 0 0 0 93 105 98 1 112 100 110 1 123 106 91 1 113 63 86 1 0 0 0 0 118 111 75 1 88 145 127 1 158 139 128 1 126 141 100 1 126 152 110 1 146 179 111 1 141 138 150 1 120 131 129 1 120 112 95 1 102 73 61 1 0 0 0 0 35 63 27 1 67 83 53 1 0 0 0 0 106 120 99 1 110 104 105 1 138 114 120 1 130 101 96 1 129 98 54 1 113 109 54 1 117 84 48 1 76 84 36 1 107 115 68 1 167 130 89 1 114 119 104 1 89 108 98 1 130 162 102 1 137 70 92 1 132 127 144 1 131 103 121 1 133 108 116 1 0 0 0 0 178 121 104 1 126 143 130 1 124 79 55 1 167 99 22 1 93 110 46 1 133 105 90 1 129 122 100 1 134 93 94 1
122 77 93 1 119 99 86 1 0 0 0 0 42 88 15 1 0 0 0 0 40 58 70 1 55 79 14 1 0 0 0 0 44 67 51 1 73 77 60 1 73 48 39 1 64 62 32 1 78 50 40 1 68 90 89 1 58 105 56 1 107 100 58 1 0 0 0 0 67 74 28 1 80 79 48 1 76 106 87 1 76 107 49 1 0 0 0 0 114 80 43 1 109 110 85 1 77 107 69 1 74 156 60 1 101 101 39 1 33 66 0 1 0 0 0 0 79 52 3 1 43 65 94 1 114 85 105 1 148 126 121 1 119 135 140 1 113 144 122 1 137 112 135 1 130 176 122 1 155 145 129 1 140 76 84 1 98 58 38 1 71 127 68 1 86 66 80 1 106 125 40 1 92 133 77 1 113 81 99 1 123 108 44 1 110 126 67 1 92 127 74 1 68 86 22 1 0 0 0 0 91 88 70 1 107 64 50 1 111 94 73 1 119 144 106 1 176 104 87 1 117 105 154 1 140 67 103 1 133 151 72 1 165 138 96 1 151 143 142 1 94 156 113 1 122 133 88 1 151 153 77 1 165 143 48 1 180 141 110 1 87 106 49 1 0 0 0 0 179 145 122 1 128 145 119 1 137 150 154 1
138 161 99 1 118 144 100 1 116 101 105 1 0 0 0 0 57 106 71 1 52 55 3 1 49 61 25 1 53 26 17 1 21 56 29 1 61 67 27 1 27 78 33 1 67 44 9 1 83 94 24 1 47 84 32 1 0 0 0 0 114 88 47 1 0 0 0 0 73 122 66 1 92 108 10 1 97 83 15 1 0 0 0 0 94 87 41 1 0 0 0 0 89 77 40 1 130 89 75 1 72 64 59 1 86 85 47 1 0 0 0 0 65 21 46 1 0 0 0 0 82 60 67 1 77 89 24 1 112 81 80 1 80 70 90 1 119 109 66 1 0 0 0 0 0 0 0 0 110 106 112 1 108 57 43 1 108 71 68 1 0 0 0 0 63 79 91 1 93 80 33 1 74 86 10 1 0 0 0 0 62 66 82 1 79 28 18 1 104 99 40 1 95 100 66 1 93 89 64 1 132 82 86 1 135 107 124 1 96 93 78 1 108 87 68 1 139 105 77 1 100 97 87 1 159 103 65 1 119 81 40 1 105 132 86 1 144 123 121 1 158 157 108 1 85 91 121 1 0 0 0 0 140 127 93 1 124 142 106 1 138 134 90 1 168 102 99 1 0 0 0 0 150 148 125 1 122 173 156 1
88 131 91 1 93 83 104 1 85 153 65 1 132 80 24 1 78 107 69 1 45 26 2 1 68 72 76 1 70 44 25 1 21 87 16 1 92 50 25 1 42 83 18 1 7 66 4 1 0 0 0 0 97 104 89 1 79 109 37 1 120 63 93 1 114 106 56 1 92 80 85 1 118 115 101 1 62 118 87 1 152 125 84 1 73 73 66 1 94 78 52 1 74 65 56 1 102 58 61 1 75 61 10 1 78 79 32 1 66 75 30 1 34 78 48 1 61 97 73 1 64 68 25 1 56 56 37 1 0 0 0 0 89 117 52 1 79 87 50 1 113 90 36 1 100 88 34 1 72 104 88 1 61 88 58 1 98 98 106 1 91 39 17 1 79 67 31 1 102 82 40 1 97 61 34 1 70 100 40 1 94 85 51 1 0 0 0 0 59 56 13 1 94 73 119 1 148 137 90 1 102 131 145 1 113 160 121 1 123 109 64 1 106 95 45 1 103 107 37 1 121 99 54 1 85 68 36 1 127 107 63 1 128 89 22 1 117 78 33 1 144 92 95 1 156 120 105 1 153 140 119 1 158 156 88 1 135 131 148 1 133 107 171 1 126 110 142 1 169 130 129 1 143 129 119 1 160 150 85 1
103 119 61 1 102 121 82 1 62 99 39 1 112 97 56 1 78 67 118 1 78 113 33 1 0 0 0 0 0 0 0 0 31 52 2 1 35 99 18 1 103 37 8 1 69 56 5 1 32 81 33 1 67 99 41 1 136 88 58 1 112 95 51 1 133 101 108 1 104 120 29 1 146 104 82 1 87 151 88 1 72 73 20 1 69 85 40 1 41 98 0 1 83 15 65 1 104 40 70 1 103 84 33 1 93 76 50 1 82 92 57 1 0 0 0 0 90 90 48 1 53 88 36 1 69 53 37 1 38 82 82 1 77 56 16 1 68 67 61 1 109 53 54 1 94 93 15 1 96 74 65 1 37 80 55 1 134 79 80 1 0 0 0 0 88 56 13 1 0 0 0 0 99 77 83 1 62 41 52 1 0 0 0 0 71 106 93 1 122 87 73 1 67 87 99 1 108 141 81 1 108 91 119 1 90 115 85 1 84 92 35 1 107 91 38 1 68 73 23 1 128 100 79 1 112 58 41 1 83 79 49 1 116 108 18 1 118 108 56 1 124 148 96 1 124 127 106 1 0 0 0 0 0 0 0 0 139 123 150 1 162 144 109 1 135 135 161 1 175 143 130 1 141 105 120 1 74 90 81 1
93 90 44 1 117 85 62 1 85 99 22 1 0 0 0 0 123 129 57 1 71 75 36 1 62 59 44 1 39 72 0 1 29 42 23 1 59 65 11 1 0 0 0 0 86 56 47 1 112 96 66 1 114 99 76 1 129 74 97 1 143 116 93 1 102 113 66 1 112 67 43 1 135 117 92 1 0 0 0 0 120 142 89 1 109 97 72 1 71 57 0 1 99 78 17 1 79 80 62 1 88 87 6 1 97 71 36 1 98 61 0 1 75 73 31 1 92 114 91 1 99 86 59 1 72 57 27 1 74 55 63 1 55 14 29 1 80 55 68 1 75 22 23 1 108 104 22 1 103 99 34 1 105 52 65 1 70 85 63 1 107 53 67 1 106 87 33 1 104 67 50 1 103 86 68 1 83 127 88 1 103 111 25 1 83 46 64 1 74 77 96 1 0 0 0 0 87 69 28 1 86 73 47 1 92 89 38 1 114 61 82 1 0 0 0 0 91 101 93 1 141 113 80 1 128 92 78 1 142 89 65 1 0 0 0 0 0 0 0 0 158 102 78 1 130 126 98 1 171 113 153 1 189 129 164 1 178 109 126 1 0 0 0 0 154 174 99 1 89 128 73 1 113 76 64 1 119 101 35 1
85 94 77 1 87 74 39 1 79 96 6 1 102 118 45 1 107 75 105 1 103 53 34 1 34 84 34 1 82 62 21 1 60 42 35 1 55 32 2 1 52 21 14 1 103 62 16 1 113 138 39 1 0 0 0 0 0 0 0 0 119 134 70 1 79 139 58 1 119 110 90 1 107 150 116 1 130 128 119 1 183 134 111 1 0 0 0 0 99 88 27 1 99 56 0 1 125 91 0 1 58 87 28 1 51 104 12 1 94 70 26 1 105 27 59 1 116 85 106 1 145 111 46 1 97 54 35 1 71 69 3 1 81 55 24 1 62 91 43 1 57 56 3 1 98 93 39 1 85 88 60 1 86 68 40 1 99 87 34 1 97 86 21 1 109 79 71 1 111 65 86 1 84 58 82 1 127 91 93 1 80 110 37 1 66 70 8 1 54 60 7 1 68 81 37 1 56 34 54 1 49 80 10 1 95 67 4 1 28 68 28 1 132 116 121 1 0 0 0 0 102 118 98 1 140 101 52 1 132 117 84 1 120 118 123 1 0 0 0 0 114 139 93 1 155 163 145 1 162 138 161 1 134 139 126 1 150 129 87 1 129 123 111 1 98 82 103 1 98 131 95 1 100 81 65 1 61 104 48 1
62 88 69 1 52 86 41 1 33 60 26 1 100 59 78 1 76 74 46 1 77 126 38 1 48 93 42 1 0 0 0 0 54 57 41 1 66 110 46 1 0 0 0 0 77 51 5 1 70 93 49 1 92 108 141 1 142 100 113 1 125 84 46 1 106 94 123 1 164 161 77 1 141 142 112 1 150 121 98 1 156 166 112 1 149 140 120 1 161 105 86 1 0 0 0 0 82 43 30 1 102 91 67 1 90 78 65 1 89 102 99 1 104 72 71 1 49 52 46 1 78 50 1 1 65 77 40 1 0 0 0 0 80 45 27 1 80 78 31 1 46 76 39 1 71 79 33 1 122 94 31 1 107 87 0 1 0 0 0 0 118 99 25 1 120 110 90 1 94 116 113 1 148 137 117 1 92 120 86 1 75 82 59 1 112 90 56 1 59 46 37 1 71 70 33 1 81 40 33 1 52 73 43 1 67 80 13 1 100 41 89 1 118 116 94 1 130 130 110 1 0 0 0 0 0 0 0 0 162 120 118 1 136 120 86 1 148 123 66 1 118 109 91 1 108 88 80 1 138 137 104 1 131 145 123 1 147 144 68 1 109 138 44 1 0 0 0 0 52 97 0 1 45 100 21 1 95 61 17 1
53 54 27 1 82 85 6 1 81 104 27 1 74 85 101 1 78 136 22 1 116 109 73 1 0 0 0 0 61 62 26 1 65 65 0 1 78 90 46 1 63 84 61 1 97 99 60 1 98 103 78 1 105 95 39 1 100 118 64 1 0 0 0 0 126 73 89 1 153 121 118 1 147 130 122 1 143 146 160 1 216 136 107 1 116 134 82 1 136 152 128 1 145 106 54 1 147 81 125 1 124 87 111 1 124 148 123 1 159 106 127 1 171 115 89 1 102 71 45 1 78 27 43 1 49 49 30 1 62 64 42 1 92 112 105 1 73 88 72 1 53 45 30 1 0 0 0 0 90 56 37 1 101 80 58 1 101 100 73 1 118 113 89 1 113 103 59 1 102 89 105 1 152 98 105 1 135 115 134 1 0 0 0 0 82 119 34 1 25 84 41 1 83 77 24 1 59 31 22 1 0 0 0 0 121 46 24 1 108 120 59 1 121 138 74 1 71 86 48 1 130 125 80 1 149 115 101 1 122 114 104 1 136 150 129 1 114 103 133 1 166 84 86 1 107 91 26 1 150 118 106 1 128 155 121 1 108 151 53 1 65 99 0 1 82 114 12 1 59 77 0 1 58 55 64 1 0 0 0 0
31 48 0 1 65 72 10 1 33 38 19 1 84 81 67 1 99 75 44 1 111 89 20 1 74 104 48 1 122 73 27 1 85 81 30 1 0 0 0 0 60 122 78 1 131 82 92 1 118 109 70 1 124 102 18 1 79 63 14 1 90 56 28 1 146 106 80 1 150 110 127 1 130 147 154 1 167 158 116 1 144 104 98 1 87 81 67 1 109 146 102 1 129 155 107 1 120 131 130 1 167 103 86 1 85 78 100 1 108 78 99 1 74 95 51 1 88 50 84 1 105 81 44 1 0 0 0 0 105 92 93 1 91 102 95 1 107 99 66 1 120 101 73 1 113 85 72 1 97 66 57 1 95 86 80 1 110 91 79 1 87 109 72 1 93 106 95 1 105 138 77 1 96 117 75 1 59 84 36 1 109 111 68 1 86 102 81 1 80 41 68 1 99 60 31 1 79 88 25 1 93 97 16 1 69 77 24 1 109 90 38 1 150 141 106 1 134 139 72 1 119 113 81 1 119 111 138 1 161 146 159 1 133 122 181 1 112 142 132 1 135 149 119 1 97 151 95 1 116 159 154 1 145 124 145 1 119 136 128 1 54 105 77 1 117 84 4 1 93 110 0 1 56 87 9 1 114 66 67 1
0 0 0 0 73 37 15 1 44 92 13 1 62 23 51 1 97 85 81 1 73 56 26 1 78 112 46 1 72 69 36 1 76 98 25 1 89 78 39 1 71 90 47 1 78 122 75 1 133 101 114 1 0 0 0 0 82 120 54 1 84 98 20 1 170 132 144 1 177 110 99 1 121 122 126 1 118 148 149 1 0 0 0 0 106 111 44 1 133 121 74 1 0 0 0 0 0 0 0 0 91 103 69 1 0 0 0 0 67 67 83 1 44 43 19 1 67 4 28 1 61 64 29 1 76 93 39 1 72 90 60 1 94 94 72 1 100 105 76 1 121 127 105 1 120 157 87 1 87 110 48 1 0 0 0 0 128 87 119 1 89 108 23 1 144 111 86 1 131 133 77 1 114 145 120 1 0 0 0 0 106 112 68 1 117 80 46 1 133 74 69 1 0 0 0 0 116 34 8 1 121 63 47 1 119 129 40 1 117 113 48 1 103 111 75 1 136 141 140 1 193 129 159 1 177 122 149 1 108 104 104 1 77 72 47 1 106 64 30 1 106 108 125 1 0 0 0 0 114 126 114 1 122 143 173 1 134 121 139 1 106 166 85 1 119 138 91 1 135 117 94 1 79 88 117 1 86 108 63 1
0 0 0 0 5 33 0 1 35 62 19 1 102 57 69 1 128 114 88 1 93 100 45 1 0 0 0 0 0 0 0 0 117 99 50 1 134 137 118 1 0 0 0 0 0 0 0 0 82 122 49 1 105 97 78 1 96 78 47 1 116 143 105 1 147 108 122 1 144 156 122 1 152 123 111 1 168 128 115 1 152 89 100 1 165 96 41 1 153 94 83 1 109 109 76 1 133 84 71 1 32 72 54 1 81 105 65 1 23 53 61 1 50 56 76 1 45 65 39 1 45 49 18 1 85 62 12 1 29 75 25 1 92 68 47 1 88 88 36 1 110 83 19 1 75 86 37 1 126 64 9 1 102 82 42 1 161 97 89 1 88 119 66 1 0 0 0 0 107 86 63 1 108 55 75 1 0 0 0 0 114 89 65 1 89 106 39 1 92 98 31 1 138 54 15 1 110 123 0 1 100 110 65 1 157 54 34 1 126 125 138 1 134 140 138 1 0 0 0 0 148 152 113 1 127 86 89 1 87 49 69 1 65 52 68 1 54 89 11 1 80 89 39 1 62 47 39 1 95 40 41 1 76 103 40 1 86 41 49 1 86 73 54 1 168 162 135 1 129 146 151 1 129 110 94 1 94 61 74 1