1
681 1950 131 61
0 36 75 1 2 37 80 1 0 76 83 1 0 6 108 1 0 0 0 0 30 28 70 1 0 49 86 1 0 0 0 0 46 9 108 1 27 69 56 1 23 72 63 1 8 10 108 1 7 23 79 1 0 0 0 0 39 43 74 1 0 44 91 1 8 82 71 1 0 45 79 1 19 74 122 1 41 35 112 1 0 60 100 1 31 37 103 1 52 95 45 1 29 60 89 1 42 92 88 1 0 0 0 0 44 21 87 1 57 32 78 1 0 0 0 0 0 23 66 1 13 47 88 1 6 87 108 1 19 20 66 1 16 68 125 1 20 74 95 1 24 29 103 1 0 0 0 0 24 20 78 1 0 55 88 1 3 5 112 1 2 83 100 1 41 20 69 1 50 46 93 1 27 33 81 1 33 57 88 1 31 43 87 1 0 0 0 0 0 82 92 1 29 86 119 1 34 9 65 1 32 76 65 1 49 33 129 1 53 74 116 1 0 44 140 1 51 80 145 1 47 19 95 1 64 21 80 1 18 75 108 1 0 0 0 0 0 73 124 1 0 0 0 0
26 17 114 1 37 59 108 1 75 41 47 1 0 58 95 1 35 57 92 1 35 55 65 1 37 52 101 1 22 16 82 1 3 76 64 1 40 49 113 1 28 94 99 1 37 55 95 1 43 46 90 1 28 48 127 1 49 42 93 1 30 37 114 1 0 0 0 0 26 57 73 1 19 50 66 1 70 35 76 1 0 55 105 1 21 86 140 1 0 63 95 1 16 74 122 1 53 63 99 1 34 36 94 1 45 60 108 1 19 36 110 1 5 77 85 1 35 69 125 1 50 69 78 1 0 58 102 1 35 50 112 1 12 71 98 1 16 63 109 1 49 52 125 1 43 61 85 1 39 95 98 1 11 44 121 1 2 64 111 1 50 24 118 1 34 81 126 1 49 97 92 1 35 76 78 1 69 70 162 1 57 61 129 1 29 95 136 1 43 32 91 1 55 62 94 1 24 56 146 1 52 66 124 1 53 44 138 1 0 0 0 0 40 92 104 1 53 90 119 1 53 84 110 1 13 84 107 1 40 95 133 1 0 0 0 0 0 0 0 0 55 48 91 1
1 71 115 1 22 80 86 1 24 49 110 1 1 39 94 1 0 0 0 0 0 0 0 0 55 50 59 1 32 62 63 1 47 48 85 1 46 63 117 1 48 81 114 1 55 62 120 1 19 79 110 1 25 101 158 1 12 71 137 1 24 66 128 1 52 48 101 1 38 74 140 1 50 29 120 1 0 74 98 1 0 0 0 0 0 0 0 0 30 48 115 1 5 58 139 1 0 50 66 1 62 50 89 1 20 80 139 1 66 76 77 1 33 90 135 1 62 74 116 1 48 68 89 1 5 49 51 1 5 55 107 1 27 65 131 1 22 99 69 1 47 39 89 1 21 67 102 1 28 48 118 1 70 80 102 1 41 50 119 1 32 52 108 1 13 74 110 1 35 122 108 1 28 57 127 1 17 110 117 1 37 69 154 1 0 0 0 0 52 78 146 1 18 72 126 1 1 58 118 1 72 69 110 1 55 73 139 1 77 32 170 1 0 0 0 0 23 75 114 1 32 84 104 1 20 68 112 1 52 90 71 1 53 65 132 1 43 79 125 1 66 59 126 1
33 82 88 1 30 106 121 1 44 106 114 1 0 0 0 0 29 53 77 1 44 67 111 1 69 72 112 1 0 74 91 1 0 78 71 1 32 69 100 1 19 31 128 1 0 0 0 0 31 87 85 1 35 38 119 1 45 73 103 1 7 79 126 1 4 99 83 1 0 51 107 1 7 78 123 1 42 66 113 1 53 31 95 1 7 84 99 1 0 63 95 1 11 82 119 1 55 60 107 1 0 0 0 0 0 0 0 0 18 29 108 1 23 78 115 1 31 78 116 1 0 0 0 0 24 97 130 1 0 86 108 1 30 53 58 1 50 48 79 1 2 69 125 1 24 31 87 1 0 100 125 1 29 102 85 1 49 72 78 1 60 94 105 1 20 68 151 1 0 0 0 0 23 73 118 1 58 98 87 1 48 65 133 1 22 95 124 1 86 84 134 1 0 85 105 1 81 66 155 1 0 0 0 0 35 91 153 1 66 78 140 1 7 82 125 1 43 73 143 1 0 0 0 0 56 76 130 1 0 74 135 1 18 76 171 1 18 39 130 1 34 65 141 1
70 30 103 1 33 120 73 1 54 35 121 1 26 24 83 1 58 55 63 1 0 78 110 1 30 57 91 1 43 46 102 1 25 24 101 1 47 43 106 1 20 90 82 1 46 16 88 1 31 84 97 1 46 88 149 1 61 69 114 1 0 0 0 0 8 67 74 1 17 53 93 1 53 60 94 1 0 0 0 0 39 72 149 1 24 49 90 1 54 75 143 1 11 76 72 1 33 80 136 1 0 0 0 0 31 49 83 1 24 88 116 1 29 83 106 1 8 82 108 1 17 90 94 1 10 88 114 1 23 57 118 1 33 92 102 1 1 49 118 1 54 74 121 1 52 51 114 1 0 0 0 0 61 82 100 1 43 64 123 1 49 50 126 1 0 0 0 0 46 41 118 1 46 59 114 1 58 70 99 1 26 94 137 1 46 31 128 1 21 79 144 1 51 23 129 1 0 67 150 1 68 92 102 1 85 88 111 1 44 68 128 1 35 71 113 1 47 45 129 1 38 115 128 1 44 83 135 1 70 56 119 1 41 81 125 1 37 97 152 1 14 86 118 1
22 100 153 1 35 74 126 1 40 82 86 1 54 35 89 1 46 54 140 1 78 71 128 1 48 55 118 1 36 79 124 1 52 69 114 1 35 86 93 1 33 48 104 1 50 53 123 1 13 84 58 1 53 62 72 1 0 0 0 0 16 88 148 1 43 70 127 1 63 61 152 1 76 105 135 1 15 50 101 1 54 33 117 1 35 37 97 1 0 0 0 0 30 64 95 1 47 73 100 1 0 0 0 0 23 54 121 1 8 71 104 1 37 63 135 1 16 50 51 1 48 54 121 1 13 88 78 1 0 0 0 0 36 74 151 1 60 68 94 1 19 41 99 1 59 82 117 1 61 76 92 1 27 55 126 1 17 53 94 1 40 55 77 1 0 0 0 0 43 72 105 1 33 75 92 1 25 38 93 1 80 75 148 1 61 51 116 1 3 36 117 1 0 69 139 1 42 51 99 1 37 96 141 1 19 65 98 1 31 64 102 1 39 50 134 1 16 105 111 1 55 100 149 1 52 81 128 1 0 0 0 0 46 95 149 1 60 106 96 1 39 95 113 1
58 85 135 1 27 62 93 1 54 54 126 1 38 99 132 1 0 0 0 0 32 53 124 1 42 81 128 1 34 49 135 1 28 59 172 1 44 91 132 1 88 56 118 1 50 77 105 1 35 53 99 1 53 97 105 1 14 52 132 1 36 42 125 1 0 0 0 0 42 72 156 1 48 81 97 1 22 113 114 1 0 0 0 0 0 0 0 0 74 47 104 1 36 101 107 1 48 58 97 1 14 44 105 1 11 86 79 1 12 71 106 1 43 61 91 1 0 70 82 1 52 76 108 1 41 41 98 1 28 52 112 1 71 63 116 1 29 65 123 1 30 63 135 1 42 67 101 1 45 88 106 1 56 71 111 1 38 47 121 1 43 58 146 1 63 78 128 1 38 63 115 1 0 0 0 0 0 52 126 1 32 89 140 1 0 0 0 0 0 0 0 0 41 79 118 1 4 44 97 1 35 110 137 1 28 41 103 1 29 86 115 1 0 62 138 1 12 60 144 1 66 123 116 1 20 86 125 1 41 103 136 1 0 68 148 1 5 48 103 1 57 74 104 1
14 93 103 1 25 47 126 1 46 55 93 1 34 92 103 1 77 73 125 1 41 65 142 1 48 117 150 1 37 80 88 1 59 98 112 1 43 95 113 1 36 58 88 1 52 50 129 1 0 61 56 1 7 56 130 1 49 63 82 1 26 68 138 1 10 44 111 1 38 88 148 1 41 91 130 1 36 84 139 1 0 0 0 0 38 73 108 1 0 72 106 1 5 106 100 1 48 39 98 1 0 0 0 0 0 0 0 0 49 25 134 1 25 38 124 1 31 67 78 1 42 65 109 1 52 97 92 1 7 57 145 1 11 84 95 1 10 52 126 1 38 57 114 1 53 50 149 1 48 82 67 1 0 73 97 1 45 45 84 1 44 62 88 1 60 52 118 1 33 34 126 1 21 81 115 1 70 37 101 1 6 69 83 1 33 64 115 1 34 76 134 1 24 55 99 1 38 52 131 1 33 118 149 1 0 0 0 0 33 95 81 1 67 68 107 1 27 97 120 1 8 105 109 1 43 71 158 1 66 80 122 1 94 53 139 1 0 0 0 0 54 70 119 1
0 77 92 1 69 54 140 1 0 0 0 0 49 60 76 1 9 96 136 1 8 45 71 1 39 54 120 1 32 66 125 1 35 50 105 1 40 55 135 1 52 102 88 1 0 0 0 0 0 0 0 0 44 81 114 1 0 84 83 1 19 31 129 1 27 52 147 1 0 0 0 0 43 91 95 1 0 0 0 0 33 72 96 1 23 57 88 1 6 94 114 1 0 0 0 0 25 45 102 1 58 89 119 1 37 88 117 1 29 94 89 1 50 45 110 1 0 0 0 0 0 0 0 0 11 38 75 1 0 0 0 0 39 64 108 1 29 75 65 1 30 39 134 1 0 0 0 0 20 65 83 1 49 36 101 1 14 37 96 1 23 69 88 1 25 59 107 1 46 76 78 1 62 75 127 1 13 102 111 1 40 66 97 1 34 56 141 1 17 34 82 1 35 78 104 1 0 0 0 0 0 0 0 0 50 70 116 1 12 70 124 1 0 0 0 0 57 87 79 1 34 91 105 1 70 57 157 1 34 97 171 1 52 73 94 1 54 70 133 1 0 0 0 0
9 80 94 1 31 75 106 1 1 66 106 1 41 70 109 1 0 0 0 0 46 57 150 1 23 38 66 1 33 49 126 1 0 0 0 0 74 36 132 1 41 112 84 1 0 0 0 0 0 0 0 0 17 80 143 1 0 0 0 0 25 95 116 1 0 53 123 1 22 80 129 1 77 79 111 1 8 83 134 1 15 84 94 1 17 73 102 1 8 48 114 1 41 33 96 1 2 28 82 1 64 76 118 1 27 67 113 1 24 106 151 1 0 0 0 0 34 36 97 1 0 75 112 1 23 60 80 1 41 76 131 1 35 42 114 1 17 56 118 1 0 90 72 1 30 55 113 1 0 72 98 1 35 41 74 1 0 0 0 0 49 46 103 1 25 47 103 1 24 66 69 1 11 94 91 1 0 53 126 1 37 73 94 1 20 49 131 1 2 65 125 1 6 69 84 1 22 62 79 1 36 82 125 1 0 0 0 0 1 76 180 1 31 65 140 1 62 53 111 1 19 73 110 1 74 115 120 1 26 78 89 1 29 65 124 1 34 32 122 1 61 79 88 1
58 60 104 1 47 104 116 1 37 62 115 1 44 63 89 1 27 69 103 1 0 0 0 0 40 33 111 1 0 59 134 1 48 93 154 1 0 0 0 0 37 78 96 1 31 51 84 1 61 62 108 1 79 71 141 1 40 60 101 1 0 78 138 1 44 103 128 1 35 74 83 1 34 45 103 1 48 74 119 1 47 64 172 1 31 24 96 1 9 71 100 1 28 40 125 1 28 57 78 1 25 23 118 1 41 76 100 1 29 28 110 1 47 35 99 1 52 73 127 1 28 46 97 1 44 23 122 1 12 73 44 1 31 74 102 1 37 63 117 1 20 24 101 1 11 101 98 1 27 60 125 1 22 55 77 1 7 49 79 1 34 45 104 1 19 53 87 1 0 0 0 0 31 21 95 1 34 71 73 1 41 69 159 1 24 55 124 1 51 53 101 1 0 0 0 0 51 71 97 1 0 71 133 1 42 91 137 1 37 78 119 1 53 52 111 1 33 90 143 1 87 67 118 1 0 85 147 1 19 74 128 1 37 110 107 1 48 109 93 1 42 110 106 1
44 78 117 1 0 0 0 0 43 85 126 1 11 50 109 1 0 61 120 1 46 63 70 1 0 0 0 0 29 77 120 1 31 31 98 1 22 77 73 1 0 0 0 0 42 39 106 1 0 0 0 0 12 60 124 1 43 68 108 1 35 78 178 1 78 107 97 1 48 102 92 1 17 62 117 1 43 53 122 1 0 0 0 0 36 82 136 1 19 62 119 1 0 72 134 1 12 60 110 1 28 67 91 1 0 56 131 1 1 89 95 1 0 24 112 1 35 70 76 1 19 64 103 1 21 20 68 1 10 93 75 1 51 65 120 1 0 0 0 0 0 61 91 1 19 39 80 1 34 55 87 1 0 1 111 1 41 51 119 1 10 66 108 1 65 14 129 1 26 68 88 1 31 73 99 1 66 95 110 1 53 81 119 1 30 95 112 1 13 66 92 1 35 74 95 1 0 0 0 0 48 64 119 1 52 64 120 1 20 88 130 1 42 69 103 1 0 0 0 0 46 55 98 1 31 27 117 1 31 91 138 1 23 86 98 1 62 64 126 1 43 78 126 1
38 97 119 1 26 35 111 1 51 80 113 1 60 83 85 1 44 88 137 1 80 90 123 1 25 95 97 1 23 98 95 1 10 82 110 1 41 99 133 1 50 48 84 1 39 83 113 1 50 30 109 1 29 74 81 1 22 64 110 1 33 55 105 1 0 0 0 0 19 65 74 1 30 55 99 1 34 38 80 1 45 61 96 1 41 31 115 1 0 0 0 0 0 0 0 0 43 47 89 1 48 123 91 1 37 50 124 1 49 87 121 1 52 80 107 1 41 56 132 1 0 0 0 0 51 66 103 1 70 55 78 1 14 54 108 1 0 74 145 1 38 37 68 1 47 50 90 1 50 27 140 1 57 47 133 1 50 68 136 1 40 26 107 1 0 0 0 0 7 89 96 1 18 108 100 1 0 0 0 0 49 45 138 1 62 59 126 1 32 87 135 1 42 78 71 1 27 42 103 1 0 0 0 0 47 54 131 1 35 46 127 1 0 0 0 0 0 0 0 0 28 99 122 1 69 37 101 1 38 87 92 1 43 74 122 1 26 42 139 1 29 61 106 1
21 64 97 1 19 60 111 1 35 59 99 1 63 69 101 1 17 57 66 1 0 48 71 1 40 95 120 1 0 63 106 1 0 0 0 0 6 49 119 1 39 84 153 1 40 72 105 1 32 48 123 1 41 62 127 1 20 75 113 1 22 37 102 1 55 24 107 1 27 55 102 1 4 22 73 1 26 60 120 1 31 89 82 1 44 59 97 1 0 0 0 0 41 32 84 1 18 52 114 1 37 78 117 1 59 73 69 1 70 53 79 1 41 47 79 1 45 40 93 1 31 64 84 1 22 86 107 1 55 61 85 1 16 55 102 1 13 50 105 1 35 29 119 1 18 37 102 1 31 73 91 1 38 42 96 1 0 0 0 0 14 82 140 1 25 92 119 1 21 58 161 1 42 53 87 1 64 69 106 1 50 93 90 1 37 73 118 1 15 76 130 1 0 86 98 1 19 47 139 1 20 71 100 1 80 53 79 1 39 56 103 1 23 71 120 1 24 67 114 1 11 86 97 1 2 64 91 1 0 48 125 1 62 85 108 1 50 97 71 1 44 94 135 1
17 71 105 1 34 115 82 1 4 93 145 1 15 56 78 1 7 54 115 1 60 61 64 1 10 84 128 1 0 0 0 0 0 0 0 0 46 25 111 1 20 89 81 1 25 59 70 1 65 65 107 1 0 0 0 0 15 55 78 1 35 37 105 1 41 46 92 1 0 0 0 0 26 38 48 1 39 65 79 1 62 52 78 1 38 26 67 1 50 46 66 1 0 0 0 0 15 54 129 1 55 54 115 1 32 63 109 1 61 12 105 1 27 53 115 1 0 99 99 1 38 44 101 1 0 76 109 1 23 61 95 1 51 56 91 1 0 0 0 0 40 26 116 1 22 65 128 1 60 39 87 1 30 21 126 1 34 66 77 1 0 0 0 0 4 77 83 1 0 0 0 0 25 85 157 1 21 48 135 1 13 66 116 1 0 59 132 1 61 104 108 1 28 67 118 1 56 81 91 1 16 80 98 1 0 0 0 0 0 0 0 0 23 68 105 1 19 44 133 1 21 58 122 1 27 80 150 1 64 76 107 1 38 76 136 1 7 35 170 1 12 63 106 1
53 75 107 1 18 74 115 1 17 39 85 1 2 96 98 1 0 0 0 0 15 22 117 1 22 62 72 1 0 42 125 1 0 0 0 0 34 0 94 1 32 39 102 1 0 1 76 1 23 54 70 1 19 54 97 1 17 4 92 1 21 55 113 1 0 41 102 1 49 40 118 1 0 35 99 1 34 8 81 1 0 33 94 1 15 64 92 1 48 24 87 1 20 39 73 1 25 67 112 1 0 70 107 1 26 50 97 1 63 41 79 1 0 30 116 1 28 36 88 1 26 45 86 1 14 25 103 1 0 0 0 0 5 36 83 1 0 0 0 0 36 47 131 1 1 10 56 1 0 47 129 1 0 55 95 1 13 57 107 1 56 68 127 1 5 27 125 1 36 59 113 1 0 79 97 1 0 0 0 0 26 32 121 1 66 48 127 1 21 76 140 1 22 76 136 1 0 60 68 1 0 63 92 1 6 61 81 1 13 53 128 1 46 61 91 1 0 83 130 1 19 81 132 1 39 49 138 1 20 63 113 1 65 66 129 1 0 70 90 1 15 53 113 1
63 59 107 1 0 52 96 1 32 73 109 1 0 10 96 1 0 15 83 1 0 0 0 0 0 72 90 1 11 72 101 1 7 75 102 1 62 63 89 1 0 100 82 1 15 24 91 1 28 0 128 1 33 43 72 1 0 0 0 0 9 74 96 1 0 39 76 1 22 29 85 1 24 70 100 1 11 86 139 1 0 37 109 1 24 39 85 1 0 37 112 1 14 71 84 1 17 80 97 1 2 84 106 1 16 82 97 1 0 93 131 1 29 81 104 1 9 56 84 1 28 42 112 1 38 41 91 1 67 22 134 1 0 35 84 1 0 0 0 0 48 77 114 1 20 65 82 1 51 49 91 1 0 0 0 0 0 0 0 0 17 61 122 1 19 45 102 1 45 29 130 1 33 79 109 1 33 71 107 1 9 35 98 1 13 48 123 1 48 72 129 1 45 69 111 1 5 130 89 1 13 35 95 1 13 52 128 1 60 67 124 1 42 91 111 1 17 56 127 1 0 73 116 1 37 75 139 1 40 79 121 1 39 59 131 1 70 86 107 1 27 67 134 1
0 30 114 1 36 55 61 1 33 80 115 1 21 46 91 1 37 88 80 1 0 0 0 0 13 89 108 1 24 70 69 1 0 54 116 1 64 62 110 1 18 63 120 1 53 46 98 1 74 39 130 1 20 75 71 1 40 21 92 1 21 72 122 1 0 0 0 0 87 54 92 1 68 39 94 1 45 65 122 1 47 56 112 1 22 92 106 1 16 48 82 1 41 88 100 1 22 39 109 1 10 79 122 1 32 52 102 1 49 73 108 1 36 70 98 1 42 77 138 1 0 0 0 0 28 49 112 1 0 66 121 1 39 41 91 1 12 60 88 1 31 87 106 1 32 68 151 1 6 41 105 1 55 78 112 1 35 41 105 1 43 24 114 1 7 40 141 1 77 66 109 1 43 49 85 1 0 0 0 0 45 47 97 1 14 53 96 1 0 0 0 0 25 51 114 1 0 0 0 0 77 39 93 1 59 76 135 1 0 0 0 0 24 79 74 1 26 45 137 1 61 83 81 1 45 100 114 1 35 67 136 1 42 98 131 1 45 79 147 1 24 87 142 1
0 0 0 0 38 66 91 1 40 68 150 1 57 68 78 1 22 60 125 1 56 51 84 1 33 63 89 1 46 56 106 1 72 70 117 1 60 61 105 1 12 61 108 1 60 56 103 1 30 22 96 1 31 86 135 1 11 57 132 1 0 79 97 1 42 75 128 1 0 0 0 0 19 62 65 1 27 26 132 1 18 57 109 1 24 43 98 1 2 52 123 1 45 77 120 1 18 39 118 1 0 45 107 1 8 59 86 1 51 66 118 1 25 100 106 1 11 85 102 1 14 55 108 1 46 50 112 1 21 52 83 1 0 28 86 1 37 60 133 1 32 69 125 1 0 0 0 0 0 82 96 1 0 74 139 1 0 0 0 0 19 96 77 1 0 109 121 1 67 75 99 1 8 21 95 1 57 54 108 1 53 50 76 1 0 92 128 1 50 52 108 1 44 97 115 1 45 79 113 1 42 56 104 1 41 52 156 1 40 68 104 1 39 68 90 1 0 0 0 0 27 71 163 1 39 80 124 1 37 65 115 1 0 0 0 0 25 45 98 1 73 56 139 1
0 0 0 0 35 74 101 1 47 72 108 1 33 62 110 1 70 60 108 1 0 0 0 0 28 39 77 1 23 57 93 1 29 50 106 1 46 39 92 1 0 0 0 0 43 35 90 1 0 0 0 0 0 0 0 0 39 38 96 1 22 31 85 1 38 5 116 1 0 50 96 1 44 49 101 1 51 37 87 1 24 63 69 1 29 23 81 1 37 31 91 1 29 51 132 1 60 97 100 1 0 0 0 0 38 62 100 1 0 0 0 0 29 100 146 1 58 53 144 1 17 51 113 1 31 46 93 1 17 54 106 1 16 58 96 1 9 80 82 1 5 25 109 1 33 47 134 1 18 46 139 1 24 93 81 1 43 64 80 1 0 0 0 0 44 62 91 1 25 88 126 1 36 54 87 1 0 0 0 0 39 96 103 1 46 148 129 1 49 90 133 1 46 63 127 1 22 107 133 1 71 100 94 1 68 80 157 1 40 89 159 1 18 65 119 1 40 94 125 1 21 55 124 1 44 75 134 1 49 84 145 1 26 58 96 1 18 44 97 1 0 72 82 1
26 43 69 1 15 53 60 1 31 59 102 1 30 55 89 1 30 32 78 1 19 42 114 1 28 56 88 1 55 70 84 1 17 38 94 1 43 73 95 1 12 81 94 1 59 33 94 1 0 0 0 0 19 65 96 1 1 100 109 1 32 36 108 1 4 43 122 1 0 80 79 1 5 80 86 1 18 44 88 1 42 72 111 1 53 34 133 1 49 33 97 1 26 71 97 1 36 14 71 1 0 0 0 0 0 0 0 0 0 0 0 0 48 79 86 1 16 61 124 1 0 54 97 1 32 67 78 1 32 25 114 1 26 37 99 1 34 41 118 1 37 36 95 1 38 46 106 1 6 55 118 1 27 53 89 1 48 65 128 1 0 74 106 1 26 42 90 1 42 85 93 1 24 54 109 1 0 0 0 0 14 15 101 1 38 96 122 1 60 111 86 1 59 76 146 1 28 86 128 1 0 47 130 1 64 88 85 1 43 93 116 1 0 0 0 0 10 83 118 1 77 83 131 1 67 86 135 1 38 70 127 1 41 50 136 1 38 53 115 1 52 85 146 1
29 20 63 1 28 61 72 1 23 22 128 1 37 73 76 1 24 54 119 1 36 55 94 1 0 0 0 0 19 23 48 1 17 45 74 1 51 36 116 1 34 67 122 1 12 66 105 1 24 31 122 1 33 38 94 1 69 64 141 1 59 33 112 1 0 0 0 0 43 28 69 1 0 0 0 0 49 74 127 1 0 52 92 1 61 61 105 1 0 56 108 1 36 69 111 1 20 60 119 1 43 66 80 1 33 4 66 1 51 49 134 1 47 58 106 1 53 44 115 1 56 47 97 1 28 18 104 1 0 0 0 0 64 83 107 1 50 59 85 1 38 101 119 1 33 66 133 1 30 39 113 1 33 49 98 1 35 48 86 1 21 83 140 1 23 89 126 1 46 59 96 1 54 62 114 1 52 91 118 1 32 94 103 1 72 40 125 1 28 37 107 1 40 34 89 1 27 77 68 1 39 53 151 1 69 86 97 1 43 76 109 1 57 101 133 1 0 0 0 0 0 0 0 0 0 0 0 0 0 0 0 0 24 87 123 1 51 62 170 1 0 0 0 0
56 41 110 1 25 66 118 1 75 76 124 1 47 64 96 1 0 68 145 1 27 36 99 1 3 31 107 1 1 64 145 1 13 57 121 1 25 81 96 1 14 40 113 1 85 69 78 1 32 4 140 1 55 45 86 1 37 40 103 1 40 48 117 1 56 75 129 1 19 1 112 1 38 31 87 1 33 73 75 1 14 51 82 1 22 55 109 1 0 17 96 1 22 60 127 1 8 49 110 1 8 50 111 1 11 36 142 1 0 0 0 0 37 26 110 1 57 52 85 1 0 0 0 0 42 88 108 1 20 72 103 1 55 80 138 1 25 95 127 1 21 49 132 1 8 48 95 1 0 0 0 0 24 35 74 1 0 55 115 1 9 67 91 1 38 80 106 1 0 0 0 0 0 0 0 0 0 0 0 0 2 77 107 1 71 103 101 1 23 89 74 1 4 77 119 1 27 34 102 1 53 84 127 1 0 93 124 1 34 70 136 1 34 99 115 1 40 113 87 1 78 39 118 1 35 92 109 1 48 71 172 1 37 42 125 1 22 95 139 1 35 80 116 1
46 75 58 1 48 63 116 1 48 82 111 1 68 91 105 1 20 64 113 1 60 46 125 1 42 60 130 1 57 73 92 1 49 99 110 1 2 66 131 1 15 9 78 1 0 0 0 0 0 36 85 1 54 68 102 1 65 132 175 1 42 56 121 1 35 36 112 1 16 75 90 1 39 29 78 1 0 100 103 1 1 22 80 1 40 19 98 1 11 56 104 1 7 41 108 1 23 65 74 1 24 51 116 1 34 60 110 1 0 68 130 1 15 38 73 1 8 127 122 1 22 41 81 1 63 70 94 1 0 0 0 0 38 38 90 1 39 22 103 1 19 56 100 1 23 75 90 1 0 0 0 0 28 67 100 1 49 53 122 1 31 65 117 1 26 60 130 1 42 61 118 1 54 74 113 1 15 49 69 1 28 88 86 1 0 14 137 1 26 3 119 1 7 71 104 1 11 45 96 1 16 58 97 1 43 80 74 1 31 60 138 1 34 15 108 1 36 91 115 1 55 89 112 1 25 92 120 1 23 65 96 1 23 92 107 1 40 29 93 1 0 93 125 1
41 3 82 1 23 57 125 1 21 78 120 1 32 59 128 1 0 0 0 0 57 55 121 1 29 49 97 1 25 37 114 1 20 54 102 1 52 92 132 1 41 50 111 1 41 38 128 1 0 94 110 1 29 65 125 1 42 55 89 1 0 0 0 0 62 75 141 1 9 61 115 1 29 32 91 1 21 41 125 1 0 0 0 0 23 59 121 1 25 30 85 1 28 38 87 1 1 64 126 1 15 61 78 1 0 0 0 0 43 61 125 1 43 42 124 1 34 82 106 1 72 105 114 1 41 62 92 1 41 66 97 1 12 43 108 1 0 49 120 1 11 41 87 1 0 0 0 0 24 73 115 1 81 95 115 1 0 51 80 1 1 30 109 1 52 99 113 1 77 82 117 1 28 58 115 1 12 64 112 1 49 58 121 1 52 59 123 1 23 39 132 1 32 53 89 1 5 27 67 1 10 51 117 1 39 69 135 1 68 90 94 1 20 68 121 1 0 0 0 0 38 45 99 1 22 85 123 1 6 57 125 1 45 108 116 1 0 0 0 0 13 82 71 1
0 84 116 1 0 0 0 0 11 35 94 1 22 76 118 1 83 34 70 1 0 0 0 0 20 29 92 1 16 56 81 1 14 39 83 1 12 35 104 1 45 66 94 1 34 80 130 1 0 63 112 1 34 74 144 1 46 100 121 1 49 63 120 1 37 65 103 1 22 44 108 1 19 63 65 1 13 54 142 1 0 0 0 0 19 23 70 1 17 2 57 1 6 45 96 1 26 38 109 1 0 70 113 1 33 83 101 1 44 92 96 1 66 58 74 1 16 25 95 1 26 35 95 1 13 39 75 1 39 57 98 1 16 66 75 1 30 52 93 1 28 50 96 1 14 51 93 1 23 26 105 1 0 35 103 1 35 77 97 1 27 59 85 1 19 60 110 1 0 0 0 0 39 55 115 1 10 52 99 1 42 40 97 1 17 29 77 1 14 20 118 1 49 60 110 1 42 70 76 1 21 50 58 1 49 62 118 1 46 81 132 1 36 63 115 1 62 47 122 1 0 0 0 0 18 67 108 1 30 74 90 1 52 50 118 1 37 83 94 1 5 79 113 1
44 56 112 1 0 52 72 1 10 58 79 1 15 24 76 1 0 0 0 0 38 68 49 1 0 0 0 0 8 36 59 1 0 31 68 1 40 40 111 1 17 75 111 1 1 64 86 1 60 42 87 1 59 62 89 1 13 22 87 1 36 32 104 1 13 56 90 1 19 63 109 1 57 60 83 1 19 68 114 1 31 73 80 1 0 48 101 1 47 60 98 1 20 5 98 1 40 26 89 1 12 53 84 1 0 0 0 0 0 61 100 1 0 0 0 0 0 13 79 1 33 70 84 1 22 46 123 1 23 76 66 1 13 50 131 1 21 7 101 1 40 19 91 1 1 51 113 1 23 47 55 1 0 37 105 1 51 29 94 1 37 65 130 1 0 0 0 0 29 73 106 1 33 42 139 1 42 51 114 1 0 44 120 1 0 47 108 1 0 0 0 0 46 14 104 1 14 37 109 1 25 68 102 1 0 20 112 1 37 100 93 1 14 84 117 1 38 76 130 1 31 56 89 1 27 57 128 1 6 94 97 1 39 120 110 1 49 42 96 1 43 37 75 1
30 30 109 1 36 12 61 1 9 40 79 1 31 23 49 1 12 24 104 1 21 45 78 1 31 65 122 1 11 41 59 1 0 35 86 1 9 33 59 1 59 55 68 1 30 63 96 1 27 34 101 1 0 0 0 0 0 0 0 0 0 23 102 1 22 107 116 1 20 46 113 1 38 56 107 1 84 64 129 1 18 28 127 1 18 54 103 1 22 0 113 1 4 28 114 1 0 0 0 0 0 18 78 1 0 0 0 0 31 48 81 1 0 41 102 1 0 59 80 1 10 61 97 1 0 34 80 1 17 57 105 1 27 64 115 1 0 40 94 1 46 72 75 1 0 0 0 0 42 56 121 1 29 15 137 1 0 38 90 1 21 62 102 1 30 70 129 1 0 40 105 1 56 61 88 1 33 97 65 1 29 77 106 1 0 0 0 0 5 46 106 1 53 42 121 1 47 17 156 1 0 0 0 0 62 63 94 1 0 0 0 0 0 69 86 1 42 68 140 1 35 92 102 1 0 0 0 0 53 80 120 1 21 72 67 1 14 53 111 1 29 45 133 1
0 0 0 0 0 53 102 1 10 44 68 1 41 56 94 1 22 0 87 1 10 88 97 1 54 64 94 1 7 37 100 1 43 86 103 1 13 78 115 1 28 57 81 1 47 96 143 1 0 43 132 1 8 48 124 1 70 64 108 1 24 20 126 1 48 77 108 1 75 92 89 1 32 85 105 1 31 49 54 1 48 42 72 1 0 0 0 0 17 46 101 1 23 33 60 1 0 66 68 1 22 0 36 1 27 33 89 1 0 0 0 0 0 0 0 0 2 57 129 1 0 62 96 1 16 25 102 1 0 12 100 1 24 46 104 1 1 59 114 1 13 48 138 1 0 85 119 1 32 67 108 1 62 50 149 1 11 9 97 1 29 56 108 1 39 37 102 1 0 0 0 0 55 66 102 1 23 44 104 1 5 60 82 1 5 39 111 1 28 56 102 1 0 0 0 0 13 37 133 1 56 59 109 1 45 48 100 1 0 0 0 0 35 36 84 1 34 61 121 1 48 82 105 1 62 63 138 1 58 67 149 1 0 0 0 0 32 117 113 1 78 90 112 1
39 49 85 1 0 30 154 1 52 26 105 1 0 51 114 1 50 20 87 1 10 77 125 1 25 60 116 1 33 61 130 1 55 44 98 1 0 0 0 0 15 63 111 1 0 0 0 0 0 0 0 0 12 51 97 1 55 38 80 1 0 0 0 0 21 29 106 1 33 36 92 1 1 57 106 1 32 58 80 1 30 52 79 1 0 47 92 1 1 14 81 1 0 79 91 1 47 60 114 1 37 66 88 1 26 15 105 1 0 35 87 1 62 55 120 1 22 58 114 1 39 82 104 1 35 88 153 1 35 47 92 1 1 49 63 1 7 35 111 1 30 36 140 1 0 47 78 1 35 58 135 1 18 83 128 1 3 55 99 1 43 7 101 1 39 49 120 1 31 43 132 1 10 41 119 1 27 78 106 1 0 54 87 1 26 83 93 1 77 86 114 1 12 49 144 1 41 27 121 1 6 44 143 1 41 90 110 1 84 47 123 1 0 0 0 0 0 57 99 1 26 52 98 1 38 75 111 1 1 109 132 1 81 72 164 1 23 41 161 1 17 74 95 1
52 79 105 1 0 0 0 0 38 66 126 1 0 0 0 0 52 68 148 1 4 42 107 1 15 45 107 1 39 70 78 1 34 4 92 1 2 75 85 1 19 55 84 1 5 25 93 1 11 54 101 1 10 64 107 1 3 32 101 1 26 77 118 1 10 26 116 1 15 22 103 1 24 24 91 1 0 45 56 1 0 25 127 1 0 73 59 1 0 14 118 1 28 37 102 1 48 46 136 1 0 36 108 1 6 81 121 1 15 52 110 1 26 69 92 1 33 98 122 1 54 41 106 1 53 44 111 1 31 45 127 1 26 24 97 1 26 41 111 1 34 91 101 1 27 17 115 1 0 52 72 1 52 60 155 1 0 0 0 0 37 43 111 1 50 42 113 1 52 79 103 1 18 63 130 1 6 33 117 1 59 49 77 1 3 21 88 1 52 76 74 1 0 0 0 0 0 95 121 1 6 46 107 1 13 68 131 1 0 67 65 1 30 63 108 1 26 71 112 1 30 99 107 1 14 80 145 1 0 0 0 0 59 68 95 1 0 79 84 1 9 87 114 1
52 25 72 1 30 68 95 1 20 38 112 1 36 66 115 1 66 47 123 1 15 62 131 1 18 39 68 1 0 73 125 1 15 54 86 1 19 40 74 1 62 42 102 1 33 69 108 1 11 66 91 1 0 91 121 1 3 49 90 1 34 67 99 1 11 43 111 1 18 87 122 1 51 69 110 1 15 45 48 1 0 0 0 0 8 64 87 1 32 29 117 1 27 32 60 1 70 83 117 1 12 77 84 1 39 49 108 1 24 95 127 1 46 63 115 1 19 65 130 1 51 89 122 1 30 51 133 1 33 36 107 1 50 103 112 1 41 55 81 1 0 33 127 1 55 90 101 1 59 101 99 1 7 89 88 1 11 50 58 1 34 61 88 1 16 72 127 1 21 87 83 1 0 61 110 1 6 75 114 1 0 96 98 1 1 51 68 1 72 87 91 1 10 46 143 1 0 0 0 0 25 40 102 1 52 83 120 1 34 89 130 1 24 79 110 1 48 68 122 1 14 65 127 1 25 70 109 1 36 57 106 1 0 0 0 0 43 70 63 1 22 73 114 1
20 57 91 1 5 37 79 1 55 82 139 1 64 101 107 1 37 88 117 1 33 99 110 1 34 43 93 1 0 0 0 0 45 20 113 1 2 68 140 1 43 50 104 1 0 64 100 1 16 62 108 1 0 0 0 0 19 56 124 1 22 69 95 1 59 71 51 1 2 64 127 1 42 96 113 1 0 0 0 0 20 82 128 1 49 55 139 1 15 38 101 1 28 56 105 1 0 83 118 1 8 72 114 1 23 59 109 1 78 89 113 1 43 73 125 1 53 56 98 1 64 77 99 1 39 93 137 1 42 70 111 1 0 0 0 0 18 48 76 1 0 0 0 0 27 38 85 1 0 0 0 0 0 32 96 1 0 0 0 0 30 96 120 1 4 91 103 1 48 74 113 1 0 0 0 0 47 87 102 1 0 0 0 0 3 71 139 1 43 56 98 1 13 102 121 1 57 49 95 1 39 72 130 1 30 66 122 1 26 63 100 1 4 70 95 1 36 98 106 1 40 88 116 1 7 73 143 1 0 0 0 0 45 60 141 1 57 104 106 1 0 0 0 0
0 0 0 0 43 10 104 1 0 0 0 0 18 31 115 1 43 65 72 1 59 36 93 1 0 0 0 0 33 67 93 1 36 22 84 1 6 37 106 1 35 115 111 1 0 0 0 0 47 59 97 1 8 70 119 1 0 0 0 0 27 35 149 1 59 86 96 1 63 63 136 1 44 100 141 1 26 76 121 1 61 56 136 1 19 44 133 1 0 69 104 1 44 120 100 1 41 69 100 1 0 0 0 0 65 48 69 1 1 80 133 1 51 53 111 1 14 115 66 1 37 68 113 1 14 72 96 1 66 66 110 1 42 102 102 1 26 62 94 1 28 90 97 1 54 43 112 1 25 63 102 1 0 0 0 0 48 44 161 1 55 86 107 1 61 86 120 1 61 69 118 1 20 60 107 1 34 51 119 1 55 65 131 1 45 119 117 1 11 93 143 1 39 58 124 1 30 15 137 1 12 58 108 1 46 76 111 1 36 57 107 1 0 72 95 1 0 0 0 0 0 103 110 1 7 84 139 1 47 91 125 1 54 36 173 1 46 80 158 1 0 0 0 0
50 87 108 1 13 64 89 1 53 87 123 1 52 50 104 1 69 87 102 1 36 92 126 1 2 42 73 1 21 59 59 1 0 0 0 0 9 81 107 1 43 56 62 1 26 97 105 1 57 36 118 1 66 56 104 1 35 70 104 1 60 33 130 1 35 69 90 1 29 75 68 1 31 37 93 1 43 38 98 1 25 34 143 1 0 42 121 1 16 75 100 1 57 73 121 1 20 67 81 1 28 73 79 1 6 66 109 1 28 65 74 1 49 59 128 1 0 0 0 0 90 76 74 1 20 80 123 1 35 77 77 1 0 41 104 1 10 34 121 1 0 28 121 1 0 31 128 1 51 47 116 1 22 64 101 1 40 50 101 1 75 73 142 1 65 55 124 1 21 38 75 1 23 49 106 1 52 105 83 1 23 104 117 1 27 32 119 1 13 68 127 1 61 51 105 1 66 51 107 1 62 108 110 1 49 98 132 1 63 114 102 1 68 58 118 1 69 87 124 1 23 30 112 1 29 105 157 1 7 84 91 1 33 97 95 1 60 88 151 1 61 89 116 1
58 84 138 1 44 56 113 1 39 53 167 1 51 29 128 1 22 62 96 1 41 72 94 1 23 93 51 1 35 94 74 1 23 38 99 1 50 50 117 1 61 80 118 1 0 0 0 0 41 100 76 1 42 79 86 1 28 66 89 1 6 94 131 1 9 75 101 1 16 53 92 1 0 0 0 0 48 62 112 1 61 72 134 1 47 46 114 1 0 75 119 1 12 68 81 1 58 74 78 1 20 73 87 1 25 87 113 1 30 52 74 1 25 85 100 1 19 66 107 1 0 46 97 1 22 68 124 1 9 53 126 1 13 59 126 1 24 61 111 1 59 90 138 1 0 66 90 1 58 89 100 1 36 114 110 1 0 0 0 0 27 115 133 1 37 91 119 1 46 67 109 1 19 79 89 1 68 51 79 1 57 77 101 1 37 81 128 1 18 75 118 1 69 90 117 1 0 48 128 1 35 91 148 1 0 0 0 0 81 116 139 1 7 63 118 1 58 94 115 1 14 73 109 1 39 59 104 1 71 82 141 1 59 107 163 1 0 106 101 1 0 0 0 0
47 69 99 1 8 73 101 1 54 43 86 1 22 57 133 1 6 62 70 1 57 73 79 1 0 0 0 0 37 53 90 1 12 78 91 1 3 27 81 1 23 39 136 1 54 69 100 1 41 73 90 1 25 66 90 1 17 96 100 1 79 88 104 1 32 69 79 1 54 61 62 1 27 42 91 1 30 41 109 1 16 34 91 1 0 0 0 0 21 56 124 1 20 77 118 1 59 51 80 1 9 29 80 1 34 39 107 1 16 71 125 1 41 74 124 1 26 24 109 1 32 75 83 1 32 51 78 1 38 88 97 1 31 51 83 1 27 92 78 1 0 76 99 1 16 93 68 1 15 84 109 1 42 40 153 1 0 0 0 0 98 55 125 1 74 64 130 1 4 42 131 1 13 48 61 1 8 74 84 1 22 38 103 1 57 57 112 1 7 95 84 1 38 107 104 1 27 55 94 1 0 0 0 0 33 64 133 1 0 0 0 0 47 102 89 1 63 88 119 1 24 80 152 1 57 104 154 1 10 72 133 1 0 117 134 1 41 57 120 1 36 107 125 1
60 77 123 1 46 68 85 1 30 55 99 1 23 39 120 1 0 86 100 1 18 43 79 1 0 0 0 0 61 63 85 1 37 67 76 1 60 45 85 1 48 51 90 1 56 55 127 1 10 110 132 1 0 0 0 0 22 77 61 1 25 63 113 1 21 78 103 1 0 39 74 1 15 48 137 1 6 70 132 1 17 59 124 1 43 101 98 1 25 88 107 1 0 97 87 1 0 86 109 1 37 57 122 1 40 60 90 1 0 0 0 0 17 65 105 1 20 53 110 1 0 33 107 1 45 47 113 1 25 39 115 1 15 83 109 1 61 78 138 1 0 0 0 0 22 44 129 1 41 65 92 1 24 110 121 1 39 114 163 1 26 80 128 1 33 56 127 1 61 70 110 1 17 62 77 1 0 56 107 1 38 29 120 1 30 56 95 1 0 102 83 1 53 88 108 1 47 28 79 1 43 79 131 1 31 94 136 1 21 75 123 1 55 82 134 1 0 0 0 0 28 71 110 1 61 95 129 1 43 79 96 1 24 97 120 1 27 68 122 1 0 63 126 1
71 44 84 1 34 45 144 1 34 48 83 1 0 0 0 0 0 42 86 1 27 63 119 1 39 58 113 1 40 70 64 1 0 0 0 0 23 47 115 1 26 70 98 1 58 81 97 1 38 85 97 1 14 53 106 1 0 0 0 0 17 86 66 1 47 70 105 1 52 38 89 1 47 70 96 1 0 0 0 0 8 28 75 1 60 62 84 1 21 100 111 1 35 85 90 1 26 80 121 1 64 67 126 1 54 64 131 1 0 69 76 1 11 58 99 1 34 63 125 1 38 52 100 1 8 95 94 1 0 0 0 0 4 51 110 1 35 44 130 1 30 42 113 1 33 81 107 1 36 64 132 1 23 79 74 1 7 89 98 1 46 68 120 1 24 93 166 1 28 85 76 1 43 47 109 1 0 51 70 1 32 67 103 1 28 72 80 1 26 39 104 1 0 57 139 1 10 42 113 1 49 92 114 1 0 73 156 1 26 96 98 1 22 59 145 1 0 0 0 0 29 89 155 1 65 134 90 1 56 100 137 1 89 107 126 1 0 0 0 0 26 87 119 1
39 65 134 1 22 75 138 1 16 66 84 1 62 92 128 1 101 49 117 1 45 87 117 1 76 104 114 1 0 0 0 0 51 72 116 1 43 92 131 1 77 89 137 1 2 98 76 1 30 86 97 1 65 62 92 1 42 49 132 1 40 64 119 1 54 118 112 1 42 100 63 1 0 68 88 1 0 0 0 0 36 82 122 1 34 89 149 1 0 0 0 0 30 65 99 1 46 64 122 1 40 100 105 1 0 53 81 1 42 97 97 1 26 75 110 1 5 52 124 1 64 75 93 1 37 83 77 1 44 57 144 1 45 63 101 1 77 66 127 1 19 91 135 1 48 76 93 1 5 96 100 1 16 84 139 1 23 68 116 1 13 48 88 1 73 99 137 1 48 78 64 1 21 74 136 1 0 0 0 0 19 59 121 1 39 72 116 1 58 107 95 1 36 88 119 1 70 66 144 1 0 0 0 0 15 91 130 1 38 118 115 1 0 0 0 0 60 113 157 1 25 167 169 1 77 73 144 1 78 106 131 1 48 55 118 1 61 105 152 1 28 68 121 1
50 68 134 1 58 65 78 1 51 94 117 1 0 0 0 0 73 91 138 1 43 116 138 1 39 77 66 1 30 73 135 1 27 64 72 1 57 59 134 1 56 71 113 1 47 89 108 1 50 17 96 1 40 71 131 1 1 104 125 1 56 66 102 1 21 113 136 1 46 61 118 1 45 58 142 1 45 93 91 1 57 103 112 1 44 74 131 1 44 105 93 1 89 53 117 1 23 82 135 1 0 0 0 0 74 40 123 1 13 65 129 1 48 86 108 1 0 0 0 0 51 70 105 1 83 70 92 1 0 0 0 0 14 78 97 1 89 71 160 1 41 64 77 1 35 50 107 1 0 0 0 0 38 44 72 1 19 57 107 1 0 111 111 1 21 108 108 1 63 89 113 1 26 41 161 1 15 33 99 1 49 97 123 1 7 90 126 1 3 58 131 1 81 95 151 1 40 74 123 1 18 87 121 1 50 94 142 1 72 101 143 1 39 98 137 1 90 81 113 1 80 101 178 1 33 106 159 1 24 115 133 1 68 89 111 1 52 110 161 1 75 100 156 1
35 64 106 1 25 55 104 1 75 64 155 1 7 84 120 1 43 87 122 1 49 41 153 1 0 87 124 1 20 68 106 1 62 46 136 1 0 0 0 0 7 80 115 1 68 75 127 1 0 0 0 0 47 51 125 1 0 0 0 0 66 19 93 1 26 62 69 1 43 83 95 1 44 69 107 1 0 0 0 0 27 85 117 1 31 108 106 1 28 59 124 1 22 118 101 1 30 43 154 1 57 74 113 1 74 72 146 1 0 0 0 0 29 35 108 1 31 79 84 1 35 64 136 1 51 63 137 1 52 104 96 1 51 45 111 1 38 78 135 1 27 60 82 1 80 122 84 1 48 96 110 1 46 94 118 1 0 0 0 0 63 88 130 1 56 69 85 1 9 55 100 1 64 85 104 1 7 64 140 1 0 0 0 0 36 65 120 1 39 81 146 1 53 81 154 1 76 82 157 1 0 0 0 0 32 106 128 1 48 79 133 1 38 84 134 1 16 94 135 1 39 62 145 1 80 94 143 1 0 0 0 0 68 73 149 1 82 89 132 1 48 92 160 1
57 92 112 1 64 74 123 1 57 67 80 1 41 71 169 1 37 40 112 1 48 84 123 1 58 47 93 1 31 72 109 1 15 92 133 1 37 86 78 1 80 105 103 1 53 116 123 1 103 113 85 1 43 95 117 1 50 51 150 1 62 56 115 1 17 47 140 1 46 44 78 1 3 45 137 1 24 79 144 1 52 76 126 1 83 96 130 1 54 90 141 1 0 0 0 0 12 56 107 1 30 78 104 1 60 92 111 1 38 86 94 1 19 103 123 1 22 68 147 1 39 74 125 1 16 90 162 1 0 0 0 0 34 53 112 1 32 74 117 1 24 73 115 1 36 114 133 1 41 61 132 1 0 0 0 0 51 110 152 1 83 105 110 1 0 0 0 0 0 0 0 0 78 67 101 1 17 80 146 1 42 83 87 1 48 127 133 1 0 0 0 0 0 0 0 0 43 58 107 1 41 106 138 1 0 0 0 0 25 63 134 1 15 94 129 1 7 50 114 1 68 67 136 1 2 35 113 1 17 102 116 1 66 86 125 1 0 0 0 0 0 0 0 0
24 85 115 1 63 65 156 1 34 93 107 1 50 116 137 1 67 104 94 1 46 70 102 1 17 110 101 1 47 87 121 1 52 94 122 1 42 64 90 1 37 119 157 1 0 0 0 0 64 73 126 1 41 97 97 1 0 0 0 0 61 78 92 1 28 68 84 1 43 54 95 1 48 97 102 1 51 60 102 1 25 79 85 1 47 76 166 1 0 0 0 0 38 72 98 1 52 60 105 1 0 87 112 1 40 42 98 1 43 62 94 1 40 71 119 1 0 0 0 0 9 74 93 1 20 93 115 1 12 80 110 1 68 97 109 1 48 44 111 1 0 67 122 1 32 69 139 1 48 104 174 1 15 71 133 1 51 70 111 1 61 93 132 1 0 0 0 0 0 0 0 0 56 44 134 1 18 71 110 1 1 69 111 1 45 64 169 1 68 57 151 1 55 76 111 1 20 93 148 1 50 71 132 1 35 80 105 1 22 53 106 1 10 62 139 1 21 48 111 1 36 100 102 1 22 42 126 1 8 46 127 1 32 63 94 1 57 42 105 1 40 94 129 1
17 87 144 1 28 60 131 1 30 73 141 1 58 84 134 1 0 0 0 0 63 89 109 1 56 52 126 1 32 64 134 1 43 82 112 1 52 105 144 1 59 107 153 1 46 89 128 1 17 82 145 1 44 37 135 1 40 61 124 1 39 118 129 1 24 71 131 1 35 81 88 1 58 135 128 1 20 49 110 1 42 73 135 1 43 97 68 1 73 100 118 1 0 0 0 0 6 59 108 1 0 0 0 0 12 64 105 1 22 66 106 1 38 52 124 1 48 82 96 1 50 111 157 1 14 91 124 1 43 93 87 1 0 0 0 0 18 75 98 1 0 0 0 0 0 0 0 0 67 66 128 1 98 100 112 1 32 82 128 1 71 100 147 1 72 103 131 1 10 64 113 1 0 0 0 0 39 12 106 1 24 83 92 1 45 76 152 1 33 46 121 1 44 66 110 1 54 96 118 1 28 29 133 1 31 80 169 1 62 103 118 1 23 84 97 1 61 87 113 1 24 70 170 1 75 51 171 1 80 63 156 1 20 69 143 1 51 101 145 1 32 74 97 1
59 102 144 1 46 63 101 1 59 63 103 1 39 79 109 1 42 79 80 1 18 76 78 1 74 90 101 1 38 106 127 1 58 106 99 1 109 103 129 1 21 69 119 1 49 79 97 1 97 67 85 1 0 0 0 0 39 105 147 1 24 56 104 1 17 69 99 1 39 52 93 1 0 0 0 0 54 101 143 1 32 58 109 1 39 79 130 1 51 104 111 1 37 41 91 1 24 88 99 1 12 56 119 1 34 60 108 1 0 0 0 0 5 81 108 1 4 38 109 1 21 67 69 1 47 74 98 1 12 84 106 1 31 84 113 1 37 43 117 1 14 86 105 1 45 95 94 1 14 96 108 1 31 109 143 1 67 116 122 1 0 0 0 0 59 58 117 1 47 92 125 1 79 49 114 1 69 116 90 1 0 0 0 0 26 127 88 1 38 75 151 1 51 73 129 1 68 137 89 1 68 127 117 1 40 60 179 1 25 95 116 1 67 82 132 1 76 94 151 1 32 79 137 1 0 0 0 0 29 89 125 1 43 77 135 1 72 85 150 1 34 118 134 1
44 87 123 1 64 63 155 1 0 0 0 0 20 66 112 1 45 41 136 1 0 0 0 0 13 38 121 1 24 60 138 1 60 54 152 1 69 84 113 1 66 100 130 1 0 0 0 0 46 75 124 1 22 91 123 1 0 0 0 0 25 97 116 1 0 0 0 0 75 80 125 1 46 71 113 1 38 95 99 1 19 71 114 1 66 99 121 1 30 58 131 1 61 69 82 1 19 69 91 1 6 63 96 1 74 22 81 1 31 66 126 1 43 53 81 1 40 85 125 1 51 63 104 1 31 89 61 1 19 44 93 1 14 29 149 1 29 52 87 1 1 107 106 1 26 113 122 1 46 39 113 1 49 79 116 1 48 95 113 1 4 80 86 1 52 48 109 1 0 88 96 1 26 94 94 1 12 108 134 1 74 79 127 1 50 67 162 1 41 79 139 1 35 76 126 1 43 52 104 1 68 63 139 1 64 116 93 1 59 76 144 1 50 98 118 1 57 68 141 1 20 82 150 1 62 77 117 1 38 77 122 1 60 107 147 1 79 85 115 1 0 0 0 0
100 84 93 1 44 118 126 1 88 109 101 1 56 70 115 1 68 60 115 1 0 0 0 0 17 73 89 1 49 67 107 1 0 0 0 0 61 47 124 1 13 52 96 1 52 48 70 1 46 95 124 1 35 101 125 1 27 56 115 1 16 108 110 1 35 64 121 1 49 116 157 1 55 94 106 1 11 87 156 1 0 0 0 0 42 70 137 1 32 94 132 1 63 58 130 1 24 38 106 1 22 91 116 1 21 52 114 1 65 42 62 1 0 0 0 0 0 79 83 1 10 102 125 1 13 71 107 1 0 0 0 0 31 111 124 1 0 88 115 1 25 86 106 1 41 68 84 1 13 75 99 1 23 73 124 1 38 74 110 1 18 84 108 1 0 0 0 0 22 57 110 1 62 43 125 1 75 74 130 1 29 86 103 1 0 0 0 0 82 103 161 1 66 121 123 1 23 80 115 1 68 60 121 1 87 45 106 1 15 73 123 1 35 80 128 1 51 81 66 1 60 107 148 1 68 97 127 1 31 90 125 1 72 106 136 1 70 107 80 1 88 104 154 1
68 97 139 1 32 65 94 1 26 74 111 1 68 74 118 1 70 87 132 1 26 62 90 1 31 68 114 1 39 46 102 1 62 74 118 1 23 61 103 1 27 70 90 1 48 73 99 1 0 0 0 0 26 83 131 1 0 0 0 0 0 0 0 0 0 0 0 0 57 77 149 1 66 77 132 1 82 87 144 1 32 79 130 1 67 36 107 1 27 59 119 1 46 50 115 1 28 104 155 1 21 68 133 1 32 85 126 1 20 46 130 1 72 81 109 1 56 82 151 1 7 66 156 1 0 0 0 0 21 83 150 1 28 108 125 1 0 0 0 0 27 92 124 1 45 85 78 1 39 46 123 1 0 0 0 0 14 83 119 1 48 62 89 1 12 61 118 1 32 53 117 1 34 80 100 1 51 81 131 1 33 119 141 1 34 117 123 1 41 97 138 1 30 85 129 1 32 89 118 1 40 65 89 1 50 75 144 1 0 0 0 0 55 114 127 1 0 0 0 0 77 62 118 1 80 108 99 1 36 64 134 1 0 0 0 0 80 102 126 1 86 66 131 1
91 84 127 1 0 0 0 0 44 92 121 1 29 103 125 1 77 45 157 1 64 61 98 1 19 52 104 1 22 80 101 1 41 99 136 1 62 59 96 1 32 62 97 1 51 62 85 1 29 53 121 1 43 109 107 1 0 0 0 0 99 121 155 1 0 0 0 0 76 60 154 1 73 122 134 1 0 0 0 0 46 74 154 1 52 115 82 1 4 112 133 1 0 0 0 0 28 96 102 1 61 44 117 1 56 126 68 1 15 102 86 1 22 73 103 1 0 0 0 0 50 74 125 1 0 99 93 1 28 60 130 1 44 81 143 1 80 75 115 1 91 127 130 1 52 93 98 1 60 49 76 1 39 45 94 1 21 109 113 1 35 44 96 1 46 74 82 1 30 60 111 1 70 100 130 1 48 68 114 1 36 64 122 1 42 62 134 1 57 73 130 1 67 80 111 1 38 90 117 1 33 61 101 1 0 0 0 0 0 0 0 0 35 74 127 1 22 60 122 1 39 62 154 1 35 78 119 1 37 81 106 1 54 69 115 1 25 112 109 1 45 88 151 1
43 82 150 1 27 73 119 1 25 64 116 1 43 74 95 1 38 36 90 1 6 20 134 1 9 56 135 1 23 65 126 1 40 87 118 1 39 104 99 1 41 66 139 1 26 39 72 1 45 116 134 1 78 77 145 1 51 100 129 1 32 57 135 1 6 67 117 1 63 86 151 1 76 56 112 1 32 92 121 1 26 75 97 1 73 63 119 1 0 0 0 0 49 80 125 1 49 65 135 1 42 72 145 1 0 0 0 0 91 77 97 1 41 61 130 1 9 88 129 1 19 55 75 1 26 71 99 1 19 94 97 1 37 96 106 1 16 67 113 1 17 86 115 1 9 83 115 1 28 64 100 1 12 24 119 1 0 0 0 0 59 81 117 1 0 0 0 0 0 0 0 0 29 93 109 1 22 68 92 1 39 79 102 1 0 0 0 0 63 100 111 1 29 77 133 1 0 0 0 0 0 0 0 0 75 82 114 1 28 50 114 1 47 81 153 1 74 91 134 1 52 44 136 1 29 65 91 1 24 91 159 1 29 62 136 1 68 25 141 1 58 89 121 1
44 91 168 1 85 80 115 1 29 96 115 1 48 51 106 1 36 85 128 1 31 77 99 1 31 98 78 1 28 106 140 1 73 46 113 1 50 68 128 1 96 70 155 1 0 0 0 0 59 84 127 1 23 43 109 1 68 63 74 1 57 90 101 1 43 68 111 1 32 84 140 1 50 100 121 1 25 115 72 1 60 59 129 1 59 74 114 1 84 75 161 1 33 108 110 1 0 103 144 1 26 98 96 1 0 0 0 0 48 63 67 1 29 140 142 1 15 41 47 1 49 90 128 1 0 0 0 0 0 0 0 0 22 70 107 1 7 83 86 1 0 0 0 0 9 96 84 1 37 71 110 1 31 42 101 1 53 74 88 1 15 86 83 1 32 73 122 1 35 77 132 1 27 86 92 1 34 103 123 1 17 71 137 1 0 75 88 1 64 117 96 1 69 92 113 1 49 93 141 1 14 76 127 1 0 0 0 0 36 106 165 1 0 0 0 0 52 130 155 1 64 87 99 1 37 146 93 1 46 103 93 1 22 71 110 1 0 63 146 1 46 100 142 1
14 44 101 1 21 59 91 1 15 97 144 1 28 34 146 1 0 81 60 1 0 0 0 0 71 79 129 1 0 0 0 0 86 60 85 1 59 55 100 1 46 62 126 1 31 57 116 1 9 83 131 1 56 52 115 1 59 78 100 1 37 69 123 1 41 96 120 1 44 65 135 1 24 44 103 1 0 0 0 0 7 79 142 1 39 74 124 1 0 102 118 1 30 105 129 1 0 0 0 0 46 62 106 1 52 55 108 1 0 59 90 1 44 62 129 1 78 87 115 1 46 78 108 1 60 63 68 1 24 62 79 1 71 64 141 1 0 0 0 0 0 19 98 1 3 65 129 1 21 56 125 1 0 79 141 1 1 47 122 1 19 52 66 1 52 21 123 1 29 79 98 1 43 66 89 1 53 99 102 1 48 27 112 1 38 62 116 1 3 43 85 1 47 66 138 1 0 0 0 0 25 65 135 1 51 55 122 1 71 79 130 1 60 95 155 1 19 42 155 1 27 85 123 1 48 67 102 1 0 79 107 1 40 104 99 1 20 67 55 1 29 75 130 1
50 67 104 1 45 91 98 1 73 59 103 1 13 83 95 1 32 74 133 1 35 108 120 1 49 101 84 1 67 68 121 1 7 103 119 1 37 80 72 1 30 86 134 1 74 51 118 1 39 92 121 1 29 112 123 1 46 110 122 1 24 113 91 1 33 23 102 1 41 68 132 1 54 71 119 1 62 57 92 1 42 67 111 1 0 62 110 1 37 75 125 1 19 90 126 1 21 66 106 1 42 79 122 1 0 54 73 1 29 54 142 1 16 56 120 1 38 30 118 1 22 68 102 1 21 49 136 1 54 41 92 1 37 48 95 1 18 85 129 1 40 65 110 1 27 105 122 1 35 72 101 1 60 7 83 1 4 80 79 1 2 16 105 1 37 27 85 1 50 81 131 1 40 81 102 1 35 60 119 1 47 62 77 1 0 0 0 0 16 58 131 1 8 64 132 1 19 73 112 1 46 48 139 1 32 114 119 1 12 68 151 1 52 99 114 1 57 110 115 1 56 100 96 1 59 70 114 1 85 90 118 1 55 81 148 1 21 112 128 1 63 71 126 1
42 60 110 1 0 0 0 0 1 64 90 1 46 101 99 1 88 71 140 1 29 56 93 1 47 32 103 1 0 0 0 0 55 116 134 1 36 62 94 1 31 53 108 1 34 106 95 1 52 84 52 1 37 91 114 1 56 66 84 1 33 69 130 1 46 84 120 1 68 67 109 1 39 94 64 1 42 84 84 1 25 41 162 1 0 0 0 0 32 77 90 1 48 79 79 1 21 82 99 1 0 0 0 0 4 84 91 1 74 114 97 1 15 82 78 1 31 63 74 1 0 0 0 0 31 17 96 1 11 59 148 1 11 25 127 1 19 67 116 1 66 48 125 1 0 0 0 0 70 87 105 1 40 28 134 1 0 70 105 1 37 47 93 1 0 51 77 1 41 98 120 1 13 52 110 1 0 0 0 0 34 87 118 1 38 92 108 1 18 54 87 1 18 63 130 1 48 63 86 1 41 65 54 1 22 38 131 1 34 96 109 1 19 94 85 1 27 67 125 1 57 94 101 1 74 97 104 1 47 98 108 1 0 0 0 0 0 0 0 0 39 76 103 1
0 0 0 0 61 97 154 1 41 64 96 1 51 21 136 1 36 51 111 1 14 104 102 1 0 0 0 0 13 31 76 1 61 90 135 1 50 100 88 1 33 62 124 1 35 58 64 1 59 95 130 1 38 46 117 1 23 81 118 1 67 47 90 1 44 58 134 1 27 30 96 1 19 53 111 1 65 74 112 1 0 0 0 0 56 37 110 1 42 66 131 1 37 82 93 1 0 0 0 0 0 0 0 0 20 72 117 1 68 70 120 1 19 80 94 1 45 78 95 1 54 76 128 1 8 63 107 1 30 57 82 1 30 82 97 1 53 71 126 1 23 36 168 1 34 74 130 1 79 110 133 1 35 75 142 1 31 66 83 1 32 42 79 1 47 58 97 1 58 63 90 1 7 92 138 1 32 68 134 1 50 79 96 1 6 60 98 1 57 57 98 1 29 49 98 1 33 73 122 1 82 83 126 1 19 76 119 1 0 0 0 0 45 85 126 1 45 50 106 1 44 74 115 1 63 80 156 1 76 102 130 1 26 137 132 1 46 61 117 1 66 102 157 1
43 84 101 1 42 60 98 1 71 117 152 1 0 0 0 0 103 97 116 1 26 43 127 1 39 83 109 1 13 35 122 1 65 68 113 1 28 70 125 1 80 30 140 1 18 103 120 1 60 66 121 1 18 86 114 1 20 82 94 1 15 60 111 1 6 41 106 1 14 87 139 1 56 49 99 1 13 104 102 1 27 64 131 1 63 72 120 1 19 58 124 1 46 80 111 1 32 76 109 1 0 0 0 0 46 87 125 1 24 81 95 1 26 55 112 1 16 76 53 1 8 69 45 1 17 67 140 1 63 49 93 1 8 70 113 1 0 0 0 0 41 56 94 1 21 112 79 1 43 88 142 1 0 0 0 0 23 101 122 1 0 0 0 0 26 95 64 1 37 102 69 1 30 59 152 1 43 74 131 1 4 77 149 1 21 57 88 1 41 64 135 1 46 38 109 1 28 77 105 1 16 54 177 1 43 79 108 1 0 0 0 0 51 76 111 1 4 67 106 1 21 67 91 1 79 76 123 1 31 95 136 1 34 95 95 1 70 79 119 1 22 120 138 1
0 0 0 0 39 75 75 1 20 50 94 1 18 73 116 1 41 65 103 1 32 95 102 1 0 32 107 1 51 55 103 1 11 37 114 1 30 60 105 1 19 46 124 1 35 87 127 1 42 49 132 1 51 102 97 1 39 72 95 1 0 0 0 0 40 57 125 1 43 63 131 1 62 126 134 1 29 57 103 1 68 119 145 1 46 91 89 1 58 68 141 1 53 63 97 1 19 90 122 1 0 0 0 0 75 39 122 1 17 68 88 1 16 80 93 1 51 68 84 1 23 47 83 1 28 34 129 1 49 37 92 1 59 55 113 1 27 68 82 1 23 76 135 1 29 61 88 1 0 43 108 1 44 76 111 1 18 65 97 1 49 61 85 1 0 39 129 1 49 76 69 1 95 61 146 1 39 43 121 1 0 0 0 0 40 92 124 1 0 0 0 0 0 0 0 0 0 0 0 0 31 71 110 1 71 98 114 1 21 54 98 1 25 105 141 1 0 0 0 0 0 0 0 0 18 83 123 1 70 44 120 1 50 77 103 1 47 97 162 1 14 111 96 1
5 45 96 1 0 57 99 1 60 72 98 1 31 41 87 1 70 40 101 1 31 77 109 1 0 0 0 0 48 50 78 1 39 66 88 1 0 0 0 0 62 97 102 1 53 93 144 1 54 64 135 1 5 130 112 1 86 94 71 1 0 64 147 1 49 98 138 1 53 98 142 1 35 75 111 1 0 0 0 0 58 74 149 1 58 59 139 1 39 68 100 1 0 75 121 1 47 36 112 1 36 40 141 1 0 0 0 0 0 0 0 0 0 50 70 1 7 97 78 1 11 75 93 1 9 94 77 1 0 38 107 1 24 65 83 1 51 98 82 1 48 30 85 1 0 0 0 0 60 101 75 1 37 97 105 1 37 78 113 1 14 71 76 1 0 0 0 0 48 59 77 1 0 81 101 1 21 79 71 1 28 63 83 1 71 85 100 1 0 0 0 0 24 74 91 1 42 50 140 1 66 69 94 1 21 50 118 1 6 70 70 1 0 0 0 0 50 61 125 1 30 82 129 1 73 116 109 1 62 79 102 1 39 71 127 1 59 63 74 1 0 0 0 0
46 33 74 1 34 74 79 1 48 73 69 1 18 40 64 1 0 95 152 1 70 50 85 1 31 78 114 1 25 73 99 1 17 40 122 1 62 61 88 1 51 101 100 1 55 56 150 1 0 65 128 1 0 0 0 0 53 100 87 1 62 77 118 1 58 69 113 1 32 66 127 1 45 134 108 1 60 62 129 1 27 107 77 1 60 78 107 1 27 47 120 1 16 69 129 1 42 56 99 1 23 96 117 1 28 65 78 1 34 82 76 1 8 92 121 1 59 58 95 1 48 85 102 1 0 0 0 0 54 63 87 1 18 67 78 1 8 77 80 1 6 83 118 1 14 94 70 1 17 60 74 1 32 54 103 1 21 81 139 1 38 60 110 1 33 51 106 1 0 87 112 1 76 60 108 1 77 66 96 1 20 107 132 1 15 73 132 1 46 64 145 1 24 75 92 1 77 109 109 1 61 65 133 1 45 58 135 1 4 55 128 1 33 74 132 1 44 76 142 1 72 64 114 1 65 63 106 1 64 87 147 1 41 66 125 1 30 64 175 1 0 0 0 0
42 94 101 1 14 46 39 1 65 50 117 1 31 72 123 1 54 74 63 1 60 69 97 1 36 56 144 1 55 100 63 1 0 110 103 1 47 39 123 1 47 97 91 1 0 0 0 0 15 50 108 1 34 43 63 1 73 47 117 1 22 38 110 1 0 0 0 0 42 76 132 1 49 74 109 1 36 69 115 1 40 73 94 1 34 72 104 1 38 38 62 1 48 65 93 1 25 91 91 1 90 84 93 1 72 86 118 1 43 86 106 1 33 67 122 1 0 77 97 1 32 52 68 1 35 82 109 1 0 60 149 1 23 92 83 1 26 47 113 1 44 87 65 1 22 92 123 1 0 74 94 1 36 63 103 1 1 76 88 1 14 69 129 1 24 53 109 1 0 0 0 0 31 65 56 1 0 42 93 1 0 0 0 0 4 36 125 1 38 57 120 1 5 64 81 1 65 72 110 1 63 77 119 1 4 79 112 1 62 71 111 1 52 52 89 1 12 95 135 1 63 151 102 1 0 86 85 1 21 47 132 1 65 118 154 1 91 72 153 1 72 52 97 1
37 59 67 1 54 35 67 1 23 64 92 1 59 51 112 1 28 40 130 1 27 125 91 1 44 64 93 1 52 61 144 1 57 34 97 1 25 79 143 1 0 0 0 0 36 58 118 1 24 68 86 1 52 35 95 1 13 79 104 1 46 21 104 1 15 81 141 1 23 55 74 1 5 46 88 1 25 28 93 1 17 41 78 1 0 43 76 1 41 59 107 1 0 0 0 0 0 23 117 1 65 79 101 1 0 53 85 1 21 59 114 1 44 75 146 1 59 63 106 1 9 52 92 1 18 62 76 1 45 103 91 1 59 79 122 1 52 59 102 1 11 30 95 1 49 89 98 1 3 60 112 1 24 108 96 1 32 35 117 1 30 36 100 1 0 55 99 1 38 60 83 1 61 100 112 1 28 81 70 1 46 49 109 1 59 54 113 1 71 75 107 1 61 67 112 1 37 99 109 1 42 88 119 1 60 54 120 1 0 62 94 1 48 34 115 1 20 23 104 1 0 63 106 1 23 62 121 1 18 53 133 1 0 87 143 1 74 89 137 1 47 118 129 1
13 85 103 1 21 52 128 1 34 81 97 1 0 0 0 0 5 49 117 1 42 98 83 1 35 71 138 1 90 103 66 1 38 68 135 1 60 81 89 1 22 40 123 1 53 70 117 1 19 65 121 1 39 29 113 1 23 53 80 1 21 44 73 1 5 73 84 1 25 73 123 1 26 49 108 1 0 21 101 1 0 0 0 0 26 61 104 1 50 16 90 1 34 51 101 1 29 75 69 1 0 0 0 0 25 65 96 1 14 74 95 1 0 0 0 0 15 68 85 1 22 77 72 1 16 62 92 1 48 94 74 1 53 103 96 1 0 0 0 0 32 67 110 1 78 62 75 1 75 53 94 1 44 89 95 1 46 106 78 1 0 0 0 0 0 0 0 0 29 62 98 1 0 0 0 0 11 112 90 1 27 65 123 1 37 61 122 1 56 47 118 1 25 82 137 1 30 79 102 1 60 73 82 1 55 94 129 1 74 72 102 1 0 84 94 1 0 38 99 1 7 62 60 1 5 67 101 1 43 66 120 1 36 45 117 1 69 76 125 1 40 101 94 1
36 53 107 1 65 46 104 1 56 24 114 1 47 107 61 1 28 57 121 1 33 93 90 1 14 69 100 1 60 65 116 1 0 68 126 1 66 75 133 1 43 86 72 1 43 48 74 1 12 61 114 1 17 57 73 1 33 102 84 1 61 29 83 1 0 0 0 0 88 53 106 1 0 0 0 0 33 98 112 1 0 0 0 0 0 0 0 0 38 37 97 1 75 51 85 1 19 28 124 1 0 14 28 1 35 99 86 1 12 1 102 1 10 28 9 1 0 42 66 1 0 0 0 0 32 54 121 1 56 86 78 1 15 75 115 1 43 23 114 1 25 48 60 1 24 57 48 1 0 0 0 0 27 66 107 1 0 0 0 0 35 82 101 1 44 73 138 1 0 53 129 1 28 63 165 1 50 42 89 1 16 97 90 1 33 84 124 1 22 69 126 1 23 81 85 1 46 39 111 1 46 87 106 1 26 31 107 1 40 77 110 1 36 82 129 1 0 0 0 0 81 82 116 1 5 44 175 1 59 113 111 1 87 115 92 1 0 0 0 0 63 94 69 1
49 49 100 1 48 36 108 1 0 0 0 0 64 64 113 1 26 73 97 1 31 53 130 1 12 22 110 1 50 51 127 1 64 54 104 1 17 76 124 1 0 60 112 1 66 77 87 1 43 73 78 1 19 59 85 1 3 103 109 1 17 87 119 1 58 66 115 1 42 58 101 1 0 0 0 0 30 61 107 1 13 29 98 1 36 35 85 1 21 28 126 1 55 66 94 1 23 35 108 1 72 72 113 1 17 53 90 1 35 0 97 1 0 10 93 1 2 44 57 1 9 78 59 1 0 0 0 0 40 66 109 1 34 57 90 1 23 64 89 1 21 49 105 1 22 76 121 1 51 79 90 1 17 91 147 1 15 30 104 1 27 34 112 1 40 92 89 1 17 64 94 1 35 119 98 1 0 0 0 0 17 72 110 1 0 77 94 1 0 0 0 0 35 29 85 1 25 29 141 1 25 86 83 1 48 67 110 1 23 101 87 1 0 0 0 0 76 48 110 1 53 118 118 1 68 65 124 1 53 74 136 1 68 80 141 1 36 100 146 1 25 36 108 1
0 0 0 0 50 84 131 1 41 111 109 1 24 73 108 1 77 17 102 1 6 56 101 1 6 16 102 1 30 40 120 1 7 47 87 1 0 88 71 1 48 44 72 1 0 0 0 0 0 0 0 0 5 62 95 1 29 74 108 1 23 69 84 1 27 73 109 1 40 69 90 1 11 59 103 1 26 49 76 1 29 47 105 1 30 28 102 1 35 67 88 1 48 35 80 1 36 59 68 1 17 96 111 1 0 42 117 1 54 54 106 1 10 54 82 1 20 50 97 1 53 68 80 1 43 39 93 1 41 79 101 1 0 0 0 0 11 79 119 1 25 65 126 1 29 61 80 1 17 51 116 1 57 75 127 1 0 0 0 0 13 42 110 1 0 0 0 0 0 0 0 0 26 46 154 1 2 67 122 1 12 32 132 1 44 101 124 1 21 87 132 1 29 62 58 1 0 86 99 1 29 65 118 1 12 86 95 1 49 87 139 1 50 99 98 1 56 97 151 1 49 93 133 1 81 99 106 1 67 103 104 1 61 57 157 1 33 95 111 1 51 94 148 1
45 20 93 1 55 34 106 1 17 55 100 1 0 0 0 0 48 70 124 1 18 54 30 1 0 0 0 0 33 75 39 1 42 53 93 1 0 60 100 1 0 59 74 1 12 21 78 1 36 14 52 1 16 49 101 1 32 83 114 1 0 67 107 1 37 32 105 1 62 60 122 1 39 80 98 1 43 63 119 1 4 57 96 1 4 66 61 1 54 64 80 1 27 83 86 1 27 28 78 1 0 0 0 0 36 51 98 1 7 44 115 1 0 57 138 1 17 67 80 1 36 57 127 1 48 58 92 1 22 19 42 1 26 2 122 1 28 74 99 1 63 62 136 1 17 101 104 1 39 66 107 1 50 95 115 1 0 0 0 0 76 64 81 1 62 74 109 1 40 100 102 1 51 86 124 1 35 88 115 1 35 72 112 1 18 85 105 1 50 90 88 1 34 34 139 1 44 65 113 1 38 37 88 1 66 91 96 1 100 88 121 1 28 76 121 1 0 0 0 0 22 82 125 1 0 0 0 0 38 94 119 1 44 103 144 1 89 37 146 1 43 75 129 1
38 41 99 1 23 35 94 1 35 88 89 1 23 39 104 1 53 65 97 1 0 54 71 1 30 63 120 1 22 69 77 1 32 46 105 1 0 59 111 1 39 74 98 1 30 68 109 1 11 40 90 1 2 59 80 1 73 74 79 1 30 78 117 1 0 0 0 0 68 83 127 1 26 83 83 1 28 104 60 1 0 0 0 0 38 38 95 1 0 60 100 1 13 45 72 1 40 68 86 1 16 34 87 1 47 70 82 1 39 31 118 1 8 36 89 1 0 56 122 1 37 32 114 1 36 42 84 1 0 0 0 0 17 0 93 1 0 0 0 0 0 0 0 0 0 0 0 0 51 46 159 1 34 106 95 1 37 70 145 1 0 0 0 0 15 100 103 1 59 71 87 1 45 83 138 1 79 83 124 1 23 41 51 1 0 56 97 1 46 60 120 1 70 111 104 1 65 69 161 1 55 69 83 1 63 53 120 1 62 62 88 1 53 86 147 1 44 96 87 1 88 60 101 1 33 85 81 1 14 77 105 1 49 63 83 1 31 96 104 1 64 60 135 1
36 82 105 1 0 0 0 0 76 70 45 1 39 38 92 1 40 92 109 1 11 68 130 1 37 81 117 1 65 36 117 1 40 91 89 1 34 56 110 1 10 61 101 1 8 87 114 1 67 41 118 1 30 124 79 1 50 68 85 1 52 62 91 1 23 47 108 1 11 48 123 1 47 73 101 1 40 82 122 1 18 74 109 1 19 67 103 1 0 50 108 1 1 83 71 1 31 88 64 1 15 55 114 1 58 76 94 1 16 42 83 1 0 0 0 0 14 16 73 1 0 31 94 1 0 73 135 1 0 0 0 0 33 60 115 1 35 59 112 1 26 11 105 1 28 17 77 1 46 17 107 1 17 64 63 1 25 80 79 1 3 47 106 1 0 0 88 1 15 50 120 1 61 69 69 1 63 104 58 1 0 79 90 1 27 64 138 1 72 45 86 1 38 81 120 1 0 0 0 0 66 62 141 1 56 65 99 1 11 79 103 1 86 76 67 1 46 72 62 1 36 76 124 1 69 78 118 1 22 82 104 1 0 0 0 0 7 68 98 1 0 0 0 0
57 74 84 1 53 56 112 1 23 50 88 1 47 63 110 1 8 70 115 1 59 87 95 1 40 89 89 1 53 75 143 1 18 93 148 1 59 110 95 1 22 94 87 1 8 64 92 1 0 24 72 1 49 51 95 1 19 39 97 1 0 71 108 1 28 57 95 1 29 118 124 1 24 38 110 1 36 72 107 1 35 39 56 1 33 51 103 1 9 62 100 1 0 66 124 1 10 86 101 1 8 32 95 1 9 68 81 1 25 66 109 1 69 32 78 1 0 18 88 1 34 24 119 1 2 78 80 1 0 0 0 0 0 93 98 1 25 61 80 1 68 94 109 1 44 87 100 1 11 59 121 1 0 0 0 0 0 13 99 1 14 35 50 1 39 4 94 1 22 69 114 1 17 18 53 1 10 23 84 1 12 65 77 1 0 61 111 1 34 93 90 1 2 53 92 1 0 0 0 0 64 41 114 1 0 89 120 1 37 100 120 1 34 57 118 1 31 61 98 1 0 0 0 0 61 72 102 1 36 90 106 1 0 62 59 1 51 43 107 1 20 40 145 1
53 53 131 1 28 25 121 1 74 32 122 1 30 71 131 1 34 60 125 1 34 73 112 1 1 51 119 1 32 99 147 1 56 53 119 1 71 74 138 1 30 44 61 1 42 79 108 1 8 53 111 1 25 45 61 1 6 49 79 1 44 51 57 1 69 76 90 1 48 64 128 1 22 48 108 1 56 67 89 1 15 42 95 1 27 68 114 1 35 78 110 1 56 99 90 1 42 38 96 1 2 59 112 1 24 88 81 1 41 40 76 1 50 99 129 1 17 58 110 1 34 36 109 1 27 87 75 1 39 61 109 1 43 81 78 1 26 86 66 1 42 34 110 1 56 63 142 1 42 81 139 1 34 66 68 1 46 91 93 1 0 42 57 1 21 60 74 1 28 6 97 1 8 34 46 1 1 67 81 1 28 78 115 1 0 0 0 0 28 75 111 1 21 46 117 1 41 112 104 1 18 101 115 1 16 69 94 1 25 61 90 1 0 53 96 1 0 0 0 0 83 65 114 1 22 78 134 1 62 33 133 1 22 69 110 1 20 37 54 1 25 28 88 1
68 86 73 1 34 104 106 1 60 67 96 1 23 73 112 1 70 95 122 1 47 66 98 1 18 47 77 1 0 0 0 0 75 52 88 1 46 26 83 1 29 91 111 1 56 21 126 1 22 68 111 1 45 65 114 1 0 0 0 0 35 88 145 1 40 90 107 1 60 96 130 1 43 80 111 1 13 75 110 1 49 90 124 1 40 132 121 1 73 70 106 1 60 82 137 1 26 69 116 1 42 34 135 1 0 0 0 0 23 79 121 1 63 49 119 1 51 68 108 1 27 27 102 1 51 56 144 1 55 71 94 1 18 79 60 1 33 59 99 1 17 41 114 1 41 80 108 1 43 98 65 1 15 85 101 1 27 72 88 1 28 30 63 1 0 0 0 0 16 47 76 1 6 75 128 1 0 40 102 1 0 73 89 1 11 35 110 1 61 47 71 1 32 43 105 1 11 48 75 1 8 62 76 1 18 58 95 1 0 0 0 0 9 72 85 1 82 61 109 1 45 97 126 1 47 101 97 1 0 0 0 0 8 84 111 1 0 0 0 0 14 89 147 1
0 0 0 0 73 86 43 1 63 71 132 1 0 0 0 0 0 0 0 0 28 51 110 1 46 68 97 1 46 54 130 1 51 71 88 1 0 0 0 0 0 0 0 0 16 51 144 1 42 71 112 1 0 61 122 1 33 47 89 1 38 58 109 1 9 53 115 1 30 71 119 1 49 43 140 1 20 62 91 1 45 99 170 1 39 44 88 1 57 95 66 1 41 82 122 1 63 74 102 1 27 100 101 1 40 77 159 1 89 108 144 1 12 66 65 1 29 86 95 1 36 80 93 1 56 86 85 1 23 65 86 1 70 64 82 1 51 93 103 1 16 99 45 1 77 59 117 1 67 90 112 1 24 34 84 1 43 47 67 1 23 65 95 1 7 18 68 1 6 69 108 1 0 29 83 1 6 39 76 1 15 58 87 1 46 73 131 1 19 43 84 1 26 49 67 1 67 61 109 1 24 40 116 1 34 70 72 1 56 18 93 1 19 39 79 1 14 93 89 1 25 74 127 1 73 63 111 1 0 0 0 0 73 50 110 1 55 68 101 1 16 94 112 1
27 67 70 1 32 59 112 1 47 66 91 1 45 69 121 1 39 49 94 1 73 62 77 1 38 110 117 1 41 45 140 1 46 57 123 1 6 57 85 1 12 40 99 1 10 36 70 1 19 85 94 1 23 66 107 1 24 89 120 1 43 65 117 1 55 97 140 1 29 73 119 1 45 74 110 1 50 85 146 1 0 0 0 0 11 74 102 1 55 61 130 1 54 31 107 1 14 68 105 1 23 77 86 1 74 92 138 1 0 0 0 0 23 59 94 1 57 71 88 1 37 27 98 1 32 62 113 1 78 54 149 1 44 49 130 1 40 98 84 1 59 90 102 1 40 58 116 1 54 47 79 1 32 74 62 1 0 0 0 0 1 54 115 1 47 43 106 1 27 37 64 1 0 0 0 0 0 0 0 0 51 73 99 1 66 76 115 1 14 69 64 1 82 31 74 1 21 75 86 1 76 47 57 1 0 36 90 1 0 55 58 1 49 37 70 1 51 48 96 1 21 67 110 1 75 76 102 1 31 88 88 1 32 67 99 1 0 0 0 0 49 67 124 1
42 60 99 1 0 33 57 1 0 0 0 0 20 58 107 1 17 56 100 1 23 79 98 1 20 31 70 1 10 71 93 1 50 59 115 1 44 33 119 1 46 66 105 1 29 47 112 1 23 61 149 1 61 68 51 1 44 67 116 1 36 60 83 1 38 74 121 1 73 81 105 1 19 76 93 1 32 63 94 1 29 74 114 1 31 58 59 1 22 78 130 1 33 67 99 1 16 54 114 1 25 59 115 1 9 110 104 1 27 65 115 1 47 65 75 1 29 52 86 1 30 65 117 1 23 74 96 1 14 43 94 1 16 45 83 1 89 68 97 1 31 78 96 1 22 61 93 1 0 0 0 0 56 42 91 1 27 51 92 1 26 61 71 1 9 45 117 1 7 56 121 1 49 38 150 1 18 52 102 1 0 38 95 1 25 72 95 1 86 17 92 1 0 0 0 0 41 58 84 1 25 82 100 1 65 52 119 1 24 70 51 1 0 0 0 0 57 66 124 1 7 87 89 1 97 113 84 1 52 129 121 1 28 130 129 1 50 71 116 1 49 32 96 1
13 22 125 1 37 52 63 1 30 35 70 1 0 63 76 1 30 53 104 1 42 83 134 1 37 72 128 1 37 32 119 1 50 74 74 1 60 84 54 1 27 68 97 1 25 69 104 1 0 0 0 0 41 67 119 1 26 65 87 1 51 71 125 1 15 100 102 1 33 89 110 1 32 62 60 1 13 70 128 1 6 67 80 1 18 0 115 1 27 56 127 1 44 57 83 1 26 74 82 1 54 45 86 1 65 111 82 1 53 84 135 1 33 90 107 1 36 81 110 1 30 60 125 1 66 52 129 1 17 37 101 1 1 86 107 1 52 61 61 1 0 78 90 1 10 57 125 1 35 68 111 1 35 86 120 1 37 47 71 1 28 78 89 1 33 31 138 1 82 92 107 1 0 15 118 1 21 43 104 1 35 68 87 1 8 34 93 1 0 0 0 0 0 0 0 0 55 40 113 1 49 93 115 1 67 51 100 1 43 55 121 1 0 0 0 0 28 75 131 1 3 78 128 1 62 46 115 1 76 108 158 1 16 124 142 1 0 0 0 0 42 93 96 1
20 59 80 1 23 74 92 1 18 78 69 1 33 78 104 1 28 74 89 1 0 0 0 0 14 37 95 1 26 85 104 1 18 63 113 1 32 49 135 1 27 40 96 1 46 70 95 1 53 46 76 1 41 78 51 1 0 0 0 0 40 49 97 1 51 81 95 1 39 63 120 1 6 13 89 1 0 0 0 0 30 53 99 1 44 46 97 1 20 67 96 1 67 53 101 1 0 0 0 0 24 62 90 1 15 63 128 1 19 59 101 1 33 72 133 1 39 92 96 1 45 66 118 1 67 60 105 1 42 91 67 1 42 85 112 1 19 70 117 1 45 78 119 1 39 81 153 1 13 48 85 1 0 0 0 0 44 83 83 1 30 54 90 1 51 59 96 1 12 49 122 1 12 55 108 1 12 50 89 1 60 55 96 1 13 29 111 1 19 82 70 1 0 0 0 0 33 86 98 1 23 12 155 1 38 58 159 1 0 53 69 1 35 100 69 1 59 105 158 1 27 72 137 1 48 71 119 1 45 96 116 1 0 30 115 1 31 38 83 1 34 85 106 1
12 84 93 1 9 13 126 1 39 94 145 1 24 77 52 1 31 112 101 1 5 50 77 1 45 59 101 1 18 55 114 1 0 0 0 0 0 0 0 0 35 99 77 1 42 52 100 1 32 72 83 1 24 49 91 1 2 17 112 1 0 0 0 0 0 56 90 1 0 0 0 0 41 68 95 1 25 51 104 1 2 77 83 1 0 47 92 1 35 74 133 1 30 58 110 1 10 46 115 1 18 24 102 1 25 96 112 1 33 85 121 1 62 39 106 1 23 76 114 1 45 91 80 1 26 90 118 1 13 66 65 1 6 48 76 1 0 0 0 0 55 21 67 1 13 89 115 1 71 49 101 1 72 104 87 1 57 71 74 1 34 38 82 1 36 71 101 1 11 50 122 1 33 86 129 1 33 57 114 1 0 22 137 1 42 59 106 1 45 55 86 1 21 65 81 1 1 50 101 1 40 45 133 1 10 71 119 1 64 64 102 1 27 68 116 1 46 67 126 1 37 42 93 1 17 66 68 1 29 76 102 1 0 51 101 1 0 0 0 0 64 62 120 1
21 101 89 1 26 65 103 1 59 20 104 1 36 98 100 1 21 67 124 1 0 0 0 0 26 65 115 1 22 71 97 1 34 50 59 1 37 41 69 1 17 41 99 1 10 71 102 1 18 114 114 1 57 41 114 1 28 80 91 1 38 39 139 1 26 71 91 1 40 73 78 1 23 55 119 1 20 51 89 1 25 45 115 1 0 103 124 1 9 58 72 1 38 72 103 1 39 96 125 1 74 78 117 1 41 62 107 1 31 51 100 1 63 81 108 1 63 82 120 1 23 54 64 1 0 100 105 1 0 53 102 1 28 76 105 1 46 37 121 1 38 60 108 1 22 41 111 1 23 73 135 1 44 47 121 1 52 7 78 1 28 107 95 1 31 72 142 1 31 67 89 1 69 73 102 1 0 0 0 0 46 59 87 1 0 18 97 1 0 26 90 1 0 65 98 1 17 88 93 1 35 50 107 1 0 53 89 1 25 24 119 1 22 65 85 1 29 91 99 1 47 67 130 1 0 88 79 1 27 30 125 1 29 61 108 1 9 55 82 1 17 62 106 1
13 40 81 1 25 79 79 1 40 82 119 1 0 67 84 1 13 28 115 1 32 74 94 1 0 104 86 1 23 42 124 1 32 45 110 1 57 63 73 1 0 0 0 0 49 105 114 1 34 98 115 1 0 0 0 0 27 92 113 1 25 75 113 1 40 48 131 1 41 100 123 1 49 51 86 1 45 64 124 1 23 82 123 1 56 14 121 1 0 0 0 0 1 56 82 1 8 46 65 1 0 0 0 0 39 110 87 1 16 89 110 1 61 53 139 1 22 31 94 1 22 81 100 1 10 42 70 1 11 52 119 1 0 0 0 0 0 56 94 1 19 21 65 1 36 59 73 1 0 0 0 0 40 78 67 1 39 82 86 1 60 97 150 1 19 84 106 1 45 56 127 1 60 77 99 1 48 71 85 1 40 75 87 1 22 36 87 1 22 55 143 1 58 62 82 1 32 51 108 1 33 70 77 1 46 65 79 1 7 49 78 1 67 72 124 1 13 59 81 1 35 45 108 1 16 60 86 1 0 0 0 0 37 52 71 1 38 85 129 1 48 83 132 1
0 0 0 0 53 26 66 1 0 0 0 0 45 35 67 1 21 60 93 1 25 40 82 1 14 40 78 1 0 67 112 1 15 65 113 1 29 76 115 1 49 9 100 1 0 0 0 0 50 66 74 1 28 55 77 1 10 73 97 1 19 85 55 1 57 65 110 1 25 110 123 1 0 0 0 0 37 67 102 1 32 59 135 1 40 29 95 1 32 63 100 1 37 82 111 1 25 62 105 1 44 57 103 1 30 101 100 1 21 72 128 1 13 68 119 1 33 75 134 1 0 72 92 1 34 58 91 1 5 48 99 1 0 27 94 1 18 54 80 1 29 42 80 1 22 76 89 1 34 56 62 1 3 87 78 1 43 25 87 1 12 50 121 1 10 79 105 1 66 72 78 1 0 0 0 0 0 0 0 0 0 0 0 0 22 100 83 1 21 86 146 1 48 58 135 1 0 98 115 1 0 0 0 0 2 50 63 1 59 63 79 1 24 67 106 1 80 85 124 1 16 40 112 1 33 78 100 1 38 54 96 1 25 62 98 1 43 97 64 1 42 60 110 1
28 0 93 1 16 62 68 1 0 0 0 0 46 38 77 1 2 58 112 1 3 27 91 1 13 43 90 1 27 41 85 1 33 77 112 1 27 34 120 1 9 25 62 1 36 37 105 1 33 102 83 1 0 61 49 1 28 44 100 1 31 83 88 1 34 66 133 1 26 62 135 1 52 87 123 1 34 65 90 1 44 88 114 1 51 90 64 1 7 99 87 1 30 101 144 1 33 70 98 1 35 74 79 1 66 49 107 1 27 76 107 1 20 35 86 1 7 64 79 1 11 13 56 1 18 39 107 1 0 25 55 1 0 49 31 1 12 88 119 1 3 26 93 1 1 41 55 1 30 20 55 1 0 0 39 1 17 8 88 1 4 37 61 1 10 42 133 1 52 18 90 1 36 65 116 1 50 88 101 1 24 54 134 1 19 78 114 1 48 119 118 1 76 103 123 1 35 69 109 1 21 70 127 1 53 29 131 1 38 75 98 1 67 42 128 1 41 46 59 1 29 100 92 1 37 96 84 1 0 63 90 1 5 63 81 1 0 100 89 1 19 21 113 1
12 80 75 1 45 75 82 1 34 46 53 1 25 61 120 1 57 47 106 1 44 72 107 1 22 55 63 1 42 36 109 1 1 79 69 1 26 63 94 1 20 68 114 1 8 59 92 1 32 131 133 1 58 98 83 1 0 0 0 0 68 54 85 1 0 0 0 0 56 63 132 1 7 80 93 1 0 0 0 0 48 0 83 1 11 35 76 1 24 84 84 1 52 77 108 1 44 30 157 1 6 66 85 1 0 0 0 0 27 55 161 1 87 64 96 1 0 0 0 0 40 64 108 1 0 65 89 1 10 50 115 1 34 62 98 1 10 76 101 1 0 0 0 0 13 64 74 1 0 50 116 1 0 44 121 1 0 69 83 1 12 65 102 1 16 91 73 1 19 56 58 1 11 63 108 1 37 48 95 1 0 0 0 0 29 51 107 1 69 76 128 1 36 80 128 1 29 53 119 1 64 82 125 1 68 88 120 1 85 108 102 1 38 117 144 1 39 55 146 1 54 65 152 1 0 0 0 0 40 68 114 1 45 59 89 1 40 108 140 1 54 113 122 1
10 77 133 1 5 54 95 1 41 91 97 1 26 61 112 1 0 0 0 0 21 62 158 1 0 0 0 0 33 84 99 1 0 0 0 0 69 55 80 1 0 0 0 0 30 92 114 1 25 80 97 1 56 61 97 1 35 59 103 1 0 74 118 1 0 47 149 1 47 105 135 1 47 53 82 1 15 45 66 1 20 76 70 1 0 0 0 0 14 82 101 1 38 46 164 1 21 62 144 1 26 72 142 1 0 63 101 1 0 54 112 1 4 107 112 1 41 52 90 1 7 56 88 1 41 57 103 1 64 63 66 1 41 65 98 1 31 75 93 1 14 51 130 1 17 59 43 1 18 36 121 1 0 33 65 1 0 59 44 1 0 45 95 1 0 17 102 1 23 44 97 1 0 35 100 1 0 93 104 1 23 70 131 1 32 84 92 1 0 0 0 0 11 91 94 1 77 41 125 1 93 88 125 1 46 99 130 1 44 77 104 1 77 109 132 1 55 85 139 1 37 60 124 1 42 29 127 1 36 51 122 1 67 85 116 1 50 35 118 1 30 88 97 1
61 37 140 1 41 36 95 1 47 43 85 1 47 59 87 1 47 73 123 1 9 94 89 1 0 81 105 1 15 64 110 1 22 46 125 1 23 64 49 1 23 45 102 1 0 30 94 1 57 59 112 1 0 29 73 1 0 41 93 1 0 3 32 1 0 16 31 1 35 34 96 1 27 84 127 1 57 73 119 1 61 85 160 1 20 78 132 1 0 0 0 0 33 95 128 1 28 71 84 1 43 51 112 1 46 65 99 1 19 58 136 1 27 103 96 1 32 83 134 1 53 58 125 1 36 83 128 1 27 101 117 1 110 87 122 1 44 84 101 1 51 71 120 1 0 0 0 0 24 58 89 1 41 38 82 1 0 0 0 0 14 38 105 1 92 97 64 1 0 0 0 0 0 0 0 0 0 0 0 0 32 15 126 1 0 0 0 0 8 28 107 1 0 48 83 1 27 45 112 1 38 50 125 1 0 0 0 0 0 0 0 0 67 103 134 1 83 59 146 1 61 97 121 1 40 105 129 1 44 94 148 1 72 71 118 1 0 0 0 0 94 150 146 1
91 60 105 1 19 37 101 1 0 0 0 0 34 48 87 1 30 53 49 1 9 31 148 1 25 50 108 1 48 78 96 1 16 62 114 1 43 73 83 1 5 82 93 1 15 58 109 1 6 37 115 1 37 56 77 1 41 57 94 1 6 67 110 1 14 66 86 1 25 42 99 1 61 91 122 1 0 0 0 0 9 70 104 1 49 76 111 1 31 96 105 1 16 79 80 1 0 93 99 1 33 79 132 1 46 40 118 1 31 27 82 1 0 35 94 1 0 97 59 1 66 54 100 1 10 119 128 1 61 40 105 1 0 0 0 0 44 45 102 1 0 57 84 1 0 0 0 0 0 53 80 1 0 76 79 1 42 96 108 1 31 56 49 1 57 48 106 1 28 72 109 1 52 44 120 1 0 0 0 0 25 38 119 1 38 60 141 1 31 60 88 1 21 20 99 1 31 62 106 1 64 55 116 1 0 0 0 0 68 78 81 1 59 41 122 1 4 89 116 1 0 0 0 0 56 87 132 1 59 105 137 1 42 86 99 1 72 93 143 1 68 84 108 1
63 67 133 1 55 52 123 1 61 43 99 1 40 47 90 1 25 80 83 1 0 0 0 0 25 67 100 1 20 57 124 1 49 85 106 1 39 43 122 1 27 54 81 1 10 63 68 1 33 85 83 1 17 50 57 1 71 45 64 1 6 77 99 1 61 72 113 1 40 36 96 1 39 78 68 1 20 93 93 1 63 85 102 1 41 58 134 1 29 36 95 1 3 74 97 1 8 54 105 1 64 64 100 1 22 5 89 1 22 39 62 1 7 50 85 1 0 41 79 1 19 44 71 1 0 66 97 1 0 70 114 1 13 47 68 1 23 28 71 1 47 16 83 1 0 0 0 0 0 57 105 1 0 60 127 1 0 80 90 1 0 0 0 0 18 65 99 1 59 85 87 1 0 0 0 0 4 43 113 1 31 72 110 1 5 70 96 1 47 58 110 1 46 83 69 1 64 60 110 1 39 47 153 1 0 0 0 0 2 34 118 1 30 73 110 1 12 50 101 1 45 106 86 1 45 50 134 1 44 73 124 1 59 99 121 1 0 0 0 0 54 95 167 1
52 66 71 1 8 35 116 1 0 0 0 0 22 55 67 1 18 39 51 1 11 59 102 1 3 42 65 1 62 70 116 1 20 64 70 1 54 54 138 1 0 0 0 0 0 0 0 0 31 62 69 1 12 69 109 1 0 0 0 0 47 71 124 1 62 86 110 1 30 79 116 1 28 83 128 1 4 64 120 1 8 43 103 1 20 30 96 1 35 76 103 1 22 51 69 1 69 65 73 1 17 32 99 1 39 69 142 1 45 39 87 1 41 55 92 1 23 51 63 1 3 73 86 1 0 18 109 1 46 57 100 1 62 50 81 1 55 72 73 1 43 50 91 1 28 38 102 1 14 54 123 1 16 35 87 1 29 59 66 1 47 94 107 1 0 90 117 1 41 55 118 1 40 105 134 1 28 117 122 1 26 37 108 1 20 62 96 1 44 87 134 1 0 0 0 0 43 70 91 1 45 83 108 1 17 39 96 1 0 53 72 1 0 55 84 1 0 0 0 0 41 64 87 1 26 44 56 1 45 61 113 1 37 20 119 1 0 0 0 0 0 46 81 1
0 0 0 0 17 41 96 1 32 29 83 1 13 63 64 1 17 53 120 1 53 56 68 1 37 88 94 1 46 87 88 1 37 31 83 1 35 25 105 1 0 0 0 0 0 0 0 0 43 25 150 1 0 0 0 0 28 112 103 1 48 66 79 1 29 73 109 1 0 0 0 0 86 58 105 1 19 64 103 1 22 51 120 1 53 55 72 1 19 30 106 1 0 0 0 0 47 60 133 1 36 44 96 1 52 45 110 1 24 60 98 1 0 0 0 0 66 58 79 1 13 69 111 1 0 0 0 0 11 50 87 1 64 47 78 1 33 66 60 1 47 67 117 1 43 75 75 1 8 52 69 1 0 62 117 1 27 33 108 1 35 63 172 1 17 51 100 1 0 60 129 1 31 77 79 1 52 98 131 1 0 0 0 0 0 0 0 0 56 81 116 1 0 0 0 0 50 97 93 1 49 14 131 1 0 40 122 1 0 0 0 0 0 0 0 0 0 5 60 1 8 55 63 1 0 74 90 1 0 60 97 1 30 63 135 1 24 37 93 1 0 32 123 1
49 44 123 1 70 24 86 1 26 37 73 1 25 40 90 1 57 41 78 1 0 40 120 1 0 73 106 1 6 110 92 1 34 53 95 1 47 58 57 1 64 44 78 1 34 50 90 1 0 59 83 1 30 50 94 1 26 92 99 1 33 80 72 1 21 68 134 1 11 56 93 1 49 48 77 1 43 90 121 1 8 60 90 1 52 64 122 1 36 65 100 1 21 49 138 1 43 28 119 1 29 72 98 1 40 69 102 1 9 69 74 1 44 75 133 1 38 34 120 1 7 57 92 1 7 89 106 1 20 82 86 1 45 46 90 1 71 84 120 1 43 47 102 1 57 100 94 1 31 63 71 1 23 63 102 1 0 61 101 1 50 91 100 1 0 0 0 0 49 109 97 1 16 36 132 1 55 114 110 1 0 18 91 1 32 58 98 1 45 41 129 1 35 98 88 1 20 67 96 1 43 28 95 1 55 87 84 1 38 86 70 1 16 61 95 1 20 34 90 1 17 31 72 1 24 0 115 1 20 67 103 1 25 33 101 1 43 60 64 1 30 75 107 1
0 0 0 0 22 58 84 1 12 75 39 1 0 0 0 0 23 63 78 1 6 77 98 1 6 47 62 1 10 81 84 1 0 0 0 0 8 90 110 1 0 80 83 1 20 60 89 1 0 20 65 1 20 62 116 1 44 54 89 1 0 0 0 0 30 79 139 1 11 61 145 1 4 74 61 1 44 82 92 1 0 0 0 0 22 24 90 1 53 31 125 1 22 76 107 1 21 70 115 1 2 43 95 1 28 91 86 1 30 94 117 1 43 30 142 1 36 51 122 1 18 58 66 1 6 40 81 1 0 53 84 1 53 53 74 1 38 63 113 1 0 40 81 1 11 97 118 1 35 54 76 1 34 47 130 1 43 61 121 1 79 106 86 1 33 51 95 1 48 77 128 1 12 109 117 1 34 62 152 1 47 89 126 1 19 82 81 1 16 58 125 1 19 45 134 1 31 58 117 1 47 97 123 1 50 81 132 1 42 87 137 1 16 65 78 1 57 98 108 1 0 0 0 0 93 83 122 1 52 70 109 1 30 90 130 1 50 36 103 1 14 85 106 1
44 57 112 1 59 50 30 1 59 37 81 1 11 64 95 1 35 49 106 1 60 61 87 1 0 0 0 0 46 77 84 1 29 41 65 1 59 83 103 1 40 77 120 1 19 62 137 1 22 61 115 1 31 91 97 1 50 34 93 1 50 57 123 1 0 0 0 0 43 78 100 1 48 42 95 1 5 81 90 1 47 64 109 1 40 63 93 1 38 72 66 1 1 92 157 1 60 85 106 1 26 50 98 1 69 44 92 1 11 77 108 1 0 62 116 1 31 45 109 1 59 29 84 1 29 75 89 1 0 34 119 1 23 43 97 1 19 63 86 1 56 54 90 1 16 69 94 1 8 48 120 1 64 52 83 1 27 80 80 1 49 89 86 1 0 0 0 0 14 62 103 1 52 40 139 1 52 117 90 1 40 73 117 1 31 79 134 1 36 44 124 1 15 80 114 1 49 91 93 1 11 45 93 1 40 66 95 1 66 89 136 1 21 100 101 1 85 92 118 1 45 68 105 1 50 97 106 1 64 72 182 1 50 88 124 1 0 0 0 0 0 0 0 0
28 83 110 1 3 45 105 1 46 47 93 1 48 68 85 1 25 60 91 1 33 41 110 1 0 0 0 0 20 48 116 1 24 59 87 1 31 46 108 1 28 101 116 1 24 52 76 1 56 88 119 1 27 49 114 1 44 68 75 1 30 77 76 1 0 0 0 0 33 52 94 1 30 55 84 1 23 81 82 1 36 83 167 1 76 67 155 1 31 53 75 1 68 64 117 1 74 83 113 1 62 81 131 1 51 44 115 1 79 73 95 1 56 85 97 1 40 60 89 1 35 72 90 1 34 41 134 1 50 84 120 1 30 28 115 1 6 45 99 1 32 46 94 1 39 75 108 1 35 91 122 1 30 52 61 1 35 78 119 1 78 93 120 1 21 62 82 1 37 37 139 1 29 84 95 1 0 0 0 0 14 73 137 1 62 61 108 1 55 86 126 1 42 79 120 1 4 52 69 1 35 65 98 1 24 50 67 1 13 29 75 1 19 36 97 1 0 0 0 0 44 68 85 1 59 53 72 1 55 53 136 1 41 49 119 1 60 28 130 1 54 105 105 1
58 84 124 1 49 69 96 1 36 73 88 1 21 69 117 1 12 67 82 1 0 65 89 1 41 71 58 1 13 61 68 1 0 0 0 0 31 83 125 1 28 61 81 1 36 97 111 1 26 94 121 1 41 27 103 1 70 40 162 1 59 46 101 1 2 42 91 1 56 70 129 1 76 48 95 1 0 0 0 0 65 83 87 1 11 44 88 1 6 96 99 1 68 113 103 1 33 89 94 1 44 60 110 1 37 69 86 1 35 87 115 1 27 101 139 1 24 61 82 1 0 0 0 0 35 50 103 1 0 0 0 0 0 77 70 1 22 73 88 1 0 0 0 0 44 61 129 1 72 42 119 1 58 74 132 1 69 86 148 1 0 0 0 0 0 0 0 0 11 84 108 1 7 57 150 1 12 79 110 1 12 64 115 1 35 60 90 1 10 57 110 1 3 55 66 1 0 0 0 0 30 71 101 1 59 72 119 1 39 72 58 1 31 26 138 1 4 61 104 1 0 0 0 0 37 93 136 1 44 82 132 1 28 63 91 1 39 50 83 1 0 0 0 0
2 47 89 1 50 80 127 1 52 28 120 1 67 37 115 1 42 72 70 1 26 46 75 1 6 83 118 1 33 54 98 1 23 75 62 1 58 63 93 1 75 46 121 1 0 0 0 0 43 86 110 1 0 0 0 0 16 71 129 1 36 81 75 1 28 123 113 1 57 55 86 1 46 74 110 1 97 87 82 1 70 80 71 1 0 0 0 0 47 86 123 1 56 97 135 1 20 82 121 1 33 113 121 1 12 91 118 1 55 72 116 1 42 113 119 1 32 59 93 1 2 66 108 1 19 68 86 1 0 34 112 1 27 50 74 1 0 0 0 0 29 51 71 1 48 48 125 1 0 0 0 0 62 100 127 1 60 65 105 1 39 80 104 1 50 98 88 1 36 92 176 1 41 94 136 1 57 27 90 1 0 0 0 0 0 0 0 0 49 51 129 1 0 0 0 0 0 69 91 1 11 42 84 1 0 0 0 0 26 70 62 1 7 72 123 1 33 36 94 1 18 44 91 1 0 137 75 1 13 41 72 1 60 76 101 1 8 113 99 1 51 52 98 1
40 74 131 1 68 43 107 1 20 92 104 1 10 93 79 1 8 63 90 1 42 78 64 1 21 69 105 1 20 22 63 1 8 11 90 1 5 10 40 1 58 55 69 1 34 47 117 1 44 58 120 1 13 81 82 1 16 84 102 1 11 66 97 1 10 52 95 1 72 52 112 1 0 41 97 1 43 88 91 1 36 37 88 1 0 63 117 1 45 29 53 1 43 73 121 1 0 72 121 1 0 0 0 0 26 44 76 1 44 74 120 1 49 57 108 1 54 76 106 1 75 112 110 1 36 92 144 1 0 0 0 0 34 77 98 1 56 84 127 1 20 70 113 1 49 93 123 1 72 103 101 1 29 110 100 1 43 65 79 1 2 98 101 1 70 65 119 1 63 105 112 1 25 90 110 1 0 0 0 0 64 100 126 1 0 0 0 0 44 118 150 1 0 0 0 0 43 62 108 1 21 98 124 1 44 76 84 1 82 53 90 1 65 64 123 1 28 72 148 1 69 98 150 1 20 54 106 1 0 0 0 0 0 0 0 0 22 98 99 1 0 69 107 1
54 79 161 1 46 57 123 1 13 60 85 1 45 89 124 1 22 96 102 1 26 41 65 1 7 88 83 1 49 70 72 1 0 0 0 0 23 58 85 1 0 55 62 1 30 65 100 1 0 52 74 1 0 8 119 1 23 73 113 1 45 53 125 1 8 78 150 1 19 67 98 1 24 69 79 1 13 46 75 1 0 63 124 1 7 53 96 1 0 0 0 0 52 81 113 1 63 88 146 1 0 0 0 0 0 0 0 0 39 95 78 1 71 102 108 1 31 50 89 1 83 56 98 1 54 65 109 1 39 85 92 1 0 0 0 0 50 72 81 1 60 74 98 1 0 0 0 0 24 43 100 1 31 64 97 1 10 72 143 1 12 74 108 1 21 32 102 1 0 0 0 0 15 74 113 1 69 64 124 1 60 102 153 1 0 0 0 0 38 107 102 1 60 78 123 1 31 107 137 1 0 0 0 0 53 84 138 1 56 75 92 1 43 83 125 1 51 111 159 1 26 93 160 1 38 86 125 1 38 61 98 1 65 40 161 1 44 55 150 1 79 55 123 1
45 114 135 1 53 81 87 1 47 36 74 1 60 44 88 1 45 73 90 1 0 49 92 1 26 63 106 1 13 38 118 1 57 79 90 1 17 64 77 1 2 93 66 1 38 66 92 1 59 32 57 1 43 73 107 1 51 30 108 1 61 54 77 1 1 28 79 1 39 72 82 1 71 59 75 1 20 58 79 1 0 0 0 0 9 63 109 1 66 83 91 1 39 89 81 1 13 5 84 1 44 75 111 1 37 48 114 1 11 60 92 1 42 70 144 1 61 63 122 1 56 49 108 1 23 46 101 1 12 91 116 1 65 81 131 1 19 44 114 1 59 43 156 1 0 0 0 0 46 67 113 1 9 50 104 1 57 44 113 1 16 57 97 1 17 57 99 1 28 76 125 1 16 78 113 1 40 42 103 1 0 0 0 0 60 107 119 1 15 58 106 1 73 96 105 1 34 114 137 1 0 0 0 0 57 58 115 1 25 52 109 1 58 86 149 1 14 59 165 1 106 98 119 1 88 78 84 1 39 74 113 1 82 86 110 1 60 119 113 1 48 87 120 1
38 54 102 1 12 88 107 1 6 73 51 1 42 45 91 1 13 40 93 1 17 49 76 1 15 45 92 1 0 4 82 1 51 60 128 1 19 64 121 1 41 31 102 1 3 94 60 1 22 36 88 1 0 0 0 0 74 59 133 1 61 67 40 1 38 34 102 1 0 41 76 1 30 6 131 1 75 62 138 1 17 63 130 1 0 0 0 0 43 45 86 1 8 79 111 1 30 84 118 1 60 31 70 1 0 52 142 1 54 43 89 1 38 65 101 1 43 70 78 1 24 56 118 1 27 65 115 1 8 47 132 1 0 0 0 0 61 102 109 1 0 0 0 0 29 63 93 1 3 55 67 1 37 72 123 1 47 32 98 1 0 71 104 1 53 60 129 1 24 70 120 1 36 70 100 1 0 64 123 1 33 22 109 1 36 57 115 1 60 52 135 1 0 50 127 1 57 92 105 1 0 0 0 0 0 0 0 0 30 84 110 1 49 51 115 1 29 53 95 1 34 101 127 1 37 106 114 1 44 98 126 1 44 96 129 1 54 106 151 1 43 82 141 1
13 78 110 1 25 47 73 1 38 65 64 1 13 22 87 1 24 45 86 1 0 0 0 0 0 26 102 1 0 24 64 1 4 41 70 1 12 67 77 1 33 67 116 1 25 12 89 1 51 46 119 1 10 62 111 1 28 44 94 1 39 60 86 1 32 35 94 1 47 64 66 1 30 54 87 1 0 65 71 1 30 45 92 1 49 9 102 1 9 59 134 1 45 60 139 1 81 80 114 1 87 47 103 1 0 63 111 1 22 95 90 1 24 85 113 1 13 80 113 1 39 93 96 1 89 30 97 1 14 81 92 1 66 32 111 1 57 62 124 1 0 0 0 0 73 85 101 1 38 57 101 1 7 63 133 1 24 94 119 1 29 88 102 1 26 86 98 1 16 59 70 1 30 57 113 1 61 52 98 1 0 0 0 0 56 104 124 1 87 74 91 1 33 60 81 1 53 57 101 1 49 87 82 1 13 90 111 1 69 104 123 1 26 97 112 1 65 91 100 1 22 78 108 1 76 68 90 1 118 129 111 1 5 95 124 1 31 101 107 1 10 62 75 1
6 21 109 1 0 39 89 1 3 57 108 1 12 15 72 1 25 16 85 1 0 0 0 0 15 0 69 1 24 15 65 1 4 40 79 1 25 55 94 1 0 0 0 0 65 55 50 1 1 60 87 1 0 0 0 0 33 55 108 1 47 66 112 1 8 34 73 1 9 55 112 1 28 82 95 1 0 0 0 0 103 48 138 1 51 112 143 1 12 76 107 1 53 36 120 1 42 52 102 1 6 84 95 1 50 103 166 1 53 83 99 1 42 46 115 1 16 82 129 1 32 43 100 1 3 46 85 1 18 69 89 1 21 42 65 1 29 74 92 1 39 108 136 1 13 108 139 1 52 66 88 1 0 0 0 0 21 55 136 1 27 65 93 1 11 79 87 1 33 84 129 1 20 102 108 1 40 59 109 1 64 75 111 1 34 86 119 1 11 92 109 1 37 80 121 1 52 68 85 1 58 59 120 1 23 37 160 1 91 110 123 1 76 59 113 1 40 76 126 1 54 78 104 1 52 82 127 1 54 52 106 1 37 57 77 1 32 97 129 1 45 100 108 1
2 37 115 1 0 30 52 1 15 27 91 1 0 58 72 1 18 21 74 1 35 75 124 1 29 36 52 1 32 51 57 1 48 33 99 1 36 42 72 1 0 37 85 1 17 26 39 1 0 0 0 0 0 35 86 1 59 68 77 1 46 9 118 1 8 18 59 1 25 25 75 1 27 9 89 1 49 94 108 1 18 61 70 1 24 57 76 1 56 82 121 1 39 37 115 1 51 83 77 1 25 63 83 1 17 101 107 1 47 73 75 1 86 77 87 1 45 69 117 1 20 58 98 1 31 52 99 1 7 83 39 1 49 52 103 1 27 79 104 1 42 118 120 1 0 0 0 0 77 68 147 1 84 59 165 1 30 102 132 1 20 78 118 1 51 50 97 1 53 106 112 1 0 0 0 0 61 99 120 1 27 89 120 1 77 137 114 1 0 0 0 0 15 72 122 1 41 74 134 1 47 91 168 1 29 59 104 1 0 0 0 0 66 86 89 1 48 94 103 1 18 86 108 1 27 73 144 1 69 44 77 1 32 85 123 1 49 92 93 1 21 84 144 1
0 0 0 0 51 54 85 1 23 63 91 1 38 29 87 1 30 60 116 1 0 0 0 0 28 97 58 1 17 60 87 1 0 0 0 0 0 62 69 1 7 79 109 1 16 44 84 1 11 24 115 1 0 0 0 0 36 50 108 1 0 70 56 1 6 26 98 1 0 44 91 1 27 42 96 1 43 35 74 1 47 77 120 1 49 46 106 1 0 0 0 0 35 92 86 1 54 87 129 1 0 0 0 0 14 44 98 1 49 76 98 1 0 58 106 1 0 0 0 0 14 80 85 1 0 72 139 1 42 94 55 1 44 21 98 1 43 71 86 1 50 75 113 1 41 116 118 1 36 69 89 1 28 87 89 1 55 82 106 1 0 84 114 1 46 87 91 1 36 58 79 1 18 100 68 1 57 96 108 1 33 53 128 1 10 80 133 1 29 90 144 1 0 0 0 0 36 92 101 1 41 99 72 1 0 0 0 0 37 90 140 1 57 95 93 1 95 80 99 1 65 74 162 1 40 78 132 1 70 70 110 1 33 85 118 1 59 105 134 1 79 114 159 1
40 36 121 1 14 81 109 1 45 89 83 1 50 34 132 1 28 34 80 1 0 0 0 0 13 24 122 1 28 65 129 1 56 102 65 1 57 69 89 1 0 45 103 1 0 0 0 0 33 70 83 1 36 118 132 1 51 61 125 1 43 67 118 1 24 78 149 1 27 76 82 1 36 61 92 1 60 66 88 1 0 0 0 0 55 106 113 1 22 71 115 1 51 61 88 1 67 72 131 1 35 111 138 1 9 81 124 1 22 75 114 1 76 63 125 1 34 48 109 1 15 76 79 1 82 49 112 1 39 66 128 1 12 63 87 1 69 69 129 1 53 71 98 1 13 64 123 1 73 81 113 1 74 61 104 1 3 68 95 1 0 0 0 0 19 63 103 1 9 64 107 1 0 0 0 0 0 0 0 0 27 76 95 1 88 103 110 1 55 61 120 1 18 31 75 1 32 41 75 1 0 0 0 0 0 42 97 1 9 84 104 1 52 84 121 1 49 97 123 1 58 41 91 1 39 59 141 1 32 74 120 1 26 75 130 1 56 88 122 1 44 65 114 1
33 45 134 1 34 53 121 1 26 65 78 1 61 53 80 1 39 74 98 1 20 76 117 1 37 44 110 1 64 65 109 1 6 100 99 1 60 43 109 1 22 53 132 1 52 55 95 1 32 82 111 1 52 31 85 1 0 54 98 1 5 62 97 1 44 62 111 1 37 46 80 1 51 56 101 1 62 102 106 1 0 0 0 0 23 46 141 1 22 59 133 1 60 89 117 1 56 62 92 1 57 85 123 1 87 96 118 1 47 103 108 1 17 102 116 1 0 0 0 0 47 55 103 1 64 89 113 1 46 89 127 1 0 63 76 1 50 64 78 1 52 93 82 1 34 61 147 1 43 60 107 1 15 80 74 1 45 54 108 1 82 92 141 1 25 61 112 1 36 62 108 1 0 0 0 0 35 84 119 1 0 0 0 0 41 76 117 1 22 67 94 1 36 43 131 1 0 94 98 1 43 36 104 1 37 63 111 1 41 58 88 1 62 61 124 1 80 87 108 1 0 0 0 0 13 119 115 1 0 72 111 1 0 80 112 1 35 67 134 1 41 106 115 1
12 92 132 1 62 84 127 1 43 57 149 1 42 37 90 1 21 29 91 1 0 0 0 0 37 65 73 1 56 72 89 1 0 59 115 1 34 69 92 1 18 58 104 1 67 55 101 1 44 22 109 1 0 0 0 0 21 30 111 1 41 51 64 1 40 79 110 1 0 75 111 1 71 73 111 1 99 77 123 1 26 103 122 1 52 46 101 1 68 56 149 1 63 128 140 1 68 123 142 1 48 111 135 1 28 117 136 1 50 52 123 1 41 114 112 1 77 121 113 1 23 106 124 1 25 77 101 1 0 0 0 0 50 50 95 1 0 0 0 0 26 30 168 1 7 51 125 1 22 54 125 1 9 83 88 1 0 80 128 1 18 72 95 1 0 0 0 0 4 70 101 1 6 69 120 1 4 70 112 1 45 64 121 1 28 67 114 1 37 57 90 1 0 0 0 0 24 43 106 1 25 69 81 1 86 75 149 1 40 98 94 1 46 71 141 1 58 93 110 1 82 62 135 1 32 105 98 1 51 108 113 1 54 89 137 1 32 57 126 1 93 75 104 1
34 69 70 1 13 49 112 1 70 100 76 1 42 54 135 1 21 68 86 1 29 84 93 1 39 51 98 1 66 22 89 1 60 78 104 1 78 67 104 1 49 43 108 1 37 33 153 1 0 68 99 1 11 58 97 1 7 36 88 1 33 52 79 1 16 55 111 1 87 90 111 1 42 71 83 1 65 107 98 1 15 49 108 1 83 74 89 1 41 78 67 1 13 46 120 1 44 77 92 1 82 71 107 1 5 74 136 1 0 0 0 0 0 0 0 0 43 94 81 1 21 90 99 1 61 97 95 1 49 73 76 1 52 69 88 1 46 66 105 1 24 67 90 1 39 76 89 1 24 20 112 1 25 82 128 1 11 92 94 1 15 57 92 1 11 50 73 1 11 83 120 1 87 57 94 1 16 63 99 1 38 60 103 1 0 0 0 0 13 82 104 1 30 59 78 1 0 38 102 1 25 48 129 1 70 45 118 1 17 78 108 1 30 71 125 1 49 85 73 1 0 48 102 1 28 95 117 1 57 54 107 1 35 80 129 1 0 0 0 0 62 61 115 1
6 15 73 1 28 38 108 1 56 56 112 1 0 50 43 1 53 77 98 1 44 21 102 1 0 72 93 1 39 81 109 1 41 60 119 1 79 80 120 1 43 44 138 1 0 0 0 0 31 94 97 1 12 69 111 1 17 71 96 1 63 67 119 1 26 86 102 1 62 76 118 1 13 101 123 1 0 0 0 0 27 54 119 1 0 76 81 1 16 77 102 1 23 28 95 1 27 58 107 1 12 49 128 1 52 45 95 1 9 47 95 1 0 94 114 1 33 52 106 1 26 90 116 1 32 78 110 1 22 84 116 1 32 75 118 1 23 46 97 1 0 0 0 0 0 81 83 1 5 62 85 1 0 0 0 0 35 65 100 1 29 65 108 1 13 77 104 1 0 0 0 0 40 92 118 1 51 60 154 1 27 49 97 1 74 52 88 1 2 74 81 1 37 76 108 1 0 70 122 1 24 66 124 1 62 102 115 1 35 56 129 1 68 68 96 1 19 61 107 1 0 0 0 0 0 63 84 1 21 119 132 1 63 64 119 1 38 54 128 1 60 50 134 1
36 54 103 1 39 78 94 1 25 39 89 1 22 55 97 1 62 83 125 1 24 66 109 1 74 76 88 1 67 85 96 1 39 45 95 1 20 63 132 1 29 47 99 1 59 78 124 1 60 62 107 1 0 0 0 0 0 23 100 1 43 64 116 1 57 49 69 1 47 52 113 1 54 94 153 1 43 76 118 1 65 72 112 1 0 0 0 0 15 69 115 1 0 0 0 0 54 64 81 1 15 51 97 1 33 23 96 1 14 81 90 1 38 110 106 1 58 40 143 1 40 76 114 1 65 38 100 1 44 52 103 1 32 58 82 1 6 67 118 1 21 80 97 1 3 59 82 1 29 48 140 1 0 0 0 0 36 72 91 1 61 87 121 1 65 52 112 1 55 67 163 1 0 0 0 0 86 79 140 1 79 57 104 1 46 76 103 1 0 0 0 0 45 59 68 1 8 62 129 1 30 54 108 1 35 86 90 1 44 61 89 1 22 61 95 1 37 128 79 1 14 37 77 1 0 43 101 1 17 91 101 1 33 59 91 1 31 27 139 1 43 23 75 1
31 84 111 1 12 53 63 1 36 72 81 1 0 51 83 1 0 0 0 0 25 110 62 1 28 79 112 1 31 70 116 1 63 73 141 1 80 84 116 1 73 57 92 1 39 86 137 1 68 65 113 1 14 80 141 1 23 69 106 1 72 76 92 1 0 0 0 0 53 82 95 1 62 106 109 1 20 69 80 1 29 88 119 1 26 46 146 1 64 65 89 1 0 77 122 1 9 71 109 1 42 65 91 1 0 0 0 0 27 58 107 1 2 54 125 1 2 62 95 1 18 53 111 1 6 52 103 1 0 0 0 0 0 0 0 0 36 44 125 1 8 58 123 1 20 53 92 1 61 52 96 1 42 58 128 1 88 68 102 1 35 36 106 1 29 67 152 1 62 82 136 1 54 73 158 1 66 97 140 1 35 116 122 1 71 110 131 1 37 121 109 1 31 48 105 1 58 91 130 1 73 83 156 1 29 69 71 1 58 94 120 1 64 90 129 1 93 93 123 1 40 59 108 1 20 60 97 1 26 65 74 1 38 73 130 1 78 87 120 1 37 67 101 1
47 65 108 1 36 100 113 1 17 44 87 1 42 38 106 1 9 62 93 1 8 56 108 1 20 31 95 1 28 57 90 1 31 63 85 1 32 91 97 1 41 82 115 1 73 93 104 1 18 82 159 1 0 0 0 0 9 93 114 1 82 90 131 1 7 72 95 1 33 82 88 1 13 60 153 1 0 0 0 0 64 32 160 1 37 133 104 1 0 0 0 0 64 83 122 1 48 66 129 1 69 68 81 1 0 66 107 1 0 0 0 0 0 0 0 0 6 88 99 1 37 83 83 1 33 50 101 1 0 0 0 0 9 72 88 1 35 76 102 1 35 51 95 1 37 56 107 1 28 79 120 1 47 72 113 1 82 128 125 1 43 31 117 1 50 117 145 1 79 76 119 1 63 112 110 1 52 119 162 1 55 92 132 1 75 97 111 1 46 119 128 1 73 70 112 1 63 87 155 1 68 79 129 1 55 98 115 1 47 69 120 1 51 88 120 1 20 87 123 1 25 78 105 1 33 65 83 1 36 33 91 1 124 103 165 1 50 100 110 1 0 0 0 0
23 46 82 1 41 101 61 1 42 54 104 1 14 68 94 1 28 51 82 1 46 88 87 1 37 69 75 1 13 38 82 1 0 0 0 0 0 0 0 0 18 50 106 1 66 55 104 1 9 70 71 1 0 0 0 0 45 55 142 1 0 0 0 0 0 0 98 1 26 64 109 1 15 47 78 1 34 55 115 1 43 80 119 1 34 65 71 1 87 77 109 1 39 85 136 1 41 68 64 1 32 59 117 1 0 58 106 1 0 0 0 0 39 88 122 1 18 62 100 1 17 63 93 1 33 53 96 1 36 47 82 1 12 32 95 1 17 27 64 1 0 63 98 1 0 40 61 1 20 63 115 1 0 0 0 0 28 71 83 1 12 71 96 1 51 54 130 1 5 25 115 1 0 0 0 0 55 71 96 1 19 61 112 1 33 54 82 1 43 61 122 1 36 67 96 1 48 66 176 1 23 108 108 1 44 74 110 1 0 0 0 0 65 65 102 1 46 55 143 1 69 66 113 1 34 89 79 1 47 74 85 1 38 74 82 1 53 111 102 1 49 83 128 1
50 52 86 1 4 56 84 1 22 85 93 1 17 71 69 1 34 25 67 1 14 69 140 1 32 106 118 1 30 16 86 1 7 45 62 1 34 82 76 1 13 80 133 1 55 104 98 1 11 47 107 1 27 67 107 1 52 69 106 1 9 79 128 1 0 0 0 0 0 73 110 1 0 58 45 1 0 0 0 0 33 55 132 1 10 96 106 1 28 54 121 1 0 47 132 1 33 68 126 1 63 97 72 1 21 55 57 1 52 58 128 1 7 122 93 1 51 36 104 1 54 54 78 1 4 63 115 1 30 33 109 1 10 38 71 1 57 73 92 1 16 67 72 1 0 60 115 1 26 53 119 1 0 48 124 1 11 29 88 1 47 64 82 1 13 51 67 1 0 60 74 1 0 41 88 1 20 51 111 1 0 0 0 0 0 42 108 1 0 79 62 1 19 45 88 1 21 125 97 1 11 46 102 1 0 59 74 1 47 55 98 1 41 100 91 1 19 94 95 1 36 22 105 1 38 55 107 1 39 58 120 1 0 0 0 0 0 80 112 1 50 82 117 1
35 19 83 1 24 39 69 1 37 54 94 1 0 50 79 1 4 53 69 1 0 55 125 1 18 77 117 1 27 93 119 1 66 108 81 1 44 53 117 1 36 95 109 1 71 72 125 1 47 70 110 1 55 64 87 1 27 43 71 1 40 82 106 1 43 52 61 1 11 45 100 1 39 57 108 1 31 13 115 1 5 53 108 1 31 60 100 1 29 51 111 1 35 65 106 1 12 65 114 1 19 71 47 1 4 48 82 1 0 86 112 1 34 55 62 1 21 41 139 1 11 59 106 1 42 36 117 1 31 95 126 1 0 76 133 1 25 28 99 1 12 32 67 1 9 57 85 1 0 0 0 0 28 19 104 1 0 55 46 1 14 36 70 1 32 30 74 1 35 42 71 1 0 23 83 1 0 38 78 1 8 79 48 1 0 52 75 1 0 48 58 1 20 32 70 1 6 66 103 1 0 45 82 1 17 15 67 1 32 26 117 1 14 32 90 1 5 49 109 1 0 56 58 1 11 49 34 1 18 24 117 1 42 69 81 1 19 53 105 1 27 71 106 1
67 32 94 1 0 34 104 1 0 0 0 0 0 25 101 1 24 68 112 1 0 0 0 0 20 55 63 1 37 70 99 1 64 43 109 1 67 83 67 1 54 42 70 1 2 66 105 1 0 56 118 1 0 62 70 1 10 81 120 1 32 49 93 1 18 44 88 1 55 109 69 1 48 30 119 1 22 76 118 1 0 54 95 1 21 83 130 1 17 73 110 1 67 90 126 1 60 89 129 1 46 36 99 1 13 75 89 1 22 34 118 1 28 43 106 1 0 0 0 0 40 54 80 1 19 94 90 1 32 79 122 1 43 72 132 1 22 67 142 1 12 63 89 1 0 0 0 0 37 17 132 1 43 79 74 1 0 0 0 0 0 26 108 1 34 52 122 1 64 80 165 1 29 87 80 1 64 66 75 1 4 47 75 1 0 0 0 0 69 34 71 1 29 66 94 1 28 32 112 1 23 53 112 1 0 55 97 1 6 45 99 1 12 35 99 1 0 41 75 1 48 97 116 1 0 0 0 0 56 88 121 1 0 0 0 0 65 66 73 1 29 54 121 1
0 43 85 1 32 52 74 1 44 61 146 1 58 70 98 1 49 84 61 1 31 78 79 1 47 96 67 1 45 59 143 1 0 0 0 0 18 76 77 1 37 44 107 1 64 69 95 1 12 44 90 1 42 73 120 1 41 90 110 1 33 52 133 1 0 0 0 0 0 60 116 1 24 86 130 1 43 65 125 1 39 93 129 1 29 62 104 1 45 73 103 1 55 58 105 1 28 82 110 1 41 60 94 1 69 62 93 1 36 64 60 1 55 99 91 1 51 51 88 1 25 78 100 1 22 89 116 1 0 68 109 1 35 66 117 1 0 74 113 1 47 49 97 1 54 91 77 1 31 86 119 1 58 56 98 1 38 68 69 1 60 50 138 1 22 96 103 1 49 72 117 1 59 103 107 1 28 46 100 1 53 66 85 1 13 44 106 1 30 68 81 1 0 0 0 0 51 78 99 1 0 0 0 0 0 0 0 0 8 41 112 1 8 58 119 1 25 20 91 1 34 79 104 1 56 48 127 1 66 90 119 1 14 113 108 1 55 62 125 1 61 97 121 1
4 77 95 1 59 28 91 1 40 65 75 1 36 48 93 1 34 91 103 1 39 62 128 1 30 91 95 1 51 28 110 1 45 52 96 1 29 58 97 1 10 21 86 1 0 0 0 0 22 28 91 1 38 61 121 1 5 69 81 1 33 21 128 1 41 25 73 1 66 49 94 1 19 50 76 1 15 50 79 1 24 66 78 1 21 50 87 1 44 64 142 1 27 97 92 1 21 112 70 1 44 36 88 1 29 63 97 1 51 70 125 1 49 35 137 1 46 68 85 1 12 38 89 1 39 38 86 1 11 33 81 1 44 17 95 1 66 75 96 1 12 60 95 1 13 23 88 1 50 45 99 1 13 68 131 1 35 125 106 1 42 36 103 1 45 70 143 1 42 71 111 1 63 78 69 1 44 105 106 1 0 0 0 0 37 62 141 1 43 86 65 1 19 88 116 1 28 54 89 1 82 79 105 1 64 114 126 1 31 57 121 1 58 47 155 1 71 87 124 1 0 0 0 0 51 88 130 1 65 74 160 1 0 0 0 0 115 131 134 1 38 129 126 1
44 24 121 1 23 53 100 1 41 43 98 1 20 38 84 1 39 35 81 1 35 33 110 1 0 0 0 0 0 0 0 0 35 44 95 1 22 16 92 1 38 0 67 1 34 17 148 1 0 0 0 0 30 0 135 1 45 55 54 1 0 44 84 1 0 17 85 1 0 0 74 1 30 67 81 1 13 50 97 1 28 94 94 1 50 44 115 1 50 75 128 1 49 84 96 1 42 49 108 1 67 60 100 1 0 0 0 0 51 73 56 1 52 43 61 1 43 38 71 1 20 69 123 1 29 74 71 1 21 43 75 1 0 51 59 1 1 72 92 1 0 72 136 1 58 72 91 1 0 0 0 0 82 76 133 1 83 90 131 1 43 94 94 1 29 77 130 1 23 108 87 1 38 66 121 1 0 0 0 0 25 69 136 1 31 71 39 1 0 35 93 1 13 56 117 1 37 57 112 1 63 99 110 1 44 81 91 1 40 81 111 1 61 47 132 1 50 98 103 1 63 96 106 1 55 113 124 1 0 0 0 0 66 105 109 1 71 58 142 1 46 62 150 1
0 0 0 0 29 39 95 1 0 0 0 0 31 54 88 1 47 66 85 1 15 24 130 1 40 49 101 1 54 20 77 1 30 55 68 1 9 44 89 1 8 29 86 1 40 44 78 1 19 20 106 1 0 0 0 0 6 0 67 1 20 18 87 1 3 29 89 1 10 31 72 1 29 37 69 1 27 36 129 1 60 43 90 1 25 64 97 1 16 74 136 1 22 51 110 1 59 53 103 1 32 37 103 1 3 52 113 1 29 72 107 1 0 66 67 1 27 20 125 1 0 55 135 1 0 0 0 0 31 34 79 1 35 15 48 1 39 73 108 1 31 48 90 1 0 0 0 0 32 80 111 1 52 86 114 1 67 106 108 1 59 88 107 1 0 0 0 0 30 57 133 1 47 77 125 1 30 88 124 1 53 76 134 1 41 90 122 1 17 39 118 1 20 43 89 1 16 48 65 1 47 58 121 1 42 82 145 1 20 66 100 1 71 77 88 1 33 83 88 1 37 58 68 1 55 90 149 1 70 64 178 1 49 70 89 1 32 67 137 1 80 76 96 1
43 76 108 1 25 70 122 1 69 77 139 1 55 76 124 1 31 78 143 1 17 49 130 1 59 50 109 1 34 61 107 1 49 82 94 1 0 0 0 0 41 24 67 1 25 41 86 1 50 53 122 1 19 58 78 1 1 72 86 1 3 34 89 1 4 40 73 1 9 52 74 1 6 20 82 1 3 62 93 1 0 58 61 1 0 0 0 0 19 21 93 1 45 53 91 1 29 34 105 1 24 55 93 1 33 40 89 1 75 91 143 1 31 79 101 1 56 70 125 1 36 24 98 1 60 34 71 1 0 0 0 0 1 59 107 1 19 82 122 1 17 31 100 1 43 90 86 1 40 79 112 1 71 54 150 1 62 98 123 1 81 122 124 1 75 73 104 1 59 72 100 1 65 98 116 1 65 109 134 1 47 94 113 1 14 80 99 1 61 76 89 1 49 30 104 1 32 74 116 1 38 53 146 1 45 97 108 1 86 80 105 1 0 86 116 1 0 76 122 1 20 92 109 1 107 105 125 1 49 52 132 1 64 79 121 1 19 110 88 1 37 45 88 1
86 94 83 1 0 0 0 0 91 73 143 1 64 59 129 1 32 65 144 1 69 112 84 1 8 36 89 1 30 46 63 1 13 72 95 1 41 32 88 1 0 75 138 1 16 49 111 1 62 108 107 1 34 65 115 1 0 30 97 1 0 48 89 1 15 68 76 1 9 42 54 1 31 44 59 1 43 63 75 1 71 101 121 1 58 35 106 1 0 16 63 1 13 57 72 1 38 85 131 1 33 51 84 1 49 78 117 1 0 60 96 1 41 67 109 1 0 0 0 0 22 56 92 1 74 51 119 1 36 81 130 1 52 85 140 1 65 35 92 1 16 86 92 1 3 65 90 1 0 0 0 0 62 68 60 1 45 48 116 1 50 73 115 1 62 49 119 1 20 47 98 1 54 98 93 1 22 91 121 1 43 95 113 1 31 125 152 1 45 69 160 1 47 53 115 1 34 118 128 1 52 102 125 1 46 64 133 1 52 93 87 1 27 80 126 1 0 0 0 0 39 68 100 1 74 114 94 1 15 85 76 1 24 37 115 1 4 47 129 1 73 100 99 1
67 65 71 1 4 77 121 1 65 76 120 1 38 101 91 1 25 64 100 1 74 118 120 1 0 0 0 0 61 44 72 1 43 63 125 1 58 52 113 1 0 0 0 0 33 63 86 1 42 57 94 1 44 66 120 1 50 64 55 1 40 45 83 1 30 57 109 1 61 10 111 1 15 52 83 1 5 82 89 1 12 44 59 1 15 0 112 1 15 45 94 1 87 42 80 1 10 0 100 1 69 78 96 1 70 35 100 1 44 49 133 1 41 103 96 1 41 51 150 1 44 70 95 1 23 102 104 1 7 50 100 1 43 44 99 1 34 53 158 1 48 59 112 1 0 0 0 0 15 65 96 1 20 49 104 1 36 65 95 1 24 54 100 1 10 54 43 1 0 0 0 0 81 73 123 1 63 69 134 1 63 76 132 1 58 69 136 1 21 46 132 1 47 56 112 1 50 111 98 1 88 60 137 1 64 104 139 1 0 0 0 0 50 109 151 1 51 94 120 1 59 79 124 1 59 108 93 1 20 105 104 1 51 89 148 1 0 0 0 0 55 100 172 1
44 64 114 1 7 18 98 1 5 65 118 1 38 46 82 1 36 48 85 1 14 51 123 1 91 70 60 1 62 90 124 1 0 0 0 0 0 0 0 0 16 99 62 1 31 74 107 1 26 83 106 1 14 22 129 1 54 63 133 1 48 87 123 1 31 57 137 1 49 60 105 1 85 118 118 1 80 82 107 1 18 40 91 1 27 62 58 1 0 39 67 1 13 55 83 1 6 32 90 1 28 72 98 1 15 77 125 1 33 60 85 1 18 55 122 1 0 41 114 1 0 0 0 0 57 77 108 1 27 52 95 1 32 87 101 1 0 0 0 0 0 0 0 0 19 31 63 1 21 7 82 1 0 0 0 0 0 25 80 1 11 33 96 1 0 48 38 1 20 57 77 1 55 52 107 1 49 76 81 1 27 103 144 1 29 116 131 1 0 0 0 0 30 108 104 1 36 65 107 1 54 51 99 1 60 87 105 1 40 82 172 1 91 88 127 1 47 111 98 1 82 70 115 1 50 123 126 1 63 85 139 1 18 39 162 1 0 0 0 0 34 75 92 1
35 101 111 1 51 86 84 1 74 92 115 1 66 88 133 1 32 58 99 1 26 73 90 1 36 49 126 1 33 62 105 1 0 54 100 1 39 50 118 1 38 44 106 1 59 64 55 1 35 73 81 1 72 60 146 1 65 109 99 1 0 0 0 0 33 42 62 1 62 65 139 1 38 84 87 1 11 28 130 1 68 50 96 1 23 68 66 1 9 80 110 1 31 62 105 1 42 44 73 1 25 42 106 1 45 74 112 1 62 51 86 1 23 90 96 1 45 65 112 1 76 81 108 1 2 46 141 1 49 66 121 1 83 87 145 1 12 62 117 1 50 7 118 1 0 0 0 0 13 44 70 1 0 38 95 1 4 58 128 1 0 19 112 1 11 47 65 1 0 91 66 1 8 90 69 1 62 52 101 1 50 21 80 1 27 54 98 1 63 100 113 1 50 48 119 1 34 74 156 1 45 88 104 1 37 84 114 1 27 94 76 1 62 107 138 1 36 92 113 1 0 0 0 0 42 78 98 1 66 65 119 1 16 80 112 1 57 91 126 1 7 98 96 1
37 78 128 1 76 44 93 1 96 118 127 1 61 96 116 1 49 76 129 1 35 85 89 1 89 77 80 1 14 55 111 1 41 77 96 1 27 83 142 1 53 118 145 1 39 74 112 1 67 76 103 1 45 67 111 1 65 108 117 1 50 74 117 1 42 44 91 1 51 90 88 1 74 49 85 1 31 47 116 1 55 81 106 1 32 88 123 1 0 76 149 1 53 40 130 1 35 86 107 1 17 98 117 1 17 60 89 1 36 62 119 1 24 38 119 1 0 0 0 0 15 58 102 1 27 18 135 1 31 60 110 1 39 95 96 1 42 23 136 1 23 42 129 1 0 0 0 0 23 79 93 1 26 34 106 1 0 34 91 1 46 73 77 1 17 40 86 1 0 0 0 0 50 30 65 1 10 59 103 1 36 67 87 1 0 89 101 1 66 81 99 1 24 79 108 1 29 77 105 1 0 68 82 1 28 66 129 1 39 87 129 1 25 89 127 1 87 59 129 1 21 74 91 1 35 89 118 1 57 50 93 1 61 59 83 1 13 35 114 1 41 45 86 1
61 82 95 1 46 85 87 1 0 0 0 0 68 97 141 1 32 52 91 1 21 61 115 1 21 93 80 1 41 97 127 1 21 85 102 1 45 83 109 1 52 87 120 1 56 56 123 1 41 63 96 1 35 49 105 1 53 25 80 1 16 49 96 1 26 53 108 1 30 39 75 1 7 74 86 1 3 33 97 1 43 45 79 1 13 51 106 1 0 0 0 0 61 48 122 1 27 15 83 1 0 0 0 0 0 0 0 0 48 13 114 1 0 67 56 1 35 73 89 1 0 71 104 1 20 84 100 1 52 86 92 1 29 49 107 1 32 88 97 1 41 77 115 1 73 98 90 1 37 72 77 1 0 0 0 0 16 70 67 1 45 57 84 1 51 46 117 1 51 109 82 1 0 0 0 0 43 46 110 1 20 56 107 1 0 0 0 0 17 22 62 1 39 61 57 1 15 62 107 1 56 95 111 1 0 94 94 1 41 47 129 1 35 43 153 1 0 0 0 0 15 64 126 1 0 75 89 1 33 61 97 1 29 70 90 1 37 72 107 1 5 56 82 1
56 74 97 1 81 63 108 1 53 66 126 1 47 41 95 1 55 66 127 1 46 88 127 1 2 64 101 1 58 34 89 1 45 67 91 1 33 46 115 1 60 42 114 1 19 52 89 1 50 64 92 1 49 53 97 1 18 44 49 1 8 64 95 1 12 7 55 1 17 57 70 1 44 14 78 1 3 62 64 1 36 20 97 1 20 58 88 1 13 40 118 1 0 35 84 1 17 11 99 1 19 50 32 1 0 67 55 1 4 0 55 1 2 69 84 1 0 36 100 1 30 48 66 1 3 53 111 1 21 27 96 1 21 60 135 1 31 108 101 1 0 45 94 1 52 90 101 1 55 63 89 1 35 70 132 1 64 60 96 1 48 75 90 1 66 44 121 1 33 97 127 1 48 97 91 1 23 65 140 1 41 66 112 1 0 0 0 0 34 32 104 1 0 53 92 1 27 66 96 1 83 91 131 1 63 67 118 1 39 64 123 1 62 97 117 1 0 0 0 0 27 40 99 1 37 58 88 1 28 56 70 1 0 93 103 1 56 70 93 1 40 61 85 1
23 80 94 1 37 48 78 1 0 59 92 1 56 55 94 1 34 38 118 1 43 66 95 1 4 60 68 1 0 15 98 1 40 59 83 1 15 59 119 1 2 52 90 1 11 42 70 1 17 54 113 1 0 55 94 1 24 10 56 1 23 63 98 1 0 0 0 0 17 56 100 1 35 95 132 1 63 55 105 1 1 30 127 1 51 54 93 1 46 34 77 1 21 93 58 1 31 68 97 1 41 74 49 1 69 65 81 1 6 73 83 1 19 48 114 1 29 45 67 1 44 38 118 1 0 41 101 1 30 89 108 1 37 67 67 1 43 60 125 1 24 88 83 1 37 64 138 1 28 58 128 1 0 0 0 0 8 74 118 1 0 95 116 1 24 45 112 1 37 49 106 1 51 95 117 1 25 72 126 1 62 92 109 1 0 62 125 1 63 75 113 1 77 59 126 1 45 81 108 1 15 91 116 1 35 62 116 1 0 0 0 0 0 0 0 0 30 101 92 1 65 70 119 1 22 54 84 1 22 53 100 1 2 72 59 1 44 63 105 1 43 68 79 1
20 60 145 1 0 34 64 1 41 38 70 1 17 33 85 1 28 40 66 1 0 45 56 1 11 36 55 1 16 22 92 1 0 21 101 1 0 24 75 1 38 87 68 1 5 9 65 1 11 60 75 1 40 62 107 1 27 67 111 1 41 52 80 1 22 72 74 1 10 55 144 1 54 85 84 1 38 58 89 1 48 90 124 1 60 35 80 1 47 74 100 1 4 41 77 1 22 49 111 1 31 71 62 1 20 68 72 1 49 66 138 1 45 76 98 1 38 70 128 1 27 24 132 1 31 57 69 1 0 36 109 1 10 64 122 1 14 47 139 1 39 72 89 1 16 85 106 1 0 76 94 1 59 74 120 1 13 38 87 1 47 96 154 1 33 64 121 1 45 54 147 1 51 79 143 1 27 113 133 1 49 63 95 1 49 64 112 1 42 7 141 1 25 66 93 1 36 75 83 1 13 88 109 1 66 79 84 1 69 103 120 1 29 99 105 1 50 67 119 1 9 54 97 1 13 44 115 1 49 58 92 1 21 59 77 1 47 111 130 1 15 56 95 1
0 0 0 0 33 66 82 1 0 0 0 0 17 0 80 1 1 21 84 1 15 41 50 1 11 38 79 1 13 78 109 1 0 0 61 1 18 60 47 1 0 0 0 0 29 18 92 1 0 25 91 1 0 68 65 1 22 14 59 1 0 0 0 0 30 71 101 1 33 48 99 1 69 94 105 1 52 78 70 1 36 61 149 1 37 93 121 1 41 68 115 1 0 89 126 1 36 99 112 1 69 64 124 1 40 60 106 1 38 25 122 1 47 57 101 1 16 36 97 1 39 56 129 1 22 73 75 1 26 81 94 1 21 58 76 1 41 78 84 1 49 66 140 1 20 51 140 1 53 85 83 1 13 80 136 1 24 92 84 1 57 72 120 1 9 76 116 1 36 43 106 1 3 64 91 1 14 85 99 1 0 0 0 0 43 74 100 1 37 47 121 1 38 115 121 1 64 41 126 1 7 39 100 1 54 44 97 1 13 90 131 1 0 0 0 0 69 69 125 1 24 46 83 1 78 58 116 1 0 38 122 1 22 63 122 1 69 62 127 1 10 60 59 1
19 74 97 1 0 62 107 1 3 99 70 1 2 68 78 1 0 0 0 0 27 87 107 1 54 27 78 1 27 92 134 1 0 0 0 0 28 12 70 1 42 81 57 1 58 85 124 1 25 41 104 1 27 26 95 1 72 62 99 1 89 53 105 1 13 75 89 1 83 78 119 1 0 0 0 0 0 0 0 0 45 56 114 1 0 0 0 0 46 103 100 1 31 86 107 1 0 36 166 1 11 33 152 1 21 82 77 1 28 39 90 1 30 37 139 1 17 73 83 1 47 90 76 1 41 45 121 1 33 63 105 1 34 65 105 1 67 53 127 1 25 64 136 1 37 70 112 1 38 57 111 1 45 24 127 1 28 84 127 1 12 47 86 1 39 81 114 1 24 72 87 1 21 77 90 1 7 104 78 1 66 107 103 1 20 60 93 1 68 66 137 1 66 32 102 1 45 93 94 1 10 38 111 1 12 75 77 1 27 37 81 1 0 43 141 1 4 66 122 1 50 101 120 1 25 53 112 1 0 0 0 0 83 57 95 1 31 62 131 1 52 89 104 1