2
259 1442 106 63
0 240 183 1 4 179 169 1 58 255 185 1 33 211 183 1 56 202 146 1 0 0 0 0 40 210 199 1 67 186 169 1 77 210 170 1 65 207 164 1 49 202 195 1 0 202 158 1 90 187 172 1 79 178 159 1 70 184 206 1 70 204 187 1 60 194 221 1 0 237 188 1 24 197 179 1 0 184 178 1 20 127 160 1 0 197 143 1 0 202 183 1 0 0 0 0 0 184 171 1 22 187 120 1 48 123 135 1 24 177 96 1 26 174 99 1 58 136 100 1 0 0 0 0 20 136 100 1 73 96 75 1 69 168 90 1 83 111 107 1 71 134 104 1 109 167 98 1 60 162 95 1 0 105 62 1 3 73 81 1 0 0 0 0 0 26 76 1 2 75 60 1 34 3 50 1 0 35 55 1 0 0 67 1 0 0 0 0 0 4 76 1 9 0 92 1 11 26 97 1 0 14 52 1 0 3 35 1 0 0 0 0 0 9 98 1 12 33 72 1 21 0 66 1 46 27 86 1 46 56 90 1 0 0 0 0 0 0 0 0 0 0 0 0 106 117 109 1 38 100 145 1
0 205 141 1 0 0 0 0 0 192 169 1 80 224 175 1 49 230 211 1 63 169 199 1 95 197 189 1 59 239 179 1 0 0 0 0 0 0 0 0 26 243 205 1 84 195 194 1 0 0 0 0 0 0 0 0 19 224 184 1 0 0 0 0 42 216 173 1 63 184 193 1 19 181 148 1 0 210 201 1 0 175 130 1 0 178 158 1 11 241 137 1 14 192 175 1 0 184 185 1 0 194 136 1 12 146 174 1 69 167 126 1 0 0 0 0 39 141 85 1 43 90 85 1 0 75 77 1 0 0 0 0 79 134 87 1 0 0 0 0 57 117 77 1 55 145 90 1 86 144 106 1 0 110 91 1 0 55 94 1 0 20 82 1 4 0 89 1 5 14 61 1 37 0 90 1 29 35 42 1 0 4 79 1 0 0 0 0 0 0 0 0 0 7 56 1 13 1 80 1 3 20 69 1 0 3 66 1 11 39 34 1 10 6 72 1 4 10 96 1 10 24 69 1 35 41 95 1 9 78 61 1 34 51 117 1 11 42 81 1 8 8 73 1 76 10 53 1 96 86 117 1
0 0 0 0 0 178 184 1 0 196 165 1 48 188 187 1 15 207 218 1 48 188 170 1 76 226 222 1 72 192 181 1 59 229 171 1 65 218 209 1 29 215 189 1 41 221 145 1 58 219 199 1 38 212 194 1 0 176 188 1 0 0 0 0 0 215 174 1 0 236 182 1 45 195 184 1 18 169 168 1 0 196 192 1 4 208 194 1 0 209 173 1 23 156 152 1 0 160 113 1 6 153 141 1 0 0 0 0 76 161 150 1 64 155 140 1 0 0 0 0 38 87 106 1 0 0 0 0 57 132 105 1 0 0 0 0 37 137 108 1 56 108 95 1 38 144 113 1 92 156 116 1 12 91 116 1 0 56 125 1 0 20 82 1 0 20 86 1 0 0 0 0 34 9 48 1 0 12 46 1 32 22 66 1 22 15 81 1 0 47 72 1 1 11 101 1 3 0 102 1 22 26 67 1 0 0 0 0 47 27 44 1 0 0 0 0 44 15 52 1 38 8 70 1 0 23 75 1 0 0 0 0 0 0 0 0 74 55 89 1 51 35 98 1 30 54 86 1 35 27 109 1
0 169 154 1 0 204 172 1 0 197 142 1 0 185 156 1 0 234 168 1 48 247 171 1 32 180 205 1 57 247 188 1 64 233 181 1 71 231 175 1 47 229 161 1 49 209 168 1 33 255 205 1 14 206 156 1 0 0 0 0 57 209 142 1 40 240 155 1 33 190 169 1 0 0 0 0 61 202 192 1 32 183 168 1 35 182 142 1 61 176 132 1 0 155 170 1 45 125 160 1 7 133 93 1 25 164 129 1 35 135 147 1 68 150 148 1 85 197 133 1 89 148 119 1 74 162 119 1 76 159 165 1 37 133 108 1 38 112 93 1 0 0 0 0 83 130 92 1 47 140 93 1 0 0 0 0 0 43 88 1 0 46 117 1 75 17 84 1 0 25 69 1 0 0 0 0 15 0 77 1 0 54 65 1 18 46 63 1 0 0 0 0 0 15 103 1 24 5 61 1 0 0 91 1 0 16 9 1 17 40 84 1 16 55 74 1 25 36 55 1 44 23 105 1 0 0 0 0 58 18 81 1 34 26 67 1 70 87 111 1 76 79 106 1 36 58 83 1 50 48 77 1
2 208 148 1 0 199 147 1 5 246 188 1 0 182 136 1 36 178 160 1 0 176 170 1 0 0 0 0 80 202 187 1 67 239 223 1 70 242 217 1 59 207 174 1 70 255 156 1 51 208 153 1 59 228 158 1 39 208 168 1 22 230 125 1 11 210 151 1 52 231 178 1 69 222 165 1 60 255 203 1 61 244 127 1 36 183 212 1 56 155 189 1 102 169 165 1 0 0 0 0 11 127 97 1 0 126 119 1 22 181 109 1 66 142 104 1 19 142 149 1 79 158 89 1 44 155 150 1 100 130 124 1 58 148 95 1 73 99 86 1 77 141 116 1 73 171 105 1 84 141 79 1 0 0 0 0 5 61 95 1 0 13 127 1 0 18 78 1 0 0 0 0 0 0 0 0 13 4 51 1 0 48 73 1 0 61 85 1 28 0 77 1 8 16 70 1 46 8 79 1 0 0 0 0 0 0 0 0 1 0 94 1 0 0 0 0 3 51 99 1 33 40 28 1 65 0 80 1 22 11 82 1 14 39 60 1 85 85 98 1 38 99 127 1 15 86 75 1 39 31 127 1
1 171 190 1 0 196 181 1 27 211 148 1 0 0 0 0 0 174 185 1 0 181 183 1 45 205 172 1 49 199 183 1 56 243 172 1 0 0 0 0 57 216 170 1 21 201 172 1 106 206 198 1 60 254 202 1 47 200 169 1 51 219 172 1 53 210 178 1 27 184 235 1 44 193 168 1 36 201 161 1 32 221 196 1 0 146 143 1 0 189 175 1 19 163 150 1 0 173 136 1 0 158 129 1 9 144 134 1 22 142 96 1 76 94 135 1 72 149 138 1 15 135 104 1 52 117 142 1 71 117 122 1 44 177 103 1 57 145 158 1 71 176 120 1 75 135 166 1 0 0 0 0 40 145 77 1 0 104 78 1 5 32 66 1 47 37 66 1 0 29 86 1 43 20 78 1 73 35 69 1 0 0 0 0 8 35 115 1 0 0 84 1 3 17 72 1 0 7 69 1 26 75 103 1 0 6 80 1 38 22 55 1 21 0 107 1 3 13 54 1 0 28 110 1 0 12 60 1 0 0 97 1 48 0 67 1 0 0 0 0 6 29 87 1 43 11 94 1 22 46 66 1
21 153 157 1 0 182 177 1 10 215 170 1 0 0 0 0 0 162 178 1 51 239 182 1 4 236 183 1 37 170 185 1 68 191 196 1 44 197 228 1 89 227 192 1 81 203 175 1 64 185 178 1 58 205 184 1 70 182 163 1 66 236 174 1 37 220 195 1 48 255 169 1 33 212 172 1 47 206 182 1 21 195 184 1 16 222 184 1 22 199 128 1 0 163 116 1 11 177 158 1 10 113 114 1 9 168 106 1 30 149 139 1 37 138 167 1 49 158 135 1 0 0 0 0 6 81 41 1 54 154 139 1 88 129 140 1 76 165 114 1 40 136 89 1 0 0 0 0 44 108 118 1 0 86 155 1 2 62 67 1 16 38 98 1 0 30 75 1 0 48 54 1 22 4 57 1 27 31 89 1 38 5 88 1 49 30 72 1 19 55 32 1 28 14 112 1 30 51 98 1 12 22 96 1 12 0 103 1 5 53 32 1 0 0 0 0 60 45 141 1 7 34 127 1 36 36 84 1 41 13 31 1 3 12 93 1 22 0 109 1 0 0 84 1 0 15 77 1 29 22 76 1
0 175 165 1 22 193 144 1 0 227 172 1 0 187 189 1 12 179 122 1 0 0 0 0 0 196 159 1 9 208 172 1 27 205 205 1 44 229 166 1 81 240 120 1 58 199 141 1 14 215 202 1 52 187 186 1 0 0 0 0 50 220 187 1 58 219 166 1 28 223 171 1 19 211 154 1 34 210 157 1 75 214 169 1 4 218 141 1 59 193 162 1 0 175 129 1 19 155 166 1 51 187 135 1 55 187 159 1 46 177 107 1 47 120 160 1 0 155 102 1 42 122 82 1 32 134 105 1 94 165 110 1 72 145 174 1 25 130 126 1 17 122 121 1 79 120 98 1 85 133 120 1 0 60 95 1 24 52 96 1 0 19 55 1 20 59 87 1 3 13 66 1 32 3 86 1 49 17 76 1 9 59 61 1 62 30 76 1 4 13 73 1 0 15 61 1 0 0 76 1 0 18 85 1 5 55 71 1 16 15 80 1 0 62 85 1 64 39 102 1 8 20 127 1 27 0 42 1 0 21 98 1 4 11 59 1 14 15 83 1 4 20 73 1 0 0 46 1 0 3 35 1
0 185 184 1 0 160 139 1 48 182 182 1 6 169 135 1 0 190 168 1 7 204 163 1 0 203 169 1 12 200 167 1 0 156 216 1 22 223 131 1 44 186 167 1 75 238 178 1 60 196 165 1 50 184 165 1 89 227 180 1 74 243 181 1 44 178 178 1 37 226 136 1 52 216 170 1 57 232 175 1 60 237 174 1 0 0 0 0 0 151 133 1 15 174 153 1 49 199 174 1 0 0 0 0 84 180 114 1 62 204 145 1 17 147 144 1 34 136 122 1 21 126 95 1 49 142 105 1 87 166 111 1 66 120 81 1 0 0 0 0 36 173 110 1 69 118 133 1 40 145 120 1 60 57 104 1 45 49 79 1 16 53 82 1 47 12 89 1 40 49 115 1 50 37 78 1 29 5 38 1 42 30 78 1 13 44 31 1 0 37 78 1 0 2 112 1 28 46 64 1 0 0 71 1 24 19 75 1 6 36 80 1 20 31 51 1 40 23 71 1 42 15 64 1 10 0 48 1 10 5 93 1 34 0 102 1 16 0 91 1 0 53 46 1 0 0 0 0 12 29 55 1
1 172 113 1 24 188 122 1 23 183 128 1 2 171 159 1 0 0 0 0 0 204 176 1 0 203 124 1 4 197 175 1 0 188 218 1 0 161 162 1 64 200 206 1 64 211 184 1 93 206 177 1 79 171 202 1 51 218 182 1 93 189 168 1 0 0 0 0 68 168 164 1 0 0 0 0 54 205 153 1 51 198 137 1 59 188 157 1 0 0 0 0 75 188 152 1 77 217 193 1 84 199 174 1 84 196 156 1 35 212 141 1 52 184 155 1 10 137 101 1 47 158 78 1 27 146 108 1 23 165 110 1 84 139 95 1 34 160 92 1 56 114 122 1 53 67 92 1 4 50 81 1 0 17 66 1 16 35 78 1 29 37 102 1 23 46 107 1 18 18 60 1 21 65 84 1 2 33 72 1 0 15 31 1 1 11 55 1 39 0 96 1 0 0 0 0 0 12 79 1 0 27 81 1 18 21 84 1 0 13 48 1 26 11 122 1 4 37 77 1 0 0 0 0 0 0 0 0 16 0 117 1 29 36 76 1 27 0 71 1 21 9 104 1 35 49 66 1 2 27 103 1
8 164 151 1 0 204 131 1 12 159 149 1 0 204 143 1 2 169 151 1 0 242 178 1 0 211 146 1 0 179 155 1 0 213 170 1 51 202 185 1 99 198 194 1 54 203 195 1 99 228 176 1 0 0 0 0 86 197 176 1 69 239 192 1 129 230 182 1 52 188 137 1 98 189 212 1 71 160 156 1 0 0 0 0 34 219 184 1 94 196 185 1 71 206 108 1 99 202 184 1 84 210 148 1 29 161 101 1 69 139 103 1 67 155 132 1 112 203 110 1 95 214 140 1 0 0 0 0 0 0 0 0 51 153 109 1 80 102 81 1 35 75 67 1 14 38 77 1 0 39 51 1 6 12 87 1 0 11 76 1 0 0 0 0 0 41 88 1 15 0 103 1 0 16 53 1 0 0 0 0 17 0 79 1 12 0 70 1 15 0 75 1 0 38 62 1 12 20 80 1 0 0 82 1 31 17 44 1 29 11 110 1 45 0 81 1 20 37 52 1 15 38 66 1 14 21 88 1 26 0 92 1 5 24 51 1 22 6 77 1 24 22 72 1 22 0 65 1 0 24 83 1
14 170 149 1 43 228 162 1 0 0 0 0 6 168 171 1 0 0 0 0 28 223 231 1 22 190 142 1 45 194 160 1 21 231 156 1 0 0 0 0 97 213 164 1 137 207 168 1 138 211 207 1 112 231 194 1 95 218 199 1 0 0 0 0 147 208 153 1 106 218 176 1 96 240 199 1 72 197 163 1 0 0 0 0 0 0 0 0 109 157 173 1 111 254 151 1 63 223 176 1 60 187 188 1 76 181 177 1 98 176 79 1 69 134 131 1 34 170 159 1 78 196 140 1 50 108 138 1 50 111 122 1 22 54 109 1 0 32 102 1 0 54 81 1 8 0 39 1 8 44 56 1 14 30 72 1 0 6 94 1 0 0 0 0 0 14 74 1 0 0 76 1 1 46 63 1 0 0 0 0 5 0 98 1 0 0 95 1 14 43 59 1 0 30 75 1 34 12 77 1 22 18 95 1 0 0 0 0 20 10 103 1 0 0 0 0 0 0 0 0 0 0 0 0 11 13 93 1 29 15 89 1 16 18 88 1 17 0 61 1 5 22 57 1 6 11 42 1 0 0 114 1
0 197 145 1 0 212 188 1 7 201 174 1 41 169 157 1 21 205 151 1 39 207 198 1 56 198 169 1 55 187 159 1 82 191 152 1 50 203 171 1 84 216 192 1 111 205 160 1 99 180 151 1 112 191 237 1 141 214 207 1 155 208 189 1 115 202 194 1 106 188 179 1 75 146 185 1 105 203 174 1 134 193 189 1 0 0 0 0 101 228 178 1 94 197 173 1 52 169 154 1 92 160 163 1 0 0 0 0 55 167 192 1 64 134 136 1 0 155 98 1 0 129 110 1 0 69 97 1 18 36 38 1 14 19 92 1 0 0 0 0 6 93 101 1 23 15 72 1 0 0 0 0 3 0 90 1 0 0 0 0 2 0 82 1 0 40 93 1 0 41 111 1 0 0 0 0 13 0 72 1 0 0 16 1 0 0 70 1 1 10 56 1 12 0 70 1 0 21 83 1 16 20 82 1 0 0 0 0 1 0 74 1 17 24 101 1 0 0 0 0 32 1 83 1 25 19 87 1 20 53 102 1 0 0 0 0 0 10 61 1 10 1 79 1 11 34 64 1 0 36 87 1
0 160 195 1 4 164 133 1 28 172 166 1 43 186 160 1 53 218 209 1 70 207 167 1 97 207 192 1 43 220 151 1 12 191 142 1 52 219 129 1 111 188 142 1 107 210 154 1 122 214 144 1 159 226 162 1 162 255 197 1 154 224 222 1 132 236 198 1 116 229 156 1 183 228 198 1 150 207 170 1 152 199 231 1 138 229 183 1 98 231 185 1 143 222 158 1 79 203 155 1 96 180 160 1 86 143 106 1 67 72 146 1 28 76 93 1 12 0 93 1 0 13 132 1 33 7 110 1 52 29 92 1 0 0 0 0 0 17 85 1 8 82 118 1 12 47 97 1 24 56 61 1 8 71 83 1 27 73 84 1 0 29 80 1 5 51 76 1 27 53 106 1 0 40 69 1 0 15 100 1 0 11 69 1 32 7 90 1 0 0 45 1 15 0 40 1 11 5 56 1 0 0 82 1 16 33 72 1 47 55 75 1 32 8 80 1 13 1 65 1 0 39 98 1 29 52 67 1 13 24 64 1 26 22 50 1 0 0 69 1 24 5 64 1 0 34 54 1 0 17 97 1
82 214 136 1 82 242 161 1 84 207 200 1 80 236 161 1 0 0 0 0 69 167 167 1 74 191 154 1 73 208 177 1 78 194 190 1 100 195 160 1 129 226 169 1 123 205 169 1 156 255 179 1 181 205 203 1 128 247 188 1 140 241 204 1 139 223 211 1 175 245 224 1 173 231 187 1 122 218 172 1 164 205 191 1 169 240 193 1 139 229 181 1 76 181 142 1 20 116 119 1 36 104 109 1 0 0 0 0 39 21 88 1 0 9 42 1 0 38 97 1 28 0 119 1 0 0 70 1 20 0 54 1 24 19 79 1 10 67 94 1 0 0 0 0 43 139 152 1 36 124 129 1 31 81 129 1 0 87 72 1 4 52 113 1 0 67 85 1 0 25 80 1 0 91 129 1 4 28 72 1 0 6 59 1 0 31 93 1 23 0 97 1 25 1 67 1 0 0 0 0 37 14 80 1 22 1 96 1 25 2 64 1 0 0 0 0 28 6 58 1 1 0 38 1 54 24 53 1 35 7 85 1 0 18 49 1 0 78 97 1 0 4 84 1 0 0 76 1 12 1 52 1
94 186 161 1 85 203 178 1 112 184 129 1 91 198 166 1 97 206 150 1 95 187 174 1 54 197 151 1 98 125 143 1 105 220 165 1 73 208 131 1 107 204 190 1 137 190 182 1 145 179 197 1 136 244 208 1 136 219 206 1 141 205 203 1 112 206 199 1 157 238 169 1 169 246 203 1 162 194 208 1 87 213 186 1 46 175 151 1 90 111 148 1 0 34 79 1 26 47 75 1 0 41 69 1 0 17 101 1 0 0 0 0 0 6 97 1 0 0 0 0 0 28 58 1 11 71 65 1 46 107 122 1 61 114 92 1 83 129 109 1 33 138 189 1 63 123 108 1 30 120 88 1 0 0 0 0 0 132 66 1 22 106 163 1 21 105 87 1 0 101 108 1 35 35 104 1 33 56 106 1 0 25 79 1 18 0 88 1 14 0 69 1 0 1 61 1 33 33 57 1 0 28 69 1 17 33 92 1 3 14 65 1 15 22 98 1 8 0 75 1 0 0 87 1 13 0 69 1 52 0 55 1 23 26 89 1 13 0 59 1 8 0 59 1 14 40 87 1 0 21 96 1
108 161 156 1 58 180 182 1 68 146 176 1 77 162 139 1 0 0 0 0 45 132 151 1 0 0 0 0 51 182 136 1 129 191 130 1 0 0 0 0 138 242 146 1 108 210 166 1 127 185 158 1 115 235 145 1 0 0 0 0 133 209 160 1 0 0 0 0 152 220 195 1 130 222 148 1 115 167 207 1 19 91 101 1 24 38 78 1 1 18 81 1 0 33 86 1 0 76 66 1 0 26 85 1 10 34 120 1 0 7 20 1 0 60 103 1 0 78 109 1 2 138 112 1 74 124 105 1 98 156 122 1 79 164 130 1 101 121 121 1 60 175 107 1 41 120 103 1 73 141 79 1 66 142 141 1 66 158 74 1 66 143 147 1 70 148 112 1 0 111 109 1 0 72 111 1 0 33 81 1 20 12 69 1 23 17 93 1 22 3 93 1 17 44 59 1 0 24 65 1 10 41 92 1 58 29 83 1 25 24 79 1 0 0 0 0 11 29 61 1 25 18 88 1 3 44 36 1 36 37 89 1 14 19 94 1 4 27 66 1 0 8 70 1 51 14 70 1 0 5 81 1
0 138 113 1 33 171 157 1 17 179 131 1 0 0 0 0 24 207 129 1 50 164 181 1 49 164 139 1 45 168 132 1 40 199 161 1 65 188 167 1 40 150 134 1 0 0 0 0 76 249 167 1 83 198 125 1 148 217 173 1 157 211 193 1 111 216 186 1 119 168 121 1 13 116 81 1 25 58 38 1 1 50 39 1 0 51 95 1 22 34 80 1 68 4 136 1 0 14 104 1 33 6 63 1 0 43 75 1 0 22 112 1 78 112 91 1 146 127 150 1 110 210 142 1 93 219 82 1 39 138 100 1 78 135 105 1 0 0 0 0 63 162 104 1 97 123 84 1 118 168 78 1 94 144 96 1 98 138 143 1 80 120 129 1 99 175 133 1 43 98 94 1 0 75 120 1 0 52 63 1 28 3 58 1 1 17 64 1 0 16 58 1 2 0 74 1 7 4 79 1 0 0 0 0 7 20 93 1 2 21 60 1 51 0 64 1 0 43 49 1 28 9 85 1 0 0 0 0 49 11 66 1 10 38 86 1 0 0 0 0 9 16 57 1 35 31 88 1 34 36 84 1
8 164 155 1 36 165 120 1 49 188 116 1 36 166 137 1 20 193 134 1 72 177 147 1 35 162 156 1 10 171 136 1 52 177 179 1 59 175 143 1 0 0 0 0 74 160 152 1 98 163 153 1 70 222 161 1 0 0 0 0 101 128 155 1 0 0 0 0 19 44 103 1 23 54 68 1 0 0 0 0 32 0 120 1 13 8 56 1 17 11 82 1 0 12 95 1 1 16 115 1 66 76 101 1 57 141 138 1 0 0 0 0 115 193 167 1 127 228 144 1 73 167 151 1 92 152 90 1 0 0 0 0 0 0 0 0 41 118 68 1 88 132 92 1 50 138 110 1 114 127 110 1 80 162 114 1 84 176 95 1 114 170 119 1 104 155 138 1 78 104 80 1 16 111 126 1 0 52 86 1 0 17 104 1 0 0 0 0 33 45 101 1 23 20 55 1 0 30 78 1 33 31 84 1 0 55 44 1 33 52 109 1 35 31 67 1 9 3 100 1 3 35 89 1 27 36 56 1 24 6 86 1 31 0 56 1 0 50 123 1 0 47 56 1 19 0 107 1 11 14 80 1
36 130 124 1 7 126 134 1 2 120 119 1 0 118 97 1 0 75 105 1 0 55 65 1 14 59 101 1 36 87 77 1 0 0 0 0 75 108 98 1 35 103 136 1 88 110 119 1 34 120 77 1 56 78 107 1 31 76 53 1 0 17 60 1 36 19 60 1 30 0 76 1 0 0 0 0 0 43 87 1 3 6 50 1 13 0 78 1 0 0 0 0 18 82 120 1 94 167 177 1 142 172 143 1 124 230 165 1 137 173 157 1 123 201 196 1 91 204 201 1 88 174 121 1 98 202 142 1 82 146 108 1 94 161 122 1 57 113 102 1 0 0 0 0 55 123 125 1 123 148 116 1 95 147 86 1 98 174 91 1 78 154 132 1 0 0 0 0 103 127 145 1 60 89 90 1 0 0 0 0 0 17 91 1 3 3 60 1 0 0 0 0 35 0 51 1 29 20 62 1 26 40 96 1 22 0 58 1 18 33 82 1 12 32 110 1 0 0 0 0 31 11 45 1 33 2 99 1 15 23 88 1 40 9 98 1 19 20 57 1 27 50 105 1 20 34 81 1 0 0 0 0
0 36 86 1 0 18 79 1 7 48 81 1 4 25 84 1 0 24 105 1 0 28 122 1 8 16 82 1 3 0 83 1 8 45 91 1 29 41 70 1 10 10 105 1 0 0 0 0 41 19 77 1 0 29 60 1 0 27 99 1 0 0 0 0 27 0 102 1 45 0 101 1 19 19 38 1 18 32 76 1 0 43 103 1 53 76 88 1 68 189 90 1 151 209 169 1 123 221 207 1 109 196 177 1 124 226 100 1 120 209 138 1 75 229 146 1 88 152 133 1 105 195 193 1 72 174 174 1 72 142 34 1 0 0 0 0 58 165 104 1 72 146 109 1 84 137 141 1 142 117 110 1 70 150 114 1 113 194 82 1 100 165 130 1 103 172 95 1 105 127 105 1 0 0 0 0 0 115 69 1 16 68 77 1 22 73 41 1 51 33 56 1 25 0 90 1 18 31 83 1 0 11 91 1 23 61 96 1 2 19 107 1 40 34 50 1 0 20 74 1 14 48 81 1 0 0 0 0 0 0 0 0 19 30 95 1 0 0 0 0 38 0 88 1 0 15 82 1 0 16 0 1
0 47 87 1 12 16 97 1 19 64 67 1 0 0 0 0 24 59 100 1 13 53 99 1 19 7 83 1 14 26 71 1 0 0 85 1 0 13 79 1 49 30 71 1 12 0 80 1 35 28 67 1 0 39 55 1 27 33 85 1 22 35 84 1 0 0 70 1 37 5 66 1 6 46 48 1 49 99 85 1 62 147 142 1 0 0 0 0 143 198 171 1 135 210 146 1 121 188 156 1 132 172 143 1 104 184 174 1 113 206 164 1 82 201 147 1 87 217 174 1 50 176 152 1 76 186 105 1 66 173 103 1 89 147 122 1 73 184 107 1 124 184 106 1 90 175 121 1 67 165 156 1 109 148 112 1 0 0 0 0 79 137 136 1 115 138 67 1 78 118 119 1 70 120 122 1 25 128 69 1 0 75 92 1 35 34 88 1 30 38 54 1 0 0 70 1 0 11 97 1 51 29 86 1 0 8 50 1 20 49 94 1 42 42 68 1 14 29 61 1 0 9 74 1 17 45 51 1 0 26 54 1 0 0 0 0 15 43 60 1 14 11 80 1 20 28 89 1 44 0 41 1
0 49 61 1 0 54 67 1 0 0 72 1 11 47 44 1 13 6 70 1 30 38 96 1 40 15 96 1 24 8 92 1 0 24 79 1 2 23 72 1 0 0 0 0 0 25 120 1 13 41 20 1 24 8 72 1 0 0 0 0 0 0 64 1 35 14 35 1 10 71 82 1 45 109 99 1 150 174 200 1 0 0 0 0 120 189 119 1 112 191 166 1 137 239 166 1 106 240 117 1 103 185 140 1 136 216 168 1 97 143 154 1 47 171 164 1 74 150 152 1 48 163 138 1 81 168 98 1 50 126 122 1 45 154 92 1 109 187 134 1 89 169 131 1 108 194 139 1 0 0 0 0 144 129 131 1 128 153 93 1 0 0 0 0 74 125 113 1 58 200 117 1 78 152 80 1 0 0 0 0 4 95 104 1 4 25 82 1 31 10 94 1 20 41 72 1 19 42 73 1 20 35 89 1 23 55 81 1 12 36 80 1 0 0 0 0 0 50 84 1 0 5 84 1 30 19 58 1 35 40 119 1 10 0 72 1 36 36 77 1 45 26 79 1 22 27 88 1 0 2 87 1
8 0 101 1 0 0 104 1 2 32 109 1 3 0 102 1 4 57 112 1 0 0 128 1 11 0 84 1 0 4 101 1 0 26 105 1 12 0 85 1 0 34 88 1 8 0 105 1 0 20 44 1 0 11 29 1 15 19 80 1 0 0 74 1 21 59 73 1 54 162 138 1 140 179 174 1 143 213 202 1 150 206 134 1 150 165 154 1 116 223 153 1 138 244 170 1 102 196 185 1 103 194 152 1 135 218 183 1 108 194 186 1 88 200 133 1 60 160 90 1 84 175 145 1 0 0 0 0 58 187 165 1 72 171 113 1 0 0 0 0 108 192 134 1 90 194 115 1 0 0 0 0 108 142 122 1 82 164 80 1 54 162 84 1 43 107 106 1 74 123 103 1 74 98 131 1 61 124 102 1 0 123 67 1 35 53 53 1 0 14 73 1 14 40 75 1 1 5 82 1 15 34 73 1 29 6 74 1 0 27 60 1 42 15 77 1 34 46 83 1 54 56 53 1 18 70 68 1 57 31 83 1 37 0 81 1 32 42 91 1 0 0 0 0 11 0 36 1 27 0 88 1
0 14 97 1 20 0 88 1 23 37 93 1 7 48 96 1 43 0 52 1 9 0 68 1 8 12 77 1 28 11 51 1 0 14 96 1 0 65 108 1 10 7 77 1 1 32 25 1 0 36 83 1 18 35 42 1 0 93 114 1 88 154 113 1 107 216 230 1 139 193 207 1 132 164 137 1 157 248 136 1 0 0 0 0 135 198 164 1 0 0 0 0 141 225 182 1 143 212 164 1 124 223 187 1 124 230 183 1 99 201 149 1 0 0 0 0 125 195 142 1 80 203 167 1 123 164 126 1 85 163 115 1 75 133 123 1 101 201 108 1 91 188 94 1 0 0 0 0 74 149 116 1 94 161 162 1 116 174 116 1 73 151 73 1 94 122 47 1 39 119 81 1 0 0 0 0 34 100 113 1 0 123 105 1 48 33 87 1 0 30 72 1 29 19 83 1 21 27 110 1 8 27 68 1 24 23 107 1 36 61 82 1 32 22 111 1 24 66 120 1 0 0 0 0 54 0 92 1 0 11 110 1 43 27 77 1 0 24 51 1 36 18 51 1 0 22 64 1 90 46 102 1
46 27 87 1 0 21 41 1 24 41 117 1 0 22 52 1 0 27 51 1 5 50 68 1 0 59 58 1 0 0 0 0 0 55 25 1 0 40 48 1 0 0 0 0 0 48 79 1 30 74 137 1 143 117 157 1 88 255 179 1 120 226 216 1 112 237 142 1 165 201 159 1 141 244 131 1 96 201 226 1 0 0 0 0 167 237 212 1 129 222 135 1 105 241 167 1 129 179 197 1 114 170 190 1 137 170 197 1 72 196 177 1 89 165 168 1 0 0 0 0 70 173 140 1 73 128 146 1 74 184 108 1 74 192 138 1 28 172 131 1 55 165 124 1 82 132 138 1 72 174 141 1 63 122 146 1 110 148 162 1 58 141 94 1 82 100 53 1 79 135 103 1 76 130 95 1 12 130 101 1 0 137 109 1 0 0 0 0 0 11 81 1 63 18 89 1 27 17 64 1 21 22 78 1 33 2 43 1 0 0 0 0 0 0 0 0 9 7 71 1 54 43 101 1 22 62 49 1 12 61 107 1 0 0 0 0 0 12 92 1 26 57 106 1 47 0 73 1 28 0 47 1
4 14 86 1 1 0 61 1 0 29 50 1 28 99 108 1 76 114 101 1 0 0 0 0 29 104 83 1 34 110 99 1 41 115 101 1 28 147 99 1 71 148 126 1 117 128 111 1 143 197 191 1 207 255 199 1 102 229 198 1 115 220 152 1 96 207 156 1 121 197 144 1 132 236 140 1 0 0 0 0 86 176 178 1 131 170 177 1 128 255 141 1 129 178 175 1 97 175 229 1 99 207 184 1 75 179 149 1 0 0 0 0 99 213 136 1 63 195 156 1 119 168 145 1 67 177 181 1 62 180 174 1 85 138 135 1 85 187 118 1 72 160 118 1 83 125 134 1 67 164 126 1 65 119 109 1 79 137 118 1 63 131 122 1 37 156 108 1 0 0 0 0 92 159 112 1 86 133 131 1 0 110 83 1 0 53 67 1 32 38 77 1 25 59 87 1 39 3 77 1 32 0 54 1 0 0 0 0 30 0 51 1 11 0 64 1 36 25 63 1 25 29 111 1 16 3 67 1 35 34 70 1 0 4 66 1 8 0 86 1 0 59 55 1 29 16 67 1 39 7 50 1
0 0 56 1 0 26 74 1 0 108 91 1 105 157 148 1 136 189 157 1 73 150 129 1 111 202 178 1 126 219 186 1 87 152 169 1 138 182 143 1 147 232 164 1 136 221 168 1 167 187 175 1 129 219 137 1 120 205 186 1 120 197 151 1 136 197 119 1 132 203 167 1 0 0 0 0 151 200 187 1 133 228 186 1 114 227 145 1 106 195 188 1 131 184 155 1 104 167 130 1 96 194 157 1 96 220 156 1 94 210 179 1 98 208 157 1 0 0 0 0 0 0 0 0 77 152 157 1 83 199 151 1 101 142 144 1 40 195 143 1 89 163 127 1 91 180 113 1 0 0 0 0 0 0 0 0 33 158 128 1 77 138 110 1 57 188 98 1 0 0 0 0 95 186 116 1 71 101 104 1 44 106 90 1 3 115 72 1 0 51 73 1 15 37 118 1 3 0 76 1 0 0 0 0 25 24 56 1 0 0 0 0 10 31 65 1 32 33 77 1 11 0 88 1 37 69 77 1 1 32 77 1 53 11 131 1 2 10 39 1 13 36 77 1 25 27 96 1 15 49 71 1
23 36 81 1 9 44 128 1 90 166 117 1 152 197 226 1 141 222 199 1 82 182 122 1 106 205 153 1 120 202 173 1 128 212 157 1 154 212 165 1 175 196 148 1 163 185 166 1 102 232 175 1 139 172 161 1 183 205 176 1 124 206 172 1 153 240 160 1 120 214 241 1 0 0 0 0 122 186 163 1 119 215 174 1 148 223 171 1 138 195 155 1 0 0 0 0 87 199 186 1 94 207 166 1 131 210 135 1 113 207 159 1 71 254 137 1 114 206 155 1 106 172 166 1 123 191 146 1 72 170 132 1 117 159 122 1 84 183 111 1 85 175 183 1 27 201 134 1 69 166 87 1 80 154 146 1 88 113 78 1 90 160 129 1 70 121 122 1 100 137 115 1 73 130 85 1 51 148 115 1 0 0 0 0 0 79 64 1 0 49 71 1 0 55 79 1 23 78 88 1 60 14 101 1 28 35 88 1 29 20 45 1 9 50 72 1 60 9 75 1 9 44 63 1 62 0 75 1 45 41 61 1 12 23 79 1 16 32 101 1 0 0 0 0 35 42 80 1 45 54 88 1
39 127 133 1 54 140 143 1 70 140 71 1 103 184 157 1 146 239 141 1 169 212 160 1 147 222 173 1 140 225 159 1 163 203 166 1 107 244 154 1 142 180 166 1 118 228 178 1 150 205 164 1 143 176 200 1 115 213 162 1 91 213 174 1 102 217 174 1 102 188 191 1 117 230 156 1 110 218 197 1 144 203 146 1 135 163 150 1 108 197 207 1 106 242 193 1 119 171 154 1 105 180 160 1 107 231 174 1 137 227 200 1 125 227 196 1 89 255 120 1 101 220 130 1 86 150 154 1 108 150 125 1 95 215 144 1 110 180 163 1 56 122 136 1 109 165 113 1 103 186 164 1 91 159 94 1 76 126 145 1 71 125 108 1 87 146 94 1 59 145 69 1 0 0 0 0 74 156 115 1 110 160 80 1 47 91 93 1 14 56 98 1 28 12 134 1 0 0 0 0 37 46 111 1 24 28 88 1 15 4 62 1 26 34 58 1 46 41 74 1 27 0 76 1 27 50 58 1 17 10 35 1 0 24 95 1 44 34 80 1 28 2 117 1 8 38 98 1 39 32 86 1
64 118 137 1 76 104 163 1 70 124 117 1 96 197 144 1 63 144 109 1 112 155 82 1 0 0 0 0 147 186 165 1 0 0 0 0 130 220 182 1 149 203 150 1 0 0 0 0 141 228 175 1 175 228 183 1 128 222 193 1 113 202 180 1 0 0 0 0 135 203 177 1 124 208 189 1 141 210 214 1 111 228 142 1 102 227 175 1 82 210 177 1 72 164 135 1 128 211 140 1 115 235 172 1 106 248 153 1 122 233 193 1 133 208 188 1 134 185 176 1 123 158 172 1 90 217 150 1 109 214 154 1 120 217 147 1 100 209 131 1 66 170 135 1 93 166 119 1 98 204 128 1 79 140 121 1 88 135 126 1 76 129 107 1 87 141 92 1 0 0 0 0 49 161 116 1 45 159 61 1 71 132 81 1 13 91 100 1 1 44 116 1 0 15 67 1 18 33 52 1 0 67 99 1 35 43 38 1 0 24 27 1 8 19 76 1 31 24 95 1 0 62 104 1 16 0 82 1 0 42 55 1 26 0 93 1 0 0 0 0 10 42 70 1 22 22 83 1 20 66 102 1
70 158 155 1 84 147 86 1 68 154 90 1 79 188 97 1 75 123 97 1 122 122 127 1 93 187 111 1 134 227 134 1 150 202 203 1 148 209 154 1 123 209 159 1 123 203 184 1 131 233 202 1 103 215 166 1 103 185 173 1 114 180 127 1 144 205 159 1 153 194 124 1 119 229 199 1 139 196 144 1 135 206 174 1 124 199 189 1 125 166 181 1 113 191 176 1 99 225 202 1 128 188 186 1 100 237 152 1 167 216 205 1 88 186 152 1 105 186 194 1 108 235 188 1 89 189 210 1 118 172 142 1 114 153 176 1 75 223 136 1 0 0 0 0 0 0 0 0 80 160 127 1 88 141 133 1 112 163 109 1 121 134 121 1 114 126 105 1 102 141 79 1 78 171 105 1 117 190 106 1 86 133 83 1 0 136 100 1 0 72 94 1 0 24 106 1 17 30 94 1 35 14 118 1 32 12 70 1 16 28 70 1 70 25 81 1 0 31 63 1 25 11 112 1 27 0 95 1 9 3 45 1 0 0 65 1 13 34 70 1 40 11 23 1 31 33 100 1 0 48 42 1
29 178 89 1 0 154 133 1 71 215 109 1 106 148 84 1 95 130 129 1 73 133 131 1 76 144 101 1 93 166 132 1 126 164 176 1 144 208 162 1 136 206 177 1 136 201 188 1 0 0 0 0 130 193 205 1 154 206 157 1 129 240 143 1 161 228 168 1 146 211 201 1 109 222 178 1 0 0 0 0 90 202 152 1 129 231 174 1 120 244 198 1 107 203 172 1 132 197 175 1 99 190 152 1 0 0 0 0 103 189 189 1 115 221 179 1 128 199 182 1 0 0 0 0 102 210 134 1 59 185 122 1 108 176 164 1 77 161 217 1 85 184 131 1 79 121 135 1 91 219 142 1 99 137 138 1 82 168 118 1 79 132 84 1 87 147 127 1 68 164 110 1 99 152 106 1 94 177 102 1 70 131 93 1 40 112 98 1 0 91 106 1 42 18 78 1 23 4 69 1 0 18 86 1 15 36 88 1 41 0 63 1 0 0 139 1 25 14 66 1 14 31 86 1 0 24 97 1 24 24 40 1 0 0 0 0 0 20 118 1 19 28 61 1 12 16 65 1 0 0 78 1
8 169 145 1 0 175 114 1 82 157 93 1 64 175 144 1 109 142 127 1 75 110 112 1 97 157 129 1 0 0 0 0 76 131 143 1 116 166 143 1 114 214 162 1 152 194 169 1 132 168 178 1 154 209 173 1 93 200 196 1 139 196 206 1 132 210 173 1 148 251 194 1 125 230 177 1 117 202 144 1 0 0 0 0 126 209 180 1 103 215 202 1 102 176 158 1 134 202 156 1 74 214 206 1 0 0 0 0 160 234 173 1 0 0 0 0 144 218 211 1 75 197 164 1 0 0 0 0 79 193 199 1 99 158 147 1 129 143 99 1 92 187 159 1 76 184 167 1 85 206 112 1 86 146 85 1 29 135 128 1 63 134 79 1 78 104 91 1 63 137 97 1 92 126 109 1 67 146 114 1 89 132 94 1 81 148 124 1 20 94 96 1 0 65 84 1 8 0 40 1 0 0 0 0 42 30 28 1 3 27 42 1 5 44 102 1 0 6 70 1 5 5 73 1 28 24 37 1 0 0 82 1 0 53 70 1 14 15 55 1 0 0 63 1 0 0 0 0 30 18 55 1
12 149 137 1 92 169 139 1 33 147 104 1 53 194 120 1 132 189 133 1 45 152 116 1 84 136 134 1 62 145 85 1 59 142 134 1 0 0 0 0 96 197 132 1 109 220 181 1 0 0 0 0 169 214 162 1 135 184 143 1 129 235 154 1 121 222 169 1 138 191 159 1 78 214 171 1 89 207 157 1 106 201 213 1 109 224 179 1 148 205 190 1 105 213 191 1 131 235 162 1 119 179 173 1 103 215 198 1 135 193 168 1 143 255 212 1 167 228 197 1 124 180 138 1 113 219 217 1 81 191 141 1 80 188 132 1 80 196 163 1 86 200 191 1 86 194 104 1 76 121 127 1 56 142 105 1 80 169 160 1 99 148 116 1 60 147 67 1 69 128 76 1 59 108 93 1 56 132 88 1 0 0 0 0 2 146 95 1 5 151 111 1 0 0 0 0 51 14 50 1 18 24 55 1 24 19 66 1 0 22 60 1 34 0 84 1 16 40 122 1 3 0 85 1 8 19 98 1 12 28 98 1 28 17 68 1 12 9 71 1 23 0 80 1 21 39 91 1 34 17 88 1
0 0 0 0 51 137 129 1 49 207 99 1 74 158 108 1 60 142 103 1 72 167 162 1 79 170 126 1 75 147 133 1 65 138 117 1 112 153 115 1 103 154 119 1 118 200 174 1 0 0 0 0 108 210 118 1 120 194 146 1 122 200 137 1 111 147 154 1 0 0 0 0 101 184 188 1 126 216 144 1 106 221 187 1 98 203 177 1 128 215 155 1 115 215 200 1 108 176 181 1 102 171 213 1 90 186 169 1 140 229 188 1 0 0 0 0 146 218 161 1 159 252 182 1 113 209 145 1 115 218 166 1 48 146 148 1 67 164 167 1 105 145 128 1 86 159 123 1 60 177 138 1 62 165 153 1 53 163 145 1 84 151 126 1 47 135 93 1 0 0 0 0 40 146 80 1 79 101 92 1 50 136 86 1 44 153 134 1 21 98 89 1 0 46 82 1 21 59 49 1 25 44 85 1 24 81 75 1 26 20 66 1 0 43 48 1 12 21 92 1 23 0 76 1 24 25 82 1 0 0 0 0 0 0 0 0 40 0 91 1 11 23 78 1 0 0 0 0 13 9 70 1
12 91 98 1 0 121 67 1 29 135 116 1 50 140 127 1 37 156 74 1 70 136 104 1 0 0 0 0 88 175 148 1 89 150 131 1 53 138 142 1 119 154 139 1 100 174 120 1 116 169 134 1 104 206 163 1 144 200 158 1 79 200 171 1 115 195 178 1 62 167 171 1 122 205 139 1 101 215 124 1 107 216 179 1 117 153 155 1 109 210 150 1 132 210 164 1 0 0 0 0 67 175 175 1 109 204 196 1 140 237 198 1 162 194 210 1 113 216 200 1 140 212 153 1 39 227 202 1 109 157 164 1 81 152 164 1 86 164 196 1 82 170 176 1 102 180 137 1 96 138 139 1 122 156 139 1 109 165 131 1 0 0 0 0 100 152 117 1 86 133 142 1 71 112 50 1 62 92 44 1 41 111 125 1 54 174 98 1 0 133 77 1 29 37 72 1 48 8 42 1 27 35 82 1 0 10 71 1 0 7 69 1 3 29 89 1 32 52 76 1 14 56 84 1 0 0 39 1 6 0 111 1 43 11 65 1 3 2 70 1 44 0 79 1 18 14 54 1 0 5 95 1
0 37 102 1 11 97 91 1 43 114 77 1 27 181 139 1 0 0 0 0 4 190 118 1 105 163 153 1 57 173 172 1 80 205 158 1 117 226 160 1 93 183 118 1 101 195 169 1 138 222 164 1 141 222 179 1 126 161 161 1 107 203 156 1 124 225 154 1 128 161 175 1 101 184 122 1 110 180 157 1 0 0 0 0 114 213 142 1 145 237 165 1 122 213 193 1 114 255 177 1 140 255 132 1 128 240 155 1 126 255 154 1 116 231 199 1 82 226 176 1 0 0 0 0 135 214 156 1 80 189 185 1 85 183 168 1 129 169 114 1 98 148 143 1 100 185 150 1 85 201 169 1 72 160 135 1 125 160 145 1 60 138 115 1 43 123 91 1 53 139 138 1 111 155 112 1 51 144 42 1 55 127 50 1 65 142 88 1 0 0 0 0 0 43 93 1 20 24 91 1 0 18 42 1 55 16 74 1 0 40 71 1 29 25 109 1 0 57 56 1 8 0 101 1 7 15 84 1 12 23 67 1 32 11 65 1 23 33 69 1 9 9 79 1 7 0 90 1 24 1 99 1
0 12 109 1 21 74 87 1 0 87 86 1 4 88 121 1 36 153 138 1 70 167 98 1 50 149 145 1 144 174 134 1 0 0 0 0 101 195 131 1 86 236 133 1 138 182 108 1 127 156 149 1 119 158 109 1 138 211 142 1 128 195 143 1 0 0 0 0 102 194 145 1 108 202 130 1 133 228 159 1 46 216 150 1 135 235 145 1 136 232 180 1 141 214 213 1 126 215 174 1 89 189 173 1 131 225 199 1 141 224 185 1 114 216 153 1 119 212 181 1 134 234 188 1 101 244 170 1 0 0 0 0 98 176 143 1 99 138 151 1 84 197 131 1 108 192 150 1 119 147 150 1 103 145 157 1 79 162 102 1 51 139 92 1 49 132 96 1 64 151 128 1 65 137 114 1 60 148 72 1 57 135 85 1 0 0 0 0 0 79 71 1 9 68 84 1 0 20 60 1 26 27 39 1 47 44 85 1 3 21 43 1 17 13 61 1 18 36 53 1 47 49 95 1 41 40 100 1 61 0 106 1 0 0 0 0 0 3 56 1 0 0 0 0 50 0 44 1 12 12 71 1
0 27 19 1 0 41 47 1 0 49 78 1 0 62 77 1 44 123 114 1 61 115 144 1 56 154 113 1 78 177 119 1 71 194 141 1 52 179 141 1 111 177 159 1 118 217 163 1 89 159 175 1 127 148 178 1 81 190 105 1 121 182 100 1 137 211 143 1 139 204 175 1 84 211 141 1 117 167 160 1 134 201 153 1 115 183 130 1 167 192 202 1 123 193 173 1 135 197 178 1 0 0 0 0 97 218 212 1 123 202 198 1 136 170 166 1 135 203 187 1 92 220 186 1 56 193 175 1 93 172 163 1 31 185 131 1 65 164 143 1 87 156 146 1 106 206 156 1 110 178 96 1 88 185 124 1 0 0 0 0 68 112 83 1 0 0 0 0 101 177 133 1 61 131 102 1 51 149 45 1 85 168 91 1 17 171 136 1 0 61 65 1 21 27 85 1 0 41 50 1 0 0 0 0 0 18 111 1 0 9 93 1 0 39 71 1 0 0 50 1 29 0 47 1 0 58 75 1 0 0 0 0 0 28 96 1 13 19 54 1 36 8 76 1 0 44 57 1 0 2 70 1
22 55 85 1 52 37 107 1 0 23 116 1 10 57 69 1 10 92 77 1 39 99 151 1 28 95 102 1 39 160 81 1 78 177 127 1 66 171 137 1 113 193 177 1 123 177 154 1 126 184 143 1 120 199 192 1 107 184 102 1 94 144 164 1 0 0 0 0 137 191 185 1 106 248 195 1 122 214 192 1 129 208 168 1 132 185 148 1 138 215 153 1 139 222 200 1 0 0 0 0 0 0 0 0 159 255 206 1 139 210 153 1 112 221 172 1 111 255 149 1 0 0 0 0 98 217 162 1 110 199 205 1 109 207 132 1 110 121 114 1 83 203 113 1 0 0 0 0 0 0 0 0 101 169 119 1 49 134 72 1 0 0 0 0 32 202 103 1 77 133 100 1 76 158 106 1 78 140 45 1 72 146 113 1 71 159 124 1 0 55 107 1 53 9 82 1 0 28 70 1 26 34 130 1 11 22 56 1 0 13 82 1 0 0 0 0 14 36 46 1 35 26 76 1 13 0 73 1 66 0 83 1 28 38 58 1 0 30 80 1 14 0 55 1 28 10 73 1 0 22 66 1
5 38 85 1 19 61 56 1 6 38 63 1 0 64 113 1 0 1 103 1 2 23 82 1 0 0 0 0 23 119 105 1 63 185 98 1 53 172 153 1 65 206 104 1 70 218 140 1 75 189 146 1 99 196 174 1 114 174 182 1 128 172 148 1 110 227 169 1 126 227 190 1 112 189 154 1 127 195 179 1 119 203 153 1 134 216 199 1 164 231 173 1 158 208 180 1 89 190 150 1 0 0 0 0 116 216 207 1 141 222 187 1 103 224 185 1 140 218 169 1 107 213 143 1 91 216 193 1 45 252 194 1 73 165 150 1 101 168 110 1 73 178 111 1 94 147 148 1 111 162 133 1 55 138 107 1 0 0 0 0 18 97 70 1 85 174 121 1 62 181 121 1 91 148 93 1 91 108 125 1 103 174 86 1 63 137 151 1 48 75 50 1 0 55 81 1 16 4 110 1 55 0 65 1 0 17 34 1 6 29 85 1 87 9 112 1 0 0 0 0 29 17 105 1 41 36 53 1 0 0 97 1 31 0 54 1 34 16 56 1 21 13 53 1 24 21 68 1 17 3 50 1
0 48 69 1 0 32 128 1 2 44 65 1 46 62 68 1 0 39 49 1 13 53 103 1 8 28 59 1 10 114 126 1 35 153 141 1 0 0 0 0 84 167 114 1 117 195 142 1 60 175 161 1 87 233 171 1 128 235 159 1 102 175 216 1 87 217 159 1 83 215 153 1 130 221 181 1 115 229 132 1 122 210 152 1 77 225 157 1 115 190 177 1 116 153 159 1 0 0 0 0 85 192 143 1 103 205 159 1 132 202 160 1 125 173 173 1 122 188 154 1 122 240 162 1 82 241 209 1 83 150 130 1 74 192 151 1 54 165 123 1 0 0 0 0 45 117 126 1 84 179 148 1 0 0 0 0 72 132 123 1 39 152 94 1 71 121 115 1 83 113 97 1 90 152 136 1 90 165 90 1 65 169 88 1 67 133 135 1 5 101 46 1 16 52 86 1 0 0 0 0 14 8 72 1 19 69 28 1 11 0 0 1 0 35 97 1 26 0 63 1 17 4 89 1 39 5 64 1 17 41 72 1 2 0 77 1 23 26 36 1 8 39 92 1 18 39 105 1 0 0 0 0
0 8 132 1 36 0 61 1 17 46 88 1 28 47 65 1 26 9 112 1 35 39 80 1 20 5 75 1 7 41 104 1 15 23 89 1 28 135 108 1 90 168 110 1 77 187 136 1 76 179 116 1 58 200 117 1 86 155 175 1 117 172 176 1 56 196 169 1 108 169 154 1 92 217 115 1 91 198 198 1 142 177 169 1 89 182 133 1 127 192 176 1 79 209 138 1 76 184 148 1 108 163 168 1 0 0 0 0 104 212 169 1 119 201 177 1 122 191 146 1 89 186 164 1 59 203 135 1 0 0 0 0 48 123 127 1 88 80 88 1 0 111 94 1 46 115 100 1 68 122 83 1 61 175 116 1 74 135 105 1 79 182 111 1 131 169 95 1 98 128 119 1 0 0 0 0 87 147 87 1 0 0 0 0 15 157 70 1 4 84 64 1 0 0 0 0 0 43 45 1 5 30 69 1 46 33 65 1 22 27 85 1 9 0 69 1 26 11 80 1 43 0 74 1 21 20 65 1 0 40 54 1 0 1 65 1 10 5 18 1 45 0 72 1 0 0 0 0 37 54 70 1
21 27 107 1 0 9 65 1 0 51 74 1 29 26 125 1 0 0 0 0 0 51 63 1 29 29 112 1 14 20 68 1 7 0 69 1 19 44 79 1 22 85 84 1 60 141 56 1 58 148 126 1 65 198 126 1 105 174 117 1 95 184 151 1 129 179 150 1 127 149 126 1 108 213 168 1 69 197 155 1 67 133 131 1 105 192 138 1 82 177 178 1 80 195 178 1 57 193 147 1 129 197 168 1 93 201 154 1 96 194 119 1 121 158 155 1 90 172 169 1 85 208 154 1 85 238 167 1 121 207 150 1 114 172 123 1 0 0 0 0 86 89 122 1 75 151 146 1 64 87 120 1 106 120 134 1 118 136 94 1 105 130 109 1 43 164 89 1 0 0 0 0 75 150 37 1 73 148 121 1 68 158 118 1 5 117 96 1 0 118 90 1 0 62 86 1 16 43 101 1 0 1 55 1 24 7 44 1 16 20 73 1 17 5 62 1 0 19 55 1 11 13 67 1 10 7 40 1 14 19 53 1 0 22 69 1 0 0 0 0 32 0 30 1 39 6 72 1 0 4 25 1
32 17 97 1 0 0 101 1 0 0 100 1 32 21 69 1 6 33 86 1 26 1 101 1 16 11 116 1 45 32 100 1 13 33 65 1 21 55 105 1 0 15 130 1 41 75 66 1 43 102 110 1 41 96 134 1 72 135 111 1 76 168 124 1 0 0 0 0 57 174 113 1 126 178 114 1 112 177 115 1 116 186 146 1 134 204 127 1 73 217 184 1 118 197 164 1 144 188 172 1 120 211 131 1 115 165 180 1 71 207 132 1 52 185 154 1 121 211 139 1 139 211 199 1 157 154 166 1 107 213 126 1 113 157 138 1 90 167 169 1 87 191 111 1 100 142 120 1 71 100 133 1 34 146 106 1 50 133 139 1 65 142 108 1 92 126 123 1 75 142 83 1 112 143 81 1 117 114 102 1 95 137 112 1 0 121 103 1 6 74 89 1 0 71 99 1 0 57 62 1 12 0 107 1 41 1 64 1 14 33 82 1 2 17 85 1 13 0 53 1 40 6 83 1 26 41 74 1 0 7 88 1 0 18 53 1 35 0 80 1 0 0 0 0 0 15 73 1 7 0 51 1
15 18 104 1 25 0 83 1 3 2 78 1 4 67 52 1 13 34 46 1 13 29 67 1 42 5 54 1 0 0 0 0 0 21 75 1 0 58 87 1 0 27 77 1 11 49 43 1 0 0 0 0 4 53 127 1 31 89 127 1 108 132 102 1 90 137 154 1 72 164 104 1 0 0 0 0 36 162 115 1 98 178 142 1 103 184 119 1 96 176 155 1 84 181 181 1 93 189 138 1 136 206 156 1 0 0 0 0 90 198 188 1 0 0 0 0 91 183 148 1 78 218 150 1 76 195 130 1 94 164 155 1 67 174 164 1 90 159 105 1 0 0 0 0 107 207 139 1 88 163 161 1 70 114 121 1 0 0 0 0 57 135 132 1 58 175 178 1 37 147 96 1 19 122 51 1 61 122 97 1 64 144 86 1 0 143 89 1 14 100 67 1 0 28 64 1 0 0 0 0 5 27 70 1 0 39 115 1 7 5 59 1 0 33 52 1 2 3 94 1 0 7 25 1 22 0 58 1 6 19 63 1 41 10 62 1 41 54 48 1 0 9 58 1 64 53 85 1 46 29 92 1
0 29 58 1 0 0 0 0 25 0 47 1 0 42 92 1 0 0 0 0 33 42 116 1 0 14 83 1 0 48 79 1 21 24 76 1 10 31 74 1 0 0 0 0 27 42 92 1 17 42 93 1 27 59 110 1 4 61 46 1 34 86 101 1 38 81 100 1 35 129 118 1 103 130 146 1 0 0 0 0 75 177 99 1 63 169 119 1 0 0 0 0 79 161 138 1 47 174 101 1 63 142 142 1 75 193 132 1 87 177 127 1 65 195 161 1 59 183 123 1 70 162 135 1 93 208 157 1 101 191 155 1 0 0 0 0 86 186 133 1 48 170 136 1 99 192 134 1 124 164 118 1 104 184 132 1 72 143 139 1 77 167 76 1 51 160 105 1 45 83 119 1 32 133 112 1 38 147 89 1 50 152 96 1 27 119 126 1 22 94 69 1 19 0 25 1 0 14 38 1 30 37 89 1 0 45 80 1 49 7 66 1 0 34 78 1 37 18 54 1 0 13 55 1 0 0 0 0 29 4 28 1 50 12 79 1 45 42 72 1 6 45 94 1 13 30 59 1 6 8 44 1
10 18 63 1 0 0 49 1 0 11 111 1 36 4 96 1 0 0 0 0 21 15 76 1 0 58 65 1 3 48 67 1 0 45 70 1 31 12 88 1 65 37 56 1 0 0 0 0 1 56 87 1 10 30 128 1 0 0 0 0 0 12 107 1 0 71 78 1 71 89 55 1 52 123 110 1 0 0 0 0 62 146 173 1 88 154 115 1 72 163 136 1 107 167 118 1 97 180 153 1 83 126 113 1 46 163 131 1 81 172 131 1 92 160 111 1 106 151 94 1 92 151 142 1 114 178 133 1 65 197 131 1 74 165 171 1 91 162 162 1 0 0 0 0 63 184 127 1 67 165 133 1 58 168 137 1 43 157 122 1 29 111 106 1 20 110 118 1 56 121 95 1 63 147 119 1 13 152 96 1 59 119 126 1 10 74 110 1 0 44 84 1 5 22 49 1 22 13 54 1 40 46 74 1 40 48 63 1 8 0 96 1 29 16 74 1 27 31 97 1 30 29 82 1 0 11 79 1 21 45 70 1 21 49 90 1 42 34 92 1 0 47 74 1 46 48 58 1 19 45 71 1
0 0 0 0 54 14 28 1 0 48 58 1 0 23 72 1 0 25 71 1 10 53 36 1 0 25 24 1 0 3 44 1 27 42 70 1 0 21 82 1 27 25 95 1 24 21 58 1 0 0 0 0 22 8 57 1 39 28 103 1 3 0 98 1 7 2 124 1 1 44 82 1 0 0 0 0 0 0 0 0 46 110 116 1 61 150 140 1 63 174 142 1 94 156 114 1 73 168 142 1 116 141 162 1 93 182 127 1 105 140 175 1 109 120 102 1 73 146 162 1 106 119 122 1 94 126 131 1 50 190 110 1 0 0 0 0 6 134 128 1 0 139 99 1 0 0 0 0 0 0 0 0 0 111 89 1 7 120 104 1 13 73 90 1 25 121 97 1 0 149 108 1 0 114 105 1 4 126 77 1 0 39 90 1 49 30 99 1 5 29 11 1 0 6 97 1 0 9 72 1 30 24 120 1 25 38 81 1 32 52 70 1 0 0 0 0 0 0 0 0 56 25 71 1 0 51 82 1 0 0 0 0 47 28 102 1 38 19 52 1 18 1 79 1 23 33 95 1 57 21 40 1
0 0 0 0 0 10 85 1 27 65 105 1 0 34 97 1 7 32 93 1 36 60 105 1 10 48 25 1 0 10 72 1 1 0 38 1 0 10 89 1 55 0 80 1 35 16 56 1 31 31 103 1 0 0 0 0 5 23 67 1 32 3 135 1 18 61 62 1 0 13 77 1 31 35 81 1 0 40 68 1 18 89 110 1 73 88 123 1 54 104 67 1 18 107 93 1 35 64 143 1 78 115 114 1 40 100 117 1 38 89 139 1 82 87 129 1 57 90 91 1 57 76 83 1 26 67 110 1 0 0 0 0 5 87 60 1 0 56 18 1 19 46 96 1 0 62 72 1 0 41 50 1 0 49 53 1 0 57 100 1 0 65 74 1 0 0 0 0 7 59 111 1 41 85 121 1 0 103 86 1 24 0 36 1 40 57 88 1 9 8 78 1 47 19 73 1 20 66 102 1 39 45 131 1 34 64 38 1 0 0 0 0 60 46 122 1 0 0 0 0 0 21 101 1 40 0 92 1 8 70 94 1 38 45 84 1 17 35 70 1 37 67 90 1 24 25 113 1 23 75 80 1
32 0 67 1 10 40 61 1 5 0 70 1 24 19 91 1 9 27 63 1 33 34 81 1 0 28 82 1 11 30 76 1 53 4 93 1 4 41 81 1 11 37 103 1 23 0 41 1 11 13 67 1 42 4 64 1 0 0 0 0 23 11 54 1 15 11 78 1 40 13 97 1 0 0 0 0 17 18 91 1 0 13 74 1 54 77 44 1 19 20 57 1 0 53 25 1 2 11 65 1 12 60 42 1 3 27 77 1 0 48 45 1 0 43 64 1 6 0 33 1 26 0 77 1 0 0 0 0 14 47 46 1 0 0 0 0 7 55 59 1 0 6 83 1 27 35 78 1 0 0 0 0 0 86 101 1 9 30 90 1 0 28 78 1 0 31 89 1 30 0 105 1 15 14 68 1 40 15 61 1 0 44 89 1 10 9 110 1 0 0 0 0 11 33 71 1 16 14 111 1 52 0 114 1 20 38 73 1 35 66 121 1 29 17 144 1 23 0 84 1 88 32 125 1 13 23 69 1 50 62 119 1 57 51 99 1 0 0 0 0 0 26 63 1 4 37 59 1 37 22 94 1
30 0 58 1 0 40 60 1 33 4 84 1 0 36 82 1 17 3 15 1 12 0 57 1 0 0 58 1 0 0 84 1 3 11 112 1 0 0 0 0 51 22 85 1 0 19 71 1 0 41 58 1 0 14 74 1 0 0 0 0 9 51 28 1 0 9 56 1 11 2 66 1 0 0 0 0 57 17 48 1 7 3 74 1 24 29 91 1 0 0 91 1 0 0 0 0 0 14 51 1 0 0 90 1 0 7 54 1 9 26 115 1 12 28 74 1 0 19 76 1 61 16 74 1 39 0 86 1 28 0 77 1 0 34 113 1 9 3 78 1 0 23 76 1 29 21 113 1 17 11 83 1 30 22 119 1 29 37 148 1 11 15 81 1 0 0 0 0 41 74 98 1 54 33 88 1 0 13 93 1 29 0 95 1 0 34 95 1 2 36 52 1 31 35 80 1 29 20 81 1 16 10 94 1 23 31 69 1 54 7 102 1 6 0 76 1 29 17 87 1 0 0 0 0 35 36 53 1 19 27 97 1 12 4 82 1 19 60 95 1 0 0 0 0 23 20 86 1 43 18 90 1
9 33 96 1 0 0 96 1 17 24 66 1 0 0 102 1 24 48 53 1 0 0 0 0 61 2 75 1 0 15 67 1 10 0 91 1 29 15 83 1 0 34 64 1 22 0 59 1 0 29 75 1 0 17 87 1 53 20 51 1 14 20 108 1 0 0 104 1 12 35 45 1 0 0 79 1 19 4 45 1 28 0 89 1 28 0 58 1 24 37 58 1 22 33 54 1 0 5 119 1 24 0 92 1 3 31 35 1 28 0 63 1 13 2 70 1 0 8 131 1 0 0 0 0 16 1 76 1 0 14 54 1 0 3 94 1 14 13 62 1 9 58 71 1 0 0 68 1 33 50 91 1 23 0 54 1 0 0 0 0 0 0 0 0 0 70 91 1 1 18 93 1 11 34 93 1 55 24 64 1 15 7 75 1 30 0 42 1 28 48 86 1 40 26 104 1 0 11 94 1 0 0 0 0 37 44 100 1 40 44 77 1 47 49 83 1 47 9 89 1 0 0 0 0 0 0 0 0 32 45 46 1 0 0 0 0 54 0 95 1 49 53 78 1 0 25 44 1 37 5 67 1
6 0 111 1 0 5 67 1 0 16 55 1 12 22 53 1 0 0 0 0 11 5 110 1 17 5 109 1 0 27 88 1 0 0 0 0 46 28 107 1 14 18 82 1 0 6 83 1 24 8 75 1 11 25 54 1 25 9 59 1 0 8 93 1 0 15 83 1 48 16 56 1 0 0 68 1 15 20 88 1 1 23 98 1 14 19 79 1 0 0 0 0 0 26 92 1 3 13 75 1 2 18 93 1 11 4 42 1 0 34 66 1 0 0 80 1 9 8 61 1 0 14 81 1 1 64 74 1 0 37 72 1 25 53 59 1 3 21 39 1 0 23 83 1 34 0 114 1 46 11 106 1 27 62 62 1 19 29 84 1 0 8 115 1 29 12 109 1 10 47 104 1 0 0 0 0 14 8 69 1 0 13 107 1 34 44 102 1 25 70 89 1 46 9 76 1 29 0 90 1 64 2 85 1 65 6 99 1 13 24 109 1 34 24 86 1 37 0 77 1 5 25 71 1 36 54 77 1 73 50 91 1 61 76 74 1 26 12 69 1 39 26 103 1 33 40 91 1 38 32 98 1
3 0 106 1 63 10 66 1 6 6 92 1 0 37 79 1 0 0 0 0 14 16 98 1 0 0 0 0 0 20 39 1 0 27 101 1 8 46 46 1 0 0 64 1 13 26 66 1 0 30 112 1 12 0 87 1 0 18 120 1 21 24 96 1 7 16 56 1 0 8 104 1 43 19 47 1 8 46 43 1 0 0 0 0 1 0 70 1 74 0 73 1 0 0 102 1 14 44 105 1 5 47 91 1 25 6 47 1 0 0 0 0 4 37 50 1 0 7 95 1 0 16 68 1 0 23 46 1 0 47 85 1 44 51 58 1 34 55 95 1 12 17 53 1 60 37 120 1 6 43 108 1 0 31 57 1 42 17 60 1 0 36 81 1 19 31 80 1 29 0 66 1 0 0 95 1 77 0 95 1 42 64 74 1 26 29 89 1 0 0 0 0 6 12 79 1 15 34 110 1 9 23 96 1 0 0 0 0 36 51 72 1 0 0 0 0 21 11 37 1 38 38 71 1 11 32 75 1 60 37 86 1 46 38 100 1 5 43 104 1 0 18 95 1 42 63 64 1 0 10 65 1
6 38 124 1 36 0 41 1 36 0 75 1 12 10 113 1 4 40 95 1 24 35 105 1 27 0 113 1 0 7 92 1 22 32 66 1 0 0 0 0 17 2 43 1 8 1 71 1 0 0 101 1 0 0 0 0 10 3 94 1 5 0 54 1 21 40 81 1 25 26 115 1 0 0 0 0 0 24 53 1 0 0 0 0 42 19 75 1 47 58 77 1 0 3 78 1 0 33 111 1 1 3 83 1 34 0 16 1 6 34 76 1 1 13 60 1 35 2 95 1 0 54 44 1 6 5 75 1 0 38 118 1 2 9 71 1 34 7 73 1 25 18 80 1 0 7 79 1 14 54 33 1 22 39 100 1 3 0 142 1 39 37 61 1 24 32 73 1 19 59 63 1 0 0 0 0 11 49 75 1 9 7 96 1 51 14 74 1 0 0 56 1 0 29 78 1 33 26 103 1 8 40 67 1 1 20 26 1 18 25 105 1 19 19 73 1 0 0 87 1 0 33 82 1 61 73 70 1 51 37 84 1 54 32 114 1 22 19 60 1 46 22 57 1 9 28 79 1 45 27 87 1
41 0 58 1 0 0 0 0 25 2 83 1 10 34 67 1 19 37 118 1 36 14 70 1 0 11 66 1 0 0 57 1 0 0 78 1 0 69 83 1 1 4 85 1 0 0 59 1 3 0 84 1 57 27 77 1 0 1 77 1 27 60 68 1 0 23 55 1 37 0 45 1 0 8 71 1 25 33 99 1 0 2 96 1 0 0 87 1 24 0 57 1 0 0 91 1 0 0 0 0 0 36 94 1 0 0 0 0 21 3 69 1 10 31 86 1 17 45 74 1 0 38 72 1 2 28 60 1 34 0 52 1 22 38 71 1 0 29 44 1 28 49 47 1 0 19 63 1 0 1 69 1 48 16 89 1 0 25 75 1 22 0 59 1 0 0 0 0 8 24 91 1 36 55 133 1 6 24 91 1 14 25 51 1 0 0 0 0 2 9 64 1 39 0 81 1 27 27 87 1 0 0 0 0 21 14 40 1 25 54 68 1 6 0 85 1 17 34 90 1 34 10 64 1 0 0 0 0 5 43 99 1 25 68 102 1 43 46 48 1 22 25 71 1 0 0 0 0 30 19 68 1
0 28 65 1 0 33 70 1 0 0 0 0 14 30 99 1 44 6 73 1 0 17 88 1 24 0 60 1 0 15 80 1 0 0 0 0 0 0 0 0 25 19 95 1 22 7 70 1 0 30 90 1 25 23 103 1 0 34 82 1 15 2 66 1 0 67 62 1 23 30 79 1 42 4 68 1 0 30 55 1 0 0 57 1 15 21 63 1 0 16 82 1 59 0 62 1 0 0 0 0 25 0 64 1 14 33 98 1 14 17 55 1 24 30 67 1 0 27 107 1 14 12 88 1 0 41 52 1 27 8 60 1 56 0 43 1 0 10 59 1 10 8 69 1 0 0 0 0 0 19 70 1 19 21 84 1 24 33 62 1 0 0 0 0 33 21 83 1 16 29 66 1 17 0 71 1 0 50 56 1 41 23 80 1 9 0 46 1 0 13 108 1 20 39 78 1 59 13 95 1 0 0 0 0 0 30 72 1 0 0 0 0 38 8 106 1 15 39 74 1 0 21 60 1 27 56 57 1 40 44 78 1 4 59 64 1 28 29 73 1 48 40 77 1 21 25 92 1 39 27 103 1
0 0 0 0 8 34 69 1 5 0 40 1 0 65 61 1 9 5 52 1 28 16 106 1 55 9 42 1 30 31 56 1 42 7 83 1 19 13 64 1 0 15 58 1 0 0 52 1 39 43 72 1 32 11 110 1 12 51 74 1 7 9 55 1 17 34 56 1 35 11 117 1 0 0 58 1 0 1 48 1 0 30 66 1 13 48 71 1 0 28 73 1 5 28 77 1 29 31 117 1 20 28 64 1 5 26 68 1 0 0 55 1 23 12 74 1 32 61 63 1 10 51 61 1 19 24 47 1 0 46 58 1 0 0 57 1 21 0 63 1 18 13 85 1 27 57 90 1 0 0 0 0 10 1 56 1 0 11 83 1 29 0 90 1 2 10 112 1 32 35 78 1 0 2 34 1 22 34 99 1 3 29 104 1 11 21 98 1 19 35 76 1 26 42 22 1 0 0 0 0 5 0 80 1 69 58 79 1 9 53 72 1 73 17 78 1 24 6 65 1 48 49 97 1 62 37 97 1 69 0 67 1 81 55 112 1 0 0 0 0 9 65 94 1 7 49 85 1 0 0 75 1
25 35 79 1 0 0 48 1 0 4 116 1 15 6 103 1 22 21 68 1 5 44 86 1 52 16 55 1 11 47 59 1 0 48 70 1 60 35 86 1 13 36 61 1 9 0 42 1 7 35 73 1 5 0 78 1 0 34 72 1 11 16 56 1 8 58 55 1 24 5 63 1 0 42 106 1 18 53 99 1 31 25 124 1 6 0 66 1 0 6 62 1 41 3 57 1 9 41 75 1 0 33 91 1 0 12 66 1 24 15 81 1 4 0 65 1 0 0 97 1 30 0 67 1 20 0 88 1 11 0 44 1 0 0 104 1 32 0 58 1 0 0 70 1 0 8 69 1 23 14 64 1 0 25 76 1 39 17 87 1 0 35 104 1 35 0 55 1 6 24 72 1 3 20 66 1 0 0 0 0 0 0 0 0 74 46 38 1 12 30 88 1 0 46 90 1 6 26 132 1 4 39 77 1 27 0 74 1 0 22 57 1 14 47 83 1 20 10 75 1 19 3 107 1 6 27 71 1 17 28 85 1 22 14 91 1 13 5 94 1 47 58 98 1 18 36 63 1 24 13 93 1
55 0 39 1 2 51 60 1 0 37 98 1 16 0 106 1 0 0 0 0 13 0 96 1 0 0 0 0 13 17 97 1 0 29 122 1 4 33 86 1 24 0 104 1 29 0 53 1 4 39 68 1 13 22 49 1 0 9 71 1 34 15 94 1 0 9 84 1 0 51 72 1 38 0 52 1 6 14 63 1 5 17 86 1 0 0 94 1 0 46 72 1 7 11 56 1 0 0 0 0 3 0 89 1 0 0 0 0 0 16 72 1 0 22 83 1 11 14 63 1 12 17 56 1 19 1 45 1 17 33 64 1 0 31 89 1 4 21 71 1 0 8 71 1 26 0 48 1 76 0 47 1 0 0 66 1 37 46 74 1 39 38 96 1 8 56 84 1 0 26 33 1 31 0 111 1 56 36 73 1 27 16 71 1 21 47 69 1 3 6 81 1 4 17 50 1 34 30 61 1 33 1 60 1 33 38 106 1 34 2 54 1 0 8 78 1 28 12 64 1 8 19 89 1 9 39 69 1 30 0 63 1 24 13 91 1 64 29 101 1 0 0 0 0 14 69 106 1 43 34 105 1
0 0 0 0 8 29 51 1 5 13 57 1 0 0 0 0 13 13 117 1 3 37 78 1 19 44 69 1 27 25 93 1 0 43 96 1 11 22 67 1 19 19 53 1 6 33 75 1 1 22 87 1 28 0 49 1 34 40 104 1 7 50 48 1 0 0 0 0 9 28 74 1 9 1 73 1 0 0 96 1 0 11 53 1 0 0 50 1 8 32 80 1 24 0 95 1 0 0 0 0 0 0 0 0 29 40 126 1 0 0 0 0 15 15 68 1 7 3 74 1 0 50 81 1 46 14 79 1 11 13 42 1 0 0 0 0 15 5 84 1 0 31 51 1 6 44 53 1 0 23 147 1 15 19 84 1 26 48 76 1 4 41 84 1 8 34 28 1 27 42 69 1 35 35 74 1 34 29 72 1 10 0 87 1 3 22 56 1 36 0 51 1 28 29 74 1 0 65 86 1 0 0 0 0 17 32 91 1 9 0 82 1 0 0 0 0 25 34 106 1 46 18 93 1 24 0 123 1 0 0 0 0 3 55 97 1 27 49 84 1 0 0 0 0 59 27 72 1 17 50 50 1
0 21 54 1 0 22 90 1 17 25 37 1 0 0 0 0 35 1 33 1 39 16 47 1 15 30 111 1 17 21 101 1 41 36 68 1 57 21 57 1 40 43 51 1 16 0 96 1 0 0 0 0 0 0 57 1 4 0 81 1 35 0 72 1 0 24 100 1 38 17 39 1 5 6 45 1 14 33 86 1 10 40 66 1 32 14 58 1 32 10 75 1 0 0 84 1 5 12 102 1 0 3 21 1 0 10 105 1 5 36 73 1 0 0 0 0 25 10 64 1 24 0 96 1 0 45 48 1 13 3 63 1 33 30 43 1 1 27 78 1 21 33 100 1 0 55 96 1 32 39 74 1 0 22 67 1 21 8 54 1 20 0 54 1 0 0 0 0 0 0 0 0 0 5 69 1 0 0 36 1 0 9 89 1 3 3 61 1 2 6 112 1 28 22 70 1 0 0 74 1 23 3 37 1 34 40 71 1 7 20 83 1 11 56 63 1 15 40 57 1 22 28 56 1 0 0 110 1 0 0 0 0 52 28 117 1 45 26 75 1 16 19 109 1 31 30 94 1 14 19 104 1
0 0 61 1 47 1 101 1 2 9 58 1 2 16 53 1 2 16 108 1 3 9 124 1 7 27 86 1 39 15 90 1 0 60 47 1 2 20 53 1 0 0 0 0 39 18 81 1 4 32 77 1 0 0 0 0 31 0 36 1 0 30 58 1 25 32 77 1 0 0 0 0 4 17 78 1 38 54 60 1 9 19 85 1 0 3 48 1 0 0 64 1 21 0 58 1 35 0 42 1 2 20 83 1 26 2 70 1 0 8 87 1 55 22 69 1 41 36 63 1 0 5 80 1 0 0 0 0 12 0 54 1 24 0 69 1 25 10 35 1 12 25 69 1 0 0 0 0 0 11 93 1 0 9 63 1 0 6 58 1 0 13 4 1 0 21 87 1 21 4 115 1 0 12 57 1 18 5 66 1 16 0 75 1 27 11 74 1 8 32 54 1 12 0 69 1 0 0 70 1 9 13 37 1 39 7 91 1 19 61 84 1 15 52 58 1 15 0 73 1 37 28 84 1 15 40 76 1 45 24 59 1 36 46 90 1 17 26 39 1 4 31 81 1 25 33 74 1 56 21 84 1
0 18 96 1 0 0 61 1 13 34 74 1 0 27 44 1 57 0 63 1 13 6 94 1 0 32 62 1 0 0 88 1 35 21 60 1 0 18 115 1 15 6 88 1 6 2 74 1 4 0 70 1 0 42 77 1 0 0 0 0 0 8 93 1 0 0 47 1 10 28 95 1 23 87 86 1 0 0 0 0 0 12 105 1 11 0 71 1 0 30 52 1 2 36 46 1 25 16 79 1 43 53 85 1 15 0 85 1 0 0 0 0 0 0 39 1 25 13 79 1 8 9 64 1 0 0 58 1 0 17 43 1 0 15 85 1 7 8 77 1 0 52 61 1 12 0 98 1 0 45 100 1 4 16 68 1 14 0 77 1 15 14 108 1 28 29 69 1 0 11 105 1 7 6 62 1 52 0 64 1 28 47 106 1 14 0 69 1 41 44 42 1 0 21 70 1 5 7 74 1 15 29 36 1 20 0 67 1 7 13 115 1 0 0 0 0 13 21 62 1 0 39 37 1 0 0 0 0 18 24 80 1 0 0 0 0 2 45 86 1 28 12 89 1 65 14 88 1 40 66 94 1
0 22 52 1 0 0 0 0 5 25 111 1 0 0 0 0 0 3 71 1 46 33 107 1 5 26 116 1 15 0 63 1 0 0 69 1 3 26 71 1 0 0 0 0 30 13 69 1 29 0 75 1 4 41 62 1 0 0 0 0 24 16 63 1 24 25 51 1 37 25 92 1 5 12 32 1 30 21 86 1 3 35 100 1 0 26 66 1 16 0 62 1 0 36 43 1 0 0 0 0 44 10 67 1 2 50 100 1 12 0 59 1 19 0 67 1 0 0 0 0 0 0 117 1 29 30 37 1 10 7 68 1 0 38 87 1 7 17 53 1 0 0 0 0 0 11 80 1 33 20 47 1 47 36 52 1 23 35 90 1 29 7 50 1 9 10 46 1 0 39 80 1 49 26 55 1 34 39 85 1 25 26 78 1 0 0 0 0 38 28 59 1 0 0 47 1 0 20 85 1 17 2 76 1 16 29 86 1 45 13 71 1 24 18 74 1 0 22 94 1 0 0 99 1 10 12 103 1 19 31 103 1 21 36 69 1 0 38 79 1 54 5 73 1 0 1 62 1 26 38 51 1
21 14 85 1 0 13 80 1 0 13 57 1 34 42 118 1 43 2 54 1 3 5 89 1 0 0 0 0 0 30 54 1 8 16 75 1 13 29 81 1 0 0 100 1 0 0 0 0 0 0 0 0 0 10 62 1 0 0 0 0 0 10 85 1 4 47 96 1 30 33 87 1 16 54 72 1 0 0 0 0 27 38 30 1 8 28 56 1 14 12 55 1 0 30 32 1 0 41 61 1 31 25 89 1 0 0 0 0 39 31 108 1 7 20 95 1 4 14 61 1 0 0 0 0 0 25 67 1 18 8 32 1 0 0 70 1 34 24 68 1 0 0 0 0 0 3 87 1 39 30 61 1 16 0 44 1 0 0 0 0 36 1 88 1 0 0 0 0 2 1 54 1 0 0 0 0 33 25 66 1 14 0 61 1 2 0 59 1 33 0 97 1 14 47 107 1 26 27 41 1 9 18 49 1 0 17 67 1 47 4 69 1 28 37 76 1 0 0 0 0 41 3 101 1 0 0 0 0 22 3 92 1 0 39 73 1 45 0 71 1 25 60 69 1 0 0 0 0 36 0 84 1
0 47 105 1 0 0 0 0 0 0 0 0 17 0 70 1 8 13 83 1 0 0 78 1 40 31 83 1 1 21 97 1 41 29 55 1 0 56 111 1 0 0 0 0 0 0 0 0 18 34 46 1 6 0 107 1 9 51 74 1 4 0 72 1 15 28 44 1 58 11 107 1 0 0 54 1 1 27 94 1 36 27 64 1 15 70 88 1 36 17 97 1 9 23 65 1 0 41 92 1 0 0 90 1 18 42 65 1 37 0 67 1 43 29 57 1 10 28 67 1 5 34 51 1 10 19 100 1 0 1 75 1 0 0 0 0 0 35 51 1 45 23 59 1 0 0 0 0 0 26 106 1 0 51 38 1 14 20 60 1 2 0 85 1 35 18 58 1 0 30 74 1 18 31 86 1 0 9 36 1 0 35 87 1 0 0 0 0 45 0 78 1 0 4 54 1 34 25 99 1 18 3 114 1 15 42 60 1 0 0 0 0 34 0 65 1 0 33 72 1 22 24 87 1 29 9 79 1 64 55 67 1 0 0 0 0 0 0 0 0 23 32 57 1 32 43 113 1 33 54 69 1
0 29 92 1 7 21 100 1 0 0 0 0 0 21 86 1 38 8 120 1 0 0 0 0 37 29 81 1 12 22 106 1 60 2 93 1 36 8 38 1 17 16 80 1 31 0 47 1 44 19 97 1 31 2 93 1 37 28 77 1 41 0 69 1 21 19 78 1 0 0 0 0 0 0 0 0 5 20 48 1 6 44 87 1 28 24 62 1 6 12 42 1 12 12 74 1 8 1 117 1 0 42 54 1 0 32 84 1 0 0 49 1 0 0 81 1 3 35 91 1 0 0 52 1 31 4 51 1 0 0 39 1 15 0 57 1 45 22 45 1 27 20 64 1 16 13 77 1 0 28 46 1 3 14 63 1 10 34 97 1 10 12 78 1 38 7 21 1 19 0 104 1 3 14 79 1 0 0 0 0 18 19 50 1 22 0 91 1 0 0 0 0 6 46 94 1 15 6 51 1 14 23 88 1 14 2 73 1 22 12 52 1 35 11 72 1 59 39 78 1 0 0 0 0 5 27 95 1 60 33 79 1 0 0 0 0 0 22 108 1 18 24 97 1 16 19 95 1 50 0 75 1
1 29 110 1 0 52 98 1 9 25 76 1 10 16 73 1 7 54 58 1 12 0 63 1 0 0 103 1 0 37 93 1 2 50 94 1 17 13 51 1 8 16 50 1 0 5 89 1 23 0 53 1 15 6 53 1 0 13 41 1 5 25 93 1 5 31 86 1 21 4 76 1 40 31 99 1 2 0 90 1 0 33 75 1 0 0 0 0 11 28 56 1 11 20 86 1 0 0 46 1 29 0 50 1 0 1 84 1 9 0 89 1 1 9 30 1 0 36 108 1 0 34 74 1 0 6 40 1 3 0 48 1 0 0 105 1 20 7 59 1 0 0 69 1 1 3 78 1 0 0 0 0 8 0 60 1 28 43 100 1 0 0 72 1 7 30 75 1 0 30 83 1 20 0 62 1 6 17 70 1 0 15 91 1 47 51 72 1 0 57 130 1 16 0 59 1 0 36 107 1 18 8 62 1 23 20 75 1 2 38 71 1 22 0 30 1 12 39 76 1 0 7 72 1 43 34 58 1 16 16 96 1 57 8 102 1 15 36 73 1 61 47 83 1 20 16 72 1 0 23 100 1
45 3 65 1 39 4 67 1 15 26 86 1 0 11 75 1 0 0 71 1 4 39 64 1 4 49 92 1 0 0 59 1 40 0 73 1 0 0 80 1 0 32 101 1 0 33 93 1 1 6 60 1 13 18 68 1 6 0 83 1 25 23 98 1 0 0 52 1 0 3 86 1 0 6 72 1 28 0 95 1 7 4 71 1 30 22 16 1 22 16 66 1 0 0 0 0 40 10 62 1 5 0 53 1 0 0 50 1 1 9 44 1 0 8 48 1 14 23 30 1 12 10 72 1 16 25 95 1 0 22 71 1 0 0 0 0 0 21 29 1 0 46 69 1 3 14 79 1 0 0 61 1 6 0 77 1 0 5 64 1 13 0 87 1 19 14 69 1 0 0 97 1 23 32 67 1 33 4 88 1 7 21 79 1 0 0 0 0 4 13 62 1 9 29 114 1 0 2 57 1 18 22 52 1 0 0 0 0 0 0 41 1 0 0 0 0 0 45 66 1 0 12 78 1 28 22 58 1 0 0 0 0 0 0 0 0 10 10 45 1 5 12 63 1 4 56 62 1 0 20 52 1
46 35 70 1 43 44 145 1 43 52 71 1 1 0 73 1 0 0 89 1 0 48 51 1 0 33 54 1 23 17 31 1 44 0 63 1 19 0 84 1 0 7 52 1 5 6 73 1 0 34 77 1 13 27 57 1 27 25 69 1 23 39 60 1 0 20 125 1 32 24 45 1 19 0 70 1 26 0 85 1 53 15 76 1 0 0 87 1 0 0 70 1 0 0 0 0 0 16 73 1 22 0 87 1 19 0 45 1 0 15 31 1 0 0 0 0 7 16 91 1 0 21 70 1 32 28 61 1 0 0 92 1 17 26 65 1 39 18 50 1 0 0 0 0 18 22 34 1 27 32 86 1 7 5 75 1 12 18 61 1 40 34 108 1 0 11 87 1 0 0 65 1 13 5 62 1 24 25 73 1 7 36 73 1 0 0 0 0 8 13 56 1 15 0 85 1 0 12 87 1 19 33 86 1 0 21 39 1 20 0 21 1 13 30 63 1 0 6 75 1 3 12 77 1 34 35 96 1 0 46 74 1 13 38 100 1 30 13 73 1 8 39 85 1 38 10 91 1 26 0 92 1
10 22 101 1 46 66 133 1 16 53 121 1 28 37 96 1 50 0 85 1 0 13 85 1 47 0 62 1 11 0 67 1 0 0 70 1 0 7 53 1 16 20 85 1 3 7 41 1 16 6 112 1 28 0 59 1 0 0 42 1 8 8 71 1 22 39 97 1 17 46 62 1 0 3 102 1 0 0 46 1 11 15 59 1 0 0 68 1 1 51 71 1 15 0 34 1 0 17 53 1 6 42 26 1 6 34 118 1 0 0 91 1 0 43 66 1 0 4 72 1 19 40 69 1 0 39 68 1 25 14 59 1 0 49 34 1 0 0 57 1 31 37 44 1 5 26 86 1 7 50 72 1 0 22 72 1 41 1 90 1 36 23 75 1 8 38 50 1 0 0 0 0 34 32 85 1 5 0 81 1 40 0 51 1 0 15 57 1 0 55 49 1 0 8 30 1 0 41 55 1 0 34 66 1 18 33 44 1 29 41 47 1 22 6 48 1 23 13 77 1 29 10 80 1 10 10 66 1 28 18 66 1 20 62 87 1 0 0 0 0 15 0 82 1 58 0 52 1 24 62 64 1
8 19 92 1 4 25 67 1 47 53 94 1 48 0 66 1 18 38 66 1 0 0 0 0 0 18 125 1 0 9 129 1 16 0 94 1 6 17 81 1 0 0 66 1 0 0 0 0 0 0 0 0 0 0 37 1 0 23 46 1 0 14 93 1 0 32 61 1 30 64 79 1 20 18 70 1 13 14 67 1 0 14 84 1 0 0 0 0 24 44 85 1 0 0 0 0 0 23 20 1 13 25 81 1 2 3 70 1 0 0 44 1 14 4 102 1 22 0 115 1 0 3 67 1 0 0 37 1 0 0 63 1 7 0 91 1 9 58 80 1 22 33 64 1 25 0 55 1 40 27 38 1 18 15 71 1 0 43 63 1 61 0 62 1 0 0 76 1 6 20 68 1 10 14 110 1 0 0 0 0 54 17 57 1 25 50 77 1 0 30 67 1 16 31 52 1 0 41 62 1 0 16 61 1 0 26 95 1 3 8 111 1 0 10 74 1 15 35 69 1 0 0 0 0 0 0 81 1 1 21 112 1 17 21 87 1 57 18 84 1 28 8 84 1 0 7 57 1 42 41 78 1
29 9 47 1 0 3 58 1 0 30 80 1 0 10 93 1 14 25 54 1 3 0 61 1 27 0 101 1 0 23 43 1 0 68 76 1 0 30 95 1 0 0 0 0 0 65 72 1 0 70 55 1 33 81 88 1 75 159 127 1 87 130 115 1 44 136 120 1 64 155 138 1 47 145 78 1 48 113 104 1 68 102 130 1 30 141 107 1 64 112 89 1 41 117 104 1 30 83 116 1 0 41 65 1 0 45 69 1 0 0 0 0 11 90 46 1 0 29 66 1 0 62 84 1 0 37 71 1 0 14 94 1 23 28 79 1 5 0 111 1 0 32 67 1 12 11 62 1 35 23 64 1 2 0 41 1 22 0 52 1 0 47 78 1 28 47 61 1 0 0 0 0 12 47 82 1 14 0 65 1 33 55 43 1 9 0 92 1 27 25 28 1 48 0 60 1 11 17 78 1 0 6 46 1 0 16 95 1 0 8 78 1 0 0 81 1 0 10 82 1 3 15 75 1 0 52 49 1 5 50 73 1 39 25 89 1 0 37 85 1 9 0 97 1 15 0 65 1 8 0 79 1
26 7 44 1 6 0 107 1 0 26 78 1 9 18 65 1 2 11 79 1 29 12 70 1 10 45 71 1 23 76 97 1 55 93 106 1 0 0 0 0 62 145 163 1 20 171 99 1 20 129 125 1 35 201 114 1 0 0 0 0 68 162 85 1 33 151 110 1 11 135 122 1 38 160 140 1 0 0 0 0 37 138 80 1 16 124 149 1 44 150 108 1 36 115 98 1 49 124 114 1 64 157 95 1 77 116 128 1 44 112 94 1 14 109 90 1 19 80 78 1 0 0 110 1 0 23 59 1 10 27 84 1 29 45 63 1 23 15 56 1 18 0 89 1 45 20 53 1 32 15 85 1 1 10 74 1 0 0 96 1 10 0 81 1 26 0 67 1 0 27 99 1 26 0 107 1 2 38 73 1 17 0 99 1 23 4 64 1 25 47 97 1 0 13 65 1 0 31 92 1 66 42 80 1 25 0 74 1 0 40 102 1 2 4 89 1 11 30 64 1 22 0 63 1 22 34 26 1 10 19 61 1 0 0 0 0 26 29 67 1 5 25 70 1 2 37 61 1 38 11 34 1
11 66 79 1 33 14 54 1 0 30 37 1 0 40 87 1 0 62 108 1 18 104 85 1 80 180 143 1 0 0 0 0 98 203 122 1 124 180 158 1 29 201 126 1 96 156 130 1 44 181 151 1 54 154 139 1 64 184 140 1 68 154 114 1 61 181 91 1 58 193 130 1 56 150 98 1 69 127 159 1 74 167 134 1 61 173 103 1 82 90 106 1 59 158 125 1 97 134 108 1 21 139 78 1 23 137 89 1 0 153 87 1 16 142 74 1 10 83 76 1 35 25 68 1 0 12 92 1 0 36 73 1 19 28 101 1 18 27 40 1 0 0 0 0 0 31 67 1 9 14 61 1 37 24 26 1 9 54 60 1 0 0 0 0 0 0 80 1 18 28 94 1 17 0 42 1 0 0 78 1 32 0 72 1 8 9 65 1 0 22 37 1 13 46 81 1 10 0 26 1 7 16 93 1 0 0 0 0 0 22 93 1 0 35 55 1 26 18 69 1 24 10 42 1 21 14 65 1 0 0 0 0 0 0 55 1 29 24 55 1 0 0 0 0 15 20 68 1 0 40 66 1
12 10 80 1 0 0 0 0 0 94 168 1 21 148 125 1 0 0 0 0 45 158 159 1 121 167 148 1 104 175 154 1 115 187 164 1 148 205 164 1 106 192 149 1 128 174 106 1 72 179 128 1 90 161 151 1 39 139 124 1 41 128 141 1 67 134 124 1 0 0 0 0 43 147 144 1 90 101 129 1 0 0 0 0 0 0 0 0 94 152 93 1 71 166 103 1 34 148 122 1 0 0 0 0 66 124 114 1 78 125 129 1 70 86 86 1 21 37 104 1 0 21 54 1 1 32 90 1 12 2 91 1 0 0 0 0 0 0 0 0 37 35 28 1 4 27 93 1 32 53 68 1 38 16 68 1 32 14 113 1 10 0 92 1 0 0 0 0 0 21 103 1 20 0 110 1 48 45 72 1 0 0 0 0 19 0 72 1 0 54 71 1 0 0 0 0 0 54 27 1 10 0 57 1 27 38 57 1 6 7 76 1 0 44 100 1 40 35 83 1 0 0 84 1 18 4 60 1 23 26 88 1 29 24 70 1 0 0 0 0 0 8 65 1 0 0 98 1 0 0 63 1
57 135 132 1 86 150 188 1 109 197 179 1 114 214 228 1 0 0 0 0 0 0 0 0 140 163 157 1 178 167 181 1 104 209 148 1 110 165 136 1 130 177 159 1 78 137 128 1 93 125 105 1 90 171 127 1 60 125 127 1 0 0 0 0 61 172 114 1 60 98 134 1 94 173 110 1 41 134 132 1 47 168 123 1 71 125 101 1 36 130 156 1 37 136 98 1 46 113 101 1 40 160 146 1 72 144 114 1 82 160 131 1 28 79 75 1 0 46 80 1 62 38 73 1 8 5 86 1 45 15 78 1 6 18 84 1 19 40 83 1 0 0 0 0 0 21 65 1 41 19 88 1 39 0 83 1 0 43 51 1 0 0 0 0 65 36 66 1 38 29 64 1 28 13 78 1 16 22 59 1 0 0 79 1 18 10 48 1 5 39 106 1 0 0 0 0 16 0 81 1 30 24 85 1 10 31 64 1 6 5 105 1 4 37 88 1 20 0 91 1 62 54 105 1 0 0 0 0 62 34 108 1 29 10 106 1 0 20 82 1 30 38 85 1 0 0 0 0 0 0 77 1
53 143 152 1 84 208 144 1 106 255 157 1 73 202 107 1 0 0 0 0 89 121 107 1 90 172 113 1 117 188 135 1 93 132 108 1 63 171 124 1 70 102 97 1 0 0 0 0 0 0 0 0 95 142 85 1 92 123 133 1 65 164 151 1 88 110 105 1 22 124 118 1 86 111 155 1 84 200 144 1 71 167 159 1 70 196 93 1 128 158 100 1 93 149 108 1 74 172 121 1 77 133 143 1 74 81 53 1 2 42 134 1 12 29 37 1 0 32 70 1 0 0 91 1 0 0 0 0 57 13 98 1 6 0 16 1 0 34 68 1 37 24 121 1 15 70 61 1 15 0 64 1 62 0 75 1 0 4 54 1 0 0 0 0 0 32 49 1 9 30 73 1 40 16 63 1 4 30 43 1 11 34 60 1 9 0 87 1 16 53 126 1 0 9 61 1 17 12 109 1 0 34 59 1 7 13 70 1 0 0 0 0 0 0 0 0 0 15 94 1 26 66 16 1 39 33 82 1 44 50 49 1 0 39 68 1 2 33 52 1 40 27 37 1 53 23 70 1 10 6 62 1
37 137 125 1 41 144 93 1 72 129 84 1 66 127 84 1 84 132 115 1 61 135 119 1 81 153 122 1 0 0 0 0 73 163 107 1 83 115 113 1 25 137 110 1 77 133 106 1 76 97 88 1 9 135 138 1 130 144 84 1 0 0 0 0 129 161 146 1 109 154 119 1 71 203 144 1 90 175 111 1 57 149 122 1 89 175 146 1 42 112 121 1 97 172 153 1 0 0 0 0 19 81 106 1 0 0 0 0 35 30 77 1 0 0 0 0 9 26 52 1 0 7 65 1 24 29 84 1 13 0 82 1 0 18 108 1 37 12 44 1 0 0 0 0 22 1 111 1 0 0 66 1 0 24 62 1 0 0 0 0 0 22 87 1 25 1 64 1 28 13 84 1 21 0 49 1 24 0 75 1 0 0 67 1 0 3 45 1 7 16 89 1 4 18 58 1 24 45 91 1 68 14 103 1 8 38 57 1 23 17 83 1 0 0 76 1 17 17 33 1 18 32 65 1 0 0 0 0 0 6 79 1 17 38 82 1 0 0 119 1 0 13 85 1 0 0 72 1 0 0 0 0
73 153 106 1 101 159 64 1 77 95 110 1 73 106 68 1 54 128 106 1 109 111 61 1 78 158 106 1 73 131 98 1 39 131 81 1 52 123 90 1 65 144 84 1 96 151 150 1 0 0 0 0 47 141 146 1 146 165 123 1 61 175 99 1 108 140 169 1 97 153 131 1 96 156 161 1 101 144 122 1 28 167 104 1 46 173 59 1 39 92 106 1 15 71 73 1 5 27 94 1 19 26 54 1 0 20 88 1 19 26 97 1 43 34 118 1 0 2 120 1 28 49 82 1 2 13 79 1 39 28 95 1 0 0 0 0 15 0 84 1 7 26 66 1 0 5 111 1 4 0 73 1 0 0 0 0 0 0 0 0 0 24 61 1 40 24 71 1 2 10 89 1 19 29 98 1 8 0 42 1 0 0 99 1 29 0 86 1 12 34 58 1 0 0 0 0 0 0 58 1 11 4 89 1 0 0 0 0 14 34 90 1 12 0 74 1 0 0 0 0 25 0 58 1 0 0 0 0 10 0 93 1 6 8 52 1 1 21 89 1 0 0 79 1 23 28 45 1 37 10 65 1
66 133 101 1 70 111 124 1 50 126 115 1 48 123 130 1 26 84 110 1 92 147 105 1 0 0 0 0 84 147 83 1 108 125 112 1 56 141 107 1 65 181 96 1 82 155 115 1 74 153 130 1 92 164 111 1 83 136 170 1 103 166 140 1 88 156 105 1 92 135 149 1 53 159 145 1 0 101 105 1 11 52 98 1 22 67 87 1 0 0 0 0 5 22 55 1 7 18 87 1 31 17 80 1 0 45 49 1 0 23 86 1 26 22 49 1 4 18 31 1 14 5 85 1 8 25 85 1 15 39 46 1 1 20 77 1 0 19 49 1 42 5 49 1 17 30 85 1 17 38 57 1 11 29 53 1 24 0 61 1 3 31 64 1 0 0 0 0 0 12 76 1 0 26 98 1 17 17 85 1 22 0 91 1 14 27 88 1 18 27 70 1 0 0 103 1 0 0 0 0 14 37 93 1 36 4 77 1 39 16 47 1 16 50 76 1 50 37 56 1 0 23 94 1 0 0 0 0 27 0 82 1 18 16 76 1 31 55 77 1 28 0 83 1 0 0 0 0 0 6 101 1
30 90 102 1 0 0 0 0 0 0 0 0 0 0 0 0 11 151 136 1 66 146 114 1 22 157 116 1 34 162 158 1 58 117 107 1 44 143 93 1 42 158 129 1 70 169 138 1 81 177 175 1 57 160 118 1 27 97 116 1 0 118 100 1 0 74 88 1 1 88 93 1 0 81 91 1 0 49 120 1 0 42 47 1 0 20 100 1 0 12 81 1 54 20 105 1 46 18 90 1 0 51 86 1 23 11 71 1 23 22 57 1 0 55 60 1 24 0 62 1 0 0 0 0 13 0 60 1 20 14 57 1 3 11 59 1 25 25 55 1 0 39 34 1 12 23 87 1 39 0 65 1 0 36 59 1 0 23 37 1 3 21 65 1 3 40 63 1 53 6 83 1 0 0 0 0 0 54 64 1 12 5 92 1 1 19 65 1 12 2 84 1 0 5 55 1 0 44 61 1 7 49 52 1 52 17 68 1 7 4 78 1 5 6 59 1 10 28 83 1 0 0 0 0 24 63 65 1 10 0 68 1 0 6 48 1 0 30 78 1 0 36 85 1 0 1 29 1 0 15 94 1
10 54 83 1 0 33 97 1 0 83 93 1 0 0 0 0 18 88 89 1 11 77 78 1 58 110 144 1 43 126 109 1 0 0 0 0 50 131 114 1 4 68 86 1 39 114 92 1 28 104 124 1 0 111 70 1 21 47 119 1 0 48 81 1 9 55 110 1 80 100 105 1 132 107 152 1 66 114 138 1 14 0 85 1 22 54 87 1 50 57 117 1 31 45 114 1 20 52 75 1 40 13 50 1 0 82 82 1 0 12 110 1 39 0 104 1 46 54 81 1 29 14 76 1 18 26 112 1 0 0 60 1 0 8 87 1 12 65 61 1 0 0 54 1 26 12 47 1 34 57 107 1 44 37 67 1 50 0 92 1 11 33 44 1 0 12 37 1 0 0 71 1 5 14 84 1 0 0 0 0 8 37 50 1 21 1 83 1 9 0 60 1 47 14 77 1 39 33 84 1 0 19 39 1 4 30 69 1 0 36 29 1 0 0 0 0 0 13 35 1 31 15 85 1 31 48 71 1 3 46 80 1 9 8 104 1 0 9 43 1 0 10 100 1 0 30 76 1 22 47 50 1
12 59 79 1 18 22 95 1 0 36 75 1 6 24 65 1 18 59 42 1 0 37 73 1 0 19 53 1 0 70 33 1 2 51 46 1 0 41 76 1 0 56 72 1 32 46 57 1 22 56 100 1 0 64 85 1 0 51 146 1 6 12 130 1 26 66 70 1 102 102 170 1 104 147 205 1 80 79 107 1 44 36 113 1 17 46 63 1 71 11 85 1 0 29 27 1 9 37 36 1 35 29 37 1 0 28 98 1 0 21 30 1 0 0 0 0 16 48 72 1 15 0 103 1 0 11 74 1 26 14 100 1 12 0 58 1 20 57 65 1 41 17 82 1 22 8 84 1 0 0 0 0 26 22 73 1 15 28 67 1 0 32 23 1 2 0 83 1 0 0 0 0 6 2 91 1 16 61 51 1 33 7 63 1 12 0 52 1 26 0 42 1 8 24 99 1 0 11 68 1 37 16 47 1 27 36 69 1 6 19 65 1 28 0 67 1 0 0 0 0 17 63 68 1 8 0 61 1 0 0 0 0 0 9 104 1 0 9 53 1 0 73 34 1 0 0 0 0 0 1 54 1
10 3 58 1 0 14 90 1 0 25 76 1 0 0 101 1 14 26 73 1 0 2 87 1 0 45 84 1 6 48 99 1 5 8 95 1 8 5 43 1 0 28 91 1 0 88 81 1 30 29 86 1 6 44 81 1 19 35 101 1 24 11 78 1 14 59 130 1 48 117 108 1 62 93 95 1 27 47 134 1 0 30 69 1 37 0 50 1 40 12 83 1 33 36 56 1 0 0 67 1 24 7 77 1 12 3 104 1 8 22 92 1 39 27 122 1 22 31 102 1 22 11 58 1 0 21 70 1 22 19 58 1 13 6 63 1 46 39 87 1 28 0 36 1 29 39 70 1 0 9 24 1 9 0 96 1 34 4 43 1 15 0 23 1 14 0 48 1 18 2 76 1 0 11 82 1 0 0 52 1 21 26 38 1 30 10 88 1 56 0 67 1 0 27 51 1 16 0 53 1 20 5 68 1 0 0 0 0 0 0 71 1 0 0 0 0 0 53 75 1 0 0 0 0 41 34 76 1 16 23 62 1 0 65 47 1 0 13 51 1 0 36 74 1 0 15 76 1 16 0 66 1
11 17 69 1 11 28 73 1 19 22 81 1 0 27 135 1 35 29 109 1 22 17 100 1 13 7 86 1 0 23 89 1 0 12 79 1 45 34 95 1 23 44 94 1 0 0 0 0 18 0 99 1 10 24 145 1 0 42 89 1 0 0 0 0 0 33 108 1 0 3 55 1 15 40 83 1 0 29 77 1 0 0 0 0 27 3 57 1 0 0 82 1 8 43 66 1 4 0 74 1 22 65 110 1 53 33 107 1 21 0 77 1 0 6 118 1 0 0 0 0 38 13 60 1 50 25 98 1 11 6 68 1 0 27 68 1 22 20 64 1 0 45 83 1 28 0 108 1 0 0 0 0 41 4 48 1 0 0 43 1 27 35 80 1 13 6 58 1 24 21 94 1 0 0 64 1 24 7 78 1 13 7 57 1 2 8 73 1 11 6 25 1 0 0 83 1 5 22 60 1 20 15 48 1 0 0 0 0 27 14 67 1 27 4 91 1 8 41 58 1 9 0 95 1 15 55 61 1 7 28 102 1 26 0 87 1 0 2 81 1 0 0 99 1 0 14 68 1 0 0 0 0
0 10 93 1 5 11 62 1 7 5 88 1 0 0 0 0 3 42 65 1 0 0 71 1 18 20 76 1 31 2 45 1 43 0 100 1 0 0 0 0 7 48 72 1 21 0 66 1 10 28 31 1 25 38 102 1 32 28 55 1 0 31 53 1 0 38 72 1 15 0 48 1 23 6 72 1 0 0 70 1 27 5 107 1 54 1 59 1 0 58 56 1 9 57 95 1 3 7 66 1 42 66 110 1 56 59 107 1 35 0 104 1 32 31 61 1 24 32 56 1 33 0 88 1 24 0 60 1 0 23 82 1 6 6 67 1 24 6 85 1 2 15 43 1 29 29 54 1 0 13 70 1 5 26 65 1 4 47 53 1 0 0 124 1 0 0 53 1 3 36 93 1 29 28 75 1 0 0 0 0 35 0 50 1 0 0 0 0 16 65 94 1 24 19 64 1 17 2 82 1 0 0 0 0 0 22 62 1 0 0 0 0 17 36 66 1 29 27 97 1 0 0 0 0 61 47 96 1 2 17 87 1 41 12 82 1 13 0 92 1 0 8 63 1 10 10 78 1 0 24 70 1
0 23 69 1 0 12 81 1 0 41 105 1 0 20 80 1 0 0 121 1 83 9 80 1 40 20 80 1 0 18 62 1 0 7 83 1 29 22 108 1 54 32 87 1 0 25 48 1 0 16 72 1 0 19 51 1 0 34 65 1 15 29 79 1 0 0 0 0 0 49 49 1 0 0 55 1 4 9 65 1 28 51 65 1 34 23 38 1 0 10 73 1 28 0 75 1 23 41 95 1 20 3 94 1 0 0 0 0 22 8 55 1 0 4 82 1 13 25 38 1 18 34 43 1 23 0 35 1 5 25 72 1 0 0 0 0 25 15 82 1 7 44 91 1 6 6 62 1 22 15 51 1 0 0 0 0 13 27 60 1 58 0 61 1 7 23 43 1 45 0 69 1 0 0 0 0 0 0 0 0 33 0 27 1 20 31 66 1 6 0 60 1 0 0 40 1 0 1 105 1 32 40 82 1 34 0 71 1 34 45 55 1 28 0 71 1 13 48 95 1 36 0 26 1 16 0 47 1 15 12 89 1 35 34 68 1 0 13 39 1 0 0 81 1 23 4 85 1 0 16 76 1
0 29 96 1 0 0 0 0 0 0 0 0 0 58 74 1 0 38 69 1 0 0 0 0 0 48 67 1 13 20 100 1 0 8 87 1 4 6 77 1 0 27 42 1 7 23 26 1 0 20 52 1 4 23 74 1 73 36 85 1 0 0 0 0 0 18 95 1 0 0 0 0 0 21 102 1 15 60 96 1 31 21 34 1 0 30 74 1 22 0 55 1 17 44 89 1 0 39 85 1 19 33 82 1 0 0 51 1 0 21 64 1 0 0 83 1 20 35 67 1 19 30 45 1 21 17 73 1 16 37 76 1 0 0 0 0 1 29 99 1 32 24 73 1 19 2 71 1 0 10 32 1 2 31 62 1 0 16 78 1 26 22 19 1 0 4 64 1 28 29 73 1 9 0 20 1 14 26 77 1 0 0 0 0 36 11 63 1 13 0 54 1 9 0 84 1 10 21 75 1 55 40 38 1 6 0 78 1 22 46 64 1 0 0 77 1 0 28 77 1 3 17 87 1 34 15 71 1 0 1 46 1 0 3 76 1 77 43 109 1 11 53 93 1 21 26 88 1 2 22 84 1
24 59 71 1 47 0 102 1 0 0 0 0 0 8 82 1 14 0 72 1 0 20 55 1 0 32 98 1 24 9 91 1 0 0 75 1 16 15 70 1 0 0 0 0 0 37 56 1 6 5 57 1 32 21 101 1 0 6 42 1 0 0 88 1 27 0 88 1 12 0 101 1 0 0 84 1 0 44 65 1 14 54 115 1 0 9 79 1 40 42 65 1 4 51 105 1 0 41 75 1 2 10 67 1 0 10 36 1 37 23 91 1 22 19 59 1 31 0 58 1 0 31 83 1 0 23 81 1 0 57 95 1 91 38 87 1 57 16 111 1 8 32 88 1 0 0 55 1 11 18 112 1 24 23 59 1 1 0 56 1 0 0 88 1 14 0 51 1 3 33 48 1 0 0 74 1 38 0 89 1 8 10 101 1 32 35 50 1 0 0 0 0 27 2 89 1 12 2 99 1 8 31 109 1 7 0 102 1 7 24 85 1 14 41 85 1 0 12 57 1 0 0 0 0 36 0 86 1 0 17 68 1 0 36 34 1 30 33 92 1 0 0 49 1 44 0 93 1 0 26 91 1
7 33 88 1 0 32 58 1 0 14 129 1 2 5 96 1 6 20 74 1 42 0 86 1 0 1 108 1 14 11 88 1 0 50 83 1 0 60 87 1 0 44 99 1 26 23 67 1 0 24 37 1 0 0 68 1 7 0 66 1 14 39 71 1 12 31 56 1 3 28 92 1 47 23 113 1 0 0 0 0 0 0 74 1 23 0 52 1 0 0 0 0 13 21 47 1 14 12 59 1 49 43 74 1 24 0 79 1 15 0 86 1 0 0 0 0 14 20 96 1 33 33 76 1 0 0 0 0 38 2 77 1 68 61 110 1 77 58 122 1 0 0 0 0 45 0 67 1 0 3 78 1 0 0 0 0 0 18 77 1 27 14 43 1 23 6 67 1 0 6 62 1 16 0 58 1 0 4 64 1 0 5 37 1 0 30 75 1 0 0 63 1 21 45 52 1 7 57 31 1 0 0 75 1 0 0 0 0 0 0 30 1 2 14 100 1 43 36 86 1 39 27 77 1 17 2 74 1 26 4 68 1 19 6 96 1 0 1 68 1 19 0 66 1 0 0 91 1 1 31 84 1
0 20 92 1 10 0 64 1 0 8 74 1 0 40 96 1 12 19 83 1 25 12 100 1 10 42 67 1 21 11 90 1 12 25 72 1 25 0 90 1 6 34 66 1 0 10 82 1 25 0 74 1 0 28 40 1 19 1 83 1 0 0 0 0 0 0 60 1 10 5 40 1 8 12 127 1 0 0 107 1 9 26 91 1 11 26 62 1 40 37 60 1 32 31 89 1 0 30 53 1 10 54 64 1 17 32 91 1 0 0 0 0 0 0 0 0 13 24 44 1 0 1 68 1 0 0 58 1 12 10 59 1 0 0 0 0 13 10 98 1 0 5 105 1 8 14 54 1 0 27 59 1 0 0 0 0 51 29 64 1 28 48 49 1 13 13 77 1 4 0 44 1 22 6 64 1 0 0 0 0 0 42 109 1 0 18 76 1 19 22 49 1 0 27 55 1 12 35 57 1 0 0 0 0 8 33 56 1 26 49 59 1 43 47 90 1 20 22 94 1 46 38 60 1 60 21 61 1 11 11 63 1 0 36 53 1 0 0 57 1 21 1 75 1 0 0 78 1 49 0 40 1
35 0 105 1 21 5 81 1 0 0 0 0 0 53 95 1 3 0 65 1 34 31 102 1 36 0 71 1 0 20 76 1 19 37 57 1 0 0 0 0 28 44 73 1 8 0 66 1 0 20 49 1 24 0 64 1 12 0 41 1 26 16 71 1 0 20 104 1 10 37 86 1 0 0 0 0 0 0 0 0 0 5 71 1 0 0 0 0 4 0 50 1 0 0 58 1 0 4 86 1 3 50 108 1 0 0 88 1 0 0 0 0 48 13 63 1 0 0 65 1 9 46 60 1 24 6 57 1 28 9 33 1 0 15 73 1 54 0 41 1 0 12 46 1 7 0 45 1 5 20 28 1 14 7 57 1 0 0 0 0 13 23 61 1 22 44 39 1 0 7 75 1 26 60 89 1 4 30 45 1 10 10 116 1 0 0 0 0 36 0 10 1 31 17 58 1 0 0 84 1 35 4 74 1 0 0 0 0 35 11 55 1 19 0 94 1 0 22 75 1 11 3 93 1 27 64 82 1 17 39 49 1 0 17 98 1 19 35 111 1 0 10 64 1 0 12 73 1 24 10 105 1
24 21 117 1 0 13 104 1 29 10 82 1 27 32 49 1 35 28 83 1 10 18 52 1 0 27 64 1 0 50 74 1 21 14 36 1 0 0 87 1 28 2 58 1 17 37 51 1 0 23 40 1 15 19 49 1 30 0 90 1 1 5 75 1 17 20 54 1 13 0 68 1 4 0 107 1 19 27 83 1 16 37 105 1 13 28 64 1 0 0 86 1 0 41 85 1 31 0 63 1 21 35 87 1 0 29 81 1 24 0 64 1 16 0 53 1 25 36 96 1 29 0 43 1 15 45 94 1 11 6 60 1 13 11 82 1 0 0 55 1 23 38 63 1 10 0 72 1 0 0 52 1 41 14 83 1 0 0 0 0 0 0 39 1 16 2 45 1 13 37 71 1 12 29 106 1 32 51 56 1 11 0 87 1 2 40 102 1 27 58 120 1 0 22 58 1 0 9 119 1 13 11 57 1 15 28 46 1 16 0 73 1 0 0 85 1 0 10 105 1 36 22 59 1 0 0 0 0 0 17 95 1 21 34 53 1 20 48 121 1 32 37 78 1 0 0 0 0 33 7 69 1
0 59 95 1 21 20 100 1 20 13 64 1 18 28 73 1 35 0 54 1 10 40 101 1 0 24 82 1 19 25 51 1 3 0 96 1 0 6 79 1 0 24 74 1 0 0 77 1 7 0 69 1 0 27 80 1 0 13 94 1 0 0 0 0 0 20 76 1 0 19 54 1 0 9 86 1 0 0 59 1 0 1 83 1 45 26 66 1 2 26 69 1 0 6 68 1 17 16 84 1 18 23 81 1 5 5 70 1 9 0 90 1 0 0 43 1 4 23 89 1 6 22 85 1 0 0 0 0 18 10 92 1 8 5 85 1 45 29 91 1 2 18 92 1 23 45 82 1 0 0 0 0 0 18 41 1 48 0 63 1 0 9 81 1 0 46 107 1 0 42 94 1 20 17 93 1 11 23 102 1 11 20 60 1 0 0 0 0 21 33 64 1 61 38 117 1 22 60 66 1 0 28 75 1 25 0 48 1 0 29 106 1 12 17 92 1 46 7 47 1 11 18 80 1 0 53 77 1 8 22 113 1 1 35 49 1 0 13 72 1 19 29 52 1 28 3 79 1 19 0 104 1
32 28 72 1 33 67 69 1 12 23 56 1 0 9 117 1 0 0 0 0 0 0 0 0 34 32 98 1 20 19 78 1 0 1 60 1 16 0 55 1 31 0 56 1 58 17 76 1 6 0 80 1 10 29 60 1 0 27 54 1 0 20 55 1 26 39 59 1 15 30 90 1 11 0 88 1 8 20 69 1 0 0 41 1 5 21 93 1 5 20 70 1 45 10 93 1 0 0 0 0 0 0 0 0 8 3 58 1 43 23 79 1 0 0 67 1 0 0 0 0 5 0 93 1 7 22 51 1 0 40 86 1 37 28 99 1 0 0 0 0 0 0 119 1 0 0 0 0 0 0 0 0 24 0 93 1 16 0 126 1 21 22 51 1 34 25 96 1 0 0 0 0 0 3 45 1 0 0 0 0 23 4 123 1 75 62 96 1 77 84 124 1 51 78 137 1 57 88 69 1 0 36 96 1 24 27 84 1 0 0 0 0 15 11 80 1 26 0 63 1 45 13 91 1 40 43 52 1 39 61 78 1 37 22 117 1 0 2 57 1 0 22 92 1 0 0 68 1 5 0 81 1
49 44 85 1 43 17 100 1 19 0 67 1 46 19 82 1 0 0 0 0 0 13 44 1 28 0 128 1 12 2 29 1 38 3 47 1 25 15 81 1 19 53 24 1 20 44 72 1 53 0 112 1 0 9 110 1 37 32 86 1 12 17 72 1 15 11 50 1 56 16 63 1 0 0 0 0 0 1 65 1 0 17 87 1 0 0 72 1 2 0 24 1 11 0 82 1 0 0 0 0 8 8 96 1 6 10 92 1 0 33 23 1 0 0 0 0 19 0 43 1 0 5 81 1 0 0 97 1 9 10 54 1 8 21 75 1 5 17 57 1 0 0 0 0 0 0 0 0 29 11 79 1 0 16 54 1 15 18 56 1 57 0 120 1 0 60 19 1 48 22 62 1 0 0 47 1 17 25 84 1 69 58 105 1 0 0 0 0 152 83 114 1 143 108 136 1 0 0 0 0 35 58 82 1 24 6 22 1 5 4 89 1 12 0 64 1 0 0 0 0 30 23 102 1 14 58 117 1 65 82 138 1 20 35 55 1 38 3 68 1 21 47 32 1 0 30 76 1 0 0 32 1
13 35 82 1 40 36 137 1 30 42 107 1 0 4 78 1 0 0 110 1 2 17 58 1 6 0 84 1 0 10 59 1 2 12 86 1 0 0 0 0 0 21 58 1 16 0 52 1 0 0 76 1 35 30 93 1 0 4 64 1 24 13 48 1 0 31 86 1 26 26 62 1 24 14 83 1 15 19 96 1 0 5 55 1 25 33 60 1 0 34 65 1 0 32 86 1 0 0 0 0 18 0 69 1 16 0 81 1 0 0 0 0 0 19 64 1 0 2 39 1 11 10 74 1 0 54 55 1 50 0 60 1 6 7 65 1 0 34 39 1 11 20 63 1 3 26 106 1 0 0 0 0 25 36 64 1 20 37 49 1 0 35 65 1 7 34 96 1 33 33 49 1 9 15 38 1 56 5 115 1 140 102 143 1 78 128 172 1 132 130 173 1 121 156 183 1 124 127 153 1 51 104 111 1 33 2 44 1 20 0 58 1 47 79 100 1 3 57 70 1 24 30 101 1 46 86 111 1 52 89 123 1 43 1 68 1 35 6 48 1 0 0 0 0 0 45 83 1 30 44 66 1
24 24 140 1 21 9 82 1 9 7 102 1 29 0 82 1 14 1 40 1 0 0 0 0 0 52 111 1 0 0 80 1 0 25 84 1 0 0 82 1 3 13 55 1 9 18 88 1 0 0 73 1 12 1 66 1 0 1 57 1 0 0 0 0 21 19 85 1 38 0 68 1 43 16 79 1 0 61 63 1 0 0 0 0 9 15 95 1 0 0 47 1 10 0 86 1 4 6 57 1 39 0 42 1 32 0 90 1 53 32 65 1 20 1 72 1 20 16 28 1 0 5 80 1 30 11 32 1 0 8 76 1 0 0 0 0 26 32 92 1 12 0 67 1 13 16 63 1 0 0 0 0 47 29 81 1 23 0 44 1 7 19 68 1 17 0 48 1 6 0 70 1 26 5 64 1 48 69 89 1 115 107 195 1 122 122 106 1 138 137 194 1 0 0 0 0 88 76 103 1 35 55 83 1 20 19 68 1 0 0 0 0 43 62 112 1 93 72 111 1 118 95 151 1 103 106 138 1 0 41 61 1 43 90 81 1 32 34 112 1 0 0 0 0 0 22 48 1 40 49 95 1
0 0 0 0 52 19 40 1 29 4 97 1 1 14 79 1 0 6 68 1 0 38 63 1 24 38 46 1 23 9 100 1 1 23 67 1 15 31 69 1 0 0 0 0 14 6 51 1 0 0 31 1 0 8 90 1 19 0 53 1 8 36 54 1 31 12 32 1 0 21 90 1 27 38 64 1 0 9 86 1 11 26 81 1 17 30 85 1 0 32 53 1 0 11 20 1 0 15 110 1 0 19 48 1 0 2 60 1 0 17 72 1 0 0 85 1 0 0 59 1 0 27 41 1 16 19 103 1 9 16 103 1 20 10 97 1 20 11 65 1 6 22 77 1 67 39 38 1 28 34 101 1 0 31 50 1 47 0 85 1 0 0 117 1 29 22 69 1 3 0 52 1 0 13 66 1 0 0 0 0 56 72 121 1 116 136 121 1 126 129 130 1 115 95 153 1 25 54 104 1 13 0 70 1 8 33 50 1 42 39 79 1 95 95 122 1 96 135 170 1 143 160 191 1 0 0 0 0 19 39 85 1 75 53 108 1 149 92 189 1 65 112 150 1 0 39 35 1 1 33 71 1
2 2 57 1 0 14 50 1 62 35 60 1 6 8 57 1 12 10 58 1 0 12 61 1 28 11 57 1 0 0 0 0 49 0 61 1 26 22 63 1 7 0 36 1 7 10 64 1 14 23 51 1 24 0 92 1 1 38 41 1 10 26 84 1 4 13 67 1 22 22 70 1 0 20 63 1 32 41 62 1 0 0 0 0 0 33 76 1 0 0 0 0 0 37 31 1 16 49 80 1 12 41 76 1 8 16 49 1 15 28 40 1 42 0 75 1 17 0 14 1 17 0 77 1 0 0 0 0 0 0 0 0 23 13 81 1 14 5 58 1 8 19 47 1 12 0 85 1 4 47 73 1 5 44 92 1 0 3 76 1 24 8 87 1 9 15 96 1 0 0 0 0 16 0 90 1 0 0 67 1 0 0 0 0 0 0 0 0 39 66 92 1 3 77 66 1 0 0 0 0 33 18 67 1 36 12 85 1 67 61 113 1 125 161 168 1 104 166 159 1 115 90 135 1 62 50 105 1 0 35 35 1 52 58 113 1 64 77 146 1 91 100 146 1 7 0 84 1 30 9 30 1
14 10 37 1 14 0 41 1 34 0 110 1 16 32 82 1 0 34 39 1 0 13 88 1 2 39 102 1 18 7 42 1 24 25 60 1 0 1 68 1 50 21 77 1 0 41 69 1 12 35 80 1 0 0 57 1 12 0 61 1 0 18 48 1 0 0 0 0 9 10 51 1 38 8 64 1 33 14 73 1 18 40 63 1 29 0 58 1 15 9 55 1 0 0 77 1 0 0 0 0 0 0 43 1 22 15 71 1 29 35 91 1 18 20 21 1 6 14 61 1 27 13 63 1 19 0 31 1 8 41 99 1 2 1 44 1 0 55 97 1 0 0 0 0 29 11 89 1 0 0 101 1 0 58 41 1 31 7 56 1 0 10 59 1 0 0 59 1 0 3 63 1 0 0 0 0 10 23 93 1 0 11 74 1 44 0 76 1 10 46 75 1 11 55 72 1 25 0 85 1 5 0 62 1 29 0 49 1 7 30 65 1 0 0 0 0 29 49 108 1 29 43 90 1 2 0 39 1 0 29 49 1 8 0 84 1 0 0 0 0 8 33 83 1 7 0 93 1 0 60 64 1
2 34 67 1 32 25 89 1 9 29 75 1 15 3 51 1 41 23 67 1 21 0 63 1 0 0 81 1 0 0 0 0 21 6 80 1 27 8 89 1 0 11 60 1 26 21 78 1 6 9 76 1 15 0 80 1 5 51 101 1 16 46 78 1 0 6 52 1 22 0 74 1 22 0 88 1 31 8 52 1 2 10 86 1 7 60 77 1 0 5 69 1 20 46 86 1 2 25 53 1 35 12 84 1 33 10 30 1 33 0 3 1 0 10 75 1 5 9 40 1 0 0 0 0 25 28 73 1 0 0 0 0 26 8 78 1 0 0 0 0 0 0 43 1 22 5 72 1 8 12 73 1 0 0 28 1 0 27 81 1 24 8 67 1 0 0 0 0 0 35 114 1 23 57 78 1 22 17 85 1 34 26 57 1 30 12 89 1 36 0 108 1 42 5 80 1 0 10 53 1 6 7 26 1 37 13 53 1 0 24 49 1 74 28 59 1 0 0 0 0 38 22 86 1 0 0 96 1 34 10 51 1 0 0 59 1 33 35 113 1 33 0 67 1 51 0 53 1 8 34 42 1