2
639 1334 95 61
31 36 36 1 62 108 75 1 5 47 29 1 39 58 24 1 33 36 22 1 18 32 31 1 49 48 33 1 49 54 12 1 64 86 45 1 100 112 86 1 92 143 108 1 0 0 0 0 46 37 38 1 36 26 20 1 29 47 43 1 69 63 62 1 15 1 40 1 0 0 0 0 69 64 29 1 0 0 0 0 56 37 25 1 0 41 9 1 3 56 11 1 5 24 13 1 26 22 28 1 10 27 0 1 73 103 55 1 49 63 57 1 31 30 9 1 35 27 0 1 70 74 67 1 73 80 62 1 19 53 29 1 52 33 10 1 90 111 101 1 139 148 103 1 78 84 57 1 46 84 35 1 33 72 40 1 46 47 18 1 25 49 6 1 14 18 0 1 23 44 32 1 12 61 26 1 22 75 49 1 53 78 57 1 19 49 37 1 36 80 56 1 32 82 48 1 60 64 54 1 63 53 38 1 31 83 59 1 78 85 67 1 99 91 75 1 47 101 48 1 110 105 80 1 113 114 88 1 137 138 125 1 0 0 0 0 50 85 44 1 0 24 19 1
69 76 86 1 25 58 14 1 55 44 88 1 60 78 43 1 57 51 31 1 51 70 70 1 50 53 43 1 57 49 33 1 29 48 35 1 55 80 63 1 82 109 80 1 78 84 78 1 51 48 52 1 65 87 59 1 77 89 75 1 0 0 0 0 43 31 7 1 55 87 61 1 110 128 102 1 92 112 110 1 25 18 13 1 1 31 7 1 14 60 18 1 4 16 17 1 15 20 15 1 15 25 41 1 58 89 64 1 0 0 0 0 44 49 20 1 80 105 69 1 0 0 0 0 61 54 56 1 0 29 4 1 0 0 0 0 61 49 72 1 148 173 135 1 56 68 65 1 6 19 20 1 7 32 52 1 29 62 49 1 10 41 48 1 44 70 27 1 39 68 35 1 11 35 31 1 31 69 48 1 50 68 57 1 31 46 57 1 45 46 38 1 63 49 76 1 36 48 74 1 27 54 29 1 36 68 52 1 66 104 108 1 46 72 76 1 78 126 101 1 103 126 86 1 97 92 76 1 96 120 78 1 122 135 117 1 78 119 79 1 37 60 37 1
94 104 73 1 26 94 42 1 38 52 19 1 50 69 56 1 58 60 39 1 22 62 76 1 55 69 43 1 38 68 57 1 44 39 23 1 61 61 47 1 91 97 108 1 96 98 96 1 51 66 41 1 67 72 56 1 76 95 70 1 36 56 58 1 52 72 16 1 57 111 92 1 73 92 72 1 29 45 37 1 0 52 5 1 10 33 22 1 11 50 29 1 2 36 18 1 0 34 10 1 38 37 33 1 111 98 84 1 116 132 122 1 78 107 85 1 101 115 120 1 37 38 16 1 29 61 23 1 25 69 27 1 0 31 4 1 0 0 0 0 102 87 89 1 32 74 22 1 9 53 18 1 28 69 22 1 11 9 0 1 5 28 33 1 14 49 49 1 0 0 0 0 38 65 51 1 23 92 61 1 39 62 35 1 37 51 24 1 52 55 31 1 52 65 53 1 50 83 41 1 26 48 31 1 26 60 44 1 98 128 93 1 0 0 0 0 82 122 70 1 101 115 80 1 85 90 68 1 95 90 69 1 119 101 90 1 86 95 92 1 36 62 21 1
73 88 73 1 86 113 59 1 60 80 65 1 37 86 28 1 62 53 64 1 56 79 48 1 68 95 61 1 56 76 63 1 24 70 56 1 37 39 37 1 80 91 55 1 0 0 0 0 74 109 118 1 46 87 60 1 17 47 38 1 0 0 0 0 26 58 73 1 71 70 70 1 42 58 45 1 0 37 29 1 10 40 39 1 50 43 34 1 15 21 30 1 0 35 33 1 0 3 2 1 0 12 13 1 27 38 25 1 59 72 43 1 112 113 103 1 60 79 54 1 26 27 4 1 0 0 0 0 1 24 0 1 0 21 39 1 25 50 42 1 0 0 0 0 64 52 45 1 35 40 42 1 36 29 42 1 32 58 3 1 0 0 0 0 15 68 36 1 42 83 44 1 15 50 60 1 25 51 43 1 45 37 0 1 27 39 15 1 40 62 36 1 54 41 36 1 63 57 57 1 62 95 41 1 58 85 83 1 110 144 109 1 104 99 96 1 83 123 86 1 109 124 93 1 105 131 65 1 119 109 98 1 102 139 101 1 120 112 124 1 22 51 19 1
86 109 63 1 83 97 72 1 105 127 98 1 68 79 40 1 62 70 28 1 34 86 64 1 70 66 57 1 51 55 67 1 20 40 32 1 0 0 0 0 41 66 54 1 74 78 59 1 113 97 89 1 53 63 54 1 0 19 27 1 33 62 35 1 53 48 42 1 48 64 48 1 0 37 32 1 4 2 24 1 0 16 9 1 0 0 0 0 0 9 13 1 31 35 39 1 0 0 0 0 19 54 0 1 19 44 18 1 34 51 9 1 54 55 33 1 57 61 35 1 50 52 53 1 23 50 13 1 0 17 3 1 25 48 17 1 13 15 22 1 49 52 59 1 15 39 46 1 7 30 27 1 6 56 22 1 12 57 42 1 42 75 30 1 17 47 50 1 52 80 57 1 0 0 0 0 4 13 17 1 55 59 29 1 63 71 57 1 59 81 41 1 68 76 62 1 0 0 0 0 40 90 47 1 55 76 67 1 57 104 100 1 46 57 54 1 76 58 66 1 59 88 80 1 119 113 116 1 86 76 79 1 106 105 105 1 0 0 0 0 41 57 49 1
71 91 77 1 105 118 50 1 124 123 98 1 103 93 74 1 55 68 49 1 0 20 33 1 19 58 36 1 35 49 30 1 9 21 7 1 12 32 39 1 31 52 45 1 53 74 29 1 56 92 52 1 51 83 41 1 48 70 49 1 83 61 72 1 45 57 46 1 33 57 59 1 0 26 9 1 8 67 36 1 12 21 26 1 36 34 35 1 36 44 34 1 25 38 43 1 8 38 37 1 37 41 24 1 0 0 0 0 43 78 57 1 0 0 0 0 59 58 38 1 23 39 30 1 1 34 23 1 31 46 47 1 13 23 5 1 0 19 12 1 0 0 0 0 24 30 30 1 0 0 0 0 0 0 0 0 43 95 63 1 35 46 29 1 0 0 0 0 76 88 83 1 19 76 61 1 19 27 25 1 46 33 2 1 71 85 37 1 42 74 56 1 60 77 65 1 45 66 64 1 8 63 66 1 62 73 70 1 33 48 39 1 37 49 55 1 21 64 38 1 20 66 35 1 61 108 73 1 23 72 47 1 51 83 68 1 115 98 126 1 48 38 38 1
139 147 105 1 87 112 68 1 60 45 43 1 104 89 80 1 74 93 77 1 60 39 28 1 19 41 58 1 0 0 0 0 50 63 49 1 21 58 77 1 11 63 35 1 35 55 53 1 71 90 51 1 47 45 52 1 26 81 39 1 40 85 64 1 0 0 0 0 0 0 0 0 14 48 18 1 50 60 34 1 64 76 73 1 39 78 48 1 104 140 106 1 91 125 116 1 0 0 0 0 42 84 49 1 28 42 45 1 46 34 31 1 0 57 26 1 48 67 29 1 72 84 54 1 0 30 5 1 0 35 26 1 25 19 10 1 0 27 53 1 1 41 25 1 11 55 33 1 2 15 8 1 0 50 9 1 20 37 27 1 18 19 32 1 27 65 37 1 65 79 39 1 55 58 58 1 36 56 56 1 0 0 0 0 75 60 56 1 0 0 0 0 20 67 47 1 50 60 48 1 63 87 67 1 52 77 39 1 20 50 23 1 45 64 66 1 16 39 14 1 30 37 17 1 49 46 34 1 6 35 11 1 5 17 22 1 97 107 91 1 0 0 0 0
137 133 105 1 64 107 71 1 69 73 37 1 85 84 77 1 113 95 121 1 76 80 58 1 0 0 0 0 46 34 47 1 64 44 50 1 0 0 0 0 0 0 0 0 42 41 40 1 0 0 0 0 64 68 59 1 58 72 47 1 16 48 46 1 43 60 51 1 31 49 49 1 25 32 38 1 45 46 33 1 60 67 44 1 54 62 42 1 108 113 74 1 93 109 91 1 48 79 73 1 50 63 35 1 14 53 43 1 0 0 0 0 37 42 28 1 0 0 0 0 55 70 40 1 35 36 32 1 16 25 16 1 21 26 0 1 2 35 18 1 11 20 25 1 0 63 26 1 1 31 19 1 0 0 0 0 19 61 50 1 28 35 51 1 51 49 33 1 8 29 2 1 15 34 25 1 33 70 17 1 0 0 0 0 0 0 0 0 33 64 51 1 43 65 32 1 30 82 71 1 44 74 80 1 56 64 65 1 30 43 43 1 67 104 96 1 16 35 56 1 10 33 0 1 28 39 36 1 29 35 32 1 13 11 20 1 99 131 113 1 107 141 131 1
134 132 113 1 0 0 0 0 142 150 132 1 175 173 143 1 135 149 132 1 136 136 106 1 87 86 100 1 42 38 40 1 44 60 20 1 37 44 31 1 40 57 56 1 82 62 60 1 0 0 0 0 32 65 44 1 57 89 54 1 48 65 64 1 37 46 30 1 7 47 17 1 6 32 32 1 31 45 63 1 18 33 30 1 19 65 30 1 52 56 26 1 48 61 53 1 57 54 47 1 36 51 60 1 37 36 29 1 18 39 38 1 27 44 15 1 10 22 0 1 23 42 20 1 28 47 42 1 5 41 24 1 12 13 10 1 0 0 0 0 0 0 0 0 6 40 18 1 42 57 9 1 25 29 19 1 23 32 13 1 39 44 14 1 28 32 37 1 65 95 71 1 22 70 66 1 60 49 64 1 86 94 56 1 45 75 78 1 26 74 36 1 45 50 47 1 29 62 47 1 61 59 64 1 35 58 62 1 62 44 37 1 73 102 90 1 51 71 48 1 12 33 35 1 0 0 0 0 14 21 34 1 3 44 17 1 40 88 66 1 50 88 53 1
52 88 72 1 77 90 86 1 205 194 199 1 233 237 242 1 209 223 202 1 168 164 115 1 109 104 72 1 70 44 31 1 51 91 30 1 69 56 48 1 69 84 36 1 55 54 59 1 45 51 55 1 74 85 58 1 97 82 72 1 0 0 0 0 34 73 51 1 0 0 0 0 39 63 43 1 0 0 0 0 29 40 46 1 19 63 6 1 34 64 36 1 26 43 0 1 50 78 39 1 51 52 46 1 25 47 1 1 27 27 3 1 11 23 16 1 30 64 50 1 17 22 38 1 22 49 10 1 26 49 37 1 38 59 44 1 37 91 55 1 22 58 20 1 21 51 45 1 42 34 43 1 13 35 0 1 34 31 40 1 0 0 0 0 52 78 54 1 44 106 68 1 95 85 90 1 121 145 123 1 167 153 154 1 79 85 94 1 38 61 41 1 36 64 33 1 20 62 25 1 44 57 43 1 38 71 58 1 81 75 61 1 143 141 109 1 139 149 126 1 70 85 92 1 63 76 75 1 137 162 145 1 0 0 0 0 52 52 70 1 0 0 0 0
16 35 21 1 26 21 46 1 112 158 102 1 231 249 212 1 209 202 193 1 138 131 92 1 73 124 61 1 35 92 41 1 52 72 47 1 76 63 46 1 64 80 64 1 89 83 72 1 70 67 44 1 76 90 59 1 75 76 79 1 58 34 49 1 20 61 64 1 59 45 46 1 59 62 50 1 32 79 74 1 53 71 63 1 33 50 54 1 21 61 25 1 24 60 7 1 60 66 60 1 43 38 46 1 0 9 0 1 0 16 4 1 0 43 12 1 33 43 24 1 30 43 36 1 16 48 41 1 32 35 42 1 16 51 51 1 0 0 0 0 0 0 0 0 28 39 32 1 0 47 28 1 30 45 45 1 35 60 58 1 59 56 63 1 46 81 52 1 59 72 68 1 0 0 0 0 34 90 56 1 70 63 39 1 55 73 55 1 57 39 28 1 69 40 30 1 18 55 38 1 56 82 62 1 57 69 67 1 75 94 59 1 145 128 135 1 153 176 160 1 84 131 98 1 22 18 20 1 69 114 92 1 95 103 95 1 22 63 23 1 17 39 44 1
0 39 51 1 12 21 21 1 0 0 0 0 107 151 131 1 0 0 0 0 175 164 152 1 145 149 107 1 111 113 82 1 82 81 57 1 80 92 33 1 90 69 53 1 64 109 84 1 73 108 73 1 102 91 96 1 49 85 46 1 22 38 27 1 0 0 0 0 51 42 49 1 26 58 53 1 52 76 52 1 32 63 63 1 43 42 28 1 19 35 32 1 32 65 57 1 29 31 22 1 35 28 21 1 41 35 41 1 16 35 3 1 42 43 51 1 16 13 28 1 32 36 45 1 93 79 69 1 21 71 22 1 1 29 0 1 44 27 24 1 0 35 21 1 0 0 0 0 31 43 32 1 39 72 43 1 55 59 55 1 0 0 0 0 0 0 0 0 52 80 59 1 37 78 52 1 47 43 66 1 44 58 69 1 56 48 68 1 0 0 0 0 29 64 60 1 71 78 62 1 78 87 36 1 44 68 83 1 63 63 28 1 153 146 108 1 69 87 65 1 14 33 0 1 30 51 36 1 0 15 1 1 45 65 44 1 77 101 87 1 15 2 0 1
7 27 42 1 10 35 63 1 25 3 23 1 62 82 67 1 180 179 144 1 149 181 157 1 0 0 0 0 129 115 94 1 165 168 131 1 103 102 103 1 0 0 0 0 0 0 0 0 49 42 37 1 88 102 82 1 116 85 93 1 46 58 33 1 11 27 20 1 90 63 77 1 49 55 63 1 47 90 57 1 50 56 57 1 51 61 67 1 31 63 29 1 29 51 45 1 17 72 3 1 52 50 38 1 35 45 30 1 23 38 21 1 78 87 37 1 60 93 75 1 82 84 76 1 59 78 59 1 14 21 12 1 0 0 0 0 0 0 0 0 39 44 27 1 29 43 51 1 0 0 0 0 69 81 60 1 65 61 70 1 39 63 42 1 56 45 42 1 34 25 34 1 34 63 63 1 29 55 39 1 39 48 34 1 51 51 73 1 27 39 37 1 24 53 29 1 32 87 49 1 53 98 74 1 72 116 79 1 78 85 53 1 176 156 122 1 53 48 27 1 23 48 22 1 35 42 40 1 104 99 91 1 52 104 75 1 2 34 22 1 35 19 25 1
0 0 0 0 20 43 49 1 18 31 50 1 28 55 43 1 30 52 60 1 94 99 78 1 135 143 115 1 147 170 143 1 191 182 168 1 93 113 86 1 66 53 28 1 105 77 69 1 91 107 81 1 68 93 61 1 43 52 39 1 44 36 20 1 68 64 61 1 0 0 0 0 41 45 68 1 51 84 54 1 42 64 72 1 74 86 68 1 82 86 83 1 56 72 65 1 29 39 24 1 0 0 0 0 22 62 38 1 27 62 64 1 53 66 37 1 55 77 54 1 48 72 49 1 6 33 12 1 23 36 1 1 0 0 0 0 5 38 27 1 35 77 35 1 27 40 19 1 14 46 40 1 0 0 0 0 32 37 43 1 58 61 60 1 40 82 77 1 25 49 43 1 29 63 43 1 28 37 15 1 31 42 18 1 54 69 32 1 75 57 46 1 35 68 49 1 40 86 44 1 0 0 0 0 134 121 123 1 107 127 88 1 119 114 91 1 54 76 40 1 27 55 18 1 21 42 21 1 47 73 60 1 35 41 36 1 0 0 0 0 15 23 53 1
42 41 17 1 0 50 22 1 37 21 35 1 27 19 43 1 29 13 9 1 65 89 86 1 90 111 110 1 96 113 104 1 96 152 145 1 144 137 121 1 124 133 135 1 131 100 67 1 129 120 93 1 102 72 67 1 67 65 23 1 57 75 35 1 65 55 62 1 69 67 58 1 18 39 21 1 30 45 28 1 40 71 48 1 80 84 83 1 80 94 98 1 67 84 60 1 54 79 44 1 57 80 65 1 37 61 63 1 23 70 48 1 42 68 34 1 42 70 49 1 30 29 19 1 15 29 12 1 7 48 40 1 7 42 39 1 4 32 3 1 32 51 40 1 24 49 46 1 27 41 54 1 43 72 54 1 43 121 81 1 68 85 61 1 46 48 45 1 26 51 57 1 18 69 17 1 40 45 55 1 44 68 48 1 45 78 49 1 39 64 21 1 50 111 52 1 122 128 85 1 66 96 80 1 110 98 104 1 97 99 77 1 68 91 43 1 13 24 30 1 78 73 56 1 42 73 63 1 58 84 81 1 7 38 35 1 0 28 21 1 7 20 35 1
30 43 41 1 6 27 43 1 0 0 0 0 16 24 32 1 7 7 6 1 1 16 39 1 0 0 0 0 0 0 0 0 152 109 126 1 0 0 0 0 82 77 73 1 108 104 100 1 120 130 92 1 133 116 93 1 93 101 87 1 120 114 73 1 0 0 0 0 59 51 32 1 47 74 43 1 0 0 0 0 39 40 15 1 44 68 35 1 60 66 52 1 67 77 45 1 27 82 72 1 60 89 49 1 29 44 23 1 12 43 24 1 34 82 27 1 57 53 56 1 16 38 63 1 30 74 85 1 50 65 45 1 51 82 42 1 39 84 66 1 0 0 0 0 17 9 17 1 0 1 0 1 11 42 31 1 50 65 52 1 55 88 44 1 46 59 39 1 28 73 19 1 47 50 41 1 65 78 50 1 68 82 51 1 56 70 58 1 68 56 66 1 78 108 49 1 121 154 87 1 127 134 119 1 106 120 98 1 91 101 71 1 0 0 0 0 178 187 146 1 121 169 161 1 97 119 87 1 0 0 0 0 4 31 46 1 3 49 31 1 0 0 0 0
0 40 4 1 0 19 14 1 4 22 33 1 0 46 19 1 8 41 21 1 0 0 0 0 4 34 24 1 0 29 12 1 3 0 31 1 106 80 107 1 71 85 79 1 68 78 109 1 153 152 142 1 0 0 0 0 101 91 80 1 131 137 109 1 92 102 60 1 46 53 49 1 25 56 59 1 28 69 58 1 39 59 42 1 47 55 27 1 82 63 46 1 0 0 0 0 57 73 45 1 67 97 98 1 84 112 68 1 68 75 53 1 18 74 64 1 17 56 43 1 18 43 41 1 11 69 21 1 19 51 37 1 34 59 43 1 81 103 89 1 48 58 72 1 21 20 37 1 13 20 42 1 0 0 0 0 35 59 46 1 35 84 31 1 0 0 0 0 20 76 14 1 56 44 59 1 0 0 0 0 58 52 45 1 52 49 30 1 43 67 47 1 55 84 50 1 153 170 121 1 115 127 72 1 0 0 0 0 177 183 150 1 228 255 220 1 231 244 225 1 129 135 119 1 60 103 90 1 8 49 46 1 0 34 21 1 1 23 29 1 7 32 18 1
14 40 8 1 5 30 26 1 20 20 6 1 63 102 111 1 39 32 21 1 0 0 15 1 0 44 48 1 17 36 33 1 23 10 7 1 15 18 47 1 41 67 48 1 122 102 101 1 86 74 47 1 64 84 37 1 148 146 110 1 123 124 81 1 102 142 92 1 84 89 75 1 59 94 49 1 33 55 31 1 66 97 72 1 48 77 58 1 78 93 71 1 53 59 39 1 0 0 0 0 54 85 23 1 35 56 19 1 32 32 27 1 61 80 72 1 31 58 31 1 48 71 42 1 25 70 46 1 23 29 33 1 0 0 0 0 57 78 59 1 22 51 38 1 33 47 46 1 12 32 41 1 0 38 9 1 8 53 27 1 43 61 69 1 38 65 40 1 27 63 30 1 49 59 59 1 38 76 31 1 68 63 47 1 44 91 51 1 44 43 32 1 0 0 0 0 70 87 57 1 97 97 58 1 0 0 0 0 227 255 191 1 237 228 200 1 98 117 96 1 57 99 68 1 49 69 44 1 66 73 46 1 1 51 33 1 0 22 13 1 0 26 33 1
39 33 9 1 16 36 5 1 14 30 13 1 0 17 19 1 0 0 0 0 0 0 0 0 32 31 47 1 18 37 38 1 8 44 30 1 21 67 51 1 15 53 0 1 42 43 37 1 110 110 77 1 0 0 0 0 135 99 94 1 123 167 114 1 153 143 131 1 107 102 90 1 123 128 80 1 70 68 78 1 23 17 1 1 36 65 40 1 32 63 30 1 41 35 28 1 0 0 0 0 56 59 46 1 76 96 70 1 0 0 0 0 38 57 53 1 47 62 49 1 21 80 56 1 23 45 44 1 47 68 42 1 31 49 43 1 31 73 59 1 40 76 48 1 50 73 50 1 61 57 74 1 18 47 29 1 35 54 49 1 71 108 55 1 65 73 69 1 35 87 50 1 54 85 58 1 90 100 87 1 83 102 88 1 96 98 104 1 95 107 86 1 0 0 0 0 134 125 105 1 75 84 83 1 95 93 67 1 61 82 38 1 64 86 66 1 52 76 46 1 42 58 72 1 90 122 97 1 23 58 46 1 0 25 10 1 2 48 23 1 10 46 43 1
0 36 17 1 0 32 16 1 0 19 16 1 0 0 0 0 58 86 57 1 34 50 49 1 0 26 18 1 45 49 43 1 18 53 43 1 26 57 40 1 19 20 30 1 19 23 29 1 41 54 31 1 89 108 98 1 149 145 144 1 118 137 107 1 106 112 97 1 118 112 116 1 157 161 126 1 0 0 0 0 75 65 27 1 0 0 0 0 56 74 47 1 0 0 0 0 51 50 42 1 44 97 58 1 49 84 57 1 0 0 0 0 0 0 0 0 0 0 0 0 0 0 0 0 34 65 45 1 0 0 0 0 0 0 0 0 35 43 56 1 35 42 55 1 59 30 41 1 27 77 33 1 49 44 32 1 14 63 30 1 32 77 65 1 0 0 0 0 67 87 65 1 102 99 88 1 102 120 104 1 78 82 53 1 77 107 54 1 102 114 82 1 78 67 82 1 139 121 124 1 134 116 87 1 218 245 233 1 172 201 153 1 67 62 58 1 66 53 18 1 24 21 0 1 14 47 26 1 15 63 45 1 0 0 0 0 8 59 69 1 19 24 19 1
14 35 15 1 0 10 21 1 1 24 0 1 8 52 39 1 92 83 63 1 42 66 42 1 21 35 15 1 0 0 0 0 0 11 19 1 0 28 21 1 33 31 18 1 14 35 42 1 0 47 45 1 30 39 15 1 46 74 86 1 128 150 130 1 145 144 128 1 0 0 0 0 110 98 63 1 0 0 0 0 137 129 90 1 146 148 130 1 103 110 83 1 58 73 37 1 68 63 46 1 85 90 86 1 68 67 50 1 23 58 33 1 18 57 34 1 24 58 54 1 0 54 44 1 55 106 84 1 44 58 32 1 10 78 53 1 0 0 0 0 11 38 32 1 3 30 32 1 53 56 52 1 54 75 68 1 0 0 0 0 0 0 0 0 28 52 47 1 0 0 0 0 94 82 89 1 87 118 86 1 129 107 99 1 111 129 64 1 71 82 52 1 0 0 0 0 112 96 99 1 139 145 124 1 146 183 158 1 98 105 87 1 81 79 60 1 58 77 55 1 0 45 14 1 0 0 0 0 23 54 37 1 0 0 0 0 13 53 36 1 0 0 0 0
20 84 71 1 48 63 66 1 37 52 39 1 0 0 0 0 5 74 46 1 12 69 45 1 19 40 18 1 0 16 15 1 0 0 0 0 0 0 0 0 39 52 44 1 28 72 56 1 35 42 21 1 11 28 40 1 30 38 35 1 59 101 64 1 77 109 90 1 132 120 151 1 156 146 116 1 154 183 132 1 149 166 121 1 129 147 124 1 168 167 174 1 135 170 156 1 82 55 62 1 72 45 40 1 0 0 0 0 28 60 38 1 16 33 56 1 0 12 6 1 0 51 50 1 18 54 43 1 44 85 90 1 79 102 92 1 33 69 60 1 30 49 44 1 19 79 51 1 15 62 46 1 30 37 44 1 46 91 60 1 0 0 0 0 0 0 0 0 15 47 0 1 0 0 0 0 17 17 0 1 15 33 12 1 68 79 47 1 68 86 61 1 137 156 142 1 142 156 144 1 118 132 78 1 65 63 71 1 61 75 42 1 0 0 0 0 106 105 98 1 66 110 91 1 42 71 60 1 24 34 6 1 1 22 26 1 35 53 63 1 19 46 62 1
48 69 56 1 44 75 50 1 64 86 85 1 32 25 23 1 0 29 0 1 0 25 0 1 36 50 38 1 51 71 69 1 41 63 56 1 18 54 44 1 0 0 0 0 50 51 61 1 0 0 0 0 29 54 15 1 44 50 46 1 60 84 78 1 66 104 84 1 0 0 0 0 92 94 84 1 90 88 47 1 44 79 37 1 47 65 18 1 122 195 113 1 220 235 194 1 153 215 156 1 0 0 0 0 71 74 16 1 20 52 26 1 29 22 16 1 0 0 0 0 15 55 16 1 0 35 15 1 50 75 61 1 58 65 66 1 79 86 73 1 27 59 35 1 60 83 63 1 6 74 53 1 0 30 32 1 28 70 55 1 73 92 101 1 54 98 83 1 48 78 87 1 45 74 47 1 79 96 29 1 31 68 41 1 106 91 58 1 106 101 80 1 204 200 186 1 142 167 130 1 63 73 58 1 90 87 83 1 113 124 130 1 47 79 48 1 101 116 98 1 80 119 70 1 70 112 84 1 51 84 77 1 39 46 43 1 4 29 50 1 18 38 56 1
41 47 51 1 48 50 40 1 21 21 39 1 22 17 49 1 15 21 17 1 0 10 6 1 8 54 7 1 31 27 20 1 32 43 45 1 15 26 37 1 28 44 59 1 27 36 16 1 25 43 43 1 16 46 16 1 53 80 44 1 23 45 22 1 15 6 0 1 35 71 50 1 100 104 106 1 140 111 116 1 0 0 0 0 103 98 75 1 36 76 52 1 112 124 74 1 223 231 192 1 176 192 191 1 114 92 97 1 64 70 48 1 51 3 40 1 0 0 0 0 36 65 38 1 20 71 32 1 54 52 61 1 38 46 44 1 21 95 72 1 30 27 51 1 48 74 51 1 0 0 0 0 42 54 40 1 64 105 68 1 50 68 75 1 12 83 46 1 82 84 73 1 73 80 57 1 37 76 79 1 0 0 0 0 79 103 65 1 108 112 91 1 140 144 108 1 66 103 82 1 80 78 44 1 56 82 43 1 37 49 45 1 11 3 0 1 65 31 46 1 51 59 66 1 67 46 53 1 74 95 74 1 89 101 109 1 55 76 54 1 33 70 48 1
4 16 60 1 0 0 0 0 0 0 0 0 0 0 0 0 6 9 0 1 14 19 11 1 8 15 27 1 0 18 31 1 10 35 30 1 9 27 16 1 0 79 48 1 28 36 63 1 12 48 51 1 14 48 32 1 16 56 28 1 0 19 0 1 0 66 21 1 46 64 60 1 82 101 73 1 114 155 131 1 137 125 98 1 59 80 76 1 83 103 60 1 76 119 53 1 117 100 98 1 188 156 159 1 190 184 176 1 144 149 110 1 89 81 89 1 54 61 63 1 84 79 42 1 36 77 48 1 38 99 51 1 0 0 0 0 0 0 0 0 0 0 0 0 24 53 64 1 35 56 47 1 52 53 65 1 0 0 0 0 38 43 49 1 49 77 58 1 39 74 57 1 61 74 61 1 62 96 71 1 0 0 0 0 97 119 114 1 106 115 73 1 0 0 0 0 110 131 132 1 61 61 60 1 0 32 12 1 33 30 48 1 51 71 31 1 35 51 62 1 0 0 0 0 20 52 33 1 0 0 0 1 16 41 58 1 0 0 0 0 72 84 83 1
6 25 49 1 2 19 11 1 0 0 47 1 0 27 12 1 3 23 51 1 13 35 5 1 6 36 12 1 0 13 13 1 7 42 22 1 0 43 1 1 24 70 50 1 29 50 49 1 21 71 50 1 0 0 0 0 36 66 64 1 0 47 22 1 27 69 42 1 57 57 65 1 73 103 105 1 0 0 0 0 85 126 93 1 114 126 90 1 90 118 74 1 66 74 60 1 69 72 60 1 138 148 113 1 190 161 152 1 255 220 216 1 143 133 129 1 75 67 43 1 45 67 26 1 12 51 25 1 54 63 25 1 0 0 0 0 80 69 48 1 22 63 51 1 25 31 36 1 0 0 0 0 0 53 44 1 0 57 31 1 23 99 61 1 55 79 51 1 37 72 39 1 62 87 58 1 91 87 71 1 75 89 73 1 45 105 61 1 76 98 76 1 186 181 152 1 127 160 116 1 105 138 78 1 24 46 4 1 24 33 28 1 39 44 61 1 0 0 3 1 7 61 10 1 0 0 0 0 33 51 49 1 66 41 62 1 38 56 47 1 54 80 66 1
0 19 13 1 0 22 55 1 0 0 0 0 0 8 21 1 0 0 0 0 0 15 12 1 23 28 8 1 0 10 25 1 20 45 11 1 36 63 39 1 32 67 43 1 30 52 41 1 23 61 63 1 0 0 0 0 5 69 44 1 29 50 68 1 24 38 57 1 10 28 0 1 11 28 38 1 44 78 49 1 84 101 68 1 84 117 89 1 85 118 101 1 95 62 76 1 56 55 54 1 0 0 0 0 135 118 107 1 210 230 185 1 240 223 215 1 100 120 91 1 98 95 73 1 55 81 61 1 49 70 37 1 73 60 33 1 50 50 54 1 38 63 62 1 24 57 57 1 0 19 28 1 48 46 61 1 62 61 52 1 37 70 26 1 26 51 48 1 0 0 0 0 55 67 79 1 60 109 82 1 37 65 25 1 75 99 71 1 82 86 56 1 136 159 114 1 122 156 113 1 0 0 0 0 0 0 0 0 93 106 89 1 76 64 76 1 22 41 41 1 19 37 6 1 23 40 7 1 5 62 20 1 26 57 40 1 49 51 62 1 50 55 16 1
0 30 16 1 0 0 0 0 11 2 51 1 0 43 28 1 0 35 20 1 0 0 0 0 0 0 0 0 0 29 20 1 20 48 30 1 42 49 64 1 47 70 53 1 17 40 12 1 28 43 60 1 13 57 46 1 25 49 48 1 0 0 0 0 22 59 57 1 39 61 30 1 19 26 9 1 0 22 0 1 32 20 27 1 0 0 0 0 35 79 56 1 110 142 94 1 79 69 64 1 0 0 0 0 0 0 0 0 157 139 130 1 187 171 161 1 134 153 141 1 89 139 96 1 116 127 99 1 83 96 84 1 97 115 67 1 71 66 48 1 61 65 59 1 29 33 32 1 0 9 38 1 27 66 46 1 21 67 34 1 22 43 33 1 0 0 0 0 0 0 0 0 56 45 31 1 75 93 81 1 60 57 49 1 105 113 80 1 99 118 70 1 105 122 87 1 100 124 98 1 111 146 93 1 122 121 114 1 0 0 0 0 0 0 0 0 17 62 24 1 5 25 25 1 24 30 18 1 30 61 52 1 0 15 19 1 18 53 27 1 0 0 0 0
0 11 6 1 6 27 16 1 35 46 23 1 0 21 12 1 17 81 35 1 13 59 36 1 0 0 0 0 0 34 18 1 19 32 27 1 13 29 43 1 6 24 23 1 4 53 32 1 17 65 21 1 0 0 0 0 0 0 0 0 10 73 15 1 10 59 18 1 11 50 56 1 5 57 13 1 21 47 28 1 19 70 21 1 8 38 0 1 45 56 35 1 37 87 51 1 92 93 76 1 123 112 113 1 99 109 81 1 0 0 0 0 99 112 85 1 152 159 110 1 0 0 0 0 162 164 176 1 132 123 97 1 125 130 121 1 129 132 110 1 77 76 49 1 50 57 34 1 45 78 45 1 52 83 53 1 39 29 23 1 44 85 47 1 59 79 68 1 58 75 65 1 20 82 58 1 0 0 0 0 81 113 87 1 91 98 86 1 119 141 107 1 98 116 100 1 0 0 0 0 105 113 90 1 103 104 98 1 108 140 140 1 68 87 83 1 24 36 27 1 9 26 44 1 16 50 34 1 26 42 56 1 0 44 67 1 0 0 0 0 5 41 21 1
29 7 21 1 13 75 29 1 9 63 40 1 8 58 12 1 29 47 29 1 12 31 36 1 9 40 2 1 0 38 2 1 0 38 1 1 0 23 0 1 0 15 7 1 0 29 13 1 31 32 47 1 6 61 63 1 20 52 45 1 36 67 74 1 0 0 0 0 0 62 48 1 13 55 23 1 0 29 31 1 9 46 34 1 45 59 41 1 9 38 21 1 22 36 10 1 47 46 41 1 99 130 89 1 69 90 78 1 58 116 67 1 94 133 60 1 118 114 90 1 116 117 89 1 175 203 150 1 173 147 109 1 108 120 55 1 132 109 113 1 112 120 119 1 66 87 72 1 44 64 66 1 72 94 46 1 93 75 73 1 103 98 81 1 76 75 46 1 16 68 68 1 110 123 122 1 115 125 106 1 136 119 102 1 81 83 56 1 90 84 82 1 105 125 95 1 133 108 105 1 119 109 104 1 102 129 113 1 118 128 119 1 57 93 55 1 9 17 0 1 15 16 37 1 2 18 19 1 18 34 23 1 26 40 36 1 11 34 18 1 40 54 31 1
27 65 24 1 13 29 34 1 0 0 0 0 22 47 24 1 6 80 17 1 9 42 17 1 5 33 18 1 0 0 0 0 0 11 25 1 0 0 0 0 0 0 0 0 2 24 24 1 18 42 21 1 11 40 44 1 19 36 58 1 0 9 23 1 36 15 18 1 11 68 34 1 27 52 41 1 45 71 80 1 49 80 67 1 34 40 35 1 12 41 17 1 45 64 13 1 42 66 27 1 72 78 68 1 34 47 24 1 44 48 53 1 86 97 56 1 80 95 85 1 78 86 70 1 140 158 121 1 140 146 120 1 126 133 69 1 140 139 102 1 0 0 0 0 0 0 0 0 90 74 69 1 54 88 51 1 51 91 34 1 52 80 59 1 31 67 32 1 75 77 67 1 114 139 119 1 119 106 95 1 135 130 81 1 116 101 103 1 93 107 91 1 118 95 82 1 117 139 87 1 158 128 114 1 132 128 112 1 0 0 0 0 10 62 37 1 21 30 28 1 28 40 42 1 0 35 55 1 9 16 31 1 28 31 50 1 13 17 12 1 26 48 34 1
0 0 0 0 26 68 33 1 0 39 18 1 21 44 38 1 11 50 0 1 5 21 20 1 0 23 16 1 9 34 27 1 0 14 21 1 12 12 31 1 0 21 26 1 18 31 50 1 8 53 26 1 0 30 22 1 0 48 21 1 7 29 29 1 8 47 49 1 0 46 22 1 14 36 34 1 21 13 15 1 16 50 42 1 64 72 73 1 74 68 55 1 4 49 31 1 0 22 2 1 45 53 41 1 0 0 0 0 16 60 27 1 48 40 45 1 68 90 65 1 86 95 69 1 82 99 100 1 116 138 84 1 132 156 132 1 115 135 133 1 145 134 135 1 119 128 132 1 142 122 80 1 68 106 109 1 83 73 81 1 91 71 49 1 0 0 0 0 104 101 81 1 101 112 109 1 93 81 86 1 59 80 62 1 87 118 77 1 111 101 107 1 118 110 78 1 128 111 96 1 134 118 82 1 122 116 111 1 106 93 100 1 31 23 25 1 7 11 27 1 24 40 47 1 15 46 48 1 18 76 83 1 0 0 0 0 3 38 62 1 34 41 57 1
4 49 60 1 5 26 0 1 0 30 28 1 33 43 13 1 0 30 10 1 0 23 0 1 29 23 25 1 0 32 0 1 5 31 21 1 11 42 20 1 4 16 43 1 0 58 22 1 4 47 43 1 18 45 22 1 18 29 17 1 0 24 21 1 0 8 4 1 8 34 27 1 0 0 0 0 15 48 44 1 19 52 59 1 0 0 0 0 52 107 79 1 34 82 50 1 20 25 38 1 21 24 30 1 0 31 38 1 19 27 23 1 34 39 44 1 84 68 55 1 79 99 87 1 0 0 0 0 91 104 73 1 87 123 125 1 105 133 109 1 113 132 98 1 114 139 124 1 138 128 104 1 0 0 0 0 149 133 119 1 123 108 106 1 131 137 135 1 0 0 0 0 94 91 95 1 113 102 93 1 0 0 0 0 118 94 60 1 102 129 75 1 107 104 69 1 132 114 79 1 136 122 127 1 126 119 119 1 79 74 109 1 0 0 0 0 8 38 28 1 8 47 65 1 0 26 33 1 14 50 50 1 43 54 55 1 38 47 43 1 44 70 62 1
0 0 0 0 20 62 25 1 10 23 35 1 3 39 38 1 7 10 13 1 0 0 17 1 0 27 28 1 4 32 0 1 35 44 45 1 4 21 19 1 0 21 17 1 0 12 0 1 15 45 6 1 27 28 24 1 24 59 50 1 17 63 22 1 34 82 59 1 33 81 86 1 8 59 12 1 23 52 64 1 13 53 66 1 58 72 68 1 47 62 55 1 4 11 12 1 5 18 21 1 23 69 34 1 30 32 25 1 0 16 22 1 25 33 31 1 0 33 10 1 33 27 31 1 0 0 0 0 80 134 84 1 56 90 46 1 86 95 76 1 98 102 84 1 72 50 45 1 165 155 120 1 125 157 115 1 119 90 82 1 138 136 94 1 110 149 90 1 136 134 87 1 115 123 121 1 107 132 122 1 109 118 115 1 140 141 118 1 108 128 115 1 145 124 126 1 164 175 121 1 157 156 114 1 124 116 90 1 66 76 57 1 55 49 54 1 32 67 49 1 9 29 39 1 2 52 33 1 38 78 83 1 46 61 76 1 11 86 49 1 1 21 39 1
25 35 54 1 31 43 41 1 0 25 11 1 12 32 14 1 13 25 42 1 6 53 40 1 22 28 9 1 36 43 43 1 84 84 89 1 0 0 0 0 25 59 35 1 32 62 24 1 12 36 30 1 21 35 29 1 17 78 58 1 41 71 63 1 76 69 65 1 76 84 87 1 45 90 67 1 67 91 52 1 58 77 58 1 33 81 74 1 14 50 37 1 0 32 14 1 0 0 0 0 56 101 56 1 60 71 80 1 39 47 63 1 16 17 35 1 13 25 15 1 26 56 26 1 0 0 0 0 23 40 34 1 13 73 20 1 26 2 12 1 60 50 55 1 32 31 64 1 81 77 65 1 136 126 106 1 98 107 69 1 157 154 119 1 92 97 89 1 82 81 82 1 134 113 82 1 90 102 83 1 83 90 86 1 81 101 73 1 76 102 87 1 130 137 115 1 0 0 0 0 153 167 115 1 145 155 113 1 36 39 45 1 30 34 25 1 25 62 19 1 10 31 56 1 24 17 60 1 0 25 41 1 0 0 0 0 0 17 11 1 0 11 0 1
19 53 6 1 0 46 12 1 4 22 12 1 12 47 30 1 0 34 31 1 16 7 9 1 35 66 33 1 62 68 55 1 31 41 25 1 27 40 23 1 53 82 62 1 53 74 60 1 52 69 35 1 0 46 10 1 0 50 25 1 30 57 31 1 0 73 11 1 29 63 50 1 52 84 58 1 26 60 41 1 25 52 45 1 47 58 48 1 7 51 31 1 0 27 24 1 9 27 28 1 39 71 63 1 53 90 79 1 75 87 60 1 0 28 15 1 0 26 0 1 7 25 4 1 22 52 21 1 10 25 27 1 15 53 30 1 33 71 101 1 22 5 60 1 65 87 58 1 87 100 71 1 88 86 65 1 160 175 144 1 148 131 139 1 107 124 87 1 94 92 114 1 89 109 89 1 91 111 70 1 117 146 142 1 125 112 115 1 91 101 70 1 90 128 68 1 75 85 88 1 149 151 118 1 158 143 121 1 78 88 60 1 12 40 37 1 0 0 0 0 8 22 22 1 15 52 47 1 0 46 33 1 0 12 28 1 0 0 0 0 43 38 60 1
0 0 0 0 18 50 21 1 13 46 2 1 0 0 0 0 6 20 0 1 0 67 22 1 47 31 42 1 0 0 0 0 48 73 35 1 12 44 0 1 32 56 20 1 28 37 15 1 35 68 19 1 124 108 57 1 36 72 44 1 19 52 52 1 0 64 39 1 63 64 67 1 44 39 54 1 45 92 73 1 46 89 47 1 35 59 33 1 8 21 5 1 26 37 29 1 20 46 35 1 0 0 0 0 33 67 68 1 0 63 40 1 7 68 15 1 13 65 31 1 7 65 57 1 32 31 61 1 16 49 18 1 27 41 37 1 63 75 55 1 21 49 29 1 28 30 23 1 84 91 53 1 166 115 151 1 210 206 181 1 133 143 111 1 0 0 0 0 125 132 143 1 116 122 91 1 90 115 85 1 0 0 0 0 60 102 53 1 74 111 92 1 124 130 94 1 0 0 0 0 0 0 0 0 106 133 101 1 127 113 96 1 48 20 48 1 23 45 33 1 24 62 37 1 16 40 61 1 0 0 0 0 0 34 21 1 26 32 9 1 4 28 27 1
13 28 25 1 47 54 30 1 10 32 21 1 8 61 14 1 85 64 52 1 75 135 75 1 33 71 35 1 45 68 17 1 39 69 16 1 25 35 0 1 0 0 0 0 55 48 26 1 54 68 35 1 99 92 110 1 40 75 56 1 15 76 42 1 49 84 56 1 62 75 44 1 22 40 16 1 68 80 70 1 37 87 66 1 44 51 78 1 0 16 20 1 23 50 46 1 0 45 24 1 0 4 13 1 0 35 64 1 14 16 0 1 0 0 0 0 17 49 38 1 11 31 49 1 6 27 28 1 12 35 52 1 31 52 56 1 26 39 15 1 100 67 56 1 39 59 73 1 51 60 35 1 0 0 0 0 111 142 126 1 194 189 166 1 104 106 71 1 0 0 0 0 97 113 66 1 74 104 95 1 87 106 95 1 98 102 80 1 0 0 0 0 135 151 138 1 114 89 111 1 0 0 0 0 137 125 104 1 155 134 114 1 0 0 0 0 13 35 3 1 34 51 46 1 32 32 29 1 10 33 29 1 16 49 37 1 14 26 48 1 0 0 0 0
21 63 40 1 39 61 30 1 62 81 69 1 74 98 58 1 64 102 72 1 0 0 0 0 51 78 61 1 39 48 6 1 20 37 23 1 81 88 54 1 89 77 63 1 86 79 50 1 94 126 67 1 71 76 51 1 25 40 36 1 23 40 5 1 31 68 49 1 53 75 48 1 54 79 49 1 29 42 48 1 36 43 42 1 34 24 30 1 0 0 45 1 20 31 19 1 4 31 46 1 5 47 0 1 20 10 44 1 21 70 40 1 7 42 27 1 14 50 33 1 34 45 33 1 26 64 30 1 32 65 67 1 46 68 52 1 7 34 31 1 0 0 0 0 52 87 44 1 86 79 58 1 5 24 9 1 138 152 106 1 135 133 128 1 131 102 94 1 97 112 61 1 124 143 106 1 130 141 101 1 94 130 86 1 131 142 112 1 130 142 100 1 0 0 0 0 120 123 93 1 142 122 74 1 127 121 89 1 142 163 111 1 53 63 65 1 35 31 55 1 16 27 36 1 0 5 17 1 29 18 42 1 4 28 26 1 56 76 75 1 72 105 97 1
63 58 59 1 64 83 65 1 102 65 73 1 96 71 90 1 59 74 40 1 67 48 15 1 59 45 61 1 59 79 23 1 56 54 22 1 19 22 16 1 30 42 30 1 77 47 39 1 49 71 56 1 0 0 0 0 37 69 44 1 39 68 26 1 55 73 56 1 33 59 27 1 26 55 54 1 10 40 17 1 15 31 3 1 0 24 23 1 0 52 36 1 19 8 42 1 9 30 51 1 0 31 38 1 25 11 30 1 24 33 40 1 0 0 0 0 25 67 49 1 3 61 51 1 22 38 33 1 0 0 0 0 15 46 49 1 9 35 44 1 31 52 54 1 46 70 31 1 77 82 31 1 106 76 85 1 199 192 156 1 77 79 68 1 115 126 92 1 99 96 95 1 123 129 118 1 152 163 144 1 122 112 103 1 71 101 39 1 118 97 97 1 145 163 121 1 125 108 101 1 121 124 90 1 163 129 122 1 156 149 146 1 129 107 116 1 35 74 70 1 9 59 33 1 47 40 76 1 33 33 67 1 40 51 26 1 89 104 93 1 124 131 105 1
120 139 120 1 135 120 117 1 61 73 59 1 57 71 81 1 41 47 14 1 26 16 5 1 29 37 14 1 72 73 62 1 94 107 79 1 82 64 54 1 69 67 71 1 68 53 37 1 56 97 85 1 53 25 49 1 64 89 63 1 53 86 47 1 0 0 0 0 52 97 65 1 0 0 0 0 0 34 8 1 0 17 22 1 4 36 24 1 0 0 0 0 17 0 36 1 9 54 28 1 13 25 27 1 0 15 28 1 0 56 36 1 2 24 15 1 6 32 34 1 0 53 53 1 10 52 29 1 24 72 38 1 0 47 16 1 40 47 48 1 9 39 65 1 97 70 64 1 78 58 40 1 125 99 82 1 189 174 143 1 111 102 84 1 25 67 34 1 113 114 103 1 98 82 53 1 124 157 98 1 0 0 0 0 102 109 101 1 100 128 87 1 111 125 94 1 103 113 76 1 133 154 115 1 0 0 0 0 192 175 156 1 84 125 96 1 25 45 15 1 0 0 0 0 29 67 51 1 14 49 69 1 27 51 32 1 0 0 0 0 31 41 25 1
156 143 127 1 139 124 116 1 100 75 61 1 62 68 13 1 33 32 34 1 53 60 41 1 10 50 27 1 45 36 24 1 36 53 17 1 30 63 24 1 0 0 0 0 43 70 37 1 0 0 0 0 37 73 26 1 30 70 36 1 47 75 52 1 37 54 49 1 17 21 15 1 18 17 0 1 11 31 0 1 0 33 30 1 3 20 15 1 19 17 19 1 0 0 0 0 12 33 36 1 11 34 35 1 11 40 30 1 14 13 28 1 5 36 17 1 2 31 15 1 7 34 43 1 0 0 0 0 20 47 47 1 12 61 21 1 4 33 51 1 13 40 38 1 33 43 48 1 46 41 36 1 117 141 115 1 255 255 226 1 209 207 190 1 0 0 0 0 72 102 110 1 74 100 74 1 93 63 80 1 131 148 110 1 118 134 104 1 69 71 66 1 91 98 64 1 124 159 110 1 135 126 88 1 100 99 70 1 137 142 122 1 0 0 0 0 35 28 11 1 29 16 41 1 19 59 46 1 16 30 21 1 9 25 17 1 0 0 0 0 11 2 9 1
113 130 114 1 96 77 72 1 0 0 0 0 23 22 32 1 40 30 14 1 28 37 33 1 39 59 15 1 32 69 30 1 26 54 4 1 24 42 23 1 41 36 29 1 0 0 0 0 0 0 0 0 0 0 0 0 32 66 43 1 60 56 62 1 0 0 0 0 5 11 0 1 3 13 28 1 0 39 22 1 9 19 21 1 43 7 8 1 0 29 0 1 0 0 0 0 0 28 6 1 0 31 24 1 0 30 13 1 7 22 25 1 15 34 24 1 0 45 38 1 8 57 35 1 0 68 58 1 0 0 0 0 12 50 38 1 9 23 39 1 23 41 58 1 0 0 0 0 50 60 81 1 85 84 65 1 199 229 179 1 0 0 0 0 0 0 0 0 24 77 34 1 80 95 65 1 62 70 97 1 105 135 124 1 151 138 145 1 82 97 62 1 99 113 90 1 127 141 108 1 135 142 82 1 89 120 77 1 132 136 97 1 139 179 153 1 62 36 27 1 22 69 56 1 14 37 16 1 0 39 47 1 22 4 29 1 0 20 0 1 29 43 36 1
52 69 14 1 40 52 32 1 41 58 30 1 16 37 21 1 24 44 7 1 15 33 24 1 26 60 5 1 54 41 30 1 0 0 0 0 66 70 31 1 34 57 23 1 24 68 41 1 33 95 40 1 23 55 54 1 0 41 40 1 17 73 40 1 2 50 15 1 5 57 0 1 0 22 14 1 2 6 15 1 3 14 31 1 7 23 33 1 8 26 31 1 10 11 25 1 0 21 27 1 0 51 9 1 8 19 0 1 9 33 26 1 0 36 21 1 0 11 16 1 16 70 49 1 46 64 59 1 22 45 58 1 12 32 43 1 41 68 60 1 22 72 72 1 0 0 0 0 34 25 0 1 16 16 8 1 148 159 117 1 235 253 244 1 235 245 197 1 40 87 62 1 43 68 64 1 28 53 47 1 51 68 82 1 91 110 114 1 105 102 105 1 57 61 35 1 81 83 44 1 95 72 47 1 0 0 0 0 116 133 128 1 109 162 112 1 40 68 46 1 23 34 27 1 42 65 67 1 26 14 37 1 41 21 17 1 0 0 0 0 9 7 16 1
53 76 30 1 64 65 29 1 31 33 29 1 72 87 80 1 31 62 28 1 0 0 1 1 13 22 5 1 9 21 0 1 33 47 18 1 8 21 25 1 45 52 38 1 44 88 53 1 57 67 38 1 13 68 39 1 15 32 41 1 19 51 30 1 10 14 46 1 11 39 22 1 0 0 0 0 0 11 26 1 0 0 0 0 0 22 3 1 0 0 0 0 10 10 28 1 2 29 20 1 3 21 0 1 28 10 28 1 0 0 0 0 0 8 2 1 29 11 5 1 32 41 53 1 4 38 22 1 7 50 47 1 0 0 0 0 6 46 21 1 12 37 0 1 53 74 49 1 63 73 65 1 37 56 38 1 0 25 0 1 150 192 153 1 122 132 125 1 57 51 41 1 27 70 55 1 67 79 44 1 40 75 65 1 84 112 83 1 169 187 179 1 119 126 106 1 86 101 67 1 0 0 0 0 156 131 92 1 209 189 181 1 183 184 144 1 139 138 128 1 56 76 56 1 32 36 22 1 8 39 8 1 23 61 29 1 39 62 37 1 66 73 71 1
38 43 5 1 0 0 0 0 35 60 33 1 19 31 16 1 22 50 17 1 34 74 46 1 63 71 48 1 49 70 42 1 2 20 0 1 26 38 11 1 37 92 41 1 62 73 69 1 33 68 50 1 37 52 29 1 3 39 65 1 20 23 10 1 35 19 34 1 0 7 0 1 15 35 31 1 0 8 27 1 29 38 35 1 14 0 38 1 18 7 15 1 2 17 2 1 1 14 0 1 17 43 0 1 17 54 27 1 0 26 14 1 21 44 31 1 12 55 21 1 17 41 31 1 0 14 14 1 14 22 8 1 0 34 43 1 46 76 38 1 49 41 36 1 53 48 38 1 37 62 21 1 28 42 44 1 33 49 42 1 0 0 19 1 51 64 60 1 25 36 57 1 41 50 73 1 32 68 44 1 61 98 64 1 57 89 60 1 70 116 116 1 119 118 105 1 93 88 64 1 107 81 69 1 0 0 0 0 181 167 122 1 162 153 101 1 204 177 161 1 53 65 58 1 9 17 20 1 2 49 47 1 0 42 33 1 20 40 49 1 46 74 76 1
54 89 42 1 60 81 49 1 45 81 35 1 12 38 13 1 51 47 21 1 30 47 0 1 54 38 20 1 60 66 48 1 66 62 63 1 84 85 61 1 78 100 80 1 43 71 50 1 37 45 21 1 0 38 25 1 1 47 21 1 0 3 37 1 0 0 0 0 10 40 18 1 0 0 0 0 19 47 27 1 8 32 38 1 20 6 30 1 27 19 12 1 14 0 1 1 12 19 15 1 29 14 32 1 15 28 26 1 0 0 0 0 0 0 0 0 5 9 2 1 22 49 21 1 22 44 16 1 45 69 35 1 11 45 55 1 28 66 45 1 55 49 68 1 56 50 50 1 52 47 32 1 36 29 38 1 40 69 41 1 0 20 45 1 42 78 29 1 46 51 57 1 47 57 37 1 67 99 100 1 0 0 0 0 54 88 87 1 31 56 54 1 140 154 144 1 163 180 164 1 179 160 130 1 198 161 130 1 123 81 71 1 171 151 146 1 207 191 199 1 75 54 14 1 0 0 0 0 25 59 42 1 27 7 11 1 0 6 0 1 8 55 30 1
6 30 2 1 39 32 24 1 34 55 11 1 33 70 17 1 56 46 29 1 40 40 33 1 34 27 17 1 30 64 51 1 32 69 53 1 0 0 0 0 0 0 0 0 26 56 57 1 10 34 22 1 0 27 0 1 6 39 25 1 7 53 5 1 2 31 27 1 0 20 52 1 0 27 37 1 4 32 19 1 15 6 0 1 0 5 19 1 0 1 7 1 5 25 15 1 6 24 43 1 4 16 18 1 0 37 0 1 0 0 0 0 3 35 10 1 0 30 21 1 24 22 44 1 21 61 69 1 37 50 51 1 40 95 61 1 58 31 34 1 38 49 56 1 28 47 31 1 34 76 15 1 0 67 34 1 29 59 49 1 0 0 0 0 31 64 45 1 92 79 95 1 67 76 90 1 19 74 69 1 107 111 79 1 30 95 41 1 0 0 0 0 70 79 65 1 181 218 187 1 0 0 0 0 218 216 164 1 0 0 0 0 211 177 146 1 214 185 190 1 127 126 103 1 27 77 43 1 30 46 51 1 32 51 52 1 29 36 74 1 66 81 58 1
2 25 0 1 0 44 11 1 36 68 52 1 42 61 32 1 20 58 30 1 0 0 0 0 32 75 50 1 43 48 54 1 0 0 0 0 43 82 76 1 26 53 51 1 9 47 30 1 37 29 3 1 0 22 36 1 0 7 0 1 5 0 23 1 43 21 44 1 0 26 23 1 4 15 33 1 0 0 0 0 17 10 42 1 0 35 5 1 0 23 20 1 10 47 30 1 28 47 22 1 18 46 55 1 26 33 33 1 25 43 35 1 13 12 43 1 24 35 28 1 27 39 30 1 4 32 45 1 0 50 38 1 21 55 55 1 65 71 41 1 38 86 70 1 32 92 39 1 0 0 0 0 35 51 53 1 22 56 42 1 11 48 38 1 24 65 64 1 72 63 69 1 21 48 28 1 56 38 7 1 131 149 119 1 113 165 147 1 57 86 67 1 0 45 31 1 134 129 120 1 238 228 192 1 234 212 178 1 152 160 109 1 160 165 155 1 216 199 184 1 106 103 87 1 4 36 15 1 0 0 0 0 0 5 43 1 6 47 19 1 0 11 9 1
0 0 0 0 26 3 6 1 18 33 18 1 36 40 36 1 10 31 20 1 41 85 45 1 56 91 49 1 36 72 35 1 10 57 43 1 0 39 15 1 0 29 21 1 9 8 46 1 21 11 19 1 0 34 34 1 19 24 29 1 0 21 1 1 0 0 0 0 25 0 37 1 0 0 0 0 0 43 12 1 0 20 13 1 10 38 13 1 10 13 10 1 10 3 33 1 5 37 36 1 7 37 41 1 8 66 27 1 14 63 65 1 18 47 59 1 18 43 18 1 3 34 18 1 20 25 17 1 0 14 5 1 17 58 48 1 64 76 57 1 47 93 57 1 55 77 78 1 25 48 34 1 45 36 44 1 49 68 81 1 27 69 48 1 46 74 59 1 43 46 35 1 19 24 7 1 42 75 20 1 27 67 54 1 103 98 74 1 37 19 16 1 70 56 37 1 89 114 102 1 211 208 146 1 197 171 161 1 137 160 105 1 236 232 211 1 218 207 192 1 65 105 64 1 0 0 0 0 50 38 66 1 49 76 75 1 48 68 33 1 0 0 0 0
74 54 15 1 36 80 43 1 0 0 0 0 49 55 53 1 36 51 30 1 49 44 52 1 8 46 48 1 2 27 11 1 14 25 21 1 0 0 11 1 0 37 33 1 0 0 0 0 27 19 34 1 0 38 33 1 0 30 28 1 0 16 5 1 0 22 52 1 2 9 14 1 0 30 10 1 5 11 21 1 0 38 13 1 0 9 10 1 0 21 0 1 0 0 0 0 1 30 27 1 21 28 2 1 0 44 25 1 0 37 36 1 0 34 8 1 27 55 28 1 0 0 0 0 21 29 23 1 0 42 0 1 38 54 39 1 45 47 47 1 42 79 97 1 47 79 63 1 48 48 45 1 13 41 55 1 33 64 56 1 70 43 40 1 12 50 55 1 6 39 43 1 58 84 57 1 43 49 27 1 48 38 45 1 97 114 91 1 66 81 40 1 82 29 48 1 25 57 22 1 154 180 127 1 200 200 187 1 237 232 181 1 180 180 156 1 207 228 214 1 108 81 101 1 23 43 48 1 0 0 0 0 21 61 41 1 31 78 68 1 54 67 68 1
29 63 32 1 44 58 43 1 48 62 70 1 45 72 46 1 17 35 34 1 0 53 42 1 0 0 0 0 0 21 31 1 0 34 13 1 34 35 43 1 1 31 17 1 0 0 0 0 13 24 11 1 0 10 15 1 9 36 29 1 3 0 48 1 17 3 9 1 11 20 40 1 0 26 53 1 7 21 0 1 2 2 18 1 15 11 14 1 0 33 27 1 27 47 33 1 6 10 10 1 0 0 0 0 24 53 31 1 20 61 40 1 29 58 28 1 0 0 0 0 18 36 7 1 10 49 23 1 17 0 0 1 43 46 38 1 0 0 0 0 30 45 24 1 0 0 0 0 29 50 34 1 11 62 32 1 28 28 63 1 45 60 45 1 0 0 0 0 31 47 21 1 31 82 47 1 7 34 21 1 77 77 74 1 0 0 0 0 136 118 99 1 19 36 0 1 69 104 81 1 0 0 0 0 138 158 116 1 171 202 160 1 187 194 150 1 143 156 144 1 121 138 107 1 61 62 62 1 34 34 24 1 0 0 0 0 23 50 24 1 37 68 107 1
49 94 50 1 34 67 43 1 27 64 47 1 17 66 39 1 11 71 47 1 13 43 41 1 0 34 20 1 23 8 29 1 0 0 1 1 0 34 1 1 8 32 49 1 13 27 16 1 16 39 43 1 0 21 24 1 0 34 34 1 16 32 48 1 16 21 23 1 0 0 0 0 0 40 40 1 0 0 0 0 0 19 1 1 9 63 47 1 25 26 29 1 0 14 4 1 0 7 47 1 23 14 18 1 0 20 17 1 0 33 0 1 0 0 0 0 58 87 72 1 20 40 14 1 0 12 23 1 46 78 46 1 0 0 0 0 34 47 51 1 16 40 35 1 0 0 0 0 29 54 31 1 25 76 87 1 57 82 45 1 41 78 49 1 39 53 42 1 28 70 54 1 0 0 0 0 0 0 0 0 74 106 84 1 194 190 156 1 122 149 108 1 53 63 51 1 108 103 62 1 0 0 0 0 101 112 110 1 114 122 106 1 173 198 159 1 82 96 87 1 134 142 112 1 44 60 44 1 0 20 0 1 22 25 24 1 0 0 0 0 15 46 35 1
36 56 64 1 22 47 27 1 32 40 26 1 0 0 0 0 30 49 28 1 0 0 0 0 23 33 19 1 0 23 1 1 0 9 0 1 6 28 19 1 1 40 33 1 6 49 24 1 0 10 42 1 0 25 26 1 5 11 24 1 0 22 39 1 20 0 9 1 0 9 16 1 10 38 37 1 14 30 27 1 2 6 8 1 0 30 11 1 19 36 17 1 18 44 14 1 33 31 45 1 0 6 1 1 1 27 15 1 26 38 5 1 15 59 36 1 52 64 76 1 0 0 0 0 0 17 12 1 35 58 17 1 11 43 39 1 4 48 20 1 0 66 33 1 9 25 0 1 0 34 16 1 0 0 0 0 65 69 72 1 35 57 43 1 41 32 17 1 0 0 0 0 57 82 35 1 58 64 16 1 41 79 66 1 117 110 90 1 152 156 144 1 117 130 101 1 33 84 66 1 62 71 47 1 129 160 146 1 0 0 0 0 112 164 147 1 66 90 72 1 84 106 102 1 27 42 16 1 20 44 0 1 4 30 12 1 4 47 22 1 0 0 0 0
7 35 31 1 4 33 25 1 13 33 43 1 16 0 43 1 22 11 14 1 0 18 12 1 13 14 20 1 0 36 33 1 0 45 39 1 9 31 31 1 42 60 42 1 22 50 56 1 16 48 35 1 7 18 9 1 8 46 0 1 0 18 14 1 0 26 28 1 22 21 0 1 15 59 39 1 10 42 2 1 26 51 54 1 5 10 3 1 13 67 30 1 0 39 34 1 0 2 0 1 41 2 19 1 0 0 0 0 0 0 0 0 55 36 38 1 0 0 0 0 46 47 21 1 0 0 0 0 2 13 10 1 0 25 28 1 0 31 20 1 0 45 21 1 0 0 0 0 0 55 0 1 16 41 8 1 23 65 35 1 19 73 71 1 64 80 42 1 49 67 48 1 38 70 71 1 41 63 58 1 45 54 56 1 96 80 68 1 157 166 149 1 0 0 0 0 99 98 97 1 47 90 54 1 79 118 53 1 152 153 146 1 0 0 0 0 146 167 104 1 163 151 135 1 63 97 60 1 28 28 33 1 0 0 32 1 0 18 45 1 12 38 56 1
3 10 22 1 0 5 8 1 27 36 40 1 21 27 7 1 7 0 28 1 0 1 28 1 0 0 0 0 0 12 6 1 16 37 26 1 12 70 18 1 36 65 30 1 21 29 13 1 0 10 20 1 0 0 0 0 24 21 30 1 14 36 24 1 11 21 9 1 14 24 22 1 3 20 31 1 0 19 23 1 1 52 21 1 41 69 20 1 79 113 87 1 102 104 74 1 59 57 29 1 33 33 9 1 54 50 40 1 45 51 26 1 55 62 44 1 27 54 18 1 41 56 55 1 63 72 81 1 34 59 58 1 10 47 50 1 0 0 0 0 0 41 7 1 28 25 3 1 3 50 9 1 18 50 32 1 31 96 62 1 49 56 73 1 32 81 69 1 86 68 89 1 34 68 61 1 65 85 101 1 36 96 53 1 68 75 63 1 121 147 134 1 83 77 47 1 142 144 100 1 79 102 80 1 34 73 45 1 132 142 142 1 163 172 129 1 103 87 66 1 120 120 136 1 0 0 0 0 40 36 20 1 27 44 39 1 0 0 0 0 29 67 50 1
0 25 4 1 4 27 2 1 15 22 13 1 38 18 11 1 0 0 6 1 11 0 18 1 13 23 28 1 0 21 5 1 33 53 53 1 43 63 52 1 29 29 24 1 9 17 7 1 1 25 13 1 32 25 5 1 7 36 19 1 8 46 12 1 0 19 11 1 2 22 30 1 6 22 49 1 3 22 7 1 6 21 0 1 150 119 128 1 209 231 178 1 247 231 207 1 146 145 146 1 47 55 7 1 53 77 27 1 44 75 45 1 51 58 8 1 23 61 32 1 30 63 29 1 47 60 44 1 32 50 45 1 44 45 58 1 49 38 48 1 41 39 21 1 0 0 0 0 0 0 0 0 39 76 86 1 48 75 57 1 41 73 72 1 47 62 54 1 53 88 62 1 25 65 70 1 10 77 47 1 35 68 49 1 0 0 0 0 96 80 100 1 94 94 60 1 134 158 115 1 108 149 123 1 95 108 96 1 0 0 0 0 78 125 84 1 101 117 75 1 134 136 104 1 98 119 75 1 21 37 10 1 5 4 45 1 16 51 45 1 27 59 38 1
0 13 4 1 0 0 0 0 0 33 6 1 3 25 18 1 0 0 0 1 40 14 23 1 0 0 0 0 25 25 48 1 0 0 0 0 32 69 59 1 16 45 27 1 20 12 4 1 4 21 15 1 18 16 0 1 1 22 22 1 15 20 35 1 0 37 29 1 0 39 18 1 55 42 29 1 0 0 0 0 18 41 37 1 181 193 177 1 161 149 125 1 98 100 72 1 107 99 74 1 70 72 33 1 61 80 33 1 74 81 52 1 40 102 45 1 68 92 92 1 60 83 48 1 42 56 15 1 16 40 31 1 76 115 45 1 52 58 41 1 32 50 13 1 49 62 48 1 44 37 62 1 59 90 56 1 47 74 56 1 47 67 55 1 61 62 66 1 90 88 76 1 25 49 25 1 61 51 46 1 43 84 69 1 53 86 60 1 67 88 63 1 142 164 132 1 0 0 0 0 84 102 100 1 43 99 64 1 46 62 51 1 97 126 72 1 102 138 107 1 120 105 96 1 105 119 99 1 0 38 26 1 0 0 0 0 0 0 0 0 14 62 44 1
0 23 0 1 44 61 57 1 0 38 20 1 0 20 3 1 27 28 43 1 0 3 0 1 30 9 46 1 55 96 48 1 23 34 33 1 46 74 63 1 15 54 25 1 0 20 0 1 16 45 1 1 15 32 9 1 0 23 0 1 0 18 0 1 8 43 28 1 10 19 52 1 18 29 17 1 28 55 42 1 132 122 121 1 163 163 176 1 106 114 77 1 57 58 56 1 14 29 34 1 71 81 36 1 66 64 43 1 74 70 64 1 81 84 56 1 53 70 54 1 42 60 21 1 67 69 60 1 0 0 0 0 31 51 52 1 37 69 22 1 42 56 27 1 84 88 49 1 50 89 76 1 43 62 73 1 0 0 0 0 62 69 41 1 59 57 42 1 25 58 44 1 46 56 53 1 37 78 46 1 58 67 56 1 0 0 0 0 54 90 82 1 122 123 112 1 102 106 77 1 126 156 136 1 78 88 87 1 52 74 44 1 86 109 91 1 204 189 199 1 152 183 191 1 76 104 53 1 0 0 0 0 30 68 25 1 0 26 36 1 1 15 42 1
0 38 13 1 0 55 29 1 11 33 38 1 42 7 33 1 0 18 11 1 0 0 0 0 40 57 52 1 14 31 26 1 10 12 13 1 8 37 27 1 13 40 15 1 16 0 11 1 11 34 14 1 20 46 49 1 0 55 19 1 10 19 6 1 18 31 0 1 14 19 17 1 15 21 28 1 0 0 0 0 135 163 120 1 135 180 116 1 116 106 100 1 123 109 86 1 34 76 34 1 35 29 16 1 29 13 0 1 46 48 7 1 77 99 59 1 29 56 73 1 33 39 41 1 49 88 68 1 59 62 52 1 70 67 25 1 43 66 68 1 69 59 35 1 71 55 48 1 0 0 0 0 60 79 75 1 73 64 65 1 33 75 71 1 60 79 36 1 10 77 52 1 70 91 84 1 52 89 73 1 54 45 33 1 50 64 35 1 98 87 83 1 110 135 103 1 116 104 113 1 145 130 119 1 109 128 85 1 38 102 57 1 60 66 87 1 140 155 147 1 123 154 124 1 75 107 95 1 31 16 4 1 0 49 23 1 5 22 42 1 35 58 44 1
17 24 24 1 24 33 32 1 6 0 26 1 0 0 15 1 17 25 30 1 0 26 9 1 20 43 44 1 31 33 30 1 36 42 36 1 11 0 12 1 13 26 2 1 0 0 0 0 5 18 23 1 0 12 31 1 7 48 14 1 17 13 21 1 30 30 2 1 0 0 0 0 26 26 16 1 0 0 0 0 167 161 105 1 163 171 122 1 121 79 89 1 129 162 107 1 74 85 55 1 75 101 42 1 46 41 20 1 33 75 32 1 43 55 4 1 59 68 14 1 49 82 41 1 0 0 0 0 76 75 30 1 89 99 68 1 68 79 73 1 25 72 54 1 56 90 55 1 17 88 57 1 0 0 0 0 70 88 60 1 33 68 56 1 77 84 74 1 27 98 64 1 69 79 50 1 35 50 52 1 23 55 36 1 30 58 51 1 43 75 60 1 124 127 110 1 129 144 121 1 109 115 79 1 46 57 18 1 38 59 32 1 13 61 48 1 75 90 46 1 142 169 133 1 102 154 91 1 0 67 34 1 0 37 37 1 59 87 70 1 16 39 54 1
22 30 27 1 11 47 36 1 14 48 32 1 0 20 37 1 0 0 0 0 7 36 15 1 2 44 48 1 39 46 14 1 0 44 1 1 4 35 3 1 0 20 30 1 0 25 6 1 0 22 19 1 0 6 41 1 17 41 44 1 23 69 34 1 23 35 23 1 34 55 36 1 63 33 25 1 125 119 103 1 142 115 99 1 105 98 49 1 69 103 46 1 92 90 74 1 95 76 63 1 26 37 31 1 0 0 0 0 0 0 0 0 5 31 16 1 0 11 13 1 12 24 17 1 45 66 23 1 54 57 63 1 51 67 31 1 28 80 46 1 29 81 46 1 53 88 89 1 40 76 37 1 61 97 49 1 65 58 81 1 43 66 62 1 37 63 40 1 33 39 56 1 0 0 0 0 0 0 0 0 31 52 46 1 10 46 35 1 22 47 0 1 117 113 110 1 166 152 160 1 133 167 117 1 104 135 113 1 124 138 107 1 98 110 99 1 52 68 55 1 0 0 0 0 177 213 175 1 66 109 107 1 31 28 50 1 26 48 56 1 9 34 35 1
31 25 11 1 4 50 39 1 20 44 18 1 24 38 0 1 12 16 27 1 0 0 0 0 33 74 32 1 18 17 0 1 25 53 53 1 1 29 46 1 0 0 0 0 0 11 3 1 0 3 16 1 37 34 45 1 31 45 58 1 20 45 59 1 0 0 0 0 50 65 18 1 67 73 42 1 117 99 90 1 33 72 20 1 39 43 32 1 95 76 45 1 41 55 13 1 80 93 63 1 0 0 0 0 76 109 92 1 37 43 22 1 44 45 47 1 0 0 0 0 22 49 25 1 0 0 0 0 61 73 47 1 61 103 67 1 43 76 48 1 27 60 58 1 29 67 58 1 13 64 32 1 0 29 37 1 37 59 9 1 5 30 27 1 5 35 38 1 0 0 0 0 0 23 0 1 12 22 19 1 0 0 0 0 29 59 68 1 44 65 20 1 96 108 80 1 129 133 116 1 102 130 112 1 124 148 115 1 0 0 0 0 63 71 63 1 38 61 26 1 105 148 104 1 185 182 176 1 0 0 0 0 0 22 10 1 22 43 15 1 23 33 30 1
36 28 39 1 23 50 16 1 24 36 50 1 58 82 67 1 83 122 74 1 68 83 68 1 28 72 38 1 37 35 28 1 8 74 50 1 25 44 39 1 11 11 26 1 18 50 32 1 30 35 50 1 23 59 51 1 21 33 39 1 8 25 52 1 12 33 31 1 51 74 83 1 134 143 122 1 127 138 83 1 101 80 21 1 48 36 4 1 0 0 0 0 0 0 0 0 44 23 4 1 22 37 4 1 79 80 56 1 55 57 49 1 23 57 26 1 21 48 46 1 52 75 72 1 29 71 33 1 30 56 57 1 33 58 53 1 64 75 67 1 11 19 2 1 0 36 39 1 0 15 0 1 11 30 22 1 0 8 32 1 0 20 0 1 40 41 23 1 46 51 37 1 59 73 76 1 35 77 68 1 32 32 36 1 28 25 38 1 28 53 42 1 76 92 62 1 103 94 100 1 91 99 93 1 89 116 78 1 153 150 133 1 103 125 93 1 6 10 0 1 98 111 88 1 139 169 140 1 112 105 108 1 0 9 32 1 10 9 9 1 6 2 47 1
53 47 71 1 0 0 0 0 35 54 25 1 97 102 61 1 109 132 131 1 63 74 74 1 9 33 6 1 68 63 36 1 0 15 22 1 9 52 21 1 27 22 11 1 24 67 51 1 10 38 54 1 22 37 59 1 0 0 0 0 0 0 0 0 29 40 15 1 65 62 54 1 133 110 100 1 140 162 108 1 101 130 48 1 102 110 51 1 46 44 48 1 47 64 21 1 29 47 5 1 6 9 0 1 0 0 0 0 74 106 78 1 10 58 20 1 56 71 61 1 43 62 55 1 9 49 60 1 83 93 67 1 27 48 50 1 0 28 24 1 0 0 0 0 17 48 36 1 11 52 63 1 25 65 42 1 0 0 0 0 47 55 60 1 22 34 13 1 6 19 47 1 45 49 64 1 49 54 84 1 0 25 45 1 15 54 38 1 1 45 16 1 30 35 0 1 0 0 0 0 110 115 100 1 66 48 55 1 123 122 120 1 69 87 68 1 22 45 34 1 0 0 0 0 87 127 112 1 163 193 187 1 0 18 16 1 38 34 17 1 33 54 53 1
31 57 21 1 0 0 0 0 49 74 46 1 135 127 100 1 124 150 95 1 75 75 33 1 6 44 19 1 0 11 22 1 23 53 54 1 25 37 9 1 0 15 14 1 39 69 38 1 40 14 38 1 61 49 39 1 58 38 40 1 0 42 21 1 8 0 0 1 34 60 45 1 114 96 70 1 121 119 73 1 0 0 0 0 67 75 45 1 55 65 18 1 0 0 0 0 29 33 34 1 22 19 12 1 49 64 50 1 53 74 52 1 83 95 87 1 36 81 51 1 33 70 38 1 39 71 65 1 14 42 42 1 5 45 33 1 0 42 38 1 0 36 33 1 8 33 16 1 18 58 8 1 0 26 35 1 75 107 99 1 42 102 100 1 72 87 82 1 49 55 43 1 61 64 53 1 54 66 63 1 45 25 47 1 26 47 59 1 31 72 57 1 27 62 38 1 78 58 64 1 125 132 120 1 89 95 77 1 0 0 0 0 56 77 66 1 44 55 48 1 38 46 26 1 93 110 106 1 206 211 172 1 63 34 72 1 3 9 1 1 0 0 0 0
65 63 62 1 46 45 28 1 68 78 47 1 112 122 113 1 83 73 56 1 24 53 11 1 40 38 54 1 15 42 48 1 0 0 0 0 3 30 0 1 41 26 13 1 0 21 18 1 18 18 3 1 46 55 81 1 46 46 74 1 5 15 5 1 31 44 60 1 0 0 0 0 112 96 76 1 90 97 72 1 100 125 79 1 84 121 46 1 67 92 48 1 102 113 81 1 32 75 45 1 40 41 22 1 43 88 72 1 47 62 66 1 59 65 55 1 7 30 32 1 11 59 54 1 25 54 48 1 0 3 15 1 8 16 23 1 0 0 43 1 10 36 7 1 0 46 39 1 0 47 28 1 13 20 33 1 65 80 66 1 86 113 107 1 90 118 69 1 55 94 65 1 37 69 50 1 40 82 60 1 61 73 47 1 55 53 53 1 58 82 70 1 23 85 50 1 58 102 81 1 118 165 146 1 91 148 91 1 83 111 88 1 89 103 73 1 18 52 17 1 60 41 28 1 0 0 0 0 157 203 173 1 90 99 96 1 6 18 29 1 16 50 46 1
72 71 49 1 49 63 31 1 63 57 24 1 78 104 45 1 66 99 72 1 22 61 16 1 6 40 46 1 0 0 0 0 6 4 37 1 0 36 2 1 0 0 0 0 17 15 37 1 16 6 30 1 46 65 15 1 35 38 8 1 45 74 41 1 118 120 95 1 126 142 142 1 112 111 101 1 141 156 99 1 89 105 67 1 0 0 0 0 27 54 22 1 0 0 0 0 56 95 78 1 35 83 45 1 45 72 61 1 11 58 22 1 18 66 26 1 0 29 25 1 0 36 13 1 3 27 11 1 0 34 14 1 32 33 5 1 0 27 52 1 26 48 33 1 0 22 9 1 26 50 2 1 0 22 34 1 56 68 64 1 39 68 50 1 39 35 68 1 72 75 55 1 28 66 40 1 51 83 53 1 34 45 50 1 41 73 37 1 24 69 44 1 16 64 27 1 45 96 45 1 85 113 78 1 83 105 84 1 71 107 62 1 90 120 77 1 16 64 35 1 39 34 32 1 107 89 99 1 181 233 195 1 127 149 141 1 27 46 32 1 51 67 51 1
0 0 0 0 113 131 76 1 0 0 0 0 60 86 39 1 100 124 51 1 0 0 0 0 22 26 17 1 40 7 49 1 0 0 0 0 12 32 0 1 19 26 19 1 6 30 32 1 55 70 4 1 81 108 82 1 77 105 49 1 93 93 57 1 0 0 0 0 99 120 74 1 113 103 54 1 144 135 91 1 122 114 88 1 110 116 86 1 76 86 23 1 0 0 0 0 36 59 38 1 58 78 64 1 50 90 67 1 3 45 25 1 0 14 25 1 22 36 50 1 0 22 26 1 0 24 38 1 4 28 16 1 7 37 22 1 0 38 40 1 0 0 0 0 12 23 51 1 13 48 24 1 41 46 19 1 0 44 24 1 61 36 43 1 70 70 58 1 31 74 70 1 42 33 17 1 43 81 60 1 8 37 14 1 17 58 58 1 51 55 54 1 48 66 47 1 19 83 32 1 14 23 38 1 79 87 60 1 94 69 50 1 105 121 82 1 68 84 60 1 0 13 0 1 0 0 0 0 252 232 219 1 148 163 142 1 33 63 60 1 32 66 79 1
0 0 0 0 144 163 89 1 90 61 38 1 55 97 0 1 48 78 22 1 0 39 0 1 15 34 41 1 32 45 69 1 37 38 60 1 0 0 0 0 0 0 0 0 10 21 26 1 96 115 59 1 115 83 105 1 163 129 88 1 114 117 91 1 84 110 85 1 90 107 46 1 0 0 0 0 74 59 27 1 69 101 76 1 106 87 69 1 98 93 77 1 57 60 27 1 40 55 32 1 18 48 35 1 0 22 20 1 4 35 0 1 0 39 24 1 4 19 38 1 0 31 10 1 0 0 0 0 4 35 26 1 0 25 28 1 10 22 28 1 2 40 32 1 3 15 36 1 12 49 43 1 38 75 46 1 46 24 71 1 0 0 0 0 71 117 49 1 59 61 57 1 6 35 16 1 25 72 49 1 35 74 59 1 32 63 34 1 0 50 20 1 28 89 34 1 35 70 55 1 55 72 59 1 82 129 87 1 26 74 34 1 62 84 82 1 90 81 69 1 37 33 56 1 115 118 102 1 163 160 122 1 102 132 106 1 91 96 91 1 66 72 76 1
0 0 0 0 80 93 71 1 0 0 0 0 86 117 58 1 75 108 37 1 16 33 25 1 13 59 58 1 18 0 45 1 28 48 58 1 0 0 0 0 77 72 60 1 127 110 99 1 180 198 155 1 122 112 73 1 108 115 74 1 93 99 53 1 69 81 20 1 84 86 48 1 0 0 0 0 80 89 16 1 40 73 41 1 0 0 0 0 54 76 70 1 25 28 11 1 33 66 36 1 1 52 22 1 11 8 0 1 0 0 0 0 11 12 34 1 0 1 28 1 0 1 19 1 3 29 33 1 0 11 26 1 0 0 0 0 42 55 46 1 33 36 54 1 20 37 40 1 53 71 43 1 72 94 68 1 73 88 54 1 84 82 58 1 0 0 0 0 54 84 83 1 53 98 60 1 36 67 63 1 0 0 0 0 47 71 57 1 28 79 64 1 16 69 35 1 21 34 59 1 15 50 17 1 75 127 70 1 25 55 18 1 98 124 108 1 83 97 55 1 28 34 51 1 63 80 30 1 0 0 0 0 0 0 0 0 118 127 105 1 65 82 76 1
95 116 101 1 0 0 0 0 77 116 39 1 0 0 0 0 43 76 83 1 0 34 18 1 34 19 70 1 58 18 50 1 76 88 47 1 72 34 24 1 103 92 71 1 158 175 136 1 192 166 119 1 133 125 61 1 124 145 77 1 167 179 92 1 64 84 15 1 40 94 40 1 72 97 64 1 55 66 75 1 41 83 46 1 28 23 34 1 53 29 45 1 39 67 50 1 39 75 45 1 0 21 20 1 11 21 32 1 31 41 57 1 20 30 1 1 0 42 50 1 0 40 6 1 15 20 31 1 8 21 37 1 0 49 20 1 33 64 39 1 31 60 52 1 33 69 64 1 52 73 41 1 0 0 0 0 44 75 47 1 60 81 54 1 62 66 39 1 73 77 99 1 71 79 64 1 57 82 44 1 17 61 43 1 42 54 43 1 18 44 0 1 26 41 54 1 61 77 49 1 15 44 0 1 49 94 67 1 105 115 65 1 155 175 140 1 39 82 47 1 9 29 9 1 83 104 104 1 58 102 73 1 110 118 102 1 113 129 86 1 0 0 0 0
107 70 48 1 50 65 41 1 58 75 69 1 62 85 49 1 86 68 87 1 63 86 96 1 0 0 0 0 33 51 36 1 76 95 67 1 106 128 65 1 155 185 125 1 153 162 81 1 120 125 86 1 152 154 76 1 163 166 103 1 144 155 68 1 81 106 44 1 0 0 0 0 9 41 29 1 25 42 47 1 18 3 49 1 0 0 4 1 11 29 0 1 5 43 44 1 34 60 51 1 5 20 41 1 13 61 80 1 10 64 53 1 0 46 12 1 31 70 48 1 2 30 31 1 12 3 0 1 20 31 1 1 31 54 13 1 25 49 0 1 19 73 3 1 80 80 61 1 56 79 64 1 0 0 0 0 0 0 0 0 36 54 42 1 27 64 54 1 25 76 62 1 21 32 31 1 37 26 20 1 0 0 0 0 40 82 68 1 49 78 75 1 10 53 28 1 25 42 42 1 8 36 0 1 42 54 25 1 0 0 0 0 99 118 85 1 0 0 0 0 1 25 31 1 65 98 94 1 7 37 25 1 32 57 41 1 90 129 72 1 90 125 83 1
54 45 33 1 35 33 14 1 0 0 0 0 31 43 36 1 0 0 0 0 34 62 55 1 66 47 70 1 24 68 38 1 0 0 0 0 48 68 39 1 147 160 116 1 127 146 70 1 99 137 41 1 133 121 99 1 89 84 35 1 78 89 64 1 63 79 28 1 0 52 43 1 0 29 6 1 6 43 29 1 0 16 29 1 0 27 17 1 1 5 0 1 0 0 0 0 31 44 60 1 31 30 7 1 10 54 13 1 19 57 22 1 0 43 13 1 42 48 26 1 0 13 0 1 31 62 42 1 99 100 109 1 51 93 12 1 36 35 19 1 25 52 9 1 41 58 44 1 53 61 32 1 45 50 33 1 17 70 47 1 43 70 53 1 33 58 33 1 29 72 38 1 40 63 56 1 41 79 34 1 56 77 78 1 18 72 60 1 22 94 50 1 31 54 48 1 33 54 54 1 112 113 86 1 107 144 92 1 229 200 201 1 80 111 97 1 67 93 80 1 35 33 32 1 108 104 123 1 91 82 150 1 40 69 53 1 0 0 0 0 114 162 132 1
133 136 85 1 92 108 39 1 46 100 81 1 15 57 21 1 0 0 0 0 13 32 20 1 59 42 35 1 15 36 25 1 0 8 0 1 59 27 14 1 146 168 138 1 82 105 101 1 115 140 42 1 97 127 71 1 0 0 0 0 86 128 93 1 48 99 32 1 0 7 6 1 11 34 12 1 5 60 78 1 0 37 46 1 38 8 0 1 10 35 26 1 55 56 54 1 36 48 24 1 11 39 33 1 39 65 47 1 18 64 14 1 32 46 41 1 40 73 46 1 21 42 0 1 60 97 67 1 113 117 87 1 86 46 37 1 18 46 27 1 0 0 0 0 21 71 34 1 68 53 68 1 0 0 0 0 27 69 44 1 20 51 29 1 6 0 10 1 52 81 55 1 27 61 51 1 8 63 11 1 38 79 62 1 37 83 78 1 15 91 63 1 0 0 0 0 7 0 0 1 106 124 103 1 245 241 233 1 224 255 232 1 0 0 0 0 61 110 75 1 29 57 42 1 62 88 82 1 142 143 151 1 49 62 15 1 125 138 131 1 135 133 106 1
107 93 63 1 112 104 71 1 76 87 81 1 90 118 62 1 51 90 57 1 50 59 60 1 46 61 52 1 19 30 31 1 87 96 72 1 148 137 103 1 149 176 111 1 67 117 60 1 37 111 67 1 69 113 91 1 0 0 0 0 60 82 90 1 57 86 70 1 29 39 44 1 0 25 1 1 13 40 13 1 38 74 51 1 28 42 14 1 19 51 40 1 44 25 29 1 58 73 36 1 39 54 9 1 0 0 0 0 0 19 2 1 12 39 34 1 0 0 0 0 0 46 14 1 63 61 43 1 99 97 62 1 63 85 68 1 58 45 32 1 12 83 33 1 67 30 39 1 0 64 43 1 25 49 14 1 24 20 37 1 0 0 0 0 26 45 41 1 34 49 30 1 40 57 20 1 6 39 15 1 0 0 0 0 44 97 88 1 0 0 0 0 46 65 66 1 80 110 84 1 29 17 7 1 115 117 67 1 0 0 0 0 109 96 74 1 57 73 24 1 0 46 27 1 72 54 70 1 122 147 106 1 44 37 45 1 120 112 82 1 193 179 173 1
180 170 120 1 114 114 87 1 121 120 104 1 107 101 79 1 51 89 81 1 0 0 0 0 71 77 70 1 96 146 112 1 148 153 117 1 0 0 0 0 0 0 0 0 122 125 77 1 41 74 48 1 0 55 7 1 0 41 1 1 15 68 47 1 33 91 72 1 30 47 2 1 12 19 6 1 33 68 31 1 113 144 100 1 74 82 42 1 76 88 28 1 87 63 45 1 54 65 60 1 48 30 33 1 65 35 75 1 27 32 41 1 12 32 28 1 42 76 54 1 12 47 28 1 101 82 82 1 79 84 92 1 56 86 95 1 56 95 72 1 33 65 48 1 33 55 66 1 58 58 52 1 31 38 52 1 11 45 23 1 41 34 17 1 15 59 66 1 24 62 58 1 48 58 33 1 19 31 36 1 30 71 47 1 56 91 81 1 29 50 56 1 52 31 32 1 39 101 70 1 19 39 44 1 169 164 157 1 250 243 223 1 208 209 202 1 95 113 97 1 45 78 57 1 79 136 105 1 146 132 153 1 58 67 49 1 89 69 84 1 163 140 137 1
190 180 147 1 146 117 125 1 100 101 91 1 93 94 89 1 88 95 98 1 85 80 102 1 133 113 135 1 134 112 106 1 65 80 18 1 151 145 73 1 114 107 66 1 105 69 69 1 48 73 60 1 76 103 63 1 30 73 83 1 10 54 31 1 37 79 53 1 30 39 0 1 10 15 29 1 120 87 85 1 128 141 113 1 72 101 86 1 71 80 69 1 46 55 36 1 6 49 18 1 15 52 59 1 16 48 61 1 24 52 47 1 5 31 26 1 0 58 50 1 33 85 49 1 57 72 60 1 47 57 29 1 26 51 53 1 32 55 67 1 42 44 50 1 21 59 18 1 40 80 43 1 67 53 59 1 11 55 37 1 17 44 16 1 33 39 33 1 0 0 0 0 44 64 35 1 54 70 64 1 58 58 47 1 55 62 44 1 40 58 71 1 17 43 37 1 48 82 54 1 64 49 40 1 164 208 137 1 255 255 255 1 0 0 0 0 101 106 105 1 54 74 40 1 54 72 74 1 155 169 160 1 10 67 23 1 104 90 71 1 141 107 101 1
233 210 200 1 0 0 0 0 95 127 77 1 118 98 117 1 0 0 0 0 0 0 0 0 54 59 47 1 50 60 30 1 160 184 113 1 205 212 157 1 216 194 137 1 116 120 66 1 56 88 18 1 54 68 47 1 53 44 37 1 21 38 21 1 28 27 24 1 19 51 26 1 104 90 69 1 0 0 0 0 90 124 78 1 58 70 64 1 33 85 50 1 3 30 25 1 8 38 16 1 1 38 31 1 4 28 28 1 6 30 26 1 0 34 42 1 18 33 32 1 2 10 35 1 0 59 33 1 10 32 45 1 22 75 42 1 33 42 49 1 25 59 42 1 22 51 48 1 0 0 4 1 12 32 10 1 19 45 32 1 42 33 48 1 69 68 56 1 8 66 48 1 52 47 48 1 52 72 57 1 33 69 81 1 20 25 47 1 16 61 28 1 15 37 19 1 28 48 20 1 54 68 53 1 108 137 91 1 200 201 195 1 160 182 135 1 186 210 176 1 116 119 96 1 27 69 39 1 131 157 143 1 46 68 67 1 103 111 86 1 134 141 109 1
255 234 221 1 176 179 160 1 144 106 106 1 70 71 55 1 0 0 0 0 54 58 48 1 136 127 81 1 196 212 148 1 180 152 123 1 240 227 183 1 198 195 151 1 192 194 129 1 0 0 0 0 0 0 0 0 102 91 70 1 34 91 40 1 19 57 6 1 66 47 45 1 0 0 0 0 94 128 81 1 43 52 9 1 71 63 17 1 15 55 24 1 1 25 32 1 0 0 0 0 29 50 36 1 37 59 42 1 32 49 40 1 33 38 61 1 11 59 35 1 40 37 15 1 50 57 43 1 54 63 70 1 41 41 55 1 18 40 20 1 1 24 40 1 0 0 12 1 8 65 45 1 13 42 41 1 0 0 0 0 31 26 12 1 7 35 36 1 30 39 32 1 0 0 0 0 52 53 67 1 32 69 52 1 26 21 29 1 0 40 17 1 12 22 25 1 39 69 54 1 2 26 41 1 3 14 12 1 69 27 30 1 65 84 48 1 132 182 141 1 137 144 153 1 38 73 43 1 69 57 41 1 0 0 0 0 58 71 33 1 142 144 106 1
250 228 178 1 0 0 0 0 86 81 40 1 147 127 114 1 191 170 177 1 154 130 128 1 136 118 117 1 157 139 102 1 0 0 0 0 207 188 140 1 156 131 92 1 196 157 138 1 157 152 114 1 40 48 9 1 50 44 40 1 0 55 16 1 84 100 66 1 148 150 128 1 81 88 58 1 0 0 0 0 133 120 89 1 30 33 49 1 9 35 24 1 30 44 29 1 13 65 32 1 21 53 37 1 18 31 44 1 0 0 0 0 25 49 41 1 27 49 29 1 17 29 18 1 23 26 4 1 31 54 30 1 0 0 0 0 13 49 22 1 0 12 16 1 37 67 22 1 36 57 25 1 23 57 32 1 0 35 6 1 0 22 13 1 0 56 25 1 31 52 66 1 53 62 75 1 14 40 45 1 0 13 18 1 19 45 12 1 32 42 25 1 39 60 36 1 11 29 20 1 38 42 31 1 38 64 12 1 19 51 14 1 57 77 50 1 71 94 66 1 102 120 104 1 57 68 51 1 8 31 0 1 103 113 100 1 133 129 116 1 191 205 169 1
0 0 0 0 198 178 139 1 175 169 148 1 191 144 146 1 133 162 120 1 119 103 73 1 68 96 19 1 156 137 84 1 237 203 148 1 181 188 138 1 238 201 161 1 0 0 0 0 189 162 157 1 134 135 94 1 105 90 63 1 132 141 98 1 151 159 116 1 112 137 113 1 0 0 0 0 61 90 55 1 44 77 67 1 72 95 64 1 83 113 81 1 98 116 77 1 97 124 98 1 90 121 128 1 72 93 84 1 0 0 0 0 57 46 49 1 55 49 24 1 35 20 20 1 44 51 40 1 85 79 67 1 54 83 28 1 56 94 43 1 30 61 19 1 32 48 53 1 6 36 12 1 19 46 4 1 6 42 0 1 8 59 34 1 12 37 40 1 12 36 37 1 7 17 32 1 12 16 42 1 0 34 35 1 0 37 41 1 0 39 8 1 39 60 31 1 0 31 16 1 2 39 32 1 13 63 51 1 28 48 41 1 56 45 66 1 93 114 84 1 104 98 71 1 114 128 66 1 94 117 57 1 54 82 55 1 101 77 45 1 92 100 78 1
198 202 154 1 0 0 0 0 145 168 116 1 156 161 109 1 0 0 0 0 124 157 84 1 88 124 14 1 180 130 51 1 187 193 145 1 0 0 0 0 145 165 90 1 186 169 138 1 194 178 142 1 116 121 86 1 206 161 150 1 194 212 173 1 123 138 142 1 71 100 67 1 126 157 134 1 82 64 75 1 32 103 63 1 45 86 61 1 28 85 45 1 23 21 15 1 39 53 25 1 60 89 60 1 0 0 0 0 5 34 6 1 46 71 73 1 103 82 91 1 81 84 54 1 150 140 114 1 195 175 129 1 149 123 104 1 47 52 40 1 20 45 10 1 17 37 25 1 28 37 10 1 17 25 2 1 18 37 21 1 6 18 10 1 0 16 14 1 19 17 34 1 0 22 32 1 0 41 67 1 17 25 30 1 10 65 74 1 23 59 54 1 49 74 98 1 51 60 25 1 24 25 27 1 35 52 61 1 14 25 8 1 25 46 23 1 65 87 43 1 98 115 58 1 0 0 0 0 90 88 67 1 56 67 55 1 183 162 165 1 160 173 139 1
166 157 129 1 159 160 118 1 123 124 63 1 123 137 74 1 106 93 45 1 110 99 38 1 0 0 0 0 143 152 97 1 181 165 125 1 115 108 63 1 115 99 56 1 125 101 40 1 158 171 141 1 109 103 50 1 79 92 68 1 188 162 166 1 114 151 112 1 72 89 51 1 39 68 63 1 24 53 41 1 70 87 34 1 24 60 33 1 20 70 27 1 79 73 66 1 88 95 49 1 60 53 47 1 92 60 95 1 106 128 77 1 123 103 91 1 128 146 100 1 84 74 72 1 102 85 40 1 163 162 124 1 177 176 127 1 145 146 137 1 77 91 71 1 27 39 0 1 70 53 0 1 0 0 0 0 5 8 0 1 0 41 17 1 6 6 13 1 15 49 35 1 0 0 0 0 4 41 48 1 0 11 37 1 0 41 37 1 9 36 15 1 47 76 83 1 59 80 56 1 49 84 61 1 13 45 47 1 43 43 37 1 1 42 21 1 52 79 66 1 127 134 97 1 110 130 84 1 110 143 114 1 92 85 64 1 75 71 89 1 0 0 0 0
206 159 154 1 0 0 0 0 123 113 80 1 148 159 93 1 128 106 99 1 91 103 37 1 124 148 91 1 181 155 135 1 116 131 93 1 107 118 43 1 73 71 69 1 132 126 89 1 95 96 89 1 135 106 96 1 131 137 98 1 81 105 69 1 0 0 0 0 93 91 77 1 119 107 78 1 78 98 80 1 28 65 37 1 56 61 0 1 0 0 0 0 159 173 141 1 156 133 112 1 152 161 120 1 170 169 142 1 151 139 118 1 177 152 104 1 79 60 19 1 76 76 38 1 155 143 60 1 122 125 58 1 142 146 81 1 194 182 139 1 139 142 110 1 153 149 162 1 68 83 67 1 19 15 1 1 0 0 0 0 29 58 49 1 15 23 33 1 6 47 33 1 40 65 46 1 2 45 10 1 0 23 0 1 53 91 43 1 93 130 117 1 77 91 81 1 3 33 0 1 21 71 41 1 65 45 78 1 37 65 62 1 44 63 42 1 39 74 34 1 103 135 102 1 141 180 126 1 147 142 91 1 178 176 177 1 89 93 72 1 64 82 51 1
101 106 79 1 102 101 71 1 169 155 126 1 113 134 71 1 98 94 60 1 133 125 69 1 108 96 63 1 70 105 63 1 92 77 23 1 0 0 0 0 87 73 48 1 112 109 66 1 0 0 0 0 73 65 39 1 125 113 85 1 65 79 87 1 107 90 91 1 0 0 0 0 113 97 66 1 129 94 107 1 147 155 144 1 188 145 133 1 164 161 101 1 127 94 60 1 102 101 65 1 83 107 53 1 97 111 89 1 101 96 71 1 124 143 102 1 27 41 0 1 59 67 15 1 99 129 60 1 70 74 36 1 85 78 34 1 115 118 49 1 0 0 0 0 216 187 138 1 110 115 77 1 65 66 50 1 96 96 50 1 103 85 85 1 9 29 35 1 39 50 11 1 79 97 42 1 41 92 75 1 14 50 0 1 66 70 36 1 61 74 31 1 0 0 0 0 79 112 39 1 73 57 73 1 46 64 87 1 33 48 54 1 38 45 36 1 68 73 56 1 66 90 68 1 152 139 111 1 141 147 105 1 141 97 117 1 141 157 134 1 120 128 75 1
111 98 32 1 0 0 0 0 99 123 70 1 92 84 41 1 95 101 38 1 121 125 77 1 130 120 86 1 96 96 72 1 55 78 37 1 111 91 60 1 105 112 88 1 109 90 66 1 103 126 74 1 115 106 78 1 202 166 115 1 205 194 175 1 186 187 159 1 165 157 152 1 174 149 113 1 159 119 128 1 142 171 111 1 173 161 123 1 150 151 116 1 74 86 44 1 60 48 28 1 72 100 35 1 95 125 76 1 136 132 99 1 0 0 0 0 53 59 18 1 64 57 35 1 42 70 21 1 42 60 19 1 99 92 52 1 67 83 26 1 68 79 47 1 60 76 0 1 60 65 33 1 100 123 60 1 82 75 64 1 0 0 0 0 37 60 53 1 26 56 47 1 47 55 62 1 31 81 28 1 0 0 0 0 71 77 53 1 48 42 9 1 0 0 0 0 53 90 57 1 19 48 55 1 73 73 76 1 0 0 0 0 34 56 38 1 8 8 24 1 57 110 41 1 120 119 72 1 105 122 105 1 122 93 81 1 120 160 103 1 118 125 100 1
80 85 63 1 0 0 0 0 76 82 57 1 125 123 95 1 108 120 90 1 107 129 67 1 68 98 85 1 75 66 50 1 77 93 14 1 0 0 0 0 129 107 87 1 80 64 41 1 14 32 0 1 36 37 17 1 157 147 73 1 230 202 185 1 194 187 138 1 150 189 120 1 0 0 0 0 134 139 80 1 130 136 87 1 134 138 91 1 136 130 97 1 82 114 62 1 125 107 44 1 82 101 93 1 84 97 73 1 60 75 23 1 37 60 22 1 40 54 25 1 57 64 23 1 19 36 26 1 65 57 21 1 53 39 22 1 48 49 37 1 0 0 0 0 53 65 41 1 77 88 49 1 86 101 83 1 48 75 32 1 56 72 35 1 67 107 72 1 67 100 75 1 0 0 0 0 50 60 45 1 96 130 87 1 91 93 62 1 31 82 67 1 0 0 0 0 24 49 46 1 65 51 83 1 82 81 107 1 41 64 65 1 1 38 27 1 49 90 60 1 12 32 6 1 117 168 114 1 150 162 114 1 110 110 101 1 148 166 115 1 0 0 0 0
42 49 32 1 0 0 0 0 98 66 62 1 40 63 56 1 86 90 58 1 77 97 83 1 76 85 61 1 61 72 29 1 81 55 42 1 74 73 33 1 66 63 7 1 0 0 0 0 63 25 1 1 130 122 65 1 0 0 0 0 227 190 147 1 149 145 106 1 127 109 45 1 115 134 36 1 0 0 0 0 120 132 66 1 115 133 92 1 113 118 85 1 0 0 0 0 54 90 41 1 31 77 34 1 0 0 0 0 73 56 16 1 33 64 15 1 29 46 38 1 40 61 51 1 0 0 0 0 76 49 27 1 65 64 57 1 33 34 16 1 58 109 47 1 44 63 54 1 55 54 50 1 3 61 8 1 0 45 27 1 56 107 91 1 71 120 68 1 54 89 38 1 61 74 66 1 53 74 88 1 31 66 55 1 51 79 37 1 56 108 59 1 65 84 74 1 32 90 79 1 40 58 65 1 49 52 32 1 24 29 24 1 0 0 0 0 51 87 57 1 26 66 27 1 119 138 99 1 113 157 76 1 137 127 142 1 156 129 134 1 0 0 0 0
42 67 63 1 23 14 30 1 29 68 35 1 0 0 0 0 0 0 0 0 57 91 64 1 68 55 69 1 19 60 52 1 45 37 30 1 23 23 16 1 19 30 20 1 41 52 1 1 111 105 50 1 159 149 67 1 169 150 123 1 183 175 123 1 91 93 42 1 105 91 36 1 0 0 0 0 106 147 34 1 0 0 0 0 82 82 48 1 101 113 78 1 114 126 77 1 0 0 0 0 64 111 46 1 59 68 31 1 48 46 30 1 0 0 0 0 33 78 70 1 35 71 17 1 31 50 36 1 6 19 23 1 70 104 66 1 60 97 38 1 42 71 55 1 0 0 0 0 66 58 91 1 0 40 20 1 20 68 33 1 52 85 55 1 54 78 29 1 44 89 25 1 69 64 79 1 70 83 63 1 41 59 60 1 47 72 56 1 86 91 93 1 44 65 77 1 19 40 38 1 4 28 39 1 0 2 6 1 12 57 34 1 62 79 103 1 43 60 42 1 22 83 38 1 62 81 37 1 77 119 73 1 134 132 106 1 80 113 104 1 80 85 63 1
51 60 43 1 31 53 37 1 58 70 47 1 51 78 79 1 76 69 67 1 15 60 18 1 20 35 45 1 0 13 0 1 0 37 5 1 0 0 0 0 40 52 0 1 95 86 88 1 161 156 133 1 171 163 121 1 56 71 41 1 68 67 24 1 90 97 65 1 107 142 50 1 93 111 54 1 138 129 83 1 134 118 83 1 0 0 0 0 109 118 89 1 70 101 27 1 97 131 85 1 98 90 66 1 52 66 39 1 56 56 48 1 33 70 15 1 21 65 37 1 22 31 50 1 9 62 56 1 6 24 28 1 42 60 68 1 0 0 0 0 35 47 15 1 37 88 52 1 85 113 56 1 48 89 54 1 0 0 0 0 28 73 60 1 33 45 42 1 68 64 54 1 32 40 54 1 40 84 26 1 44 67 50 1 51 60 86 1 20 50 30 1 0 0 0 0 0 15 9 1 0 37 11 1 3 17 39 1 38 60 26 1 49 107 61 1 0 0 0 0 36 68 37 1 53 69 41 1 102 116 114 1 102 120 73 1 0 0 0 0 118 110 90 1
38 65 44 1 12 68 89 1 28 66 55 1 16 26 22 1 0 0 0 1 0 16 31 1 4 14 7 1 19 0 6 1 27 16 12 1 42 55 53 1 36 82 44 1 102 126 93 1 114 141 87 1 54 96 74 1 40 70 78 1 75 119 64 1 90 119 86 1 85 135 60 1 108 121 55 1 117 147 110 1 76 112 61 1 59 67 50 1 89 103 62 1 0 0 0 0 0 0 0 0 62 76 21 1 0 38 3 1 64 66 73 1 39 71 48 1 14 21 46 1 36 74 53 1 26 88 36 1 0 0 0 0 27 62 31 1 6 78 20 1 20 54 0 1 45 61 29 1 32 77 41 1 34 56 49 1 37 42 29 1 32 90 74 1 34 62 42 1 0 0 0 0 35 56 18 1 49 40 32 1 12 21 0 1 0 30 3 1 2 44 37 1 32 30 57 1 4 23 30 1 0 4 16 1 0 26 6 1 66 83 79 1 57 75 75 1 0 0 0 0 27 44 61 1 49 71 49 1 119 126 113 1 136 115 92 1 90 107 67 1 141 143 74 1
15 62 47 1 43 59 38 1 12 61 17 1 18 14 0 1 32 14 0 1 4 29 22 1 2 27 7 1 0 28 16 1 40 75 61 1 54 91 65 1 81 133 93 1 62 94 58 1 66 114 84 1 135 122 113 1 48 74 45 1 50 76 55 1 101 111 57 1 94 108 54 1 106 79 68 1 56 67 22 1 54 76 45 1 13 29 20 1 67 89 86 1 92 103 76 1 63 55 54 1 0 0 0 0 11 38 15 1 20 60 46 1 28 62 25 1 10 51 36 1 31 55 36 1 30 70 48 1 15 79 48 1 0 0 0 0 26 75 35 1 11 58 56 1 34 65 49 1 13 65 24 1 47 102 92 1 42 71 52 1 2 47 54 1 1 57 41 1 0 0 0 0 0 0 0 0 15 22 25 1 0 0 11 1 0 33 14 1 21 22 25 1 15 27 33 1 12 24 4 1 4 82 67 1 44 74 58 1 76 92 75 1 36 60 59 1 44 48 38 1 24 86 39 1 12 43 51 1 65 92 31 1 118 124 119 1 95 98 63 1 118 134 96 1
31 71 39 1 18 19 41 1 0 15 5 1 7 19 3 1 12 31 34 1 12 54 28 1 3 50 10 1 2 52 43 1 71 81 67 1 64 89 54 1 88 91 100 1 17 48 19 1 94 92 91 1 0 0 0 0 79 91 43 1 98 115 88 1 74 66 41 1 109 129 109 1 114 97 95 1 43 62 37 1 57 86 54 1 27 56 17 1 39 27 5 1 60 63 40 1 71 97 64 1 69 107 86 1 36 44 50 1 30 33 37 1 51 34 42 1 32 46 35 1 33 37 56 1 34 41 33 1 25 54 55 1 36 67 48 1 25 47 55 1 18 73 33 1 0 0 0 0 39 61 36 1 38 61 44 1 36 50 47 1 0 40 58 1 0 24 24 1 0 0 0 0 0 20 10 1 0 41 25 1 0 16 0 1 24 48 35 1 42 46 57 1 0 17 0 1 10 10 10 1 54 74 54 1 86 95 75 1 64 119 64 1 18 65 35 1 0 0 0 0 34 90 80 1 0 0 0 0 56 83 59 1 122 133 89 1 80 118 80 1 113 103 90 1
53 86 69 1 5 35 36 1 0 0 4 1 13 9 9 1 6 10 28 1 1 29 4 1 23 85 65 1 68 55 62 1 51 59 53 1 0 0 0 0 58 43 52 1 132 135 91 1 186 210 144 1 61 71 52 1 96 81 80 1 116 121 101 1 27 70 43 1 61 108 15 1 78 101 107 1 18 36 41 1 16 28 0 1 0 0 0 0 32 31 6 1 30 39 11 1 0 0 0 0 30 58 24 1 0 14 13 1 0 0 0 0 17 57 14 1 38 67 53 1 34 68 41 1 21 46 41 1 39 38 6 1 32 78 53 1 27 52 38 1 37 48 25 1 31 58 43 1 29 73 42 1 31 42 35 1 2 17 27 1 0 21 29 1 7 19 22 1 22 19 14 1 0 38 37 1 0 0 0 0 0 44 5 1 0 50 28 1 26 54 52 1 3 22 17 1 0 0 0 0 50 51 69 1 40 81 30 1 27 67 29 1 57 94 65 1 37 62 31 1 35 66 49 1 29 51 66 1 13 44 24 1 0 0 0 0 85 127 59 1 95 104 57 1