2
581 1795 87 65
40 39 50 1 23 65 40 1 57 78 43 1 41 80 47 1 25 55 45 1 0 0 0 0 48 89 67 1 63 101 58 1 82 116 67 1 59 84 65 1 80 121 81 1 89 105 66 1 67 113 62 1 32 97 71 1 25 53 48 1 17 86 23 1 60 80 75 1 45 67 44 1 61 64 43 1 37 27 46 1 28 92 53 1 9 41 14 1 54 49 22 1 59 96 60 1 67 77 25 1 50 46 1 1 52 49 36 1 0 0 0 0 139 142 105 1 33 29 19 1 103 68 59 1 33 42 0 1 8 24 46 1 83 99 102 1 104 102 97 1 79 78 88 1 27 43 65 1 47 97 97 1 42 65 38 1 37 40 45 1 32 24 39 1 94 93 82 1 101 110 90 1 60 114 98 1 114 144 142 1 114 144 129 1 48 69 59 1 21 47 15 1 32 46 25 1 155 147 133 1 95 119 79 1 79 79 111 1 0 0 0 0 10 57 40 1 35 37 34 1 0 0 0 0 7 54 17 1 29 15 24 1 0 0 0 0 13 65 54 1 10 14 0 1 89 104 47 1 33 43 24 1 172 129 121 1 0 0 0 0
45 64 19 1 52 75 58 1 0 22 19 1 10 66 5 1 53 84 45 1 0 0 0 0 64 79 50 1 0 0 0 0 70 110 63 1 53 77 32 1 74 89 53 1 0 0 0 0 41 65 27 1 58 83 47 1 68 76 54 1 80 80 79 1 45 88 75 1 36 55 27 1 23 38 6 1 0 0 0 0 7 25 0 1 0 9 6 1 17 12 4 1 54 70 64 1 71 68 43 1 89 66 64 1 66 78 69 1 80 77 54 1 0 0 0 0 62 87 64 1 23 57 22 1 0 0 0 0 6 36 11 1 98 107 99 1 68 93 89 1 0 0 0 0 70 81 46 1 90 101 89 1 33 29 32 1 19 33 33 1 42 54 81 1 65 80 99 1 61 66 52 1 67 111 94 1 70 61 93 1 27 23 53 1 81 75 73 1 71 78 70 1 155 138 133 1 122 171 133 1 180 197 158 1 124 135 135 1 76 82 37 1 19 30 11 1 0 44 43 1 18 47 80 1 160 126 124 1 137 134 153 1 130 140 149 1 0 0 0 0 60 73 73 1 0 0 0 0 4 21 0 1 22 34 13 1 31 43 26 1
60 53 14 1 0 0 0 0 85 97 107 1 47 95 54 1 0 0 0 0 51 62 36 1 33 69 43 1 52 68 24 1 23 47 7 1 55 63 36 1 62 74 19 1 64 62 51 1 34 50 19 1 57 76 39 1 77 92 60 1 57 34 48 1 44 63 34 1 18 8 9 1 0 37 0 1 0 18 15 1 31 47 47 1 42 51 49 1 27 26 28 1 72 32 22 1 0 0 0 0 0 19 0 1 13 3 0 1 23 53 29 1 27 60 22 1 0 0 0 0 68 70 71 1 13 17 0 1 62 80 73 1 41 81 74 1 70 87 77 1 75 70 94 1 27 44 77 1 2 6 15 1 29 34 0 1 110 118 158 1 74 82 84 1 43 58 50 1 58 46 67 1 106 94 120 1 33 46 66 1 87 125 109 1 146 130 118 1 149 140 125 1 170 173 130 1 220 200 188 1 169 180 169 1 48 101 53 1 38 69 42 1 4 37 0 1 17 36 29 1 81 86 71 1 227 220 222 1 222 204 217 1 214 210 218 1 164 158 154 1 46 89 21 1 35 65 49 1 7 18 17 1 14 16 14 1 14 27 0 1
51 55 50 1 49 84 44 1 33 61 39 1 51 89 26 1 107 129 109 1 0 0 0 0 83 133 88 1 71 140 81 1 92 97 50 1 69 114 66 1 65 84 58 1 61 93 64 1 85 84 54 1 74 121 86 1 0 0 0 0 0 10 0 1 0 5 8 1 0 0 0 0 0 6 0 1 57 58 33 1 32 58 33 1 49 47 17 1 13 34 10 1 18 62 37 1 34 43 30 1 27 43 50 1 19 35 52 1 0 0 0 0 33 58 25 1 0 44 40 1 13 5 19 1 0 32 0 1 110 120 122 1 112 109 83 1 98 86 80 1 73 46 59 1 68 47 23 1 0 0 0 0 144 138 144 1 0 0 0 0 79 106 88 1 39 73 87 1 82 114 125 1 66 74 85 1 51 79 78 1 124 97 70 1 72 32 35 1 91 107 118 1 109 131 81 1 158 149 135 1 54 101 82 1 0 0 0 0 12 36 10 1 27 28 1 1 8 40 60 1 105 78 98 1 194 213 173 1 255 219 255 1 243 239 234 1 184 203 207 1 118 137 132 1 128 127 118 1 110 134 136 1 51 61 56 1 4 6 4 1
2 28 19 1 4 5 0 1 0 30 9 1 0 35 4 1 13 53 8 1 0 0 0 0 37 85 34 1 44 71 41 1 67 75 66 1 18 73 32 1 35 39 8 1 0 0 0 0 0 0 0 0 0 23 5 1 12 17 12 1 0 11 1 1 34 19 27 1 62 44 56 1 8 36 33 1 62 45 68 1 35 39 22 1 45 49 46 1 17 54 49 1 0 0 0 0 40 66 45 1 48 56 20 1 0 0 0 0 11 28 18 1 37 27 24 1 0 12 0 1 4 31 35 1 44 57 41 1 0 0 0 0 49 81 37 1 0 0 0 0 76 61 50 1 0 0 0 0 255 247 255 1 255 238 244 1 206 220 209 1 160 151 159 1 119 110 129 1 144 156 143 1 114 119 146 1 86 94 64 1 0 0 0 0 93 104 85 1 157 170 125 1 90 115 138 1 0 40 10 1 34 64 59 1 112 172 140 1 38 70 104 1 28 46 52 1 84 62 82 1 149 126 116 1 159 137 114 1 190 176 163 1 163 168 137 1 157 103 125 1 180 179 157 1 154 149 141 1 107 101 88 1 33 23 14 1 33 7 3 1
23 38 40 1 12 22 3 1 0 28 4 1 31 42 0 1 14 32 18 1 32 48 16 1 13 60 22 1 0 0 0 0 30 40 30 1 0 25 4 1 0 0 0 0 5 44 15 1 15 16 26 1 3 20 12 1 21 38 14 1 4 28 17 1 20 42 34 1 54 37 40 1 44 47 41 1 28 54 44 1 41 74 28 1 15 26 12 1 13 30 6 1 20 36 0 1 0 0 0 0 32 28 21 1 0 0 0 0 0 0 0 0 35 73 64 1 80 111 98 1 80 98 94 1 0 0 0 0 78 72 57 1 119 127 77 1 100 98 70 1 156 141 141 1 122 143 104 1 168 165 162 1 208 191 170 1 132 156 150 1 141 167 147 1 191 190 185 1 200 150 161 1 137 154 128 1 196 200 182 1 185 183 181 1 136 108 135 1 179 205 171 1 124 127 164 1 92 107 122 1 162 199 190 1 113 141 150 1 48 98 79 1 29 36 33 1 91 113 96 1 236 233 241 1 253 227 199 1 187 120 86 1 132 80 84 1 125 96 68 1 0 0 0 0 90 68 34 1 98 80 41 1 129 115 117 1 118 100 105 1
49 51 33 1 0 0 0 0 23 54 23 1 0 0 0 0 15 46 0 1 0 51 11 1 19 43 6 1 0 23 4 1 0 14 10 1 27 30 0 1 32 41 46 1 0 0 0 0 7 24 15 1 28 21 11 1 10 42 36 1 19 55 30 1 39 43 33 1 52 42 28 1 48 51 35 1 46 39 39 1 0 0 0 0 13 39 26 1 12 46 49 1 50 65 53 1 0 0 0 0 95 79 60 1 58 85 60 1 36 62 58 1 42 64 58 1 46 84 29 1 52 36 23 1 124 128 101 1 54 89 11 1 94 99 61 1 95 96 62 1 118 125 118 1 152 142 112 1 0 0 0 0 201 231 189 1 170 190 180 1 159 136 144 1 0 0 0 0 181 215 166 1 218 217 189 1 245 247 235 1 250 255 204 1 255 241 222 1 247 248 227 1 217 203 216 1 177 209 227 1 144 162 193 1 89 74 135 1 26 44 82 1 41 49 61 1 255 255 209 1 255 250 214 1 255 227 207 1 231 208 154 1 120 125 75 1 93 53 34 1 0 0 0 0 234 201 144 1 0 0 0 0 162 151 114 1 134 144 109 1
0 0 0 0 4 66 24 1 40 60 39 1 16 47 25 1 0 40 15 1 16 45 16 1 7 35 17 1 53 46 10 1 15 58 79 1 12 53 30 1 54 50 59 1 28 26 3 1 39 29 11 1 15 45 14 1 2 58 7 1 0 0 0 0 21 66 22 1 31 75 44 1 42 57 29 1 7 58 6 1 12 43 22 1 0 0 0 0 36 50 46 1 54 91 86 1 96 157 115 1 107 99 94 1 56 93 67 1 144 148 132 1 96 104 69 1 80 42 46 1 82 66 24 1 72 82 21 1 45 53 2 1 62 52 26 1 62 87 91 1 115 109 100 1 139 119 128 1 119 138 139 1 127 143 139 1 53 78 43 1 60 72 83 1 121 119 119 1 143 153 124 1 198 213 188 1 0 0 0 0 244 246 241 1 164 144 166 1 147 171 171 1 206 212 194 1 128 153 170 1 54 80 88 1 78 74 136 1 100 89 121 1 79 116 123 1 238 254 220 1 246 255 229 1 255 255 209 1 255 196 159 1 213 210 141 1 237 204 177 1 255 238 207 1 199 170 137 1 159 150 143 1 165 166 92 1 141 114 82 1
36 80 25 1 24 65 0 1 43 77 11 1 40 58 31 1 45 94 48 1 29 34 4 1 9 25 0 1 0 18 5 1 0 52 26 1 6 16 24 1 33 34 13 1 46 99 67 1 43 50 67 1 32 39 39 1 15 47 0 1 1 55 0 1 0 40 1 1 42 68 28 1 21 71 54 1 12 33 38 1 0 0 0 1 39 46 35 1 42 43 56 1 28 65 47 1 65 84 58 1 61 70 72 1 81 100 81 1 114 115 91 1 66 49 43 1 0 0 0 0 108 64 34 1 0 0 0 0 139 131 110 1 43 50 21 1 74 92 95 1 35 40 76 1 64 81 92 1 65 107 119 1 39 36 55 1 6 15 31 1 50 70 79 1 88 91 89 1 157 170 148 1 248 255 255 1 251 255 251 1 208 219 205 1 86 127 77 1 0 0 0 0 164 139 149 1 0 0 0 0 104 114 107 1 93 87 97 1 59 47 58 1 0 0 0 0 248 255 242 1 236 173 186 1 221 206 150 1 122 94 56 1 157 145 118 1 201 205 194 1 219 223 186 1 194 194 171 1 161 160 115 1 155 154 109 1 105 111 51 1
58 60 45 1 59 81 39 1 72 83 28 1 39 60 67 1 72 56 51 1 32 50 25 1 3 53 2 1 24 48 29 1 53 67 62 1 70 92 65 1 73 70 68 1 67 112 56 1 44 58 40 1 21 29 28 1 11 48 27 1 0 47 13 1 21 66 0 1 36 82 38 1 59 79 62 1 0 0 0 0 8 19 8 1 25 42 27 1 63 61 74 1 40 53 52 1 65 112 84 1 153 174 161 1 0 0 0 0 79 66 41 1 67 84 41 1 109 122 109 1 96 121 44 1 86 107 67 1 0 0 0 0 10 47 16 1 76 91 75 1 38 96 92 1 3 68 52 1 28 73 90 1 25 63 65 1 61 98 93 1 16 61 77 1 49 61 53 1 193 206 192 1 242 255 255 1 228 220 220 1 128 168 138 1 160 152 173 1 160 192 168 1 94 122 87 1 143 152 115 1 74 92 49 1 100 100 77 1 126 126 117 1 241 249 227 1 244 239 204 1 214 212 207 1 174 151 145 1 146 102 64 1 174 130 82 1 150 157 100 1 140 133 106 1 158 179 121 1 133 157 101 1 87 93 72 1 114 125 82 1
39 67 14 1 40 56 25 1 35 75 30 1 45 61 39 1 49 47 31 1 19 21 14 1 23 34 1 1 64 65 37 1 83 87 55 1 57 89 26 1 6 57 48 1 28 55 27 1 0 0 0 0 0 39 12 1 6 55 22 1 13 52 9 1 0 0 0 0 51 80 34 1 70 87 64 1 45 88 60 1 18 56 0 1 54 52 34 1 67 61 68 1 90 95 82 1 92 81 85 1 0 0 0 0 97 107 79 1 95 79 60 1 142 126 77 1 140 150 97 1 60 65 0 1 78 73 12 1 159 158 151 1 82 90 75 1 43 54 87 1 58 111 106 1 41 82 104 1 11 66 65 1 24 57 71 1 22 69 94 1 0 44 49 1 119 112 127 1 243 254 255 1 210 234 255 1 0 0 0 0 117 147 166 1 116 114 141 1 165 183 188 1 0 0 0 0 158 164 137 1 157 183 126 1 231 226 192 1 233 255 199 1 250 234 216 1 235 208 225 1 247 214 203 1 243 203 197 1 233 166 159 1 166 147 125 1 141 132 98 1 164 148 95 1 0 0 0 0 121 129 72 1 118 108 62 1 101 102 35 1
53 67 22 1 26 91 24 1 20 50 35 1 54 62 32 1 0 59 20 1 0 62 6 1 41 92 71 1 20 45 32 1 14 61 9 1 57 61 50 1 12 12 0 1 24 34 36 1 0 2 0 1 9 44 7 1 28 40 35 1 16 35 0 1 20 53 24 1 14 63 29 1 76 108 93 1 59 76 78 1 6 56 50 1 50 79 69 1 36 37 73 1 125 129 130 1 153 115 81 1 149 141 80 1 120 107 90 1 111 86 34 1 173 155 121 1 157 136 123 1 106 65 79 1 0 0 0 0 177 145 170 1 0 0 0 0 23 49 60 1 26 81 94 1 0 0 0 0 27 47 119 1 46 91 124 1 37 58 57 1 1 31 31 1 202 193 206 1 221 242 238 1 220 210 236 1 0 0 0 0 103 125 99 1 119 103 119 1 255 255 252 1 211 222 194 1 208 191 206 1 0 0 0 0 254 236 205 1 169 158 133 1 218 214 181 1 183 161 155 1 200 197 174 1 243 246 205 1 0 0 0 0 0 0 0 0 150 135 124 1 122 83 68 1 115 131 88 1 129 141 85 1 146 101 105 1 85 107 68 1
0 0 0 0 8 38 47 1 15 34 7 1 11 59 33 1 35 68 44 1 40 48 29 1 17 57 31 1 5 58 6 1 0 29 9 1 60 87 34 1 42 28 27 1 26 58 12 1 60 67 71 1 20 39 27 1 26 25 26 1 36 31 19 1 30 77 54 1 41 50 29 1 0 0 0 0 40 53 67 1 46 71 84 1 78 58 62 1 89 80 94 1 129 169 149 1 176 173 141 1 133 125 82 1 63 78 21 1 0 0 0 0 133 119 95 1 141 130 95 1 103 84 79 1 60 59 39 1 133 167 159 1 0 0 0 0 46 65 91 1 56 98 130 1 73 95 116 1 92 131 144 1 32 77 101 1 40 45 61 1 53 25 82 1 191 204 220 1 194 204 215 1 168 194 213 1 92 93 102 1 0 0 0 0 183 197 214 1 224 240 223 1 200 221 207 1 175 150 139 1 152 148 117 1 130 129 96 1 198 205 159 1 85 86 94 1 0 0 0 1 115 105 97 1 202 199 202 1 204 213 197 1 158 145 135 1 120 118 76 1 121 107 60 1 114 98 38 1 106 91 61 1 84 91 67 1 0 0 0 0
43 48 11 1 45 50 25 1 31 52 12 1 47 78 57 1 66 86 81 1 10 53 23 1 0 0 2 1 0 0 0 0 31 75 21 1 73 89 84 1 18 30 23 1 33 52 27 1 54 54 56 1 62 69 43 1 0 0 0 0 79 84 63 1 76 93 76 1 98 99 94 1 23 66 50 1 66 55 40 1 57 51 82 1 46 45 46 1 0 0 0 0 170 143 160 1 125 140 101 1 98 95 76 1 77 112 48 1 180 174 163 1 90 40 45 1 110 127 90 1 152 138 91 1 124 101 90 1 90 105 84 1 47 59 62 1 22 70 63 1 49 86 101 1 60 110 110 1 35 92 123 1 44 82 69 1 23 47 66 1 104 99 128 1 238 242 255 1 214 190 229 1 118 133 136 1 226 217 240 1 255 255 240 1 211 211 224 1 0 0 0 0 178 204 180 1 213 199 181 1 206 207 163 1 194 170 151 1 203 173 157 1 99 62 52 1 24 0 18 1 73 82 50 1 0 0 0 0 164 186 150 1 0 0 0 0 127 139 87 1 166 145 116 1 143 117 83 1 122 117 96 1 103 125 63 1 146 126 115 1
52 40 26 1 35 63 19 1 0 0 0 0 22 32 10 1 0 25 24 1 0 0 0 0 8 4 0 1 43 43 9 1 63 87 78 1 99 88 90 1 89 90 78 1 138 117 95 1 89 64 59 1 0 0 0 0 234 231 203 1 168 172 137 1 154 145 119 1 0 0 0 0 59 66 54 1 65 82 50 1 70 75 53 1 32 36 4 1 107 134 131 1 212 207 187 1 143 111 95 1 112 119 81 1 183 159 125 1 172 122 134 1 127 115 77 1 0 0 0 0 148 145 90 1 136 122 114 1 127 146 119 1 87 119 101 1 22 49 62 1 36 67 88 1 41 82 100 1 15 33 76 1 5 17 19 1 65 87 99 1 195 183 200 1 247 236 255 1 254 253 255 1 240 251 252 1 0 0 0 0 199 212 197 1 0 0 0 0 88 89 74 1 153 140 118 1 208 215 168 1 252 224 202 1 232 226 206 1 206 173 142 1 227 224 185 1 146 136 115 1 134 124 84 1 188 222 171 1 141 150 121 1 0 0 0 0 106 96 84 1 126 89 59 1 123 108 88 1 146 132 118 1 77 104 55 1 95 82 45 1
34 34 31 1 26 53 14 1 49 76 18 1 35 41 9 1 22 12 0 1 0 0 0 0 71 86 68 1 101 108 78 1 113 109 76 1 133 124 87 1 85 99 108 1 102 66 69 1 81 82 50 1 207 186 165 1 255 236 178 1 252 255 197 1 166 132 93 1 57 72 27 1 41 51 38 1 78 86 79 1 99 107 96 1 59 62 38 1 149 160 119 1 200 191 190 1 149 150 121 1 123 119 97 1 149 127 132 1 0 0 0 0 187 164 157 1 159 157 128 1 0 0 0 0 138 148 124 1 156 185 160 1 0 0 0 0 74 125 98 1 104 114 89 1 67 103 105 1 82 63 69 1 98 117 123 1 224 248 215 1 231 255 211 1 219 223 255 1 231 243 210 1 179 200 187 1 255 244 250 1 237 239 232 1 192 180 181 1 162 147 122 1 156 147 119 1 241 249 229 1 240 255 197 1 207 186 153 1 0 0 0 0 0 0 0 0 234 189 190 1 224 191 190 1 180 140 117 1 0 0 0 0 123 113 83 1 111 111 62 1 75 108 38 1 76 94 7 1 106 84 51 1 112 95 65 1 110 129 82 1
3 68 17 1 0 0 0 0 13 72 24 1 59 62 30 1 8 62 18 1 60 76 51 1 0 0 0 0 83 48 39 1 42 60 13 1 0 0 0 0 147 170 127 1 152 164 120 1 169 155 144 1 222 217 168 1 208 175 162 1 220 205 151 1 111 56 42 1 51 99 45 1 0 0 0 0 0 0 0 0 152 132 112 1 107 117 68 1 158 152 112 1 158 131 145 1 169 163 132 1 126 140 104 1 113 116 105 1 0 0 0 0 0 0 0 0 170 183 125 1 180 158 115 1 145 154 135 1 159 171 149 1 108 113 105 1 105 146 142 1 79 130 106 1 34 37 45 1 69 78 60 1 236 221 209 1 255 255 229 1 245 237 255 1 255 255 242 1 255 238 232 1 177 192 164 1 241 223 225 1 255 254 239 1 255 243 225 1 189 182 133 1 180 195 138 1 245 233 201 1 202 188 155 1 151 101 82 1 116 99 46 1 168 147 138 1 242 181 181 1 187 169 169 1 169 135 133 1 119 111 67 1 126 128 82 1 124 100 61 1 113 94 56 1 79 78 13 1 70 85 30 1 0 0 0 0 95 84 60 1
34 63 6 1 62 54 12 1 28 28 30 1 0 0 0 0 17 37 8 1 0 0 0 0 67 37 14 1 61 65 44 1 59 72 44 1 56 97 38 1 74 100 66 1 105 88 51 1 88 72 52 1 236 204 180 1 218 229 206 1 147 133 82 1 60 49 16 1 61 60 22 1 31 64 24 1 69 73 47 1 70 55 21 1 108 105 52 1 144 150 102 1 189 178 190 1 227 166 189 1 130 113 133 1 104 66 123 1 148 131 123 1 140 105 110 1 154 153 95 1 114 84 51 1 101 127 66 1 166 177 138 1 141 151 152 1 80 136 111 1 42 31 41 1 5 7 35 1 111 98 103 1 229 237 243 1 249 243 235 1 253 255 232 1 255 255 239 1 255 250 250 1 250 249 206 1 255 245 217 1 201 229 193 1 255 245 210 1 214 184 165 1 200 196 158 1 0 0 0 0 183 159 122 1 175 137 143 1 219 186 156 1 187 184 174 1 211 194 190 1 0 0 0 0 136 144 126 1 146 149 124 1 138 138 107 1 112 81 43 1 83 116 47 1 0 0 0 0 71 83 35 1 101 89 55 1 53 55 17 1
37 39 17 1 42 68 2 1 29 19 27 1 21 37 29 1 36 26 6 1 0 37 31 1 0 0 0 0 61 78 41 1 64 95 30 1 54 67 0 1 75 94 42 1 0 0 0 0 102 107 56 1 138 139 109 1 226 223 151 1 0 0 0 0 18 36 16 1 0 0 0 0 51 60 30 1 4 48 0 1 78 82 49 1 0 0 0 0 134 130 75 1 159 168 140 1 180 174 177 1 119 99 142 1 100 93 121 1 119 91 124 1 181 189 168 1 154 157 124 1 136 127 106 1 126 124 117 1 111 125 92 1 173 148 159 1 108 100 101 1 9 0 15 1 111 87 111 1 255 247 255 1 255 249 241 1 255 255 239 1 0 0 0 0 255 255 255 1 255 255 247 1 246 255 232 1 253 235 223 1 185 166 171 1 0 0 0 0 249 232 192 1 225 227 178 1 234 204 175 1 207 204 181 1 187 185 154 1 0 0 0 0 210 191 141 1 211 183 161 1 170 171 162 1 177 149 116 1 145 160 112 1 0 0 0 0 97 102 94 1 91 91 55 1 143 110 75 1 0 0 0 0 49 61 11 1 25 66 18 1
25 74 40 1 43 55 18 1 32 50 27 1 0 0 0 0 0 0 0 0 16 59 15 1 44 92 57 1 42 92 46 1 73 67 20 1 82 99 55 1 71 101 33 1 103 63 45 1 122 112 57 1 114 102 52 1 87 91 46 1 110 102 53 1 26 44 32 1 39 72 43 1 76 90 78 1 108 110 70 1 136 140 82 1 147 128 101 1 142 119 110 1 156 153 126 1 183 156 152 1 81 74 95 1 175 145 179 1 213 222 196 1 219 183 198 1 168 167 137 1 195 161 154 1 169 169 157 1 227 187 178 1 246 216 239 1 137 133 144 1 67 50 51 1 119 123 128 1 248 252 255 1 246 245 251 1 250 255 255 1 255 255 232 1 0 0 0 0 244 244 212 1 229 255 233 1 255 255 238 1 198 180 132 1 193 190 150 1 241 255 190 1 255 248 216 1 243 196 197 1 219 204 165 1 144 127 102 1 192 179 139 1 217 202 174 1 189 156 126 1 172 171 107 1 136 118 85 1 86 72 75 1 119 132 104 1 148 148 93 1 136 125 104 1 171 186 153 1 144 154 116 1 118 136 105 1 89 92 64 1
32 51 43 1 28 33 11 1 27 28 26 1 29 42 4 1 33 34 0 1 35 80 29 1 54 54 48 1 59 50 6 1 33 64 29 1 66 65 36 1 0 0 0 0 0 0 0 0 92 75 19 1 65 97 55 1 81 121 89 1 100 111 76 1 52 79 33 1 56 99 67 1 90 113 106 1 113 104 125 1 175 167 122 1 175 194 179 1 129 140 106 1 131 129 112 1 0 0 0 0 96 72 81 1 217 195 202 1 191 204 145 1 183 192 195 1 184 172 121 1 160 128 119 1 192 173 169 1 234 167 183 1 195 206 230 1 143 160 151 1 28 69 65 1 64 78 107 1 246 255 248 1 255 255 234 1 236 238 216 1 255 239 249 1 254 255 230 1 225 229 220 1 251 255 233 1 0 0 0 0 245 219 190 1 233 173 162 1 233 223 195 1 215 211 193 1 0 0 0 0 193 187 148 1 141 158 85 1 188 158 140 1 165 188 101 1 130 110 71 1 90 84 59 1 78 118 50 1 133 126 93 1 198 195 134 1 123 137 104 1 0 0 0 0 0 0 0 0 130 114 108 1 135 139 135 1 21 19 7 1
71 68 48 1 40 59 19 1 32 53 33 1 8 71 0 1 10 62 19 1 3 40 5 1 29 75 10 1 54 79 42 1 51 73 39 1 50 81 34 1 50 75 22 1 0 0 0 0 98 99 60 1 81 81 70 1 55 79 61 1 34 80 53 1 70 73 50 1 105 113 104 1 92 117 112 1 105 113 129 1 124 134 135 1 120 158 144 1 128 117 127 1 0 0 0 0 64 63 70 1 136 110 120 1 244 241 229 1 203 204 173 1 238 246 198 1 231 229 214 1 217 215 214 1 208 191 192 1 204 198 186 1 0 0 0 0 106 100 72 1 37 59 58 1 129 101 78 1 190 195 156 1 210 216 212 1 0 0 0 0 234 211 190 1 213 200 171 1 207 172 134 1 203 192 174 1 255 255 213 1 254 230 183 1 151 159 119 1 211 211 162 1 246 243 191 1 196 192 126 1 148 111 100 1 116 114 81 1 193 190 123 1 191 178 150 1 128 155 106 1 129 108 94 1 110 119 72 1 79 71 41 1 52 48 31 1 66 49 26 1 116 118 98 1 45 55 22 1 22 24 15 1 27 2 0 1 35 40 21 1
0 0 0 0 48 73 60 1 35 36 31 1 15 18 10 1 30 64 44 1 0 0 0 0 34 57 24 1 0 0 0 0 0 0 0 0 68 55 51 1 57 68 43 1 60 40 36 1 100 106 37 1 0 0 0 0 55 45 43 1 78 74 96 1 106 126 114 1 105 129 110 1 59 93 130 1 115 121 155 1 97 108 150 1 78 67 130 1 107 133 138 1 81 84 68 1 60 78 19 1 184 184 165 1 250 230 216 1 188 169 147 1 150 126 97 1 0 0 0 0 209 160 151 1 0 0 0 0 146 128 95 1 130 133 111 1 48 66 52 1 115 132 110 1 0 0 0 0 129 119 80 1 208 209 160 1 249 207 176 1 154 182 126 1 174 133 104 1 90 93 57 1 136 140 123 1 163 152 139 1 156 137 105 1 152 160 75 1 187 192 145 1 249 235 227 1 142 136 111 1 0 0 0 0 120 113 103 1 147 153 97 1 207 220 184 1 89 81 55 1 128 140 97 1 149 125 80 1 141 155 146 1 70 89 40 1 102 102 81 1 20 35 16 1 0 0 0 0 79 93 48 1 167 191 208 1 111 149 131 1
85 109 92 1 92 83 52 1 26 68 33 1 23 47 4 1 38 58 36 1 76 82 65 1 57 63 42 1 71 90 64 1 72 65 22 1 49 76 30 1 58 48 39 1 0 0 0 0 81 82 50 1 39 55 27 1 106 124 108 1 72 83 67 1 129 151 86 1 109 121 110 1 92 111 182 1 115 134 140 1 97 129 123 1 96 102 129 1 73 63 101 1 113 66 89 1 187 177 196 1 255 255 246 1 231 243 198 1 243 252 211 1 184 176 153 1 0 0 0 0 143 154 115 1 213 197 161 1 175 160 136 1 143 169 133 1 192 187 146 1 192 220 190 1 0 0 0 0 136 166 114 1 167 177 130 1 175 158 115 1 181 184 155 1 173 182 135 1 103 120 60 1 168 173 136 1 224 219 189 1 165 156 114 1 181 138 133 1 0 0 0 0 177 146 114 1 115 85 69 1 118 126 83 1 107 105 67 1 94 100 66 1 166 169 87 1 131 156 133 1 111 96 76 1 113 122 103 1 132 144 104 1 8 57 0 1 11 22 6 1 36 51 4 1 25 51 0 1 85 83 54 1 47 68 55 1 3 8 14 1
0 0 0 0 65 60 43 1 75 72 51 1 51 69 39 1 69 49 46 1 47 63 3 1 43 68 24 1 0 0 0 0 55 42 44 1 101 88 49 1 10 61 19 1 53 51 35 1 110 64 71 1 106 106 91 1 123 108 102 1 76 93 67 1 72 68 68 1 95 135 117 1 90 128 104 1 109 135 144 1 101 93 102 1 62 93 105 1 165 170 175 1 203 205 219 1 255 253 245 1 225 188 167 1 229 181 155 1 223 217 161 1 187 153 143 1 172 150 146 1 198 175 155 1 216 208 162 1 224 244 188 1 213 194 159 1 231 253 213 1 207 172 160 1 251 233 205 1 184 213 175 1 232 227 174 1 131 98 84 1 163 147 129 1 160 193 141 1 123 93 85 1 148 168 145 1 225 224 187 1 0 0 0 0 223 212 163 1 172 159 138 1 145 150 107 1 152 118 91 1 103 121 81 1 79 79 43 1 53 80 23 1 16 31 0 1 107 134 76 1 80 72 43 1 104 115 108 1 17 20 0 1 0 0 0 0 97 128 71 1 0 0 0 0 37 48 9 1 59 81 71 1 81 100 46 1 0 0 0 0
48 58 52 1 33 76 42 1 44 64 48 1 67 36 68 1 50 84 56 1 49 76 54 1 114 122 72 1 0 0 0 0 47 90 69 1 36 51 31 1 0 0 0 0 87 96 69 1 85 98 66 1 132 146 149 1 173 173 166 1 94 116 113 1 101 110 77 1 124 134 112 1 52 86 102 1 59 78 68 1 21 27 25 1 106 85 66 1 231 223 233 1 0 0 0 0 255 252 217 1 184 170 150 1 0 0 0 0 207 190 152 1 198 185 146 1 149 127 91 1 241 183 178 1 163 142 117 1 221 201 151 1 215 210 169 1 208 230 190 1 153 128 97 1 202 189 154 1 193 196 167 1 183 193 146 1 243 232 222 1 229 210 173 1 157 142 116 1 142 137 90 1 111 117 89 1 188 181 182 1 231 217 170 1 174 154 124 1 0 0 0 0 140 110 99 1 114 131 91 1 60 61 41 1 38 59 0 1 63 60 8 1 39 86 52 1 98 106 107 1 76 69 51 1 52 49 41 1 155 160 149 1 48 76 33 1 2 0 9 1 0 25 13 1 20 61 25 1 62 91 67 1 76 63 40 1 45 49 0 1
64 36 37 1 71 67 44 1 65 89 69 1 73 72 32 1 62 50 27 1 54 49 5 1 12 45 0 1 17 43 40 1 0 0 0 0 35 29 11 1 48 48 27 1 112 103 109 1 108 117 107 1 120 129 131 1 0 0 0 0 96 99 67 1 140 126 102 1 163 193 151 1 0 0 0 0 175 167 148 1 205 194 190 1 220 217 189 1 220 183 192 1 230 223 193 1 0 0 0 0 154 160 115 1 0 0 0 0 135 114 73 1 143 147 88 1 0 0 0 0 182 182 130 1 222 239 186 1 196 190 116 1 185 191 146 1 172 145 122 1 64 107 40 1 108 114 78 1 177 192 161 1 129 113 77 1 234 233 185 1 228 219 188 1 0 0 0 0 0 0 0 0 124 119 94 1 80 49 28 1 108 114 81 1 133 107 122 1 177 167 115 1 74 67 47 1 104 72 62 1 64 59 23 1 85 79 39 1 24 54 28 1 26 49 33 1 33 46 11 1 32 51 38 1 62 54 24 1 28 51 40 1 15 94 43 1 50 71 60 1 74 87 36 1 46 41 0 1 48 59 11 1 66 91 49 1 82 85 54 1
53 63 33 1 88 79 55 1 0 0 0 0 103 120 93 1 53 61 22 1 29 42 34 1 14 35 10 1 0 34 45 1 61 100 102 1 91 132 133 1 77 115 106 1 81 93 107 1 83 123 125 1 128 161 148 1 92 110 99 1 47 82 54 1 150 136 122 1 224 176 171 1 171 167 168 1 233 236 213 1 238 202 223 1 224 209 173 1 169 168 160 1 234 244 186 1 150 137 79 1 150 127 121 1 189 144 121 1 0 0 0 0 183 170 109 1 129 116 82 1 190 186 145 1 130 127 101 1 158 144 113 1 202 192 137 1 164 152 131 1 177 141 106 1 144 122 82 1 207 186 194 1 106 115 72 1 81 71 41 1 157 159 104 1 142 163 95 1 149 147 103 1 0 0 0 0 98 107 96 1 132 140 118 1 0 0 0 0 175 183 181 1 109 111 101 1 64 84 67 1 67 79 89 1 129 127 115 1 38 39 45 1 6 25 0 1 24 38 15 1 54 64 54 1 91 93 68 1 69 85 34 1 101 90 34 1 13 37 3 1 53 64 10 1 0 0 0 0 120 158 106 1 96 132 78 1 0 0 0 0
0 0 0 0 60 93 32 1 92 120 78 1 133 164 126 1 93 115 93 1 11 0 0 1 0 42 12 1 60 88 86 1 41 110 110 1 60 94 114 1 87 117 125 1 103 139 144 1 73 79 100 1 8 50 40 1 39 64 70 1 79 91 82 1 198 178 181 1 253 220 244 1 253 248 247 1 255 247 181 1 241 235 202 1 189 180 149 1 0 0 0 0 174 170 124 1 170 151 99 1 158 135 82 1 124 137 85 1 213 177 145 1 177 142 95 1 106 99 41 1 0 0 0 0 197 205 170 1 79 74 55 1 105 57 20 1 108 131 80 1 224 255 205 1 189 211 150 1 196 195 149 1 154 142 118 1 52 46 0 1 115 127 85 1 198 175 121 1 137 115 99 1 145 146 86 1 104 100 48 1 237 255 205 1 225 217 188 1 0 0 0 0 30 17 23 1 7 36 14 1 57 77 70 1 44 58 74 1 31 36 37 1 33 49 36 1 45 40 32 1 25 57 0 1 114 108 99 1 119 143 94 1 79 112 90 1 85 77 48 1 56 57 69 1 0 0 0 0 120 173 107 1 152 175 103 1 85 96 68 1
64 75 60 1 66 63 30 1 0 0 0 0 109 136 98 1 163 144 121 1 77 124 91 1 0 0 0 0 116 127 157 1 123 136 176 1 99 124 130 1 103 133 164 1 85 142 147 1 76 66 100 1 0 16 20 1 123 171 158 1 235 223 197 1 252 255 213 1 0 0 0 0 154 172 131 1 255 222 184 1 240 223 189 1 232 189 190 1 230 209 180 1 163 150 122 1 125 93 76 1 128 124 55 1 139 140 72 1 0 0 0 0 188 171 143 1 141 137 87 1 79 72 40 1 111 109 71 1 77 89 61 1 96 112 62 1 83 50 38 1 209 199 189 1 203 208 179 1 0 0 0 0 128 131 75 1 112 76 64 1 153 163 95 1 0 0 0 0 108 144 83 1 60 80 13 1 42 60 18 1 130 144 97 1 97 96 48 1 4 4 2 1 12 37 29 1 23 51 65 1 15 35 67 1 11 31 36 1 54 73 60 1 5 0 21 1 11 42 2 1 30 32 10 1 51 71 24 1 76 95 36 1 71 100 53 1 129 143 107 1 104 115 78 1 47 73 48 1 59 127 67 1 38 33 4 1 0 19 15 1
66 65 30 1 64 79 43 1 78 81 86 1 63 84 56 1 100 82 119 1 113 114 109 1 104 132 147 1 131 127 157 1 28 73 82 1 66 94 117 1 83 117 121 1 0 0 0 0 103 121 153 1 123 110 120 1 255 242 254 1 255 236 222 1 224 199 174 1 255 224 195 1 199 200 162 1 229 255 215 1 0 0 0 0 227 239 162 1 205 198 139 1 155 125 103 1 145 80 75 1 0 0 0 0 64 69 52 1 151 153 111 1 0 0 0 0 140 137 92 1 0 0 0 0 159 149 111 1 52 87 51 1 92 77 22 1 78 52 14 1 163 148 122 1 143 150 142 1 139 159 115 1 150 106 69 1 0 0 0 0 116 105 50 1 26 43 0 1 48 66 26 1 46 52 17 1 27 56 20 1 32 54 17 1 42 58 62 1 23 55 28 1 23 78 43 1 2 27 39 1 0 4 44 1 0 21 27 1 1 14 39 1 3 33 55 1 18 40 10 1 26 44 43 1 76 99 33 1 75 61 4 1 59 77 54 1 60 76 52 1 46 28 19 1 58 54 37 1 143 185 140 1 25 49 31 1 9 39 8 1
38 14 0 1 71 67 40 1 88 90 62 1 0 0 0 0 83 122 97 1 82 79 64 1 96 119 106 1 116 144 143 1 40 67 73 1 108 141 126 1 45 70 67 1 51 86 76 1 79 75 121 1 254 255 246 1 250 244 226 1 218 196 168 1 237 240 194 1 234 209 170 1 215 193 156 1 192 203 188 1 224 232 197 1 170 162 124 1 187 153 115 1 146 134 93 1 105 79 85 1 0 0 0 0 0 0 0 0 193 183 138 1 127 154 76 1 108 138 78 1 118 136 79 1 117 137 79 1 64 77 29 1 0 0 0 0 75 65 32 1 29 46 0 1 53 87 16 1 81 107 14 1 81 85 46 1 88 120 79 1 144 134 99 1 0 0 0 0 74 78 52 1 34 63 25 1 0 50 10 1 17 59 25 1 27 42 34 1 0 0 0 0 0 27 31 1 0 36 52 1 18 43 79 1 14 37 45 1 12 29 59 1 20 45 17 1 3 8 0 1 20 55 20 1 40 57 25 1 47 57 8 1 57 81 38 1 42 48 0 1 85 97 61 1 169 162 130 1 117 141 127 1 0 29 12 1 20 21 0 1
47 76 45 1 162 173 135 1 171 152 160 1 76 112 108 1 71 73 66 1 89 108 114 1 138 115 170 1 104 89 131 1 79 66 75 1 79 98 111 1 86 77 114 1 255 222 252 1 225 248 249 1 251 255 249 1 219 209 181 1 247 232 183 1 251 229 168 1 218 169 128 1 201 193 139 1 186 170 149 1 197 203 176 1 186 172 165 1 165 154 120 1 145 136 118 1 154 117 108 1 126 87 65 1 44 47 27 1 116 103 81 1 113 116 80 1 121 142 100 1 45 67 17 1 37 74 7 1 54 56 21 1 87 95 33 1 53 83 46 1 75 65 46 1 64 84 57 1 85 94 76 1 67 59 49 1 0 0 0 0 144 178 128 1 78 110 64 1 9 31 29 1 27 22 15 1 16 34 33 1 0 12 16 1 0 0 0 0 16 53 42 1 13 13 34 1 0 40 39 1 1 15 41 1 7 30 29 1 7 29 45 1 20 31 24 1 37 61 29 1 50 74 60 1 49 102 42 1 81 85 57 1 42 22 1 1 19 18 17 1 62 88 72 1 65 89 71 1 67 64 58 1 0 25 0 1 0 9 0 1
117 128 117 1 180 173 164 1 156 185 187 1 119 124 130 1 127 152 140 1 183 178 180 1 181 182 163 1 78 82 89 1 77 86 59 1 117 122 137 1 203 225 215 1 249 245 236 1 255 255 255 1 242 248 205 1 254 255 238 1 255 212 195 1 163 132 103 1 208 177 130 1 137 103 72 1 64 81 29 1 104 106 90 1 184 183 145 1 161 147 133 1 127 140 114 1 110 97 87 1 118 109 68 1 67 72 56 1 0 0 0 0 82 103 53 1 94 119 90 1 83 92 76 1 58 68 19 1 63 28 17 1 40 62 30 1 37 65 10 1 68 59 33 1 75 97 63 1 91 91 73 1 0 32 20 1 31 28 0 1 120 113 107 1 0 0 0 0 0 33 20 1 1 68 31 1 0 24 0 1 3 38 38 1 0 0 0 0 14 29 42 1 2 27 58 1 0 31 33 1 0 0 0 0 26 32 18 1 0 6 14 1 2 57 28 1 26 32 36 1 46 65 34 1 40 114 52 1 39 62 20 1 17 8 0 1 15 15 18 1 41 49 29 1 5 12 0 1 2 11 0 1 8 38 15 1 9 15 0 1
130 145 93 1 112 135 106 1 0 0 0 0 100 125 108 1 130 131 173 1 159 147 164 1 135 151 133 1 102 106 102 1 106 100 71 1 192 175 166 1 247 255 235 1 233 250 255 1 254 243 255 1 245 250 222 1 236 237 211 1 0 0 0 0 154 122 83 1 157 153 73 1 178 147 114 1 113 91 82 1 145 121 120 1 149 141 102 1 132 92 78 1 0 0 0 0 0 0 0 0 48 56 49 1 97 90 88 1 98 121 58 1 72 67 43 1 100 106 107 1 69 81 74 1 87 72 41 1 52 106 67 1 78 86 3 1 89 60 21 1 52 63 42 1 44 44 0 1 5 0 0 1 15 11 26 1 11 0 0 1 0 0 0 0 70 72 69 1 46 64 49 1 0 39 8 1 15 43 13 1 9 23 24 1 0 0 0 0 31 33 56 1 8 47 43 1 0 0 0 0 0 0 0 0 7 22 38 1 24 37 21 1 13 52 29 1 19 50 26 1 16 30 20 1 9 60 63 1 35 41 34 1 11 0 0 1 0 0 3 1 24 29 0 1 27 39 31 1 12 0 8 1 0 48 13 1 0 20 24 1
122 106 92 1 77 107 120 1 95 109 84 1 70 44 91 1 56 92 100 1 88 109 143 1 74 135 120 1 170 189 174 1 164 193 200 1 246 231 246 1 0 0 0 0 235 252 234 1 247 248 242 1 255 255 228 1 243 225 194 1 193 189 153 1 152 163 133 1 123 144 86 1 110 126 55 1 138 148 78 1 164 167 131 1 160 125 107 1 0 0 0 0 69 84 59 1 97 105 66 1 0 0 0 0 72 63 21 1 94 101 76 1 89 114 68 1 141 111 82 1 0 0 0 0 51 56 9 1 68 114 54 1 0 0 0 0 0 0 0 0 37 23 0 1 0 0 0 0 0 0 0 0 3 8 21 1 0 0 0 0 49 84 72 1 20 35 34 1 0 0 44 1 0 30 48 1 0 22 41 1 0 35 54 1 1 32 56 1 21 56 69 1 20 37 43 1 30 3 38 1 0 31 26 1 0 23 10 1 11 21 36 1 30 41 46 1 0 42 18 1 4 39 28 1 21 58 41 1 0 23 8 1 0 22 0 1 28 34 26 1 21 17 0 1 15 28 63 1 4 41 0 1 0 35 22 1 5 31 26 1
134 144 114 1 94 101 110 1 97 107 144 1 105 107 128 1 79 84 91 1 0 0 0 0 95 100 113 1 106 117 122 1 140 158 133 1 244 255 255 1 0 0 0 0 254 255 243 1 230 241 230 1 248 227 199 1 255 244 229 1 237 236 184 1 157 167 130 1 161 196 159 1 134 143 100 1 139 128 97 1 144 106 80 1 94 53 46 1 40 44 6 1 85 66 19 1 52 85 48 1 0 0 0 0 99 103 69 1 80 75 52 1 125 91 53 1 93 84 44 1 63 46 25 1 60 64 64 1 74 85 51 1 82 78 29 1 53 91 0 1 85 80 45 1 105 102 90 1 62 88 78 1 0 0 0 0 40 20 9 1 30 43 31 1 0 25 22 1 20 34 27 1 0 11 15 1 7 43 55 1 1 41 38 1 3 25 23 1 7 40 54 1 7 42 40 1 39 67 33 1 16 42 21 1 2 8 7 1 0 38 29 1 21 36 23 1 6 20 45 1 0 20 16 1 0 28 16 1 0 3 0 1 6 0 15 1 16 35 46 1 27 44 32 1 41 35 26 1 7 22 20 1 0 0 0 0 0 0 6 1
152 149 150 1 83 120 116 1 85 74 96 1 85 92 101 1 0 0 0 0 141 173 175 1 202 215 221 1 213 201 183 1 0 0 0 0 253 245 240 1 0 0 0 0 255 240 255 1 246 255 224 1 255 255 235 1 253 248 209 1 200 191 156 1 156 116 92 1 167 147 170 1 101 105 79 1 113 96 72 1 108 87 48 1 98 86 37 1 78 66 2 1 0 0 0 0 81 90 77 1 0 0 0 0 91 107 74 1 0 0 0 0 59 100 43 1 77 67 5 1 21 58 28 1 74 77 68 1 47 103 29 1 32 67 41 1 49 86 32 1 41 73 40 1 34 69 21 1 0 0 0 0 35 68 43 1 79 87 89 1 0 18 1 1 8 22 4 1 31 47 78 1 5 41 71 1 0 0 0 0 9 82 69 1 0 16 42 1 0 12 29 1 35 20 36 1 25 13 25 1 0 24 58 1 24 25 41 1 42 47 39 1 42 61 24 1 0 42 35 1 0 55 31 1 4 22 21 1 0 32 35 1 1 0 26 1 17 60 18 1 11 42 36 1 35 71 36 1 17 60 27 1 0 17 19 1 0 0 0 0
45 64 34 1 53 60 68 1 151 160 153 1 0 0 0 0 255 243 255 1 255 255 235 1 255 251 214 1 255 238 236 1 250 250 222 1 255 242 190 1 230 229 202 1 221 251 215 1 239 244 222 1 250 255 202 1 199 221 169 1 189 170 141 1 202 179 169 1 174 153 138 1 137 144 108 1 94 74 51 1 14 38 23 1 78 78 46 1 0 0 0 0 0 0 0 0 73 74 19 1 79 75 26 1 131 132 68 1 0 0 0 0 110 103 64 1 100 112 100 1 43 78 72 1 42 87 34 1 3 22 10 1 25 49 2 1 47 38 16 1 55 55 3 1 28 16 0 1 10 30 5 1 59 62 54 1 90 117 98 1 16 30 25 1 0 0 0 0 33 23 30 1 5 24 23 1 23 34 53 1 20 90 97 1 18 36 32 1 37 46 54 1 35 28 47 1 0 29 14 1 0 0 0 0 45 29 62 1 12 40 59 1 30 65 51 1 0 0 0 0 4 19 9 1 0 33 8 1 33 40 24 1 0 26 7 1 24 42 41 1 0 0 0 0 20 31 28 1 7 28 5 1 0 30 8 1 18 38 21 1
161 168 165 1 198 216 208 1 248 255 219 1 0 0 0 0 217 193 178 1 190 216 173 1 244 238 212 1 212 208 192 1 255 226 214 1 242 255 222 1 244 242 247 1 204 189 155 1 187 214 179 1 190 185 133 1 158 133 109 1 188 166 154 1 180 205 176 1 149 130 98 1 109 93 67 1 82 113 55 1 111 80 93 1 123 146 101 1 145 144 87 1 126 122 73 1 92 105 56 1 86 86 48 1 72 50 47 1 78 79 40 1 84 102 69 1 88 91 89 1 45 65 29 1 62 93 50 1 0 0 0 0 54 80 71 1 56 64 17 1 10 19 0 1 0 17 0 1 13 35 0 1 9 4 2 1 49 93 59 1 41 66 56 1 30 36 32 1 0 32 40 1 24 32 43 1 7 20 28 1 7 57 59 1 17 19 15 1 1 31 58 1 24 47 54 1 9 38 35 1 42 39 37 1 0 7 32 1 5 40 17 1 9 42 49 1 6 19 18 1 21 48 38 1 50 82 67 1 50 71 34 1 6 24 10 1 24 90 46 1 67 100 67 1 30 62 23 1 0 0 0 0 13 16 0 1 17 30 0 1
254 232 232 1 205 177 162 1 202 183 141 1 255 246 198 1 250 255 224 1 249 255 219 1 245 255 235 1 238 235 184 1 0 0 0 0 225 216 180 1 215 224 184 1 234 207 176 1 201 174 149 1 193 159 136 1 208 202 168 1 234 207 194 1 181 156 114 1 182 131 132 1 105 61 54 1 74 90 69 1 65 81 41 1 52 46 26 1 0 0 0 0 150 155 108 1 0 0 0 0 92 85 59 1 44 67 44 1 90 87 87 1 59 96 24 1 9 16 0 1 3 0 0 1 16 35 25 1 14 42 7 1 0 0 0 0 42 73 18 1 0 23 8 1 40 59 42 1 26 39 44 1 0 0 0 0 12 23 50 1 28 67 46 1 0 22 48 1 18 25 0 1 0 6 38 1 1 54 47 1 0 32 48 1 0 19 18 1 19 31 35 1 28 21 31 1 41 52 34 1 48 85 60 1 14 40 20 1 0 0 0 0 32 78 49 1 12 23 33 1 0 25 25 1 36 34 17 1 25 0 3 1 14 37 4 1 55 123 59 1 65 138 51 1 0 0 0 0 74 94 53 1 35 62 27 1 21 57 34 1
248 255 193 1 227 207 160 1 231 185 149 1 255 238 182 1 255 237 185 1 216 193 179 1 180 198 144 1 169 161 107 1 74 76 48 1 103 88 74 1 0 0 0 0 217 229 167 1 200 196 133 1 165 165 112 1 134 126 90 1 95 91 36 1 0 0 0 0 103 106 64 1 76 81 57 1 121 115 76 1 0 0 0 0 146 164 92 1 131 101 86 1 0 0 0 0 106 138 82 1 87 97 53 1 0 0 0 0 28 33 31 1 0 0 0 0 59 61 30 1 38 70 11 1 68 63 28 1 75 64 44 1 0 0 0 0 1 0 15 1 24 71 42 1 54 57 38 1 56 52 39 1 66 113 89 1 73 88 75 1 0 35 26 1 0 42 42 1 0 0 0 0 10 19 42 1 43 81 106 1 19 36 48 1 8 42 32 1 23 56 49 1 69 76 73 1 35 58 71 1 27 80 64 1 36 59 38 1 30 41 10 1 42 93 73 1 34 44 67 1 9 52 27 1 32 37 8 1 16 37 6 1 19 50 13 1 78 109 55 1 82 94 48 1 76 78 65 1 74 108 48 1 55 94 27 1 66 89 30 1
232 167 139 1 219 161 123 1 227 164 150 1 222 189 171 1 255 225 189 1 156 129 101 1 139 147 106 1 72 40 32 1 74 80 0 1 143 134 96 1 126 120 69 1 173 163 115 1 168 176 130 1 173 198 131 1 72 75 39 1 45 30 15 1 73 82 6 1 99 131 66 1 108 93 71 1 102 92 72 1 89 94 71 1 82 114 35 1 0 0 0 0 80 79 57 1 78 81 68 1 76 69 40 1 36 56 8 1 17 31 0 1 62 58 58 1 85 120 102 1 56 77 58 1 136 155 111 1 147 148 110 1 0 0 0 0 51 73 51 1 0 0 0 0 96 94 101 1 63 66 43 1 20 33 0 1 0 56 47 1 85 117 124 1 21 71 86 1 0 0 0 0 0 6 45 1 25 78 42 1 22 74 18 1 36 39 61 1 0 0 0 0 73 108 63 1 0 0 0 0 17 72 23 1 0 26 8 1 0 44 5 1 26 94 76 1 40 70 34 1 0 37 6 1 0 35 10 1 15 53 0 1 27 73 16 1 37 68 16 1 35 75 12 1 17 61 24 1 35 84 34 1 28 57 14 1 60 124 44 1
192 156 137 1 173 148 131 1 241 209 213 1 248 220 158 1 255 206 190 1 212 173 184 1 184 159 135 1 144 127 94 1 180 152 99 1 177 160 141 1 94 95 69 1 149 176 113 1 211 211 144 1 225 223 189 1 90 80 39 1 0 0 0 0 47 76 21 1 36 23 0 1 140 121 107 1 103 125 55 1 72 90 55 1 81 109 50 1 112 116 60 1 67 86 21 1 65 103 22 1 36 70 11 1 76 71 23 1 69 92 61 1 69 87 36 1 0 0 0 0 97 120 79 1 0 0 0 0 10 24 1 1 7 29 14 1 50 53 30 1 0 0 0 0 26 46 29 1 0 0 0 0 29 54 51 1 0 0 0 0 30 47 71 1 0 10 45 1 1 29 41 1 0 45 24 1 38 73 53 1 32 85 56 1 32 74 47 1 34 39 6 1 91 86 63 1 0 0 0 0 54 88 34 1 3 24 0 1 0 36 18 1 0 0 0 0 17 64 34 1 2 15 42 1 45 49 33 1 7 38 18 1 0 0 0 0 11 81 14 1 0 0 0 0 26 60 0 1 7 44 19 1 15 63 25 1 39 77 29 1
173 137 87 1 214 212 168 1 235 228 204 1 252 228 176 1 240 252 228 1 242 202 206 1 163 188 145 1 125 132 110 1 185 161 145 1 190 160 145 1 179 154 129 1 171 173 121 1 0 0 0 0 134 109 108 1 70 63 35 1 95 124 75 1 90 88 36 1 58 92 50 1 70 54 49 1 130 126 92 1 136 161 139 1 116 142 76 1 87 103 49 1 59 118 36 1 53 98 27 1 74 89 43 1 88 105 49 1 38 68 28 1 29 62 29 1 91 84 60 1 102 103 109 1 91 112 82 1 81 92 120 1 85 118 66 1 31 50 48 1 18 51 11 1 36 13 32 1 24 59 49 1 47 77 59 1 54 70 79 1 22 63 67 1 9 14 52 1 24 31 49 1 0 0 0 0 39 93 82 1 0 0 0 0 63 109 68 1 51 100 40 1 53 69 42 1 39 72 31 1 38 40 21 1 20 57 35 1 13 55 28 1 0 63 37 1 18 32 14 1 10 30 35 1 0 38 34 1 25 54 9 1 12 44 3 1 25 57 0 1 24 92 50 1 78 104 84 1 52 101 71 1 53 73 45 1 48 42 29 1
220 225 213 1 241 243 219 1 217 215 227 1 255 235 242 1 209 187 209 1 197 203 174 1 202 189 163 1 180 158 181 1 160 148 159 1 168 187 143 1 130 110 71 1 92 73 44 1 25 26 0 1 56 21 11 1 84 78 60 1 91 86 74 1 0 0 0 0 67 101 61 1 20 76 49 1 68 43 64 1 77 34 63 1 68 67 28 1 54 94 38 1 92 65 15 1 61 88 32 1 30 59 27 1 35 40 7 1 17 45 12 1 0 0 0 0 9 50 19 1 7 14 3 1 50 43 24 1 17 21 23 1 14 23 14 1 0 0 0 1 41 8 21 1 14 38 50 1 5 22 0 1 24 39 28 1 33 0 13 1 8 17 28 1 3 0 38 1 0 16 17 1 35 88 49 1 0 0 0 0 7 42 17 1 60 98 67 1 82 125 95 1 35 30 5 1 0 7 8 1 22 23 4 1 0 21 19 1 0 0 0 0 6 58 29 1 21 32 14 1 0 34 19 1 0 16 22 1 0 28 0 1 15 29 22 1 28 53 11 1 13 56 15 1 52 104 73 1 62 76 90 1 20 76 27 1 48 8 37 1
162 145 137 1 255 255 248 1 239 255 255 1 255 255 250 1 174 214 195 1 175 195 178 1 0 0 0 0 193 174 153 1 102 94 114 1 155 125 115 1 173 141 104 1 123 98 45 1 67 66 49 1 92 76 72 1 83 103 52 1 82 93 56 1 69 95 39 1 54 80 45 1 67 72 58 1 88 120 64 1 63 108 59 1 67 87 42 1 60 56 55 1 49 59 31 1 41 58 12 1 28 33 11 1 34 53 6 1 46 62 29 1 10 43 0 1 13 46 21 1 42 66 49 1 20 35 38 1 8 19 16 1 0 5 9 1 0 27 22 1 7 31 40 1 31 44 25 1 0 40 10 1 0 9 12 1 11 31 37 1 20 56 41 1 10 29 20 1 21 20 18 1 24 27 47 1 59 86 59 1 28 62 57 1 0 0 0 0 45 72 25 1 24 39 7 1 0 0 0 0 46 28 0 1 0 5 15 1 10 31 8 1 0 31 2 1 0 34 6 1 14 22 0 1 17 29 26 1 18 23 8 1 8 40 19 1 20 23 14 1 0 0 0 0 0 32 8 1 0 20 5 1 41 55 0 1 56 63 55 1
0 0 0 0 204 205 196 1 248 230 226 1 138 150 155 1 143 142 151 1 108 77 78 1 126 132 83 1 208 201 168 1 0 0 0 0 126 117 96 1 0 0 0 0 79 120 85 1 109 111 61 1 53 51 2 1 55 47 26 1 90 70 44 1 14 41 15 1 58 75 44 1 79 81 60 1 41 51 12 1 78 54 23 1 62 81 54 1 0 0 0 0 33 43 0 1 41 62 35 1 47 62 38 1 25 43 4 1 0 0 0 0 56 41 42 1 29 47 5 1 12 46 43 1 4 44 0 1 15 21 31 1 0 16 17 1 7 9 38 1 0 0 0 0 20 25 46 1 24 49 42 1 0 26 50 1 32 18 56 1 0 34 15 1 9 4 17 1 18 24 18 1 19 44 30 1 31 61 51 1 35 58 50 1 0 39 2 1 0 12 0 1 0 8 0 1 14 4 0 1 0 39 15 1 0 51 37 1 5 50 28 1 14 32 0 1 7 21 13 1 4 32 13 1 23 41 43 1 0 29 27 1 0 30 33 1 0 0 0 0 22 21 15 1 0 12 14 1 19 48 0 1 48 53 33 1 55 52 50 1
227 202 215 1 0 0 0 0 202 160 167 1 176 191 149 1 125 128 102 1 109 113 110 1 198 179 177 1 216 207 193 1 223 241 200 1 207 168 145 1 144 128 90 1 134 118 74 1 243 205 177 1 158 183 145 1 93 100 53 1 29 72 21 1 55 72 48 1 95 112 55 1 61 106 40 1 49 65 29 1 0 0 0 0 26 40 41 1 24 46 0 1 68 114 36 1 80 115 94 1 104 104 61 1 0 0 0 0 25 33 15 1 0 0 0 1 3 39 14 1 0 14 4 1 26 22 25 1 0 16 10 1 31 47 36 1 0 0 11 1 9 27 8 1 31 32 36 1 44 49 26 1 11 34 19 1 6 36 34 1 5 16 13 1 0 0 0 0 22 30 5 1 0 31 38 1 0 26 17 1 0 26 0 1 24 24 43 1 12 21 1 1 12 24 1 1 20 20 27 1 0 24 5 1 0 0 0 0 0 0 0 0 4 46 21 1 9 63 0 1 16 54 15 1 23 22 3 1 7 31 17 1 74 79 77 1 82 79 69 1 31 56 30 1 21 47 25 1 0 23 0 1 0 16 16 1 83 51 61 1
234 195 206 1 198 176 170 1 126 115 92 1 141 121 77 1 117 86 63 1 70 89 67 1 100 85 57 1 0 0 0 0 85 69 53 1 99 120 88 1 110 114 57 1 0 0 0 0 163 149 118 1 241 237 177 1 0 0 0 0 90 82 71 1 85 100 50 1 98 98 55 1 75 89 36 1 74 68 55 1 0 0 0 0 25 43 53 1 51 50 36 1 0 0 0 0 80 72 56 1 82 93 83 1 15 22 23 1 0 32 5 1 0 18 0 1 6 24 21 1 11 50 61 1 10 55 41 1 11 11 33 1 7 15 29 1 0 8 0 1 23 19 41 1 0 33 56 1 0 32 30 1 11 22 37 1 26 34 37 1 48 72 42 1 11 42 28 1 20 31 15 1 2 26 0 1 1 25 13 1 0 0 0 0 37 37 15 1 15 50 22 1 34 56 8 1 60 43 27 1 33 59 17 1 0 0 0 0 18 39 14 1 0 32 18 1 0 25 20 1 34 36 23 1 0 11 13 1 31 16 28 1 42 61 37 1 19 57 0 1 16 14 0 1 0 14 0 1 29 20 33 1 0 20 9 1 43 67 25 1
184 167 153 1 167 184 148 1 185 174 149 1 0 0 0 0 113 108 77 1 129 96 94 1 138 140 109 1 0 0 0 0 106 114 67 1 98 108 59 1 90 89 30 1 0 0 0 0 111 95 67 1 160 157 108 1 242 234 211 1 165 199 148 1 87 104 52 1 42 127 67 1 78 59 55 1 31 94 73 1 25 1 16 1 0 0 0 0 20 29 15 1 83 74 76 1 67 60 48 1 49 73 17 1 27 15 0 1 0 49 0 1 8 12 19 1 10 23 21 1 4 0 0 1 0 18 0 1 2 28 3 1 21 32 41 1 24 44 34 1 17 42 23 1 0 29 29 1 18 20 42 1 25 34 5 1 0 10 21 1 15 23 12 1 21 21 10 1 5 8 0 1 23 50 31 1 0 0 0 0 0 35 0 1 12 27 19 1 0 3 0 1 30 38 11 1 36 50 50 1 18 55 19 1 48 51 70 1 15 54 42 1 0 0 0 0 14 49 0 1 27 53 0 1 41 52 18 1 55 88 38 1 48 86 59 1 47 59 51 1 31 43 11 1 0 18 0 1 6 2 3 1 10 32 5 1 15 59 28 1
124 122 68 1 0 0 0 0 152 200 142 1 122 124 78 1 60 88 47 1 94 80 68 1 155 154 133 1 62 77 37 1 95 94 50 1 88 116 65 1 133 132 87 1 92 106 53 1 72 101 59 1 86 100 120 1 87 110 89 1 95 90 82 1 31 17 34 1 3 21 7 1 0 30 8 1 14 32 0 1 0 11 9 1 0 0 0 0 68 73 44 1 157 141 117 1 76 69 34 1 37 63 56 1 27 43 0 1 0 1 0 1 16 16 0 1 33 37 27 1 60 49 41 1 22 30 0 1 6 24 16 1 15 31 29 1 13 32 23 1 0 22 26 1 10 53 42 1 14 19 42 1 0 17 29 1 0 33 34 1 0 68 21 1 0 41 31 1 34 45 37 1 1 35 2 1 27 39 6 1 0 41 10 1 41 37 9 1 27 57 11 1 0 0 0 0 67 66 51 1 21 40 2 1 42 59 25 1 20 38 25 1 24 51 6 1 11 13 4 1 18 39 36 1 62 66 65 1 32 58 14 1 21 44 23 1 5 24 14 1 2 40 0 1 18 38 0 1 0 22 32 1 6 15 0 1 0 33 17 1
88 65 52 1 117 123 91 1 83 115 49 1 0 0 0 0 65 62 31 1 56 98 71 1 68 96 76 1 0 0 0 0 90 125 57 1 99 122 78 1 156 185 136 1 185 202 163 1 63 75 33 1 32 36 41 1 0 0 0 0 0 47 19 1 0 22 3 1 4 0 33 1 4 0 0 1 11 39 0 1 94 94 81 1 0 0 0 0 26 11 17 1 39 41 16 1 90 94 66 1 62 99 70 1 24 27 18 1 20 26 0 1 0 12 0 1 53 50 43 1 43 77 31 1 49 55 18 1 0 10 15 1 0 0 0 0 19 28 1 1 15 26 26 1 22 39 34 1 10 48 49 1 4 38 43 1 0 24 29 1 35 19 23 1 16 41 0 1 0 29 23 1 20 35 15 1 10 15 15 1 6 33 16 1 17 25 20 1 29 49 16 1 25 43 0 1 45 54 33 1 42 75 41 1 44 38 45 1 32 60 16 1 0 0 0 0 27 36 0 1 29 17 0 1 34 59 38 1 0 0 0 0 46 29 14 1 25 43 0 1 34 54 29 1 15 61 0 1 3 37 22 1 0 5 12 1 33 19 9 1
196 202 162 1 91 125 75 1 44 67 31 1 61 90 45 1 70 99 57 1 0 0 0 0 23 26 18 1 64 86 31 1 128 124 82 1 32 53 0 1 74 61 18 1 109 101 79 1 64 71 33 1 0 2 2 1 37 43 46 1 34 30 25 1 24 0 0 1 15 4 0 1 8 11 0 1 53 32 20 1 67 103 92 1 145 143 119 1 16 29 11 1 0 0 0 0 45 93 46 1 6 27 29 1 0 4 0 1 11 0 28 1 11 11 9 1 9 23 28 1 0 13 5 1 0 27 30 1 7 37 50 1 18 54 18 1 14 54 21 1 0 42 30 1 16 15 9 1 0 39 19 1 2 46 19 1 0 0 2 1 12 24 10 1 2 0 5 1 7 7 12 1 38 75 49 1 0 15 0 1 15 34 21 1 0 2 0 1 1 31 6 1 0 41 7 1 0 0 0 1 20 66 12 1 36 56 43 1 20 49 18 1 53 41 44 1 25 4 0 1 0 19 0 1 45 65 0 1 0 0 0 0 62 87 51 1 0 0 0 0 35 70 33 1 4 26 2 1 1 17 0 1 0 8 9 1 0 0 0 1
249 250 188 1 81 45 26 1 71 59 17 1 65 77 29 1 69 100 56 1 66 74 40 1 37 45 33 1 58 69 50 1 105 112 54 1 51 73 32 1 90 74 55 1 0 0 0 0 60 87 73 1 0 0 0 0 20 33 32 1 20 14 0 1 5 2 4 1 10 0 0 1 10 13 5 1 6 4 15 1 42 38 41 1 0 0 0 0 79 87 51 1 57 82 35 1 0 31 4 1 0 30 0 1 0 0 0 0 6 21 7 1 14 7 18 1 27 32 27 1 14 36 1 1 0 43 19 1 44 51 22 1 23 23 28 1 11 23 22 1 22 13 25 1 7 30 14 1 13 12 21 1 1 40 43 1 24 35 14 1 0 0 0 0 1 27 5 1 11 23 29 1 10 39 18 1 8 41 15 1 55 63 52 1 25 41 25 1 24 52 0 1 47 32 41 1 0 21 0 1 0 0 0 0 0 25 14 1 28 68 42 1 65 44 55 1 0 25 0 1 3 19 0 1 36 52 27 1 65 67 50 1 36 57 42 1 50 77 33 1 0 0 0 0 24 57 3 1 12 29 0 1 0 1 17 1 2 36 33 1
244 224 204 1 51 73 34 1 70 69 30 1 15 63 42 1 54 89 58 1 0 0 0 0 56 91 55 1 2 51 47 1 66 86 72 1 50 61 33 1 61 109 64 1 86 102 88 1 81 106 80 1 36 52 39 1 0 0 0 0 11 11 0 1 1 9 27 1 0 9 0 1 0 16 10 1 0 5 0 1 55 77 52 1 135 130 107 1 27 42 21 1 19 40 7 1 11 34 5 1 11 13 23 1 6 11 9 1 0 26 21 1 6 40 39 1 15 65 25 1 0 20 12 1 0 0 0 0 29 29 33 1 9 20 36 1 0 0 0 0 13 33 33 1 0 47 11 1 32 18 6 1 0 0 0 0 4 11 15 1 8 23 5 1 0 44 3 1 20 3 0 1 4 35 9 1 0 8 14 1 0 0 0 0 34 39 35 1 36 52 42 1 43 57 14 1 4 31 33 1 38 50 11 1 0 30 0 1 53 36 12 1 69 66 74 1 5 0 7 1 7 9 0 1 16 35 9 1 79 58 26 1 57 79 24 1 50 43 30 1 54 68 6 1 40 49 34 1 23 45 2 1 0 5 0 1 0 0 0 0
103 126 102 1 81 75 48 1 79 100 52 1 25 36 0 1 46 47 17 1 48 54 53 1 15 14 2 1 0 15 5 1 0 10 10 1 0 0 0 0 14 9 0 1 24 22 24 1 114 138 155 1 31 17 12 1 3 17 25 1 28 0 31 1 20 18 0 1 17 6 18 1 19 11 1 1 0 23 16 1 48 77 77 1 127 133 98 1 11 22 0 1 0 0 0 0 0 0 0 1 0 0 6 1 0 2 17 1 12 41 36 1 0 50 31 1 23 56 45 1 25 65 21 1 31 42 28 1 35 41 1 1 21 66 53 1 39 65 54 1 36 15 51 1 4 32 20 1 15 37 27 1 17 38 23 1 11 31 12 1 9 48 50 1 16 24 14 1 20 50 0 1 44 60 37 1 9 11 16 1 43 62 46 1 47 66 69 1 53 75 37 1 36 69 15 1 53 64 16 1 36 56 20 1 24 20 0 1 31 62 32 1 0 0 0 0 0 35 0 1 0 0 11 1 0 0 26 1 16 13 29 1 52 68 46 1 57 49 36 1 37 38 0 1 37 62 31 1 28 34 0 1 11 36 0 1 27 13 0 1
118 130 116 1 121 152 107 1 59 69 27 1 34 25 10 1 0 0 0 0 0 0 0 0 16 22 20 1 0 14 0 1 0 15 0 1 28 38 15 1 0 0 0 0 48 23 32 1 72 80 51 1 30 36 44 1 4 7 0 1 3 20 0 1 26 20 10 1 6 1 16 1 0 10 19 1 0 0 0 0 50 65 6 1 103 93 96 1 111 99 96 1 31 30 52 1 0 25 6 1 8 24 40 1 0 17 18 1 0 5 11 1 16 24 14 1 11 33 18 1 12 39 19 1 31 74 0 1 6 21 15 1 0 0 0 0 0 41 2 1 0 41 39 1 0 0 0 0 9 14 16 1 34 2 5 1 22 20 22 1 0 67 0 1 29 18 18 1 35 62 23 1 9 71 21 1 22 66 16 1 53 27 53 1 118 114 128 1 72 113 66 1 29 67 12 1 59 38 0 1 0 29 0 1 6 0 0 1 38 59 33 1 45 74 78 1 44 48 49 1 19 51 0 1 17 44 14 1 17 27 34 1 54 21 10 1 50 87 34 1 66 67 19 1 38 31 1 1 38 36 4 1 19 42 0 1 20 50 5 1
97 113 72 1 110 136 99 1 66 86 67 1 44 35 0 1 0 0 0 1 0 35 4 1 0 16 0 1 26 22 20 1 0 33 0 1 11 1 0 1 0 0 0 1 15 46 34 1 0 0 0 0 36 73 45 1 46 51 67 1 22 41 33 1 29 59 36 1 6 26 34 1 3 28 18 1 16 17 4 1 14 70 28 1 66 68 40 1 70 78 51 1 20 15 5 1 0 18 37 1 0 10 0 1 14 19 30 1 21 34 7 1 11 26 0 1 11 50 13 1 0 29 29 1 0 30 12 1 16 61 51 1 0 0 0 0 7 36 18 1 0 36 23 1 6 58 10 1 16 14 40 1 0 0 0 0 25 33 3 1 41 83 29 1 23 74 19 1 18 47 44 1 71 61 47 1 0 0 0 1 0 0 0 0 123 111 89 1 0 0 0 0 41 65 25 1 1 27 0 1 0 0 0 0 19 3 0 1 0 26 0 1 0 0 0 0 107 115 89 1 50 42 0 1 38 42 16 1 0 0 0 0 64 87 48 1 78 91 48 1 0 0 0 0 42 66 28 1 48 53 32 1 0 0 0 0 26 15 2 1
0 51 0 1 46 80 45 1 46 34 24 1 10 1 17 1 0 7 13 1 47 40 19 1 19 26 1 1 0 26 8 1 20 36 23 1 13 7 0 1 14 28 8 1 43 43 54 1 52 51 49 1 0 0 0 0 19 23 15 1 11 44 31 1 27 71 33 1 39 25 5 1 0 0 8 1 5 21 8 1 67 90 55 1 93 90 70 1 84 60 56 1 17 20 12 1 17 15 5 1 14 16 10 1 9 35 0 1 7 25 3 1 0 38 0 1 0 0 0 0 9 21 0 1 0 39 0 1 0 35 0 1 5 50 12 1 0 0 0 0 32 14 30 1 0 0 0 0 50 63 55 1 0 17 16 1 37 53 33 1 94 77 50 1 71 91 51 1 59 76 41 1 85 74 84 1 0 0 0 0 36 48 26 1 31 67 45 1 36 49 32 1 72 100 53 1 24 31 0 1 22 12 0 1 21 19 0 1 10 12 12 1 49 18 55 1 79 97 77 1 27 12 6 1 0 0 0 0 40 38 20 1 37 72 29 1 83 95 45 1 89 107 50 1 79 81 49 1 56 44 23 1 23 29 10 1 16 28 21 1
0 38 3 1 14 58 19 1 0 60 0 1 21 1 0 1 15 37 0 1 56 64 63 1 17 41 28 1 0 0 0 0 15 30 9 1 35 65 34 1 0 32 27 1 0 33 27 1 9 29 17 1 7 7 26 1 8 14 20 1 0 11 8 1 0 14 19 1 7 36 36 1 0 9 0 1 5 15 15 1 48 29 18 1 49 64 68 1 74 91 72 1 68 77 55 1 12 30 17 1 20 40 1 1 0 41 0 1 0 32 2 1 0 12 10 1 4 32 17 1 28 6 0 1 2 18 17 1 11 23 23 1 36 35 0 1 0 10 25 1 12 5 0 1 29 14 40 1 36 57 30 1 48 47 60 1 77 87 98 1 92 120 84 1 96 113 74 1 79 94 65 1 70 100 66 1 53 63 47 1 24 34 0 1 117 103 93 1 59 68 39 1 66 85 31 1 0 0 0 0 37 54 33 1 34 46 21 1 8 9 0 1 0 30 18 1 55 74 50 1 0 0 0 0 25 53 13 1 18 55 10 1 17 12 0 1 47 46 49 1 90 100 44 1 50 106 44 1 78 81 19 1 35 33 16 1 6 18 19 1
36 38 3 1 0 27 0 1 0 23 0 1 45 77 31 1 71 58 45 1 48 55 73 1 42 57 50 1 30 60 28 1 36 39 43 1 0 0 0 0 11 46 19 1 0 6 11 1 1 36 25 1 30 41 35 1 0 28 32 1 8 19 19 1 35 70 43 1 16 33 22 1 44 54 45 1 0 13 22 1 21 0 1 1 13 0 0 1 17 20 5 1 50 19 17 1 9 20 6 1 0 24 0 1 5 37 17 1 0 13 0 1 0 0 0 0 78 40 24 1 62 54 45 1 46 54 43 1 21 45 43 1 0 21 20 1 0 0 0 0 25 34 0 1 38 69 24 1 37 40 43 1 33 24 28 1 84 98 52 1 113 139 101 1 103 108 63 1 46 45 40 1 68 82 41 1 32 70 24 1 0 11 22 1 0 0 0 0 131 128 80 1 80 85 46 1 108 104 43 1 71 56 25 1 0 0 0 0 4 25 17 1 17 48 0 1 56 88 52 1 65 70 44 1 0 0 0 0 17 18 10 1 5 31 9 1 14 51 4 1 75 91 29 1 92 85 50 1 69 76 84 1 0 0 0 0 47 58 24 1
0 28 21 1 0 0 0 0 0 0 0 0 0 0 0 0 97 107 90 1 0 0 0 0 30 38 42 1 0 0 0 0 32 34 18 1 2 38 36 1 0 11 13 1 0 22 36 1 7 14 19 1 0 0 0 0 0 11 2 1 0 0 0 0 0 0 28 1 7 5 14 1 20 0 0 1 77 54 66 1 71 102 47 1 149 120 113 1 101 74 103 1 57 71 54 1 18 32 24 1 13 30 29 1 15 34 30 1 0 0 0 0 23 68 17 1 18 59 18 1 35 45 38 1 7 26 24 1 17 6 13 1 18 45 21 1 6 68 11 1 61 59 57 1 76 74 47 1 69 67 31 1 87 102 87 1 122 121 100 1 91 113 90 1 94 100 76 1 72 57 38 1 47 67 50 1 65 65 22 1 30 51 0 1 130 134 116 1 137 148 112 1 101 91 57 1 106 124 73 1 0 45 11 1 0 17 6 1 0 13 7 1 19 5 26 1 0 0 0 0 59 78 72 1 0 15 0 1 0 0 0 0 0 0 27 1 3 44 11 1 29 55 39 1 41 66 38 1 59 72 48 1 67 46 44 1 74 83 35 1
14 32 20 1 14 55 18 1 38 56 28 1 0 0 0 0 66 101 67 1 49 42 31 1 12 14 0 1 0 17 0 1 0 25 0 1 3 37 10 1 1 0 24 1 0 0 0 0 0 19 14 1 16 9 28 1 4 28 22 1 5 41 42 1 0 19 20 1 15 32 0 1 0 22 0 1 34 61 40 1 0 0 0 0 0 0 0 0 110 133 87 1 0 0 0 0 56 51 16 1 24 56 27 1 32 44 26 1 31 70 23 1 45 77 28 1 45 58 38 1 0 0 0 0 7 27 0 1 9 28 0 1 23 33 1 1 50 62 56 1 63 84 54 1 63 44 54 1 74 102 66 1 159 145 121 1 147 155 139 1 117 126 111 1 92 104 102 1 86 112 79 1 83 88 69 1 50 43 26 1 61 81 52 1 104 96 96 1 116 146 92 1 103 116 75 1 81 113 93 1 0 0 0 0 48 81 34 1 30 75 26 1 4 49 30 1 0 0 0 0 76 96 58 1 4 31 0 1 24 48 18 1 22 0 17 1 14 9 14 1 63 34 30 1 53 59 15 1 51 81 51 1 63 55 48 1 22 45 23 1
46 65 37 1 13 54 0 1 51 57 39 1 104 113 102 1 43 118 69 1 0 0 0 0 7 11 11 1 0 45 9 1 0 13 0 1 0 27 0 1 10 29 25 1 0 12 26 1 0 32 17 1 0 14 19 1 0 0 0 0 0 32 8 1 0 8 5 1 0 11 0 1 19 22 29 1 0 10 0 1 82 60 43 1 132 121 114 1 110 134 96 1 82 96 74 1 0 0 0 0 52 61 52 1 0 30 0 1 43 34 28 1 26 34 37 1 46 64 7 1 27 67 45 1 45 54 4 1 22 50 0 1 33 56 38 1 56 67 62 1 98 111 70 1 0 0 0 0 103 104 63 1 105 118 84 1 135 124 144 1 108 128 108 1 123 103 122 1 100 108 108 1 0 0 0 0 77 53 55 1 99 101 114 1 139 131 113 1 98 120 97 1 104 80 41 1 0 0 0 0 59 66 44 1 9 46 18 1 8 24 0 1 3 21 0 1 18 32 29 1 77 106 86 1 35 55 27 1 0 32 1 1 0 52 6 1 15 43 2 1 56 71 46 1 116 94 69 1 78 68 43 1 56 56 21 1 52 86 12 1
41 61 17 1 70 72 37 1 134 142 97 1 116 134 115 1 1 14 0 1 35 17 0 1 11 16 6 1 0 0 27 1 1 14 0 1 9 28 41 1 3 36 35 1 4 13 28 1 14 18 40 1 29 31 18 1 0 21 9 1 0 42 17 1 10 29 15 1 0 0 0 0 31 0 0 1 20 17 0 1 0 0 0 0 15 0 12 1 2 43 15 1 18 24 36 1 55 43 31 1 40 37 43 1 0 4 0 1 5 46 0 1 25 43 30 1 23 81 29 1 21 58 2 1 15 49 6 1 9 62 13 1 46 56 39 1 48 38 23 1 122 130 89 1 130 126 136 1 90 105 75 1 98 108 87 1 94 100 84 1 0 0 0 0 125 150 150 1 146 166 144 1 153 126 114 1 0 0 0 0 0 0 0 0 167 177 152 1 0 0 0 0 87 73 77 1 112 118 53 1 77 92 59 1 17 8 0 1 0 26 19 1 0 8 3 1 0 0 0 0 87 82 58 1 0 0 0 0 0 14 0 1 5 25 8 1 0 33 5 1 55 62 34 1 95 103 65 1 64 57 22 1 78 68 51 1 73 83 49 1
13 16 6 1 26 51 42 1 54 61 41 1 42 84 18 1 29 26 10 1 11 28 3 1 9 35 25 1 0 0 0 0 0 9 7 1 0 9 0 1 0 37 3 1 4 10 10 1 14 34 29 1 32 38 43 1 19 22 25 1 0 26 0 1 12 7 40 1 0 0 0 0 28 50 37 1 0 37 24 1 0 0 0 0 0 16 20 1 19 6 24 1 0 5 0 1 0 16 0 1 0 18 3 1 0 12 13 1 13 33 3 1 20 51 40 1 52 59 38 1 35 62 36 1 13 38 8 1 10 49 0 1 42 29 14 1 0 0 0 0 0 0 0 0 0 0 0 0 97 109 94 1 91 69 84 1 81 76 74 1 93 77 111 1 83 118 122 1 95 97 114 1 80 96 87 1 37 59 50 1 159 132 106 1 182 166 144 1 181 145 116 1 166 174 111 1 117 105 77 1 70 60 41 1 53 59 47 1 13 55 11 1 0 0 0 0 1 22 0 1 72 81 23 1 70 63 27 1 35 42 31 1 22 18 17 1 46 69 37 1 29 54 11 1 99 91 46 1 88 93 50 1 54 56 29 1 49 77 30 1
0 0 0 0 12 61 4 1 29 70 48 1 0 0 0 0 0 30 0 1 0 0 0 0 0 25 25 1 2 19 15 1 20 30 9 1 6 17 17 1 21 39 2 1 10 19 27 1 39 60 35 1 0 10 40 1 0 16 4 1 28 34 55 1 36 33 42 1 22 43 30 1 0 21 1 1 0 0 0 0 0 0 0 0 16 16 15 1 5 27 12 1 22 27 0 1 0 0 0 0 0 0 12 1 7 7 0 1 16 34 26 1 38 57 14 1 52 47 53 1 0 0 0 0 45 33 0 1 40 42 18 1 51 64 31 1 33 61 30 1 66 55 60 1 87 66 52 1 52 43 41 1 69 45 30 1 71 51 49 1 66 92 82 1 62 116 115 1 89 124 111 1 93 99 111 1 65 99 106 1 0 0 0 0 204 185 171 1 116 105 56 1 194 182 116 1 128 116 108 1 56 66 71 1 60 80 36 1 63 61 21 1 0 22 3 1 0 11 6 1 45 49 53 1 89 82 78 1 6 11 0 1 0 31 14 1 23 14 20 1 0 0 0 0 62 56 22 1 62 78 49 1 64 109 47 1 0 0 0 0
9 51 4 1 0 22 0 1 49 99 72 1 99 107 91 1 34 56 63 1 6 2 0 1 0 0 0 0 20 15 0 1 0 35 24 1 4 7 0 1 0 39 21 1 0 30 14 1 19 47 21 1 10 21 20 1 0 15 17 1 21 23 9 1 5 37 13 1 6 32 18 1 12 45 28 1 0 39 33 1 42 37 36 1 0 0 0 0 0 18 24 1 1 35 7 1 14 12 17 1 0 15 23 1 0 2 0 1 0 30 0 1 26 37 9 1 22 58 28 1 24 16 9 1 55 84 38 1 39 71 66 1 32 57 6 1 28 51 0 1 0 11 0 1 58 32 28 1 90 74 80 1 96 133 89 1 56 72 85 1 80 86 99 1 76 94 67 1 87 102 108 1 105 131 130 1 55 93 62 1 162 158 140 1 205 206 160 1 0 0 0 0 153 149 103 1 117 104 77 1 92 133 49 1 59 45 25 1 58 44 47 1 0 0 0 0 21 27 0 1 37 55 46 1 114 127 107 1 0 24 6 1 23 40 8 1 0 11 0 1 9 29 18 1 68 58 24 1 100 85 38 1 132 116 99 1 0 0 0 0
0 35 10 1 76 96 73 1 157 189 129 1 102 90 109 1 0 26 0 1 0 26 17 1 0 36 4 1 33 22 14 1 0 0 0 0 32 38 7 1 0 38 9 1 0 13 27 1 0 0 0 0 0 5 1 1 20 45 26 1 16 42 25 1 15 30 0 1 5 35 17 1 5 46 23 1 10 26 9 1 0 19 4 1 45 52 58 1 12 50 11 1 0 17 3 1 5 25 0 1 9 33 37 1 0 2 13 1 16 40 12 1 49 58 46 1 46 59 62 1 58 67 40 1 19 19 4 1 51 61 22 1 0 23 0 1 14 22 3 1 20 33 21 1 48 67 36 1 94 133 101 1 88 80 72 1 77 57 56 1 0 0 0 0 82 111 131 1 80 93 85 1 0 0 0 0 124 129 99 1 136 144 126 1 216 199 197 1 188 191 157 1 182 184 126 1 117 89 63 1 141 144 101 1 95 85 44 1 12 17 0 1 17 26 5 1 0 0 0 0 47 34 5 1 115 131 119 1 14 27 17 1 0 18 0 1 0 0 0 0 0 47 0 1 0 0 0 0 92 75 53 1 80 109 58 1 109 111 56 1
33 53 33 1 140 180 125 1 0 0 0 0 71 87 53 1 0 7 19 1 0 0 8 1 0 10 16 1 0 37 26 1 0 33 12 1 6 37 0 1 0 14 0 1 0 2 38 1 0 29 4 1 0 0 0 0 0 24 9 1 0 11 5 1 15 29 14 1 0 17 0 1 6 18 2 1 21 44 30 1 17 102 37 1 0 32 12 1 8 37 21 1 0 2 0 1 1 4 0 1 0 32 20 1 0 12 28 1 0 0 1 1 0 0 0 0 0 12 9 1 46 37 59 1 3 5 6 1 25 48 50 1 20 0 0 1 12 8 0 1 30 28 0 1 60 97 53 1 69 81 53 1 44 51 38 1 99 77 49 1 0 0 0 0 111 135 132 1 132 133 126 1 207 177 185 1 250 210 221 1 0 0 0 0 190 181 139 1 223 216 174 1 255 214 206 1 193 195 136 1 0 0 0 0 0 0 0 0 54 51 38 1 0 0 0 1 14 25 0 1 15 25 0 1 96 120 99 1 62 52 48 1 6 17 0 1 12 37 9 1 0 0 0 0 7 44 0 1 51 41 30 1 90 110 67 1 75 100 61 1
37 85 58 1 49 78 51 1 0 0 0 0 0 0 0 0 16 9 30 1 0 19 27 1 10 38 12 1 0 12 17 1 40 18 42 1 15 25 3 1 0 23 20 1 21 47 25 1 12 32 5 1 0 0 18 1 0 0 0 1 35 30 25 1 42 49 19 1 15 36 26 1 15 34 31 1 21 31 21 1 29 40 14 1 22 43 11 1 0 36 0 1 0 20 0 1 5 2 6 1 0 21 0 1 0 12 24 1 15 15 16 1 22 15 6 1 0 0 0 0 34 49 0 1 0 3 0 1 0 21 0 1 4 44 7 1 14 36 0 1 27 24 18 1 133 147 119 1 186 175 146 1 66 106 55 1 115 97 77 1 162 158 125 1 187 150 140 1 184 176 158 1 206 218 202 1 194 194 177 1 165 150 137 1 137 140 104 1 125 125 98 1 0 0 0 0 182 198 125 1 130 147 126 1 86 71 81 1 73 79 23 1 40 66 57 1 31 66 32 1 25 36 7 1 86 97 50 1 51 54 54 1 2 0 0 1 17 35 16 1 0 21 0 1 31 57 5 1 31 50 63 1 0 0 0 0 78 96 49 1
28 28 5 1 3 35 40 1 9 28 15 1 11 16 3 1 38 41 30 1 0 11 21 1 3 23 0 1 12 24 0 1 28 29 12 1 2 53 13 1 4 44 22 1 4 28 0 1 0 0 0 0 7 30 16 1 0 0 19 1 7 27 33 1 4 41 59 1 30 55 22 1 24 29 0 1 30 49 12 1 70 82 48 1 41 38 19 1 0 24 0 1 0 23 14 1 0 32 10 1 9 9 0 1 0 0 12 1 5 12 19 1 11 12 12 1 45 33 1 1 16 27 0 1 48 32 19 1 0 0 16 1 28 76 0 1 35 63 30 1 105 68 83 1 123 101 113 1 185 180 164 1 124 135 68 1 137 102 92 1 160 141 108 1 180 177 147 1 0 0 0 0 190 215 180 1 0 0 0 0 117 110 86 1 45 75 46 1 0 0 0 0 169 147 107 1 206 194 119 1 174 157 119 1 82 108 76 1 0 0 0 0 49 73 59 1 30 57 0 1 10 13 8 1 86 52 42 1 77 92 78 1 35 35 6 1 0 3 6 1 0 3 4 1 0 24 17 1 36 49 26 1 97 93 88 1 0 0 0 0
42 52 24 1 0 27 0 1 4 3 0 1 24 0 0 1 10 0 38 1 0 11 20 1 13 14 7 1 8 15 2 1 0 16 4 1 0 0 0 0 0 38 0 1 25 35 1 1 14 30 0 1 8 33 30 1 11 22 0 1 22 36 15 1 0 11 23 1 14 0 0 1 45 32 53 1 96 83 64 1 65 62 48 1 44 66 46 1 3 36 0 1 0 4 35 1 0 24 35 1 0 13 17 1 15 1 26 1 12 3 16 1 18 9 17 1 27 24 25 1 35 26 22 1 54 69 64 1 31 46 21 1 43 65 43 1 40 47 29 1 111 97 97 1 94 73 69 1 122 109 86 1 78 80 53 1 66 40 11 1 194 171 157 1 0 0 0 0 162 127 104 1 253 254 255 1 195 184 171 1 126 128 111 1 159 186 129 1 174 133 136 1 180 131 55 1 187 185 130 1 126 118 91 1 85 90 66 1 95 127 103 1 25 42 3 1 32 15 0 1 30 16 0 1 51 67 53 1 58 96 85 1 18 54 24 1 21 38 32 1 74 58 43 1 62 92 50 1 0 0 0 0 138 108 111 1 124 113 67 1
26 79 59 1 12 0 14 1 16 12 0 1 0 12 7 1 13 19 0 1 29 11 30 1 0 20 7 1 15 20 19 1 17 34 0 1 0 0 0 0 0 36 0 1 0 49 21 1 21 43 49 1 19 35 6 1 0 11 11 1 4 13 29 1 29 23 0 1 53 37 37 1 103 88 65 1 114 114 72 1 5 12 0 1 32 19 17 1 4 8 2 1 2 15 8 1 13 25 12 1 10 22 15 1 0 24 5 1 0 45 13 1 3 13 0 1 0 0 0 0 0 0 0 0 58 78 54 1 39 61 21 1 66 55 58 1 12 46 6 1 35 43 34 1 99 95 69 1 118 115 81 1 0 0 0 0 48 23 0 1 0 0 0 0 211 194 147 1 150 125 87 1 217 206 191 1 230 226 210 1 0 0 0 0 192 193 155 1 179 145 125 1 170 136 89 1 187 177 134 1 63 88 23 1 107 104 61 1 65 84 19 1 30 22 0 1 0 0 0 0 0 0 0 0 13 37 11 1 36 60 63 1 30 55 41 1 29 20 29 1 0 32 8 1 0 35 0 1 5 18 2 1 84 108 63 1 104 103 68 1
29 84 21 1 42 74 16 1 15 41 10 1 26 30 10 1 4 15 7 1 0 10 0 1 8 30 32 1 0 24 49 1 10 15 8 1 0 40 12 1 6 40 16 1 0 60 25 1 0 0 0 0 0 20 33 1 0 36 5 1 16 2 11 1 53 41 33 1 91 89 51 1 123 102 76 1 102 84 78 1 24 10 0 1 40 46 0 1 9 27 0 1 0 0 0 0 0 39 12 1 0 0 0 0 0 17 7 1 5 41 17 1 10 46 8 1 31 7 33 1 93 100 92 1 50 62 42 1 37 38 30 1 45 58 54 1 0 0 0 1 82 82 52 1 171 143 109 1 0 0 0 0 63 29 36 1 139 94 74 1 229 185 126 1 209 207 142 1 193 191 141 1 129 106 87 1 255 255 242 1 236 248 217 1 179 186 158 1 205 198 175 1 231 220 154 1 190 148 119 1 101 83 48 1 130 123 61 1 88 91 85 1 67 86 30 1 60 70 53 1 45 28 40 1 0 56 13 1 0 0 0 0 9 0 7 1 26 17 3 1 0 25 1 1 0 0 0 0 30 37 23 1 119 102 105 1 96 104 94 1
56 97 87 1 31 56 11 1 17 10 4 1 51 53 14 1 11 11 11 1 0 20 7 1 13 11 17 1 20 37 18 1 0 0 0 0 13 60 29 1 32 28 6 1 0 21 12 1 16 30 6 1 15 14 4 1 0 3 0 1 23 15 11 1 59 89 31 1 113 100 67 1 82 96 42 1 121 140 80 1 85 98 59 1 0 0 0 0 0 16 0 1 0 0 0 0 41 78 37 1 21 24 25 1 12 35 25 1 37 38 4 1 38 30 33 1 27 34 4 1 97 112 96 1 93 99 91 1 63 78 65 1 45 13 7 1 14 23 16 1 93 82 65 1 115 112 70 1 0 0 0 0 0 0 0 0 206 181 156 1 206 184 147 1 213 188 158 1 192 148 128 1 135 122 126 1 73 72 59 1 151 138 125 1 186 196 151 1 254 240 209 1 208 197 170 1 119 98 65 1 180 170 132 1 128 118 77 1 99 106 77 1 103 104 60 1 50 72 27 1 7 0 0 1 20 50 21 1 5 30 11 1 0 30 0 1 18 28 17 1 31 51 28 1 56 69 41 1 0 24 14 1 0 0 0 0 148 154 119 1
68 82 78 1 22 24 29 1 5 3 14 1 13 38 25 1 4 5 2 1 3 4 0 1 0 13 0 1 14 18 5 1 13 25 0 1 0 12 5 1 0 10 28 1 0 0 0 1 0 19 16 1 12 20 2 1 25 55 28 1 43 23 36 1 146 97 101 1 0 0 0 0 67 33 10 1 103 80 50 1 0 0 0 0 56 64 25 1 7 30 4 1 0 9 24 1 0 10 0 1 2 32 5 1 8 31 29 1 13 7 0 1 12 30 22 1 1 6 0 1 54 74 63 1 0 0 0 0 9 25 2 1 41 31 30 1 15 12 33 1 0 0 0 0 42 11 27 1 0 0 0 0 191 172 140 1 232 191 149 1 151 139 64 1 175 158 119 1 199 171 140 1 226 168 183 1 84 85 55 1 150 159 126 1 216 205 194 1 255 253 204 1 0 0 0 0 231 188 147 1 175 135 117 1 0 0 0 0 126 106 72 1 33 61 27 1 62 65 13 1 25 43 26 1 35 44 0 1 31 62 39 1 0 52 1 1 3 61 13 1 16 36 31 1 55 81 64 1 34 48 21 1 122 111 105 1 0 0 0 0
39 67 56 1 0 0 0 0 18 0 0 1 3 9 2 1 0 0 0 0 17 24 0 1 1 13 21 1 2 6 9 1 10 0 8 1 30 11 0 1 5 42 44 1 31 48 50 1 35 73 63 1 0 0 0 0 91 89 61 1 114 82 51 1 72 85 46 1 69 68 12 1 56 51 33 1 100 63 59 1 97 49 57 1 49 80 47 1 53 29 20 1 2 25 0 1 12 7 17 1 0 18 30 1 0 14 13 1 0 10 1 1 29 28 12 1 13 12 11 1 0 32 19 1 58 113 78 1 52 76 61 1 19 21 3 1 60 72 51 1 59 46 37 1 0 0 0 0 0 0 0 0 122 123 84 1 140 156 96 1 120 90 69 1 146 138 105 1 207 168 175 1 247 227 226 1 129 141 118 1 218 202 192 1 184 196 179 1 0 0 0 0 0 0 0 0 247 203 189 1 149 113 76 1 150 135 94 1 125 154 82 1 81 95 37 1 67 73 10 1 59 64 25 1 15 33 24 1 94 113 56 1 8 50 0 1 30 47 12 1 12 28 7 1 0 19 22 1 25 36 1 1 113 97 45 1 173 185 118 1
6 43 6 1 0 25 8 1 14 4 0 1 11 16 6 1 26 18 0 1 16 56 20 1 0 25 0 1 0 29 0 1 0 19 0 1 37 53 28 1 31 69 43 1 59 87 67 1 0 0 0 0 82 85 79 1 59 83 51 1 92 82 51 1 72 76 50 1 0 0 0 0 147 141 103 1 119 102 75 1 58 68 33 1 75 92 39 1 25 52 28 1 0 0 0 0 0 40 0 1 0 3 7 1 22 23 14 1 0 19 4 1 0 0 0 1 22 6 0 1 0 19 5 1 0 0 0 0 0 0 0 0 14 17 6 1 51 26 39 1 33 70 1 1 74 51 2 1 65 88 55 1 115 123 63 1 141 147 78 1 138 107 87 1 129 124 78 1 190 183 143 1 0 0 0 0 194 187 203 1 159 134 125 1 201 196 203 1 0 0 0 0 251 232 252 1 201 173 171 1 145 183 108 1 198 199 146 1 136 149 80 1 54 109 58 1 40 58 17 1 5 44 0 1 55 86 14 1 115 149 87 1 58 105 40 1 53 49 58 1 0 29 9 1 22 0 19 1 10 7 10 1 131 116 99 1 216 227 191 1
0 28 18 1 0 41 52 1 0 20 12 1 26 45 35 1 8 0 9 1 12 4 21 1 9 59 20 1 7 64 24 1 24 58 48 1 40 47 25 1 0 67 68 1 11 53 56 1 24 53 35 1 56 53 67 1 26 43 33 1 92 71 60 1 51 62 54 1 97 78 81 1 152 106 137 1 128 121 90 1 51 73 44 1 99 121 110 1 53 66 49 1 27 45 29 1 0 50 36 1 10 15 13 1 0 0 3 1 24 0 0 1 1 0 27 1 3 0 0 1 39 50 51 1 173 191 174 1 72 67 35 1 23 59 36 1 31 32 13 1 55 55 21 1 44 38 26 1 93 84 36 1 125 138 63 1 109 108 85 1 155 126 88 1 151 158 108 1 0 0 0 0 239 234 193 1 255 255 253 1 120 120 99 1 146 144 132 1 253 255 220 1 209 204 185 1 203 176 153 1 179 206 181 1 174 184 144 1 127 133 102 1 74 72 46 1 0 0 0 0 24 31 0 1 41 57 41 1 86 125 91 1 43 42 20 1 17 20 21 1 16 0 0 1 0 0 26 1 0 13 27 1 88 66 51 1 216 215 175 1
16 21 10 1 0 0 0 1 8 13 4 1 11 15 0 1 0 28 0 1 0 28 9 1 0 0 0 0 1 27 21 1 17 49 3 1 0 69 48 1 0 48 4 1 0 52 21 1 0 38 17 1 0 0 0 0 0 0 0 0 57 46 92 1 26 33 47 1 134 118 86 1 156 171 182 1 169 176 148 1 0 0 0 0 99 116 82 1 62 56 44 1 79 95 69 1 48 57 36 1 0 0 0 0 0 0 0 0 9 8 0 1 10 5 20 1 7 1 8 1 18 61 47 1 185 203 159 1 91 132 86 1 34 65 26 1 37 53 32 1 0 0 0 0 46 69 54 1 71 69 33 1 81 82 43 1 118 124 66 1 164 153 88 1 145 159 135 1 158 168 132 1 155 116 122 1 201 213 167 1 148 169 160 1 185 180 162 1 0 0 0 0 249 242 251 1 216 218 207 1 206 212 171 1 142 132 127 1 0 0 0 0 92 99 53 1 47 64 36 1 32 45 7 1 48 76 51 1 77 101 75 1 0 0 0 0 0 17 8 1 0 24 28 1 5 35 39 1 31 41 32 1 56 68 34 1 214 183 189 1
0 12 7 1 37 49 51 1 40 83 60 1 0 62 12 1 5 16 1 1 16 17 1 1 11 29 0 1 0 26 0 1 10 35 10 1 4 58 5 1 0 0 0 0 6 23 7 1 15 44 0 1 29 11 57 1 18 3 0 1 29 33 34 1 36 21 56 1 153 145 129 1 161 148 156 1 112 133 98 1 85 116 52 1 69 93 43 1 16 25 28 1 121 101 83 1 53 69 50 1 57 58 42 1 0 0 0 0 0 0 0 0 7 6 20 1 0 2 6 1 3 0 0 1 37 78 54 1 175 210 163 1 86 105 81 1 88 105 77 1 89 87 54 1 67 57 46 1 74 51 18 1 74 51 37 1 141 147 103 1 142 107 94 1 121 105 66 1 0 0 0 0 142 113 123 1 230 209 228 1 209 231 204 1 160 140 149 1 253 218 213 1 233 237 194 1 238 255 213 1 172 189 158 1 126 139 114 1 94 84 58 1 37 49 42 1 45 32 3 1 34 46 2 1 91 130 81 1 83 76 68 1 97 92 78 1 26 66 51 1 50 52 51 1 50 89 78 1 66 68 70 1 69 75 63 1 181 190 173 1
45 50 32 1 31 48 46 1 50 58 39 1 0 0 0 0 0 0 0 0 0 0 0 0 27 0 23 1 27 0 7 1 20 21 16 1 41 35 18 1 13 52 19 1 10 30 1 1 22 29 0 1 0 0 0 1 47 25 22 1 65 79 43 1 46 24 3 1 93 77 79 1 132 123 96 1 101 99 87 1 98 77 29 1 56 70 28 1 58 81 49 1 160 183 141 1 74 63 47 1 30 28 20 1 0 8 14 1 3 0 14 1 0 0 11 1 0 9 0 1 0 0 0 0 5 20 3 1 0 0 0 0 121 145 120 1 11 44 1 1 66 69 46 1 86 124 58 1 72 59 60 1 105 113 97 1 153 162 99 1 123 131 85 1 35 53 23 1 113 101 70 1 0 0 0 0 0 0 0 0 244 232 212 1 137 126 117 1 152 148 128 1 182 161 138 1 242 255 198 1 214 208 189 1 182 163 115 1 136 124 95 1 43 41 1 1 68 57 47 1 0 0 0 0 108 100 87 1 129 109 89 1 55 50 21 1 6 5 13 1 0 6 0 1 0 0 0 0 54 46 48 1 33 57 54 1 0 0 0 0
0 0 0 0 7 32 5 1 28 45 31 1 0 0 0 0 0 42 13 1 14 0 15 1 0 34 16 1 0 12 22 1 4 6 31 1 17 25 14 1 0 0 0 0 46 37 22 1 83 50 70 1 76 51 56 1 143 157 112 1 225 200 166 1 171 167 110 1 121 147 116 1 54 61 79 1 43 60 74 1 99 105 70 1 102 81 66 1 115 114 61 1 195 188 169 1 94 102 82 1 49 48 4 1 0 18 6 1 10 0 3 1 0 0 4 1 2 31 20 1 12 17 0 1 0 20 13 1 62 76 48 1 99 105 97 1 7 28 18 1 11 57 20 1 45 63 38 1 41 75 49 1 86 114 77 1 108 112 55 1 82 91 38 1 65 47 22 1 36 104 61 1 142 131 145 1 155 183 157 1 248 251 255 1 179 210 179 1 210 215 199 1 178 181 145 1 169 179 162 1 250 217 174 1 149 149 86 1 171 114 97 1 50 33 0 1 77 53 0 1 55 69 39 1 98 85 68 1 139 162 112 1 56 40 31 1 0 19 23 1 0 14 13 1 14 48 29 1 53 48 34 1 65 47 66 1 69 72 63 1
4 10 17 1 29 31 0 1 0 0 0 0 35 63 27 1 4 36 0 1 30 5 41 1 15 0 15 1 13 0 0 1 21 0 0 1 58 30 21 1 60 61 84 1 181 172 149 1 167 136 123 1 130 79 99 1 141 145 95 1 148 129 81 1 0 0 0 0 252 234 236 1 249 232 208 1 234 252 242 1 227 255 255 1 225 228 216 1 147 116 101 1 131 117 87 1 120 120 100 1 146 148 129 1 55 79 51 1 55 36 29 1 0 7 11 1 0 19 19 1 0 32 20 1 14 21 10 1 62 58 58 1 48 55 36 1 8 22 10 1 19 41 24 1 7 23 0 1 5 17 0 1 8 15 5 1 0 19 2 1 63 73 27 1 86 87 71 1 135 128 123 1 184 198 225 1 181 187 203 1 154 172 156 1 254 239 223 1 203 184 164 1 206 203 188 1 237 241 204 1 197 184 151 1 0 0 0 0 124 100 69 1 109 117 108 1 61 89 56 1 60 46 11 1 120 127 126 1 145 130 117 1 31 19 0 1 20 21 0 1 0 9 25 1 0 0 0 0 0 0 0 0 55 52 48 1 141 121 100 1
2 32 0 1 5 0 11 1 0 12 13 1 0 31 25 1 1 18 20 1 0 0 0 0 19 0 32 1 30 13 37 1 1 39 27 1 33 6 5 1 35 65 19 1 0 0 0 0 50 71 54 1 112 112 87 1 185 187 150 1 120 127 93 1 152 131 113 1 255 247 201 1 221 221 196 1 213 203 177 1 255 251 247 1 255 247 248 1 193 205 177 1 0 0 0 0 0 0 0 0 125 132 121 1 71 69 47 1 46 28 20 1 25 23 4 1 20 23 32 1 0 8 16 1 0 0 0 0 61 84 80 1 0 0 0 0 19 19 36 1 0 0 0 0 0 0 0 1 8 39 16 1 27 26 11 1 35 28 52 1 118 103 73 1 150 127 143 1 185 185 207 1 217 232 223 1 211 222 208 1 103 94 70 1 169 130 148 1 163 175 164 1 250 254 231 1 255 254 253 1 184 185 149 1 181 160 160 1 131 111 109 1 114 118 62 1 143 113 96 1 118 122 101 1 0 0 0 0 118 100 101 1 25 36 4 1 0 0 0 1 4 5 0 1 17 36 15 1 89 85 67 1 53 64 35 1 127 140 96 1