3
2356 1168 95 64
32 84 60 1 30 48 85 1 33 57 87 1 25 68 69 1 30 61 98 1 12 48 67 1 41 55 63 1 19 43 65 1 40 66 74 1 23 56 65 1 0 0 0 0 11 33 102 1 44 88 83 1 43 100 114 1 0 0 0 0 0 0 0 0 52 77 97 1 0 0 0 0 0 0 0 0 48 51 88 1 21 53 80 1 25 50 62 1 24 60 77 1 29 62 71 1 27 72 80 1 0 0 0 0 21 77 72 1 41 38 59 1 0 51 77 1 41 43 59 1 28 77 80 1 14 63 75 1 42 83 52 1 12 47 52 1 19 52 90 1 33 55 60 1 46 68 60 1 45 53 62 1 24 36 80 1 24 50 92 1 7 22 68 1 42 39 90 1 17 60 74 1 20 37 102 1 14 55 70 1 29 50 70 1 23 69 76 1 35 65 108 1 24 68 95 1 33 41 117 1 27 68 94 1 43 67 80 1 56 63 90 1 53 83 63 1 85 106 79 1 102 134 121 1 205 190 101 1 235 250 175 1 255 255 193 1 255 228 205 1 255 254 240 1 252 251 234 1 254 246 255 1 255 255 232 1
34 64 67 1 27 68 70 1 33 55 77 1 41 55 95 1 45 61 74 1 25 67 103 1 0 0 0 0 26 34 74 1 21 63 64 1 0 0 0 0 43 54 52 1 0 0 0 0 10 81 103 1 71 77 98 1 80 88 117 1 76 100 130 1 41 60 65 1 50 44 82 1 15 53 59 1 39 44 60 1 24 50 89 1 29 54 84 1 0 0 0 0 30 37 79 1 8 34 77 1 17 39 54 1 3 55 71 1 12 45 83 1 0 35 77 1 6 51 74 1 16 53 77 1 8 57 87 1 0 0 0 0 31 40 86 1 23 23 72 1 9 53 56 1 27 38 81 1 36 53 75 1 28 40 70 1 47 62 66 1 43 28 57 1 22 46 51 1 39 41 69 1 15 37 66 1 10 27 65 1 12 46 75 1 0 72 75 1 32 79 97 1 14 85 99 1 36 84 103 1 15 63 93 1 44 94 105 1 72 104 107 1 90 132 110 1 129 132 105 1 154 151 138 1 218 201 139 1 226 238 187 1 255 255 187 1 255 247 204 1 248 238 202 1 236 255 208 1 237 240 248 1 230 255 255 1
62 101 80 1 56 86 81 1 7 62 80 1 39 63 108 1 38 47 85 1 14 57 80 1 42 45 94 1 56 48 82 1 30 49 72 1 23 54 51 1 50 44 59 1 38 41 88 1 0 0 0 0 55 86 64 1 90 76 104 1 88 96 119 1 50 53 87 1 55 37 82 1 18 34 58 1 46 40 64 1 34 48 84 1 13 49 74 1 19 68 76 1 32 75 83 1 35 79 88 1 16 66 63 1 10 57 69 1 24 37 64 1 0 59 89 1 0 0 0 0 0 22 50 1 27 62 90 1 9 50 72 1 16 66 85 1 8 62 64 1 0 24 68 1 35 47 83 1 0 0 0 0 0 42 69 1 0 0 0 0 14 31 78 1 0 73 46 1 0 0 0 0 20 59 71 1 21 45 97 1 38 46 88 1 21 44 72 1 29 68 81 1 23 65 72 1 66 65 82 1 19 52 85 1 0 0 0 0 93 105 106 1 162 164 117 1 182 200 159 1 0 0 0 0 0 0 0 0 255 232 198 1 233 244 160 1 248 243 155 1 232 236 193 1 254 240 204 1 255 250 243 1 255 255 255 1
97 95 94 1 0 0 0 0 33 78 94 1 54 79 83 1 24 82 90 1 43 51 68 1 36 68 90 1 0 60 70 1 11 64 56 1 11 69 77 1 34 60 69 1 30 48 61 1 20 67 77 1 51 66 87 1 58 41 50 1 66 45 99 1 54 60 73 1 49 72 89 1 45 37 71 1 0 0 0 0 29 36 78 1 54 33 57 1 30 41 79 1 35 54 84 1 29 57 90 1 26 67 81 1 34 39 93 1 0 0 0 0 0 0 0 0 42 47 77 1 12 19 86 1 9 50 95 1 0 34 77 1 0 0 0 0 15 51 83 1 2 58 62 1 0 0 0 0 11 62 82 1 33 84 74 1 18 34 83 1 31 78 51 1 45 67 50 1 0 0 0 0 5 42 83 1 24 63 101 1 17 62 94 1 25 81 85 1 15 84 100 1 0 0 0 0 42 78 77 1 44 79 86 1 84 73 83 1 133 115 95 1 186 197 164 1 240 252 161 1 254 242 229 1 240 245 182 1 255 250 190 1 235 241 150 1 249 230 171 1 227 249 169 1 254 245 209 1 245 253 255 1 243 255 244 1
99 126 126 1 100 98 116 1 66 79 81 1 47 49 55 1 15 37 39 1 42 59 77 1 31 80 86 1 21 84 102 1 0 28 33 1 0 73 61 1 33 79 48 1 3 72 77 1 36 89 62 1 27 68 64 1 46 18 95 1 0 0 0 0 30 70 54 1 0 0 0 0 0 0 0 0 32 56 81 1 0 0 0 0 9 55 79 1 5 43 98 1 1 46 94 1 44 80 107 1 42 65 82 1 23 65 101 1 33 62 91 1 36 61 71 1 35 52 74 1 37 78 82 1 9 55 93 1 53 35 101 1 12 29 58 1 7 51 67 1 7 41 44 1 5 44 105 1 32 30 76 1 4 33 70 1 4 26 66 1 28 33 60 1 10 60 67 1 30 39 66 1 5 63 68 1 32 34 78 1 18 52 89 1 19 51 64 1 16 61 88 1 0 0 0 0 20 87 83 1 77 67 65 1 97 114 145 1 165 159 143 1 215 233 186 1 255 216 167 1 252 228 132 1 247 228 100 1 255 255 109 1 230 237 106 1 240 242 111 1 247 249 150 1 255 251 199 1 241 244 171 1 255 242 229 1
0 0 0 0 113 126 122 1 61 100 81 1 50 83 62 1 41 77 36 1 42 71 52 1 0 0 0 0 0 0 0 0 10 64 85 1 32 82 70 1 0 0 0 0 40 41 80 1 26 54 57 1 29 46 60 1 17 40 74 1 30 47 61 1 42 71 58 1 52 57 53 1 31 80 67 1 0 0 0 0 21 69 75 1 10 61 93 1 16 52 65 1 18 49 82 1 28 70 87 1 18 52 95 1 1 52 83 1 39 75 81 1 31 39 69 1 0 0 0 0 22 40 88 1 10 44 69 1 2 38 89 1 40 44 74 1 28 37 80 1 16 49 79 1 0 41 82 1 0 51 77 1 7 40 72 1 33 40 62 1 20 39 95 1 11 65 67 1 34 57 62 1 21 48 74 1 7 43 88 1 25 34 88 1 0 72 85 1 12 82 76 1 0 0 0 0 42 90 66 1 99 115 93 1 0 0 0 0 198 166 156 1 223 198 190 1 245 202 125 1 255 204 130 1 255 217 88 1 0 0 0 0 220 227 111 1 0 0 0 0 0 0 0 0 0 0 0 0 248 238 206 1 230 255 226 1
114 108 114 1 117 110 128 1 98 96 128 1 47 86 42 1 0 0 0 0 48 69 64 1 0 0 0 0 0 0 0 0 0 0 0 0 0 0 0 0 1 51 77 1 0 0 0 0 19 52 70 1 30 46 61 1 0 0 0 0 41 55 93 1 21 64 84 1 28 59 56 1 21 48 75 1 17 62 50 1 17 37 60 1 16 60 58 1 25 48 71 1 27 51 101 1 14 35 101 1 30 49 54 1 34 65 81 1 6 73 61 1 38 52 74 1 38 54 73 1 41 49 82 1 21 67 83 1 36 63 89 1 42 67 59 1 10 41 86 1 26 49 77 1 10 23 70 1 0 0 0 0 21 24 84 1 0 36 85 1 24 93 56 1 29 49 64 1 0 49 77 1 13 47 83 1 0 0 0 0 7 63 79 1 11 62 65 1 45 58 95 1 32 54 78 1 34 68 93 1 101 94 123 1 131 109 154 1 180 175 99 1 213 181 151 1 0 0 0 0 250 188 111 1 254 228 90 1 255 210 122 1 255 244 109 1 0 0 0 0 255 236 129 1 0 0 0 0 253 255 172 1 255 231 175 1
109 78 116 1 87 111 111 1 72 87 109 1 46 66 52 1 36 40 43 1 13 44 67 1 18 68 65 1 0 0 0 0 26 45 81 1 27 70 74 1 25 53 86 1 29 57 85 1 0 0 0 0 14 65 59 1 35 57 87 1 24 60 48 1 30 62 73 1 22 55 64 1 29 66 88 1 37 76 92 1 41 63 75 1 22 60 55 1 24 61 87 1 14 51 89 1 16 74 57 1 41 18 63 1 9 40 78 1 0 0 0 0 31 74 79 1 18 15 93 1 19 53 95 1 36 78 47 1 25 68 92 1 26 38 43 1 0 0 0 0 2 40 80 1 15 50 59 1 0 48 52 1 21 49 92 1 41 87 76 1 18 59 49 1 14 58 81 1 22 59 70 1 7 22 71 1 9 30 74 1 21 49 91 1 35 73 83 1 27 72 75 1 24 81 80 1 20 57 86 1 57 65 77 1 110 74 100 1 134 101 62 1 155 117 85 1 228 180 64 1 251 198 124 1 247 188 114 1 247 233 117 1 226 210 108 1 232 195 90 1 248 224 127 1 255 251 152 1 246 254 149 1 248 255 178 1
53 52 88 1 66 74 113 1 65 77 96 1 45 46 81 1 25 58 54 1 16 58 72 1 43 61 68 1 14 43 98 1 52 48 101 1 42 55 93 1 44 75 88 1 20 56 73 1 13 49 73 1 34 72 56 1 31 36 65 1 12 56 85 1 35 46 83 1 34 61 95 1 13 49 63 1 20 56 78 1 40 65 85 1 24 52 113 1 21 62 89 1 9 55 71 1 37 53 71 1 14 35 79 1 38 33 61 1 18 53 79 1 15 43 90 1 27 62 64 1 45 77 107 1 23 34 71 1 27 48 93 1 16 48 79 1 35 63 34 1 12 44 62 1 0 62 65 1 0 0 0 0 3 60 88 1 0 53 59 1 33 66 71 1 6 51 49 1 33 47 79 1 33 47 80 1 8 56 59 1 15 70 77 1 41 64 72 1 39 37 78 1 51 69 131 1 70 56 83 1 0 0 0 0 50 59 85 1 134 78 75 1 135 113 90 1 212 159 89 1 250 209 104 1 0 0 0 0 0 0 0 0 247 243 131 1 231 223 108 1 236 212 121 1 232 243 155 1 232 244 163 1 251 255 170 1
21 49 95 1 47 35 106 1 25 49 81 1 29 36 82 1 28 46 51 1 20 70 84 1 8 64 69 1 24 52 105 1 22 42 70 1 24 37 99 1 34 41 84 1 12 55 87 1 0 0 0 0 0 0 0 0 24 52 77 1 0 58 65 1 16 40 89 1 0 0 0 0 21 48 79 1 16 58 74 1 31 17 72 1 0 0 0 0 24 64 76 1 0 65 95 1 14 37 70 1 18 64 85 1 14 32 66 1 30 53 60 1 18 32 64 1 28 72 60 1 24 37 84 1 36 63 63 1 0 0 0 0 21 68 80 1 19 63 74 1 23 41 56 1 16 25 65 1 1 54 77 1 18 65 72 1 9 38 63 1 4 79 77 1 26 60 73 1 29 40 60 1 22 24 75 1 0 53 84 1 17 32 56 1 40 51 68 1 30 38 57 1 47 60 86 1 43 60 123 1 40 46 75 1 69 39 99 1 95 64 55 1 114 96 67 1 180 133 82 1 255 162 107 1 255 207 124 1 0 0 0 0 250 214 150 1 255 217 113 1 229 230 146 1 204 220 153 1 255 239 142 1 0 0 0 0
18 73 94 1 25 23 95 1 0 0 0 0 26 27 57 1 10 22 69 1 27 39 70 1 18 55 76 1 22 68 95 1 27 46 100 1 38 55 83 1 14 29 74 1 28 44 60 1 0 0 0 0 14 54 98 1 11 58 88 1 8 51 104 1 0 44 90 1 23 53 90 1 32 79 76 1 0 52 90 1 31 67 80 1 25 49 77 1 39 52 80 1 26 54 73 1 13 58 67 1 22 58 64 1 23 49 62 1 21 36 61 1 31 51 62 1 8 29 74 1 30 68 91 1 28 47 65 1 13 55 60 1 8 47 58 1 3 49 69 1 12 33 70 1 7 49 84 1 28 47 81 1 0 51 69 1 0 33 82 1 33 39 52 1 42 66 59 1 6 53 61 1 30 75 81 1 29 55 87 1 22 42 89 1 37 71 68 1 26 51 72 1 24 52 100 1 16 45 96 1 45 47 67 1 49 57 97 1 79 42 68 1 75 59 52 1 171 106 55 1 176 170 72 1 238 180 115 1 255 237 123 1 238 249 135 1 255 231 125 1 226 241 150 1 0 0 0 0 248 255 204 1 242 255 218 1
36 66 131 1 15 29 84 1 0 36 74 1 25 63 66 1 32 72 60 1 28 28 69 1 0 0 0 0 16 75 89 1 20 68 83 1 22 33 79 1 19 30 91 1 0 53 73 1 39 35 101 1 26 43 83 1 13 53 98 1 6 67 88 1 5 38 80 1 30 64 105 1 36 44 94 1 10 38 70 1 26 52 69 1 23 57 42 1 17 38 71 1 36 24 72 1 0 0 0 0 33 36 67 1 32 53 92 1 26 40 97 1 12 41 49 1 35 27 41 1 0 0 0 0 37 17 73 1 3 37 66 1 28 16 43 1 3 26 61 1 13 35 71 1 6 60 84 1 25 38 82 1 0 45 77 1 41 51 79 1 16 41 61 1 56 48 64 1 28 42 91 1 51 59 76 1 11 61 97 1 23 67 74 1 21 63 58 1 0 54 62 1 23 77 122 1 6 44 119 1 0 0 0 0 40 68 129 1 74 39 81 1 79 59 82 1 0 0 0 0 181 135 88 1 228 219 81 1 0 0 0 0 247 238 131 1 250 250 144 1 255 250 161 1 234 254 198 1 0 0 0 0 255 255 227 1
0 71 94 1 0 0 0 0 3 56 57 1 9 63 83 1 6 40 62 1 32 45 75 1 0 0 0 0 10 50 77 1 32 50 68 1 4 41 105 1 14 48 69 1 5 62 88 1 0 37 88 1 7 54 71 1 15 30 51 1 10 49 89 1 10 20 78 1 19 55 80 1 26 68 91 1 38 75 61 1 23 45 72 1 24 35 56 1 0 57 74 1 0 0 0 0 37 44 71 1 38 45 69 1 14 32 67 1 16 70 44 1 4 36 61 1 0 0 0 0 10 39 47 1 0 9 75 1 0 30 56 1 22 50 74 1 17 69 70 1 14 47 72 1 1 28 70 1 8 71 54 1 0 63 73 1 0 44 72 1 28 50 104 1 0 0 0 0 14 67 85 1 16 51 80 1 1 50 55 1 13 66 81 1 0 0 0 0 52 46 108 1 39 32 85 1 10 53 52 1 52 67 60 1 36 60 63 1 58 48 68 1 92 96 57 1 104 103 97 1 163 159 121 1 173 185 70 1 214 201 94 1 244 228 142 1 243 255 122 1 250 246 148 1 0 0 0 0 255 255 186 1 251 242 197 1
0 0 0 0 0 0 0 0 24 65 74 1 46 36 77 1 18 72 101 1 3 42 73 1 13 44 66 1 20 26 55 1 0 0 0 0 23 48 79 1 0 30 63 1 5 43 99 1 29 29 78 1 34 53 58 1 3 39 78 1 15 32 91 1 35 30 49 1 14 60 99 1 12 45 61 1 0 58 65 1 19 33 90 1 9 57 94 1 22 67 67 1 21 35 70 1 16 35 72 1 14 53 53 1 30 51 77 1 0 62 47 1 0 47 69 1 26 23 59 1 19 49 43 1 13 32 78 1 13 48 68 1 0 55 74 1 15 59 69 1 0 50 60 1 0 46 58 1 0 51 78 1 13 64 84 1 0 53 76 1 0 52 111 1 0 0 0 0 24 58 44 1 0 49 51 1 0 0 0 0 23 85 86 1 40 47 92 1 44 79 85 1 33 58 79 1 29 43 105 1 41 54 71 1 80 50 88 1 60 66 68 1 91 69 79 1 117 109 84 1 146 121 107 1 225 201 95 1 217 187 107 1 249 230 127 1 246 207 136 1 237 220 160 1 255 190 151 1 0 0 0 0 235 237 158 1
22 62 69 1 4 68 76 1 20 49 74 1 0 0 0 0 0 0 0 0 14 66 74 1 0 0 0 0 8 41 68 1 21 63 70 1 0 0 0 0 12 49 52 1 13 49 71 1 29 55 79 1 24 77 69 1 17 56 77 1 9 25 94 1 9 44 75 1 29 34 94 1 0 0 0 0 14 64 61 1 13 31 73 1 22 44 86 1 48 23 57 1 12 63 70 1 20 47 54 1 12 61 49 1 0 0 0 0 28 53 72 1 0 31 63 1 36 53 58 1 6 37 55 1 24 48 38 1 26 25 60 1 28 36 64 1 6 23 47 1 0 0 0 0 0 0 0 0 20 68 65 1 37 34 59 1 0 0 0 0 6 44 86 1 12 26 96 1 30 40 79 1 28 52 75 1 10 5 50 1 0 0 0 0 14 39 62 1 27 40 87 1 0 39 95 1 18 60 101 1 37 49 84 1 38 52 72 1 45 58 76 1 37 54 55 1 93 87 78 1 0 0 0 0 255 171 91 1 207 153 102 1 248 213 92 1 0 0 0 0 223 198 103 1 236 210 126 1 255 222 136 1 253 230 145 1
46 93 90 1 19 33 81 1 32 61 84 1 18 38 55 1 29 40 85 1 22 44 71 1 26 69 94 1 22 64 87 1 18 37 86 1 0 48 61 1 0 54 83 1 16 51 63 1 23 28 78 1 0 66 79 1 31 53 56 1 4 55 49 1 0 42 64 1 27 47 58 1 0 36 103 1 15 35 72 1 4 39 100 1 27 49 71 1 8 34 50 1 2 51 85 1 17 42 44 1 23 50 56 1 1 32 53 1 10 51 66 1 7 49 40 1 9 42 65 1 0 0 0 0 26 69 86 1 0 45 69 1 21 59 49 1 29 44 56 1 18 57 74 1 10 49 76 1 9 81 73 1 33 43 80 1 15 57 84 1 0 48 98 1 32 35 83 1 7 51 71 1 15 67 86 1 33 35 39 1 4 68 70 1 14 54 76 1 0 0 0 0 0 0 0 0 0 53 91 1 37 62 67 1 2 54 86 1 40 66 50 1 60 53 49 1 93 78 72 1 102 101 106 1 205 137 82 1 209 158 86 1 252 200 112 1 244 195 129 1 255 195 126 1 239 224 123 1 255 229 133 1 255 216 144 1
54 75 116 1 40 82 134 1 42 101 105 1 25 65 82 1 18 49 59 1 46 55 58 1 0 0 0 0 43 36 67 1 0 74 94 1 22 61 69 1 15 69 54 1 0 61 65 1 8 39 78 1 0 0 0 0 10 18 84 1 0 23 78 1 16 45 87 1 11 46 55 1 28 32 81 1 3 33 81 1 0 63 61 1 29 48 68 1 27 30 48 1 22 36 70 1 25 74 35 1 14 43 49 1 10 24 60 1 6 53 66 1 5 33 65 1 0 0 0 0 4 33 72 1 15 20 75 1 11 34 64 1 6 17 77 1 13 39 47 1 16 43 81 1 28 61 63 1 32 56 67 1 23 30 67 1 0 57 73 1 0 0 0 0 40 60 73 1 14 51 76 1 0 0 0 0 16 61 60 1 0 0 0 0 5 56 60 1 12 59 70 1 0 0 0 0 18 39 107 1 11 62 93 1 24 51 98 1 41 47 72 1 31 55 75 1 82 88 95 1 116 130 123 1 201 121 80 1 209 155 93 1 250 177 116 1 217 199 111 1 255 210 126 1 255 224 129 1 255 243 151 1 252 249 126 1
73 97 132 1 0 0 0 0 50 70 105 1 37 80 127 1 73 100 91 1 55 88 106 1 66 75 110 1 47 72 105 1 14 73 67 1 20 41 79 1 8 70 30 1 23 37 91 1 9 63 83 1 21 41 71 1 13 60 75 1 24 62 85 1 0 0 0 0 23 6 77 1 0 38 75 1 13 53 45 1 28 39 63 1 6 65 51 1 0 38 65 1 39 45 69 1 3 59 79 1 0 0 0 0 31 20 66 1 11 39 69 1 21 57 79 1 0 0 0 0 0 0 0 0 14 52 61 1 0 51 70 1 11 28 80 1 32 37 77 1 17 42 61 1 23 41 87 1 20 34 66 1 27 47 73 1 7 32 91 1 0 45 70 1 59 34 86 1 27 70 65 1 23 36 71 1 38 27 57 1 0 0 0 0 17 23 72 1 15 64 71 1 19 46 131 1 42 44 89 1 24 35 65 1 37 15 86 1 38 55 74 1 78 53 93 1 109 92 101 1 122 105 121 1 191 146 126 1 220 175 96 1 227 159 129 1 197 186 118 1 208 185 114 1 223 210 107 1 247 195 141 1 246 213 140 1
0 0 0 0 65 75 100 1 56 64 98 1 36 79 120 1 36 76 93 1 78 97 121 1 82 99 129 1 70 102 121 1 25 93 87 1 9 64 101 1 26 55 39 1 2 33 93 1 7 49 70 1 48 71 91 1 28 39 83 1 16 66 84 1 21 67 61 1 17 62 56 1 0 49 57 1 14 37 77 1 11 67 64 1 22 24 73 1 29 51 85 1 0 43 73 1 18 56 50 1 9 45 67 1 15 34 61 1 24 67 73 1 9 38 62 1 0 0 0 0 23 60 73 1 19 43 55 1 6 62 76 1 15 46 58 1 13 47 40 1 19 46 92 1 3 24 69 1 32 45 79 1 19 52 95 1 0 37 75 1 3 37 131 1 38 46 105 1 26 33 68 1 15 49 78 1 13 67 84 1 0 55 58 1 31 61 84 1 45 32 94 1 0 47 113 1 24 53 79 1 37 75 86 1 46 34 68 1 46 44 46 1 93 72 84 1 100 84 105 1 120 127 110 1 175 157 103 1 210 151 102 1 211 158 113 1 203 159 123 1 191 164 105 1 0 0 0 0 242 184 84 1 225 185 97 1
37 56 90 1 21 65 88 1 46 55 113 1 27 73 102 1 35 78 81 1 0 0 0 0 67 80 100 1 51 106 135 1 0 0 0 0 9 79 121 1 7 48 106 1 10 62 72 1 36 41 59 1 29 47 95 1 8 70 93 1 40 54 102 1 29 36 73 1 0 0 0 0 7 64 67 1 1 43 93 1 10 51 87 1 0 0 0 0 22 62 68 1 16 36 72 1 27 47 71 1 26 49 70 1 13 35 82 1 19 61 63 1 20 37 59 1 35 58 72 1 26 40 75 1 46 53 69 1 39 57 76 1 0 0 0 0 1 32 63 1 35 33 88 1 25 37 89 1 0 44 74 1 15 31 66 1 14 45 86 1 27 33 107 1 34 45 67 1 24 46 60 1 22 36 75 1 1 64 62 1 21 47 60 1 20 55 87 1 19 19 90 1 33 48 71 1 38 44 94 1 74 61 69 1 49 79 103 1 88 79 86 1 96 88 82 1 89 97 101 1 124 114 112 1 176 117 100 1 0 0 0 0 166 125 121 1 201 136 98 1 196 156 94 1 213 164 76 1 209 175 113 1 214 174 118 1
0 0 0 0 24 51 89 1 18 69 91 1 42 27 70 1 40 48 70 1 40 61 96 1 30 56 99 1 68 71 115 1 63 73 103 1 44 70 109 1 28 70 99 1 44 89 112 1 0 0 0 0 60 68 115 1 34 64 150 1 19 79 115 1 32 64 90 1 35 83 134 1 0 43 79 1 28 63 68 1 0 0 0 0 0 75 54 1 0 0 0 0 17 69 85 1 28 50 76 1 0 53 67 1 14 62 79 1 17 47 87 1 20 36 49 1 1 49 72 1 29 25 84 1 10 57 70 1 13 50 77 1 6 45 95 1 10 82 95 1 25 31 76 1 12 58 82 1 18 22 67 1 0 80 68 1 0 55 108 1 16 49 83 1 18 34 85 1 0 21 91 1 0 0 0 0 10 62 71 1 13 52 73 1 16 31 52 1 38 68 84 1 58 60 95 1 20 47 106 1 68 80 85 1 74 93 106 1 93 95 68 1 173 129 119 1 164 128 85 1 175 129 85 1 170 121 89 1 0 0 0 0 185 156 76 1 149 140 67 1 208 177 91 1 211 177 125 1 218 179 148 1 246 215 139 1
31 65 83 1 48 52 80 1 19 43 98 1 32 31 60 1 44 57 90 1 57 52 87 1 28 45 106 1 48 84 81 1 41 69 86 1 0 0 0 0 43 69 103 1 39 96 108 1 39 97 96 1 43 85 104 1 26 63 79 1 48 60 113 1 26 99 129 1 30 78 119 1 33 70 109 1 41 58 83 1 22 51 67 1 0 0 0 0 0 0 0 0 37 59 64 1 19 49 91 1 13 51 79 1 22 46 71 1 16 38 75 1 2 32 72 1 4 60 72 1 26 44 79 1 24 48 75 1 15 53 57 1 32 48 83 1 8 41 74 1 36 52 92 1 10 66 72 1 9 59 77 1 33 67 91 1 22 54 71 1 34 36 105 1 1 38 107 1 14 37 89 1 0 0 0 0 0 58 83 1 0 0 0 0 31 15 71 1 40 45 51 1 42 58 86 1 55 59 100 1 82 92 67 1 94 69 89 1 133 121 95 1 0 0 0 0 185 150 80 1 191 159 78 1 201 131 72 1 230 150 84 1 212 169 102 1 208 191 98 1 229 193 97 1 206 175 154 1 239 202 123 1 238 197 134 1
23 82 65 1 23 43 53 1 0 0 0 0 21 22 72 1 31 48 62 1 2 48 77 1 17 64 81 1 28 48 74 1 28 71 68 1 39 58 58 1 10 54 88 1 49 62 91 1 56 81 85 1 20 43 100 1 39 81 101 1 12 79 85 1 64 79 122 1 50 63 115 1 59 83 97 1 54 73 99 1 10 47 104 1 36 51 54 1 3 72 97 1 0 88 52 1 11 66 62 1 9 60 79 1 0 0 0 0 0 0 0 0 0 50 76 1 0 0 0 0 6 66 70 1 0 53 62 1 1 39 78 1 14 29 73 1 18 44 92 1 8 42 72 1 0 32 86 1 19 65 65 1 18 48 83 1 29 33 112 1 28 45 131 1 20 39 113 1 29 45 98 1 17 60 73 1 4 57 80 1 23 40 70 1 16 63 77 1 41 42 82 1 55 56 88 1 51 54 91 1 80 74 91 1 116 99 94 1 166 125 72 1 217 165 140 1 187 145 100 1 193 137 61 1 186 142 77 1 185 155 79 1 206 165 65 1 218 168 98 1 238 181 106 1 237 195 126 1 236 165 107 1 198 151 56 1
36 48 98 1 30 42 93 1 34 52 52 1 22 51 65 1 28 41 90 1 2 28 61 1 26 59 84 1 10 46 80 1 0 56 81 1 2 22 76 1 25 51 90 1 0 0 0 0 25 47 90 1 4 66 84 1 31 83 100 1 11 55 74 1 52 84 128 1 43 74 126 1 32 93 111 1 0 0 0 0 32 78 91 1 8 55 76 1 16 64 90 1 29 61 49 1 8 35 92 1 28 40 70 1 15 60 71 1 0 0 0 0 44 42 100 1 0 0 0 0 15 53 82 1 30 33 62 1 24 64 83 1 20 58 65 1 10 35 72 1 0 57 79 1 16 56 72 1 29 45 66 1 4 53 77 1 35 34 88 1 13 68 75 1 32 58 85 1 28 18 78 1 26 37 105 1 29 55 99 1 24 72 88 1 9 46 65 1 0 0 0 0 32 39 78 1 0 0 0 0 0 0 0 0 0 0 0 0 173 139 97 1 204 141 120 1 197 141 79 1 187 143 72 1 224 143 74 1 212 145 44 1 228 157 53 1 221 184 82 1 240 191 99 1 237 175 124 1 238 197 81 1 198 129 59 1
0 0 0 0 25 73 85 1 28 73 79 1 0 0 0 0 18 30 70 1 0 43 61 1 39 60 68 1 3 45 78 1 31 45 55 1 15 50 80 1 14 52 63 1 6 39 104 1 11 33 90 1 21 37 94 1 27 58 73 1 33 55 93 1 18 58 68 1 24 63 115 1 50 73 97 1 30 68 103 1 38 64 84 1 35 48 89 1 9 19 88 1 0 0 0 0 32 50 61 1 21 39 72 1 22 43 72 1 0 0 0 0 0 0 0 0 5 42 73 1 4 58 73 1 0 0 0 0 26 46 84 1 24 38 74 1 21 23 77 1 0 59 74 1 18 53 60 1 0 48 96 1 18 48 65 1 29 42 65 1 28 48 70 1 26 47 83 1 7 33 73 1 37 60 73 1 0 41 91 1 27 81 72 1 24 48 65 1 0 0 0 0 47 53 47 1 62 71 52 1 63 67 60 1 0 0 0 0 147 135 72 1 193 135 126 1 210 177 66 1 0 0 0 0 247 170 72 1 228 151 111 1 226 149 104 1 220 197 101 1 207 170 105 1 240 193 123 1 0 0 0 0 0 0 0 0
25 73 106 1 0 55 110 1 10 62 91 1 25 35 81 1 27 51 53 1 29 34 93 1 44 28 86 1 28 41 63 1 1 42 85 1 0 0 0 0 0 38 79 1 0 24 67 1 13 36 55 1 25 66 67 1 0 0 0 0 42 56 73 1 32 59 74 1 19 31 72 1 16 50 74 1 31 53 83 1 53 64 63 1 0 21 57 1 2 54 80 1 10 34 76 1 19 50 75 1 0 41 59 1 28 70 85 1 12 58 93 1 0 54 63 1 9 49 69 1 7 66 76 1 0 0 0 0 0 43 67 1 52 49 51 1 0 41 63 1 8 45 74 1 25 48 80 1 18 39 103 1 15 60 82 1 0 47 85 1 0 53 77 1 17 38 82 1 20 54 76 1 0 0 0 0 49 40 81 1 47 52 72 1 15 68 65 1 50 70 56 1 26 58 81 1 34 63 71 1 70 77 49 1 95 78 86 1 0 0 0 0 175 130 73 1 208 164 96 1 242 154 125 1 0 0 0 0 233 158 86 1 214 175 100 1 211 170 135 1 186 146 100 1 247 160 125 1 205 163 108 1 177 122 51 1
13 50 58 1 0 52 64 1 27 57 77 1 21 64 30 1 0 44 58 1 29 37 78 1 41 45 53 1 14 55 67 1 2 44 74 1 17 28 62 1 17 34 81 1 0 40 64 1 39 53 59 1 0 0 0 0 0 0 0 0 10 49 84 1 21 67 69 1 15 72 76 1 15 57 95 1 16 55 53 1 12 42 65 1 33 55 74 1 15 59 66 1 0 0 0 0 33 71 70 1 6 62 72 1 46 52 87 1 26 58 76 1 17 56 91 1 21 61 81 1 0 0 0 0 33 42 69 1 0 0 0 0 0 0 0 0 36 36 77 1 22 36 66 1 39 59 64 1 3 63 86 1 35 63 55 1 0 54 62 1 0 54 63 1 1 43 56 1 0 0 0 0 0 0 0 0 4 53 71 1 0 52 61 1 27 51 71 1 0 0 0 0 0 0 0 0 33 55 84 1 0 0 0 0 82 55 78 1 81 83 28 1 0 0 0 0 0 0 0 0 218 185 106 1 215 147 112 1 0 0 0 0 210 171 117 1 190 154 75 1 167 136 99 1 181 110 97 1 126 84 77 1 158 89 75 1
17 29 73 1 27 65 57 1 12 21 79 1 32 52 57 1 40 9 77 1 58 47 83 1 34 50 59 1 32 52 43 1 2 35 79 1 3 42 65 1 20 34 54 1 0 0 0 0 37 52 54 1 25 33 91 1 51 69 102 1 33 64 105 1 35 40 85 1 44 55 99 1 14 80 105 1 22 65 79 1 56 44 63 1 24 72 61 1 21 45 62 1 0 0 0 0 38 67 71 1 31 53 102 1 9 56 73 1 12 61 62 1 12 42 67 1 15 63 57 1 20 54 55 1 8 42 83 1 31 51 68 1 23 65 84 1 20 29 90 1 19 53 64 1 5 45 85 1 7 46 70 1 21 49 71 1 17 46 63 1 21 68 61 1 31 59 76 1 17 65 82 1 10 46 39 1 0 0 0 0 36 58 49 1 50 34 78 1 44 54 55 1 20 58 83 1 22 43 76 1 66 84 49 1 70 59 89 1 107 89 60 1 97 77 57 1 174 124 59 1 201 144 80 1 209 123 99 1 235 164 125 1 172 132 94 1 0 0 0 0 125 102 79 1 118 93 82 1 117 65 60 1 125 65 46 1
17 53 65 1 31 38 72 1 14 44 82 1 23 71 63 1 17 43 59 1 4 56 71 1 21 38 69 1 13 53 65 1 22 38 59 1 29 30 90 1 0 63 71 1 16 56 67 1 18 69 81 1 38 28 66 1 30 50 81 1 19 69 87 1 20 54 73 1 29 54 83 1 29 46 83 1 35 34 58 1 26 33 48 1 11 58 43 1 42 51 64 1 31 46 65 1 0 0 0 0 36 55 83 1 30 52 67 1 8 68 69 1 20 44 63 1 7 42 66 1 16 77 61 1 6 58 67 1 17 61 75 1 0 26 72 1 23 39 83 1 6 37 43 1 27 42 80 1 21 38 63 1 10 51 95 1 0 0 0 0 24 55 37 1 0 0 0 0 8 41 79 1 24 70 79 1 48 66 71 1 32 39 89 1 0 0 0 0 46 43 84 1 2 55 95 1 0 0 0 0 25 48 59 1 57 54 65 1 79 64 26 1 107 94 69 1 148 131 83 1 203 129 121 1 214 173 125 1 178 157 131 1 170 134 97 1 127 127 108 1 117 116 75 1 76 88 58 1 54 88 74 1 63 65 76 1
0 48 67 1 24 41 61 1 22 61 59 1 28 59 59 1 14 62 61 1 0 0 0 0 8 48 50 1 7 51 83 1 40 54 74 1 0 0 0 0 0 45 77 1 25 58 71 1 21 63 52 1 37 57 61 1 26 57 62 1 0 0 0 0 19 58 71 1 25 60 69 1 0 0 0 0 23 34 53 1 17 68 77 1 13 56 68 1 5 34 71 1 17 46 62 1 24 36 62 1 20 48 69 1 24 32 66 1 30 62 67 1 12 39 75 1 4 52 55 1 15 35 87 1 21 38 86 1 23 45 66 1 31 46 65 1 0 0 0 0 21 44 73 1 20 37 78 1 11 36 93 1 7 26 52 1 4 31 70 1 0 0 0 0 8 34 63 1 29 43 66 1 15 24 69 1 8 43 82 1 18 41 91 1 23 49 83 1 23 57 81 1 29 74 88 1 34 33 97 1 30 54 82 1 63 69 54 1 92 53 29 1 121 81 70 1 161 127 94 1 201 167 146 1 203 144 95 1 208 126 86 1 157 121 100 1 142 116 111 1 76 89 54 1 77 49 50 1 52 52 51 1 71 40 51 1
36 35 67 1 24 36 53 1 30 36 69 1 13 42 81 1 7 37 75 1 7 58 68 1 24 51 64 1 39 60 61 1 29 38 71 1 32 47 84 1 14 54 64 1 0 0 0 0 28 46 66 1 30 35 87 1 35 60 56 1 38 52 58 1 25 66 63 1 13 28 88 1 18 58 63 1 10 46 52 1 27 44 88 1 45 63 84 1 25 39 83 1 16 59 87 1 16 42 64 1 6 55 60 1 19 44 71 1 0 61 83 1 33 46 92 1 24 55 76 1 0 0 0 0 31 74 72 1 22 19 52 1 0 52 48 1 11 57 54 1 0 46 72 1 12 66 83 1 15 56 87 1 27 59 82 1 2 41 93 1 1 64 62 1 0 60 53 1 36 43 66 1 39 55 84 1 44 44 90 1 5 59 76 1 13 60 68 1 24 68 76 1 31 81 104 1 43 59 98 1 39 73 88 1 57 76 110 1 81 85 45 1 136 119 103 1 172 140 98 1 0 0 0 0 213 165 84 1 196 149 105 1 209 152 125 1 150 135 109 1 103 87 92 1 50 55 75 1 55 59 62 1 37 38 79 1
26 37 64 1 23 40 64 1 28 41 73 1 7 45 59 1 16 42 63 1 21 48 83 1 10 52 51 1 29 48 57 1 0 0 0 0 4 39 82 1 14 41 66 1 29 36 75 1 24 37 94 1 11 46 89 1 0 0 0 0 0 40 73 1 25 56 90 1 20 40 65 1 0 37 70 1 19 36 60 1 6 27 79 1 19 44 69 1 15 25 57 1 7 37 61 1 12 55 51 1 52 56 109 1 23 36 65 1 22 50 73 1 22 43 69 1 34 27 83 1 0 0 0 0 0 0 0 0 21 63 59 1 13 60 79 1 15 42 92 1 11 42 66 1 8 44 82 1 20 50 62 1 2 47 52 1 0 43 52 1 0 0 0 0 0 0 0 0 0 0 0 0 0 0 0 0 4 38 65 1 42 50 66 1 19 46 69 1 19 68 70 1 0 0 0 0 42 85 82 1 97 82 68 1 82 76 98 1 119 109 60 1 133 111 99 1 174 140 92 1 197 156 110 1 205 143 92 1 212 166 102 1 204 161 112 1 129 123 105 1 100 83 84 1 94 72 63 1 52 38 39 1 31 67 56 1
18 41 50 1 33 65 61 1 23 34 63 1 12 65 57 1 24 30 51 1 15 56 43 1 48 52 82 1 10 29 92 1 16 23 55 1 15 35 66 1 0 61 50 1 10 45 51 1 3 41 77 1 26 58 82 1 28 37 62 1 1 50 53 1 24 52 60 1 23 50 83 1 0 59 81 1 0 29 101 1 6 50 46 1 16 38 60 1 23 46 74 1 6 49 83 1 0 54 62 1 0 0 0 0 4 44 63 1 20 34 87 1 38 64 72 1 3 38 86 1 12 33 78 1 38 29 77 1 25 48 64 1 0 39 85 1 16 52 38 1 17 52 71 1 29 39 67 1 5 36 82 1 14 41 91 1 18 53 75 1 26 56 78 1 0 64 75 1 11 30 58 1 28 35 76 1 0 0 0 0 14 27 66 1 15 54 78 1 6 60 60 1 33 75 60 1 55 70 110 1 85 70 89 1 0 0 0 0 164 143 86 1 191 141 104 1 0 0 0 0 233 186 78 1 210 152 82 1 211 166 87 1 185 148 102 1 0 0 0 0 127 117 75 1 90 90 81 1 0 0 0 0 0 0 0 0
7 36 59 1 0 0 0 0 14 55 59 1 4 47 58 1 6 59 62 1 22 57 82 1 8 64 67 1 33 48 64 1 8 26 92 1 27 68 75 1 33 20 42 1 7 46 65 1 0 49 49 1 29 32 64 1 12 48 59 1 16 32 64 1 17 53 84 1 13 64 66 1 19 56 58 1 0 49 74 1 11 44 58 1 0 45 76 1 17 53 60 1 28 58 79 1 29 74 76 1 22 57 71 1 16 41 76 1 0 0 0 0 8 33 94 1 0 0 0 0 9 67 88 1 19 48 68 1 12 53 68 1 24 53 48 1 0 64 72 1 33 77 48 1 28 36 68 1 3 52 72 1 26 25 64 1 20 58 56 1 0 0 0 0 22 50 62 1 0 0 0 0 9 41 86 1 25 59 75 1 5 58 54 1 0 48 70 1 8 57 67 1 38 52 71 1 0 0 0 0 119 88 71 1 161 143 128 1 187 151 108 1 0 0 0 0 213 160 87 1 234 172 91 1 228 201 71 1 221 161 117 1 200 165 106 1 167 120 114 1 138 129 113 1 0 0 0 0 78 87 92 1 0 0 0 0
7 64 98 1 16 61 77 1 38 61 72 1 17 44 72 1 44 34 70 1 38 49 65 1 41 49 52 1 35 37 52 1 7 56 84 1 0 0 0 0 0 0 0 0 50 55 62 1 8 43 54 1 0 0 0 0 16 50 63 1 34 39 83 1 29 23 64 1 10 40 53 1 10 45 58 1 13 76 53 1 17 54 69 1 5 53 81 1 0 0 0 0 25 34 95 1 30 59 89 1 24 32 80 1 22 56 71 1 7 42 66 1 0 0 0 0 16 35 74 1 22 52 52 1 25 40 71 1 20 45 61 1 12 63 65 1 18 70 82 1 17 77 80 1 8 48 67 1 0 23 49 1 15 44 75 1 43 36 86 1 39 50 88 1 29 40 88 1 0 48 95 1 31 76 62 1 0 0 0 0 48 63 60 1 17 60 78 1 20 44 74 1 0 0 0 0 24 39 77 1 62 61 43 1 127 93 95 1 0 0 0 0 186 131 71 1 170 152 63 1 194 128 66 1 195 147 44 1 179 130 87 1 187 146 81 1 138 142 111 1 144 117 118 1 118 103 95 1 84 58 87 1 57 53 29 1
37 31 63 1 24 53 65 1 16 44 64 1 10 30 57 1 34 28 53 1 21 32 73 1 9 65 80 1 23 50 67 1 2 47 86 1 18 39 60 1 13 25 85 1 35 54 73 1 13 27 69 1 0 36 69 1 45 60 96 1 12 71 84 1 26 35 81 1 0 43 65 1 0 0 0 0 0 56 81 1 40 53 78 1 16 54 80 1 0 0 0 0 27 41 46 1 33 53 82 1 20 58 74 1 38 56 91 1 0 0 0 0 20 62 76 1 0 24 88 1 0 50 54 1 7 56 79 1 0 0 0 0 9 44 73 1 13 53 82 1 24 53 51 1 3 53 63 1 9 36 70 1 0 0 0 0 21 45 66 1 2 39 99 1 8 47 75 1 0 0 0 0 16 54 56 1 18 44 49 1 1 50 65 1 34 34 69 1 23 41 54 1 53 67 76 1 84 71 60 1 85 73 57 1 109 91 100 1 154 113 35 1 170 131 45 1 203 126 37 1 205 106 62 1 194 124 28 1 173 144 69 1 186 160 113 1 147 125 85 1 130 131 100 1 0 0 0 0 105 83 75 1 52 50 35 1
0 0 0 0 6 69 59 1 0 0 0 0 18 51 62 1 0 44 46 1 19 26 61 1 31 50 85 1 24 51 79 1 22 64 78 1 18 46 98 1 14 61 96 1 0 0 0 0 24 46 68 1 32 57 83 1 22 41 76 1 13 39 80 1 12 35 95 1 19 54 90 1 19 43 78 1 16 73 57 1 16 31 52 1 22 59 90 1 0 53 87 1 4 26 81 1 0 0 0 0 20 32 70 1 26 51 88 1 3 48 76 1 0 46 83 1 4 35 105 1 6 36 66 1 16 59 70 1 15 33 74 1 0 28 59 1 7 52 67 1 0 32 52 1 5 44 66 1 0 34 75 1 18 41 55 1 12 56 82 1 15 68 61 1 25 50 89 1 4 55 43 1 36 46 73 1 20 39 65 1 29 50 95 1 25 52 65 1 26 46 66 1 6 42 61 1 53 45 93 1 85 83 97 1 125 88 84 1 141 134 86 1 153 112 59 1 163 109 51 1 145 99 35 1 173 109 83 1 176 146 81 1 167 132 132 1 122 116 84 1 114 100 79 1 85 92 69 1 84 103 75 1 70 69 71 1
5 49 45 1 0 63 66 1 10 22 64 1 1 26 60 1 0 47 54 1 8 62 56 1 0 47 70 1 15 26 82 1 0 46 47 1 0 0 0 0 16 48 76 1 25 64 76 1 0 40 108 1 34 4 97 1 21 52 74 1 16 55 77 1 0 57 79 1 22 44 52 1 11 62 83 1 25 28 80 1 11 69 63 1 19 37 63 1 0 38 41 1 14 50 61 1 31 59 80 1 1 58 67 1 24 47 57 1 42 62 62 1 5 54 63 1 37 45 66 1 22 49 48 1 10 43 77 1 26 30 60 1 1 31 86 1 0 63 73 1 32 32 70 1 11 64 72 1 10 37 68 1 22 57 68 1 4 62 71 1 17 62 60 1 18 66 73 1 25 56 66 1 25 41 59 1 20 45 38 1 11 47 63 1 22 57 91 1 42 63 72 1 25 54 47 1 71 63 64 1 88 101 97 1 147 105 92 1 155 114 114 1 0 0 0 0 180 123 73 1 167 108 64 1 143 99 86 1 179 128 80 1 151 141 102 1 125 109 103 1 102 114 71 1 0 0 0 0 62 65 60 1 58 69 75 1
0 0 0 0 18 33 76 1 12 35 55 1 13 43 40 1 25 45 68 1 16 31 67 1 18 61 86 1 12 25 53 1 6 37 75 1 22 38 82 1 0 36 84 1 25 53 65 1 35 53 78 1 31 26 67 1 20 12 79 1 9 12 49 1 11 52 90 1 8 80 66 1 34 35 55 1 18 47 75 1 12 41 107 1 0 0 0 0 0 45 53 1 30 30 75 1 0 0 0 0 0 27 66 1 0 65 74 1 25 67 90 1 6 59 74 1 0 40 64 1 17 44 62 1 36 41 74 1 0 37 63 1 2 36 71 1 24 61 68 1 0 55 63 1 0 0 0 0 14 52 62 1 0 0 0 0 0 0 0 0 0 0 0 0 14 59 38 1 35 32 60 1 0 0 0 0 32 55 53 1 36 58 80 1 16 58 79 1 14 36 72 1 43 68 88 1 54 68 106 1 105 92 106 1 132 108 101 1 162 108 115 1 191 143 131 1 183 131 84 1 192 117 73 1 178 108 76 1 172 121 94 1 131 110 90 1 111 99 105 1 93 82 95 1 71 60 85 1 44 49 65 1 25 57 69 1
0 35 61 1 4 34 63 1 6 44 79 1 11 51 59 1 0 39 71 1 14 54 45 1 32 51 54 1 2 37 56 1 19 45 65 1 5 36 59 1 24 2 28 1 0 49 71 1 14 43 75 1 0 40 52 1 28 49 73 1 16 51 68 1 11 42 59 1 3 74 52 1 34 35 75 1 0 25 63 1 13 47 52 1 18 46 72 1 8 58 67 1 19 23 55 1 12 37 63 1 34 43 64 1 0 0 0 0 0 0 0 0 9 54 63 1 43 61 82 1 26 25 64 1 20 38 76 1 18 48 64 1 6 59 57 1 13 71 57 1 33 84 64 1 28 45 72 1 22 32 79 1 30 54 58 1 0 0 0 0 23 81 56 1 16 78 46 1 39 7 65 1 9 50 63 1 13 54 53 1 28 65 30 1 16 65 66 1 0 31 49 1 29 57 79 1 57 45 61 1 56 67 59 1 0 0 0 0 164 114 99 1 160 139 131 1 197 139 103 1 164 117 79 1 159 127 73 1 161 127 97 1 102 85 89 1 0 0 0 0 59 58 76 1 79 32 75 1 31 41 91 1 46 53 63 1
28 36 85 1 0 0 0 0 4 55 61 1 19 38 82 1 2 45 80 1 26 52 65 1 29 26 67 1 12 34 64 1 0 55 39 1 21 15 67 1 6 29 58 1 25 44 59 1 0 0 0 0 14 27 59 1 0 0 0 0 5 31 75 1 0 0 0 0 8 19 75 1 8 51 54 1 23 22 30 1 38 43 66 1 12 42 74 1 19 23 52 1 0 61 62 1 0 72 48 1 0 39 64 1 20 45 82 1 9 39 58 1 23 44 68 1 17 41 49 1 0 47 51 1 19 19 73 1 13 22 46 1 0 0 0 0 23 46 75 1 4 49 76 1 11 58 73 1 8 42 83 1 22 48 68 1 19 52 54 1 40 58 49 1 0 45 80 1 0 0 0 0 0 0 0 0 34 63 70 1 8 43 70 1 0 0 0 0 26 43 63 1 70 57 74 1 41 68 72 1 36 53 66 1 81 61 98 1 121 101 81 1 160 104 92 1 144 121 107 1 163 114 102 1 172 131 98 1 150 100 98 1 123 112 92 1 96 22 93 1 52 59 53 1 28 37 74 1 0 0 0 0 26 60 95 1
0 30 63 1 14 50 87 1 24 60 58 1 3 42 53 1 14 57 62 1 28 33 84 1 6 35 69 1 0 35 81 1 1 31 68 1 19 33 69 1 11 33 67 1 15 56 55 1 14 31 71 1 3 60 69 1 20 58 64 1 11 29 45 1 23 56 61 1 17 60 54 1 12 36 69 1 33 47 67 1 31 45 61 1 0 0 0 0 19 73 81 1 18 44 62 1 2 47 56 1 27 61 86 1 0 57 65 1 27 39 54 1 27 69 72 1 0 0 0 0 0 61 54 1 33 42 76 1 9 59 44 1 21 45 74 1 24 52 52 1 3 62 85 1 13 54 71 1 33 54 78 1 22 44 82 1 28 36 83 1 3 46 87 1 4 49 70 1 39 36 32 1 20 72 53 1 26 65 62 1 0 52 60 1 25 40 86 1 15 39 73 1 16 51 79 1 24 45 82 1 37 79 73 1 72 76 72 1 99 98 81 1 109 92 68 1 160 109 93 1 153 96 106 1 170 98 78 1 147 105 110 1 0 0 0 0 68 83 92 1 53 54 67 1 30 54 80 1 0 0 0 0 0 0 0 0
0 37 90 1 0 31 70 1 16 64 59 1 11 41 73 1 12 50 59 1 19 49 78 1 33 27 51 1 23 23 60 1 0 0 0 0 2 37 58 1 26 35 92 1 20 32 64 1 18 55 66 1 31 32 73 1 14 51 44 1 9 39 76 1 0 0 0 0 10 48 78 1 14 61 47 1 4 34 56 1 6 48 49 1 0 43 62 1 28 65 67 1 13 64 63 1 17 47 56 1 0 55 73 1 15 42 37 1 11 37 71 1 41 58 70 1 29 54 65 1 26 37 61 1 19 42 51 1 0 52 75 1 30 64 74 1 3 29 59 1 0 46 57 1 35 47 66 1 0 0 0 0 17 50 108 1 9 25 46 1 18 51 64 1 30 40 55 1 12 41 78 1 12 68 62 1 27 39 78 1 12 53 89 1 26 39 69 1 0 0 0 0 21 65 94 1 57 65 104 1 64 91 112 1 63 93 99 1 84 72 72 1 89 87 67 1 123 96 76 1 126 103 96 1 175 100 77 1 127 116 110 1 0 0 0 0 63 76 107 1 61 82 78 1 44 70 66 1 35 58 64 1 28 54 39 1
3 28 56 1 15 40 64 1 15 28 49 1 0 0 0 0 13 44 79 1 0 50 66 1 14 45 87 1 0 0 0 0 22 41 57 1 20 52 62 1 13 45 70 1 17 73 79 1 7 67 76 1 0 49 56 1 20 43 79 1 0 0 0 0 0 0 0 0 0 25 52 1 11 40 78 1 21 39 46 1 23 40 48 1 6 54 47 1 8 40 31 1 0 0 0 0 9 45 49 1 29 43 71 1 6 56 67 1 11 38 90 1 25 34 52 1 29 44 73 1 35 31 60 1 40 42 62 1 21 56 84 1 12 45 50 1 0 0 0 0 0 0 0 0 13 55 43 1 19 44 50 1 1 38 43 1 6 42 77 1 10 29 62 1 5 27 71 1 45 30 71 1 17 21 80 1 17 57 77 1 21 70 83 1 0 0 0 0 32 71 104 1 33 86 122 1 44 75 110 1 72 56 109 1 78 106 116 1 0 0 0 0 108 96 93 1 120 103 87 1 123 90 103 1 124 106 52 1 139 104 109 1 130 113 107 1 62 105 90 1 61 92 79 1 80 110 83 1 31 81 34 1 29 56 31 1
2 46 61 1 4 35 83 1 0 51 86 1 7 74 91 1 3 59 75 1 15 64 78 1 13 53 90 1 13 27 110 1 5 40 68 1 49 64 83 1 0 0 0 0 21 67 86 1 9 58 72 1 0 21 43 1 11 42 60 1 13 54 64 1 5 51 55 1 0 41 76 1 27 44 85 1 23 29 62 1 32 49 58 1 15 34 73 1 0 41 89 1 28 55 70 1 0 0 0 0 3 63 58 1 8 21 64 1 14 51 68 1 15 46 83 1 0 0 0 0 5 43 55 1 19 44 71 1 2 40 84 1 20 44 68 1 15 65 50 1 38 63 79 1 29 61 66 1 5 54 51 1 0 38 88 1 4 39 75 1 0 0 0 0 25 42 102 1 29 43 78 1 4 49 74 1 21 38 74 1 28 54 70 1 3 62 68 1 42 62 91 1 0 0 0 0 0 0 0 0 0 0 0 0 149 118 99 1 145 132 70 1 133 114 107 1 0 0 0 0 101 92 93 1 57 64 79 1 82 95 103 1 121 90 97 1 128 78 84 1 142 91 107 1 141 125 61 1 113 111 92 1 84 70 72 1
20 66 71 1 2 15 64 1 0 0 0 0 3 45 82 1 15 47 68 1 18 63 75 1 5 50 93 1 24 74 92 1 12 60 51 1 0 37 69 1 18 70 92 1 9 36 98 1 4 65 73 1 14 46 61 1 28 45 57 1 19 63 90 1 3 47 55 1 8 41 64 1 21 54 63 1 0 14 39 1 13 38 51 1 3 46 47 1 19 47 82 1 15 50 64 1 30 27 73 1 8 61 54 1 21 53 43 1 9 47 36 1 25 35 69 1 0 0 0 0 4 52 60 1 37 13 69 1 0 0 0 0 13 57 70 1 16 39 65 1 0 0 0 0 13 62 70 1 10 62 77 1 4 47 65 1 7 65 60 1 17 62 67 1 0 0 0 0 11 62 69 1 0 54 59 1 43 18 55 1 21 51 77 1 0 0 0 0 0 0 0 0 50 61 77 1 59 71 72 1 127 120 83 1 157 126 121 1 187 127 113 1 145 109 89 1 0 0 0 0 0 0 0 0 76 79 96 1 82 103 103 1 92 105 104 1 126 77 76 1 159 117 110 1 193 140 112 1 0 0 0 0 139 127 98 1
12 45 86 1 32 45 84 1 16 66 80 1 12 56 78 1 10 66 98 1 24 67 91 1 0 0 0 0 9 47 86 1 3 31 77 1 27 65 85 1 53 57 67 1 24 56 72 1 40 56 70 1 4 39 66 1 11 37 61 1 24 31 50 1 0 52 86 1 10 65 87 1 15 43 76 1 9 71 68 1 8 40 90 1 26 44 28 1 21 22 58 1 0 31 95 1 31 55 53 1 21 44 50 1 11 51 85 1 18 48 66 1 0 52 88 1 29 41 52 1 34 52 55 1 0 0 0 0 21 50 68 1 0 0 0 0 0 74 70 1 0 61 76 1 0 0 0 0 7 42 58 1 6 60 81 1 25 62 79 1 0 54 92 1 25 29 83 1 0 0 0 0 30 47 55 1 43 27 66 1 8 36 94 1 26 58 91 1 27 63 96 1 23 49 53 1 55 62 65 1 106 114 72 1 170 138 104 1 0 0 0 0 0 0 0 0 113 81 93 1 64 71 32 1 31 60 67 1 0 0 0 0 66 72 56 1 0 0 0 0 118 73 57 1 123 105 98 1 126 134 99 1 0 0 0 0
0 45 102 1 31 48 110 1 36 54 104 1 36 79 87 1 48 70 101 1 27 64 108 1 17 66 92 1 0 0 0 0 37 62 109 1 47 67 107 1 0 0 0 0 52 58 77 1 35 64 48 1 12 70 76 1 0 0 0 0 13 54 57 1 0 35 77 1 9 14 46 1 21 36 70 1 0 26 82 1 0 35 68 1 6 55 68 1 18 37 72 1 0 65 68 1 15 39 64 1 0 49 59 1 0 40 60 1 0 46 69 1 27 31 89 1 13 67 92 1 21 55 67 1 29 44 73 1 5 45 94 1 0 0 0 0 0 73 63 1 3 32 67 1 3 72 74 1 26 62 88 1 12 53 78 1 11 41 74 1 20 47 67 1 14 39 88 1 12 50 55 1 20 69 72 1 22 44 59 1 30 65 77 1 0 0 0 0 22 53 102 1 70 37 52 1 62 81 69 1 122 95 80 1 138 94 100 1 116 97 78 1 130 116 100 1 122 88 87 1 96 73 96 1 48 64 68 1 58 63 85 1 59 23 69 1 49 54 62 1 97 31 37 1 87 78 94 1 63 78 82 1 74 88 95 1
46 74 92 1 41 86 97 1 63 88 124 1 49 86 142 1 46 84 140 1 32 98 131 1 40 82 104 1 0 0 0 0 29 52 102 1 20 55 98 1 37 39 74 1 4 48 83 1 46 48 89 1 20 45 75 1 27 40 76 1 21 59 77 1 17 46 47 1 19 44 76 1 0 56 78 1 0 26 52 1 5 43 46 1 20 23 64 1 16 36 55 1 27 44 67 1 32 16 57 1 17 56 67 1 32 29 94 1 19 20 75 1 15 37 78 1 3 38 74 1 0 0 0 0 22 40 89 1 0 62 76 1 0 0 0 0 25 30 76 1 15 28 59 1 0 0 0 0 22 31 57 1 21 38 69 1 0 47 76 1 0 50 87 1 20 37 93 1 27 58 79 1 9 38 60 1 20 68 79 1 33 40 65 1 30 70 87 1 7 64 118 1 57 59 78 1 86 51 81 1 91 119 95 1 116 119 104 1 128 86 95 1 104 97 94 1 102 94 77 1 0 0 0 0 50 62 61 1 44 63 62 1 48 71 61 1 68 41 60 1 53 64 37 1 77 74 68 1 68 64 59 1 54 81 90 1
58 89 103 1 54 71 123 1 55 98 112 1 59 105 138 1 42 78 135 1 55 91 151 1 75 91 148 1 58 113 146 1 32 59 131 1 25 73 100 1 24 79 71 1 26 65 103 1 0 55 85 1 8 52 66 1 3 63 84 1 12 38 71 1 9 46 81 1 19 73 115 1 36 48 47 1 13 26 56 1 11 42 78 1 2 46 70 1 33 52 61 1 6 66 52 1 0 38 80 1 0 0 0 0 5 44 82 1 7 46 61 1 8 57 74 1 11 55 78 1 8 45 79 1 1 62 84 1 10 25 71 1 24 39 83 1 23 33 80 1 0 39 76 1 41 48 78 1 9 46 68 1 27 35 68 1 33 40 98 1 0 0 0 0 18 50 84 1 23 71 78 1 36 41 31 1 21 42 80 1 18 49 57 1 28 53 90 1 0 0 0 0 29 52 101 1 39 49 56 1 103 100 90 1 87 94 65 1 81 102 75 1 113 81 56 1 75 73 80 1 65 40 67 1 70 46 70 1 30 33 48 1 45 30 42 1 52 55 43 1 18 50 54 1 26 26 51 1 45 65 73 1 52 62 50 1
0 0 0 0 30 88 109 1 33 86 89 1 34 64 121 1 47 78 122 1 29 112 141 1 48 100 148 1 61 115 135 1 51 105 158 1 51 119 144 1 55 108 116 1 51 84 101 1 42 89 110 1 26 87 71 1 25 58 114 1 24 66 123 1 13 61 61 1 6 81 65 1 18 60 74 1 5 50 40 1 7 38 69 1 4 51 61 1 7 39 81 1 42 57 59 1 33 76 97 1 0 42 72 1 39 63 64 1 15 31 80 1 3 51 66 1 3 48 66 1 0 32 76 1 34 44 69 1 41 47 79 1 20 41 75 1 19 49 73 1 10 53 51 1 17 63 62 1 19 52 62 1 14 22 70 1 0 0 0 0 0 0 0 0 5 64 76 1 0 0 0 0 34 55 74 1 5 49 46 1 31 54 96 1 28 71 80 1 28 69 98 1 13 49 77 1 47 50 79 1 74 73 73 1 125 101 102 1 104 96 93 1 114 80 82 1 77 91 85 1 34 61 59 1 20 42 65 1 35 42 70 1 25 48 71 1 37 55 59 1 22 76 71 1 0 0 0 0 0 0 0 0 27 47 91 1
26 54 95 1 5 87 88 1 54 56 94 1 36 91 113 1 28 64 104 1 43 88 121 1 58 94 91 1 50 112 133 1 31 105 105 1 54 99 122 1 40 72 137 1 23 60 114 1 13 57 112 1 30 47 55 1 11 61 89 1 6 49 102 1 13 64 66 1 0 55 79 1 0 0 0 0 0 0 0 0 0 0 0 0 30 40 62 1 0 0 0 0 5 53 76 1 25 61 113 1 1 64 84 1 0 0 0 0 1 59 64 1 40 35 69 1 22 42 85 1 19 57 76 1 8 45 60 1 9 26 66 1 0 0 0 0 28 53 90 1 0 47 83 1 0 0 0 0 31 30 76 1 0 50 72 1 5 43 70 1 0 60 47 1 32 42 64 1 26 66 70 1 16 60 79 1 6 46 78 1 21 66 55 1 0 57 75 1 18 65 101 1 30 61 60 1 6 70 109 1 67 81 74 1 94 111 70 1 0 0 0 0 82 82 56 1 50 70 68 1 60 42 35 1 8 53 77 1 16 58 77 1 23 41 46 1 0 45 40 1 20 39 58 1 25 34 53 1 20 79 66 1 23 56 82 1
22 36 80 1 35 36 75 1 27 56 84 1 21 47 74 1 47 57 90 1 31 64 96 1 11 48 73 1 51 70 99 1 32 75 97 1 0 0 0 0 32 94 99 1 26 43 66 1 38 55 113 1 21 61 94 1 15 48 84 1 18 65 77 1 35 37 83 1 40 45 63 1 0 0 0 0 0 70 64 1 9 45 82 1 37 60 80 1 22 49 59 1 17 60 67 1 18 70 69 1 24 32 73 1 7 45 87 1 19 64 90 1 0 0 0 0 15 30 79 1 13 22 71 1 19 26 80 1 33 32 64 1 7 39 89 1 21 39 65 1 29 50 73 1 0 51 75 1 0 39 55 1 13 36 77 1 4 18 71 1 15 43 70 1 28 57 112 1 0 50 89 1 14 76 59 1 27 49 55 1 3 56 85 1 13 36 84 1 15 62 100 1 12 56 86 1 65 49 100 1 77 80 81 1 91 107 82 1 126 100 66 1 101 85 85 1 55 85 43 1 47 60 104 1 26 53 49 1 32 37 58 1 0 47 60 1 22 61 68 1 9 62 67 1 0 76 84 1 51 53 103 1 0 0 0 0
23 57 80 1 30 38 60 1 27 63 69 1 16 25 93 1 0 71 86 1 38 56 80 1 36 50 78 1 23 45 93 1 0 0 0 0 46 44 62 1 31 47 69 1 34 18 62 1 13 13 88 1 5 29 50 1 10 42 48 1 29 32 85 1 9 58 85 1 14 66 75 1 10 37 82 1 24 48 70 1 0 39 57 1 0 0 0 0 0 59 100 1 9 42 72 1 19 56 74 1 9 50 84 1 24 49 82 1 0 46 77 1 1 30 80 1 16 56 79 1 29 52 82 1 37 64 71 1 13 34 105 1 35 56 76 1 10 75 67 1 10 30 72 1 26 34 79 1 23 50 83 1 0 45 77 1 45 64 73 1 17 34 96 1 7 29 82 1 6 58 65 1 0 0 0 0 23 59 64 1 0 28 54 1 24 56 75 1 12 58 100 1 2 79 79 1 37 51 77 1 74 82 95 1 95 88 89 1 91 93 95 1 91 75 68 1 63 78 58 1 61 71 95 1 33 49 89 1 32 44 69 1 39 58 94 1 32 59 65 1 0 0 0 0 0 0 0 0 25 45 71 1 18 40 56 1
0 64 47 1 0 0 0 0 34 44 74 1 2 37 75 1 22 37 42 1 32 49 71 1 26 54 79 1 24 53 84 1 24 67 83 1 31 44 71 1 30 50 60 1 22 55 92 1 9 35 65 1 4 42 69 1 15 27 84 1 30 55 99 1 16 36 66 1 22 50 38 1 25 23 71 1 13 44 75 1 27 29 67 1 9 21 92 1 19 33 63 1 19 76 65 1 14 67 68 1 0 39 95 1 0 0 0 0 0 0 0 0 20 45 84 1 15 45 77 1 32 62 88 1 0 56 78 1 26 59 83 1 28 58 90 1 0 57 77 1 7 27 87 1 0 51 63 1 16 49 72 1 5 61 75 1 0 40 71 1 0 28 80 1 27 30 69 1 17 56 81 1 12 32 81 1 20 63 73 1 1 62 75 1 21 50 97 1 22 47 74 1 12 57 106 1 32 60 101 1 84 79 75 1 110 78 55 1 126 98 73 1 115 80 71 1 101 84 73 1 78 90 93 1 54 86 62 1 62 50 52 1 58 35 71 1 39 60 89 1 0 45 77 1 31 66 69 1 12 58 81 1 18 51 63 1
12 52 56 1 32 57 67 1 16 56 63 1 20 37 50 1 0 40 38 1 13 79 82 1 27 22 98 1 12 51 100 1 26 41 77 1 28 33 73 1 0 49 88 1 27 54 84 1 0 0 0 0 31 57 96 1 0 0 0 0 10 50 67 1 16 54 65 1 9 34 93 1 21 61 50 1 4 58 94 1 19 38 79 1 0 0 0 0 0 0 0 0 21 34 77 1 5 37 97 1 0 50 76 1 5 25 75 1 0 47 79 1 19 35 68 1 5 23 83 1 37 52 82 1 0 21 84 1 6 43 71 1 0 58 53 1 0 48 72 1 0 0 0 0 33 65 85 1 0 35 67 1 33 63 75 1 18 60 77 1 24 35 96 1 16 57 78 1 11 50 44 1 0 0 0 0 18 49 61 1 10 46 87 1 26 69 68 1 4 55 92 1 40 91 86 1 47 57 91 1 0 0 0 0 113 95 58 1 126 105 76 1 109 97 113 1 105 107 86 1 84 81 115 1 99 60 89 1 77 62 101 1 24 51 92 1 0 0 0 0 9 91 59 1 29 63 76 1 15 62 74 1 19 38 73 1
22 71 68 1 13 45 56 1 21 68 52 1 18 39 62 1 0 49 59 1 23 23 78 1 24 40 90 1 10 64 74 1 3 39 74 1 30 43 55 1 0 70 74 1 15 17 68 1 0 0 0 0 33 42 68 1 39 37 78 1 17 29 71 1 34 60 61 1 9 46 81 1 16 66 70 1 0 35 90 1 42 59 70 1 1 67 70 1 27 53 89 1 7 31 61 1 0 53 54 1 15 51 64 1 0 0 0 0 0 0 0 0 5 43 58 1 29 59 70 1 23 51 82 1 24 44 77 1 9 53 68 1 8 49 58 1 29 70 47 1 1 42 75 1 26 31 69 1 0 0 0 0 0 38 68 1 41 50 67 1 25 64 84 1 33 54 72 1 4 61 46 1 2 60 69 1 6 44 70 1 9 65 85 1 0 58 83 1 8 68 77 1 16 67 74 1 0 0 0 0 69 66 66 1 114 102 56 1 98 78 62 1 95 67 76 1 60 101 106 1 87 113 74 1 120 65 80 1 79 86 78 1 49 35 79 1 29 46 92 1 0 0 0 0 27 34 88 1 53 65 76 1 28 41 71 1
11 60 46 1 5 53 70 1 3 54 89 1 36 35 62 1 8 41 60 1 9 31 70 1 0 0 0 0 25 60 84 1 0 0 0 0 7 64 72 1 2 62 67 1 16 46 66 1 28 54 66 1 43 68 86 1 0 0 0 0 28 58 94 1 31 52 51 1 26 34 64 1 0 36 69 1 25 51 63 1 38 34 47 1 28 39 63 1 2 47 72 1 17 12 64 1 2 33 45 1 21 64 72 1 24 51 63 1 11 47 61 1 20 50 88 1 0 0 0 0 13 44 83 1 42 53 81 1 17 47 81 1 0 48 83 1 0 0 0 0 17 71 64 1 5 52 72 1 0 59 84 1 0 0 0 0 28 46 55 1 29 46 104 1 20 55 67 1 9 51 67 1 26 70 54 1 0 0 0 0 0 55 66 1 6 42 67 1 7 67 66 1 41 72 57 1 72 62 87 1 78 73 75 1 82 73 73 1 103 99 67 1 88 98 64 1 95 68 80 1 94 94 64 1 110 85 87 1 88 90 94 1 50 55 66 1 34 30 73 1 0 0 0 0 29 61 99 1 28 58 80 1 43 51 94 1
23 33 61 1 19 68 64 1 28 46 47 1 13 51 54 1 23 53 57 1 12 19 75 1 14 40 55 1 40 50 75 1 11 19 74 1 29 54 75 1 16 71 75 1 21 65 95 1 10 74 77 1 25 55 69 1 11 57 78 1 40 52 59 1 21 42 78 1 40 36 80 1 17 53 63 1 14 58 69 1 32 25 55 1 14 33 59 1 0 35 40 1 12 51 70 1 1 43 58 1 29 61 93 1 3 55 64 1 0 0 0 0 16 75 79 1 22 51 101 1 47 50 61 1 8 39 84 1 28 53 81 1 15 34 63 1 5 63 58 1 0 37 62 1 10 42 49 1 18 53 70 1 17 42 76 1 0 43 71 1 8 49 90 1 9 63 66 1 27 41 68 1 20 48 64 1 0 0 0 0 10 40 95 1 27 37 78 1 18 70 98 1 0 0 0 0 0 0 0 0 68 68 68 1 91 66 78 1 85 74 71 1 101 101 88 1 105 93 93 1 86 82 102 1 104 94 78 1 0 0 0 0 49 83 70 1 43 62 63 1 12 66 79 1 18 67 80 1 8 55 62 1 20 73 89 1
31 44 69 1 0 42 89 1 28 58 83 1 8 43 78 1 23 34 73 1 0 75 63 1 21 65 61 1 20 62 70 1 0 29 85 1 24 45 72 1 3 39 71 1 0 34 65 1 0 0 0 0 22 64 65 1 15 74 73 1 21 41 72 1 0 0 0 0 24 65 51 1 8 52 69 1 27 58 75 1 5 44 88 1 0 57 66 1 16 64 58 1 26 40 88 1 7 34 61 1 21 44 67 1 0 50 56 1 27 61 75 1 10 35 66 1 2 29 87 1 25 63 60 1 30 38 66 1 0 0 0 0 12 51 70 1 29 33 81 1 27 59 73 1 0 0 0 0 1 36 66 1 9 34 69 1 14 61 52 1 0 54 86 1 3 65 59 1 15 39 72 1 19 40 62 1 20 65 83 1 18 58 82 1 0 0 0 0 42 62 104 1 19 53 86 1 54 31 97 1 39 51 31 1 93 54 37 1 102 46 55 1 95 65 42 1 78 94 71 1 72 105 81 1 105 79 54 1 102 93 89 1 95 100 68 1 0 0 0 0 10 51 80 1 33 41 84 1 3 20 78 1 58 50 103 1
0 41 59 1 9 61 76 1 0 35 58 1 24 54 64 1 0 51 71 1 5 57 61 1 3 55 68 1 19 41 92 1 12 48 85 1 30 38 94 1 32 83 72 1 32 62 81 1 47 50 89 1 39 42 77 1 15 71 95 1 12 48 64 1 29 50 70 1 8 46 83 1 11 57 58 1 13 56 73 1 11 50 61 1 6 51 61 1 33 61 91 1 19 38 55 1 3 62 82 1 25 60 91 1 0 0 0 0 10 32 80 1 25 51 80 1 12 52 64 1 40 33 78 1 21 31 70 1 3 55 35 1 0 0 0 0 9 24 55 1 0 52 84 1 20 57 70 1 5 19 55 1 23 35 48 1 9 36 70 1 18 28 111 1 12 32 87 1 31 51 82 1 17 46 94 1 32 48 78 1 19 68 57 1 3 37 63 1 8 62 59 1 13 47 47 1 31 46 73 1 9 43 59 1 39 47 52 1 40 61 87 1 70 87 90 1 87 96 86 1 104 76 98 1 99 67 115 1 69 72 85 1 75 77 87 1 41 71 84 1 32 47 75 1 0 0 0 0 27 76 53 1 30 40 86 1
23 27 83 1 4 48 72 1 0 0 0 0 10 26 42 1 24 48 72 1 23 36 75 1 21 43 53 1 7 41 73 1 19 27 73 1 31 47 84 1 30 64 60 1 26 68 83 1 13 58 52 1 22 56 90 1 40 31 63 1 23 46 88 1 13 32 44 1 15 53 89 1 0 0 0 0 29 32 83 1 12 51 77 1 24 49 84 1 39 40 50 1 26 67 77 1 18 58 66 1 23 58 64 1 9 37 90 1 8 64 81 1 17 34 75 1 24 44 51 1 14 55 70 1 11 19 105 1 17 34 58 1 0 0 0 0 0 0 0 0 20 38 40 1 13 21 68 1 25 34 100 1 1 45 65 1 0 64 82 1 17 35 80 1 22 51 98 1 34 41 90 1 6 59 85 1 15 69 79 1 13 65 70 1 20 75 100 1 9 44 85 1 6 60 32 1 11 40 60 1 25 53 48 1 34 51 64 1 52 39 77 1 21 67 69 1 52 55 97 1 74 72 83 1 70 85 78 1 64 44 83 1 58 79 72 1 71 66 64 1 12 46 56 1 28 70 65 1 0 0 0 0 10 58 85 1
8 37 45 1 14 44 47 1 0 50 67 1 16 54 69 1 10 45 87 1 33 32 67 1 38 48 77 1 36 30 84 1 26 35 94 1 0 34 73 1 45 32 59 1 14 26 66 1 18 36 94 1 25 48 46 1 33 57 61 1 20 52 41 1 19 64 73 1 15 45 58 1 0 0 0 0 24 64 70 1 6 56 54 1 0 50 65 1 0 0 0 0 17 48 83 1 0 0 0 0 9 59 94 1 17 42 72 1 23 28 85 1 20 41 58 1 4 50 77 1 0 0 0 0 28 59 47 1 0 56 70 1 23 54 73 1 0 27 82 1 14 39 65 1 8 48 52 1 24 43 76 1 37 56 69 1 15 52 88 1 0 0 0 0 16 35 95 1 17 50 70 1 37 41 95 1 24 61 81 1 0 62 99 1 30 54 79 1 0 32 51 1 0 0 0 0 29 50 84 1 36 52 74 1 34 47 73 1 44 70 56 1 25 41 88 1 65 60 72 1 41 45 76 1 54 56 97 1 40 82 74 1 35 40 74 1 41 70 68 1 0 0 0 0 22 70 60 1 20 80 51 1 23 60 89 1
0 0 0 0 0 30 75 1 28 45 72 1 7 51 82 1 0 41 46 1 7 39 68 1 14 51 63 1 0 0 0 0 1 51 69 1 16 57 71 1 0 0 0 0 21 42 64 1 12 57 73 1 31 61 93 1 46 34 70 1 6 85 80 1 3 67 95 1 26 58 55 1 0 68 54 1 0 51 59 1 28 29 101 1 24 54 71 1 13 40 78 1 46 33 74 1 33 55 77 1 13 41 82 1 19 34 98 1 8 45 67 1 0 0 0 0 0 0 0 0 0 0 0 0 20 40 76 1 22 38 85 1 18 51 75 1 20 65 61 1 6 74 95 1 12 26 79 1 0 39 65 1 0 57 67 1 24 33 80 1 13 46 81 1 25 57 75 1 6 50 44 1 23 57 95 1 18 48 66 1 10 61 86 1 8 44 70 1 0 49 83 1 7 52 66 1 4 63 69 1 14 52 58 1 31 52 75 1 42 54 78 1 50 53 74 1 56 63 78 1 23 49 77 1 51 96 77 1 35 54 75 1 55 62 74 1 48 56 86 1 43 38 78 1 42 58 99 1 31 51 53 1 14 47 89 1
37 62 54 1 0 58 56 1 0 46 82 1 0 54 77 1 1 53 72 1 3 49 70 1 24 50 74 1 20 44 69 1 25 44 84 1 0 46 75 1 9 80 68 1 21 8 102 1 9 48 64 1 22 44 46 1 0 0 0 0 7 48 87 1 22 66 69 1 35 51 89 1 37 25 45 1 17 24 87 1 2 54 85 1 31 33 87 1 13 45 70 1 20 47 72 1 0 0 0 0 26 22 86 1 4 54 96 1 0 0 0 0 10 27 81 1 42 63 70 1 28 65 62 1 15 38 50 1 0 47 73 1 0 48 84 1 0 55 83 1 36 59 68 1 33 40 91 1 32 49 83 1 23 37 55 1 31 38 93 1 20 49 66 1 22 41 66 1 28 71 71 1 24 48 88 1 15 64 65 1 27 52 94 1 0 41 99 1 3 46 69 1 0 80 72 1 29 53 65 1 0 52 66 1 36 56 80 1 25 44 86 1 37 59 44 1 44 72 85 1 57 55 79 1 41 58 77 1 28 61 78 1 29 78 72 1 26 57 72 1 46 60 74 1 25 37 94 1 21 55 94 1 34 79 83 1
21 34 72 1 3 42 84 1 30 54 106 1 8 23 54 1 27 67 54 1 1 61 55 1 0 0 0 0 34 30 48 1 34 44 55 1 30 35 75 1 0 32 85 1 0 0 0 0 45 22 66 1 15 46 80 1 0 42 73 1 38 45 61 1 17 63 54 1 21 49 46 1 41 65 39 1 36 53 94 1 36 27 64 1 12 55 73 1 26 36 87 1 5 42 66 1 14 48 73 1 5 55 77 1 9 30 53 1 27 44 74 1 28 40 95 1 39 75 69 1 0 67 90 1 0 0 0 0 23 20 67 1 25 27 47 1 2 40 91 1 0 25 82 1 26 63 60 1 15 44 81 1 0 39 72 1 0 49 83 1 30 63 84 1 18 41 80 1 15 40 90 1 27 52 68 1 16 58 77 1 49 68 72 1 3 48 69 1 10 73 99 1 18 50 71 1 35 84 93 1 23 66 69 1 35 78 65 1 0 0 0 0 17 50 84 1 42 66 87 1 29 62 81 1 17 49 73 1 27 67 55 1 36 20 78 1 22 65 79 1 27 75 82 1 32 47 83 1 1 69 81 1 35 53 95 1
23 70 70 1 18 61 67 1 0 0 0 0 1 61 65 1 23 60 69 1 17 29 49 1 33 42 78 1 18 21 72 1 0 35 63 1 5 51 68 1 5 55 64 1 15 50 72 1 0 48 77 1 9 55 77 1 5 77 55 1 11 45 61 1 3 55 88 1 20 40 79 1 23 45 81 1 2 62 68 1 20 62 80 1 6 59 62 1 15 42 56 1 36 38 70 1 0 64 81 1 18 52 89 1 28 61 70 1 3 27 72 1 24 52 68 1 0 0 0 0 0 0 0 0 0 33 68 1 9 66 63 1 35 42 94 1 12 35 103 1 26 27 71 1 11 51 81 1 29 62 75 1 30 55 89 1 0 0 0 0 13 37 74 1 41 36 87 1 19 44 77 1 30 46 77 1 17 36 98 1 0 62 94 1 8 50 105 1 0 54 82 1 22 38 101 1 0 0 0 0 9 74 78 1 30 51 99 1 34 49 90 1 23 47 96 1 9 43 77 1 39 51 58 1 35 64 66 1 30 46 67 1 0 0 0 0 21 53 85 1 0 0 0 0 0 0 0 0 0 0 0 0 0 81 92 1
7 65 57 1 12 53 85 1 0 46 75 1 29 45 63 1 9 45 72 1 40 31 68 1 0 54 45 1 21 49 54 1 5 65 63 1 15 57 62 1 41 36 83 1 0 50 69 1 10 74 92 1 9 64 87 1 2 66 63 1 0 0 0 0 8 20 70 1 24 49 64 1 14 40 90 1 0 0 0 0 13 38 78 1 0 70 81 1 6 49 69 1 13 61 64 1 12 41 77 1 26 65 83 1 20 50 95 1 21 63 56 1 8 40 52 1 30 26 48 1 18 33 54 1 29 45 86 1 0 44 72 1 4 40 82 1 33 51 65 1 25 29 65 1 18 55 46 1 18 66 61 1 0 59 100 1 24 70 79 1 30 65 58 1 5 44 60 1 25 54 72 1 8 45 87 1 4 65 98 1 0 80 79 1 0 77 82 1 11 53 99 1 14 59 85 1 0 0 0 0 30 71 67 1 33 45 97 1 10 57 96 1 17 53 81 1 27 46 92 1 6 43 83 1 23 55 90 1 0 0 0 0 37 48 74 1 43 66 101 1 0 0 0 0 7 70 90 1 0 0 0 0 44 65 74 1
10 12 68 1 14 47 71 1 8 57 66 1 8 64 83 1 0 0 0 0 0 56 57 1 0 0 0 0 0 39 66 1 23 48 46 1 11 44 70 1 1 46 45 1 15 27 72 1 20 40 61 1 2 35 79 1 13 32 86 1 0 51 73 1 0 0 0 0 11 30 71 1 0 63 93 1 17 30 50 1 0 60 74 1 0 0 0 0 19 56 92 1 3 47 64 1 0 0 0 0 0 0 0 0 25 59 79 1 2 53 62 1 0 0 0 0 3 56 83 1 7 61 100 1 28 58 91 1 37 59 100 1 20 67 82 1 20 66 100 1 19 65 85 1 14 55 93 1 0 0 0 0 39 42 82 1 0 51 82 1 11 58 69 1 31 54 56 1 23 13 61 1 32 33 96 1 20 50 67 1 26 40 91 1 0 70 79 1 13 73 81 1 13 50 84 1 0 82 83 1 12 56 100 1 39 44 101 1 24 33 79 1 30 65 65 1 15 48 72 1 8 60 81 1 17 40 68 1 2 55 69 1 10 44 85 1 37 66 80 1 39 52 78 1 32 58 78 1 22 67 86 1 27 71 113 1
0 49 64 1 10 80 62 1 15 34 70 1 1 39 88 1 7 54 67 1 7 52 55 1 12 49 83 1 45 39 66 1 12 65 83 1 2 51 56 1 12 18 79 1 0 50 78 1 0 37 59 1 28 66 88 1 11 42 59 1 3 28 65 1 0 35 67 1 0 53 69 1 9 55 92 1 0 0 0 0 2 52 87 1 0 0 0 0 0 49 59 1 38 18 92 1 18 38 59 1 0 57 48 1 0 67 64 1 20 43 86 1 2 36 68 1 0 36 78 1 22 53 77 1 8 59 62 1 26 75 83 1 16 37 86 1 23 45 82 1 26 27 61 1 5 59 87 1 13 42 98 1 17 19 88 1 0 35 71 1 15 44 72 1 22 59 45 1 26 40 103 1 0 67 55 1 7 40 69 1 24 30 80 1 21 19 57 1 19 53 97 1 4 60 82 1 21 37 77 1 9 42 95 1 25 47 90 1 28 64 81 1 14 53 101 1 26 70 83 1 9 37 70 1 14 81 88 1 16 51 83 1 13 35 57 1 0 63 82 1 10 53 96 1 0 59 97 1 33 59 85 1 38 73 93 1
2 80 73 1 33 67 73 1 22 55 76 1 4 42 72 1 14 71 38 1 0 0 0 0 13 34 58 1 25 57 75 1 28 57 79 1 18 46 48 1 0 0 0 0 0 50 70 1 24 17 59 1 0 50 50 1 0 55 70 1 22 68 83 1 18 52 71 1 0 0 0 0 0 68 96 1 29 40 76 1 8 60 59 1 18 56 69 1 16 20 70 1 4 26 55 1 12 33 48 1 16 27 58 1 22 49 72 1 16 40 72 1 12 66 73 1 18 61 83 1 9 62 48 1 20 59 74 1 17 61 87 1 5 66 69 1 18 69 78 1 0 0 0 0 39 56 79 1 15 53 94 1 11 35 62 1 38 56 83 1 10 53 54 1 20 62 76 1 30 50 78 1 29 55 75 1 44 38 87 1 38 40 78 1 6 80 83 1 4 56 80 1 25 58 72 1 16 54 77 1 13 54 80 1 0 0 0 0 38 48 107 1 22 65 73 1 0 0 0 0 0 0 0 0 17 54 74 1 20 39 80 1 5 63 84 1 0 0 0 0 16 47 93 1 38 60 70 1 22 57 88 1 34 47 89 1
12 71 79 1 34 60 75 1 15 49 76 1 10 51 65 1 26 61 54 1 0 36 70 1 0 68 60 1 27 24 91 1 15 60 74 1 23 24 74 1 2 45 83 1 9 21 70 1 9 30 68 1 20 52 80 1 18 31 72 1 12 49 80 1 0 55 65 1 16 52 57 1 6 65 98 1 29 55 80 1 19 35 91 1 21 50 83 1 10 52 74 1 0 0 0 0 15 41 73 1 22 42 68 1 14 63 70 1 44 45 70 1 7 53 76 1 25 49 75 1 25 66 55 1 13 52 52 1 8 47 70 1 13 71 54 1 6 31 76 1 9 31 74 1 20 61 66 1 22 48 76 1 0 0 0 0 0 0 0 0 12 41 56 1 5 39 83 1 17 60 68 1 4 36 68 1 4 32 94 1 7 62 113 1 0 0 0 0 16 56 100 1 24 63 84 1 0 0 0 0 42 52 95 1 29 44 65 1 0 0 0 0 48 37 77 1 33 43 89 1 45 74 67 1 0 0 0 0 41 81 88 1 41 30 75 1 23 49 60 1 13 64 73 1 10 63 75 1 8 52 88 1 15 60 74 1
8 40 83 1 17 37 84 1 18 50 74 1 11 93 71 1 18 41 60 1 6 68 74 1 13 51 63 1 13 38 74 1 20 46 56 1 27 63 80 1 0 37 74 1 12 81 91 1 0 48 68 1 0 0 0 0 23 27 72 1 11 35 76 1 0 41 90 1 4 69 93 1 13 54 54 1 29 62 82 1 0 48 95 1 0 0 0 0 0 28 113 1 11 37 84 1 18 67 60 1 6 51 56 1 0 0 0 0 0 70 57 1 17 40 67 1 18 55 70 1 9 62 72 1 7 58 79 1 11 54 69 1 0 59 79 1 0 43 104 1 36 46 68 1 26 58 96 1 15 71 91 1 0 59 83 1 52 49 98 1 27 57 71 1 0 51 68 1 0 47 78 1 10 56 68 1 15 31 87 1 28 39 83 1 15 41 92 1 6 49 86 1 36 59 70 1 29 56 107 1 0 0 0 0 36 56 72 1 18 61 67 1 29 61 84 1 37 41 64 1 42 51 105 1 33 38 61 1 24 69 87 1 19 63 82 1 42 46 98 1 25 56 69 1 0 0 0 0 22 51 77 1 34 60 76 1
13 40 80 1 0 0 0 0 0 0 0 0 0 0 0 0 21 49 76 1 12 53 81 1 32 45 72 1 12 30 55 1 0 0 0 0 17 58 58 1 0 47 66 1 16 38 53 1 17 53 75 1 0 0 0 0 18 47 86 1 0 0 0 0 34 52 82 1 15 43 62 1 35 57 97 1 33 49 69 1 21 55 92 1 4 40 70 1 0 0 0 0 0 0 0 0 6 45 76 1 0 0 0 0 16 54 88 1 12 37 63 1 0 54 102 1 10 28 63 1 0 0 0 0 0 60 103 1 23 45 82 1 0 0 0 0 15 68 83 1 5 56 127 1 17 53 104 1 8 59 87 1 22 35 66 1 26 33 102 1 33 70 56 1 24 69 80 1 24 68 72 1 0 38 78 1 34 43 63 1 26 28 90 1 10 59 64 1 19 47 79 1 13 30 76 1 15 35 96 1 0 55 90 1 30 43 83 1 36 51 89 1 27 60 70 1 39 45 72 1 4 41 51 1 38 50 90 1 33 66 97 1 25 44 60 1 10 46 72 1 23 40 79 1 13 56 81 1 0 0 0 0 24 52 72 1
33 43 73 1 11 70 62 1 20 58 63 1 0 0 0 0 16 54 79 1 24 56 70 1 23 29 70 1 22 49 62 1 7 31 77 1 18 43 64 1 9 72 81 1 19 31 55 1 0 45 68 1 0 0 0 0 14 34 61 1 36 47 80 1 23 34 78 1 12 67 87 1 22 47 91 1 0 0 0 0 14 40 91 1 26 45 95 1 27 56 95 1 31 38 97 1 11 60 68 1 19 48 62 1 23 48 79 1 2 57 60 1 18 41 86 1 11 61 65 1 7 49 105 1 18 44 75 1 5 60 96 1 7 34 95 1 17 58 91 1 31 79 70 1 18 38 103 1 24 37 80 1 5 25 101 1 40 37 75 1 20 68 43 1 0 44 61 1 12 65 76 1 6 23 88 1 18 47 84 1 46 47 90 1 28 57 77 1 0 42 109 1 25 53 84 1 51 38 96 1 10 50 66 1 34 63 93 1 30 36 65 1 23 50 93 1 0 0 0 0 47 53 89 1 17 21 90 1 41 57 73 1 21 50 81 1 0 57 100 1 26 55 68 1 16 74 80 1 53 44 55 1 31 12 78 1
29 43 72 1 43 61 94 1 19 69 69 1 13 37 101 1 13 42 73 1 0 0 0 0 24 59 82 1 0 0 0 0 11 48 63 1 29 62 94 1 15 57 78 1 6 47 57 1 0 51 61 1 0 0 0 0 6 54 57 1 0 0 0 0 27 35 87 1 23 78 74 1 12 23 85 1 12 58 67 1 0 32 83 1 0 55 74 1 0 0 0 0 33 46 79 1 46 36 72 1 0 48 65 1 35 52 68 1 23 44 84 1 6 59 74 1 6 50 65 1 1 66 85 1 0 26 67 1 30 60 63 1 5 48 78 1 7 55 74 1 9 45 73 1 10 49 64 1 13 44 90 1 0 0 0 0 26 46 106 1 18 17 101 1 36 32 62 1 21 37 95 1 0 0 0 0 37 37 75 1 20 61 76 1 12 56 72 1 28 56 70 1 26 44 68 1 33 64 72 1 31 49 85 1 36 41 80 1 20 52 84 1 0 100 64 1 21 37 54 1 0 0 0 0 27 58 89 1 36 34 88 1 0 0 0 0 24 40 84 1 21 67 72 1 0 0 0 0 0 0 0 0 37 57 50 1
17 47 94 1 30 86 75 1 11 35 74 1 0 28 88 1 4 40 92 1 0 34 76 1 9 32 80 1 26 40 94 1 29 67 85 1 10 66 72 1 0 0 0 0 26 46 55 1 30 34 59 1 12 65 63 1 9 58 54 1 15 72 84 1 7 46 76 1 0 70 82 1 5 39 75 1 31 43 56 1 0 0 0 0 30 61 47 1 35 54 64 1 32 26 74 1 24 27 87 1 0 0 0 0 28 52 93 1 17 65 82 1 23 27 103 1 39 47 88 1 0 0 0 0 14 44 89 1 31 47 86 1 0 70 43 1 14 52 72 1 11 36 60 1 18 67 91 1 37 59 94 1 19 66 114 1 18 47 66 1 32 63 86 1 19 71 52 1 5 76 88 1 9 56 73 1 13 49 88 1 24 40 67 1 19 58 88 1 17 53 78 1 23 43 78 1 27 54 73 1 22 51 56 1 6 64 72 1 37 47 65 1 0 0 0 0 26 69 70 1 52 35 76 1 14 68 62 1 0 0 0 0 56 69 58 1 27 44 91 1 26 53 63 1 0 0 0 0 27 68 77 1 51 42 72 1
34 49 80 1 39 37 78 1 17 35 69 1 26 43 80 1 50 42 82 1 27 75 70 1 12 40 98 1 32 50 88 1 25 46 92 1 0 24 57 1 1 50 77 1 14 53 71 1 0 0 0 0 16 37 55 1 23 67 65 1 10 29 63 1 13 64 71 1 45 53 85 1 5 39 68 1 25 32 77 1 0 39 66 1 30 50 77 1 9 56 41 1 8 53 81 1 26 54 92 1 27 49 78 1 19 52 92 1 35 61 89 1 0 43 109 1 0 37 81 1 3 44 69 1 1 45 88 1 34 34 71 1 5 61 50 1 7 44 62 1 7 34 61 1 35 45 88 1 17 56 74 1 9 62 77 1 0 74 57 1 20 45 70 1 6 64 70 1 1 54 52 1 17 67 95 1 0 0 0 0 0 0 0 0 28 71 54 1 0 52 80 1 39 51 86 1 17 46 96 1 37 64 61 1 31 60 70 1 10 62 92 1 23 53 74 1 27 43 99 1 50 40 79 1 0 0 0 0 15 48 94 1 27 63 77 1 0 0 0 0 33 41 78 1 21 39 50 1 33 63 43 1 57 71 78 1
35 64 78 1 44 52 61 1 25 31 69 1 31 70 69 1 24 55 94 1 16 42 72 1 14 48 84 1 6 51 77 1 0 52 79 1 35 53 69 1 0 0 0 0 0 0 0 0 2 45 69 1 0 51 69 1 4 46 70 1 22 33 59 1 39 66 82 1 19 53 71 1 20 56 83 1 26 40 80 1 28 50 57 1 26 62 75 1 13 34 73 1 11 41 36 1 12 46 80 1 37 36 99 1 16 68 81 1 42 48 61 1 0 0 0 0 45 76 75 1 5 46 61 1 30 61 55 1 50 32 73 1 4 59 84 1 18 31 58 1 11 49 52 1 39 56 76 1 8 60 94 1 5 56 71 1 32 59 71 1 31 53 67 1 32 50 87 1 14 65 81 1 0 63 83 1 0 0 0 0 0 55 70 1 28 67 80 1 23 43 87 1 11 34 82 1 24 72 85 1 0 40 98 1 0 0 0 0 32 71 79 1 31 47 70 1 17 70 87 1 33 50 81 1 36 65 89 1 26 47 89 1 38 57 88 1 39 60 75 1 26 68 76 1 43 55 98 1 59 52 80 1 49 82 59 1
54 67 78 1 50 72 70 1 50 58 66 1 31 67 86 1 25 37 46 1 25 47 69 1 7 19 94 1 15 74 76 1 19 60 66 1 32 67 67 1 14 35 68 1 25 35 77 1 10 40 60 1 2 62 63 1 0 0 0 0 18 58 76 1 24 55 85 1 9 35 65 1 38 32 88 1 0 39 68 1 0 65 94 1 19 38 78 1 0 44 77 1 0 0 0 0 13 51 74 1 6 40 68 1 14 24 69 1 32 42 71 1 28 36 69 1 29 38 86 1 29 48 60 1 41 65 73 1 35 56 79 1 4 57 79 1 0 0 0 0 18 65 71 1 31 55 62 1 24 44 76 1 0 0 0 0 32 59 75 1 0 46 49 1 16 29 80 1 0 0 0 0 11 55 77 1 0 40 87 1 13 56 102 1 25 61 68 1 7 48 77 1 36 55 67 1 27 52 80 1 45 62 57 1 0 64 98 1 39 56 94 1 17 23 72 1 19 64 75 1 38 47 76 1 24 60 91 1 18 55 81 1 26 37 89 1 33 45 80 1 50 58 79 1 46 68 79 1 64 76 91 1 59 95 77 1
89 89 96 1 58 103 89 1 89 56 87 1 36 49 74 1 37 33 55 1 43 56 71 1 14 16 65 1 0 64 68 1 29 42 66 1 20 64 74 1 0 0 0 0 37 57 69 1 18 54 73 1 21 42 61 1 2 33 48 1 0 55 66 1 7 50 89 1 6 37 88 1 35 19 78 1 0 0 0 0 0 0 0 0 0 0 0 0 38 44 73 1 25 56 87 1 4 38 74 1 24 48 85 1 10 57 72 1 12 61 75 1 19 39 78 1 21 64 60 1 2 27 98 1 33 22 79 1 10 62 71 1 24 46 56 1 34 57 85 1 20 61 87 1 37 51 69 1 1 35 82 1 4 51 86 1 22 68 78 1 20 51 80 1 14 55 98 1 0 0 0 0 28 47 58 1 34 62 87 1 11 50 68 1 18 53 55 1 29 64 65 1 27 51 84 1 0 0 0 0 29 76 91 1 36 32 96 1 12 28 85 1 2 51 80 1 21 46 87 1 46 37 76 1 26 42 71 1 20 55 89 1 0 0 0 0 36 34 83 1 53 67 62 1 71 86 82 1 62 105 75 1 105 85 103 1
112 120 128 1 106 121 90 1 88 103 63 1 44 78 73 1 42 69 68 1 0 0 0 0 0 0 0 0 30 53 85 1 16 33 65 1 33 67 97 1 33 44 76 1 22 59 76 1 20 31 61 1 0 0 0 0 25 44 52 1 34 43 78 1 7 31 95 1 10 56 90 1 29 47 97 1 32 61 63 1 35 57 68 1 28 50 52 1 3 50 73 1 0 40 49 1 25 35 73 1 17 48 77 1 23 57 81 1 47 34 55 1 21 50 94 1 10 44 45 1 36 23 81 1 7 58 76 1 12 73 100 1 0 0 0 0 17 35 80 1 28 67 53 1 24 69 89 1 0 0 0 0 0 0 0 0 29 61 71 1 0 0 0 0 21 25 67 1 11 71 91 1 38 43 69 1 24 58 86 1 15 52 109 1 1 21 85 1 0 56 65 1 0 0 0 0 9 59 85 1 27 62 62 1 0 0 0 0 9 61 89 1 32 40 73 1 48 71 46 1 51 42 69 1 21 72 72 1 55 42 75 1 48 69 56 1 50 73 105 1 84 91 66 1 102 96 77 1 82 95 117 1 64 120 82 1
129 134 95 1 0 0 0 0 92 94 83 1 95 82 95 1 45 29 69 1 33 58 54 1 39 43 88 1 16 56 101 1 41 56 99 1 0 0 0 0 24 31 66 1 13 44 86 1 33 74 74 1 22 51 77 1 24 37 85 1 23 46 83 1 13 28 94 1 7 56 86 1 3 40 88 1 0 0 0 0 0 52 61 1 12 48 75 1 10 40 68 1 5 81 57 1 0 0 0 0 9 34 81 1 17 55 80 1 2 43 67 1 21 38 65 1 11 55 81 1 20 42 74 1 21 46 63 1 4 45 71 1 0 0 0 0 39 31 73 1 6 70 53 1 16 50 59 1 40 54 77 1 15 21 84 1 21 47 85 1 16 38 70 1 18 63 76 1 0 47 77 1 10 60 91 1 42 67 87 1 32 48 95 1 16 60 76 1 0 49 76 1 19 73 85 1 0 0 0 0 0 49 57 1 0 43 80 1 9 68 82 1 48 54 79 1 14 63 71 1 44 46 81 1 20 56 73 1 34 57 61 1 38 59 93 1 67 76 77 1 86 88 96 1 81 85 114 1 76 103 100 1 83 83 87 1
108 93 60 1 95 78 109 1 74 73 89 1 54 69 60 1 69 63 72 1 27 47 65 1 35 73 66 1 22 63 103 1 0 0 0 0 0 0 0 0 37 54 89 1 0 0 0 0 28 47 66 1 0 0 0 0 46 56 83 1 17 29 77 1 32 39 75 1 17 55 105 1 0 64 82 1 29 54 67 1 31 36 93 1 32 73 98 1 0 0 0 0 19 48 62 1 0 43 81 1 5 56 76 1 10 55 38 1 26 31 80 1 23 53 106 1 29 62 66 1 7 45 66 1 23 63 80 1 20 40 53 1 0 54 52 1 33 51 75 1 29 62 79 1 39 57 70 1 20 36 83 1 6 53 76 1 20 60 73 1 27 52 64 1 33 30 97 1 20 51 84 1 21 59 105 1 24 61 76 1 0 33 75 1 26 36 62 1 21 86 96 1 0 56 63 1 33 42 82 1 0 0 0 0 17 45 62 1 16 61 78 1 34 66 70 1 23 52 94 1 33 51 112 1 24 48 35 1 0 0 0 0 42 85 88 1 71 64 95 1 102 93 120 1 81 108 86 1 0 0 0 0 98 98 74 1
47 41 69 1 63 76 76 1 55 67 65 1 33 60 60 1 11 79 66 1 27 55 72 1 17 37 49 1 11 55 76 1 20 50 88 1 16 57 63 1 12 45 86 1 7 53 65 1 3 53 69 1 18 48 77 1 14 50 53 1 24 41 67 1 26 57 83 1 17 67 110 1 14 49 66 1 24 71 90 1 34 54 87 1 6 88 61 1 0 50 78 1 0 40 63 1 32 47 71 1 4 50 81 1 0 58 72 1 2 49 60 1 22 42 56 1 5 77 66 1 24 65 63 1 0 0 0 0 30 45 66 1 4 70 71 1 0 0 0 0 38 50 67 1 26 68 94 1 24 27 78 1 30 56 72 1 32 42 74 1 28 35 70 1 16 65 74 1 20 57 76 1 49 56 45 1 5 40 62 1 0 54 63 1 12 53 86 1 2 69 78 1 10 47 41 1 11 70 75 1 0 62 87 1 11 32 70 1 5 71 88 1 13 40 84 1 20 45 70 1 21 54 61 1 56 60 65 1 35 66 81 1 66 56 81 1 83 75 90 1 117 101 85 1 120 102 85 1 108 107 85 1 131 77 79 1
47 44 49 1 53 46 64 1 50 60 94 1 33 75 81 1 44 61 79 1 31 75 75 1 36 53 63 1 12 18 66 1 18 37 85 1 8 42 79 1 26 59 86 1 26 56 67 1 38 33 80 1 0 0 0 0 27 49 74 1 13 57 80 1 27 52 77 1 0 0 0 0 32 67 90 1 10 53 97 1 23 46 67 1 14 38 80 1 12 57 69 1 17 55 74 1 14 32 67 1 0 0 0 0 6 36 58 1 23 63 70 1 25 48 60 1 31 46 67 1 14 61 46 1 0 0 0 0 6 32 91 1 32 64 61 1 37 66 80 1 15 46 75 1 7 53 91 1 35 50 94 1 15 41 69 1 20 45 55 1 28 49 80 1 7 44 55 1 14 29 62 1 22 45 80 1 7 46 77 1 45 30 75 1 19 51 59 1 6 45 81 1 0 57 63 1 0 46 90 1 10 38 64 1 37 68 49 1 11 64 47 1 0 67 57 1 43 39 64 1 3 69 62 1 53 37 76 1 30 60 39 1 42 67 66 1 91 80 69 1 83 95 73 1 100 104 61 1 128 104 99 1 103 93 95 1
25 17 78 1 38 51 58 1 28 21 57 1 0 0 0 0 11 53 55 1 14 66 44 1 37 51 75 1 34 52 69 1 31 61 95 1 0 0 0 0 20 60 83 1 2 61 75 1 32 46 81 1 4 51 90 1 38 32 63 1 5 41 44 1 27 54 59 1 21 51 88 1 18 33 74 1 0 0 0 0 0 48 77 1 4 60 61 1 35 32 70 1 0 0 0 0 0 65 68 1 17 45 55 1 0 68 43 1 0 0 0 0 0 67 59 1 22 25 58 1 0 25 80 1 24 50 65 1 0 0 0 0 14 69 77 1 3 43 95 1 52 44 78 1 47 51 64 1 47 41 94 1 2 46 85 1 24 55 61 1 1 65 75 1 3 47 94 1 37 48 78 1 21 68 80 1 26 56 65 1 10 34 84 1 6 53 92 1 17 46 77 1 25 12 61 1 4 54 81 1 0 0 0 0 22 56 64 1 0 68 84 1 7 69 83 1 36 62 79 1 27 46 73 1 31 49 83 1 11 65 60 1 9 38 62 1 65 54 74 1 72 88 68 1 90 84 90 1 126 101 98 1 124 96 102 1
15 51 61 1 41 37 48 1 30 20 55 1 16 48 65 1 4 30 69 1 8 15 65 1 18 30 54 1 39 62 69 1 33 52 72 1 0 0 0 0 24 40 89 1 26 44 79 1 14 54 61 1 28 50 27 1 16 58 82 1 16 31 75 1 3 42 56 1 25 39 86 1 30 60 76 1 28 34 67 1 8 44 86 1 21 31 73 1 0 0 0 0 1 30 59 1 0 0 0 0 23 39 66 1 22 43 45 1 3 54 68 1 22 68 71 1 5 45 43 1 8 65 66 1 6 67 72 1 43 26 58 1 27 49 77 1 30 37 83 1 9 86 67 1 8 71 89 1 30 62 52 1 18 56 72 1 37 66 65 1 31 75 87 1 23 51 75 1 9 46 94 1 21 49 81 1 1 54 75 1 2 62 82 1 8 54 33 1 8 65 91 1 2 42 69 1 6 39 54 1 0 64 68 1 31 45 93 1 7 74 75 1 28 77 77 1 4 66 50 1 25 29 72 1 41 64 84 1 38 63 67 1 27 56 66 1 60 29 71 1 58 71 76 1 92 90 94 1 107 84 100 1 124 105 143 1
13 65 74 1 0 68 69 1 9 24 70 1 38 38 48 1 48 57 80 1 10 47 78 1 0 50 62 1 19 57 84 1 0 0 0 0 15 38 86 1 14 38 65 1 7 35 73 1 31 43 80 1 3 60 76 1 11 47 78 1 0 0 0 0 16 48 67 1 0 62 45 1 0 0 0 0 0 0 0 0 14 71 67 1 27 38 80 1 7 59 63 1 18 36 98 1 4 43 81 1 25 39 70 1 0 0 0 0 6 61 57 1 16 69 68 1 30 32 71 1 24 38 83 1 0 0 0 0 0 49 83 1 24 40 84 1 11 32 56 1 33 52 83 1 0 0 0 0 0 47 68 1 25 52 75 1 0 52 86 1 34 35 53 1 44 48 75 1 25 46 77 1 15 44 101 1 10 57 93 1 2 56 70 1 2 48 59 1 24 34 85 1 26 50 61 1 19 34 78 1 28 73 61 1 14 61 74 1 16 33 69 1 24 71 59 1 25 22 50 1 15 36 83 1 41 42 77 1 0 0 0 0 25 63 97 1 51 68 82 1 72 79 82 1 78 55 73 1 130 89 96 1 122 94 108 1
25 54 69 1 35 84 86 1 22 40 74 1 7 19 85 1 9 40 68 1 0 49 76 1 36 35 86 1 0 55 72 1 24 52 72 1 16 36 74 1 0 0 0 0 25 45 61 1 9 64 82 1 8 39 71 1 0 31 60 1 16 67 62 1 33 55 82 1 24 48 74 1 18 36 57 1 2 75 74 1 16 48 68 1 18 45 79 1 36 44 92 1 27 48 85 1 15 49 73 1 26 46 68 1 16 28 60 1 6 55 81 1 36 45 76 1 19 56 77 1 17 47 81 1 14 31 82 1 33 40 65 1 50 48 89 1 24 42 70 1 10 44 49 1 2 61 110 1 28 69 69 1 10 44 91 1 22 64 81 1 16 32 76 1 43 49 80 1 20 47 75 1 0 58 75 1 27 52 65 1 11 45 64 1 0 0 0 0 25 61 70 1 39 59 91 1 0 69 83 1 14 43 67 1 26 60 57 1 42 43 88 1 51 37 88 1 40 66 73 1 0 0 0 0 20 49 85 1 36 56 73 1 45 73 114 1 33 62 75 1 42 73 82 1 62 72 74 1 84 71 83 1 102 71 97 1
0 0 0 0 8 62 76 1 10 30 78 1 17 58 56 1 14 60 61 1 31 27 84 1 32 52 66 1 15 50 71 1 15 31 67 1 0 0 0 0 22 50 100 1 24 31 65 1 39 44 50 1 24 53 65 1 31 47 81 1 28 45 65 1 23 60 82 1 0 43 83 1 20 58 60 1 4 42 76 1 8 35 70 1 0 58 66 1 15 45 79 1 18 40 76 1 32 49 54 1 12 34 81 1 21 51 130 1 21 37 58 1 22 77 58 1 24 40 70 1 30 48 80 1 14 45 87 1 4 55 74 1 18 40 61 1 0 36 74 1 24 46 81 1 13 60 82 1 62 42 84 1 4 59 85 1 27 49 77 1 11 44 82 1 2 52 85 1 0 0 0 0 31 68 86 1 40 46 99 1 23 52 48 1 0 0 0 0 21 33 70 1 13 48 61 1 49 62 73 1 0 43 70 1 34 48 66 1 45 76 85 1 30 85 75 1 25 61 79 1 38 43 84 1 22 51 98 1 20 53 74 1 0 0 0 0 14 50 61 1 50 55 72 1 64 40 71 1 53 71 68 1 72 57 78 1
3 41 90 1 9 62 99 1 16 51 61 1 0 0 0 0 21 36 62 1 12 35 81 1 9 51 84 1 1 55 58 1 18 56 61 1 47 47 89 1 20 56 76 1 15 51 57 1 17 56 65 1 4 44 66 1 13 53 64 1 30 49 64 1 0 0 0 0 23 46 62 1 18 56 82 1 23 55 76 1 15 51 85 1 0 53 93 1 24 40 59 1 34 46 65 1 2 40 66 1 5 65 47 1 0 60 81 1 0 38 84 1 21 44 80 1 13 45 68 1 0 42 97 1 13 50 70 1 20 56 76 1 3 57 84 1 24 59 50 1 15 58 71 1 22 43 104 1 14 53 120 1 6 67 98 1 23 60 55 1 0 52 59 1 20 66 102 1 28 37 87 1 19 46 64 1 11 65 82 1 19 67 79 1 20 46 79 1 0 0 0 0 37 77 64 1 44 48 78 1 40 50 52 1 29 58 30 1 18 37 74 1 10 45 59 1 26 51 76 1 52 40 69 1 24 62 113 1 0 0 0 0 0 0 0 0 24 60 102 1 33 34 68 1 48 44 70 1 56 43 62 1 57 42 45 1
0 0 0 0 8 40 59 1 9 51 98 1 7 43 57 1 12 63 74 1 0 0 0 0 13 28 72 1 34 37 70 1 0 0 0 0 39 49 74 1 21 69 86 1 6 51 64 1 6 46 75 1 0 0 0 0 9 64 76 1 0 0 0 0 3 53 86 1 0 0 0 0 2 50 90 1 4 19 61 1 10 81 63 1 31 36 116 1 9 49 68 1 3 52 52 1 0 36 66 1 11 33 64 1 14 52 58 1 31 31 68 1 2 40 83 1 0 61 72 1 28 60 83 1 19 53 79 1 35 55 87 1 17 43 79 1 24 57 47 1 0 49 97 1 0 41 77 1 9 41 85 1 25 50 79 1 27 77 92 1 4 60 67 1 4 58 65 1 15 69 67 1 25 48 73 1 2 51 58 1 0 45 72 1 32 28 55 1 25 32 86 1 13 38 99 1 32 41 72 1 0 60 75 1 23 49 83 1 15 56 57 1 18 22 65 1 0 0 0 0 38 36 63 1 29 39 96 1 38 62 73 1 0 0 0 0 5 68 73 1 50 56 87 1 13 54 95 1 23 61 99 1 30 50 75 1
0 0 0 0 8 42 55 1 0 0 0 0 0 65 67 1 15 43 51 1 4 45 74 1 36 45 72 1 0 47 57 1 0 47 47 1 0 70 63 1 24 45 55 1 40 37 44 1 0 42 80 1 24 52 52 1 0 0 0 0 31 63 61 1 17 23 79 1 7 54 78 1 5 46 103 1 30 51 84 1 6 56 63 1 0 18 94 1 24 46 77 1 31 52 75 1 0 0 0 0 24 52 76 1 10 32 52 1 14 27 89 1 0 46 43 1 13 60 73 1 0 0 0 0 18 34 63 1 26 56 63 1 32 55 82 1 4 37 80 1 0 0 0 0 11 51 80 1 29 61 70 1 33 41 77 1 20 55 91 1 0 63 93 1 36 53 68 1 18 52 109 1 2 53 59 1 41 67 89 1 0 0 0 0 11 30 48 1 14 55 49 1 10 60 76 1 20 38 92 1 22 43 64 1 0 0 0 0 0 0 0 0 18 38 48 1 9 34 75 1 28 46 53 1 37 44 93 1 46 39 111 1 12 59 68 1 10 59 82 1 16 65 85 1 21 61 63 1 0 0 0 0 28 64 83 1
4 55 65 1 19 63 79 1 29 30 62 1 11 42 69 1 14 29 60 1 0 44 77 1 2 51 65 1 23 50 66 1 25 63 47 1 28 53 96 1 4 43 74 1 1 55 73 1 5 38 55 1 20 40 55 1 0 0 0 0 15 53 91 1 15 22 76 1 10 52 50 1 0 0 0 0 21 56 90 1 10 52 64 1 17 46 100 1 2 23 84 1 19 71 72 1 22 38 86 1 0 0 0 0 43 46 59 1 19 58 61 1 21 45 85 1 19 57 89 1 9 36 72 1 27 51 51 1 9 67 60 1 17 40 88 1 0 0 0 0 20 50 76 1 20 39 69 1 0 49 81 1 0 0 0 0 17 61 70 1 0 0 0 0 9 52 61 1 0 0 0 0 40 64 94 1 21 48 55 1 20 66 79 1 0 0 0 0 22 52 66 1 28 58 81 1 8 19 75 1 21 27 65 1 26 79 69 1 26 40 80 1 10 80 38 1 30 36 60 1 44 64 57 1 28 49 97 1 0 67 80 1 0 59 105 1 27 61 80 1 22 48 70 1 19 60 68 1 61 72 73 1 0 0 0 0