3
2957 288 68 63
0 0 10 1 0 14 19 1 5 0 4 1 0 15 6 1 8 21 7 1 7 28 13 1 0 6 0 1 0 0 4 1 1 7 0 1 0 22 15 1 1 23 0 1 7 18 25 1 0 0 25 1 3 3 0 1 0 0 0 1 0 0 10 1 1 34 8 1 6 0 0 1 0 0 23 1 0 13 9 1 0 0 0 0 12 0 2 1 0 0 19 1 0 0 3 1 1 25 0 1 2 0 15 1 0 1 0 1 12 15 30 1 0 1 0 1 0 17 7 1 1 6 0 1 11 9 0 1 0 17 16 1 7 6 20 1 7 9 6 1 0 17 0 1 0 8 14 1 25 10 20 1 4 6 6 1 16 0 2 1 0 0 0 1 18 10 19 1 0 16 5 1 0 0 0 1 0 19 15 1 8 18 5 1 0 0 0 0 4 20 20 1 5 14 17 1 3 13 0 1 4 0 22 1 13 33 6 1 0 0 5 1 0 0 10 1 0 0 0 1 12 32 12 1 18 16 0 1 13 1 10 1 12 18 0 1 6 2 0 1 0 8 26 1 9 12 0 1 6 0 31 1
0 6 15 1 0 0 11 1 0 27 0 1 0 0 0 1 0 9 24 1 0 17 4 1 2 13 17 1 0 34 30 1 6 13 0 1 21 12 0 1 12 18 0 1 0 15 9 1 13 9 29 1 0 25 24 1 0 15 0 1 0 0 0 1 0 8 13 1 0 0 0 0 0 0 0 1 0 4 0 1 26 0 14 1 0 0 8 1 2 17 7 1 0 0 0 0 0 9 0 1 12 0 0 1 0 0 14 1 5 0 3 1 4 21 7 1 2 18 0 1 0 11 3 1 15 10 0 1 16 0 0 1 6 3 25 1 19 0 0 1 0 0 0 0 6 11 25 1 2 11 23 1 0 0 7 1 0 7 0 1 5 12 5 1 0 12 5 1 0 0 22 1 0 18 22 1 18 2 24 1 0 5 14 1 0 0 8 1 9 17 21 1 35 29 7 1 9 10 35 1 0 12 8 1 0 0 0 0 5 37 27 1 4 6 30 1 0 1 6 1 16 0 2 1 13 26 0 1 5 11 13 1 15 12 6 1 0 0 1 1 1 4 23 1 8 8 1 1 6 0 5 1
0 9 23 1 0 21 2 1 11 12 0 1 0 0 0 0 0 0 0 0 0 23 3 1 0 25 19 1 3 15 14 1 7 0 9 1 0 0 0 0 7 18 0 1 0 0 10 1 10 3 5 1 0 0 12 1 0 13 0 1 0 0 0 0 0 0 0 0 17 9 9 1 4 0 0 1 1 0 32 1 0 8 0 1 8 0 0 1 9 0 7 1 9 11 0 1 0 14 13 1 0 9 0 1 4 1 4 1 0 0 25 1 0 0 0 0 0 19 9 1 11 5 0 1 11 7 0 1 15 24 17 1 0 1 1 1 22 22 8 1 3 6 12 1 0 11 20 1 14 12 16 1 8 29 9 1 21 5 13 1 10 39 12 1 7 0 0 1 0 16 13 1 1 1 0 1 26 35 22 1 19 0 21 1 7 15 12 1 0 24 9 1 0 7 7 1 6 24 2 1 16 12 0 1 16 6 12 1 0 3 0 1 0 37 11 1 0 0 0 1 14 49 23 1 0 0 15 1 0 0 2 1 4 28 3 1 0 0 0 0 0 0 0 0 17 26 7 1 0 3 6 1
3 0 0 1 6 4 0 1 5 0 0 1 0 0 1 1 7 6 0 1 15 1 0 1 12 19 1 1 0 0 0 0 0 23 9 1 9 0 6 1 15 20 46 1 8 7 32 1 28 15 2 1 4 0 0 1 12 0 1 1 11 15 0 1 11 24 22 1 5 0 16 1 0 14 18 1 0 7 8 1 0 7 6 1 0 7 0 1 6 7 11 1 0 22 22 1 0 0 0 0 0 1 18 1 0 0 0 0 1 21 5 1 0 8 4 1 4 0 0 1 8 18 15 1 21 6 0 1 21 5 11 1 1 3 6 1 0 0 0 0 0 11 8 1 0 0 12 1 2 0 19 1 0 0 0 0 6 0 0 1 0 10 25 1 0 6 0 1 9 18 0 1 21 6 0 1 4 27 12 1 23 19 4 1 3 11 13 1 0 12 28 1 11 3 22 1 21 6 24 1 0 9 26 1 0 9 19 1 16 6 12 1 0 15 0 1 11 28 10 1 0 0 0 0 7 6 0 1 3 1 1 1 0 0 10 1 0 13 18 1 13 25 0 1 0 0 18 1 0 16 16 1
20 18 11 1 22 11 6 1 8 37 1 1 11 1 0 1 0 0 15 1 0 16 3 1 5 0 0 1 0 0 0 0 22 0 4 1 11 0 0 1 0 0 0 0 8 0 0 1 0 4 0 1 8 10 9 1 0 11 2 1 0 6 15 1 0 26 19 1 0 17 0 1 0 12 0 1 9 19 10 1 0 0 20 1 0 0 0 0 0 5 6 1 4 0 8 1 0 27 12 1 0 0 0 0 5 33 6 1 8 0 0 1 0 10 15 1 0 6 11 1 13 0 4 1 9 22 6 1 25 0 12 1 10 0 11 1 10 9 23 1 17 14 20 1 21 22 9 1 17 8 0 1 1 5 0 1 0 18 8 1 6 18 19 1 0 1 7 1 9 11 9 1 0 0 0 0 0 0 0 0 0 0 4 1 8 4 0 1 0 0 0 0 22 0 7 1 14 0 16 1 0 0 0 1 0 14 0 1 2 13 37 1 0 2 0 1 0 6 0 1 0 0 0 1 0 0 0 0 0 10 0 1 0 0 0 0 35 29 15 1 1 2 49 1 0 0 0 0 7 12 2 1
7 24 8 1 7 3 7 1 0 5 21 1 23 0 5 1 0 18 0 1 0 0 0 1 42 0 2 1 2 0 7 1 0 0 0 0 11 7 5 1 23 1 0 1 0 19 13 1 4 0 4 1 11 5 0 1 26 25 12 1 0 9 5 1 0 0 0 1 0 6 8 1 21 14 3 1 14 0 1 1 0 9 13 1 5 12 0 1 0 31 10 1 8 3 10 1 22 0 4 1 31 28 7 1 0 38 2 1 0 4 11 1 16 18 0 1 0 12 0 1 0 11 0 1 35 0 2 1 0 0 0 0 7 0 22 1 30 35 15 1 0 21 6 1 0 19 12 1 25 24 30 1 20 6 0 1 3 0 10 1 0 6 5 1 22 2 2 1 5 0 12 1 0 11 5 1 0 5 13 1 0 0 11 1 0 6 10 1 0 27 6 1 0 0 18 1 5 21 0 1 12 0 0 1 0 27 18 1 0 0 22 1 0 17 9 1 0 0 0 1 7 15 22 1 0 0 5 1 0 0 7 1 7 0 23 1 0 32 5 1 0 19 4 1 0 0 8 1 0 0 0 0
0 0 0 0 0 0 25 1 0 0 0 1 0 20 11 1 13 10 0 1 0 0 0 1 2 0 0 1 0 0 0 0 6 14 8 1 0 0 9 1 0 0 10 1 22 11 0 1 13 2 11 1 6 9 1 1 42 5 16 1 0 0 0 1 0 16 4 1 0 9 0 1 0 12 25 1 2 14 16 1 0 4 0 1 5 12 26 1 0 7 23 1 4 3 0 1 8 10 0 1 10 0 3 1 0 0 0 1 0 16 0 1 8 2 0 1 0 0 0 0 0 0 0 0 0 24 11 1 8 4 13 1 1 0 28 1 11 0 12 1 0 0 0 0 21 2 0 1 5 16 19 1 7 17 0 1 0 9 16 1 11 6 8 1 3 9 27 1 29 0 9 1 0 0 15 1 14 21 27 1 0 0 0 0 13 29 4 1 14 27 21 1 0 13 8 1 2 0 5 1 0 14 12 1 0 0 0 1 0 0 13 1 0 1 0 1 0 0 0 0 0 0 0 0 3 11 14 1 0 0 0 0 3 9 9 1 12 12 23 1 0 12 42 1 0 24 8 1 0 0 0 0
0 7 23 1 6 2 0 1 0 1 7 1 0 0 0 1 0 0 0 1 0 0 11 1 0 0 0 0 27 4 0 1 29 0 0 1 2 0 23 1 0 9 0 1 14 0 20 1 0 19 0 1 0 8 0 1 15 4 0 1 6 3 16 1 0 0 6 1 0 0 17 1 0 4 2 1 0 0 18 1 0 0 12 1 10 8 4 1 0 13 0 1 0 15 0 1 0 0 0 0 0 4 0 1 4 0 0 1 8 0 18 1 14 17 0 1 6 8 0 1 7 0 0 1 0 0 2 1 18 3 33 1 0 0 41 1 2 20 13 1 7 34 5 1 4 35 14 1 0 13 19 1 0 11 21 1 0 0 19 1 3 20 10 1 2 24 0 1 0 8 27 1 0 0 10 1 0 7 26 1 0 10 34 1 33 8 16 1 0 0 18 1 0 0 0 0 0 12 13 1 9 14 17 1 7 19 4 1 5 0 22 1 0 4 6 1 0 0 27 1 10 10 3 1 0 32 0 1 0 18 21 1 0 2 9 1 5 0 10 1 1 35 8 1 0 14 27 1 0 9 25 1
0 0 0 1 0 2 2 1 4 25 0 1 12 0 8 1 9 33 27 1 0 0 14 1 0 0 0 1 0 15 19 1 0 0 0 0 0 11 0 1 3 7 11 1 0 0 26 1 8 0 4 1 3 0 0 1 18 0 0 1 5 33 11 1 0 18 0 1 19 1 22 1 0 0 17 1 0 26 5 1 0 0 0 0 0 0 0 1 0 0 0 0 0 6 0 1 25 20 17 1 2 0 0 1 0 0 9 1 0 0 0 1 0 17 21 1 0 0 3 1 6 0 0 1 0 23 9 1 9 17 9 1 0 6 0 1 0 0 0 0 0 36 6 1 3 30 0 1 0 5 0 1 25 0 33 1 5 22 2 1 11 18 16 1 0 28 30 1 0 15 28 1 24 6 6 1 2 8 6 1 0 7 0 1 0 0 20 1 11 17 35 1 0 9 12 1 1 22 25 1 1 25 5 1 1 11 16 1 0 12 22 1 22 0 16 1 21 14 9 1 0 0 0 0 13 3 22 1 0 16 8 1 0 0 0 0 1 35 16 1 0 0 0 0 14 23 17 1 16 0 23 1
0 0 18 1 15 15 0 1 3 8 5 1 0 1 6 1 0 5 30 1 0 0 20 1 13 0 15 1 0 5 18 1 22 0 8 1 10 4 14 1 21 5 25 1 5 14 2 1 0 0 0 0 0 4 3 1 0 20 7 1 1 11 0 1 0 9 19 1 8 0 11 1 0 0 0 0 0 15 11 1 0 10 16 1 0 0 0 1 0 22 10 1 0 0 0 0 31 2 25 1 0 0 0 1 0 19 14 1 0 0 0 1 5 1 0 1 12 0 18 1 0 0 0 0 15 7 21 1 0 12 30 1 14 9 0 1 3 17 11 1 0 6 17 1 21 7 3 1 0 16 1 1 0 0 0 1 8 2 15 1 0 0 0 0 33 0 0 1 0 0 0 0 0 25 14 1 2 20 25 1 4 0 10 1 0 0 2 1 0 0 17 1 0 0 0 0 0 10 9 1 30 28 15 1 17 0 16 1 0 19 42 1 0 0 26 1 0 0 0 1 12 6 6 1 0 28 18 1 12 38 22 1 0 16 0 1 0 13 0 1 0 13 14 1 25 24 14 1 0 8 8 1
7 6 4 1 8 22 0 1 3 16 0 1 0 2 7 1 0 5 16 1 0 0 0 0 18 0 0 1 0 15 0 1 15 0 7 1 0 20 0 1 5 23 0 1 0 21 10 1 1 9 0 1 0 0 13 1 13 7 0 1 0 8 0 1 8 5 29 1 19 11 0 1 12 0 10 1 15 16 16 1 0 0 0 0 1 16 13 1 0 11 17 1 7 8 9 1 0 5 26 1 7 11 0 1 0 1 21 1 13 5 29 1 0 0 0 1 0 5 8 1 0 2 24 1 7 8 1 1 0 19 0 1 4 0 0 1 0 0 0 1 0 1 13 1 7 6 10 1 23 22 21 1 0 0 2 1 2 7 0 1 0 27 18 1 0 12 13 1 11 5 3 1 0 0 0 0 3 0 15 1 0 6 24 1 0 0 0 0 2 0 6 1 0 0 23 1 0 0 0 0 16 0 36 1 0 23 15 1 0 0 0 0 0 7 29 1 0 19 4 1 14 2 25 1 9 0 42 1 0 5 0 1 0 23 27 1 0 32 30 1 12 17 0 1 11 26 13 1 21 3 4 1
2 18 0 1 3 0 2 1 7 15 0 1 0 0 10 1 18 0 0 1 0 0 0 1 20 7 0 1 3 0 22 1 0 0 0 0 0 5 0 1 10 0 0 1 7 3 2 1 12 0 18 1 0 2 17 1 0 19 10 1 0 15 0 1 26 0 7 1 4 16 4 1 8 6 0 1 0 9 7 1 4 0 0 1 0 0 29 1 2 4 8 1 0 1 27 1 0 0 0 0 0 7 6 1 0 31 8 1 1 20 10 1 4 18 0 1 0 0 6 1 1 16 0 1 28 0 0 1 0 0 0 0 0 0 0 0 24 0 10 1 13 5 0 1 0 18 0 1 35 25 10 1 15 11 18 1 7 0 16 1 7 6 8 1 16 7 33 1 10 6 27 1 0 0 0 0 0 17 35 1 16 2 0 1 0 17 0 1 0 6 0 1 0 0 5 1 8 0 29 1 2 7 11 1 16 1 18 1 0 0 0 0 0 17 5 1 19 23 5 1 16 7 14 1 0 0 15 1 8 7 0 1 2 1 6 1 19 1 23 1 6 20 10 1 33 0 0 1 10 2 16 1
23 0 1 1 0 4 0 1 19 37 0 1 0 3 0 1 10 1 2 1 1 7 4 1 0 0 21 1 0 3 0 1 0 0 0 0 0 9 19 1 8 0 11 1 14 11 0 1 17 0 0 1 0 15 0 1 0 0 4 1 12 6 14 1 0 0 0 0 0 8 0 1 0 0 0 1 0 24 5 1 8 0 9 1 0 0 10 1 18 0 0 1 5 30 2 1 0 7 14 1 5 8 11 1 0 1 13 1 0 0 0 0 0 0 0 0 13 18 0 1 0 24 0 1 5 3 11 1 0 13 6 1 0 15 5 1 13 16 8 1 0 7 0 1 4 0 6 1 24 11 0 1 0 1 9 1 24 15 0 1 16 10 20 1 0 0 5 1 4 7 0 1 27 0 19 1 0 0 0 0 1 0 0 1 0 9 39 1 1 4 13 1 0 19 0 1 0 22 0 1 0 0 11 1 7 16 24 1 0 22 22 1 24 12 8 1 0 14 0 1 0 23 7 1 0 16 22 1 1 7 20 1 1 0 15 1 26 0 6 1 0 12 13 1 10 8 6 1 14 0 0 1
0 13 0 1 0 5 10 1 0 0 0 0 0 6 8 1 0 0 0 0 0 5 0 1 0 0 1 1 47 21 0 1 3 2 0 1 0 7 4 1 0 0 0 0 0 4 17 1 0 1 0 1 5 0 0 1 0 23 4 1 0 2 0 1 3 29 2 1 9 0 0 1 0 0 1 1 11 24 9 1 9 0 13 1 17 0 14 1 0 0 0 0 13 16 17 1 3 0 14 1 0 0 0 0 20 19 0 1 6 12 0 1 16 1 0 1 14 39 6 1 0 13 3 1 0 0 0 1 0 3 17 1 0 11 0 1 0 0 0 0 7 4 7 1 11 14 0 1 29 4 0 1 0 11 15 1 10 11 0 1 0 4 0 1 32 14 0 1 0 0 10 1 24 0 12 1 20 0 16 1 21 17 0 1 0 2 4 1 3 0 24 1 0 45 9 1 0 0 0 1 17 0 17 1 0 5 0 1 0 0 0 1 23 7 0 1 22 1 0 1 0 0 14 1 11 23 11 1 0 9 25 1 0 9 13 1 0 26 16 1 0 23 23 1 0 26 32 1 17 0 27 1
0 0 7 1 0 0 0 0 8 0 14 1 0 0 0 0 13 9 22 1 8 7 0 1 0 0 26 1 4 1 2 1 0 0 0 0 0 19 0 1 24 22 10 1 0 0 0 1 0 0 1 1 0 0 0 1 0 0 0 0 22 2 0 1 9 3 0 1 0 7 5 1 5 7 0 1 3 0 22 1 0 4 1 1 16 0 0 1 0 25 0 1 14 20 0 1 0 0 9 1 0 0 0 1 18 13 11 1 0 0 17 1 4 23 8 1 1 37 25 1 11 1 13 1 0 0 0 0 0 8 8 1 2 22 3 1 0 0 0 0 0 40 0 1 5 10 32 1 0 0 0 0 0 0 0 0 26 0 11 1 5 29 13 1 33 0 0 1 0 26 7 1 0 8 3 1 0 28 37 1 20 0 0 1 11 6 1 1 22 7 28 1 24 0 0 1 9 11 0 1 4 19 9 1 3 5 32 1 13 0 13 1 0 13 0 1 0 0 0 0 8 0 31 1 0 0 0 0 14 10 0 1 3 31 2 1 0 5 38 1 12 0 13 1 5 31 15 1 0 20 15 1
6 1 0 1 10 8 0 1 14 16 11 1 0 0 1 1 11 3 0 1 16 19 17 1 0 0 0 0 2 9 0 1 12 0 0 1 0 26 12 1 0 0 0 1 0 34 14 1 2 0 6 1 0 13 15 1 0 11 9 1 13 3 8 1 0 0 5 1 0 0 5 1 0 0 0 0 12 10 11 1 0 0 0 1 0 0 0 1 0 0 8 1 14 2 0 1 0 2 27 1 0 0 0 0 0 0 0 0 0 0 0 1 0 11 9 1 8 8 0 1 0 0 0 0 0 8 15 1 0 0 3 1 0 4 0 1 0 8 2 1 0 0 0 0 0 0 0 1 5 12 6 1 0 6 0 1 0 36 0 1 1 14 7 1 0 11 28 1 0 40 25 1 0 7 47 1 3 5 13 1 12 0 11 1 22 14 22 1 0 0 0 0 0 0 0 1 0 4 16 1 21 1 13 1 0 0 32 1 3 0 7 1 7 2 9 1 11 13 15 1 2 12 3 1 0 11 0 1 0 37 12 1 24 0 5 1 0 14 0 1 0 0 0 0 15 0 13 1 1 0 1 1
11 14 0 1 22 16 0 1 0 12 0 1 0 0 15 1 15 1 0 1 0 11 0 1 0 5 26 1 3 10 0 1 0 32 4 1 0 0 0 0 0 0 0 0 0 0 11 1 0 0 0 1 0 10 4 1 9 2 0 1 0 26 11 1 0 21 0 1 0 0 0 0 0 0 0 1 11 0 7 1 0 3 17 1 0 4 5 1 0 18 0 1 0 0 12 1 0 0 22 1 0 16 12 1 9 0 1 1 0 13 0 1 0 13 4 1 2 0 0 1 7 18 18 1 0 9 0 1 0 0 0 1 0 0 0 0 2 0 20 1 20 16 0 1 1 0 0 1 6 15 19 1 7 13 18 1 0 14 2 1 0 0 0 0 1 0 0 1 3 22 20 1 2 6 2 1 0 0 29 1 7 12 0 1 0 0 0 0 0 0 32 1 8 0 16 1 0 0 4 1 0 19 0 1 0 0 0 1 9 0 22 1 0 13 0 1 0 9 11 1 20 19 0 1 26 0 4 1 0 7 4 1 0 0 0 1 13 24 0 1 0 3 9 1 5 0 19 1 14 24 1 1
4 8 24 1 13 0 11 1 20 6 0 1 1 9 0 1 0 0 0 0 0 0 1 1 0 17 0 1 0 22 24 1 3 23 18 1 0 9 6 1 29 0 20 1 0 0 0 0 11 1 0 1 14 4 15 1 0 0 9 1 30 15 4 1 0 7 3 1 0 0 0 1 2 8 20 1 11 6 0 1 0 24 0 1 17 0 7 1 0 0 0 0 0 7 0 1 0 14 25 1 0 9 0 1 0 24 11 1 9 17 0 1 1 0 6 1 18 20 10 1 0 0 0 1 0 0 0 0 12 0 0 1 1 0 24 1 0 1 0 1 0 0 0 0 5 12 0 1 11 2 8 1 0 32 18 1 0 10 1 1 0 0 5 1 0 24 0 1 0 2 12 1 0 15 0 1 0 10 12 1 0 15 18 1 0 12 6 1 0 0 8 1 0 0 9 1 21 6 0 1 20 17 0 1 9 8 4 1 0 0 0 0 10 6 12 1 20 1 27 1 4 15 16 1 21 0 14 1 0 0 0 0 31 0 0 1 5 20 0 1 17 11 0 1 17 16 20 1 0 14 5 1
0 5 3 1 0 0 6 1 0 0 5 1 1 14 13 1 14 0 28 1 0 0 0 0 0 0 0 0 9 0 0 1 22 11 13 1 0 4 0 1 18 0 10 1 6 0 0 1 19 16 2 1 4 0 0 1 0 14 9 1 0 33 0 1 0 19 15 1 12 9 6 1 0 20 20 1 7 0 1 1 13 4 9 1 0 3 0 1 9 17 3 1 13 28 0 1 0 0 0 0 0 0 2 1 0 0 0 0 12 16 3 1 2 0 0 1 16 1 0 1 0 0 0 0 0 0 0 1 31 20 16 1 0 0 0 0 0 0 1 1 0 0 6 1 0 0 9 1 16 0 0 1 28 31 6 1 4 0 26 1 0 0 16 1 8 12 11 1 4 0 14 1 3 0 0 1 0 1 0 1 15 6 2 1 20 0 7 1 0 0 0 0 15 4 11 1 0 11 12 1 0 0 0 0 7 12 13 1 28 14 0 1 0 0 9 1 0 0 0 0 0 0 17 1 0 1 0 1 18 0 0 1 5 14 2 1 3 1 0 1 0 12 39 1 0 24 2 1 1 7 3 1
0 0 0 0 15 3 6 1 0 11 4 1 24 0 0 1 4 0 11 1 11 13 22 1 0 0 7 1 0 0 0 1 25 19 4 1 0 0 0 0 0 7 0 1 0 9 8 1 0 0 17 1 4 0 0 1 9 6 0 1 0 18 18 1 0 0 26 1 0 17 0 1 3 15 18 1 0 4 10 1 6 7 0 1 11 23 0 1 1 3 4 1 10 6 29 1 0 8 0 1 0 9 0 1 5 23 37 1 6 17 14 1 15 11 0 1 2 12 0 1 14 0 0 1 0 0 0 0 7 24 0 1 0 0 3 1 0 0 0 0 3 0 0 1 0 0 0 0 14 0 13 1 0 25 17 1 0 18 0 1 6 0 1 1 1 21 6 1 0 11 15 1 29 0 0 1 0 16 0 1 0 20 9 1 0 0 0 0 5 12 0 1 10 0 33 1 0 0 0 1 0 0 0 0 13 23 15 1 31 0 0 1 0 16 14 1 5 18 10 1 5 0 0 1 0 0 13 1 10 0 13 1 15 17 9 1 26 0 0 1 0 0 28 1 0 26 0 1 1 22 13 1
0 15 5 1 2 10 0 1 0 14 15 1 8 0 26 1 10 0 0 1 0 25 9 1 27 31 0 1 6 13 8 1 7 19 0 1 9 0 23 1 0 0 14 1 0 3 18 1 5 0 0 1 6 0 0 1 0 4 0 1 0 0 0 0 0 0 4 1 0 0 0 0 0 1 0 1 15 0 12 1 16 0 7 1 0 8 10 1 32 0 6 1 12 8 8 1 0 20 23 1 0 6 3 1 0 0 3 1 0 0 0 1 8 15 29 1 0 0 11 1 0 0 8 1 2 23 16 1 0 5 0 1 0 0 0 0 20 10 0 1 0 0 21 1 11 28 2 1 12 20 13 1 0 0 0 0 0 2 3 1 11 0 10 1 8 9 5 1 13 7 0 1 0 9 4 1 0 15 10 1 0 7 17 1 1 0 10 1 14 16 14 1 0 14 1 1 0 0 0 1 20 29 1 1 2 7 0 1 18 3 0 1 0 0 0 0 0 0 0 0 3 24 12 1 0 10 30 1 0 0 0 0 0 31 1 1 10 17 18 1 13 21 21 1 0 33 26 1 0 28 26 1
0 0 10 1 6 0 0 1 0 10 6 1 23 10 12 1 2 0 14 1 0 0 0 0 5 0 0 1 0 7 0 1 0 19 0 1 0 21 0 1 0 0 0 0 16 0 0 1 1 0 3 1 0 6 8 1 0 0 0 0 0 1 13 1 0 0 0 1 0 0 0 0 0 4 0 1 0 0 0 1 23 3 5 1 0 5 22 1 16 15 16 1 32 0 9 1 0 0 0 1 17 10 15 1 14 0 3 1 0 0 2 1 0 0 0 1 3 18 20 1 0 0 0 0 0 24 10 1 0 0 0 0 7 0 25 1 14 0 0 1 0 13 0 1 21 0 0 1 0 0 0 0 0 11 18 1 0 0 0 0 0 0 26 1 0 0 0 0 0 20 33 1 16 26 26 1 0 0 0 0 10 7 0 1 0 0 0 1 0 2 0 1 0 5 25 1 10 2 0 1 12 32 2 1 11 13 0 1 0 0 8 1 0 0 0 1 18 0 0 1 0 4 20 1 6 2 0 1 0 8 0 1 28 27 26 1 0 0 0 1 2 2 0 1 11 41 0 1 29 0 23 1
0 4 9 1 11 0 0 1 28 0 0 1 0 0 0 1 0 10 5 1 0 15 0 1 17 3 18 1 0 0 28 1 0 8 2 1 0 0 0 1 12 13 1 1 0 0 0 0 0 13 12 1 9 12 0 1 2 0 25 1 16 0 0 1 0 9 8 1 0 0 0 0 0 0 0 1 13 11 15 1 2 7 0 1 14 5 1 1 0 0 0 0 17 0 21 1 0 11 13 1 7 0 0 1 21 1 15 1 22 13 5 1 11 0 33 1 8 0 6 1 0 0 0 0 0 0 0 0 0 0 6 1 0 16 18 1 14 12 0 1 0 0 0 0 0 5 0 1 0 15 8 1 0 12 0 1 15 22 3 1 5 0 15 1 3 6 0 1 0 9 0 1 3 28 12 1 0 4 13 1 4 8 7 1 0 5 21 1 0 0 0 0 0 0 0 0 0 7 0 1 22 2 4 1 0 0 16 1 18 9 21 1 11 16 0 1 1 2 0 1 0 9 0 1 0 0 12 1 15 17 5 1 0 0 0 0 11 0 3 1 13 1 0 1 5 7 24 1 0 20 0 1
6 27 2 1 11 10 0 1 17 0 0 1 10 0 12 1 0 19 0 1 0 2 5 1 12 3 19 1 16 0 0 1 9 15 0 1 0 0 0 1 0 4 10 1 0 0 4 1 0 18 3 1 26 0 33 1 8 0 0 1 20 14 19 1 0 1 6 1 0 0 0 1 3 0 3 1 8 0 0 1 1 0 5 1 21 0 0 1 30 10 6 1 6 3 0 1 0 0 0 0 0 0 0 1 4 24 0 1 0 8 12 1 0 3 0 1 0 3 11 1 2 11 28 1 0 6 0 1 0 28 6 1 0 0 0 1 0 10 19 1 7 0 0 1 19 0 12 1 6 0 15 1 8 11 15 1 0 0 0 1 0 13 0 1 14 16 0 1 1 4 23 1 1 8 0 1 7 0 3 1 0 22 0 1 0 10 16 1 12 33 0 1 0 0 0 1 24 30 8 1 0 0 0 1 1 0 10 1 0 7 20 1 0 0 0 1 0 0 0 0 6 8 23 1 0 0 29 1 1 19 12 1 0 0 0 0 0 9 1 1 34 31 0 1 0 0 0 0 8 9 8 1
28 0 14 1 0 0 4 1 0 17 0 1 11 8 1 1 0 8 0 1 0 0 0 0 0 10 8 1 0 21 12 1 4 29 0 1 6 3 25 1 5 0 11 1 8 13 2 1 0 0 0 1 0 0 0 1 0 22 0 1 0 8 14 1 0 0 0 1 11 0 0 1 0 0 0 1 0 9 3 1 11 0 6 1 5 17 0 1 2 20 0 1 0 0 0 0 0 28 0 1 25 15 7 1 1 0 2 1 12 0 14 1 14 9 7 1 13 17 5 1 18 11 0 1 0 0 1 1 0 0 7 1 0 4 0 1 22 0 0 1 18 0 25 1 17 2 31 1 0 0 14 1 0 0 0 0 0 0 0 0 0 3 15 1 0 17 3 1 0 28 1 1 0 0 11 1 0 0 0 0 0 0 0 0 5 27 0 1 0 27 5 1 0 0 28 1 12 1 0 1 0 12 20 1 0 0 2 1 0 14 2 1 0 9 0 1 0 0 20 1 2 0 0 1 10 13 0 1 0 0 5 1 6 32 19 1 0 3 8 1 0 0 0 0 0 0 0 0 2 28 31 1
14 23 0 1 23 3 0 1 6 0 0 1 2 1 13 1 8 10 0 1 0 23 0 1 0 15 21 1 5 29 0 1 0 20 8 1 15 28 4 1 0 1 5 1 0 0 13 1 14 5 19 1 4 0 6 1 11 0 0 1 0 0 0 0 7 0 0 1 0 5 3 1 1 2 0 1 5 6 0 1 0 0 0 0 0 4 0 1 13 0 7 1 0 0 12 1 0 11 24 1 0 11 6 1 24 0 10 1 0 10 0 1 5 0 0 1 1 12 15 1 0 0 13 1 7 10 0 1 6 17 17 1 6 0 13 1 0 19 0 1 15 11 46 1 5 51 13 1 15 0 12 1 6 3 0 1 7 12 5 1 0 6 1 1 0 7 0 1 3 22 16 1 0 0 0 1 7 6 15 1 24 5 0 1 10 4 0 1 0 0 0 1 0 16 2 1 0 3 0 1 0 14 0 1 5 0 0 1 4 0 1 1 11 0 5 1 0 0 0 1 0 0 11 1 10 1 9 1 18 7 5 1 0 0 0 1 0 11 3 1 0 32 19 1 0 6 22 1 0 0 6 1
0 25 0 1 5 1 0 1 5 3 26 1 8 0 4 1 0 15 0 1 10 5 0 1 0 1 5 1 0 0 0 1 0 21 3 1 46 0 0 1 2 0 8 1 0 33 16 1 7 0 5 1 12 4 19 1 0 0 0 0 16 0 13 1 0 16 0 1 0 2 0 1 10 0 8 1 14 13 15 1 1 0 14 1 0 0 0 1 9 5 1 1 5 12 0 1 0 0 8 1 0 15 0 1 8 0 14 1 5 4 0 1 0 20 11 1 0 5 20 1 6 25 12 1 0 13 0 1 7 3 0 1 0 0 0 0 18 4 18 1 12 0 0 1 0 0 24 1 7 0 19 1 0 0 0 1 0 0 18 1 0 4 10 1 0 20 10 1 0 2 11 1 9 7 0 1 0 12 17 1 0 3 2 1 7 0 14 1 10 2 5 1 28 0 19 1 0 0 9 1 0 0 0 1 0 0 0 0 0 0 0 0 12 4 18 1 0 23 0 1 0 6 16 1 8 6 0 1 0 0 6 1 0 9 0 1 13 0 26 1 12 32 13 1 0 0 0 1 2 6 25 1
0 14 0 1 0 14 11 1 0 0 0 0 0 0 0 1 9 0 15 1 10 0 0 1 0 4 18 1 0 0 0 0 0 10 23 1 4 9 10 1 0 0 17 1 9 5 6 1 7 17 10 1 16 17 20 1 0 11 28 1 13 9 0 1 0 24 8 1 0 2 9 1 19 0 10 1 0 11 18 1 6 14 13 1 1 0 0 1 19 0 0 1 0 1 0 1 15 20 0 1 0 9 10 1 0 0 0 1 0 9 10 1 16 0 0 1 6 0 18 1 17 16 22 1 0 19 0 1 0 22 15 1 0 2 0 1 15 25 0 1 6 0 10 1 9 8 1 1 0 14 15 1 25 0 23 1 0 0 0 0 0 0 0 0 0 12 0 1 2 13 0 1 0 6 29 1 0 4 23 1 0 0 0 0 0 0 20 1 0 0 3 1 0 30 0 1 0 0 2 1 0 0 0 1 0 24 15 1 3 0 34 1 6 10 5 1 0 0 0 1 0 0 11 1 2 0 3 1 0 0 0 0 0 8 33 1 3 8 11 1 0 16 23 1 0 10 33 1 0 8 2 1
0 3 0 1 0 0 0 0 11 0 0 1 0 0 0 0 16 0 8 1 9 11 9 1 0 10 5 1 6 29 0 1 9 4 8 1 0 10 1 1 0 0 0 1 0 0 0 0 32 4 0 1 20 0 12 1 0 40 0 1 0 0 0 1 0 0 1 1 10 0 0 1 0 0 2 1 10 22 0 1 0 0 19 1 12 4 0 1 0 14 0 1 34 1 0 1 1 0 0 1 16 0 22 1 15 11 1 1 15 19 0 1 0 0 0 0 0 0 0 1 5 20 10 1 0 0 0 0 0 29 0 1 7 12 8 1 0 0 0 1 19 0 23 1 0 11 17 1 19 1 0 1 11 0 0 1 5 0 1 1 0 0 14 1 3 0 3 1 16 14 4 1 7 0 0 1 15 0 0 1 0 0 0 0 3 1 15 1 17 0 0 1 0 32 2 1 0 17 20 1 0 6 8 1 0 0 16 1 0 0 0 1 0 0 0 0 0 0 18 1 4 0 2 1 2 19 18 1 5 0 17 1 16 13 13 1 12 26 0 1 1 0 2 1 0 1 1 1 5 32 9 1
0 0 12 1 11 0 8 1 0 14 6 1 1 19 0 1 10 0 11 1 4 0 0 1 0 5 0 1 1 6 0 1 0 10 10 1 0 8 19 1 0 5 15 1 46 16 18 1 11 10 0 1 0 0 0 0 8 14 16 1 8 6 0 1 10 5 0 1 0 10 0 1 9 5 12 1 0 0 8 1 17 23 0 1 0 9 0 1 0 0 1 1 3 0 0 1 24 2 0 1 0 0 0 0 0 0 0 1 18 0 17 1 0 0 0 0 1 13 0 1 13 0 0 1 4 14 19 1 0 0 14 1 0 27 0 1 1 21 0 1 3 0 0 1 27 10 0 1 0 1 0 1 17 26 0 1 9 0 0 1 1 17 0 1 34 0 0 1 0 0 0 0 13 21 0 1 0 0 0 1 12 1 0 1 0 11 0 1 0 0 0 0 0 20 13 1 0 0 0 1 0 0 0 0 26 6 0 1 12 2 0 1 15 2 13 1 0 0 5 1 0 4 7 1 0 0 0 0 9 13 17 1 4 0 0 1 17 0 16 1 13 19 0 1 0 0 13 1 4 7 0 1
0 5 9 1 27 0 0 1 0 8 1 1 1 0 0 1 15 5 18 1 0 0 21 1 9 16 14 1 10 0 11 1 2 3 0 1 4 6 0 1 4 0 11 1 0 11 2 1 0 0 11 1 0 0 0 1 3 0 22 1 0 18 0 1 0 18 0 1 0 7 11 1 7 4 0 1 0 0 0 0 10 18 2 1 0 0 22 1 0 0 0 1 10 15 0 1 0 0 15 1 8 0 0 1 0 10 1 1 1 5 0 1 0 0 0 1 0 4 13 1 0 1 35 1 0 0 0 1 0 0 0 1 7 0 12 1 0 21 0 1 23 10 0 1 0 0 0 0 13 1 4 1 4 0 8 1 3 0 5 1 2 33 22 1 1 23 1 1 13 17 0 1 11 0 0 1 0 4 4 1 0 8 15 1 13 15 0 1 1 6 3 1 0 0 0 0 3 18 11 1 13 0 3 1 17 0 0 1 0 24 15 1 0 0 0 0 5 21 0 1 9 30 0 1 0 0 23 1 0 19 0 1 0 13 21 1 0 13 0 1 10 15 0 1 0 22 12 1 10 8 8 1
7 11 1 1 10 12 10 1 9 2 0 1 1 0 0 1 11 0 6 1 5 0 0 1 12 5 0 1 7 0 10 1 0 0 0 1 0 0 5 1 11 0 0 1 0 12 18 1 0 0 6 1 4 23 0 1 12 0 0 1 0 0 0 0 14 10 0 1 0 0 33 1 27 0 0 1 8 14 1 1 6 0 6 1 13 2 0 1 0 0 16 1 5 0 12 1 4 4 3 1 0 38 0 1 19 20 2 1 0 0 14 1 11 21 0 1 0 0 0 0 0 0 0 1 0 0 2 1 0 0 0 0 0 1 0 1 0 3 13 1 10 0 9 1 2 21 4 1 19 20 13 1 0 25 3 1 2 0 0 1 0 18 13 1 0 6 0 1 3 0 10 1 0 26 3 1 0 0 0 0 12 0 0 1 8 0 0 1 25 36 0 1 28 5 14 1 0 5 11 1 0 3 0 1 0 6 15 1 13 0 9 1 2 14 0 1 0 0 0 0 4 0 0 1 2 8 0 1 0 12 4 1 14 0 8 1 14 0 0 1 17 14 0 1 5 10 13 1 1 19 20 1
0 0 0 1 0 0 16 1 0 0 15 1 13 27 22 1 0 3 0 1 3 16 0 1 0 11 23 1 0 0 0 1 17 0 9 1 2 0 7 1 1 0 0 1 0 0 0 1 24 0 0 1 0 0 10 1 6 4 5 1 0 0 5 1 0 0 36 1 1 0 0 1 6 15 0 1 17 0 0 1 0 0 15 1 0 0 0 1 16 4 0 1 4 0 0 1 8 0 0 1 0 0 15 1 0 0 0 0 13 0 0 1 0 6 0 1 12 8 3 1 6 8 13 1 4 2 0 1 0 19 1 1 0 0 0 0 0 16 21 1 0 0 32 1 6 0 4 1 23 9 9 1 0 0 0 1 0 8 11 1 0 33 17 1 37 28 0 1 9 11 21 1 0 29 0 1 25 0 0 1 0 7 3 1 0 0 18 1 10 0 0 1 12 3 4 1 9 4 4 1 0 0 4 1 4 0 6 1 0 16 18 1 9 21 0 1 2 9 12 1 0 16 26 1 5 15 0 1 0 9 8 1 0 0 0 0 6 6 0 1 28 2 9 1 8 25 0 1 13 0 19 1
0 2 8 1 0 0 0 0 0 0 0 1 0 1 24 1 12 0 23 1 0 23 0 1 18 0 0 1 3 1 11 1 0 14 11 1 9 2 10 1 0 0 20 1 0 0 13 1 2 12 0 1 17 0 8 1 21 1 3 1 0 0 0 0 0 15 14 1 11 8 0 1 0 16 2 1 0 1 9 1 0 6 0 1 19 0 0 1 0 0 0 1 14 2 0 1 20 0 0 1 14 0 0 1 5 0 0 1 0 0 9 1 0 0 0 0 0 5 0 1 7 0 11 1 0 8 1 1 0 10 0 1 0 10 2 1 0 0 7 1 1 0 4 1 0 0 0 0 2 11 10 1 0 0 33 1 8 8 0 1 8 0 15 1 14 17 3 1 0 0 0 0 0 0 0 1 14 19 14 1 0 14 0 1 6 14 0 1 10 0 3 1 4 14 22 1 13 14 8 1 0 6 11 1 15 5 16 1 0 16 10 1 2 32 13 1 0 5 4 1 0 0 0 1 0 6 31 1 0 7 0 1 9 0 37 1 20 18 20 1 9 26 10 1 3 5 8 1 5 0 0 1
16 12 13 1 0 4 18 1 0 0 0 0 14 15 0 1 0 0 0 1 0 0 14 1 0 0 0 1 7 1 0 1 9 0 0 1 0 6 4 1 29 6 0 1 6 14 0 1 0 2 33 1 15 8 8 1 0 28 8 1 3 16 34 1 0 9 0 1 17 9 0 1 7 3 5 1 0 0 0 0 7 0 0 1 0 0 0 1 0 11 3 1 0 0 0 0 5 13 5 1 0 0 0 1 3 4 0 1 0 17 0 1 15 0 5 1 6 11 17 1 2 0 7 1 0 0 0 1 15 0 0 1 0 17 15 1 27 0 1 1 0 1 0 1 12 0 8 1 6 0 5 1 0 0 0 0 0 2 12 1 12 0 11 1 10 0 0 1 0 0 4 1 0 0 12 1 7 6 2 1 17 0 4 1 0 1 1 1 0 3 0 1 5 21 15 1 0 7 18 1 0 0 0 0 0 0 0 0 9 6 10 1 0 15 22 1 3 8 0 1 0 4 0 1 0 4 4 1 8 24 41 1 1 23 15 1 0 0 7 1 0 19 0 1 0 0 0 0 20 4 0 1
15 4 0 1 13 13 0 1 13 0 0 1 0 19 13 1 6 12 0 1 13 9 0 1 16 15 1 1 0 7 0 1 0 0 0 1 0 5 0 1 19 10 0 1 11 1 0 1 17 11 0 1 4 9 0 1 0 1 21 1 27 1 0 1 0 15 0 1 0 0 14 1 3 0 0 1 0 18 0 1 9 7 12 1 4 11 26 1 13 0 10 1 19 0 5 1 16 15 4 1 0 27 7 1 13 17 0 1 17 0 0 1 0 0 0 0 0 17 0 1 0 0 25 1 3 2 9 1 9 21 10 1 3 0 0 1 11 0 10 1 0 0 0 0 14 0 15 1 0 0 2 1 0 0 1 1 1 31 5 1 18 0 12 1 0 0 0 1 4 18 0 1 0 0 0 0 0 6 19 1 0 0 5 1 15 19 3 1 21 23 33 1 0 20 0 1 17 39 4 1 8 0 0 1 0 1 3 1 0 0 0 1 10 14 22 1 0 0 0 0 0 3 28 1 0 3 18 1 0 34 3 1 0 0 0 0 0 7 7 1 33 8 0 1 16 21 3 1 9 4 12 1
0 0 0 0 0 0 17 1 3 14 0 1 0 13 13 1 12 2 8 1 2 0 12 1 0 0 0 1 0 0 0 1 20 0 13 1 13 6 0 1 9 19 0 1 12 0 11 1 9 29 0 1 0 17 0 1 0 0 5 1 9 7 28 1 0 0 0 1 12 11 16 1 0 0 0 0 17 28 0 1 0 2 4 1 0 5 0 1 0 5 10 1 0 0 0 0 22 0 1 1 0 3 4 1 0 12 0 1 4 22 17 1 8 0 0 1 0 12 10 1 0 0 0 0 0 7 21 1 7 24 34 1 0 0 0 0 10 22 0 1 13 0 0 1 0 0 0 1 22 8 16 1 6 32 22 1 14 0 12 1 0 4 13 1 0 0 0 0 16 0 3 1 0 0 3 1 8 20 0 1 19 16 21 1 14 15 0 1 18 0 10 1 13 0 0 1 18 15 2 1 0 0 0 0 0 0 0 0 3 0 0 1 0 0 0 0 0 0 0 0 2 19 0 1 2 11 5 1 0 4 0 1 16 2 15 1 0 0 0 0 17 10 0 1 10 0 32 1 0 0 15 1
2 0 23 1 0 0 0 1 0 16 0 1 0 0 23 1 0 0 0 0 26 12 22 1 0 0 0 0 0 0 0 1 2 0 22 1 0 0 7 1 26 0 0 1 10 9 0 1 0 23 0 1 0 0 0 0 21 2 27 1 16 0 6 1 20 21 0 1 9 15 0 1 0 0 8 1 0 0 0 1 0 2 32 1 0 0 42 1 8 13 38 1 0 11 12 1 0 3 0 1 7 5 0 1 7 2 0 1 7 0 7 1 0 0 0 1 0 11 23 1 8 0 6 1 0 0 0 0 0 0 0 1 0 0 0 0 15 0 23 1 13 10 14 1 11 2 20 1 0 0 0 1 0 10 1 1 0 17 24 1 0 7 20 1 35 36 31 1 0 0 0 0 0 5 21 1 0 8 8 1 10 0 0 1 0 0 8 1 19 0 23 1 23 11 0 1 0 7 0 1 20 0 0 1 2 3 0 1 15 0 0 1 0 5 0 1 26 19 0 1 19 10 0 1 9 7 1 1 0 3 6 1 0 23 0 1 0 0 11 1 10 0 24 1 0 8 10 1 0 15 28 1
0 10 12 1 3 0 3 1 4 29 0 1 0 4 13 1 0 0 0 1 8 0 6 1 0 23 0 1 10 0 8 1 11 15 27 1 0 5 0 1 11 0 0 1 0 15 10 1 4 1 1 1 0 11 0 1 0 3 0 1 0 0 0 1 27 13 5 1 13 0 0 1 2 0 0 1 4 0 0 1 0 10 6 1 19 11 25 1 13 10 6 1 10 0 11 1 0 8 0 1 0 1 8 1 0 7 2 1 0 0 14 1 13 0 0 1 0 0 0 0 7 7 0 1 14 3 18 1 2 0 0 1 15 2 5 1 14 0 12 1 14 0 9 1 2 4 0 1 16 0 19 1 0 0 0 0 16 24 5 1 24 0 0 1 19 9 9 1 0 22 21 1 11 4 11 1 9 13 5 1 6 0 34 1 7 30 23 1 6 0 14 1 0 31 3 1 8 0 0 1 0 0 0 0 0 0 0 0 2 13 22 1 0 15 14 1 0 23 15 1 0 28 27 1 9 6 0 1 7 0 0 1 0 13 12 1 4 25 22 1 0 1 5 1 17 10 0 1 16 12 14 1
0 7 0 1 0 0 8 1 0 0 0 1 0 10 0 1 0 0 0 0 14 0 0 1 0 0 14 1 3 0 0 1 5 7 28 1 0 26 10 1 0 4 1 1 13 33 10 1 0 5 25 1 0 0 0 0 0 7 18 1 0 0 11 1 0 0 0 1 0 8 23 1 0 2 9 1 0 4 0 1 12 0 8 1 0 13 0 1 6 13 0 1 3 10 19 1 11 8 11 1 0 0 8 1 11 0 20 1 15 0 5 1 0 0 0 0 10 7 33 1 12 0 0 1 0 7 25 1 0 9 4 1 11 7 0 1 0 6 19 1 0 0 0 0 2 20 1 1 0 12 0 1 16 18 0 1 0 3 2 1 0 0 0 1 11 24 23 1 0 19 15 1 14 0 0 1 0 7 8 1 0 0 0 0 0 22 22 1 0 0 0 0 0 5 33 1 0 6 10 1 0 9 5 1 0 18 3 1 19 0 0 1 0 1 0 1 0 0 9 1 7 0 10 1 3 7 3 1 0 7 7 1 0 0 0 0 20 0 24 1 0 0 0 0 0 0 0 0 12 0 5 1
5 0 0 1 0 0 6 1 4 4 6 1 0 0 0 0 10 3 0 1 4 0 6 1 0 0 0 1 0 3 9 1 0 16 0 1 0 10 0 1 7 0 0 1 9 0 3 1 6 0 0 1 0 0 0 0 7 6 1 1 17 6 4 1 0 3 8 1 0 0 18 1 13 0 0 1 6 0 17 1 8 10 4 1 0 0 6 1 4 13 0 1 6 0 0 1 0 10 15 1 2 0 4 1 4 26 0 1 18 13 0 1 19 0 24 1 1 0 26 1 0 0 0 0 22 2 15 1 16 0 13 1 0 0 0 0 0 0 0 0 4 0 8 1 10 0 30 1 0 0 0 0 0 0 30 1 0 0 6 1 0 8 0 1 6 17 17 1 0 4 0 1 1 18 4 1 18 0 12 1 0 10 0 1 0 7 0 1 7 6 16 1 0 4 0 1 0 0 0 0 0 19 5 1 0 0 0 0 0 0 0 1 5 8 0 1 0 16 0 1 0 0 0 1 0 8 0 1 0 4 0 1 0 0 9 1 2 0 9 1 5 12 0 1 17 0 14 1 0 31 14 1
2 12 8 1 0 13 0 1 3 0 0 1 0 10 6 1 21 9 34 1 12 1 0 1 0 6 1 1 0 0 0 1 0 0 0 0 14 20 8 1 8 0 3 1 28 7 9 1 0 4 0 1 0 0 0 1 6 24 5 1 0 0 0 1 0 2 2 1 0 0 2 1 4 27 9 1 0 0 0 0 0 0 0 0 10 26 8 1 0 12 8 1 10 10 4 1 8 0 14 1 0 0 28 1 11 10 26 1 0 16 11 1 0 7 17 1 5 0 5 1 0 10 25 1 26 4 13 1 6 0 5 1 0 9 5 1 14 13 8 1 12 12 0 1 0 14 1 1 17 0 0 1 0 23 0 1 0 0 0 0 0 0 0 0 7 11 17 1 0 16 8 1 12 9 11 1 0 0 0 0 11 1 22 1 0 0 10 1 0 0 0 0 0 31 0 1 25 21 1 1 11 16 22 1 0 6 23 1 0 0 0 1 0 0 0 1 9 16 0 1 0 8 4 1 0 4 0 1 6 8 11 1 1 13 0 1 0 28 27 1 0 0 23 1 3 40 11 1 0 6 17 1
6 0 10 1 5 19 15 1 0 16 11 1 0 0 0 0 0 0 4 1 16 14 0 1 4 0 0 1 10 0 21 1 0 0 7 1 12 0 21 1 8 16 21 1 0 0 2 1 0 0 2 1 0 0 0 0 0 0 0 1 0 0 0 0 5 10 0 1 0 17 9 1 26 21 18 1 9 8 2 1 19 17 21 1 14 7 0 1 0 1 32 1 0 8 0 1 0 0 0 1 5 2 0 1 4 2 4 1 0 8 0 1 13 0 5 1 25 16 0 1 0 10 23 1 0 19 6 1 0 8 1 1 0 9 4 1 0 0 0 0 2 0 9 1 19 11 0 1 0 2 0 1 11 0 0 1 0 10 23 1 0 0 0 1 1 6 0 1 0 9 1 1 0 14 2 1 26 13 5 1 13 1 1 1 2 0 20 1 0 0 0 1 0 39 7 1 0 0 0 0 16 21 24 1 0 0 0 0 1 25 5 1 14 0 18 1 17 0 5 1 0 0 0 1 0 19 5 1 0 0 0 1 0 26 0 1 0 0 11 1 0 0 3 1 0 0 0 0 0 8 14 1
6 19 0 1 13 3 18 1 1 0 0 1 0 14 3 1 0 0 0 0 0 0 4 1 0 5 11 1 0 0 0 1 0 0 0 1 0 7 2 1 0 14 0 1 0 22 9 1 8 15 0 1 9 0 0 1 0 4 0 1 10 1 7 1 0 0 0 0 0 32 0 1 0 0 2 1 0 0 6 1 24 27 24 1 0 0 8 1 0 0 1 1 3 0 14 1 0 2 0 1 0 0 0 1 0 3 32 1 0 4 3 1 25 0 0 1 23 16 0 1 0 13 0 1 12 0 30 1 2 17 0 1 0 0 0 0 0 0 18 1 16 0 0 1 0 0 0 1 5 21 10 1 0 0 7 1 0 20 0 1 0 0 0 1 1 0 15 1 6 0 5 1 0 0 2 1 0 25 0 1 31 26 45 1 0 11 12 1 0 18 0 1 11 14 28 1 13 15 0 1 25 0 0 1 7 18 0 1 0 0 0 1 0 0 12 1 0 21 17 1 0 6 2 1 18 0 0 1 0 6 14 1 2 2 17 1 0 0 13 1 10 3 0 1 0 0 1 1 16 0 0 1
0 12 10 1 0 0 3 1 9 7 1 1 8 0 27 1 0 8 0 1 0 11 13 1 0 0 0 0 0 32 0 1 0 17 2 1 0 0 0 1 23 17 4 1 6 0 0 1 0 0 0 0 8 4 0 1 13 2 4 1 8 0 0 1 6 0 0 1 0 9 7 1 9 0 0 1 10 0 0 1 0 0 23 1 7 0 14 1 0 0 0 0 0 0 0 0 0 0 0 0 0 0 2 1 25 6 0 1 0 10 18 1 0 17 18 1 0 0 0 1 0 5 9 1 0 0 0 0 0 0 0 1 5 7 0 1 0 0 5 1 14 31 0 1 0 0 0 1 0 10 1 1 0 0 0 0 0 8 16 1 9 13 0 1 4 0 0 1 0 5 13 1 13 0 18 1 0 0 0 1 0 20 3 1 0 28 12 1 0 3 0 1 0 0 0 0 0 35 6 1 8 0 2 1 0 0 5 1 0 32 0 1 0 0 0 0 11 18 0 1 7 15 20 1 0 0 0 0 15 0 0 1 0 19 0 1 0 10 12 1 6 0 6 1 0 0 0 0 0 8 0 1
1 7 9 1 0 0 0 0 0 15 1 1 0 5 8 1 0 0 14 1 26 0 0 1 9 0 0 1 0 0 6 1 3 6 0 1 0 4 0 1 0 0 0 1 0 13 7 1 5 7 21 1 7 22 9 1 0 22 3 1 0 7 0 1 0 0 0 0 24 0 0 1 0 0 5 1 0 3 13 1 3 0 9 1 0 0 0 1 0 0 10 1 0 0 0 0 18 3 0 1 11 0 18 1 11 12 4 1 0 7 0 1 0 0 12 1 8 0 5 1 0 10 15 1 0 22 8 1 9 5 0 1 0 15 0 1 0 0 0 1 0 0 0 0 10 0 12 1 0 9 0 1 0 0 0 0 0 13 11 1 0 6 0 1 8 0 8 1 2 6 7 1 0 14 3 1 0 0 11 1 0 0 0 0 0 0 8 1 0 0 0 1 13 3 2 1 4 16 0 1 9 4 0 1 0 0 10 1 13 11 15 1 0 3 11 1 4 0 25 1 0 0 14 1 16 0 8 1 3 9 6 1 23 0 8 1 15 14 31 1 1 0 4 1 4 0 0 1 16 0 0 1
0 22 0 1 4 15 12 1 0 0 0 1 0 10 8 1 0 21 7 1 0 0 0 0 14 0 0 1 0 0 0 0 0 1 2 1 13 2 17 1 21 5 0 1 1 16 0 1 0 0 16 1 0 14 0 1 15 0 0 1 0 0 0 1 0 0 0 1 0 0 4 1 0 1 8 1 0 0 0 0 28 22 1 1 0 1 0 1 14 32 0 1 0 8 0 1 13 4 0 1 3 4 0 1 14 12 0 1 0 0 10 1 13 0 16 1 18 6 11 1 0 0 0 0 0 15 0 1 24 17 30 1 5 0 10 1 18 0 0 1 11 4 20 1 2 12 0 1 5 22 15 1 0 9 2 1 0 0 3 1 10 18 0 1 0 0 0 0 0 0 23 1 0 0 0 1 15 4 4 1 4 5 33 1 0 0 0 1 0 0 21 1 0 3 0 1 11 11 2 1 10 10 0 1 6 3 0 1 18 0 35 1 0 0 0 0 17 7 6 1 14 0 0 1 17 11 27 1 8 9 5 1 0 1 0 1 0 0 0 1 0 6 6 1 21 12 11 1 0 0 0 0
11 0 0 1 11 9 8 1 13 0 15 1 0 0 0 1 14 21 0 1 0 0 0 0 4 13 34 1 6 0 0 1 0 3 0 1 0 0 12 1 0 0 9 1 17 0 4 1 1 1 0 1 0 9 13 1 35 0 20 1 14 5 0 1 19 7 0 1 9 0 18 1 15 0 6 1 0 0 0 1 12 0 4 1 4 0 0 1 0 0 0 1 5 0 10 1 0 0 1 1 18 4 0 1 0 30 0 1 0 31 17 1 1 26 0 1 7 24 7 1 0 0 12 1 24 29 12 1 21 0 11 1 0 12 0 1 4 4 0 1 0 0 23 1 8 13 2 1 3 3 0 1 5 24 9 1 0 0 0 0 0 18 5 1 0 12 0 1 10 0 0 1 0 6 0 1 0 0 12 1 1 3 0 1 0 0 4 1 2 0 2 1 0 0 0 0 0 10 0 1 2 11 0 1 13 0 4 1 0 8 0 1 0 21 0 1 0 10 0 1 0 16 0 1 0 12 0 1 0 7 11 1 0 2 17 1 0 0 0 1 0 15 0 1 0 21 0 1 7 14 0 1
0 7 0 1 10 0 29 1 0 0 2 1 0 2 8 1 5 8 16 1 8 29 0 1 3 0 9 1 0 0 0 1 17 1 14 1 10 7 0 1 0 0 0 1 0 0 0 1 3 4 17 1 0 7 0 1 11 0 0 1 0 0 0 1 0 5 0 1 1 3 11 1 0 11 12 1 0 8 2 1 0 0 0 0 0 6 20 1 14 12 0 1 0 0 6 1 8 0 0 1 1 2 31 1 0 3 0 1 8 30 0 1 0 0 0 1 0 13 11 1 0 27 13 1 5 12 11 1 4 9 0 1 0 4 9 1 21 2 10 1 8 6 0 1 0 31 0 1 0 0 0 0 10 9 5 1 0 0 0 1 9 0 3 1 0 6 0 1 9 15 16 1 23 0 22 1 13 0 2 1 1 13 0 1 18 0 0 1 0 22 0 1 3 0 11 1 0 16 16 1 0 0 0 0 0 11 16 1 3 0 0 1 17 30 0 1 6 2 17 1 0 0 0 0 0 6 21 1 0 0 0 0 0 0 0 1 3 5 0 1 9 9 0 1 0 0 0 1 0 8 0 1
0 0 0 0 0 0 0 0 7 30 10 1 0 4 15 1 0 0 14 1 5 3 0 1 0 0 0 1 0 0 0 1 7 0 15 1 6 18 8 1 0 13 0 1 0 12 14 1 6 15 13 1 0 7 0 1 0 5 0 1 0 8 0 1 0 0 0 0 0 0 11 1 0 0 17 1 10 0 0 1 2 0 7 1 3 0 27 1 23 6 9 1 1 20 18 1 12 33 0 1 0 0 0 1 0 0 10 1 10 9 4 1 0 0 10 1 9 21 8 1 19 17 4 1 0 0 0 1 12 0 1 1 0 0 17 1 0 24 0 1 0 6 0 1 0 10 0 1 0 0 23 1 0 0 0 1 0 23 0 1 0 0 8 1 0 0 0 0 10 23 10 1 9 5 0 1 4 0 20 1 13 0 11 1 0 0 11 1 0 0 0 1 3 29 0 1 2 15 4 1 1 11 2 1 0 0 0 1 3 1 10 1 8 1 8 1 15 18 0 1 0 0 0 1 13 14 2 1 0 9 27 1 1 11 0 1 3 3 17 1 10 3 0 1 0 22 10 1 0 8 0 1
19 10 0 1 0 8 0 1 0 0 5 1 0 3 0 1 23 3 19 1 13 2 10 1 10 0 0 1 22 12 7 1 0 7 0 1 0 0 0 0 6 0 0 1 0 15 11 1 0 0 0 0 33 8 0 1 0 24 12 1 0 4 13 1 5 6 17 1 15 0 0 1 0 4 1 1 15 21 0 1 0 0 0 0 1 0 5 1 0 0 0 1 0 8 0 1 0 0 0 1 16 0 0 1 0 0 5 1 10 16 8 1 7 0 0 1 0 13 16 1 0 16 3 1 0 26 0 1 10 5 16 1 18 0 4 1 0 0 0 0 23 19 0 1 0 21 13 1 0 0 0 1 3 0 0 1 12 0 8 1 12 0 10 1 24 0 3 1 28 0 17 1 0 10 0 1 0 0 5 1 0 0 3 1 0 16 3 1 36 6 0 1 20 0 32 1 6 21 19 1 0 12 9 1 15 10 9 1 0 0 0 0 0 4 9 1 27 13 17 1 15 5 0 1 35 0 7 1 0 0 0 0 0 5 0 1 0 2 5 1 0 0 6 1 0 0 0 0 0 4 5 1
2 0 6 1 0 0 0 0 7 0 21 1 15 4 0 1 8 14 0 1 6 0 3 1 0 28 10 1 0 0 25 1 0 37 8 1 0 6 0 1 21 0 0 1 0 0 0 0 0 4 0 1 0 0 2 1 6 6 14 1 9 3 0 1 1 0 0 1 15 2 5 1 12 0 0 1 0 4 0 1 0 0 0 0 1 32 0 1 0 0 0 1 21 0 0 1 13 7 0 1 0 8 13 1 4 14 0 1 0 0 20 1 9 10 9 1 6 0 5 1 15 13 2 1 10 0 0 1 0 0 0 0 4 0 0 1 0 28 0 1 18 6 0 1 0 6 24 1 0 0 0 0 0 8 0 1 0 0 0 0 0 9 0 1 0 0 0 0 2 36 12 1 12 12 0 1 0 15 0 1 0 24 2 1 27 0 0 1 0 6 12 1 11 3 2 1 10 1 21 1 0 0 0 1 14 0 0 1 0 0 0 1 0 0 0 1 19 22 0 1 0 0 0 1 3 1 0 1 0 10 13 1 1 16 6 1 12 22 10 1 16 2 6 1 1 19 10 1 0 18 0 1
15 8 0 1 0 0 21 1 0 0 9 1 17 3 0 1 0 0 0 1 14 0 3 1 24 7 21 1 0 0 0 1 0 5 0 1 0 0 0 1 12 21 8 1 2 10 6 1 0 0 7 1 0 0 6 1 0 0 10 1 0 0 2 1 6 6 0 1 19 17 4 1 0 16 16 1 0 0 0 0 0 15 6 1 0 6 0 1 0 1 0 1 0 0 0 1 7 2 3 1 2 0 4 1 0 0 0 0 0 6 14 1 0 5 3 1 5 9 0 1 0 14 0 1 0 0 0 0 7 0 0 1 0 6 12 1 9 31 5 1 24 0 0 1 26 22 0 1 7 0 26 1 0 0 0 0 0 0 0 1 0 9 0 1 8 6 2 1 0 1 4 1 16 0 0 1 22 29 1 1 0 0 3 1 0 0 1 1 9 17 18 1 16 6 0 1 0 0 5 1 0 0 15 1 0 0 0 0 0 0 0 0 0 0 0 0 0 0 12 1 0 0 0 0 16 1 5 1 8 0 7 1 1 33 13 1 9 11 5 1 17 17 0 1 20 12 0 1 5 0 0 1
9 8 0 1 0 0 0 0 0 0 0 0 12 0 3 1 1 9 17 1 14 0 5 1 0 5 0 1 19 0 0 1 4 0 0 1 0 0 0 0 0 0 8 1 7 23 0 1 4 0 0 1 15 0 0 1 0 0 0 0 0 1 0 1 2 13 6 1 5 20 0 1 0 0 14 1 0 17 12 1 11 0 0 1 0 1 11 1 4 3 0 1 1 3 5 1 0 0 23 1 18 0 15 1 12 0 0 1 0 5 0 1 12 14 0 1 13 10 20 1 0 0 2 1 0 4 30 1 0 1 6 1 0 0 0 1 0 0 16 1 0 0 0 0 6 7 12 1 0 0 0 1 1 2 15 1 5 0 30 1 0 47 0 1 0 0 0 1 0 17 17 1 0 6 4 1 10 4 4 1 0 0 4 1 14 0 0 1 0 0 0 1 0 0 0 1 24 8 0 1 0 0 0 1 0 5 1 1 0 0 18 1 0 0 24 1 11 2 0 1 16 5 0 1 8 12 11 1 0 30 18 1 5 12 7 1 29 26 5 1 6 7 6 1 5 7 5 1 0 6 10 1
20 0 0 1 4 0 0 1 0 0 0 1 34 7 0 1 0 7 0 1 0 0 3 1 0 4 6 1 3 1 22 1 0 0 0 0 0 4 0 1 22 0 21 1 3 9 0 1 0 14 0 1 15 0 0 1 0 6 0 1 0 23 0 1 0 0 5 1 0 0 14 1 18 0 6 1 0 3 3 1 14 0 0 1 0 19 22 1 14 2 0 1 7 14 0 1 4 18 0 1 8 0 0 1 5 0 0 1 2 0 0 1 0 0 0 0 1 0 0 1 0 0 8 1 0 14 26 1 0 0 0 0 0 0 0 1 15 0 0 1 11 1 0 1 7 8 6 1 0 0 0 1 0 0 0 1 14 0 0 1 0 0 21 1 0 0 0 0 0 0 0 0 0 0 0 0 0 0 1 1 0 15 7 1 2 0 6 1 7 0 8 1 0 0 0 1 6 0 0 1 23 0 1 1 3 7 2 1 5 0 1 1 0 0 0 0 0 0 12 1 15 0 5 1 1 15 0 1 10 0 6 1 24 0 1 1 0 0 0 1 20 20 25 1 1 0 14 1 0 0 23 1
0 0 0 1 9 0 12 1 0 0 0 1 26 0 0 1 5 29 0 1 0 0 0 1 1 0 0 1 0 12 0 1 6 0 12 1 0 42 0 1 0 0 0 1 0 0 16 1 0 4 0 1 0 0 0 0 6 11 4 1 0 0 0 1 0 11 0 1 11 0 12 1 16 0 2 1 14 7 0 1 0 0 15 1 3 0 0 1 0 0 3 1 5 20 5 1 16 3 0 1 0 24 12 1 0 11 0 1 0 0 11 1 0 5 1 1 0 0 0 0 8 20 6 1 11 18 0 1 7 0 0 1 0 26 0 1 7 0 0 1 17 1 0 1 0 0 6 1 0 0 0 0 0 1 4 1 4 32 13 1 0 32 4 1 0 9 4 1 0 19 7 1 0 0 6 1 3 16 1 1 0 0 0 0 0 9 0 1 0 0 20 1 16 0 0 1 0 0 0 0 15 6 16 1 0 25 27 1 8 0 4 1 0 0 0 0 0 13 27 1 0 28 0 1 10 14 0 1 11 20 0 1 5 22 0 1 2 9 17 1 1 3 25 1 2 0 7 1 0 11 0 1
0 0 18 1 0 0 0 0 0 0 0 0 5 13 13 1 0 0 6 1 0 0 2 1 19 0 0 1 0 2 0 1 2 2 14 1 21 16 17 1 0 0 0 1 9 0 16 1 0 0 0 1 0 19 18 1 8 2 9 1 0 0 1 1 7 1 0 1 4 0 10 1 1 2 0 1 27 2 17 1 2 29 0 1 5 32 11 1 0 0 0 0 0 16 0 1 0 0 0 1 0 0 0 1 1 0 1 1 0 0 12 1 0 0 2 1 20 11 12 1 0 0 0 0 0 0 0 0 0 18 11 1 10 6 11 1 10 6 3 1 0 0 0 1 0 24 0 1 0 6 5 1 0 4 0 1 23 1 0 1 8 0 0 1 0 34 22 1 0 23 0 1 10 28 5 1 12 3 0 1 27 12 0 1 0 13 19 1 15 2 3 1 0 1 3 1 14 10 17 1 7 0 0 1 0 11 3 1 0 0 4 1 0 0 19 1 0 0 0 1 19 15 5 1 6 4 0 1 0 0 20 1 0 12 19 1 0 4 9 1 0 0 0 0 32 14 8 1 3 20 1 1
12 9 0 1 0 16 0 1 0 6 0 1 0 0 0 1 0 0 0 1 10 0 12 1 0 0 0 1 0 0 0 1 0 0 0 0 0 0 18 1 0 0 18 1 0 28 4 1 4 0 0 1 0 0 0 0 0 0 0 1 13 5 0 1 0 4 3 1 32 13 0 1 3 33 0 1 0 3 0 1 8 17 0 1 1 15 0 1 0 0 0 1 0 0 15 1 0 0 24 1 0 0 0 0 0 8 16 1 15 2 19 1 10 14 8 1 16 0 20 1 0 1 10 1 0 0 0 0 0 0 0 0 0 0 0 1 0 0 0 1 21 24 0 1 0 6 12 1 0 5 25 1 7 8 0 1 1 0 0 1 0 0 0 0 0 0 0 1 0 5 3 1 0 17 14 1 13 13 14 1 0 0 0 0 36 8 6 1 0 8 9 1 0 18 2 1 21 10 5 1 0 0 0 0 0 0 0 0 0 0 9 1 14 18 0 1 0 19 17 1 9 0 0 1 2 10 0 1 0 13 13 1 6 14 0 1 5 0 0 1 24 0 0 1 0 4 0 1 3 0 4 1
0 0 35 1 0 0 0 0 0 0 0 0 0 0 0 1 12 0 4 1 0 8 0 1 0 0 3 1 0 0 0 1 0 0 0 0 0 2 10 1 23 0 0 1 8 1 0 1 0 0 0 0 16 0 0 1 0 0 2 1 15 0 0 1 0 3 0 1 0 0 7 1 17 0 1 1 14 11 0 1 6 10 17 1 0 0 10 1 1 0 5 1 0 28 0 1 0 0 0 0 0 0 0 0 27 0 0 1 0 26 0 1 8 0 0 1 0 0 0 0 0 0 0 0 14 0 0 1 11 0 0 1 0 0 0 1 0 0 0 0 0 0 0 1 0 0 13 1 0 0 0 0 0 0 9 1 0 0 0 1 0 0 10 1 0 0 29 1 0 17 16 1 0 0 0 1 0 0 0 0 6 0 0 1 16 0 7 1 2 8 18 1 0 9 4 1 0 1 1 1 0 12 2 1 18 17 10 1 0 5 23 1 2 9 19 1 0 5 10 1 0 14 17 1 10 0 0 1 0 5 0 1 9 27 0 1 0 0 0 0 26 0 0 1 11 0 0 1 11 32 26 1
0 0 0 1 0 0 0 1 4 10 1 1 0 5 0 1 27 7 0 1 0 0 0 1 0 0 0 1 16 0 0 1 0 7 0 1 0 10 0 1 0 0 0 1 0 0 0 1 0 0 0 1 25 0 4 1 15 20 32 1 0 8 0 1 0 0 4 1 18 6 2 1 0 0 0 1 4 6 15 1 0 1 0 1 0 15 21 1 0 0 0 1 0 13 7 1 0 13 17 1 0 0 0 1 6 3 0 1 0 0 15 1 15 13 0 1 0 0 0 0 15 0 0 1 4 0 0 1 1 14 23 1 0 0 0 1 0 0 0 0 11 0 0 1 0 0 0 1 18 0 0 1 0 0 0 1 10 3 6 1 13 0 0 1 0 0 2 1 0 18 8 1 13 3 0 1 6 7 0 1 17 6 0 1 0 0 5 1 0 5 0 1 13 28 0 1 0 0 0 0 8 3 0 1 13 17 2 1 8 15 15 1 5 0 5 1 2 0 1 1 0 23 1 1 0 6 1 1 0 0 0 1 5 24 11 1 21 15 13 1 0 12 1 1 7 3 4 1 0 21 0 1
0 0 0 0 9 17 0 1 0 0 14 1 11 0 18 1 0 16 0 1 0 6 9 1 16 0 0 1 20 5 0 1 0 0 0 0 0 0 13 1 11 18 0 1 2 3 0 1 0 2 0 1 5 0 0 1 3 15 8 1 22 11 0 1 0 0 0 0 13 10 14 1 0 4 11 1 0 0 8 1 17 8 0 1 0 0 0 0 0 0 11 1 2 0 3 1 0 0 0 1 0 4 11 1 8 0 0 1 0 0 0 0 0 0 0 0 17 17 0 1 0 12 3 1 5 0 0 1 0 0 0 0 0 6 0 1 0 0 0 0 11 0 0 1 0 0 0 0 20 0 0 1 8 24 0 1 0 0 0 0 0 0 0 0 0 5 1 1 0 12 16 1 19 11 0 1 18 8 0 1 0 12 3 1 1 11 6 1 0 0 0 1 7 1 0 1 19 0 0 1 0 0 0 1 3 0 18 1 27 0 0 1 15 8 9 1 21 0 0 1 0 19 33 1 0 0 0 1 0 0 0 1 0 0 0 1 11 7 9 1 0 0 20 1 1 1 0 1 0 0 0 1
8 18 0 1 7 2 0 1 0 0 3 1 7 10 20 1 20 0 0 1 0 5 7 1 0 0 1 1 0 0 20 1 10 8 0 1 0 0 2 1 0 15 0 1 13 0 2 1 5 0 7 1 0 0 11 1 3 1 20 1 9 0 7 1 0 2 0 1 0 7 3 1 7 2 0 1 3 12 7 1 5 0 16 1 19 0 0 1 12 18 0 1 0 0 0 1 0 24 0 1 0 0 10 1 0 20 1 1 0 0 8 1 2 0 1 1 0 0 0 0 0 3 0 1 11 0 11 1 0 25 9 1 11 0 0 1 0 10 8 1 1 5 8 1 3 9 2 1 0 14 1 1 0 1 0 1 0 14 8 1 3 0 20 1 1 14 28 1 0 0 0 0 0 3 13 1 0 9 0 1 0 14 0 1 18 0 16 1 0 3 0 1 27 2 3 1 7 0 14 1 0 0 0 0 0 19 27 1 11 0 0 1 22 2 0 1 0 0 3 1 14 9 13 1 7 0 14 1 5 0 16 1 0 0 0 0 0 0 0 0 0 0 18 1 0 11 3 1 0 0 17 1
0 15 3 1 3 18 0 1 22 3 0 1 14 1 0 1 0 0 0 1 3 0 0 1 0 19 0 1 9 0 0 1 0 0 2 1 2 25 0 1 40 4 0 1 0 0 0 0 0 17 0 1 0 0 18 1 9 8 0 1 0 33 14 1 0 0 0 0 9 2 0 1 0 0 0 1 10 0 27 1 0 5 0 1 0 19 0 1 0 0 0 0 13 0 0 1 0 10 4 1 16 1 8 1 0 5 0 1 25 0 14 1 0 0 32 1 0 0 0 0 0 0 0 1 0 0 2 1 0 8 0 1 0 5 0 1 17 9 0 1 11 4 9 1 0 8 24 1 0 17 0 1 0 0 0 1 0 0 0 0 11 4 0 1 0 0 3 1 0 5 0 1 12 0 0 1 0 6 11 1 7 0 14 1 0 0 0 1 0 3 18 1 0 0 23 1 4 0 1 1 0 6 0 1 6 10 10 1 0 2 11 1 0 0 0 0 15 0 0 1 0 9 10 1 8 25 6 1 0 0 9 1 0 23 3 1 25 12 0 1 0 18 0 1 0 0 0 1 1 14 0 1
0 25 0 1 21 0 0 1 13 0 17 1 0 0 0 0 15 0 0 1 0 20 0 1 0 0 0 1 21 13 0 1 1 0 0 1 0 13 0 1 0 0 0 1 0 9 0 1 0 0 0 1 14 5 11 1 0 0 13 1 0 8 19 1 0 2 0 1 0 8 20 1 31 0 0 1 3 11 0 1 8 0 0 1 0 0 0 1 1 9 1 1 0 6 0 1 0 0 2 1 0 0 0 1 5 32 12 1 10 0 0 1 0 1 0 1 14 0 18 1 0 0 8 1 0 0 27 1 10 0 15 1 0 12 0 1 0 9 0 1 2 19 0 1 4 0 13 1 0 0 1 1 11 1 11 1 1 15 0 1 0 0 0 0 4 5 18 1 20 0 0 1 8 34 15 1 0 24 8 1 0 3 7 1 18 7 8 1 0 7 4 1 0 0 0 1 0 0 32 1 5 3 16 1 14 7 0 1 0 14 19 1 0 2 0 1 3 0 1 1 21 0 0 1 14 4 0 1 0 0 0 0 8 0 10 1 0 0 0 1 16 0 6 1 7 0 0 1 0 0 11 1
0 0 0 0 0 0 0 1 5 9 2 1 0 2 0 1 21 0 0 1 0 0 0 0 0 10 4 1 11 0 0 1 0 2 0 1 0 0 5 1 0 0 13 1 5 0 10 1 0 0 3 1 3 0 8 1 8 32 0 1 0 0 6 1 0 4 5 1 0 6 0 1 6 1 0 1 0 0 0 1 0 0 9 1 0 0 1 1 4 0 4 1 0 0 0 1 0 4 9 1 0 23 0 1 6 6 5 1 0 0 9 1 8 1 0 1 5 5 0 1 1 3 2 1 0 0 0 0 13 0 0 1 0 17 5 1 0 0 0 0 6 0 0 1 0 0 0 0 4 0 5 1 19 0 1 1 28 0 26 1 2 9 27 1 14 25 9 1 0 0 0 0 0 0 12 1 14 7 15 1 0 0 0 1 2 11 0 1 26 12 0 1 20 14 0 1 9 31 5 1 0 0 0 0 0 0 0 1 3 0 12 1 0 9 27 1 0 0 0 1 0 11 0 1 1 22 5 1 20 0 6 1 10 0 4 1 17 9 11 1 18 0 0 1 0 0 3 1 0 21 16 1
6 0 0 1 1 0 0 1 6 38 20 1 3 2 0 1 0 0 19 1 0 3 0 1 0 0 0 1 0 29 2 1 1 0 7 1 0 10 2 1 0 0 5 1 0 25 0 1 0 0 0 1 1 0 17 1 0 0 21 1 0 0 0 1 2 7 8 1 0 0 0 1 7 17 30 1 34 9 0 1 0 0 0 1 2 22 7 1 0 8 24 1 0 9 0 1 0 3 15 1 6 0 1 1 5 0 9 1 0 0 0 0 0 18 6 1 0 3 16 1 7 1 0 1 0 7 1 1 2 0 0 1 0 0 13 1 34 10 13 1 33 0 14 1 0 23 6 1 0 13 26 1 8 7 6 1 13 0 6 1 0 0 21 1 0 0 0 0 10 0 15 1 0 0 0 0 0 0 0 0 0 0 0 1 4 21 0 1 0 3 14 1 10 0 0 1 23 2 0 1 0 0 5 1 3 16 3 1 0 21 0 1 0 0 0 1 6 8 8 1 18 13 22 1 0 7 0 1 0 17 2 1 0 28 3 1 0 0 0 0 11 0 0 1 0 0 23 1 0 0 0 1
0 0 0 1 10 0 0 1 5 4 0 1 0 0 1 1 0 0 0 1 1 0 0 1 8 0 0 1 6 0 0 1 0 3 22 1 0 25 0 1 0 12 0 1 0 0 1 1 11 7 3 1 0 0 0 0 26 0 2 1 16 4 33 1 0 6 0 1 0 7 5 1 5 27 17 1 0 0 0 0 0 0 0 1 0 20 0 1 0 31 21 1 7 2 0 1 0 0 0 1 0 21 0 1 11 1 27 1 19 16 0 1 0 0 0 0 2 19 0 1 0 0 10 1 0 1 0 1 0 0 0 1 0 0 0 1 0 0 0 1 21 0 0 1 33 12 5 1 0 0 0 0 0 7 17 1 13 4 22 1 4 22 25 1 36 16 0 1 0 9 8 1 0 25 0 1 0 0 0 0 2 0 1 1 27 12 0 1 0 10 34 1 0 18 3 1 2 7 1 1 8 0 0 1 22 9 0 1 2 0 17 1 0 0 2 1 19 9 0 1 14 14 0 1 0 0 0 0 0 1 0 1 0 24 0 1 13 34 0 1 14 23 20 1 23 1 4 1 4 0 0 1
0 0 0 0 26 2 0 1 7 2 8 1 26 0 12 1 13 0 0 1 0 0 1 1 0 13 0 1 0 14 22 1 12 0 13 1 0 30 0 1 16 9 0 1 0 0 2 1 0 12 14 1 0 4 0 1 0 2 2 1 14 0 9 1 0 14 0 1 6 20 29 1 0 0 0 1 0 8 8 1 0 18 5 1 0 0 0 0 0 0 1 1 0 0 0 0 23 0 0 1 0 8 0 1 0 0 10 1 15 7 0 1 5 0 0 1 0 13 0 1 3 0 0 1 0 0 0 0 17 17 0 1 3 0 0 1 2 0 12 1 7 6 0 1 0 0 0 0 0 17 13 1 0 3 0 1 0 7 0 1 0 0 0 1 17 0 2 1 1 0 0 1 11 5 7 1 0 17 5 1 0 8 0 1 0 0 0 0 1 4 0 1 18 0 22 1 7 0 12 1 0 20 6 1 0 5 0 1 0 2 0 1 1 1 0 1 6 0 0 1 0 0 21 1 1 0 16 1 1 5 0 1 5 22 2 1 0 30 3 1 0 0 0 1 0 2 11 1 14 0 20 1