3
2005 382 101 71
0 32 89 1 1 53 76 1 25 62 62 1 28 51 76 1 29 58 71 1 1 40 66 1 0 39 69 1 22 40 68 1 6 59 57 1 0 0 0 0 14 28 60 1 24 68 52 1 26 51 84 1 27 32 69 1 17 56 82 1 1 42 66 1 7 39 67 1 15 25 75 1 9 47 76 1 32 43 67 1 13 33 84 1 19 38 73 1 6 60 79 1 0 38 76 1 13 70 76 1 17 54 81 1 28 58 76 1 8 59 69 1 30 49 56 1 0 23 92 1 0 53 78 1 23 41 77 1 35 38 95 1 33 47 91 1 12 33 71 1 0 36 55 1 17 24 64 1 17 41 85 1 5 30 77 1 6 20 65 1 10 48 49 1 17 56 63 1 17 34 71 1 0 52 92 1 11 40 86 1 6 41 88 1 0 57 86 1 4 44 82 1 9 62 79 1 4 54 55 1 8 57 60 1 12 70 76 1 21 33 84 1 6 48 97 1 0 35 94 1 15 68 83 1 11 68 84 1 2 46 80 1 33 54 89 1 1 68 97 1 37 32 105 1 14 57 65 1 24 82 85 1 0 60 96 1 0 0 0 0 10 67 87 1 24 50 79 1 0 0 0 0 5 39 68 1 11 60 86 1 3 66 105 1
6 50 95 1 3 56 83 1 0 0 0 0 26 47 77 1 17 25 71 1 24 30 55 1 20 43 82 1 0 0 0 0 32 33 72 1 30 41 66 1 18 28 75 1 34 29 71 1 33 46 69 1 0 44 65 1 0 0 0 0 7 51 59 1 11 29 75 1 18 31 74 1 22 49 88 1 8 41 57 1 35 52 87 1 12 35 101 1 24 53 78 1 17 82 109 1 2 29 67 1 0 32 66 1 10 47 48 1 18 51 59 1 16 43 72 1 37 37 96 1 13 64 54 1 32 54 57 1 8 42 63 1 9 51 92 1 3 36 70 1 22 38 113 1 31 54 104 1 16 64 79 1 23 42 80 1 14 54 68 1 16 39 78 1 3 59 53 1 24 38 79 1 23 46 80 1 0 0 0 0 13 41 88 1 14 54 75 1 5 58 73 1 27 53 76 1 30 64 55 1 18 65 63 1 26 60 64 1 12 70 57 1 33 67 55 1 12 58 89 1 42 87 77 1 22 49 95 1 26 59 78 1 14 28 74 1 24 40 84 1 43 61 77 1 9 37 96 1 11 45 98 1 10 45 100 1 0 57 95 1 18 52 103 1 25 46 99 1 24 58 99 1 12 34 94 1 3 61 92 1 15 54 78 1
40 44 85 1 13 39 91 1 45 47 34 1 17 30 65 1 25 95 81 1 5 47 72 1 0 29 45 1 7 60 41 1 0 0 0 0 46 57 66 1 9 42 45 1 36 60 50 1 21 22 89 1 26 37 68 1 10 34 53 1 0 0 0 0 12 51 73 1 0 0 0 0 18 59 79 1 7 36 67 1 11 39 94 1 24 19 76 1 33 56 65 1 1 41 98 1 15 49 62 1 21 43 75 1 8 60 63 1 28 58 53 1 12 56 82 1 8 47 91 1 16 39 64 1 0 34 60 1 23 40 58 1 10 49 72 1 0 40 91 1 3 60 62 1 2 51 58 1 0 41 82 1 22 67 49 1 0 69 60 1 24 37 57 1 13 51 81 1 32 36 89 1 0 0 0 0 17 61 87 1 4 29 113 1 0 0 0 0 27 55 77 1 5 56 80 1 32 53 54 1 33 47 70 1 13 50 73 1 31 50 92 1 13 68 89 1 14 47 95 1 2 41 95 1 35 54 70 1 32 49 76 1 0 0 0 0 22 46 93 1 15 55 87 1 24 43 70 1 21 52 84 1 7 62 82 1 0 46 103 1 52 45 99 1 7 33 115 1 25 49 106 1 0 62 109 1 34 64 84 1 15 64 87 1
0 55 74 1 0 52 89 1 24 65 81 1 14 65 70 1 13 47 64 1 1 36 54 1 6 40 80 1 0 0 0 0 21 64 75 1 0 0 0 0 0 0 0 0 0 0 0 0 8 12 71 1 8 49 71 1 15 44 86 1 11 18 71 1 25 49 86 1 0 0 0 0 0 0 0 0 0 49 68 1 0 23 78 1 0 59 89 1 20 62 76 1 0 35 63 1 32 48 76 1 0 47 73 1 53 53 93 1 41 52 80 1 38 54 89 1 16 38 73 1 0 0 0 0 20 69 62 1 33 44 96 1 20 68 59 1 0 0 0 0 22 48 76 1 0 0 0 0 28 52 86 1 36 44 63 1 13 59 100 1 27 46 95 1 16 62 84 1 35 66 94 1 0 59 102 1 27 46 88 1 31 28 67 1 12 52 60 1 4 56 71 1 15 55 61 1 17 55 57 1 25 36 69 1 0 50 90 1 29 51 46 1 0 55 83 1 0 0 0 0 41 43 66 1 18 59 72 1 0 0 0 0 0 0 0 0 17 28 55 1 11 56 86 1 0 60 85 1 19 45 70 1 17 78 78 1 21 62 90 1 7 64 75 1 0 38 68 1 27 31 85 1 0 62 92 1 0 55 76 1 28 51 86 1
17 42 111 1 18 53 75 1 14 61 70 1 6 40 72 1 0 0 0 0 32 41 87 1 25 48 72 1 31 61 76 1 30 51 71 1 7 34 62 1 0 0 0 0 27 49 60 1 20 43 87 1 0 0 0 0 2 43 76 1 13 33 88 1 17 47 68 1 3 33 87 1 8 33 81 1 30 37 76 1 17 68 87 1 0 52 92 1 0 53 87 1 0 0 0 0 15 66 96 1 30 23 72 1 0 23 77 1 35 49 60 1 4 38 72 1 23 31 64 1 8 40 88 1 0 0 0 0 7 40 83 1 29 55 51 1 22 55 64 1 0 47 58 1 1 50 66 1 26 46 79 1 0 0 0 0 0 43 78 1 0 39 91 1 0 30 92 1 7 22 84 1 0 0 0 0 27 46 78 1 6 35 78 1 15 50 89 1 0 0 0 0 3 29 83 1 35 68 86 1 0 0 0 0 17 72 66 1 16 64 38 1 11 60 56 1 21 50 64 1 21 29 86 1 27 42 65 1 15 62 59 1 27 38 79 1 15 57 79 1 26 56 68 1 3 55 93 1 20 39 73 1 14 71 89 1 26 52 60 1 28 39 69 1 1 46 80 1 16 66 95 1 8 58 84 1 34 61 94 1 19 76 82 1
0 0 0 0 16 64 95 1 12 32 92 1 23 70 76 1 25 41 39 1 25 52 86 1 42 53 89 1 0 0 0 0 6 58 76 1 41 45 58 1 0 0 0 0 21 52 79 1 40 38 79 1 1 46 79 1 0 0 0 0 4 61 82 1 27 87 55 1 9 75 106 1 6 49 71 1 13 59 109 1 14 58 70 1 0 0 0 0 10 47 72 1 0 0 0 0 6 59 88 1 23 45 70 1 27 30 60 1 0 47 80 1 0 0 0 0 24 51 97 1 22 50 87 1 16 56 56 1 0 23 69 1 25 25 55 1 6 54 78 1 7 44 78 1 22 50 61 1 10 69 71 1 12 40 72 1 15 70 71 1 14 60 79 1 30 43 76 1 27 48 87 1 21 65 61 1 30 48 61 1 3 17 87 1 18 45 83 1 15 52 85 1 10 34 80 1 37 47 95 1 0 49 76 1 5 51 97 1 0 57 58 1 30 50 80 1 8 56 80 1 21 38 66 1 21 52 83 1 17 49 71 1 18 77 77 1 20 55 66 1 8 52 87 1 37 43 80 1 30 59 80 1 0 59 87 1 16 49 77 1 25 51 75 1 27 52 92 1 12 45 83 1 24 73 99 1 26 50 93 1 15 66 75 1
31 99 134 1 31 66 108 1 28 78 83 1 20 74 67 1 20 85 112 1 31 78 114 1 22 57 100 1 28 58 71 1 43 34 60 1 16 66 99 1 6 42 72 1 5 34 85 1 0 39 99 1 27 60 80 1 10 35 92 1 0 39 72 1 12 41 65 1 2 46 64 1 10 39 54 1 5 43 90 1 26 22 62 1 35 64 61 1 39 49 96 1 20 44 74 1 0 62 84 1 22 46 90 1 10 36 65 1 29 49 56 1 30 52 85 1 24 50 86 1 5 60 88 1 33 57 77 1 23 57 74 1 0 47 91 1 11 31 46 1 16 41 77 1 2 53 63 1 8 26 70 1 27 32 73 1 19 27 87 1 0 0 0 0 0 45 72 1 0 50 72 1 13 49 96 1 35 17 85 1 2 54 108 1 0 54 101 1 16 60 82 1 10 56 80 1 20 46 82 1 3 58 75 1 32 32 64 1 29 40 83 1 26 41 88 1 2 37 79 1 0 0 0 0 19 37 49 1 0 0 0 0 31 63 92 1 40 38 102 1 45 44 93 1 37 59 78 1 11 40 71 1 40 76 95 1 29 57 87 1 31 46 76 1 6 49 88 1 36 64 80 1 26 56 94 1 0 0 0 0 10 60 98 1
30 93 114 1 0 0 0 0 44 84 105 1 26 63 112 1 21 60 103 1 37 59 101 1 0 0 0 0 45 52 98 1 21 67 66 1 0 0 0 0 0 0 0 0 24 69 87 1 21 25 90 1 14 56 59 1 0 17 69 1 0 0 0 0 0 37 88 1 4 52 77 1 0 0 0 0 0 57 76 1 11 2 91 1 2 37 75 1 17 28 60 1 11 30 96 1 0 52 53 1 0 47 102 1 11 57 70 1 24 58 68 1 0 0 0 0 22 53 68 1 0 0 0 0 39 54 87 1 8 66 66 1 18 29 62 1 0 0 0 0 10 66 67 1 0 0 0 0 8 56 64 1 0 47 60 1 5 50 66 1 0 0 0 0 18 34 67 1 36 39 87 1 0 0 0 0 7 71 90 1 27 42 92 1 34 50 101 1 3 40 99 1 35 43 77 1 13 74 81 1 30 54 56 1 36 44 83 1 41 58 79 1 39 58 103 1 5 49 101 1 37 56 81 1 9 51 69 1 0 74 102 1 0 0 0 0 43 52 95 1 29 64 112 1 16 47 95 1 16 69 81 1 40 49 81 1 14 51 82 1 19 51 93 1 39 56 79 1 9 58 96 1 0 34 77 1 30 49 55 1 20 66 95 1
28 78 125 1 62 66 120 1 34 95 81 1 0 0 0 0 53 69 63 1 0 58 75 1 16 50 85 1 24 36 62 1 25 51 72 1 0 0 0 0 0 0 0 0 8 47 99 1 27 48 75 1 20 54 82 1 47 46 76 1 0 0 0 0 0 63 82 1 27 50 82 1 0 47 100 1 38 39 92 1 6 42 68 1 14 45 60 1 0 10 71 1 31 51 83 1 18 43 46 1 13 36 98 1 0 52 76 1 0 0 0 0 4 68 96 1 25 31 84 1 14 45 64 1 13 50 60 1 17 48 79 1 33 6 44 1 8 58 52 1 3 60 81 1 4 43 59 1 0 0 0 0 28 67 64 1 21 39 81 1 0 0 0 0 4 54 80 1 21 67 90 1 23 35 105 1 38 45 87 1 43 38 90 1 33 64 99 1 29 27 70 1 0 0 0 0 7 48 108 1 0 49 79 1 24 47 86 1 12 65 85 1 17 66 92 1 26 30 82 1 0 63 107 1 24 53 78 1 34 41 113 1 19 47 97 1 0 29 73 1 0 42 103 1 0 0 0 0 22 36 96 1 30 66 102 1 9 43 85 1 0 29 97 1 20 43 107 1 0 0 0 0 26 70 92 1 30 63 83 1 23 36 89 1
55 94 116 1 50 107 110 1 0 66 119 1 13 69 73 1 0 45 110 1 31 45 83 1 18 32 84 1 24 44 71 1 18 43 57 1 26 55 88 1 21 49 102 1 5 55 100 1 0 0 0 0 25 57 71 1 0 52 66 1 22 57 78 1 0 0 0 0 32 52 93 1 21 51 86 1 6 37 74 1 17 53 66 1 19 43 69 1 9 6 61 1 14 40 75 1 11 50 95 1 3 52 53 1 20 63 83 1 0 0 0 0 36 34 75 1 12 22 75 1 21 58 59 1 9 45 65 1 12 40 65 1 10 54 88 1 35 42 55 1 2 27 65 1 20 47 84 1 14 51 90 1 12 65 63 1 8 40 55 1 10 65 73 1 9 51 100 1 0 43 81 1 25 45 84 1 30 50 63 1 9 55 90 1 0 0 0 0 5 42 101 1 38 44 80 1 8 34 69 1 30 58 71 1 48 50 98 1 27 43 87 1 47 39 80 1 13 45 70 1 42 40 81 1 13 59 100 1 28 79 109 1 3 41 83 1 11 55 88 1 0 34 92 1 0 0 0 0 0 76 65 1 30 34 63 1 6 62 103 1 17 62 94 1 26 70 74 1 41 52 55 1 7 71 75 1 0 40 102 1 22 40 54 1
67 90 127 1 26 68 76 1 40 66 68 1 6 40 69 1 0 0 0 0 0 66 69 1 0 49 72 1 0 0 0 0 41 62 78 1 30 50 76 1 0 0 0 0 0 57 70 1 24 46 89 1 36 49 66 1 31 42 91 1 10 54 78 1 0 0 0 0 17 61 82 1 42 41 41 1 20 49 67 1 5 60 91 1 0 50 80 1 28 26 66 1 23 29 91 1 0 0 0 0 3 28 70 1 34 55 56 1 0 0 0 0 12 33 102 1 31 15 92 1 17 34 75 1 17 34 75 1 27 52 54 1 20 48 70 1 6 40 53 1 28 54 89 1 11 56 75 1 8 53 91 1 18 66 74 1 9 55 81 1 0 33 91 1 17 28 85 1 3 62 107 1 2 51 69 1 16 54 71 1 17 62 83 1 22 58 86 1 21 37 82 1 17 39 99 1 7 63 103 1 22 62 70 1 8 30 57 1 16 62 90 1 0 0 0 0 26 58 71 1 0 0 0 0 9 51 98 1 19 56 72 1 43 31 95 1 0 0 0 0 12 70 76 1 27 51 96 1 16 41 94 1 0 58 108 1 0 0 0 0 18 40 71 1 30 53 90 1 28 43 100 1 0 34 64 1 26 50 74 1 16 49 78 1
32 49 72 1 26 37 90 1 44 42 80 1 11 50 60 1 27 41 42 1 13 52 38 1 23 61 79 1 21 69 72 1 40 56 90 1 10 38 81 1 37 46 68 1 25 54 82 1 16 32 77 1 20 30 75 1 24 69 76 1 32 36 88 1 34 64 97 1 26 49 84 1 23 69 62 1 22 57 70 1 15 27 68 1 0 0 0 0 4 52 62 1 2 44 56 1 11 56 60 1 0 38 72 1 0 0 0 0 53 52 82 1 17 40 97 1 10 51 83 1 25 45 74 1 0 54 51 1 20 58 79 1 6 32 99 1 17 58 64 1 12 55 99 1 0 0 0 0 25 49 72 1 0 70 66 1 16 56 64 1 13 57 92 1 0 0 0 0 24 45 73 1 17 53 86 1 8 50 77 1 0 0 0 0 0 32 95 1 18 33 69 1 19 57 104 1 44 41 81 1 0 0 0 0 0 52 81 1 19 57 84 1 11 58 98 1 13 44 90 1 0 0 0 0 1 41 86 1 0 0 0 0 44 63 74 1 28 40 65 1 27 31 84 1 31 55 64 1 28 75 64 1 10 46 93 1 4 55 57 1 32 57 81 1 0 63 108 1 14 54 85 1 24 32 74 1 42 59 70 1 39 51 77 1
25 46 65 1 20 61 46 1 17 52 91 1 16 18 63 1 6 57 50 1 22 46 67 1 30 74 62 1 5 58 77 1 26 73 107 1 1 60 78 1 37 26 76 1 17 35 91 1 1 55 74 1 1 56 79 1 5 57 83 1 15 34 84 1 33 61 89 1 22 37 98 1 0 0 0 0 25 51 64 1 18 45 83 1 0 0 0 0 0 67 63 1 0 65 63 1 22 49 78 1 21 56 77 1 0 0 0 0 8 32 84 1 2 66 72 1 0 0 0 0 17 54 78 1 0 67 94 1 14 36 45 1 5 55 83 1 7 80 74 1 4 72 84 1 6 44 89 1 16 83 63 1 7 51 85 1 0 0 0 0 23 35 87 1 20 46 113 1 0 62 107 1 24 48 97 1 21 55 93 1 0 38 99 1 11 44 71 1 0 0 0 0 18 28 93 1 38 57 93 1 18 63 80 1 9 65 65 1 30 39 82 1 30 40 88 1 26 47 91 1 38 39 68 1 19 64 81 1 0 49 84 1 26 48 113 1 0 53 84 1 22 30 100 1 4 39 83 1 15 58 81 1 28 79 105 1 0 0 0 0 45 50 111 1 45 69 111 1 21 70 97 1 15 61 100 1 0 0 0 0 23 42 50 1
11 39 73 1 38 66 72 1 20 80 90 1 16 52 51 1 39 63 80 1 11 51 57 1 28 69 60 1 64 63 74 1 39 46 115 1 10 51 95 1 16 38 92 1 19 53 50 1 2 41 71 1 30 67 91 1 27 44 81 1 17 52 76 1 0 0 0 0 4 42 112 1 11 29 99 1 9 51 94 1 18 58 71 1 0 0 0 0 12 44 83 1 0 40 71 1 8 46 79 1 0 44 102 1 0 44 68 1 9 46 98 1 22 33 82 1 0 0 0 0 15 41 71 1 0 36 70 1 14 27 72 1 0 42 68 1 1 37 90 1 0 56 92 1 12 62 96 1 0 0 0 0 10 64 86 1 15 37 93 1 5 50 62 1 33 45 71 1 9 39 94 1 27 61 78 1 4 48 98 1 3 48 59 1 38 66 86 1 18 36 84 1 0 0 0 0 12 49 83 1 25 52 82 1 26 71 76 1 37 50 73 1 19 55 94 1 20 42 66 1 32 54 98 1 11 78 74 1 9 55 104 1 32 55 87 1 18 63 119 1 0 0 0 0 13 40 92 1 15 47 82 1 22 72 84 1 19 55 111 1 20 71 63 1 34 62 95 1 0 62 103 1 6 55 104 1 10 49 93 1 0 0 0 0
5 39 69 1 29 41 56 1 29 38 61 1 7 41 68 1 14 33 59 1 24 61 56 1 39 43 78 1 15 78 102 1 21 62 73 1 30 45 87 1 22 59 71 1 15 48 93 1 15 68 72 1 18 65 77 1 5 37 77 1 21 51 97 1 15 34 105 1 15 73 76 1 25 38 67 1 19 70 75 1 0 48 62 1 9 47 80 1 0 63 105 1 7 24 93 1 0 56 90 1 0 0 0 0 6 28 79 1 7 42 82 1 21 60 77 1 48 65 77 1 1 49 75 1 5 39 75 1 23 40 65 1 10 16 86 1 9 58 76 1 10 38 83 1 0 51 92 1 0 51 73 1 20 76 88 1 29 69 97 1 14 55 83 1 0 52 84 1 0 37 93 1 18 34 114 1 11 52 83 1 0 0 0 0 0 48 82 1 22 59 82 1 14 46 73 1 0 0 0 0 17 47 81 1 2 42 75 1 1 75 78 1 20 41 81 1 15 71 113 1 44 69 70 1 19 77 94 1 26 42 101 1 0 0 0 0 17 44 102 1 0 0 0 0 0 50 100 1 17 44 81 1 12 48 113 1 17 23 101 1 5 61 92 1 8 30 70 1 15 56 88 1 0 0 0 0 19 30 72 1 52 46 63 1
21 52 97 1 79 116 130 1 0 0 0 0 14 74 91 1 39 22 78 1 23 38 87 1 29 53 65 1 55 60 106 1 20 46 58 1 17 62 83 1 31 38 80 1 17 40 104 1 11 28 82 1 3 45 82 1 38 69 88 1 0 36 71 1 4 51 85 1 18 32 65 1 17 41 81 1 18 48 74 1 29 50 84 1 8 39 77 1 0 0 0 0 0 20 68 1 1 37 77 1 13 52 76 1 13 24 71 1 18 65 80 1 6 57 59 1 14 56 60 1 10 46 89 1 0 44 101 1 23 76 79 1 0 0 0 0 0 50 92 1 8 47 79 1 8 38 56 1 26 30 72 1 0 0 0 0 0 0 0 0 0 0 0 0 27 34 70 1 1 24 91 1 1 45 66 1 0 38 83 1 21 46 88 1 22 44 118 1 42 72 92 1 17 48 104 1 4 39 102 1 12 36 105 1 34 36 85 1 0 0 0 0 0 48 86 1 9 71 65 1 11 49 106 1 34 53 56 1 27 63 77 1 0 0 0 0 22 54 95 1 17 71 71 1 17 45 84 1 14 58 79 1 19 40 87 1 30 55 101 1 24 81 68 1 0 0 0 0 0 0 0 0 43 59 75 1 33 41 58 1 31 49 70 1
62 88 109 1 0 0 0 0 0 0 0 0 6 55 85 1 8 54 81 1 30 53 87 1 14 46 93 1 26 45 84 1 28 54 89 1 18 68 90 1 21 49 58 1 28 38 77 1 0 0 0 0 26 56 73 1 12 86 62 1 1 74 99 1 18 76 55 1 18 52 84 1 3 57 77 1 12 41 67 1 27 41 96 1 8 50 103 1 16 29 70 1 14 50 73 1 33 52 70 1 1 40 77 1 0 71 91 1 0 0 0 0 7 36 103 1 4 70 75 1 2 35 90 1 10 70 78 1 23 56 73 1 19 45 71 1 18 66 101 1 23 49 81 1 18 52 84 1 6 49 92 1 13 36 105 1 15 33 108 1 9 52 67 1 52 44 91 1 7 40 98 1 1 50 52 1 8 54 106 1 24 61 84 1 27 55 75 1 21 56 100 1 24 45 85 1 3 53 101 1 1 52 72 1 32 79 79 1 27 59 100 1 0 59 87 1 3 42 91 1 0 0 0 0 28 54 100 1 12 59 75 1 0 0 0 0 0 58 97 1 13 56 70 1 0 71 102 1 12 44 88 1 0 0 0 0 29 53 100 1 22 67 88 1 36 64 100 1 8 73 92 1 43 52 59 1 30 51 80 1 54 57 56 1
23 49 43 1 0 0 0 0 43 40 52 1 11 50 73 1 27 48 72 1 0 0 0 0 33 55 86 1 0 48 76 1 27 41 67 1 15 52 71 1 42 26 84 1 40 45 77 1 0 55 113 1 12 44 86 1 31 46 85 1 0 0 0 0 14 76 97 1 10 59 86 1 19 61 85 1 18 43 88 1 17 56 72 1 11 52 93 1 0 0 0 0 4 59 78 1 7 63 82 1 0 62 92 1 10 75 70 1 13 48 82 1 0 62 67 1 0 56 90 1 17 32 94 1 24 49 64 1 13 60 92 1 14 41 104 1 9 36 78 1 5 63 80 1 18 57 83 1 17 43 81 1 21 46 91 1 0 39 86 1 26 26 95 1 0 0 0 0 24 61 92 1 18 52 90 1 1 60 85 1 29 53 95 1 24 47 93 1 14 72 88 1 0 54 96 1 0 39 88 1 10 32 91 1 8 65 67 1 10 49 76 1 10 45 84 1 22 67 96 1 17 59 72 1 27 65 107 1 19 60 105 1 14 59 81 1 10 53 73 1 18 45 77 1 7 65 65 1 0 0 0 0 2 61 86 1 18 63 76 1 21 75 86 1 46 50 92 1 39 62 84 1 19 64 73 1 49 46 66 1 39 62 71 1
0 0 0 0 18 48 72 1 10 40 22 1 37 48 45 1 26 57 78 1 36 42 97 1 9 53 96 1 15 31 75 1 0 47 64 1 18 41 61 1 23 41 113 1 25 43 95 1 6 56 71 1 19 56 59 1 0 0 0 0 4 45 105 1 8 44 37 1 14 57 82 1 10 54 59 1 14 59 88 1 0 0 0 0 29 51 90 1 12 63 94 1 12 49 86 1 0 0 0 0 2 46 85 1 15 49 103 1 21 61 116 1 16 71 84 1 1 52 90 1 15 63 87 1 0 0 0 0 7 72 109 1 0 0 0 0 23 63 73 1 5 52 81 1 7 38 80 1 12 34 85 1 21 28 34 1 36 39 87 1 39 57 92 1 9 57 82 1 0 0 0 0 45 59 102 1 6 49 56 1 22 55 63 1 6 31 99 1 0 35 80 1 16 60 79 1 0 0 0 0 14 46 110 1 6 81 41 1 0 71 83 1 0 57 104 1 14 57 78 1 2 50 87 1 39 58 98 1 27 59 102 1 4 61 87 1 24 48 73 1 0 71 83 1 24 57 89 1 8 32 110 1 9 58 106 1 46 56 98 1 9 47 79 1 26 40 65 1 8 63 80 1 0 0 0 0 45 49 92 1 49 52 77 1
46 64 50 1 27 69 44 1 13 33 47 1 23 25 73 1 18 55 73 1 46 26 94 1 39 43 81 1 20 58 89 1 19 49 80 1 39 56 74 1 20 42 96 1 19 44 86 1 19 43 67 1 27 79 79 1 5 59 72 1 8 33 44 1 22 54 79 1 0 0 0 0 19 73 85 1 0 41 66 1 8 31 108 1 0 0 0 0 11 57 80 1 11 30 81 1 0 50 95 1 0 45 83 1 0 37 71 1 13 36 89 1 0 25 95 1 0 48 80 1 0 48 94 1 24 48 82 1 0 42 79 1 0 24 97 1 48 52 81 1 24 51 99 1 0 0 0 0 0 0 0 0 4 42 90 1 9 56 89 1 32 53 96 1 0 0 0 0 26 57 84 1 17 47 109 1 12 48 91 1 0 0 0 0 0 0 0 0 0 0 0 0 21 61 79 1 24 56 88 1 16 49 96 1 48 58 91 1 35 81 97 1 0 0 0 0 43 58 77 1 0 0 0 0 27 74 88 1 9 49 105 1 32 68 91 1 12 52 87 1 31 48 77 1 29 43 91 1 16 50 91 1 37 48 119 1 25 50 99 1 28 48 103 1 20 62 90 1 34 33 102 1 23 44 73 1 51 90 73 1 75 65 86 1
37 54 33 1 0 0 0 0 11 41 55 1 25 54 62 1 24 43 68 1 32 50 107 1 3 52 107 1 13 56 80 1 13 63 71 1 34 52 37 1 20 36 75 1 0 0 0 0 45 71 73 1 48 54 80 1 45 47 64 1 20 51 55 1 11 68 72 1 21 90 64 1 28 50 81 1 18 46 91 1 4 38 112 1 0 57 108 1 33 32 86 1 27 25 76 1 30 51 71 1 15 40 78 1 0 0 0 0 15 59 100 1 12 35 80 1 0 0 0 0 18 37 79 1 0 0 0 0 16 44 89 1 16 56 59 1 32 28 81 1 0 0 0 0 20 54 68 1 14 55 63 1 31 52 77 1 20 40 89 1 0 67 95 1 25 24 85 1 28 50 102 1 24 68 95 1 22 62 108 1 8 57 85 1 25 67 81 1 46 67 103 1 28 62 84 1 2 68 83 1 28 67 82 1 42 85 100 1 17 55 111 1 35 68 73 1 22 39 98 1 8 42 98 1 0 0 0 0 31 58 104 1 2 53 86 1 11 48 83 1 4 47 85 1 30 45 104 1 37 52 84 1 24 45 92 1 25 55 106 1 38 44 104 1 14 61 99 1 27 40 97 1 15 42 79 1 35 55 78 1 67 63 57 1
0 0 0 0 15 61 54 1 39 55 76 1 9 56 70 1 21 38 65 1 17 50 91 1 11 40 76 1 10 58 90 1 4 42 60 1 1 31 69 1 38 44 66 1 30 48 86 1 25 59 78 1 24 76 76 1 0 0 0 0 27 58 70 1 2 43 98 1 18 47 82 1 7 35 79 1 1 53 87 1 13 53 90 1 5 48 96 1 25 51 91 1 33 47 70 1 24 43 58 1 3 26 69 1 12 64 81 1 0 68 88 1 7 32 67 1 7 60 94 1 23 38 91 1 25 57 80 1 17 44 96 1 2 62 86 1 7 67 64 1 19 48 69 1 30 60 84 1 13 45 104 1 16 58 89 1 29 64 84 1 15 56 76 1 34 41 88 1 0 0 0 0 15 77 103 1 44 68 77 1 4 44 69 1 22 69 75 1 24 57 96 1 27 59 101 1 37 56 109 1 10 68 97 1 23 103 80 1 0 59 99 1 18 49 77 1 11 46 79 1 14 65 90 1 1 43 91 1 34 37 95 1 25 74 81 1 32 59 75 1 17 31 84 1 5 52 90 1 32 77 99 1 10 52 102 1 17 57 87 1 31 64 112 1 25 61 103 1 0 0 0 0 27 52 93 1 0 0 0 0 59 67 69 1
30 38 65 1 33 41 94 1 3 55 74 1 0 52 83 1 0 0 0 0 30 38 77 1 23 27 61 1 16 41 83 1 19 51 67 1 3 54 74 1 21 33 51 1 0 0 0 0 46 67 55 1 52 67 85 1 52 78 74 1 19 50 77 1 28 70 79 1 4 78 57 1 34 43 69 1 9 37 91 1 14 51 106 1 4 60 89 1 32 42 97 1 0 35 80 1 0 60 65 1 23 32 46 1 1 25 57 1 17 52 89 1 15 47 71 1 8 53 88 1 6 38 84 1 28 19 80 1 3 70 62 1 19 42 72 1 3 64 80 1 15 54 102 1 48 64 88 1 19 52 64 1 7 30 95 1 12 55 91 1 25 54 85 1 10 51 81 1 0 51 79 1 26 62 83 1 15 32 102 1 17 40 89 1 24 46 92 1 15 60 83 1 35 46 86 1 13 63 87 1 11 67 93 1 27 60 68 1 25 63 101 1 28 80 72 1 32 51 95 1 23 61 97 1 26 47 82 1 28 49 88 1 14 61 75 1 2 51 63 1 19 82 89 1 9 45 95 1 57 25 102 1 0 0 0 0 46 57 116 1 41 65 97 1 1 86 95 1 43 65 87 1 35 74 99 1 36 60 101 1 47 73 79 1
0 0 0 0 39 65 87 1 21 65 77 1 20 41 68 1 36 47 93 1 13 59 82 1 0 0 0 0 0 0 0 0 6 44 48 1 16 50 77 1 44 36 59 1 0 0 0 0 30 64 73 1 64 90 47 1 62 66 70 1 41 68 61 1 27 56 52 1 9 53 85 1 2 30 98 1 0 0 0 0 22 57 93 1 42 66 95 1 36 45 93 1 39 55 74 1 12 26 54 1 7 13 64 1 49 72 67 1 1 49 68 1 8 52 68 1 20 38 83 1 2 31 59 1 28 50 68 1 2 19 91 1 7 33 72 1 2 65 86 1 0 0 0 0 0 58 93 1 0 0 0 0 35 60 69 1 42 66 110 1 19 44 61 1 2 51 104 1 15 45 83 1 24 38 108 1 8 61 78 1 0 0 0 0 0 45 91 1 8 66 82 1 26 43 100 1 24 41 79 1 13 85 60 1 42 46 90 1 17 52 91 1 0 0 0 0 13 54 90 1 36 26 92 1 42 61 85 1 23 56 109 1 10 43 56 1 20 47 104 1 28 33 99 1 42 61 104 1 32 81 90 1 26 34 84 1 24 54 122 1 8 69 90 1 56 53 99 1 35 57 84 1 27 71 95 1 34 54 94 1 49 75 54 1
56 49 88 1 26 71 69 1 16 78 84 1 16 45 99 1 42 56 86 1 34 32 69 1 26 22 72 1 13 62 72 1 22 22 79 1 27 25 103 1 16 47 57 1 0 0 0 0 50 32 61 1 69 90 83 1 51 114 63 1 50 61 69 1 48 60 74 1 15 52 77 1 31 42 75 1 0 0 0 0 0 66 95 1 4 58 72 1 34 61 91 1 11 53 100 1 16 50 80 1 23 57 52 1 0 74 88 1 7 59 72 1 19 45 87 1 30 53 100 1 0 45 105 1 0 48 53 1 9 54 79 1 0 0 0 0 15 37 94 1 29 49 64 1 1 31 90 1 35 62 99 1 7 42 78 1 0 0 0 0 11 62 106 1 25 64 110 1 2 42 84 1 16 56 113 1 20 62 74 1 31 56 96 1 17 43 59 1 12 51 66 1 15 37 81 1 30 53 85 1 35 40 103 1 18 38 101 1 7 73 84 1 0 0 0 0 12 39 93 1 17 58 79 1 14 33 123 1 0 0 0 0 16 33 85 1 18 21 73 1 29 60 82 1 11 72 70 1 6 63 73 1 23 58 85 1 30 61 104 1 44 56 116 1 46 61 87 1 46 57 86 1 29 58 99 1 17 57 85 1 34 46 71 1
42 43 84 1 32 71 113 1 0 0 0 0 36 49 117 1 25 44 68 1 29 43 55 1 0 0 0 0 0 51 77 1 6 39 73 1 0 0 0 0 0 0 0 0 45 69 80 1 56 79 83 1 74 106 86 1 60 94 76 1 0 0 0 0 50 77 86 1 23 54 63 1 5 54 90 1 18 45 96 1 19 42 93 1 7 51 99 1 0 49 98 1 24 53 85 1 19 53 58 1 35 57 61 1 0 0 0 0 0 0 0 0 19 71 84 1 30 46 70 1 33 52 87 1 32 55 72 1 39 57 63 1 0 45 89 1 30 31 76 1 36 74 77 1 32 66 68 1 16 65 68 1 1 45 87 1 15 48 100 1 2 67 88 1 28 54 98 1 26 66 97 1 19 69 91 1 10 49 66 1 0 0 0 0 5 68 76 1 0 47 83 1 32 41 76 1 25 69 85 1 20 41 84 1 44 56 64 1 6 56 85 1 0 0 0 0 11 37 86 1 10 43 70 1 15 70 104 1 26 74 119 1 23 69 92 1 29 51 82 1 21 52 83 1 0 0 0 0 41 83 77 1 34 65 109 1 15 73 111 1 0 0 0 0 32 85 98 1 20 64 115 1 43 59 107 1 0 0 0 0 48 76 78 1
20 71 74 1 14 42 75 1 11 29 80 1 12 46 82 1 16 35 52 1 28 50 67 1 39 61 58 1 15 55 88 1 0 0 0 0 13 60 94 1 29 14 61 1 65 82 65 1 54 66 92 1 81 111 90 1 93 80 83 1 54 72 83 1 50 75 98 1 58 73 95 1 19 63 85 1 15 45 92 1 25 56 102 1 0 0 0 0 27 39 101 1 31 68 77 1 10 58 82 1 10 47 47 1 21 41 101 1 13 60 105 1 33 36 85 1 34 81 87 1 44 70 102 1 0 57 68 1 8 45 53 1 0 0 0 0 20 31 83 1 11 18 63 1 29 63 58 1 26 49 85 1 5 73 96 1 14 63 88 1 13 52 80 1 26 75 85 1 24 74 77 1 4 65 94 1 1 49 92 1 22 37 80 1 0 63 79 1 30 55 78 1 27 65 78 1 19 38 91 1 19 59 71 1 28 46 85 1 8 44 86 1 23 56 90 1 0 0 0 0 31 51 87 1 42 57 90 1 38 50 81 1 33 43 83 1 22 49 50 1 41 50 94 1 33 45 79 1 40 60 84 1 11 83 78 1 27 68 71 1 31 66 89 1 45 92 98 1 9 80 98 1 42 58 107 1 31 58 97 1 0 0 0 0
46 18 60 1 26 51 66 1 23 57 94 1 42 76 87 1 50 56 85 1 23 37 86 1 21 24 80 1 17 45 95 1 18 29 67 1 11 52 60 1 35 64 34 1 40 58 60 1 75 56 111 1 65 100 119 1 89 89 84 1 67 90 85 1 44 41 64 1 28 84 50 1 12 42 78 1 36 49 66 1 22 27 93 1 0 0 0 0 21 48 87 1 20 56 84 1 22 67 63 1 24 41 69 1 8 43 54 1 41 61 111 1 77 106 67 1 0 0 0 0 75 96 102 1 30 63 64 1 0 57 99 1 0 0 0 0 15 20 85 1 31 41 86 1 13 54 94 1 8 95 77 1 0 0 0 0 0 0 0 0 32 47 80 1 14 68 88 1 33 82 79 1 27 42 72 1 23 83 61 1 13 39 76 1 44 46 84 1 16 53 62 1 14 67 84 1 14 77 76 1 23 61 86 1 16 71 79 1 30 72 93 1 30 51 77 1 33 46 74 1 22 45 78 1 0 0 0 0 0 0 0 0 0 0 0 0 50 65 90 1 14 48 80 1 13 50 87 1 0 0 0 0 22 53 102 1 18 74 78 1 9 69 87 1 34 55 124 1 14 68 113 1 48 88 46 1 27 57 87 1 125 88 81 1
66 68 92 1 48 74 70 1 41 67 71 1 0 0 0 0 26 47 68 1 42 57 61 1 0 0 0 0 0 42 90 1 2 40 65 1 30 56 104 1 13 24 60 1 50 58 63 1 33 70 91 1 74 95 91 1 65 64 70 1 41 81 93 1 0 0 0 0 5 39 41 1 22 61 84 1 27 40 86 1 0 0 0 0 43 49 59 1 11 44 66 1 34 27 45 1 17 57 69 1 15 30 96 1 43 65 54 1 49 66 103 1 106 62 78 1 122 110 137 1 64 92 88 1 29 78 54 1 40 57 99 1 0 0 0 0 0 32 84 1 26 54 88 1 16 40 89 1 33 58 81 1 25 56 76 1 9 57 92 1 1 67 89 1 13 68 98 1 41 58 41 1 34 48 78 1 14 48 81 1 10 59 84 1 0 51 88 1 15 75 94 1 0 72 87 1 2 45 77 1 0 0 0 0 1 30 96 1 39 30 75 1 27 27 85 1 33 39 77 1 15 64 73 1 21 53 82 1 32 36 84 1 18 52 99 1 0 0 0 0 42 62 106 1 28 59 79 1 15 48 86 1 16 59 51 1 15 71 83 1 52 48 101 1 31 75 120 1 15 44 100 1 0 0 0 0 67 28 114 1 141 95 88 1
52 72 85 1 48 64 84 1 39 42 68 1 41 75 72 1 41 73 77 1 1 68 67 1 25 62 76 1 5 46 63 1 0 53 94 1 1 35 82 1 32 54 82 1 46 38 88 1 45 73 114 1 68 64 111 1 53 51 72 1 63 58 73 1 30 54 67 1 64 41 92 1 15 52 82 1 19 46 73 1 43 69 91 1 0 34 61 1 35 58 71 1 32 38 101 1 0 35 64 1 15 62 69 1 74 65 78 1 0 0 0 0 106 115 94 1 104 138 126 1 103 87 118 1 52 34 64 1 18 64 125 1 22 42 77 1 0 64 82 1 5 38 97 1 0 0 0 0 22 58 91 1 19 53 56 1 34 82 79 1 10 71 96 1 2 54 91 1 14 52 67 1 20 70 70 1 18 53 89 1 25 47 87 1 0 0 0 0 25 57 74 1 17 67 83 1 13 65 79 1 38 47 57 1 35 79 66 1 21 67 89 1 24 73 82 1 0 0 0 0 31 64 92 1 23 62 95 1 11 39 72 1 0 0 0 0 40 70 91 1 41 60 85 1 21 82 87 1 33 40 93 1 42 80 89 1 0 0 0 0 22 59 98 1 42 49 94 1 15 80 83 1 62 72 56 1 76 74 68 1 148 127 98 1
32 38 86 1 55 52 77 1 42 64 79 1 36 73 60 1 0 0 0 0 13 59 43 1 32 52 71 1 5 59 75 1 0 54 72 1 0 53 83 1 40 29 73 1 40 57 88 1 70 68 99 1 0 0 0 0 59 79 89 1 35 82 92 1 48 63 85 1 0 0 0 0 33 42 113 1 40 59 119 1 37 64 86 1 30 49 93 1 26 59 67 1 13 54 63 1 21 67 83 1 20 58 94 1 0 0 0 0 61 91 107 1 0 0 0 0 125 134 112 1 104 95 98 1 42 56 77 1 25 61 127 1 9 65 76 1 12 81 80 1 11 40 72 1 25 44 87 1 15 59 88 1 39 63 74 1 25 56 109 1 5 65 76 1 24 62 91 1 7 57 114 1 11 42 104 1 21 68 95 1 21 73 68 1 23 77 88 1 26 64 55 1 13 49 115 1 0 52 62 1 32 62 86 1 22 72 43 1 19 64 92 1 22 42 77 1 20 62 78 1 22 56 96 1 19 35 63 1 19 43 66 1 22 47 119 1 0 0 0 0 23 71 92 1 10 90 50 1 24 59 80 1 47 44 81 1 32 59 64 1 0 0 0 0 70 36 96 1 40 35 71 1 67 53 52 1 73 72 75 1 146 107 48 1
31 60 77 1 21 51 84 1 15 29 82 1 24 62 76 1 14 32 64 1 37 49 99 1 17 32 81 1 0 58 85 1 14 47 61 1 29 44 92 1 39 55 30 1 26 76 73 1 46 50 88 1 53 56 76 1 58 85 83 1 43 68 95 1 0 0 0 0 23 81 92 1 49 81 106 1 0 0 0 0 34 59 103 1 21 72 75 1 23 52 82 1 9 64 58 1 23 33 61 1 0 55 87 1 29 36 80 1 87 94 92 1 99 116 93 1 117 106 95 1 82 107 93 1 17 74 68 1 41 82 136 1 29 41 59 1 26 59 80 1 10 53 99 1 11 37 68 1 38 46 96 1 13 50 72 1 11 46 84 1 12 50 85 1 16 67 75 1 0 56 76 1 24 38 115 1 27 74 72 1 0 0 0 0 16 68 70 1 0 0 0 0 0 54 70 1 24 48 98 1 0 0 0 0 80 51 79 1 33 50 90 1 0 0 0 0 36 54 72 1 25 65 77 1 3 79 88 1 45 50 100 1 49 57 107 1 11 55 101 1 0 41 100 1 13 61 53 1 46 57 90 1 5 56 85 1 10 59 70 1 23 63 113 1 63 37 84 1 22 44 86 1 68 56 59 1 77 68 62 1 135 102 73 1
5 30 56 1 23 18 73 1 13 60 48 1 1 58 62 1 8 33 95 1 6 41 75 1 27 30 50 1 27 39 72 1 0 64 107 1 19 73 83 1 0 33 65 1 47 34 73 1 48 74 71 1 51 58 105 1 33 74 81 1 73 66 95 1 64 47 99 1 0 0 0 0 50 76 107 1 33 62 116 1 0 0 0 0 17 48 111 1 0 53 86 1 18 66 90 1 3 58 75 1 16 63 126 1 39 44 76 1 55 57 91 1 78 99 83 1 0 0 0 0 89 67 96 1 64 60 48 1 30 52 114 1 28 49 83 1 20 65 74 1 33 66 71 1 27 55 82 1 47 56 87 1 0 0 0 0 30 45 87 1 33 32 86 1 1 62 83 1 36 51 87 1 26 58 87 1 21 36 92 1 28 41 108 1 38 53 66 1 26 40 64 1 0 0 0 0 41 48 74 1 52 60 90 1 49 88 109 1 62 71 92 1 53 61 76 1 17 66 73 1 22 62 93 1 30 75 78 1 32 70 105 1 12 30 99 1 0 61 82 1 33 42 96 1 17 51 109 1 30 66 89 1 26 67 103 1 26 70 69 1 44 63 96 1 25 67 88 1 0 0 0 0 69 76 67 1 125 75 85 1 139 97 81 1
20 37 72 1 31 32 55 1 32 53 62 1 0 39 64 1 12 26 77 1 12 53 76 1 15 63 89 1 5 50 97 1 11 47 105 1 17 32 89 1 4 73 92 1 13 36 89 1 22 49 117 1 37 55 86 1 22 60 91 1 33 64 86 1 26 52 70 1 44 44 91 1 20 74 84 1 5 42 81 1 21 46 74 1 13 7 94 1 46 53 92 1 22 52 81 1 9 43 78 1 22 52 79 1 33 60 62 1 38 44 64 1 69 65 58 1 0 0 0 0 0 0 0 0 62 25 48 1 53 64 95 1 32 68 62 1 8 57 89 1 37 68 83 1 19 73 96 1 0 0 0 0 38 51 84 1 30 29 89 1 22 52 74 1 7 44 75 1 2 46 118 1 32 36 110 1 0 0 0 0 17 63 78 1 33 68 71 1 16 59 85 1 41 52 71 1 37 57 78 1 78 79 88 1 105 111 94 1 0 0 0 0 66 85 85 1 51 43 70 1 25 58 75 1 31 51 93 1 6 48 78 1 21 70 87 1 15 54 92 1 10 56 91 1 0 0 0 0 13 51 79 1 2 66 82 1 29 80 81 1 23 54 78 1 64 60 88 1 42 76 102 1 62 63 62 1 79 86 80 1 112 132 71 1
15 40 60 1 24 62 116 1 7 51 82 1 0 46 63 1 23 35 83 1 7 41 58 1 24 51 86 1 13 42 72 1 21 39 75 1 22 47 98 1 28 65 86 1 33 35 67 1 42 45 52 1 17 58 96 1 17 46 82 1 18 35 46 1 25 38 75 1 12 34 54 1 7 5 80 1 28 33 95 1 6 34 68 1 31 52 86 1 13 55 67 1 0 0 0 0 0 36 82 1 5 68 79 1 50 61 88 1 73 35 99 1 0 0 0 0 118 123 105 1 64 83 89 1 25 43 34 1 15 57 94 1 5 45 80 1 24 62 78 1 30 26 88 1 25 61 68 1 22 72 92 1 53 39 84 1 0 55 115 1 21 57 69 1 9 46 65 1 11 62 109 1 0 68 104 1 9 33 96 1 16 45 86 1 33 60 72 1 50 73 63 1 44 65 60 1 26 57 104 1 109 106 108 1 103 118 136 1 97 125 129 1 53 82 109 1 14 59 86 1 38 55 100 1 52 60 95 1 0 32 72 1 9 56 98 1 37 73 89 1 37 75 103 1 44 55 79 1 49 68 63 1 0 0 0 0 12 62 84 1 30 64 89 1 0 0 0 0 28 51 106 1 69 45 77 1 57 73 74 1 120 81 75 1
14 76 84 1 11 44 79 1 16 54 71 1 13 44 74 1 24 67 79 1 12 46 79 1 33 58 66 1 0 31 70 1 34 42 77 1 23 56 85 1 23 55 71 1 10 46 80 1 8 50 74 1 11 34 68 1 26 58 49 1 10 52 58 1 16 51 52 1 0 0 0 0 10 44 104 1 14 53 101 1 4 28 97 1 0 0 0 0 0 0 0 0 32 42 79 1 13 70 92 1 10 61 82 1 38 52 112 1 47 84 137 1 0 0 0 0 75 107 111 1 80 82 95 1 49 66 83 1 0 57 113 1 32 64 80 1 31 48 83 1 17 57 69 1 3 39 82 1 15 46 95 1 41 59 84 1 20 65 88 1 0 0 0 0 2 53 84 1 32 58 101 1 26 71 86 1 23 30 75 1 27 50 71 1 17 41 76 1 29 58 76 1 0 0 0 0 67 106 66 1 129 107 111 1 0 0 0 0 75 130 93 1 48 52 80 1 16 73 87 1 37 59 86 1 4 59 64 1 20 45 92 1 40 63 81 1 22 75 78 1 28 57 98 1 26 60 75 1 0 0 0 0 6 72 85 1 38 57 81 1 15 53 96 1 7 53 84 1 35 67 65 1 72 89 111 1 0 0 0 0 76 96 86 1
0 72 76 1 17 40 89 1 8 59 73 1 15 59 74 1 28 40 66 1 0 42 70 1 11 47 87 1 1 70 76 1 21 55 82 1 8 44 67 1 25 66 76 1 36 46 73 1 0 0 0 0 1 58 65 1 14 55 75 1 13 29 44 1 27 51 70 1 16 30 61 1 0 41 84 1 0 53 88 1 33 48 65 1 48 52 91 1 25 71 97 1 43 79 77 1 0 0 0 0 0 0 0 0 17 59 97 1 0 0 0 0 70 118 82 1 75 90 95 1 56 109 70 1 35 88 69 1 41 66 85 1 21 33 104 1 37 63 92 1 50 70 73 1 6 46 97 1 20 41 103 1 32 58 97 1 35 81 76 1 0 0 0 0 12 61 46 1 0 0 0 0 21 18 89 1 40 48 85 1 27 84 68 1 15 44 87 1 19 46 36 1 45 58 82 1 72 95 79 1 0 0 0 0 108 156 148 1 97 101 118 1 47 77 84 1 35 30 102 1 20 61 82 1 13 46 70 1 25 64 95 1 17 45 59 1 21 48 69 1 12 54 95 1 33 64 70 1 12 73 79 1 27 64 76 1 18 60 107 1 47 74 107 1 0 0 0 0 37 60 97 1 20 61 89 1 0 0 0 0 86 97 69 1
20 33 99 1 20 41 111 1 13 43 87 1 29 27 75 1 8 35 90 1 3 36 44 1 2 35 79 1 2 46 88 1 0 0 0 0 14 57 83 1 21 77 62 1 0 77 67 1 24 70 74 1 6 50 74 1 7 49 66 1 21 25 68 1 6 57 63 1 0 60 74 1 30 37 79 1 0 29 97 1 3 53 70 1 9 43 84 1 13 40 72 1 19 66 46 1 18 48 76 1 25 82 57 1 68 93 104 1 0 0 0 0 108 86 79 1 66 93 76 1 52 88 69 1 29 50 41 1 32 44 136 1 51 51 119 1 7 78 72 1 32 56 110 1 49 90 84 1 0 0 0 0 45 44 84 1 0 0 0 0 0 40 87 1 11 62 74 1 35 37 95 1 20 21 82 1 36 50 85 1 0 0 0 0 16 33 60 1 35 58 58 1 47 77 88 1 0 0 0 0 93 104 109 1 120 122 146 1 81 118 115 1 58 53 76 1 32 53 98 1 18 58 53 1 11 52 65 1 29 61 96 1 22 42 58 1 49 72 87 1 52 63 105 1 1 76 106 1 25 55 86 1 20 83 103 1 45 56 100 1 32 70 93 1 41 68 76 1 28 74 113 1 63 80 97 1 80 99 109 1 0 0 0 0
1 43 94 1 0 40 78 1 11 65 92 1 31 45 87 1 22 51 87 1 36 40 63 1 0 26 64 1 26 27 82 1 33 79 81 1 0 0 0 0 0 0 0 0 11 70 72 1 21 41 54 1 0 57 73 1 0 44 97 1 0 0 0 0 26 66 73 1 0 0 0 0 33 52 94 1 0 70 90 1 6 46 101 1 16 59 103 1 30 69 75 1 7 62 75 1 20 38 65 1 49 60 73 1 50 75 105 1 0 0 0 0 67 78 68 1 85 110 84 1 89 102 59 1 54 81 67 1 20 65 116 1 55 65 88 1 18 70 108 1 0 0 0 0 49 69 97 1 0 0 0 0 31 52 73 1 17 60 57 1 0 0 0 0 12 71 83 1 19 48 89 1 26 54 93 1 28 77 69 1 0 0 0 0 32 71 75 1 14 64 76 1 57 68 80 1 58 99 113 1 95 117 113 1 105 98 141 1 79 93 101 1 60 50 98 1 37 86 90 1 23 86 81 1 43 58 77 1 15 51 69 1 20 54 51 1 28 58 73 1 21 47 64 1 9 54 81 1 28 65 88 1 0 75 70 1 41 60 75 1 2 55 90 1 49 69 82 1 58 86 91 1 60 108 99 1 87 89 124 1 84 92 91 1
7 43 78 1 0 23 67 1 0 0 0 0 15 34 88 1 4 52 73 1 23 60 81 1 20 47 85 1 34 35 81 1 17 55 89 1 28 65 95 1 37 44 56 1 17 50 76 1 47 44 78 1 0 0 0 0 0 49 61 1 0 0 0 0 31 25 71 1 20 34 55 1 0 0 0 0 16 50 88 1 24 65 88 1 25 53 87 1 6 33 84 1 0 0 0 0 0 0 0 0 30 35 59 1 33 110 65 1 55 77 94 1 88 121 73 1 100 120 81 1 101 114 83 1 63 91 63 1 44 72 81 1 55 66 84 1 36 70 100 1 29 55 83 1 14 69 99 1 44 68 85 1 65 63 84 1 3 44 76 1 23 68 87 1 14 69 102 1 0 80 110 1 38 67 62 1 32 70 76 1 36 64 80 1 26 65 115 1 0 0 0 0 38 70 96 1 0 0 0 0 67 74 93 1 83 99 104 1 83 76 93 1 26 62 87 1 40 84 80 1 57 80 73 1 0 0 0 0 6 62 90 1 9 58 73 1 28 48 83 1 21 68 94 1 36 72 104 1 17 81 82 1 9 62 69 1 45 62 85 1 26 47 93 1 46 55 76 1 71 87 80 1 76 83 131 1 90 99 87 1 94 78 92 1
5 61 92 1 8 59 89 1 23 60 89 1 3 25 78 1 21 47 73 1 7 46 60 1 32 37 84 1 0 39 50 1 0 45 81 1 0 83 83 1 24 69 80 1 0 0 0 0 4 45 79 1 0 0 0 0 0 49 63 1 32 52 57 1 37 64 84 1 38 54 83 1 47 65 97 1 30 55 80 1 26 35 83 1 26 54 95 1 0 76 102 1 31 68 67 1 26 44 55 1 11 41 55 1 31 65 83 1 84 94 78 1 102 115 71 1 0 0 0 0 107 135 99 1 77 89 99 1 74 76 88 1 41 45 84 1 33 71 82 1 26 53 65 1 67 45 71 1 40 56 64 1 45 53 79 1 38 63 94 1 46 59 87 1 59 41 85 1 36 48 87 1 37 45 73 1 20 45 97 1 33 55 98 1 0 0 0 0 35 40 89 1 41 50 82 1 0 0 0 0 37 43 83 1 25 72 92 1 33 60 95 1 0 0 0 0 38 63 90 1 9 45 70 1 26 67 91 1 29 65 64 1 23 42 97 1 44 52 63 1 20 33 89 1 0 31 88 1 0 0 0 0 12 44 93 1 33 61 97 1 33 60 92 1 74 58 46 1 106 69 100 1 93 107 107 1 120 111 122 1 82 94 75 1
16 55 75 1 32 40 87 1 0 0 0 0 21 42 84 1 7 55 78 1 14 61 85 1 0 0 0 0 41 46 64 1 26 43 91 1 0 46 73 1 23 34 78 1 0 0 0 0 14 47 76 1 2 49 86 1 0 0 0 0 40 49 68 1 19 86 90 1 0 41 83 1 0 0 0 0 25 44 96 1 45 36 70 1 42 67 107 1 36 74 69 1 40 54 72 1 34 54 63 1 18 67 45 1 62 37 50 1 70 87 78 1 97 109 71 1 0 0 0 0 128 111 77 1 90 120 54 1 61 81 118 1 29 55 77 1 41 82 76 1 47 40 80 1 0 0 0 0 41 58 63 1 89 46 94 1 51 70 93 1 36 68 84 1 36 63 79 1 21 75 92 1 6 64 86 1 40 17 104 1 0 0 0 0 25 51 88 1 40 56 64 1 17 63 91 1 18 30 116 1 38 56 84 1 48 75 63 1 22 52 74 1 49 62 90 1 33 39 80 1 29 66 109 1 27 41 86 1 20 48 95 1 28 19 124 1 26 41 88 1 36 38 108 1 7 37 93 1 7 80 106 1 37 54 93 1 45 59 98 1 26 38 84 1 97 70 74 1 98 90 70 1 106 120 99 1 135 109 95 1 125 111 108 1
39 67 61 1 0 47 89 1 7 41 64 1 12 48 83 1 35 60 85 1 18 46 95 1 5 33 95 1 24 48 75 1 23 56 76 1 13 63 95 1 22 44 89 1 4 59 99 1 0 0 0 0 17 11 67 1 10 36 79 1 13 68 59 1 53 35 100 1 52 48 82 1 12 41 65 1 20 45 70 1 16 37 63 1 20 44 79 1 3 55 70 1 23 31 57 1 0 0 0 0 17 46 82 1 76 46 61 1 0 0 0 0 97 123 45 1 0 0 0 0 115 111 103 1 88 86 60 1 58 108 103 1 43 101 106 1 40 70 101 1 44 78 68 1 26 49 75 1 53 48 117 1 63 75 83 1 66 77 138 1 72 70 116 1 35 70 122 1 26 65 112 1 17 44 70 1 23 67 95 1 0 0 0 0 41 55 96 1 0 0 0 0 25 42 90 1 36 54 84 1 49 27 95 1 33 46 96 1 34 35 67 1 29 36 99 1 10 45 73 1 15 39 89 1 24 20 92 1 25 66 77 1 36 45 76 1 44 28 112 1 41 41 106 1 35 61 133 1 0 57 98 1 26 56 101 1 29 61 92 1 28 86 75 1 108 92 63 1 108 125 115 1 0 0 0 0 146 154 104 1 147 154 118 1
10 64 78 1 3 49 66 1 0 0 0 0 16 29 75 1 0 0 0 0 20 37 59 1 8 51 90 1 30 51 78 1 30 41 101 1 5 35 82 1 18 48 68 1 27 48 69 1 25 52 76 1 2 57 77 1 8 75 100 1 0 0 0 0 30 54 91 1 12 61 96 1 0 0 0 0 12 75 77 1 24 54 84 1 7 44 55 1 3 56 70 1 44 75 109 1 24 41 68 1 37 65 86 1 44 46 76 1 31 67 90 1 78 106 83 1 97 93 95 1 134 116 106 1 96 101 85 1 102 69 86 1 0 0 0 0 76 108 93 1 48 77 77 1 4 52 105 1 35 59 113 1 37 99 112 1 34 77 99 1 15 48 76 1 57 56 70 1 20 46 107 1 38 49 80 1 34 60 102 1 8 31 83 1 13 50 100 1 15 68 88 1 11 64 85 1 1 57 78 1 34 46 111 1 20 43 91 1 24 31 101 1 4 32 80 1 34 32 81 1 39 50 85 1 32 48 77 1 35 55 82 1 24 52 90 1 16 51 92 1 0 0 0 0 4 61 92 1 12 54 95 1 25 57 100 1 21 76 90 1 31 77 100 1 54 86 85 1 73 126 115 1 80 120 124 1 124 129 111 1 118 116 133 1
6 48 92 1 1 18 65 1 0 0 0 0 23 39 70 1 19 65 74 1 0 34 76 1 0 29 83 1 0 0 0 0 21 57 79 1 21 60 86 1 22 58 83 1 31 31 74 1 0 0 0 0 16 30 88 1 24 55 82 1 0 0 0 0 31 53 86 1 34 27 79 1 10 51 72 1 4 30 92 1 8 63 67 1 15 39 57 1 0 0 0 0 33 35 107 1 6 48 103 1 0 0 0 0 19 58 63 1 78 69 72 1 46 76 85 1 77 98 82 1 101 118 101 1 127 97 79 1 95 104 89 1 0 0 0 0 0 0 0 0 43 79 71 1 35 61 100 1 58 75 112 1 38 70 99 1 36 75 93 1 55 49 75 1 57 41 77 1 0 0 0 0 14 52 89 1 44 68 95 1 25 59 80 1 0 0 0 0 31 54 80 1 17 61 67 1 22 47 81 1 8 41 96 1 19 46 94 1 14 57 77 1 37 58 86 1 8 49 78 1 22 22 77 1 24 27 81 1 15 17 89 1 9 66 91 1 27 70 85 1 27 56 92 1 5 42 80 1 33 66 85 1 26 69 81 1 23 75 110 1 32 64 106 1 65 66 66 1 84 106 90 1 90 120 131 1 109 110 133 1 91 129 129 1
8 49 76 1 0 38 82 1 36 48 59 1 9 44 97 1 3 42 65 1 0 52 83 1 0 36 59 1 25 54 75 1 12 53 61 1 0 77 70 1 5 65 86 1 22 47 96 1 19 62 73 1 0 38 92 1 0 0 0 0 19 49 93 1 27 47 113 1 21 67 97 1 6 48 102 1 30 32 89 1 32 24 94 1 32 53 85 1 16 47 80 1 30 53 69 1 21 52 100 1 23 53 75 1 35 70 96 1 40 55 98 1 42 33 96 1 96 73 69 1 99 82 116 1 96 122 126 1 111 98 99 1 111 109 82 1 0 0 0 0 63 74 85 1 43 67 103 1 26 70 117 1 27 63 101 1 31 53 61 1 25 50 80 1 0 0 0 0 15 47 77 1 0 0 0 0 15 40 90 1 46 21 80 1 6 74 95 1 6 92 80 1 19 79 105 1 20 49 85 1 9 35 81 1 20 69 96 1 33 30 81 1 42 63 86 1 16 49 94 1 32 61 118 1 0 0 0 0 34 47 74 1 0 0 0 0 45 65 95 1 33 76 75 1 32 51 90 1 0 0 0 0 11 46 73 1 0 0 0 0 0 0 0 0 44 36 61 1 32 34 57 1 0 0 0 0 41 57 86 1 25 77 92 1
5 53 90 1 20 33 82 1 4 59 65 1 40 48 78 1 20 45 98 1 22 50 93 1 18 60 66 1 0 0 0 0 6 55 77 1 5 34 71 1 4 54 74 1 0 0 0 0 37 88 105 1 7 54 81 1 35 70 88 1 27 34 76 1 19 53 66 1 13 54 53 1 31 43 85 1 32 58 65 1 21 45 78 1 19 47 115 1 22 60 80 1 37 49 69 1 21 62 104 1 24 39 79 1 38 49 90 1 34 52 96 1 0 0 0 0 61 47 93 1 63 91 87 1 90 101 71 1 82 102 90 1 0 0 0 0 72 70 105 1 57 43 97 1 55 51 110 1 17 69 80 1 0 0 0 0 27 68 114 1 33 70 60 1 22 50 78 1 26 38 79 1 0 0 0 0 35 45 92 1 0 0 0 0 12 71 98 1 0 53 70 1 22 52 91 1 9 48 85 1 25 20 55 1 39 63 78 1 15 52 92 1 0 46 77 1 15 74 76 1 0 0 0 0 31 46 72 1 39 38 82 1 0 0 0 0 32 65 37 1 15 33 49 1 10 51 64 1 0 0 0 0 16 63 67 1 16 78 46 1 0 0 0 0 11 41 55 1 19 80 70 1 32 36 91 1 33 25 78 1 30 36 61 1
0 0 0 0 0 51 73 1 2 52 101 1 8 65 88 1 47 52 79 1 0 0 0 0 36 52 72 1 0 0 0 0 25 46 76 1 40 57 78 1 17 15 80 1 16 42 71 1 5 29 77 1 0 0 0 0 0 0 0 0 25 35 85 1 26 44 95 1 23 60 82 1 0 75 60 1 0 0 0 0 33 60 102 1 0 62 113 1 0 0 0 0 11 78 82 1 28 59 72 1 0 39 102 1 28 59 96 1 35 70 79 1 36 52 72 1 44 35 72 1 58 74 52 1 57 70 87 1 55 67 69 1 59 93 68 1 0 0 0 0 37 46 90 1 0 0 0 0 35 79 102 1 0 0 0 0 19 52 84 1 30 63 75 1 30 46 67 1 0 0 0 0 25 48 83 1 12 48 62 1 28 63 80 1 0 0 0 0 26 64 89 1 34 35 92 1 3 40 91 1 10 84 85 1 3 58 109 1 0 0 0 0 6 69 94 1 26 46 95 1 30 53 92 1 35 41 89 1 11 54 96 1 41 58 63 1 32 47 74 1 14 53 83 1 51 57 87 1 35 46 74 1 0 0 0 0 29 61 70 1 39 49 63 1 0 0 0 0 25 63 102 1 0 54 85 1 52 48 109 1 0 0 0 0
5 38 92 1 5 52 80 1 47 65 78 1 26 39 72 1 2 42 75 1 16 43 97 1 15 47 86 1 2 49 73 1 9 43 107 1 11 73 103 1 25 41 86 1 14 71 100 1 0 60 92 1 2 52 87 1 2 49 79 1 14 57 73 1 12 56 96 1 15 64 78 1 14 47 91 1 26 52 47 1 0 0 0 0 15 34 66 1 21 54 96 1 29 45 92 1 6 57 77 1 3 54 61 1 5 100 100 1 27 52 118 1 38 62 75 1 34 62 71 1 45 38 71 1 35 42 87 1 41 47 60 1 22 47 94 1 38 70 106 1 7 45 90 1 17 49 98 1 0 38 86 1 29 59 95 1 4 48 106 1 20 71 106 1 8 44 43 1 41 51 104 1 37 58 84 1 9 32 104 1 24 61 83 1 11 39 91 1 0 0 0 0 35 76 98 1 0 64 87 1 9 77 86 1 22 85 81 1 32 63 98 1 30 68 113 1 12 55 122 1 9 50 108 1 2 66 80 1 20 50 85 1 0 67 63 1 28 42 68 1 23 77 49 1 50 79 80 1 35 58 89 1 0 0 0 0 32 63 77 1 22 49 90 1 8 40 94 1 45 52 72 1 32 47 72 1 16 61 81 1 9 35 100 1
8 43 87 1 34 65 84 1 32 48 80 1 0 0 0 0 35 50 68 1 31 44 99 1 3 55 63 1 16 36 102 1 14 48 83 1 15 42 76 1 0 0 0 0 15 71 105 1 27 67 76 1 24 59 65 1 32 75 97 1 18 56 64 1 5 37 64 1 34 61 62 1 33 37 85 1 26 62 84 1 21 46 83 1 8 69 81 1 30 36 77 1 22 61 76 1 0 0 0 0 7 80 77 1 2 91 121 1 37 43 92 1 20 55 72 1 33 42 63 1 63 47 59 1 67 54 60 1 21 66 62 1 0 0 0 0 24 31 64 1 22 61 79 1 11 52 94 1 12 67 93 1 0 58 86 1 14 44 107 1 28 70 71 1 23 53 72 1 31 46 89 1 29 34 86 1 34 47 70 1 7 75 88 1 0 0 0 0 37 36 96 1 31 72 83 1 40 53 104 1 38 73 94 1 25 76 99 1 0 0 0 0 0 66 80 1 29 50 67 1 18 64 77 1 7 39 90 1 46 41 94 1 39 37 75 1 5 61 79 1 49 88 76 1 67 76 112 1 81 73 98 1 42 66 107 1 37 54 88 1 14 66 74 1 20 21 82 1 0 0 0 0 0 0 0 0 0 0 0 0 31 62 83 1
22 28 117 1 12 65 82 1 11 45 112 1 0 0 0 0 36 44 76 1 37 69 103 1 8 61 58 1 9 49 84 1 16 58 66 1 27 72 80 1 35 50 89 1 18 47 87 1 32 67 73 1 25 65 57 1 27 65 83 1 15 62 84 1 17 43 74 1 8 55 86 1 9 65 90 1 28 69 92 1 16 56 66 1 17 33 80 1 18 55 77 1 15 81 73 1 20 68 75 1 0 72 97 1 22 56 118 1 8 47 109 1 17 41 91 1 0 0 0 0 29 39 81 1 29 59 90 1 30 56 75 1 16 65 78 1 23 49 72 1 0 0 0 0 0 0 0 0 8 42 102 1 0 57 104 1 22 50 88 1 18 49 84 1 27 29 71 1 14 50 83 1 13 39 74 1 12 51 108 1 22 42 102 1 19 50 119 1 0 52 91 1 34 49 103 1 18 47 77 1 13 68 94 1 30 70 110 1 0 0 0 0 2 64 89 1 38 46 99 1 9 57 87 1 11 58 67 1 36 54 90 1 27 29 78 1 62 61 86 1 73 82 78 1 64 94 96 1 60 110 126 1 0 0 0 0 36 65 72 1 14 44 72 1 18 55 70 1 39 37 56 1 5 53 56 1 8 40 67 1 8 61 71 1
18 68 87 1 20 58 105 1 13 64 101 1 7 44 74 1 2 66 59 1 22 45 92 1 14 76 74 1 12 57 82 1 3 63 81 1 0 54 78 1 15 29 81 1 6 66 69 1 45 49 93 1 0 0 0 0 0 0 0 0 0 33 77 1 24 50 101 1 8 65 87 1 9 55 86 1 17 50 94 1 14 76 76 1 32 54 72 1 20 33 91 1 19 43 93 1 0 58 93 1 3 64 100 1 6 53 96 1 28 69 86 1 29 53 73 1 0 33 59 1 0 0 0 0 11 62 64 1 40 55 62 1 3 51 65 1 0 54 80 1 34 53 77 1 11 40 84 1 33 63 81 1 19 49 59 1 9 32 54 1 27 67 96 1 27 43 80 1 20 73 98 1 34 91 96 1 18 24 64 1 0 48 98 1 0 0 0 0 20 64 82 1 31 56 125 1 36 77 107 1 22 91 98 1 4 66 100 1 34 77 94 1 25 67 93 1 22 53 97 1 31 48 73 1 44 60 82 1 11 60 94 1 53 58 50 1 105 68 68 1 90 109 116 1 107 136 116 1 102 117 107 1 62 76 97 1 51 70 81 1 31 68 62 1 26 54 83 1 0 0 0 0 0 53 87 1 0 0 0 0 14 52 85 1
0 0 0 0 0 77 82 1 28 44 66 1 16 59 106 1 19 55 77 1 28 39 90 1 5 55 90 1 21 56 99 1 7 49 69 1 0 40 86 1 0 35 82 1 0 0 0 0 0 0 0 0 5 39 78 1 10 45 91 1 21 46 74 1 13 82 101 1 0 0 0 0 28 77 75 1 0 0 0 0 29 47 104 1 13 43 95 1 16 47 76 1 11 78 92 1 16 61 97 1 0 0 0 0 0 48 68 1 11 64 82 1 0 50 94 1 14 76 85 1 10 61 74 1 0 0 0 0 23 60 89 1 31 28 71 1 23 35 101 1 8 80 101 1 6 38 88 1 0 0 0 0 29 47 100 1 31 39 58 1 5 48 101 1 22 32 78 1 0 54 103 1 21 67 107 1 12 64 99 1 27 37 88 1 31 72 94 1 51 77 107 1 33 58 102 1 23 56 123 1 0 40 95 1 0 0 0 0 19 77 82 1 25 65 79 1 22 65 86 1 0 0 0 0 9 71 82 1 27 96 96 1 76 88 63 1 0 0 0 0 129 122 103 1 130 132 118 1 120 151 121 1 97 142 103 1 84 89 86 1 70 92 78 1 41 68 106 1 24 44 97 1 18 48 93 1 0 0 0 0 9 56 90 1
0 39 61 1 22 42 74 1 0 42 80 1 0 0 0 0 7 27 64 1 8 50 72 1 10 53 84 1 24 35 86 1 0 44 107 1 0 46 105 1 7 49 85 1 15 52 79 1 36 62 76 1 0 71 68 1 0 0 0 0 28 44 76 1 15 35 68 1 23 43 84 1 17 44 92 1 12 55 95 1 29 67 89 1 19 63 96 1 10 66 110 1 37 47 109 1 29 69 102 1 13 56 91 1 18 63 89 1 0 0 0 0 9 61 88 1 23 61 70 1 17 50 84 1 31 59 75 1 48 60 77 1 42 32 79 1 23 68 62 1 0 0 0 0 8 45 77 1 10 83 78 1 16 28 98 1 15 64 94 1 32 77 91 1 24 48 77 1 17 21 89 1 24 48 84 1 0 0 0 0 29 74 79 1 34 67 136 1 45 44 120 1 6 52 101 1 19 68 72 1 0 0 0 0 1 29 100 1 15 60 70 1 13 48 82 1 9 54 98 1 36 56 84 1 19 59 95 1 49 37 104 1 67 62 41 1 109 91 54 1 137 113 100 1 130 135 114 1 111 130 120 1 73 91 111 1 76 89 99 1 59 78 112 1 0 0 0 0 11 66 63 1 10 30 93 1 17 52 77 1 0 0 0 0
2 42 95 1 0 0 0 0 2 24 72 1 0 0 0 0 17 47 93 1 25 47 64 1 28 40 84 1 23 65 77 1 0 0 0 0 11 45 75 1 0 41 84 1 0 59 71 1 8 33 94 1 22 57 59 1 17 76 85 1 32 44 78 1 15 54 99 1 0 0 0 0 32 56 59 1 17 65 83 1 11 46 70 1 26 54 73 1 41 55 83 1 27 40 90 1 32 47 95 1 16 54 86 1 21 50 100 1 37 53 86 1 37 77 86 1 2 57 74 1 1 43 66 1 5 80 79 1 32 70 75 1 6 37 80 1 10 67 72 1 11 56 59 1 11 28 80 1 11 67 89 1 17 61 97 1 0 0 0 0 9 64 80 1 21 64 78 1 0 0 0 0 49 70 89 1 15 80 84 1 36 90 85 1 13 41 109 1 20 63 94 1 17 59 96 1 0 49 92 1 26 55 87 1 25 68 100 1 8 54 76 1 12 44 104 1 25 58 75 1 34 44 101 1 15 57 91 1 35 66 100 1 82 81 61 1 107 137 99 1 138 158 112 1 162 169 130 1 0 0 0 0 108 125 116 1 81 120 83 1 77 94 119 1 0 0 0 0 12 60 86 1 0 0 0 0 26 9 56 1 24 27 78 1
33 55 103 1 16 44 94 1 7 50 74 1 32 55 59 1 0 0 0 0 21 64 68 1 13 51 80 1 20 39 80 1 6 53 104 1 53 56 79 1 23 45 73 1 5 32 91 1 28 46 62 1 16 55 93 1 4 63 48 1 6 44 78 1 0 41 86 1 41 63 98 1 15 62 102 1 38 45 78 1 0 0 0 0 4 22 92 1 29 51 93 1 18 50 83 1 35 46 74 1 37 38 103 1 30 58 80 1 9 56 65 1 4 52 90 1 20 53 73 1 27 46 83 1 13 71 86 1 2 55 69 1 32 50 90 1 28 56 73 1 36 64 91 1 9 54 107 1 13 37 98 1 37 56 98 1 18 44 78 1 17 40 93 1 21 63 75 1 1 40 84 1 0 0 0 0 0 0 0 0 3 49 79 1 1 40 93 1 25 46 99 1 16 61 86 1 6 37 61 1 23 51 59 1 0 0 0 0 34 54 68 1 21 40 59 1 8 45 68 1 0 0 0 0 19 42 63 1 21 44 88 1 48 43 42 1 85 70 48 1 87 118 93 1 91 107 96 1 63 105 96 1 54 69 66 1 38 56 51 1 13 39 63 1 21 37 94 1 0 0 0 0 10 48 85 1 35 40 63 1 86 59 108 1
45 52 71 1 33 81 88 1 46 33 114 1 46 78 74 1 22 62 68 1 29 78 89 1 31 49 87 1 23 44 88 1 24 24 87 1 3 33 85 1 22 69 80 1 6 51 82 1 4 58 98 1 22 66 79 1 14 39 83 1 22 33 88 1 21 37 92 1 18 58 92 1 0 63 80 1 38 43 67 1 13 29 72 1 27 37 108 1 0 0 0 0 26 70 62 1 44 59 78 1 33 69 75 1 0 60 62 1 0 0 0 0 1 31 74 1 14 33 99 1 14 54 91 1 25 54 88 1 0 0 0 0 31 38 105 1 0 26 119 1 23 58 66 1 26 48 100 1 0 0 0 0 27 62 83 1 8 75 101 1 0 0 0 0 24 51 90 1 23 49 79 1 5 104 84 1 0 47 55 1 0 0 0 0 0 41 90 1 0 44 83 1 0 40 86 1 12 68 92 1 0 0 0 0 37 46 86 1 5 57 74 1 3 39 94 1 22 59 68 1 0 0 0 0 20 33 117 1 19 61 82 1 19 44 64 1 40 56 57 1 52 33 69 1 13 30 55 1 12 42 43 1 32 18 60 1 30 50 73 1 24 36 73 1 22 58 54 1 24 40 105 1 0 0 0 0 38 65 97 1 110 66 111 1
44 54 85 1 44 69 73 1 39 52 103 1 52 55 103 1 60 66 88 1 57 86 102 1 0 0 0 0 13 47 68 1 33 42 59 1 5 67 90 1 11 49 74 1 0 31 92 1 0 66 85 1 24 50 89 1 23 67 93 1 9 45 93 1 10 59 95 1 0 0 0 0 14 65 75 1 28 54 66 1 22 64 98 1 16 50 64 1 31 32 88 1 11 44 93 1 0 41 79 1 15 62 84 1 0 48 86 1 19 50 71 1 2 42 73 1 13 53 100 1 9 51 91 1 27 48 94 1 13 83 94 1 24 48 123 1 52 57 82 1 32 56 95 1 12 45 56 1 24 57 73 1 0 74 92 1 8 67 83 1 30 51 108 1 18 77 107 1 17 58 103 1 22 51 105 1 16 53 99 1 14 48 77 1 8 35 73 1 15 42 81 1 0 54 102 1 7 41 80 1 0 71 90 1 7 41 101 1 3 48 74 1 14 46 71 1 24 64 100 1 0 0 0 0 21 47 91 1 8 65 77 1 43 27 115 1 26 63 84 1 5 43 70 1 7 30 66 1 20 56 67 1 36 69 106 1 12 47 99 1 19 56 74 1 19 65 101 1 60 47 95 1 56 63 65 1 54 50 64 1 109 94 77 1
60 65 93 1 82 81 87 1 52 66 91 1 64 69 117 1 53 65 109 1 51 73 102 1 0 0 0 0 30 34 100 1 5 24 58 1 26 23 70 1 1 66 90 1 0 46 99 1 0 51 77 1 16 50 104 1 14 39 83 1 14 54 107 1 43 57 91 1 17 63 84 1 19 34 86 1 34 24 59 1 47 57 66 1 0 0 0 0 17 25 64 1 11 64 72 1 24 60 88 1 48 68 86 1 19 47 71 1 4 45 51 1 17 68 83 1 2 54 75 1 37 48 83 1 16 45 98 1 31 58 95 1 13 54 100 1 37 52 75 1 2 85 80 1 26 62 72 1 19 80 77 1 0 0 0 0 0 54 101 1 25 80 88 1 19 38 91 1 0 43 81 1 0 48 73 1 21 65 72 1 1 67 85 1 0 0 0 0 35 57 92 1 7 40 81 1 23 48 73 1 19 33 70 1 27 60 78 1 0 42 91 1 35 37 96 1 39 58 91 1 44 36 110 1 32 82 96 1 0 47 75 1 24 28 110 1 17 27 99 1 8 35 96 1 48 35 107 1 59 59 101 1 34 60 118 1 50 71 119 1 38 41 97 1 19 52 90 1 41 39 62 1 50 48 67 1 85 68 90 1 110 97 66 1
76 62 81 1 25 57 92 1 44 62 90 1 67 61 88 1 20 65 88 1 41 47 105 1 19 69 96 1 19 62 77 1 28 52 58 1 8 51 59 1 7 53 78 1 0 39 78 1 38 49 76 1 25 56 101 1 50 59 70 1 24 51 79 1 56 55 115 1 1 43 68 1 13 63 75 1 11 79 69 1 1 59 94 1 21 49 97 1 13 61 69 1 13 84 108 1 12 44 81 1 3 50 86 1 0 44 60 1 4 57 74 1 10 43 56 1 0 0 0 0 11 58 88 1 30 48 80 1 0 0 0 0 32 69 76 1 40 57 95 1 22 48 68 1 28 69 97 1 13 66 107 1 0 0 0 0 17 56 85 1 31 42 89 1 26 60 76 1 0 37 49 1 0 0 0 0 13 44 49 1 20 40 78 1 0 58 87 1 14 45 79 1 6 45 71 1 0 0 0 0 35 54 73 1 26 71 88 1 63 64 69 1 62 79 102 1 91 86 119 1 83 82 103 1 75 115 95 1 0 49 46 1 0 0 0 0 14 27 107 1 30 45 97 1 77 63 83 1 74 63 90 1 82 108 96 1 45 100 76 1 12 58 38 1 42 43 91 1 43 30 62 1 0 0 0 0 90 35 55 1 110 104 80 1
7 72 57 1 28 49 66 1 38 67 114 1 53 32 78 1 41 37 91 1 27 71 95 1 47 23 77 1 12 52 67 1 9 56 73 1 26 68 61 1 8 20 92 1 22 38 89 1 5 71 78 1 9 43 51 1 20 38 83 1 18 48 77 1 9 43 90 1 17 53 71 1 16 56 102 1 22 51 105 1 16 69 98 1 25 44 88 1 28 52 91 1 14 45 105 1 4 37 98 1 3 66 105 1 15 67 66 1 13 52 83 1 29 50 86 1 32 54 83 1 0 0 0 0 23 58 94 1 0 39 93 1 16 44 83 1 25 39 80 1 4 46 81 1 29 54 73 1 9 50 91 1 32 61 80 1 23 37 101 1 10 57 98 1 0 0 0 0 0 71 85 1 2 87 79 1 12 54 101 1 0 0 0 0 25 32 96 1 27 37 77 1 30 42 88 1 23 56 87 1 43 56 81 1 0 0 0 0 66 98 90 1 98 107 120 1 131 129 136 1 94 115 105 1 50 94 90 1 16 49 35 1 26 30 94 1 23 43 88 1 48 51 82 1 69 54 81 1 0 0 0 0 90 87 91 1 53 58 111 1 7 37 93 1 37 93 88 1 28 45 70 1 0 0 0 0 62 29 26 1 0 0 0 0
47 55 87 1 30 44 60 1 26 41 93 1 33 37 100 1 13 50 78 1 42 62 76 1 31 70 94 1 41 65 97 1 24 69 75 1 56 35 75 1 0 0 0 0 8 43 72 1 0 0 0 0 2 47 77 1 31 60 82 1 11 61 85 1 29 30 80 1 18 29 72 1 36 64 71 1 12 34 89 1 0 0 0 0 4 55 70 1 27 23 74 1 7 49 104 1 16 42 77 1 31 82 73 1 43 94 87 1 12 65 76 1 5 58 72 1 3 51 71 1 4 59 84 1 34 44 80 1 7 33 111 1 26 51 74 1 42 51 59 1 21 44 75 1 30 70 97 1 27 43 94 1 18 51 77 1 0 57 103 1 43 49 70 1 20 39 83 1 12 29 66 1 24 44 94 1 26 48 84 1 0 0 0 0 29 32 79 1 20 62 99 1 25 63 79 1 52 69 75 1 77 79 76 1 98 69 54 1 108 95 114 1 133 149 137 1 166 154 146 1 91 113 103 1 40 79 54 1 13 49 33 1 40 45 131 1 2 21 82 1 60 34 54 1 85 68 86 1 112 74 113 1 110 89 86 1 84 100 91 1 36 42 81 1 29 51 54 1 27 32 73 1 41 32 79 1 0 0 0 0 105 68 75 1
0 0 0 0 34 26 56 1 3 45 91 1 46 53 75 1 2 52 93 1 14 64 67 1 24 18 104 1 12 53 88 1 20 71 72 1 17 54 86 1 0 0 0 0 3 62 86 1 8 58 96 1 21 48 64 1 0 49 59 1 0 26 64 1 24 57 82 1 23 57 75 1 5 39 91 1 24 43 86 1 10 27 88 1 24 48 73 1 8 46 110 1 0 50 104 1 10 73 67 1 25 86 75 1 44 59 97 1 0 0 0 0 33 64 79 1 17 57 94 1 18 63 94 1 26 41 91 1 35 29 77 1 40 55 91 1 34 69 88 1 4 50 81 1 26 36 91 1 0 0 0 0 40 40 90 1 30 49 95 1 19 68 64 1 15 64 96 1 5 26 95 1 49 41 124 1 25 38 79 1 34 44 99 1 31 44 82 1 17 36 64 1 43 14 70 1 60 70 88 1 94 68 73 1 97 89 54 1 138 110 75 1 211 166 123 1 198 143 116 1 139 104 90 1 0 0 0 0 66 70 58 1 23 86 84 1 30 21 49 1 78 26 38 1 89 88 78 1 123 127 97 1 115 84 96 1 61 67 85 1 59 45 105 1 16 61 80 1 0 0 0 0 44 51 78 1 39 32 43 1 124 94 84 1
41 32 61 1 36 47 65 1 44 45 81 1 24 38 81 1 33 33 123 1 12 40 74 1 35 43 88 1 15 63 96 1 24 59 55 1 16 67 58 1 32 47 63 1 42 43 67 1 0 0 0 0 29 48 98 1 28 52 101 1 0 26 89 1 0 21 97 1 27 17 78 1 24 47 69 1 14 63 77 1 6 59 78 1 10 51 66 1 14 46 89 1 0 0 0 0 20 43 85 1 31 56 93 1 25 58 84 1 19 40 76 1 27 57 99 1 43 42 85 1 26 50 99 1 15 72 84 1 39 55 80 1 29 75 97 1 16 28 82 1 22 54 97 1 0 61 88 1 11 53 79 1 9 46 70 1 10 46 81 1 8 74 79 1 26 56 97 1 13 41 84 1 7 38 75 1 11 48 64 1 52 31 75 1 28 47 87 1 41 39 47 1 37 40 91 1 59 81 82 1 95 72 92 1 110 102 46 1 166 155 101 1 220 169 145 1 178 118 104 1 126 122 78 1 93 89 105 1 75 80 73 1 37 68 88 1 57 25 50 1 81 74 51 1 132 99 122 1 137 113 96 1 0 0 0 0 52 64 83 1 64 49 73 1 12 56 112 1 54 30 70 1 46 46 98 1 88 56 84 1 0 0 0 0
29 48 78 1 17 61 92 1 16 46 90 1 41 53 77 1 37 41 85 1 4 38 82 1 30 59 89 1 34 42 73 1 0 0 0 0 24 35 108 1 21 50 99 1 20 46 74 1 19 61 79 1 22 44 95 1 24 56 81 1 18 44 78 1 14 30 87 1 6 42 98 1 0 0 0 0 30 41 93 1 21 64 79 1 23 40 84 1 18 61 107 1 23 61 75 1 0 0 0 0 28 45 70 1 0 0 0 0 9 57 87 1 40 59 63 1 32 43 77 1 19 75 83 1 13 37 102 1 14 49 80 1 22 74 87 1 25 63 93 1 14 42 87 1 0 0 0 0 19 61 86 1 24 34 88 1 0 0 0 0 11 63 80 1 12 48 73 1 29 71 90 1 11 30 69 1 28 27 52 1 29 51 84 1 52 35 57 1 46 46 70 1 77 50 66 1 42 64 119 1 102 84 86 1 103 52 49 1 184 124 86 1 217 153 130 1 149 107 100 1 112 77 64 1 111 98 96 1 71 49 112 1 53 68 89 1 33 38 49 1 82 72 52 1 144 105 96 1 150 103 85 1 108 62 62 1 86 48 78 1 69 85 96 1 0 0 0 0 45 59 78 1 69 61 100 1 81 79 66 1 127 85 122 1
24 80 67 1 26 74 55 1 0 0 0 0 15 47 69 1 0 35 83 1 33 44 90 1 9 36 90 1 31 31 65 1 14 54 67 1 31 30 81 1 14 66 99 1 2 57 79 1 26 55 70 1 25 66 85 1 35 41 87 1 30 51 86 1 17 62 89 1 9 56 93 1 20 60 69 1 22 43 108 1 0 66 74 1 11 66 83 1 8 61 100 1 0 0 0 0 43 46 109 1 24 56 117 1 0 29 82 1 10 53 68 1 15 36 79 1 0 0 0 0 19 59 83 1 9 57 84 1 41 54 96 1 32 56 81 1 23 70 95 1 25 26 57 1 4 49 84 1 23 56 83 1 14 48 77 1 22 58 86 1 0 0 0 0 11 54 88 1 10 72 83 1 19 30 80 1 13 82 88 1 64 62 83 1 38 86 56 1 50 74 48 1 29 56 83 1 50 50 94 1 0 0 0 0 136 90 76 1 154 136 121 1 167 161 110 1 0 0 0 0 103 73 76 1 91 91 93 1 0 0 0 0 62 49 81 1 0 0 0 0 98 78 72 1 110 116 103 1 111 83 91 1 50 70 52 1 60 60 71 1 51 36 94 1 49 69 84 1 62 45 69 1 95 51 101 1 96 90 93 1 144 122 100 1
16 47 81 1 0 43 76 1 18 29 75 1 25 71 99 1 0 47 86 1 17 80 90 1 33 49 104 1 9 36 75 1 0 0 0 0 22 45 85 1 38 38 86 1 0 0 0 0 0 0 0 0 19 20 79 1 38 45 87 1 38 45 80 1 20 52 103 1 15 20 112 1 12 56 114 1 28 33 85 1 10 59 98 1 13 51 86 1 34 54 94 1 50 67 108 1 16 69 84 1 0 0 0 0 2 44 71 1 0 82 93 1 0 0 0 0 4 52 78 1 1 44 81 1 4 36 66 1 9 47 90 1 24 32 81 1 0 0 0 0 7 39 88 1 0 66 103 1 11 62 95 1 9 46 88 1 21 57 113 1 7 81 82 1 0 0 0 0 0 0 0 0 8 42 74 1 59 83 89 1 87 92 115 1 76 81 75 1 47 75 69 1 49 63 67 1 35 47 60 1 78 45 86 1 147 91 127 1 184 144 115 1 190 162 131 1 165 120 113 1 109 91 95 1 98 53 104 1 78 41 153 1 3 59 93 1 38 49 73 1 104 99 84 1 107 50 54 1 96 66 62 1 55 43 31 1 79 77 48 1 75 69 85 1 62 54 80 1 34 34 34 1 86 78 71 1 0 0 0 0 181 132 111 1
16 45 103 1 22 43 105 1 21 51 85 1 0 0 0 0 11 54 89 1 32 64 80 1 29 57 69 1 25 76 65 1 17 52 77 1 7 58 72 1 35 65 49 1 6 39 72 1 0 34 76 1 0 0 0 0 13 34 78 1 18 32 71 1 17 60 77 1 0 0 0 0 23 65 79 1 0 69 63 1 0 0 0 0 9 47 97 1 33 78 90 1 0 0 0 0 18 50 90 1 25 53 64 1 3 38 84 1 7 55 78 1 0 23 64 1 0 55 78 1 7 57 64 1 30 47 65 1 16 56 75 1 27 41 94 1 0 39 91 1 3 70 83 1 0 72 96 1 1 44 105 1 0 0 0 0 32 48 78 1 27 45 70 1 0 54 46 1 10 67 112 1 0 0 0 0 63 88 122 1 51 93 144 1 39 73 99 1 27 74 88 1 0 0 0 0 0 0 0 0 63 64 98 1 142 98 114 1 146 111 70 1 150 107 52 1 166 133 32 1 168 130 100 1 83 91 88 1 61 45 50 1 29 55 67 1 48 72 107 1 94 111 94 1 73 73 79 1 78 98 83 1 67 79 75 1 76 53 90 1 59 76 81 1 42 48 87 1 40 42 86 1 69 67 105 1 124 68 112 1 152 136 102 1
24 71 75 1 27 44 91 1 47 55 81 1 38 58 92 1 27 54 79 1 9 16 87 1 0 0 0 0 28 50 88 1 0 33 93 1 0 63 63 1 1 34 60 1 14 61 69 1 30 54 80 1 0 47 43 1 34 60 90 1 0 0 0 0 23 14 100 1 0 0 0 0 3 67 71 1 33 77 104 1 10 65 115 1 9 70 109 1 5 40 99 1 0 0 0 0 14 65 96 1 0 40 69 1 23 52 81 1 17 21 81 1 2 48 82 1 3 47 67 1 0 26 59 1 33 35 63 1 0 0 0 0 24 83 81 1 13 63 111 1 26 36 80 1 0 72 106 1 0 40 81 1 0 0 0 0 32 48 70 1 14 45 59 1 43 45 41 1 49 95 100 1 78 71 123 1 81 130 130 1 70 104 43 1 20 75 61 1 12 38 54 1 49 51 87 1 64 54 83 1 92 69 107 1 148 131 154 1 197 169 127 1 208 135 73 1 182 152 62 1 215 161 74 1 126 113 102 1 83 66 67 1 30 46 50 1 65 60 71 1 0 0 0 0 98 93 89 1 97 124 72 1 84 82 70 1 60 87 106 1 44 54 57 1 36 59 82 1 25 35 80 1 49 65 61 1 69 52 42 1 101 73 77 1
27 74 93 1 37 62 83 1 0 40 86 1 29 42 72 1 22 44 85 1 22 38 82 1 19 47 79 1 0 0 0 0 26 55 80 1 0 59 92 1 2 37 69 1 4 61 94 1 2 67 70 1 0 68 61 1 17 35 51 1 20 47 46 1 2 58 71 1 12 58 85 1 1 54 80 1 4 67 71 1 1 77 102 1 17 53 80 1 12 56 73 1 23 61 67 1 11 20 77 1 16 47 69 1 20 47 59 1 16 55 68 1 6 57 73 1 8 67 80 1 10 37 50 1 0 35 80 1 23 53 96 1 25 50 92 1 14 74 106 1 14 58 84 1 28 68 108 1 33 51 95 1 22 57 81 1 32 56 68 1 53 49 57 1 58 67 68 1 83 99 55 1 118 100 105 1 106 118 93 1 69 84 63 1 19 50 43 1 27 64 67 1 0 0 0 0 43 56 61 1 73 67 59 1 140 111 132 1 193 129 83 1 169 120 56 1 183 148 72 1 186 125 96 1 137 97 75 1 64 40 49 1 42 76 57 1 86 76 91 1 95 119 111 1 0 0 0 0 132 104 144 1 70 69 84 1 55 66 75 1 0 0 0 0 25 25 79 1 18 38 58 1 28 38 60 1 36 29 46 1 41 33 60 1
0 0 0 0 11 48 83 1 60 77 89 1 17 35 79 1 11 61 95 1 26 57 86 1 0 49 67 1 8 30 72 1 0 0 0 0 0 0 0 0 13 60 88 1 3 50 91 1 24 47 77 1 0 38 88 1 1 41 49 1 19 46 70 1 17 60 67 1 47 30 88 1 6 70 75 1 9 48 53 1 25 68 85 1 0 70 67 1 0 32 76 1 0 0 0 0 31 41 70 1 26 51 76 1 15 48 99 1 13 65 74 1 16 32 74 1 13 57 61 1 28 47 71 1 18 35 79 1 0 41 87 1 27 26 87 1 0 15 86 1 10 57 84 1 29 58 106 1 6 45 99 1 0 56 76 1 54 44 63 1 75 63 88 1 100 100 94 1 89 108 60 1 119 128 88 1 121 137 92 1 89 105 61 1 76 64 47 1 53 35 52 1 31 39 78 1 51 32 85 1 94 73 64 1 108 96 114 1 177 124 75 1 124 114 75 1 151 93 72 1 145 110 61 1 101 101 98 1 67 61 74 1 77 77 79 1 87 57 98 1 0 0 0 0 116 118 104 1 95 99 101 1 60 83 66 1 0 0 0 0 15 50 56 1 11 56 61 1 44 40 56 1 15 40 72 1 30 32 85 1 16 43 59 1
22 60 98 1 0 0 0 0 13 43 72 1 45 42 75 1 26 39 104 1 42 41 100 1 28 62 81 1 20 69 84 1 15 49 61 1 0 0 0 0 0 28 77 1 0 0 0 0 0 33 94 1 0 0 0 0 21 52 78 1 11 30 87 1 25 69 84 1 0 0 0 0 19 34 79 1 0 56 62 1 17 35 72 1 10 41 86 1 23 54 75 1 0 31 85 1 0 46 74 1 10 44 54 1 16 40 116 1 0 0 0 0 28 30 60 1 46 39 65 1 27 47 72 1 0 55 75 1 32 59 62 1 27 49 73 1 5 16 71 1 19 48 79 1 8 55 85 1 23 36 101 1 47 46 102 1 64 20 106 1 100 87 88 1 108 121 99 1 116 163 40 1 0 0 0 0 0 0 0 0 108 111 113 1 55 87 93 1 53 44 72 1 40 35 45 1 34 77 77 1 108 96 82 1 141 110 111 1 142 115 76 1 114 110 62 1 116 79 66 1 123 102 43 1 70 80 91 1 98 60 86 1 46 38 62 1 47 50 66 1 63 68 52 1 46 44 46 1 35 60 56 1 33 44 63 1 28 41 64 1 15 55 76 1 3 64 94 1 18 50 70 1 28 47 85 1 6 16 61 1 3 40 58 1
0 0 0 0 6 64 73 1 4 52 64 1 0 71 82 1 21 66 57 1 2 39 86 1 0 63 96 1 0 66 88 1 0 0 0 0 0 0 0 0 0 65 83 1 14 25 86 1 21 52 58 1 6 50 74 1 0 38 84 1 7 51 77 1 24 29 61 1 16 43 57 1 13 78 86 1 7 61 94 1 16 57 75 1 42 38 95 1 0 0 0 0 0 42 55 1 0 0 0 0 25 80 82 1 20 60 90 1 19 39 80 1 0 49 73 1 11 60 89 1 0 36 62 1 7 72 68 1 19 37 69 1 0 0 0 0 1 35 95 1 22 34 77 1 11 58 111 1 9 54 107 1 32 82 107 1 91 101 69 1 131 91 117 1 153 100 94 1 110 100 52 1 136 128 87 1 94 122 98 1 115 94 103 1 96 75 104 1 46 48 73 1 34 54 62 1 30 67 95 1 0 0 0 0 72 85 109 1 115 76 28 1 122 79 85 1 81 57 81 1 74 89 75 1 48 87 120 1 29 55 84 1 27 46 81 1 13 39 70 1 18 37 63 1 0 0 0 0 35 65 72 1 23 25 33 1 0 47 59 1 12 41 81 1 0 0 0 0 8 59 93 1 32 51 69 1 39 43 61 1 9 18 69 1
0 0 0 0 0 46 70 1 0 40 72 1 18 48 87 1 18 71 101 1 0 40 51 1 15 32 97 1 15 38 94 1 3 68 77 1 14 72 97 1 5 37 95 1 19 49 75 1 0 0 0 0 9 30 90 1 0 50 67 1 33 40 75 1 0 46 95 1 14 67 68 1 0 49 80 1 4 48 71 1 0 38 86 1 0 39 71 1 27 46 82 1 25 52 73 1 22 59 67 1 42 33 89 1 3 38 93 1 10 44 96 1 13 55 89 1 7 46 75 1 7 45 46 1 8 76 51 1 0 40 57 1 23 53 78 1 0 0 0 0 16 35 84 1 37 62 100 1 0 0 0 0 35 75 82 1 0 0 0 0 0 0 0 0 88 119 90 1 82 99 66 1 72 82 68 1 66 65 94 1 0 0 0 0 46 54 105 1 10 53 83 1 24 39 75 1 48 42 83 1 33 61 68 1 48 84 84 1 92 53 68 1 76 65 94 1 49 70 92 1 77 76 86 1 0 0 0 0 8 52 101 1 8 45 111 1 31 45 111 1 38 23 75 1 23 36 57 1 36 43 67 1 1 45 73 1 14 57 51 1 0 0 0 0 11 60 106 1 13 37 80 1 25 31 63 1 46 103 90 1 36 45 78 1
10 77 85 1 12 71 72 1 31 58 72 1 10 45 64 1 12 35 64 1 29 51 75 1 0 49 91 1 21 48 97 1 42 25 104 1 0 41 83 1 0 0 0 0 10 54 93 1 0 54 98 1 0 58 90 1 26 53 71 1 11 35 78 1 5 53 89 1 2 61 47 1 11 51 92 1 0 57 87 1 3 57 80 1 0 54 63 1 0 52 81 1 2 41 65 1 5 64 86 1 0 0 0 0 0 0 0 0 0 35 96 1 0 42 70 1 10 46 58 1 0 48 48 1 16 81 77 1 12 52 101 1 42 35 95 1 16 39 81 1 39 48 88 1 16 48 73 1 15 43 75 1 36 35 70 1 52 73 60 1 96 66 62 1 109 67 61 1 73 61 80 1 54 70 76 1 58 56 103 1 36 44 99 1 27 4 101 1 0 53 90 1 32 56 81 1 0 53 56 1 41 72 41 1 38 59 87 1 87 54 46 1 63 60 79 1 37 34 85 1 10 37 62 1 14 76 109 1 35 83 99 1 13 41 98 1 4 59 74 1 0 54 86 1 10 48 111 1 13 25 55 1 20 53 87 1 0 0 0 0 0 0 0 0 5 41 84 1 4 56 96 1 22 56 72 1 16 36 51 1 15 56 54 1
4 59 75 1 11 63 96 1 29 61 80 1 14 50 81 1 0 0 0 0 30 48 83 1 6 57 68 1 25 44 93 1 0 0 0 0 20 55 87 1 16 36 59 1 11 50 102 1 16 38 92 1 30 61 96 1 14 46 105 1 8 41 99 1 11 60 87 1 14 44 104 1 2 56 64 1 7 49 87 1 21 40 90 1 23 36 82 1 27 18 71 1 15 64 59 1 0 0 0 0 9 49 76 1 17 42 87 1 17 49 70 1 20 26 92 1 16 60 74 1 0 0 0 0 17 30 58 1 9 19 82 1 15 49 66 1 8 35 92 1 17 55 85 1 26 46 79 1 31 50 71 1 35 49 95 1 65 51 72 1 40 43 71 1 36 71 113 1 32 55 63 1 39 55 74 1 15 55 62 1 13 44 60 1 0 0 0 0 9 37 85 1 28 50 73 1 12 76 79 1 19 40 77 1 3 78 103 1 4 44 78 1 0 0 0 0 20 50 80 1 13 66 87 1 0 51 84 1 26 43 86 1 14 57 96 1 11 54 88 1 31 58 66 1 20 45 79 1 13 43 66 1 12 42 85 1 7 39 81 1 6 34 87 1 0 0 0 0 0 42 85 1 13 68 88 1 10 51 88 1 0 0 0 0
0 55 97 1 21 74 82 1 29 45 92 1 8 38 94 1 17 60 92 1 41 62 74 1 25 41 106 1 24 40 83 1 19 52 81 1 13 62 82 1 30 13 82 1 4 37 63 1 19 50 75 1 30 58 73 1 9 49 85 1 28 50 93 1 24 33 95 1 55 40 98 1 20 65 85 1 0 0 0 0 7 58 89 1 33 70 48 1 10 49 109 1 0 0 0 0 0 0 0 0 7 47 70 1 16 32 73 1 20 42 97 1 13 47 74 1 38 79 90 1 31 69 75 1 16 68 91 1 3 21 83 1 0 0 0 0 6 39 114 1 14 60 85 1 24 62 78 1 36 34 65 1 35 57 96 1 47 55 80 1 38 69 72 1 13 48 74 1 37 52 60 1 24 55 93 1 15 35 65 1 28 45 73 1 2 50 81 1 28 37 86 1 15 46 72 1 37 37 69 1 0 55 77 1 19 48 78 1 15 58 88 1 0 0 0 0 22 42 91 1 7 22 75 1 36 45 73 1 0 0 0 0 15 38 63 1 30 44 85 1 42 46 101 1 2 42 74 1 23 36 80 1 17 58 72 1 42 43 78 1 26 45 92 1 37 42 90 1 0 66 74 1 7 41 81 1 11 26 85 1 17 51 81 1
31 58 95 1 16 56 83 1 22 47 86 1 21 64 56 1 13 45 84 1 20 68 76 1 48 48 74 1 9 44 111 1 26 61 53 1 0 0 0 0 12 49 74 1 21 29 76 1 4 66 84 1 25 60 102 1 17 49 74 1 9 27 72 1 44 68 64 1 1 50 88 1 22 31 81 1 24 22 79 1 34 54 67 1 30 40 72 1 34 64 50 1 9 30 82 1 26 36 69 1 13 43 60 1 34 49 87 1 6 40 83 1 32 40 70 1 30 41 119 1 8 56 77 1 23 68 81 1 28 53 74 1 18 53 61 1 6 50 65 1 21 53 77 1 27 47 63 1 12 40 95 1 17 48 73 1 13 44 80 1 30 36 89 1 0 0 0 0 24 47 73 1 26 33 73 1 38 40 58 1 24 47 66 1 34 71 57 1 21 44 77 1 22 48 80 1 26 39 64 1 0 45 66 1 22 66 72 1 31 37 81 1 37 56 100 1 8 25 82 1 7 62 66 1 30 39 74 1 0 68 99 1 26 43 88 1 25 51 92 1 0 0 0 0 9 35 47 1 12 48 89 1 13 61 70 1 8 33 77 1 15 40 78 1 30 60 82 1 38 67 84 1 22 46 103 1 0 74 88 1 15 72 89 1
0 0 0 0 6 67 52 1 0 62 95 1 12 47 77 1 24 47 86 1 27 37 82 1 8 43 100 1 45 61 78 1 14 43 70 1 0 0 0 0 7 74 83 1 0 0 0 0 10 36 83 1 0 0 0 0 22 26 89 1 19 61 87 1 22 26 108 1 21 60 94 1 24 72 91 1 12 64 68 1 30 42 73 1 0 0 0 0 34 69 84 1 0 0 0 0 3 64 64 1 35 42 82 1 27 67 95 1 12 66 74 1 0 0 0 0 0 54 81 1 21 50 78 1 32 27 84 1 0 28 71 1 17 44 82 1 12 38 82 1 0 46 91 1 2 34 92 1 0 73 75 1 0 49 69 1 24 47 75 1 43 47 90 1 44 50 62 1 36 49 80 1 19 55 62 1 58 46 74 1 33 64 91 1 0 0 0 0 32 48 70 1 30 45 77 1 5 57 92 1 30 44 93 1 2 50 88 1 10 34 92 1 12 51 66 1 30 41 97 1 11 36 58 1 16 56 80 1 15 50 83 1 0 41 90 1 19 57 76 1 8 23 72 1 20 41 88 1 0 68 70 1 2 14 100 1 0 0 0 0 31 60 74 1 0 52 82 1 6 66 70 1 19 41 87 1 1 47 61 1 16 26 79 1
0 0 0 0 32 61 100 1 19 51 66 1 13 49 75 1 7 56 78 1 39 58 77 1 27 43 82 1 9 64 92 1 39 51 85 1 27 74 70 1 7 52 106 1 26 48 46 1 31 40 106 1 4 9 81 1 6 48 86 1 31 47 85 1 0 0 0 0 30 44 87 1 5 36 104 1 32 45 70 1 16 64 79 1 9 53 97 1 14 47 51 1 39 49 58 1 26 49 104 1 21 37 67 1 29 38 68 1 30 43 58 1 26 43 73 1 7 40 73 1 10 68 92 1 10 54 75 1 12 87 73 1 0 35 88 1 10 70 66 1 14 64 73 1 10 68 82 1 21 50 67 1 19 28 77 1 10 51 82 1 13 42 74 1 1 57 77 1 0 42 61 1 29 25 60 1 0 0 0 0 1 45 76 1 1 66 81 1 25 24 61 1 16 46 80 1 0 30 66 1 28 52 91 1 23 66 68 1 0 0 0 0 25 57 63 1 0 0 0 0 15 43 70 1 6 47 94 1 2 30 83 1 18 34 52 1 13 53 113 1 15 36 85 1 4 50 100 1 6 61 84 1 17 77 53 1 0 0 0 0 10 48 71 1 35 56 76 1 19 47 84 1 0 0 0 0 4 53 80 1 13 43 100 1
5 53 79 1 24 63 67 1 11 61 74 1 12 41 76 1 1 45 65 1 0 40 94 1 11 59 91 1 29 59 78 1 39 72 74 1 18 70 90 1 30 93 66 1 36 36 92 1 3 60 95 1 0 0 0 0 4 69 67 1 11 46 67 1 15 38 102 1 0 0 0 0 0 0 0 0 13 57 93 1 0 53 57 1 0 0 0 0 0 48 94 1 0 55 90 1 24 44 97 1 29 28 89 1 9 28 85 1 19 42 58 1 27 46 70 1 13 17 72 1 0 33 87 1 6 46 98 1 21 37 88 1 4 59 72 1 0 55 69 1 18 62 59 1 0 48 90 1 2 67 92 1 0 65 68 1 7 26 82 1 3 32 65 1 2 36 79 1 52 73 78 1 9 48 73 1 0 0 0 0 12 44 83 1 14 40 75 1 15 35 54 1 3 41 96 1 0 0 0 0 10 34 76 1 38 54 84 1 20 39 81 1 0 43 84 1 25 49 62 1 0 42 61 1 0 0 0 0 0 52 69 1 0 65 63 1 14 57 85 1 4 51 85 1 0 0 0 0 11 35 66 1 17 43 95 1 0 35 76 1 10 38 63 1 0 81 78 1 20 53 69 1 2 57 57 1 0 39 77 1 24 35 80 1
14 58 70 1 33 61 88 1 21 65 86 1 7 57 88 1 39 47 106 1 0 68 56 1 14 52 82 1 16 55 102 1 0 0 0 0 5 77 76 1 20 40 85 1 31 53 82 1 25 54 89 1 5 49 66 1 17 36 91 1 16 70 71 1 26 33 93 1 6 51 90 1 31 41 96 1 16 31 87 1 0 0 0 0 3 56 88 1 11 69 117 1 0 0 0 0 20 69 72 1 14 65 118 1 29 25 66 1 13 50 94 1 12 38 79 1 31 59 85 1 0 45 82 1 0 50 80 1 10 44 88 1 18 58 89 1 1 56 61 1 19 58 54 1 0 50 67 1 6 60 73 1 0 0 0 0 0 66 93 1 26 38 86 1 0 0 0 0 17 46 71 1 21 30 65 1 22 37 58 1 32 33 72 1 6 53 68 1 23 36 78 1 8 55 70 1 29 57 91 1 0 39 81 1 25 40 88 1 6 41 103 1 0 42 60 1 0 38 70 1 14 40 82 1 4 45 82 1 10 49 81 1 12 26 113 1 0 60 53 1 9 58 91 1 20 50 59 1 37 61 83 1 0 0 0 0 23 47 90 1 0 56 68 1 6 61 113 1 12 27 74 1 0 0 0 0 9 46 79 1 0 46 96 1
31 48 75 1 36 38 69 1 43 64 85 1 19 57 97 1 14 44 95 1 0 42 101 1 5 60 82 1 10 37 86 1 23 29 92 1 23 62 101 1 17 52 85 1 0 60 57 1 10 36 83 1 17 62 60 1 0 0 0 0 0 56 66 1 0 0 0 0 47 66 65 1 15 44 90 1 33 54 76 1 10 46 96 1 0 37 69 1 26 25 76 1 23 39 77 1 28 63 98 1 30 71 69 1 0 53 106 1 28 44 82 1 24 60 108 1 25 36 64 1 0 11 64 1 5 57 74 1 0 46 77 1 6 35 81 1 6 26 53 1 0 62 72 1 0 56 92 1 0 75 80 1 0 48 58 1 37 36 80 1 33 55 98 1 15 46 100 1 12 46 77 1 8 44 70 1 0 0 0 0 11 44 59 1 23 40 81 1 0 34 66 1 16 61 85 1 0 0 0 0 0 61 84 1 0 0 0 0 7 46 67 1 24 28 96 1 15 47 58 1 0 40 72 1 12 49 99 1 10 68 86 1 0 50 75 1 0 0 0 0 0 43 74 1 43 50 98 1 11 56 108 1 2 36 66 1 18 77 55 1 0 0 0 0 0 43 94 1 0 0 0 0 16 72 88 1 20 39 70 1 12 49 69 1
0 0 0 0 13 57 81 1 26 42 104 1 16 52 91 1 0 50 73 1 16 43 74 1 40 65 84 1 17 67 73 1 4 59 79 1 10 53 77 1 0 0 0 0 0 0 0 0 7 43 91 1 8 36 74 1 9 65 86 1 0 0 0 0 2 28 87 1 13 72 87 1 27 45 78 1 11 54 67 1 0 0 0 0 32 73 76 1 1 57 84 1 0 58 86 1 0 0 0 0 19 51 70 1 19 24 83 1 27 39 86 1 0 0 0 0 5 48 91 1 16 41 63 1 19 31 88 1 14 26 58 1 0 0 0 0 18 34 98 1 3 66 59 1 9 47 79 1 4 49 88 1 30 60 51 1 7 46 63 1 0 32 99 1 0 56 77 1 34 46 97 1 15 32 95 1 27 55 81 1 2 52 94 1 12 51 64 1 47 54 97 1 9 30 78 1 0 39 81 1 0 49 91 1 0 51 70 1 4 37 73 1 11 46 57 1 0 48 75 1 11 39 63 1 0 54 70 1 7 42 43 1 15 24 68 1 36 32 62 1 12 72 66 1 10 17 106 1 3 57 54 1 23 29 82 1 0 53 47 1 13 57 71 1 1 57 75 1 18 46 87 1 36 36 70 1 0 0 0 0 0 40 53 1
0 57 113 1 0 53 89 1 0 52 81 1 23 46 73 1 0 0 0 0 19 54 95 1 0 0 0 0 0 67 92 1 0 47 79 1 25 71 57 1 0 32 72 1 2 48 83 1 6 61 91 1 0 60 75 1 0 51 95 1 19 55 91 1 21 51 84 1 23 64 80 1 21 18 73 1 0 68 83 1 0 0 0 0 27 44 90 1 2 75 95 1 24 59 59 1 9 45 87 1 0 0 0 0 24 51 81 1 24 53 76 1 11 32 76 1 30 47 67 1 6 60 70 1 1 36 68 1 28 43 74 1 22 58 85 1 35 53 66 1 0 0 0 0 0 59 72 1 29 59 60 1 14 54 67 1 16 49 63 1 12 46 51 1 0 0 0 0 13 35 80 1 18 45 89 1 13 43 70 1 0 30 77 1 40 63 69 1 26 60 100 1 13 26 82 1 25 68 98 1 19 58 90 1 0 35 97 1 18 33 68 1 26 40 72 1 22 41 78 1 0 37 52 1 0 38 68 1 10 45 60 1 11 39 77 1 3 33 85 1 0 55 70 1 26 56 76 1 0 0 0 0 0 0 0 0 2 21 103 1 13 22 75 1 0 46 59 1 20 43 67 1 28 20 85 1 4 30 76 1 33 48 55 1
17 51 113 1 14 47 96 1 10 44 98 1 0 0 0 0 17 49 98 1 10 37 85 1 10 39 97 1 11 73 83 1 14 56 97 1 0 66 76 1 19 38 81 1 37 30 84 1 3 56 80 1 0 0 0 0 0 35 80 1 0 43 85 1 16 29 96 1 10 37 91 1 0 0 0 0 9 55 69 1 0 0 0 0 38 77 93 1 6 66 79 1 11 78 69 1 0 44 100 1 29 66 52 1 34 54 97 1 11 48 106 1 15 42 94 1 15 33 85 1 9 43 68 1 13 67 80 1 0 0 0 0 19 18 79 1 3 62 82 1 28 56 63 1 0 53 43 1 0 0 0 0 0 45 60 1 2 36 93 1 0 36 87 1 15 45 75 1 19 34 84 1 0 65 74 1 18 29 52 1 10 62 70 1 13 50 78 1 28 68 70 1 11 57 97 1 0 0 0 0 19 21 91 1 10 34 81 1 15 32 85 1 5 32 80 1 0 35 82 1 0 0 0 0 10 21 70 1 19 65 57 1 0 0 0 0 16 31 81 1 27 31 91 1 14 27 53 1 38 35 83 1 45 52 79 1 17 32 77 1 0 49 60 1 2 36 63 1 0 0 0 0 10 49 54 1 0 25 68 1 4 35 94 1
26 78 74 1 2 26 108 1 24 40 87 1 13 45 113 1 19 73 83 1 0 74 86 1 0 0 0 0 1 37 80 1 3 43 69 1 33 45 85 1 27 52 79 1 0 34 82 1 4 52 68 1 27 46 84 1 0 59 69 1 0 55 72 1 32 54 93 1 23 49 117 1 6 29 78 1 25 45 68 1 10 59 102 1 0 0 0 0 0 0 0 0 12 43 90 1 0 0 0 0 13 38 95 1 5 48 73 1 0 0 0 0 0 0 0 0 0 60 91 1 0 44 94 1 21 18 67 1 16 38 82 1 19 24 71 1 8 45 51 1 0 56 88 1 16 37 82 1 7 26 84 1 0 44 92 1 0 0 0 0 3 66 60 1 0 42 83 1 12 24 84 1 10 20 70 1 1 45 72 1 0 39 65 1 12 48 79 1 2 51 51 1 7 66 102 1 0 52 77 1 0 53 87 1 0 0 0 0 0 48 73 1 0 0 0 0 0 0 0 0 16 46 78 1 7 30 54 1 2 59 75 1 11 36 76 1 13 33 65 1 42 55 68 1 0 32 85 1 8 48 54 1 8 50 73 1 6 42 60 1 27 51 85 1 24 52 83 1 4 60 76 1 19 57 86 1 0 0 0 0 16 34 62 1
13 44 85 1 0 0 0 0 31 40 89 1 11 59 74 1 13 38 84 1 9 55 69 1 9 63 77 1 19 50 69 1 0 58 68 1 11 50 81 1 17 79 91 1 30 73 87 1 16 59 86 1 5 53 75 1 17 63 89 1 3 52 95 1 0 0 0 0 3 53 73 1 7 45 71 1 10 37 71 1 5 47 98 1 35 39 60 1 18 31 88 1 0 0 0 0 9 46 64 1 1 58 79 1 17 35 73 1 27 42 72 1 27 50 73 1 20 41 69 1 4 54 74 1 5 49 87 1 0 0 0 0 19 36 86 1 13 38 56 1 0 32 104 1 0 38 74 1 0 62 93 1 10 20 74 1 0 30 77 1 7 50 85 1 1 34 84 1 19 30 78 1 27 27 61 1 0 0 0 0 22 62 61 1 35 31 80 1 0 42 77 1 16 79 86 1 0 53 94 1 24 34 71 1 6 44 85 1 0 0 0 0 0 0 0 0 2 43 69 1 0 46 87 1 0 0 0 0 12 58 59 1 25 42 55 1 0 23 91 1 12 56 92 1 16 23 81 1 0 59 55 1 26 64 71 1 3 21 77 1 14 44 68 1 22 42 95 1 29 24 80 1 13 46 85 1 0 33 58 1 0 27 62 1
10 30 87 1 3 44 76 1 4 29 85 1 6 48 74 1 15 44 85 1 18 17 78 1 4 50 92 1 11 46 97 1 11 54 62 1 26 58 85 1 35 50 80 1 21 33 76 1 11 24 70 1 0 29 75 1 0 0 0 0 11 34 64 1 0 53 58 1 13 24 74 1 30 43 81 1 14 37 84 1 0 32 90 1 12 25 70 1 20 45 81 1 0 0 0 0 7 66 90 1 12 49 88 1 24 55 78 1 20 58 91 1 0 47 91 1 3 24 92 1 14 51 75 1 0 38 84 1 4 38 77 1 21 41 77 1 13 31 81 1 22 43 69 1 5 19 96 1 8 26 59 1 0 54 56 1 15 42 79 1 18 62 77 1 21 40 68 1 22 51 90 1 10 14 77 1 18 32 62 1 13 57 72 1 2 51 90 1 13 43 107 1 0 0 0 0 0 74 98 1 0 48 92 1 0 0 0 0 0 46 96 1 0 63 56 1 11 23 60 1 11 49 76 1 35 46 67 1 12 48 79 1 0 33 57 1 0 38 85 1 0 40 103 1 0 0 0 0 4 56 85 1 0 42 76 1 0 0 0 0 0 20 61 1 24 44 57 1 0 0 0 0 16 44 73 1 2 44 76 1 9 19 59 1
22 34 97 1 15 39 81 1 22 36 71 1 12 52 98 1 0 43 77 1 14 38 83 1 5 48 46 1 22 42 60 1 5 23 67 1 40 61 89 1 4 45 82 1 18 51 82 1 5 53 55 1 13 68 95 1 18 40 102 1 0 0 0 0 9 69 100 1 0 56 86 1 0 0 0 0 25 26 88 1 3 44 71 1 9 29 68 1 13 49 93 1 24 48 88 1 18 57 82 1 8 47 90 1 30 23 69 1 31 58 69 1 0 0 0 0 5 41 81 1 10 44 46 1 8 46 88 1 17 37 88 1 17 49 71 1 9 12 89 1 32 34 92 1 11 50 91 1 4 39 70 1 0 30 76 1 13 59 80 1 18 54 57 1 4 52 73 1 20 15 76 1 20 50 67 1 22 58 91 1 25 34 98 1 26 33 80 1 3 60 94 1 7 56 101 1 17 31 100 1 0 44 68 1 0 0 0 0 29 35 94 1 29 36 82 1 0 22 60 1 9 48 61 1 0 0 0 0 4 49 63 1 6 19 78 1 10 64 74 1 4 25 66 1 11 22 69 1 7 46 68 1 17 32 60 1 0 21 70 1 19 35 78 1 0 27 75 1 0 54 69 1 0 33 65 1 6 50 52 1 5 26 81 1
53 31 82 1 0 0 0 0 6 44 68 1 5 47 100 1 15 52 88 1 21 46 66 1 0 0 0 0 3 40 63 1 18 35 71 1 0 55 81 1 24 62 100 1 9 64 72 1 28 58 77 1 19 52 84 1 25 39 66 1 18 34 63 1 9 50 86 1 0 0 0 0 5 41 93 1 31 40 96 1 9 29 85 1 8 43 101 1 9 36 95 1 8 45 100 1 27 42 84 1 42 48 83 1 27 33 68 1 0 53 81 1 13 36 44 1 19 23 81 1 29 38 63 1 11 38 63 1 8 41 61 1 0 34 75 1 0 0 0 0 22 46 83 1 12 43 74 1 44 23 91 1 4 51 76 1 12 37 77 1 6 42 77 1 0 0 0 0 12 46 95 1 0 16 71 1 14 48 68 1 14 46 65 1 32 47 94 1 0 31 68 1 8 36 87 1 12 34 86 1 22 50 96 1 0 0 0 0 12 31 79 1 0 0 0 0 0 26 109 1 22 34 58 1 0 31 66 1 51 14 70 1 0 28 94 1 2 28 71 1 1 28 44 1 14 58 74 1 24 44 48 1 16 42 74 1 1 62 78 1 10 55 54 1 13 39 77 1 22 42 84 1 0 61 101 1 37 53 88 1 13 25 67 1
5 55 70 1 18 67 79 1 0 0 0 0 38 55 80 1 23 48 74 1 15 56 65 1 0 0 0 0 10 27 87 1 15 64 90 1 13 56 61 1 0 45 73 1 22 67 66 1 0 44 75 1 0 48 81 1 7 32 71 1 20 47 83 1 0 47 79 1 0 0 0 0 13 50 91 1 0 0 0 0 0 58 96 1 21 34 64 1 7 68 86 1 0 0 0 0 7 56 97 1 39 36 98 1 30 28 90 1 0 53 60 1 0 62 67 1 21 39 66 1 10 39 71 1 17 29 60 1 22 44 86 1 15 33 57 1 0 0 0 0 35 48 64 1 0 43 78 1 3 59 59 1 30 58 71 1 6 49 67 1 1 29 71 1 21 39 99 1 12 62 80 1 4 13 92 1 35 28 66 1 39 32 72 1 34 39 72 1 34 58 69 1 4 58 105 1 26 23 79 1 16 33 97 1 0 30 75 1 23 38 91 1 0 34 78 1 34 28 92 1 4 47 54 1 14 33 92 1 0 40 74 1 33 33 80 1 21 32 59 1 1 66 56 1 12 39 63 1 0 0 0 0 5 47 64 1 0 31 57 1 0 25 76 1 22 48 43 1 0 40 80 1 27 54 68 1 18 33 58 1 30 16 74 1
0 46 78 1 8 37 75 1 3 44 57 1 0 0 0 0 29 25 102 1 19 46 64 1 0 57 72 1 26 45 81 1 19 33 88 1 6 46 83 1 0 0 0 0 0 32 76 1 0 50 91 1 7 55 96 1 5 70 73 1 2 53 93 1 17 39 91 1 24 61 81 1 13 45 85 1 0 0 0 0 25 41 82 1 31 53 93 1 22 25 75 1 0 0 0 0 6 34 90 1 13 41 73 1 17 21 92 1 15 29 67 1 46 42 79 1 27 41 79 1 27 37 62 1 33 30 105 1 16 30 87 1 0 38 86 1 5 41 104 1 3 47 63 1 21 48 64 1 13 27 63 1 8 70 79 1 29 31 78 1 4 80 105 1 0 63 89 1 0 61 82 1 44 53 62 1 31 29 52 1 24 32 75 1 22 55 85 1 13 60 71 1 14 26 69 1 15 50 77 1 0 45 87 1 0 32 72 1 0 40 64 1 5 43 63 1 25 62 90 1 22 21 81 1 0 0 0 0 18 41 74 1 0 26 70 1 3 25 76 1 12 47 81 1 0 31 51 1 0 0 0 0 7 30 45 1 0 30 49 1 5 45 85 1 1 24 51 1 0 0 0 0 0 24 78 1 27 40 80 1 0 0 0 0
23 37 64 1 0 33 57 1 0 0 0 0 8 59 65 1 27 57 87 1 15 49 68 1 11 28 89 1 32 36 70 1 16 47 83 1 5 39 64 1 27 56 81 1 5 51 41 1 8 47 68 1 12 37 73 1 25 56 74 1 3 50 73 1 0 28 70 1 0 37 74 1 0 0 0 0 5 74 83 1 19 49 72 1 11 34 85 1 15 29 69 1 0 10 91 1 24 37 68 1 0 34 116 1 11 40 68 1 5 54 74 1 26 52 61 1 9 47 63 1 8 39 80 1 17 47 80 1 0 30 80 1 16 59 83 1 25 42 81 1 13 56 77 1 9 70 83 1 18 40 54 1 11 43 70 1 20 56 87 1 4 26 91 1 20 39 72 1 0 47 104 1 28 33 62 1 14 42 88 1 0 51 85 1 16 30 67 1 1 44 72 1 0 0 0 0 0 0 0 0 43 40 78 1 17 60 60 1 0 56 89 1 15 19 70 1 8 33 63 1 0 45 73 1 0 39 86 1 14 45 90 1 8 32 61 1 12 46 87 1 3 43 74 1 0 25 58 1 0 33 76 1 6 19 72 1 16 48 61 1 0 0 0 0 6 34 69 1 0 53 62 1 9 40 56 1 6 51 47 1 0 49 61 1
2 34 66 1 24 27 70 1 6 57 72 1 13 54 95 1 16 54 56 1 15 39 84 1 11 40 70 1 0 37 82 1 7 59 55 1 26 40 86 1 4 62 70 1 2 56 81 1 6 49 82 1 9 35 75 1 11 55 75 1 0 0 0 0 18 34 105 1 6 41 101 1 0 36 60 1 6 16 84 1 1 42 84 1 24 33 77 1 7 51 82 1 12 37 94 1 23 55 79 1 14 77 67 1 9 39 83 1 0 0 0 0 36 28 73 1 14 63 79 1 0 54 86 1 27 43 86 1 19 32 103 1 16 44 66 1 1 55 80 1 18 37 61 1 20 46 75 1 0 60 82 1 28 42 82 1 2 32 65 1 22 35 72 1 0 33 52 1 5 56 83 1 18 50 71 1 11 46 74 1 23 50 59 1 15 24 56 1 7 62 66 1 16 24 77 1 12 13 82 1 26 35 70 1 35 36 101 1 11 49 98 1 8 24 65 1 12 7 73 1 25 51 88 1 7 57 72 1 10 36 77 1 0 23 59 1 0 0 0 0 0 39 71 1 0 36 76 1 0 0 0 0 16 39 75 1 16 28 54 1 12 21 96 1 0 1 73 1 11 40 74 1 0 45 65 1 16 38 71 1 22 47 61 1
20 44 50 1 29 26 99 1 20 62 66 1 4 42 77 1 7 49 78 1 14 47 70 1 0 59 80 1 26 40 88 1 31 35 61 1 33 47 86 1 0 17 90 1 16 43 95 1 42 52 72 1 21 55 78 1 0 51 81 1 29 39 92 1 15 52 76 1 14 23 93 1 18 28 87 1 23 32 90 1 16 48 70 1 5 52 110 1 6 59 68 1 0 49 76 1 11 48 80 1 5 56 92 1 0 46 82 1 7 30 78 1 23 53 88 1 31 41 79 1 0 48 60 1 0 0 0 0 1 55 69 1 15 60 82 1 5 37 74 1 19 52 113 1 13 60 79 1 5 54 43 1 0 31 71 1 29 37 61 1 15 19 66 1 13 50 68 1 0 37 78 1 0 0 0 0 29 42 83 1 3 22 103 1 17 33 82 1 5 49 83 1 7 29 77 1 2 36 65 1 23 36 117 1 27 57 89 1 0 11 99 1 0 0 0 0 0 0 0 0 10 39 76 1 10 35 64 1 0 27 69 1 0 40 82 1 15 57 81 1 19 37 108 1 0 26 75 1 7 58 81 1 28 53 90 1 9 42 56 1 8 26 81 1 0 63 66 1 21 36 71 1 30 52 88 1 17 29 82 1 23 20 89 1
0 0 0 0 16 46 74 1 5 57 86 1 9 25 73 1 18 52 80 1 0 46 53 1 1 65 53 1 18 43 82 1 14 22 77 1 14 35 105 1 0 0 0 0 1 38 85 1 1 44 80 1 3 38 90 1 4 34 72 1 0 0 0 0 22 47 59 1 40 40 80 1 23 36 73 1 14 41 69 1 9 30 63 1 12 24 89 1 10 76 74 1 9 41 62 1 24 17 79 1 53 44 98 1 0 35 81 1 9 33 74 1 25 43 71 1 0 49 92 1 0 0 0 0 30 38 70 1 0 43 82 1 14 47 79 1 0 0 0 0 12 15 92 1 20 31 51 1 12 29 80 1 5 38 69 1 29 37 78 1 22 45 79 1 28 41 63 1 44 31 54 1 17 8 55 1 42 29 68 1 16 49 78 1 0 0 0 0 8 34 64 1 32 41 82 1 25 49 79 1 13 48 87 1 11 2 69 1 18 28 96 1 12 26 53 1 0 0 0 0 7 12 58 1 0 23 56 1 10 49 58 1 0 0 0 0 0 47 84 1 4 58 74 1 9 22 88 1 29 23 49 1 0 32 75 1 10 41 102 1 33 35 75 1 0 15 74 1 15 67 68 1 0 31 106 1 0 44 66 1 27 48 57 1
0 44 91 1 0 43 67 1 20 70 62 1 0 46 72 1 6 34 67 1 0 0 0 0 8 40 85 1 22 51 92 1 4 41 79 1 22 35 76 1 7 43 71 1 22 50 59 1 23 38 86 1 0 40 40 1 14 23 75 1 18 34 64 1 14 35 88 1 12 38 80 1 8 42 69 1 0 0 0 0 5 46 85 1 8 24 79 1 4 65 72 1 1 30 56 1 12 50 70 1 0 0 0 0 25 53 82 1 0 57 101 1 0 0 0 0 20 27 71 1 0 31 75 1 12 55 51 1 32 44 93 1 22 44 74 1 5 33 73 1 37 28 74 1 16 27 54 1 0 55 70 1 17 36 75 1 0 29 90 1 8 32 65 1 8 29 64 1 0 0 0 0 9 26 68 1 20 29 87 1 17 44 79 1 6 21 70 1 30 36 78 1 3 9 68 1 0 45 74 1 13 17 65 1 8 40 75 1 0 31 97 1 22 24 92 1 2 52 92 1 0 28 68 1 27 45 71 1 13 40 72 1 28 35 102 1 0 20 85 1 3 30 77 1 24 48 79 1 0 2 67 1 0 56 94 1 0 49 73 1 0 35 85 1 12 39 76 1 0 0 0 0 0 18 60 1 17 53 88 1 10 32 103 1
0 39 81 1 0 17 36 1 0 49 62 1 12 45 76 1 23 57 68 1 17 50 66 1 4 59 84 1 9 33 87 1 21 34 60 1 19 38 83 1 34 46 80 1 0 41 82 1 19 49 78 1 18 23 71 1 18 46 54 1 17 52 74 1 0 23 82 1 11 32 104 1 11 31 72 1 3 39 67 1 24 36 86 1 0 38 88 1 0 0 0 0 17 41 74 1 15 29 86 1 3 63 85 1 0 49 95 1 11 34 83 1 0 48 77 1 0 47 79 1 7 25 75 1 22 38 80 1 16 43 71 1 0 30 66 1 5 35 70 1 7 33 67 1 2 44 57 1 49 67 81 1 16 52 56 1 0 0 0 0 23 43 64 1 13 59 66 1 3 47 91 1 0 43 107 1 4 30 76 1 7 43 69 1 9 42 81 1 32 24 81 1 19 52 64 1 6 38 102 1 8 36 67 1 1 71 92 1 0 0 0 0 0 40 58 1 0 39 70 1 0 0 0 0 31 20 78 1 0 0 0 0 0 28 77 1 1 36 78 1 0 26 75 1 2 26 69 1 0 56 85 1 3 25 81 1 0 40 64 1 0 0 0 0 18 26 86 1 3 40 69 1 16 41 80 1 0 0 0 0 19 65 80 1
36 29 76 1 26 47 61 1 33 55 72 1 0 31 73 1 20 34 63 1 15 43 86 1 0 67 86 1 22 34 87 1 32 50 82 1 7 46 67 1 13 38 74 1 13 34 80 1 0 46 91 1 11 46 83 1 4 35 69 1 2 48 77 1 30 43 96 1 6 39 75 1 38 22 78 1 4 23 73 1 2 31 75 1 21 43 77 1 3 66 93 1 0 38 78 1 0 0 0 0 0 37 83 1 9 51 73 1 20 10 77 1 8 64 63 1 9 39 58 1 0 0 0 0 1 48 104 1 32 37 83 1 0 43 88 1 0 28 69 1 12 43 59 1 21 50 83 1 19 40 63 1 17 50 61 1 29 35 71 1 1 43 66 1 1 51 65 1 0 0 0 0 0 0 0 0 17 21 112 1 32 33 71 1 16 36 60 1 15 22 73 1 3 55 70 1 0 53 83 1 0 48 60 1 1 58 98 1 10 36 71 1 18 30 71 1 25 23 81 1 0 13 37 1 0 42 59 1 0 29 57 1 26 22 75 1 16 16 62 1 20 49 74 1 0 37 72 1 5 43 73 1 1 36 93 1 14 38 34 1 10 28 50 1 13 32 90 1 13 31 58 1 30 37 74 1 15 45 83 1 0 0 0 0
0 51 116 1 15 40 80 1 0 0 0 0 0 43 71 1 17 35 69 1 0 64 70 1 13 39 64 1 4 59 79 1 24 37 58 1 18 16 68 1 12 57 72 1 0 58 83 1 21 36 88 1 29 36 90 1 0 0 0 0 0 0 0 0 22 55 80 1 23 44 87 1 14 29 71 1 10 56 66 1 8 37 75 1 17 24 73 1 0 0 0 0 14 29 76 1 23 35 67 1 0 37 86 1 0 0 0 0 7 48 47 1 24 51 82 1 8 15 58 1 7 40 78 1 6 32 101 1 21 27 77 1 33 43 58 1 4 48 80 1 32 57 78 1 11 49 68 1 14 44 72 1 0 47 67 1 2 29 77 1 0 47 57 1 15 23 59 1 0 34 89 1 10 35 85 1 2 16 54 1 18 17 92 1 10 59 94 1 16 45 97 1 25 48 73 1 0 0 52 1 5 33 77 1 0 0 0 0 4 42 83 1 3 26 62 1 1 25 62 1 3 29 57 1 0 31 58 1 1 48 49 1 0 0 0 0 25 41 51 1 0 32 84 1 0 0 0 0 0 5 65 1 5 32 81 1 2 48 100 1 18 47 77 1 0 0 0 0 0 0 0 0 0 0 0 0 9 40 78 1 27 32 87 1