2
339 626 129 67
0 15 19 1 0 27 28 1 0 3 25 1 0 42 44 1 2 34 35 1 0 20 35 1 14 65 4 1 13 28 26 1 57 63 48 1 72 63 47 1 0 7 0 1 6 26 9 1 70 87 107 1 96 130 107 1 46 70 57 1 31 55 28 1 27 43 22 1 18 44 5 1 47 59 39 1 35 77 31 1 27 55 36 1 78 85 64 1 34 64 38 1 0 13 0 1 25 0 0 1 5 9 20 1 1 17 24 1 5 59 1 1 72 63 48 1 49 69 60 1 67 85 47 1 32 64 26 1 6 26 0 1 32 66 16 1 0 57 32 1 16 36 22 1 0 0 0 0 1 20 7 1 3 12 1 1 0 6 0 1 54 55 47 1 55 74 52 1 33 29 4 1 82 103 66 1 98 138 85 1 0 44 17 1 0 4 0 1 71 118 103 1 85 105 59 1 59 92 64 1 59 72 48 1 27 39 6 1 43 30 12 1 42 44 12 1 88 87 66 1 67 94 48 1 126 101 91 1 161 178 151 1 0 0 0 0 115 146 93 1 73 73 36 1 65 94 7 1 124 135 89 1 63 92 49 1 0 0 0 0 0 0 0 0 108 123 63 1
6 44 48 1 14 48 17 1 0 41 49 1 39 35 31 1 36 57 53 1 23 64 20 1 21 42 53 1 55 53 17 1 37 37 4 1 3 25 11 1 6 17 0 1 36 102 68 1 87 102 65 1 49 65 50 1 32 55 35 1 58 62 40 1 46 43 43 1 0 0 0 0 72 99 56 1 66 106 42 1 0 0 0 0 94 97 78 1 43 63 17 1 4 39 25 1 27 45 44 1 10 73 59 1 41 74 22 1 91 117 76 1 29 63 45 1 0 14 0 1 40 47 24 1 60 86 44 1 0 0 0 0 9 43 4 1 6 13 1 1 19 60 9 1 21 38 0 1 17 0 3 1 0 0 0 0 62 91 50 1 59 77 49 1 34 51 33 1 24 24 6 1 45 59 27 1 88 90 59 1 73 102 49 1 26 40 42 1 4 47 61 1 0 38 0 1 61 109 86 1 14 69 47 1 20 40 17 1 28 69 9 1 92 92 90 1 133 141 92 1 155 150 126 1 180 171 145 1 169 161 109 1 0 0 0 0 143 176 79 1 0 0 0 0 86 114 56 1 0 0 0 0 98 92 72 1 0 8 2 1 34 48 4 1 149 181 146 1
5 42 5 1 7 28 40 1 17 44 0 1 9 30 21 1 37 36 47 1 67 93 65 1 64 93 58 1 49 78 57 1 19 53 17 1 14 66 13 1 71 62 59 1 0 0 0 0 69 77 56 1 11 27 0 1 42 32 4 1 0 0 0 0 64 106 63 1 110 136 89 1 73 105 40 1 0 0 0 0 70 103 65 1 67 104 72 1 68 74 44 1 30 37 40 1 0 0 0 0 0 30 37 1 19 53 13 1 10 20 0 1 47 51 20 1 2 49 29 1 0 0 0 0 52 69 81 1 37 60 14 1 2 46 0 1 21 52 7 1 0 0 0 0 13 29 11 1 0 4 0 1 35 79 28 1 0 0 0 0 0 0 0 0 59 92 27 1 22 14 15 1 0 0 0 0 53 69 42 1 60 56 46 1 31 46 38 1 31 46 6 1 22 57 33 1 30 68 46 1 0 0 0 0 0 0 0 0 85 86 72 1 107 120 103 1 0 0 0 0 162 120 106 1 129 124 96 1 80 78 72 1 62 62 16 1 72 70 45 1 0 0 0 0 0 0 0 0 23 64 27 1 41 52 53 1 0 0 0 0 43 61 57 1 111 152 86 1
27 24 51 1 13 34 36 1 13 50 57 1 9 45 34 1 24 54 14 1 74 85 65 1 78 123 62 1 53 75 33 1 83 68 36 1 84 114 87 1 81 106 55 1 57 99 63 1 74 76 56 1 59 82 74 1 87 97 51 1 61 109 64 1 39 93 53 1 83 152 59 1 88 105 72 1 91 114 78 1 112 138 83 1 38 76 34 1 31 66 25 1 0 0 0 0 22 33 23 1 35 67 40 1 35 59 50 1 0 24 26 1 60 82 63 1 85 96 51 1 20 57 7 1 37 69 26 1 38 54 6 1 0 0 0 0 13 68 20 1 62 61 15 1 8 55 22 1 21 39 22 1 29 42 26 1 66 98 68 1 98 130 86 1 58 97 60 1 39 78 16 1 12 40 0 1 75 91 82 1 58 70 62 1 42 62 35 1 47 71 53 1 41 91 35 1 28 64 7 1 37 42 22 1 82 76 64 1 132 136 95 1 94 119 79 1 186 160 172 1 100 80 42 1 76 84 66 1 114 124 85 1 93 115 65 1 48 96 48 1 77 108 67 1 68 72 51 1 63 95 61 1 3 47 6 1 33 75 30 1 69 99 66 1 59 103 39 1
0 15 43 1 35 64 48 1 64 99 59 1 77 117 88 1 57 87 58 1 48 48 16 1 94 111 76 1 84 105 70 1 104 119 69 1 48 98 67 1 0 0 0 0 83 103 59 1 74 124 79 1 65 94 66 1 65 69 15 1 63 93 54 1 64 101 68 1 98 117 92 1 80 118 85 1 112 128 120 1 117 141 104 1 29 89 32 1 19 31 21 1 10 28 0 1 0 33 13 1 43 73 56 1 7 44 23 1 17 47 23 1 17 38 0 1 19 31 11 1 66 103 58 1 86 118 74 1 59 95 69 1 12 58 32 1 44 42 24 1 12 12 15 1 0 13 0 1 18 42 5 1 25 22 7 1 0 0 0 0 95 113 47 1 81 90 24 1 111 110 88 1 106 130 68 1 47 102 65 1 64 114 46 1 49 106 59 1 51 56 38 1 7 32 0 1 43 59 58 1 96 106 55 1 102 114 74 1 171 159 139 1 118 109 76 1 178 148 141 1 120 105 83 1 84 84 39 1 111 99 101 1 82 100 18 1 9 33 0 1 69 76 68 1 61 110 87 1 84 110 91 1 1 13 7 1 0 0 0 0 28 77 12 1 62 83 59 1
83 94 95 1 120 133 123 1 83 134 109 1 35 83 52 1 40 69 25 1 39 77 47 1 61 90 54 1 61 86 65 1 77 108 36 1 95 109 48 1 69 90 26 1 69 97 73 1 121 128 74 1 44 84 56 1 42 62 32 1 0 0 0 0 126 92 66 1 110 137 65 1 101 100 54 1 130 129 70 1 91 125 100 1 70 102 94 1 73 91 66 1 61 71 58 1 34 61 56 1 52 58 76 1 53 82 40 1 27 65 22 1 5 63 25 1 30 39 39 1 33 44 4 1 36 71 35 1 46 71 41 1 31 72 40 1 0 0 0 0 0 0 0 0 81 102 66 1 63 102 21 1 93 88 65 1 0 0 0 0 70 82 81 1 100 85 57 1 57 81 98 1 72 76 65 1 74 90 83 1 64 67 50 1 74 101 69 1 46 79 25 1 26 54 10 1 44 26 30 1 189 160 141 1 195 200 192 1 115 134 76 1 135 119 98 1 144 143 89 1 0 0 0 0 114 120 74 1 83 117 62 1 25 71 23 1 0 0 0 0 73 85 42 1 64 75 59 1 33 73 63 1 13 76 51 1 13 66 42 1 35 78 77 1 31 52 26 1
70 111 87 1 0 0 0 0 105 113 93 1 60 98 71 1 41 72 29 1 0 0 0 0 38 83 24 1 102 142 90 1 0 0 0 0 84 86 65 1 0 0 0 0 0 0 0 0 0 0 0 0 76 98 55 1 98 94 63 1 138 120 109 1 0 0 0 0 80 91 49 1 76 102 73 1 87 133 71 1 0 0 0 0 0 0 0 0 65 96 73 1 60 90 66 1 34 88 45 1 0 0 0 0 74 123 84 1 64 85 58 1 62 109 60 1 0 0 0 0 55 60 27 1 0 0 0 0 30 56 26 1 6 14 0 1 59 82 52 1 73 86 85 1 8 44 22 1 51 64 51 1 36 45 45 1 38 77 47 1 97 103 79 1 68 108 72 1 61 60 32 1 49 74 67 1 67 70 94 1 117 83 107 1 35 62 24 1 28 15 9 1 92 69 48 1 143 136 94 1 0 0 0 0 148 135 95 1 0 0 0 0 125 153 78 1 65 48 0 1 38 64 8 1 92 107 79 1 90 142 88 1 80 98 52 1 40 77 45 1 0 0 0 0 98 131 82 1 50 100 70 1 17 50 47 1 19 48 35 1 19 35 0 1 37 39 17 1
74 114 115 1 90 130 97 1 102 117 71 1 68 129 67 1 43 90 40 1 7 9 6 1 31 83 22 1 92 118 85 1 69 100 78 1 79 150 86 1 90 135 80 1 119 113 66 1 81 134 88 1 103 117 71 1 99 125 100 1 0 0 0 0 90 136 80 1 62 101 35 1 55 100 35 1 88 117 74 1 97 112 66 1 63 80 77 1 97 81 72 1 86 136 100 1 52 79 52 1 39 61 26 1 55 103 62 1 78 103 81 1 68 58 59 1 71 85 63 1 0 0 0 0 7 18 0 1 56 39 38 1 43 80 63 1 76 117 95 1 74 112 109 1 19 45 25 1 35 54 41 1 0 41 32 1 0 36 0 1 0 0 0 0 36 33 49 1 37 37 16 1 51 98 47 1 53 35 15 1 0 0 0 0 42 72 32 1 97 87 66 1 160 151 109 1 156 164 149 1 191 170 119 1 183 144 117 1 150 150 113 1 125 123 81 1 51 68 48 1 83 116 63 1 0 0 0 0 103 124 92 1 99 84 69 1 51 115 77 1 38 75 64 1 62 72 71 1 34 55 49 1 9 47 33 1 0 0 0 0 34 36 12 1 43 50 53 1
71 97 71 1 70 116 80 1 70 72 51 1 77 90 44 1 51 54 53 1 0 0 0 0 34 70 35 1 95 112 103 1 82 121 77 1 105 116 97 1 118 111 71 1 109 111 73 1 123 138 108 1 104 127 69 1 0 0 0 0 101 121 72 1 95 111 76 1 45 111 68 1 79 89 38 1 88 128 38 1 85 99 85 1 71 103 54 1 53 73 61 1 72 85 70 1 91 74 84 1 89 111 63 1 96 90 88 1 62 108 65 1 48 70 57 1 24 47 28 1 0 0 0 0 55 72 36 1 68 68 41 1 4 40 41 1 69 56 40 1 8 67 48 1 14 27 17 1 23 53 25 1 13 35 13 1 0 0 0 1 12 13 34 1 29 56 10 1 1 30 9 1 46 39 7 1 55 39 47 1 95 80 59 1 148 142 125 1 0 0 0 0 167 186 123 1 167 172 112 1 165 111 121 1 110 131 97 1 103 100 70 1 57 51 29 1 45 110 45 1 80 98 48 1 49 97 50 1 59 102 70 1 73 104 70 1 59 78 76 1 24 70 68 1 0 0 0 0 20 35 42 1 11 40 38 1 35 65 60 1 51 57 49 1 51 60 58 1
77 127 95 1 60 89 67 1 42 80 33 1 51 74 56 1 47 54 3 1 8 28 2 1 0 0 0 0 139 143 129 1 0 0 0 0 89 115 43 1 114 112 85 1 49 108 42 1 59 43 34 1 53 71 44 1 75 111 76 1 74 82 73 1 44 69 27 1 23 63 25 1 66 70 73 1 60 69 22 1 33 58 33 1 51 89 65 1 25 53 47 1 0 42 19 1 0 0 0 0 75 105 86 1 63 55 38 1 0 19 18 1 7 36 8 1 0 0 0 0 51 50 28 1 36 47 35 1 37 61 34 1 0 0 0 0 12 38 14 1 0 0 0 0 33 57 24 1 0 34 16 1 29 39 46 1 15 55 26 1 16 24 8 1 38 48 54 1 27 36 6 1 43 46 38 1 147 145 136 1 216 202 168 1 214 189 177 1 168 157 132 1 219 205 183 1 0 0 0 0 83 73 42 1 102 86 31 1 62 60 50 1 87 92 48 1 75 95 71 1 58 89 11 1 61 82 47 1 72 118 79 1 70 120 104 1 39 82 67 1 30 66 42 1 0 43 26 1 11 33 37 1 12 27 13 1 0 0 0 0 51 47 40 1 57 62 33 1
52 77 56 1 0 0 0 0 60 81 33 1 77 86 60 1 0 0 0 0 21 40 7 1 66 97 35 1 61 122 52 1 83 121 53 1 110 112 79 1 71 87 63 1 13 40 0 1 29 42 19 1 68 57 44 1 41 80 33 1 58 89 48 1 54 46 27 1 62 51 34 1 57 82 16 1 55 76 35 1 45 80 67 1 19 80 50 1 23 57 44 1 0 0 0 0 51 76 31 1 117 112 99 1 61 83 87 1 39 24 7 1 1 39 0 1 50 73 18 1 63 96 45 1 0 0 0 0 20 53 45 1 0 0 0 0 0 0 0 0 11 42 27 1 5 9 6 1 0 9 0 1 0 1 20 1 0 0 0 0 25 27 8 1 30 60 62 1 47 61 67 1 113 106 70 1 199 188 172 1 188 167 152 1 191 169 142 1 170 177 111 1 160 173 108 1 91 94 51 1 33 52 0 1 9 41 17 1 46 56 29 1 57 56 35 1 47 86 35 1 36 71 30 1 59 118 68 1 19 97 65 1 55 71 49 1 5 61 8 1 38 41 48 1 11 37 11 1 33 52 32 1 10 26 15 1 60 69 53 1 91 82 38 1 93 102 47 1
39 41 15 1 27 48 0 1 65 59 55 1 0 0 0 0 60 60 40 1 66 94 48 1 0 0 0 0 38 71 33 1 0 0 0 0 114 118 92 1 49 53 30 1 25 30 9 1 69 92 55 1 95 82 93 1 60 75 67 1 49 81 53 1 31 57 32 1 34 49 28 1 0 0 0 0 36 80 51 1 94 110 95 1 66 89 73 1 19 52 4 1 45 77 33 1 38 64 45 1 18 65 23 1 74 91 74 1 53 55 33 1 0 14 0 1 3 39 0 1 71 76 27 1 55 93 47 1 23 31 32 1 0 36 17 1 0 27 0 1 25 52 19 1 0 16 27 1 0 0 0 0 2 43 44 1 18 33 22 1 35 39 0 1 56 42 21 1 44 43 22 1 132 110 98 1 241 198 199 1 184 193 162 1 147 128 114 1 0 0 0 0 91 101 40 1 61 89 28 1 85 82 81 1 64 71 0 1 98 110 40 1 66 84 71 1 49 90 34 1 90 110 66 1 0 0 0 0 27 56 25 1 0 0 0 0 0 28 23 1 6 22 42 1 7 33 42 1 9 40 44 1 87 91 55 1 101 108 83 1 83 88 60 1 104 105 51 1
1 33 5 1 54 96 27 1 0 0 0 0 68 105 63 1 86 103 73 1 0 0 0 0 28 69 41 1 54 80 42 1 73 93 71 1 91 108 94 1 119 116 94 1 54 86 58 1 86 83 75 1 61 85 84 1 35 64 35 1 11 25 1 1 0 19 13 1 4 14 28 1 14 53 4 1 3 74 41 1 24 102 37 1 42 33 26 1 40 44 42 1 71 99 82 1 71 104 90 1 63 117 69 1 80 88 82 1 80 111 71 1 64 102 65 1 64 96 56 1 66 104 47 1 0 43 7 1 0 31 0 1 23 34 4 1 36 36 31 1 0 0 0 0 23 33 17 1 0 0 0 0 27 54 41 1 55 64 30 1 28 36 27 1 63 54 39 1 131 125 126 1 202 175 152 1 143 123 100 1 156 143 101 1 145 143 97 1 0 0 0 0 46 64 0 1 63 92 20 1 104 106 70 1 48 72 18 1 97 112 83 1 108 129 61 1 61 61 30 1 63 108 55 1 56 80 36 1 15 38 54 1 26 33 59 1 18 57 28 1 32 24 17 1 13 35 15 1 55 79 36 1 65 85 71 1 50 43 16 1 65 102 65 1 0 0 0 0
40 88 49 1 52 71 57 1 55 88 46 1 65 101 61 1 93 120 80 1 0 0 0 0 53 57 63 1 61 69 49 1 43 95 57 1 93 98 49 1 91 108 76 1 77 81 60 1 73 96 51 1 51 78 67 1 14 68 67 1 4 64 25 1 42 72 29 1 63 103 80 1 80 114 91 1 57 100 79 1 25 27 17 1 10 35 13 1 14 44 21 1 61 117 55 1 37 88 34 1 42 83 35 1 80 88 28 1 56 89 50 1 58 104 61 1 51 52 13 1 0 0 0 0 73 109 87 1 77 126 86 1 105 108 102 1 71 102 89 1 0 31 13 1 36 40 8 1 26 55 7 1 31 65 54 1 53 40 41 1 36 79 55 1 111 137 67 1 0 0 0 0 0 0 0 0 0 0 0 0 179 180 149 1 72 78 37 1 98 114 40 1 74 99 57 1 89 119 48 1 87 86 73 1 36 52 17 1 0 0 0 0 67 94 71 1 38 72 45 1 61 80 59 1 37 54 18 1 10 46 32 1 11 74 18 1 33 37 23 1 0 38 42 1 26 37 33 1 79 113 77 1 69 86 50 1 73 75 35 1 0 0 0 0 191 183 125 1
34 70 28 1 54 55 43 1 38 94 40 1 70 88 68 1 54 98 83 1 49 138 56 1 66 86 36 1 83 97 43 1 0 0 0 0 68 85 82 1 123 130 94 1 90 106 78 1 33 72 59 1 11 27 22 1 22 3 0 1 43 48 37 1 62 76 64 1 73 140 77 1 56 112 48 1 56 69 66 1 49 90 67 1 35 94 55 1 0 56 28 1 0 0 0 0 72 105 83 1 74 96 74 1 71 118 70 1 0 0 0 0 0 0 0 0 52 69 43 1 64 78 62 1 91 101 74 1 0 0 0 0 62 92 55 1 52 64 59 1 0 0 0 0 21 0 0 1 0 75 43 1 16 37 0 1 51 69 40 1 108 133 103 1 142 155 138 1 122 139 118 1 137 124 85 1 170 161 133 1 139 148 100 1 68 58 3 1 110 117 72 1 0 0 0 0 70 112 45 1 61 87 71 1 23 41 13 1 35 60 42 1 49 100 60 1 56 72 60 1 40 61 29 1 6 9 22 1 0 0 0 0 58 48 47 1 9 31 33 1 21 41 51 1 23 39 38 1 88 79 48 1 98 81 69 1 101 105 99 1 150 137 87 1 0 0 0 0
67 91 60 1 51 83 38 1 64 86 71 1 59 129 90 1 89 94 58 1 69 116 69 1 115 106 98 1 108 106 83 1 77 104 79 1 90 101 55 1 67 96 64 1 81 64 68 1 51 45 26 1 7 22 10 1 8 53 51 1 63 99 69 1 69 103 76 1 11 88 58 1 65 94 22 1 53 79 51 1 64 109 39 1 46 95 61 1 53 67 34 1 82 113 42 1 72 101 71 1 48 88 39 1 60 90 41 1 51 79 37 1 30 44 0 1 59 75 22 1 32 105 51 1 19 40 0 1 37 43 24 1 0 0 0 0 54 51 40 1 59 64 29 1 5 30 11 1 12 42 29 1 32 69 58 1 128 101 100 1 124 98 97 1 0 0 0 0 103 137 92 1 0 0 0 0 0 0 0 0 91 91 44 1 61 78 25 1 23 42 16 1 16 60 33 1 93 73 64 1 58 103 64 1 0 0 0 0 84 74 29 1 83 89 70 1 53 100 49 1 36 67 22 1 27 62 14 1 20 63 28 1 28 59 34 1 37 43 22 1 49 78 40 1 36 53 33 1 105 101 61 1 156 119 123 1 163 133 107 1 152 129 87 1 124 101 106 1
98 111 72 1 97 130 95 1 93 150 85 1 82 113 66 1 106 112 103 1 84 102 67 1 109 117 64 1 106 145 97 1 0 0 0 0 85 132 90 1 0 0 0 0 0 0 0 0 19 45 15 1 26 67 43 1 70 96 85 1 65 90 62 1 63 89 79 1 62 103 50 1 63 101 44 1 79 122 75 1 51 107 26 1 45 100 28 1 28 87 46 1 81 107 65 1 103 117 80 1 85 121 65 1 93 163 79 1 103 87 79 1 88 76 47 1 81 102 56 1 62 100 68 1 0 0 0 0 77 91 66 1 78 83 71 1 13 16 27 1 0 0 0 0 18 31 38 1 12 51 6 1 34 63 54 1 109 135 56 1 92 91 68 1 74 78 44 1 148 131 121 1 121 156 93 1 74 58 14 1 0 0 0 0 100 116 74 1 73 80 48 1 0 0 0 0 82 100 56 1 69 97 69 1 0 0 0 0 71 98 85 1 43 64 50 1 19 28 33 1 31 54 54 1 26 32 50 1 6 12 26 1 0 0 0 0 60 48 48 1 0 0 0 0 71 87 73 1 141 132 98 1 167 164 125 1 86 75 70 1 114 101 59 1 103 105 68 1
91 114 68 1 75 116 112 1 84 132 89 1 97 133 85 1 0 0 0 0 82 129 65 1 74 85 11 1 80 131 56 1 94 142 91 1 89 100 58 1 77 112 74 1 70 92 74 1 0 0 0 0 0 52 50 1 38 66 26 1 57 102 67 1 0 0 0 0 63 124 51 1 53 95 54 1 58 119 51 1 66 81 40 1 62 86 29 1 67 80 53 1 69 100 34 1 70 101 65 1 48 102 35 1 73 76 42 1 66 105 38 1 76 83 37 1 62 85 51 1 0 0 0 0 40 64 37 1 21 47 25 1 25 34 12 1 4 27 0 1 0 0 0 0 31 51 34 1 86 96 48 1 77 83 66 1 59 69 40 1 139 77 46 1 109 89 85 1 78 93 54 1 88 67 29 1 0 0 0 0 0 0 0 0 41 45 27 1 91 139 63 1 89 115 107 1 87 98 85 1 76 84 60 1 74 118 87 1 62 107 52 1 8 9 15 1 12 40 36 1 16 42 13 1 63 32 40 1 26 45 26 1 62 77 46 1 75 77 64 1 90 79 65 1 144 111 103 1 142 137 103 1 169 188 128 1 85 55 47 1 0 0 0 0 68 109 49 1
69 127 82 1 74 111 83 1 0 0 0 0 78 113 58 1 119 145 88 1 82 145 73 1 93 130 71 1 111 144 66 1 0 0 0 0 101 134 97 1 48 119 60 1 48 79 65 1 44 61 36 1 28 65 18 1 0 46 1 1 32 94 61 1 74 117 65 1 64 105 76 1 77 97 66 1 55 107 42 1 84 108 47 1 49 89 51 1 73 91 63 1 51 71 38 1 80 84 46 1 91 127 41 1 58 83 54 1 71 88 61 1 70 90 67 1 63 75 54 1 48 70 27 1 92 70 49 1 24 49 35 1 25 30 29 1 33 35 22 1 12 31 10 1 35 72 71 1 52 101 59 1 22 54 20 1 0 44 23 1 63 86 12 1 89 81 40 1 98 92 62 1 64 79 11 1 17 65 23 1 26 43 0 1 66 97 34 1 0 0 0 0 103 115 72 1 81 150 80 1 72 105 83 1 58 33 54 1 22 71 16 1 25 43 20 1 0 23 25 1 40 65 50 1 12 37 38 1 29 35 0 1 29 31 12 1 52 75 41 1 76 95 89 1 136 135 85 1 103 104 71 1 0 0 0 0 84 76 65 1 48 50 7 1 90 61 40 1
85 113 85 1 85 90 67 1 84 115 72 1 61 106 25 1 83 120 77 1 0 0 0 0 95 114 76 1 73 102 45 1 118 158 114 1 122 157 126 1 0 0 0 0 27 39 38 1 15 29 14 1 57 76 54 1 0 0 0 0 86 128 89 1 32 71 52 1 59 112 61 1 72 97 44 1 62 63 43 1 75 111 71 1 83 95 84 1 34 55 37 1 30 45 33 1 51 52 1 1 63 115 47 1 58 88 68 1 82 108 77 1 80 91 58 1 67 73 62 1 34 60 58 1 25 46 33 1 13 26 8 1 0 0 0 0 16 63 20 1 42 63 76 1 32 69 22 1 0 0 0 0 71 89 48 1 0 0 0 0 92 80 90 1 74 70 39 1 78 64 19 1 97 95 84 1 94 98 72 1 81 71 53 1 104 122 106 1 0 0 0 0 60 99 62 1 0 0 0 0 53 74 47 1 0 10 0 1 22 19 27 1 50 50 44 1 17 25 34 1 0 0 0 0 28 39 32 1 12 34 30 1 51 21 9 1 92 77 46 1 113 95 103 1 99 92 47 1 105 105 92 1 66 76 60 1 85 92 47 1 65 104 53 1 0 0 0 0
91 105 58 1 0 0 0 0 0 0 0 0 0 0 0 0 88 94 80 1 91 132 83 1 0 0 0 0 68 116 77 1 101 120 101 1 104 132 86 1 45 71 18 1 39 30 3 1 30 61 40 1 100 89 67 1 73 115 39 1 83 102 75 1 41 100 60 1 61 117 53 1 66 98 54 1 45 107 45 1 80 94 63 1 67 106 70 1 42 57 0 1 56 70 26 1 84 91 48 1 89 105 32 1 44 78 47 1 59 90 40 1 43 102 55 1 42 62 55 1 19 42 19 1 22 18 0 1 10 32 0 1 0 54 0 1 3 50 15 1 38 46 22 1 0 0 0 0 69 72 69 1 95 171 105 1 93 97 98 1 83 79 60 1 45 68 17 1 69 69 18 1 89 126 66 1 95 92 103 1 79 90 55 1 73 73 68 1 55 78 44 1 33 49 46 1 0 0 0 0 45 32 62 1 6 0 2 1 15 26 24 1 32 42 52 1 41 58 31 1 6 60 33 1 30 42 45 1 65 73 49 1 98 70 57 1 170 122 98 1 123 139 72 1 105 132 63 1 81 106 72 1 79 62 66 1 80 94 62 1 51 69 49 1 45 47 11 1
93 112 66 1 92 132 71 1 108 136 75 1 0 0 0 0 109 97 98 1 118 106 110 1 74 111 99 1 72 104 90 1 47 100 85 1 74 104 81 1 27 53 24 1 69 83 75 1 0 0 0 0 88 119 64 1 65 88 49 1 71 97 79 1 48 90 46 1 82 80 79 1 82 119 75 1 94 108 75 1 19 61 28 1 45 62 30 1 36 53 14 1 0 0 0 0 76 102 47 1 0 0 0 0 43 82 49 1 0 0 0 0 0 0 0 0 9 42 18 1 21 26 19 1 8 24 7 1 8 39 0 1 30 46 39 1 39 58 5 1 62 38 10 1 70 84 66 1 89 69 85 1 73 74 59 1 35 18 11 1 34 43 0 1 66 61 54 1 67 84 52 1 90 97 53 1 103 113 90 1 108 115 79 1 0 0 0 0 4 10 4 1 17 30 22 1 13 47 29 1 1 36 22 1 18 35 28 1 21 63 36 1 17 53 23 1 45 49 26 1 17 37 58 1 77 67 30 1 119 99 81 1 119 125 120 1 140 153 112 1 143 121 76 1 109 56 76 1 106 69 80 1 56 76 51 1 78 76 65 1 59 66 30 1 35 41 10 1
130 136 117 1 0 0 0 0 96 157 111 1 100 139 99 1 122 121 80 1 72 90 68 1 47 65 63 1 0 0 0 0 28 66 64 1 71 46 57 1 55 70 76 1 74 76 62 1 102 109 64 1 70 79 61 1 69 75 39 1 86 95 57 1 85 94 60 1 79 111 80 1 80 123 87 1 106 92 68 1 36 74 35 1 15 29 13 1 72 78 70 1 111 114 68 1 68 102 94 1 32 90 53 1 41 78 43 1 40 95 68 1 9 50 1 1 0 29 0 1 9 23 0 1 0 7 23 1 0 0 0 0 39 38 18 1 137 117 101 1 74 80 76 1 45 53 40 1 49 36 48 1 75 67 48 1 50 62 22 1 38 60 42 1 35 53 0 1 21 58 4 1 56 72 40 1 70 105 98 1 52 96 58 1 48 56 34 1 0 44 15 1 18 45 27 1 0 43 53 1 0 16 26 1 0 0 0 0 61 73 75 1 18 29 26 1 9 7 18 1 40 44 30 1 24 83 28 1 126 93 96 1 117 118 63 1 122 120 58 1 114 117 85 1 116 79 49 1 80 95 40 1 67 53 43 1 62 71 31 1 51 39 40 1 0 0 0 0
103 119 90 1 89 117 79 1 88 106 96 1 56 70 69 1 42 13 18 1 27 46 19 1 35 53 27 1 59 49 43 1 27 58 32 1 0 0 0 0 117 127 105 1 120 89 101 1 92 117 66 1 58 61 43 1 84 91 46 1 80 81 43 1 86 109 41 1 0 0 0 0 0 0 0 0 46 86 26 1 56 54 35 1 55 86 45 1 62 92 89 1 61 85 78 1 73 120 80 1 41 80 60 1 46 57 55 1 59 106 56 1 11 70 30 1 8 3 36 1 7 12 0 1 0 0 0 0 0 0 0 0 83 105 79 1 102 133 86 1 125 123 93 1 50 91 20 1 51 65 24 1 29 38 4 1 0 0 0 0 30 35 8 1 42 58 38 1 46 67 62 1 76 93 48 1 30 66 46 1 32 60 28 1 6 11 6 1 13 40 16 1 0 0 0 0 46 45 33 1 16 40 39 1 17 54 68 1 31 61 27 1 13 76 32 1 26 75 2 1 54 63 47 1 95 138 83 1 107 102 79 1 98 114 65 1 119 80 49 1 0 0 0 0 110 131 98 1 92 78 71 1 55 58 47 1 48 60 29 1 0 0 0 0 27 53 23 1
88 90 45 1 86 121 70 1 84 79 52 1 53 63 65 1 35 39 45 1 4 10 13 1 46 63 16 1 81 89 53 1 132 136 91 1 151 151 126 1 133 151 108 1 0 0 0 0 96 94 92 1 0 0 0 0 84 117 60 1 124 103 36 1 68 99 53 1 65 99 29 1 67 77 50 1 27 54 14 1 0 0 0 0 95 136 66 1 79 124 75 1 66 102 76 1 69 111 77 1 44 63 32 1 14 52 22 1 5 37 15 1 0 35 21 1 0 23 27 1 0 0 1 1 21 19 9 1 111 99 88 1 131 113 110 1 104 110 58 1 84 90 64 1 47 57 50 1 28 63 4 1 59 52 19 1 0 0 0 0 7 20 7 1 19 53 7 1 69 106 77 1 29 61 80 1 13 52 22 1 25 52 35 1 30 14 32 1 0 0 0 0 4 30 52 1 45 51 43 1 62 54 48 1 52 58 44 1 13 35 39 1 15 35 0 1 0 0 0 0 0 0 0 0 117 134 92 1 106 124 51 1 78 77 34 1 105 102 56 1 110 117 106 1 123 146 120 1 88 97 89 1 52 72 27 1 20 54 46 1 46 77 37 1 41 35 32 1
65 67 67 1 0 0 0 0 53 58 33 1 120 104 78 1 86 104 61 1 47 60 32 1 86 90 65 1 94 112 87 1 111 139 87 1 106 131 92 1 137 135 98 1 0 0 0 0 124 120 118 1 102 134 82 1 101 146 106 1 146 126 105 1 99 105 69 1 74 104 57 1 48 63 53 1 6 71 57 1 0 0 0 0 0 0 0 0 94 104 81 1 0 0 0 0 33 68 71 1 0 0 0 0 0 31 13 1 5 13 7 1 9 22 0 1 20 35 31 1 25 48 25 1 70 90 70 1 109 109 110 1 76 119 69 1 0 0 0 0 59 48 47 1 23 30 12 1 36 42 40 1 49 60 38 1 52 63 25 1 0 0 0 0 3 27 13 1 12 68 31 1 4 16 7 1 2 36 8 1 0 11 12 1 16 27 27 1 37 53 41 1 33 53 46 1 28 59 76 1 40 34 30 1 7 34 33 1 35 27 24 1 58 60 38 1 95 108 63 1 112 122 96 1 79 108 63 1 83 87 32 1 64 60 33 1 69 69 30 1 77 79 29 1 82 124 90 1 74 79 57 1 57 66 30 1 34 45 23 1 20 47 19 1 0 0 0 0
77 95 121 1 73 87 95 1 88 95 98 1 0 0 0 0 0 0 0 0 72 104 58 1 106 118 85 1 134 166 110 1 96 119 62 1 65 103 84 1 106 93 76 1 89 96 98 1 119 96 77 1 105 130 88 1 97 109 80 1 77 94 75 1 75 94 82 1 75 139 108 1 0 0 0 0 64 87 61 1 63 110 77 1 104 125 89 1 91 120 76 1 90 85 84 1 30 66 16 1 13 25 9 1 26 50 37 1 21 50 23 1 0 21 0 1 0 46 31 1 44 60 63 1 57 77 71 1 105 99 103 1 64 109 57 1 42 53 43 1 27 43 0 1 3 39 9 1 26 40 10 1 36 48 46 1 103 105 91 1 53 96 104 1 25 56 54 1 41 45 51 1 17 60 32 1 21 39 32 1 6 46 26 1 24 53 26 1 20 40 23 1 18 34 8 1 0 0 11 1 68 72 61 1 0 0 0 0 10 28 0 1 121 123 111 1 154 156 98 1 35 67 24 1 64 61 38 1 78 75 40 1 60 77 25 1 33 55 0 1 59 48 15 1 36 49 24 1 76 80 41 1 69 61 47 1 44 63 60 1 51 40 37 1 34 72 36 1
42 65 81 1 97 152 117 1 121 147 142 1 120 146 100 1 97 104 92 1 100 84 94 1 98 132 109 1 93 124 82 1 92 121 88 1 101 116 100 1 112 132 92 1 85 99 47 1 115 104 66 1 115 129 80 1 106 160 105 1 95 98 87 1 65 95 77 1 70 132 73 1 103 129 77 1 69 116 68 1 95 109 76 1 102 106 62 1 79 122 94 1 92 105 84 1 57 50 35 1 39 44 37 1 19 46 44 1 0 63 37 1 20 64 64 1 25 51 31 1 41 33 4 1 30 64 35 1 61 47 43 1 56 48 55 1 44 55 48 1 29 58 30 1 58 75 48 1 41 77 42 1 69 66 57 1 0 0 0 0 0 0 0 0 0 59 33 1 0 19 41 1 6 47 26 1 0 61 49 1 27 25 6 1 44 16 12 1 44 22 22 1 24 52 26 1 41 28 26 1 13 47 8 1 96 76 59 1 122 129 152 1 0 0 0 0 90 85 33 1 75 71 39 1 61 55 33 1 52 70 28 1 0 0 0 0 73 44 25 1 32 70 19 1 24 39 12 1 22 87 33 1 98 86 60 1 78 78 47 1 49 47 26 1 33 67 4 1
0 22 51 1 9 31 42 1 87 92 77 1 134 135 151 1 125 158 153 1 103 121 109 1 103 92 130 1 139 147 125 1 94 137 121 1 118 129 101 1 62 100 96 1 59 70 68 1 0 0 0 0 104 122 93 1 98 107 84 1 95 80 72 1 53 74 43 1 33 55 33 1 51 93 41 1 62 113 66 1 102 92 90 1 81 97 76 1 80 110 73 1 79 96 94 1 43 72 48 1 43 54 36 1 14 32 29 1 9 16 22 1 33 27 52 1 0 0 0 0 1 38 15 1 8 28 19 1 45 41 29 1 40 40 44 1 36 37 53 1 55 72 44 1 48 56 30 1 56 90 80 1 63 94 62 1 50 84 74 1 8 56 43 1 2 21 63 1 0 29 24 1 7 36 42 1 0 19 34 1 27 53 27 1 0 10 22 1 11 18 0 1 22 21 14 1 87 72 35 1 115 99 52 1 126 120 113 1 0 0 0 0 77 108 57 1 80 77 44 1 44 48 11 1 56 60 35 1 61 56 40 1 51 63 46 1 53 51 34 1 36 46 20 1 32 42 14 1 62 72 53 1 105 118 92 1 91 89 61 1 62 69 50 1 47 89 58 1
12 45 85 1 25 54 75 1 8 31 54 1 50 76 88 1 0 0 0 0 36 32 46 1 32 77 68 1 95 120 100 1 104 165 125 1 105 114 127 1 83 96 65 1 127 139 104 1 114 109 102 1 102 95 85 1 98 107 77 1 0 0 0 0 85 101 59 1 65 93 72 1 67 77 50 1 75 83 18 1 49 87 69 1 82 109 57 1 0 0 0 0 85 90 87 1 54 66 39 1 7 37 21 1 53 42 28 1 54 67 59 1 27 47 40 1 12 40 12 1 0 0 0 0 9 62 12 1 29 74 49 1 47 40 78 1 41 67 63 1 40 64 34 1 40 71 49 1 59 76 24 1 28 60 48 1 0 0 0 0 0 33 21 1 0 52 21 1 24 24 24 1 0 43 28 1 0 19 7 1 13 38 50 1 53 58 29 1 89 94 52 1 122 96 66 1 166 128 91 1 148 116 75 1 114 114 68 1 72 71 47 1 0 0 0 0 36 45 24 1 71 30 35 1 32 71 34 1 50 48 31 1 12 38 39 1 48 36 27 1 49 48 35 1 0 23 0 1 65 73 53 1 148 160 131 1 97 93 100 1 45 75 27 1 0 0 0 0
23 51 92 1 1 59 74 1 0 0 0 0 0 51 20 1 1 36 57 1 0 0 0 0 20 45 63 1 10 59 77 1 0 0 0 0 30 60 57 1 26 62 64 1 58 93 83 1 52 99 90 1 83 130 101 1 0 0 0 0 39 62 55 1 40 84 54 1 84 109 68 1 57 67 63 1 0 0 0 0 42 65 22 1 53 100 34 1 98 96 86 1 54 70 68 1 34 43 47 1 17 49 35 1 49 39 39 1 41 19 22 1 26 44 11 1 14 6 27 1 36 57 54 1 0 37 29 1 51 78 45 1 36 63 56 1 46 65 43 1 21 32 9 1 48 81 33 1 44 54 38 1 7 22 16 1 0 0 0 0 29 41 22 1 21 46 30 1 12 46 50 1 0 0 0 0 0 0 0 0 25 54 30 1 0 0 0 0 0 0 0 0 155 146 111 1 150 158 118 1 155 143 103 1 89 91 28 1 68 69 11 1 106 118 84 1 77 74 39 1 21 32 0 1 55 50 29 1 48 63 32 1 30 33 51 1 33 50 15 1 0 0 0 0 8 23 10 1 55 103 73 1 116 163 107 1 90 105 65 1 31 69 38 1 37 43 23 1
0 48 70 1 0 37 52 1 7 7 86 1 37 53 72 1 32 64 61 1 8 32 71 1 7 70 88 1 0 56 71 1 3 12 73 1 0 46 70 1 12 41 63 1 24 73 67 1 51 68 75 1 0 0 0 0 42 100 98 1 33 73 86 1 0 0 0 0 37 67 39 1 32 94 66 1 64 58 22 1 21 54 32 1 67 59 68 1 76 102 87 1 54 92 59 1 21 31 34 1 27 54 44 1 0 0 0 0 19 53 32 1 26 29 24 1 0 0 0 0 19 61 31 1 53 69 53 1 16 45 32 1 0 0 0 0 66 71 62 1 37 58 33 1 34 23 0 1 0 0 0 0 0 61 36 1 11 42 30 1 18 37 16 1 3 35 22 1 25 30 34 1 17 30 19 1 0 0 0 0 38 55 18 1 156 156 118 1 152 119 114 1 163 159 117 1 142 115 80 1 112 101 81 1 0 0 0 0 0 0 0 0 72 67 46 1 0 0 0 0 38 35 34 1 8 25 27 1 2 36 13 1 32 30 19 1 21 39 28 1 35 71 33 1 24 40 51 1 5 34 0 1 76 92 64 1 0 0 0 0 0 0 0 0 0 0 0 0
0 51 78 1 0 0 0 0 0 67 94 1 16 75 86 1 6 65 65 1 6 54 87 1 19 46 100 1 1 31 68 1 7 54 80 1 0 38 69 1 13 52 68 1 0 32 74 1 4 37 52 1 9 75 83 1 44 92 96 1 49 91 80 1 0 0 0 0 60 69 75 1 55 98 83 1 102 98 76 1 102 92 75 1 73 98 60 1 13 64 35 1 22 43 52 1 0 0 0 0 21 39 61 1 0 0 0 0 0 0 0 0 3 18 28 1 30 37 23 1 54 56 40 1 44 62 61 1 37 45 28 1 31 86 34 1 37 54 36 1 0 46 33 1 0 0 0 0 30 49 39 1 13 65 26 1 0 18 13 1 0 22 25 1 0 0 0 0 0 0 0 0 10 24 12 1 19 50 26 1 85 68 62 1 155 121 87 1 112 114 85 1 104 91 50 1 109 69 46 1 51 26 11 1 29 45 7 1 55 57 15 1 46 58 29 1 72 66 41 1 44 40 28 1 36 56 32 1 0 0 0 0 36 67 25 1 33 41 37 1 36 43 24 1 47 51 9 1 19 49 36 1 16 38 20 1 58 93 73 1 38 47 36 1 24 51 40 1
0 46 86 1 0 39 71 1 0 58 77 1 0 55 71 1 0 74 91 1 0 51 72 1 0 46 64 1 23 55 91 1 0 35 82 1 0 0 0 0 37 70 79 1 24 53 68 1 15 45 64 1 4 47 61 1 0 26 57 1 8 35 70 1 32 40 66 1 54 116 61 1 0 0 0 0 73 115 70 1 68 113 87 1 43 86 48 1 31 34 31 1 17 42 26 1 29 37 45 1 23 45 49 1 31 53 41 1 9 43 27 1 32 39 21 1 25 64 48 1 32 76 66 1 57 82 55 1 0 0 0 0 21 98 35 1 14 44 26 1 5 44 23 1 11 63 38 1 9 46 67 1 0 62 20 1 0 47 16 1 20 39 27 1 10 45 15 1 6 35 16 1 0 24 7 1 3 25 16 1 46 90 30 1 60 64 16 1 76 67 37 1 36 21 24 1 22 23 0 1 61 99 53 1 71 47 38 1 52 82 71 1 101 105 103 1 67 68 44 1 0 12 0 1 17 52 55 1 28 53 37 1 37 52 25 1 26 69 47 1 29 62 36 1 53 52 25 1 27 76 66 1 51 79 49 1 30 84 33 1 70 91 55 1 64 66 77 1
5 41 100 1 0 64 70 1 1 75 78 1 0 54 79 1 0 63 80 1 22 47 103 1 7 50 85 1 0 56 76 1 0 55 64 1 0 25 59 1 0 55 58 1 0 31 54 1 3 59 29 1 12 66 88 1 18 81 75 1 0 0 0 0 24 32 62 1 35 49 66 1 0 0 0 0 59 91 82 1 60 71 72 1 39 66 50 1 48 61 44 1 33 67 35 1 38 52 26 1 7 29 57 1 39 47 21 1 4 40 51 1 35 52 45 1 48 50 55 1 19 78 58 1 57 114 69 1 45 66 50 1 32 71 45 1 0 0 0 0 21 37 41 1 0 0 15 1 0 0 0 0 0 16 15 1 13 38 7 1 0 53 24 1 42 25 51 1 9 54 35 1 43 44 37 1 33 39 7 1 47 77 27 1 64 47 12 1 0 0 0 0 26 68 23 1 37 22 0 1 66 103 75 1 45 58 43 1 0 0 0 0 65 104 63 1 0 0 0 0 20 33 35 1 43 52 47 1 28 68 30 1 45 60 40 1 37 105 25 1 0 0 0 0 54 43 32 1 8 28 0 1 45 85 18 1 12 28 0 1 82 111 74 1 92 97 100 1
0 48 76 1 1 65 79 1 3 33 78 1 0 45 66 1 0 54 66 1 6 62 84 1 5 53 57 1 19 47 69 1 20 60 51 1 49 61 71 1 13 56 92 1 5 75 98 1 4 56 68 1 19 43 71 1 0 46 59 1 26 42 43 1 8 45 59 1 23 50 36 1 1 20 47 1 41 92 133 1 80 119 114 1 68 90 109 1 0 0 0 0 58 69 30 1 17 63 11 1 6 37 18 1 0 25 29 1 17 43 31 1 0 0 0 0 39 58 41 1 41 80 98 1 58 75 103 1 60 48 46 1 52 32 20 1 27 65 28 1 27 45 45 1 0 0 0 0 18 40 37 1 1 39 15 1 0 37 25 1 7 45 23 1 11 20 32 1 15 39 19 1 0 0 0 0 63 78 46 1 124 112 88 1 128 109 84 1 0 0 0 0 45 59 42 1 42 39 2 1 53 65 63 1 27 47 0 1 5 25 0 1 46 47 35 1 31 45 28 1 44 53 58 1 48 70 20 1 36 66 45 1 56 43 31 1 22 28 0 1 42 73 19 1 43 87 35 1 64 71 56 1 1 22 0 1 39 68 11 1 63 95 83 1 63 58 27 1
0 54 106 1 0 57 76 1 0 40 78 1 0 0 0 0 14 43 67 1 1 69 93 1 16 60 87 1 0 47 75 1 0 37 64 1 33 59 61 1 0 63 73 1 0 41 86 1 4 40 75 1 14 56 81 1 15 51 86 1 24 53 71 1 3 54 85 1 0 61 54 1 25 46 58 1 0 43 65 1 0 0 0 0 114 114 121 1 0 0 0 0 65 106 75 1 40 60 32 1 0 28 14 1 22 53 36 1 63 72 54 1 37 71 63 1 33 56 64 1 55 85 87 1 29 31 75 1 39 47 58 1 17 64 69 1 19 46 61 1 0 0 0 0 0 0 0 0 11 26 0 1 1 20 7 1 0 0 2 1 3 14 5 1 0 18 21 1 3 19 6 1 66 62 47 1 106 113 78 1 114 113 106 1 131 133 111 1 95 113 78 1 33 72 30 1 36 66 41 1 38 48 30 1 48 75 33 1 54 59 49 1 0 0 0 0 42 73 41 1 48 31 42 1 56 56 28 1 13 24 26 1 10 32 19 1 0 0 0 0 68 100 56 1 91 103 37 1 94 116 68 1 57 79 10 1 92 117 60 1 0 0 0 0 0 0 0 0
15 50 69 1 0 0 0 0 14 38 72 1 0 63 81 1 17 54 75 1 0 0 0 0 12 46 86 1 10 55 62 1 0 59 86 1 0 53 93 1 0 0 0 0 0 0 0 0 6 44 105 1 0 35 87 1 4 32 84 1 25 26 70 1 0 0 0 0 22 56 91 1 42 47 85 1 0 44 55 1 44 82 58 1 75 115 128 1 106 142 138 1 87 132 119 1 49 73 28 1 17 38 34 1 55 86 54 1 78 104 68 1 47 73 60 1 53 78 53 1 0 0 0 0 0 23 51 1 7 37 21 1 9 79 20 1 2 21 42 1 22 26 14 1 31 41 30 1 0 18 0 1 0 21 22 1 0 6 0 1 5 28 13 1 6 12 26 1 43 48 36 1 78 72 57 1 109 111 112 1 0 0 0 0 141 131 80 1 71 65 49 1 15 62 13 1 45 62 44 1 11 36 43 1 12 67 55 1 39 78 93 1 29 65 65 1 42 40 19 1 0 55 18 1 30 57 8 1 29 70 22 1 35 83 47 1 87 115 115 1 76 140 84 1 117 116 99 1 77 126 52 1 111 109 85 1 89 74 80 1 77 125 69 1 83 127 77 1
0 71 73 1 15 44 93 1 0 45 69 1 14 63 69 1 20 53 79 1 14 51 90 1 9 40 69 1 16 35 69 1 0 49 106 1 15 38 71 1 16 61 87 1 34 59 91 1 0 0 0 0 7 63 90 1 13 59 69 1 16 27 68 1 2 51 55 1 4 40 79 1 0 47 80 1 1 56 40 1 11 58 81 1 32 33 79 1 84 128 99 1 109 122 90 1 0 0 0 0 36 62 48 1 72 84 63 1 61 111 94 1 64 82 55 1 28 35 37 1 30 15 46 1 25 52 0 1 0 0 0 0 0 0 0 0 0 22 34 1 0 35 35 1 19 10 44 1 0 4 26 1 3 29 13 1 9 47 44 1 37 10 23 1 22 18 17 1 33 43 4 1 54 89 73 1 120 125 102 1 115 93 95 1 127 89 62 1 39 54 1 1 35 27 19 1 0 47 30 1 6 11 7 1 24 42 43 1 38 94 46 1 40 45 30 1 11 35 5 1 0 0 0 0 43 68 50 1 38 52 42 1 0 0 0 0 53 81 52 1 97 87 58 1 96 112 76 1 100 122 98 1 112 106 99 1 86 102 60 1 67 97 67 1 83 112 85 1
1 75 99 1 0 0 0 0 0 0 0 0 11 55 90 1 0 55 73 1 0 50 59 1 10 49 94 1 4 69 83 1 19 35 75 1 1 33 75 1 26 36 81 1 0 54 95 1 0 64 80 1 0 58 73 1 5 57 76 1 10 79 80 1 31 29 90 1 6 48 79 1 0 33 76 1 24 44 88 1 11 46 68 1 2 30 43 1 25 23 92 1 0 0 0 0 94 125 91 1 108 82 113 1 65 94 75 1 31 69 59 1 34 62 43 1 8 13 0 1 17 28 0 1 0 0 0 0 27 45 30 1 5 29 8 1 11 1 29 1 0 4 43 1 21 22 25 1 6 29 21 1 10 30 40 1 50 63 42 1 0 36 25 1 36 41 27 1 0 0 0 0 88 53 36 1 100 121 81 1 57 88 41 1 44 59 37 1 33 0 0 1 23 33 38 1 0 41 6 1 29 61 54 1 61 78 64 1 52 78 54 1 44 53 42 1 26 43 14 1 17 8 0 1 0 0 0 0 73 61 32 1 82 108 25 1 127 132 101 1 125 127 116 1 97 125 79 1 53 68 46 1 59 59 76 1 55 60 29 1 0 0 0 0 52 80 50 1
0 63 70 1 12 77 87 1 4 66 99 1 0 0 0 0 8 40 78 1 33 30 71 1 22 58 96 1 16 51 73 1 0 40 70 1 12 53 68 1 28 51 72 1 0 33 68 1 5 50 49 1 0 42 83 1 18 55 60 1 1 46 73 1 13 75 77 1 10 43 89 1 0 46 74 1 8 47 76 1 29 43 67 1 0 0 0 0 16 39 46 1 27 25 11 1 87 84 97 1 100 141 120 1 85 96 81 1 44 91 72 1 39 59 47 1 37 62 42 1 51 70 48 1 0 27 29 1 0 27 14 1 4 14 23 1 27 42 71 1 0 21 0 1 0 0 0 0 8 42 43 1 18 36 38 1 31 55 38 1 25 47 26 1 56 83 74 1 50 73 64 1 27 46 45 1 52 90 69 1 8 51 13 1 48 62 17 1 0 47 26 1 0 27 4 1 0 35 0 1 20 32 29 1 25 65 2 1 34 46 0 1 24 53 18 1 0 27 18 1 0 28 0 1 0 0 0 0 47 68 26 1 131 141 91 1 139 154 119 1 0 0 0 0 103 118 99 1 91 108 84 1 0 0 0 0 105 78 77 1 48 68 61 1 14 28 0 1
1 53 73 1 0 42 66 1 13 39 86 1 15 60 86 1 4 45 99 1 0 0 0 0 0 24 82 1 0 42 64 1 8 83 75 1 5 41 75 1 7 62 91 1 22 60 65 1 0 47 71 1 25 67 75 1 10 62 77 1 23 58 77 1 0 72 85 1 0 55 65 1 0 44 69 1 9 21 71 1 0 0 0 0 9 31 70 1 36 23 58 1 0 46 19 1 87 113 105 1 125 151 131 1 80 108 108 1 62 95 69 1 36 47 46 1 36 85 56 1 38 54 19 1 11 64 42 1 14 39 7 1 0 19 21 1 13 27 30 1 4 33 29 1 25 63 14 1 15 20 30 1 5 37 18 1 0 0 0 0 2 24 32 1 75 73 35 1 78 98 95 1 58 77 50 1 59 47 22 1 22 35 15 1 24 41 0 1 38 64 38 1 0 43 18 1 4 39 14 1 15 22 7 1 33 72 56 1 32 43 41 1 35 62 62 1 58 64 47 1 34 70 24 1 64 83 50 1 84 82 76 1 82 120 92 1 96 94 42 1 30 41 19 1 83 97 57 1 41 48 41 1 0 0 0 0 0 0 0 0 31 75 31 1 11 34 37 1
23 59 95 1 0 52 68 1 0 55 66 1 6 66 87 1 32 41 77 1 0 0 0 0 15 35 79 1 0 56 70 1 0 60 81 1 0 0 0 0 0 0 0 0 28 62 51 1 15 46 73 1 0 75 47 1 0 54 55 1 0 57 71 1 0 42 82 1 3 54 89 1 4 35 54 1 0 61 66 1 18 34 74 1 0 0 0 0 1 0 73 1 1 71 39 1 95 86 89 1 112 125 128 1 94 111 119 1 76 96 86 1 0 0 0 0 9 19 10 1 5 31 0 1 64 39 55 1 1 38 33 1 1 25 7 1 0 0 35 1 30 41 71 1 63 79 53 1 19 32 30 1 37 33 35 1 12 41 12 1 30 26 22 1 78 52 63 1 119 105 95 1 77 88 90 1 51 51 58 1 50 51 17 1 0 0 0 0 33 40 29 1 9 29 20 1 12 30 15 1 1 39 17 1 28 44 27 1 42 45 27 1 35 74 60 1 35 65 27 1 97 66 52 1 102 110 85 1 114 155 123 1 95 105 88 1 33 68 41 1 49 48 24 1 65 62 54 1 0 0 0 0 111 119 101 1 23 54 0 1 0 19 13 1 55 74 38 1
0 44 101 1 5 60 87 1 29 60 100 1 26 75 66 1 0 76 65 1 0 53 79 1 0 0 0 0 0 0 0 0 14 85 90 1 8 46 64 1 0 0 0 0 0 63 65 1 7 60 66 1 3 33 63 1 19 48 72 1 17 37 58 1 13 65 82 1 0 68 62 1 0 0 0 0 6 51 40 1 7 56 51 1 0 35 51 1 14 46 72 1 14 44 52 1 37 50 52 1 58 73 88 1 109 111 151 1 109 133 138 1 54 91 68 1 48 47 45 1 0 0 0 0 6 52 31 1 16 10 0 1 17 38 40 1 0 0 0 0 53 76 97 1 40 97 95 1 47 84 54 1 39 58 35 1 29 64 31 1 10 32 10 1 46 32 37 1 68 72 49 1 72 94 44 1 63 62 53 1 53 74 69 1 11 36 37 1 0 35 0 1 0 0 0 0 65 98 50 1 46 93 76 1 63 62 45 1 27 48 35 1 49 48 33 1 67 101 39 1 88 86 67 1 55 67 51 1 0 0 0 0 60 60 63 1 38 48 57 1 58 93 54 1 60 88 58 1 65 88 95 1 23 49 48 1 0 6 0 1 55 70 58 1 49 55 18 1
14 58 84 1 14 63 60 1 0 61 42 1 17 85 62 1 6 75 53 1 0 0 0 0 21 52 80 1 0 37 77 1 12 61 94 1 24 39 77 1 0 55 73 1 0 56 60 1 0 0 0 0 15 56 58 1 0 59 93 1 2 62 73 1 0 0 0 0 0 59 70 1 6 25 77 1 0 0 0 0 0 44 56 1 15 44 77 1 31 44 100 1 14 24 44 1 0 0 0 0 33 49 58 1 40 82 62 1 68 106 134 1 48 77 71 1 8 39 33 1 14 30 17 1 0 34 0 1 0 28 32 1 46 49 86 1 30 53 48 1 20 36 57 1 50 66 42 1 42 47 16 1 74 49 33 1 55 64 34 1 69 53 38 1 59 62 39 1 71 109 53 1 56 77 40 1 0 0 0 0 82 81 90 1 47 63 55 1 0 0 0 0 49 94 37 1 104 121 81 1 85 108 60 1 72 79 75 1 90 85 55 1 91 119 86 1 103 136 97 1 98 87 53 1 55 77 57 1 74 88 52 1 40 52 39 1 58 58 60 1 0 0 0 0 70 81 69 1 14 55 38 1 20 24 19 1 14 39 41 1 21 29 38 1 13 73 25 1
0 71 99 1 24 26 85 1 25 79 71 1 0 29 93 1 9 34 55 1 12 59 107 1 0 65 67 1 12 55 94 1 0 72 73 1 16 71 84 1 4 54 60 1 24 46 65 1 43 68 73 1 15 54 90 1 5 54 95 1 8 54 61 1 5 52 80 1 8 55 102 1 24 46 77 1 15 43 86 1 13 38 54 1 2 50 66 1 18 63 73 1 18 44 62 1 18 48 61 1 16 41 49 1 24 50 71 1 0 0 0 0 24 71 70 1 11 55 51 1 0 15 32 1 20 32 14 1 45 42 28 1 8 44 21 1 24 52 41 1 58 74 65 1 0 0 0 0 76 92 90 1 94 93 56 1 98 81 53 1 74 85 37 1 0 0 0 0 89 115 64 1 111 87 47 1 64 83 52 1 82 85 71 1 65 73 59 1 90 97 75 1 78 80 54 1 79 104 54 1 47 90 36 1 93 101 50 1 128 165 92 1 0 0 0 0 57 102 85 1 42 98 71 1 74 84 69 1 39 61 51 1 14 53 29 1 35 71 47 1 49 85 47 1 23 29 45 1 0 0 0 1 0 0 0 0 29 27 25 1 45 60 34 1 75 73 59 1
0 89 91 1 0 73 90 1 5 53 74 1 5 46 75 1 2 44 78 1 0 62 82 1 8 47 74 1 14 71 107 1 21 39 54 1 22 52 86 1 29 50 86 1 5 75 74 1 0 38 60 1 6 45 76 1 9 59 79 1 14 55 80 1 22 65 79 1 6 32 91 1 28 55 57 1 0 53 73 1 8 42 80 1 0 36 65 1 0 31 83 1 10 46 57 1 14 55 69 1 0 49 53 1 0 30 48 1 8 51 45 1 16 57 26 1 24 20 52 1 0 0 0 0 16 23 2 1 19 49 70 1 0 0 0 0 38 45 49 1 58 77 79 1 74 90 97 1 97 118 110 1 104 107 97 1 95 114 80 1 100 118 65 1 93 112 69 1 66 94 78 1 52 102 24 1 100 91 57 1 71 88 62 1 97 97 90 1 88 108 77 1 88 100 56 1 0 0 0 0 77 91 56 1 66 84 63 1 0 0 0 0 95 112 79 1 56 64 63 1 99 113 104 1 31 63 58 1 18 44 30 1 47 66 37 1 75 49 66 1 49 109 63 1 0 0 0 0 41 79 40 1 75 85 76 1 40 42 15 1 50 92 43 1 31 53 44 1
18 97 71 1 5 51 104 1 0 65 107 1 4 57 72 1 0 40 67 1 0 70 77 1 0 55 73 1 0 0 0 0 11 68 86 1 27 40 69 1 10 31 93 1 0 58 71 1 0 52 69 1 0 33 68 1 0 0 0 0 32 26 71 1 0 38 52 1 5 42 64 1 0 32 74 1 0 72 73 1 0 48 47 1 19 46 82 1 10 70 80 1 1 46 85 1 3 75 84 1 0 29 81 1 20 7 63 1 26 47 70 1 31 73 56 1 28 44 50 1 0 16 21 1 0 27 12 1 39 75 30 1 30 51 26 1 20 52 9 1 28 44 23 1 46 74 32 1 44 61 23 1 39 95 71 1 76 122 59 1 102 129 93 1 77 134 82 1 84 91 91 1 87 105 82 1 89 108 86 1 63 42 30 1 66 61 74 1 94 109 78 1 94 88 32 1 91 69 61 1 72 122 85 1 90 105 57 1 137 134 119 1 96 127 74 1 54 65 12 1 65 114 77 1 64 101 23 1 50 66 16 1 86 128 78 1 90 108 106 1 47 66 39 1 0 0 0 0 58 54 38 1 0 0 0 0 32 34 12 1 69 86 97 1 0 0 0 0
40 83 80 1 10 78 92 1 0 71 100 1 0 57 98 1 0 43 77 1 47 38 93 1 1 54 68 1 10 48 82 1 4 46 67 1 11 71 55 1 10 69 83 1 8 36 69 1 1 73 81 1 0 47 78 1 0 45 80 1 4 50 69 1 0 0 0 0 0 52 82 1 1 73 79 1 18 53 101 1 0 0 0 0 27 33 93 1 24 32 83 1 31 38 74 1 27 47 65 1 1 64 40 1 43 46 81 1 22 56 67 1 13 77 96 1 23 60 69 1 18 48 33 1 32 50 49 1 60 66 70 1 71 57 57 1 52 61 56 1 64 94 62 1 51 77 44 1 38 37 28 1 30 68 49 1 0 0 0 0 38 73 33 1 35 34 9 1 40 56 29 1 81 88 48 1 112 111 123 1 165 158 163 1 114 147 131 1 97 99 90 1 47 60 33 1 88 110 123 1 140 146 119 1 81 109 81 1 54 69 23 1 36 40 28 1 0 0 0 0 63 67 38 1 74 59 36 1 75 89 83 1 85 117 68 1 67 70 45 1 41 82 54 1 54 82 73 1 33 58 25 1 92 105 59 1 65 67 58 1 46 52 27 1 45 63 26 1
33 91 106 1 15 65 80 1 0 65 90 1 0 61 94 1 0 44 73 1 0 47 77 1 7 35 73 1 0 0 0 0 14 59 61 1 21 51 92 1 0 56 83 1 22 44 68 1 8 64 55 1 0 0 0 0 0 0 0 0 4 46 79 1 4 64 63 1 6 38 81 1 7 38 38 1 13 53 91 1 0 0 0 0 14 43 93 1 21 58 82 1 17 81 76 1 15 64 88 1 0 22 63 1 13 53 69 1 0 56 69 1 23 52 78 1 21 94 91 1 32 51 22 1 43 62 56 1 35 26 33 1 20 38 33 1 22 58 42 1 10 38 44 1 56 105 43 1 62 80 76 1 0 0 0 0 0 0 0 0 44 13 19 1 14 55 0 1 33 64 14 1 48 65 47 1 66 71 41 1 21 41 28 1 44 48 50 1 31 56 25 1 59 87 65 1 61 125 67 1 88 101 86 1 80 78 56 1 35 46 31 1 30 65 27 1 0 0 0 0 60 66 55 1 21 57 35 1 0 0 0 0 88 114 70 1 80 91 83 1 49 91 53 1 83 94 78 1 33 72 34 1 25 54 29 1 50 80 30 1 49 70 45 1 76 75 90 1
25 68 70 1 0 0 0 0 0 15 80 1 14 66 115 1 0 0 0 0 0 0 0 0 11 78 90 1 0 25 63 1 0 44 76 1 0 60 78 1 0 48 93 1 14 33 61 1 0 78 62 1 28 58 84 1 0 55 96 1 20 62 61 1 4 63 82 1 0 0 0 0 0 0 0 0 3 48 88 1 0 0 0 0 7 39 110 1 13 64 94 1 0 81 86 1 0 0 0 0 0 18 76 1 27 49 66 1 0 57 76 1 0 0 0 0 28 73 65 1 35 75 80 1 42 66 60 1 35 50 15 1 60 62 42 1 39 27 42 1 32 36 29 1 45 88 47 1 73 102 78 1 0 0 0 0 0 0 0 0 35 28 34 1 70 83 12 1 99 71 69 1 59 65 60 1 39 61 58 1 0 0 0 0 0 0 0 0 70 68 39 1 37 43 20 1 51 48 38 1 35 33 0 1 48 55 46 1 48 47 24 1 36 54 37 1 38 74 58 1 54 78 85 1 30 65 72 1 49 91 63 1 0 0 0 0 75 76 99 1 48 61 42 1 39 69 83 1 64 109 83 1 19 65 26 1 82 82 52 1 36 87 54 1 0 0 0 0
5 40 64 1 5 56 47 1 0 41 87 1 16 66 76 1 0 0 0 0 0 45 58 1 0 0 0 0 8 39 67 1 4 43 53 1 0 54 67 1 20 12 67 1 21 64 93 1 0 45 57 1 0 51 73 1 5 55 79 1 1 52 80 1 9 59 66 1 0 81 73 1 30 55 87 1 6 61 78 1 8 57 73 1 18 48 79 1 18 58 92 1 24 65 68 1 5 37 72 1 0 43 61 1 19 54 96 1 0 60 94 1 41 52 53 1 7 62 84 1 64 73 80 1 23 84 80 1 57 91 60 1 46 72 65 1 55 92 80 1 56 83 41 1 22 62 40 1 31 43 49 1 66 58 20 1 58 71 18 1 75 84 55 1 0 0 0 0 67 49 25 1 46 25 0 1 55 59 48 1 9 22 8 1 45 57 59 1 50 44 59 1 77 81 74 1 60 35 53 1 44 63 54 1 53 51 45 1 59 61 38 1 69 91 64 1 76 92 76 1 44 89 78 1 58 104 66 1 85 114 86 1 0 0 0 0 43 64 67 1 12 87 87 1 70 96 86 1 57 65 29 1 50 49 59 1 31 53 34 1 46 84 85 1 18 76 29 1
48 111 111 1 25 69 60 1 0 58 51 1 4 48 90 1 0 47 66 1 6 40 76 1 11 57 102 1 0 39 80 1 8 36 82 1 0 0 0 0 0 0 0 0 18 51 81 1 0 44 82 1 17 79 71 1 2 46 87 1 0 57 81 1 0 35 78 1 31 39 63 1 15 61 65 1 0 0 0 0 12 41 60 1 16 47 46 1 0 30 81 1 0 47 76 1 4 78 75 1 24 55 79 1 0 57 51 1 25 64 78 1 11 34 58 1 40 75 59 1 58 92 56 1 56 64 84 1 38 79 45 1 65 69 48 1 0 0 0 0 86 93 85 1 47 70 64 1 41 73 32 1 20 46 31 1 20 72 43 1 46 88 60 1 74 86 39 1 69 78 32 1 89 114 60 1 171 205 181 1 0 0 0 0 160 144 148 1 0 0 0 0 59 66 36 1 49 64 40 1 55 77 71 1 92 96 86 1 64 105 69 1 76 93 91 1 62 110 96 1 44 66 53 1 46 53 64 1 63 76 78 1 30 83 81 1 40 63 55 1 1 79 39 1 60 98 105 1 71 102 88 1 50 69 67 1 2 65 46 1 43 81 65 1 45 41 31 1
0 0 0 0 3 35 30 1 13 14 50 1 52 46 68 1 2 52 75 1 7 43 57 1 9 46 77 1 18 65 101 1 0 45 79 1 21 37 101 1 0 70 81 1 0 58 94 1 16 47 75 1 0 69 73 1 0 52 56 1 0 48 72 1 28 46 79 1 13 46 85 1 0 44 79 1 18 83 106 1 17 51 82 1 17 55 76 1 17 27 68 1 3 74 55 1 21 51 53 1 4 74 84 1 5 67 104 1 10 48 75 1 10 54 76 1 34 27 61 1 55 80 79 1 38 55 64 1 5 83 77 1 0 0 0 0 15 53 50 1 30 71 57 1 40 39 38 1 33 30 57 1 48 59 70 1 54 62 56 1 39 58 54 1 92 82 70 1 175 189 130 1 189 190 204 1 155 162 144 1 107 128 99 1 119 113 103 1 37 74 47 1 86 98 86 1 38 65 63 1 47 87 87 1 86 116 113 1 35 87 92 1 23 59 49 1 33 83 88 1 14 59 55 1 21 63 52 1 13 21 34 1 38 72 81 1 47 96 100 1 15 83 68 1 0 56 44 1 9 61 64 1 43 101 60 1 51 83 67 1 26 50 58 1 17 29 50 1
10 13 19 1 0 8 28 1 41 45 54 1 57 81 78 1 56 88 98 1 15 34 57 1 0 69 62 1 18 36 95 1 17 56 65 1 0 31 71 1 0 0 0 0 0 50 72 1 18 59 80 1 21 63 91 1 5 57 82 1 1 51 59 1 0 47 69 1 21 71 66 1 18 44 64 1 17 48 72 1 0 0 0 0 0 0 0 0 26 59 63 1 0 29 68 1 5 61 77 1 0 60 72 1 0 56 61 1 0 54 79 1 1 46 62 1 0 49 57 1 13 70 65 1 0 0 0 0 27 71 74 1 0 0 0 0 61 76 45 1 13 47 52 1 37 42 19 1 31 73 50 1 81 107 68 1 0 0 0 0 46 74 31 1 59 54 53 1 87 117 76 1 82 100 72 1 42 101 64 1 85 120 74 1 161 166 177 1 74 81 82 1 68 105 78 1 38 65 68 1 28 72 52 1 0 0 0 0 10 34 53 1 8 40 48 1 0 0 0 0 7 55 66 1 16 69 76 1 18 59 67 1 21 45 73 1 5 64 75 1 3 88 71 1 0 74 75 1 0 43 39 1 9 42 55 1 34 60 61 1 58 75 73 1 78 120 83 1
17 43 4 1 65 66 54 1 86 67 88 1 112 140 96 1 0 0 0 0 40 75 78 1 10 52 65 1 6 35 81 1 0 0 0 0 0 69 77 1 0 60 82 1 0 0 0 0 0 57 82 1 7 52 77 1 13 30 68 1 14 31 48 1 3 46 45 1 0 63 59 1 10 59 86 1 0 52 75 1 20 31 88 1 15 50 78 1 37 50 91 1 2 66 64 1 0 62 76 1 0 57 74 1 26 59 93 1 0 0 0 0 0 39 75 1 7 36 53 1 9 84 58 1 21 41 67 1 30 53 42 1 77 86 103 1 28 72 75 1 30 96 84 1 19 83 73 1 42 92 67 1 29 63 89 1 38 55 82 1 19 46 47 1 56 67 68 1 2 48 63 1 20 52 41 1 0 0 0 0 32 53 91 1 0 0 0 0 48 83 75 1 56 69 92 1 37 65 60 1 0 59 50 1 33 67 36 1 20 81 75 1 9 44 77 1 9 53 79 1 0 59 71 1 41 55 94 1 5 76 75 1 0 0 0 0 0 67 50 1 0 0 0 0 0 85 93 1 0 42 82 1 0 68 54 1 5 36 47 1 0 57 38 1 23 50 73 1
0 0 0 0 124 105 86 1 122 122 83 1 130 134 119 1 120 142 115 1 52 112 118 1 0 57 57 1 0 0 0 0 13 36 89 1 0 64 58 1 6 40 69 1 17 49 97 1 11 76 99 1 15 41 78 1 2 60 67 1 0 0 0 0 20 42 59 1 0 62 75 1 0 64 64 1 28 53 73 1 1 63 82 1 0 44 81 1 10 55 73 1 0 48 62 1 5 67 77 1 12 68 78 1 6 62 83 1 6 72 55 1 5 70 26 1 0 74 88 1 1 35 73 1 0 33 44 1 0 40 54 1 17 49 47 1 0 72 74 1 44 74 75 1 20 84 82 1 15 65 87 1 0 44 58 1 2 44 90 1 0 0 0 0 21 61 62 1 11 48 72 1 25 64 62 1 19 47 66 1 0 0 0 0 0 39 53 1 33 51 89 1 24 34 89 1 23 48 67 1 0 0 0 0 15 41 73 1 7 31 82 1 24 68 73 1 0 75 85 1 1 58 57 1 15 62 76 1 0 0 0 0 0 61 29 1 24 69 85 1 11 76 119 1 0 60 77 1 0 50 58 1 0 69 77 1 0 51 66 1 0 86 76 1 18 62 42 1
74 110 80 1 69 100 55 1 91 91 79 1 147 128 149 1 119 142 144 1 107 84 92 1 0 43 81 1 0 38 69 1 8 70 100 1 9 31 70 1 21 68 105 1 0 45 66 1 9 51 66 1 0 46 99 1 7 72 50 1 0 61 85 1 0 44 61 1 0 0 0 0 11 69 67 1 38 41 91 1 0 42 75 1 11 56 112 1 17 84 72 1 0 58 80 1 0 0 0 0 15 62 69 1 19 68 82 1 2 72 69 1 0 0 0 0 21 60 64 1 24 35 58 1 1 56 79 1 39 50 79 1 29 37 45 1 0 80 53 1 29 36 52 1 24 36 64 1 0 53 46 1 20 35 87 1 0 27 68 1 22 40 53 1 0 67 76 1 25 40 87 1 4 48 67 1 0 39 53 1 24 64 66 1 0 50 65 1 0 59 61 1 8 55 59 1 31 61 71 1 12 71 79 1 24 50 71 1 9 67 27 1 0 48 98 1 6 61 48 1 7 42 73 1 0 0 0 0 13 68 66 1 2 74 78 1 4 58 69 1 0 52 91 1 12 60 103 1 24 62 90 1 4 60 66 1 15 58 69 1 13 72 96 1 7 56 80 1
0 0 0 0 115 117 83 1 106 126 70 1 113 159 128 1 83 83 125 1 0 0 0 0 0 0 0 0 12 61 74 1 7 46 80 1 25 46 88 1 10 38 85 1 5 29 61 1 14 40 86 1 9 57 85 1 12 47 94 1 3 73 80 1 0 79 64 1 15 65 73 1 34 41 71 1 9 50 105 1 9 46 76 1 16 70 78 1 0 53 83 1 21 47 62 1 11 62 70 1 22 44 86 1 0 35 64 1 0 0 0 0 0 47 82 1 0 52 55 1 0 56 74 1 0 31 63 1 0 53 89 1 0 70 81 1 0 58 62 1 17 45 69 1 0 0 0 0 0 55 79 1 0 70 54 1 12 61 78 1 12 54 70 1 1 31 76 1 2 54 61 1 0 81 68 1 0 0 0 0 0 69 92 1 0 74 107 1 0 0 0 0 6 60 64 1 0 0 0 0 17 54 66 1 33 45 93 1 15 35 86 1 0 58 67 1 0 55 81 1 15 60 82 1 17 62 63 1 0 47 98 1 0 62 73 1 0 61 74 1 0 0 0 0 21 52 88 1 2 54 58 1 14 41 77 1 1 64 69 1 8 79 65 1 0 0 0 0
75 95 80 1 112 128 76 1 112 132 106 1 95 133 96 1 75 101 108 1 42 54 59 1 0 46 86 1 22 56 68 1 5 65 91 1 14 55 55 1 0 30 92 1 19 64 68 1 0 60 106 1 8 37 100 1 0 52 85 1 27 56 77 1 0 58 86 1 14 49 71 1 28 61 86 1 9 44 76 1 14 66 68 1 0 44 87 1 7 40 78 1 0 0 0 0 9 33 89 1 10 67 64 1 7 46 77 1 0 48 77 1 0 62 90 1 0 67 47 1 14 68 68 1 0 0 0 0 0 55 80 1 25 34 93 1 20 72 71 1 0 78 89 1 0 49 70 1 0 31 64 1 13 54 98 1 5 44 59 1 1 59 45 1 17 73 70 1 4 70 94 1 22 50 78 1 0 30 66 1 0 54 77 1 0 59 90 1 0 0 0 0 0 68 77 1 0 52 84 1 10 55 69 1 25 37 68 1 0 42 72 1 0 69 87 1 5 88 83 1 15 77 93 1 0 60 74 1 28 46 89 1 25 73 67 1 2 67 90 1 17 70 75 1 6 47 80 1 0 69 64 1 0 66 63 1 0 64 83 1 0 0 0 0 0 57 62 1
0 0 0 0 89 90 94 1 91 106 95 1 123 126 128 1 82 96 70 1 24 38 35 1 9 44 44 1 3 65 71 1 2 43 66 1 14 52 91 1 0 64 75 1 12 63 68 1 3 60 84 1 0 40 77 1 0 69 75 1 0 46 75 1 12 59 98 1 5 52 90 1 0 46 63 1 11 40 86 1 0 59 74 1 0 53 65 1 8 58 74 1 6 52 61 1 0 53 80 1 0 61 67 1 11 39 88 1 0 49 69 1 0 37 66 1 0 54 55 1 0 76 79 1 11 62 95 1 0 0 0 0 16 58 68 1 7 76 81 1 13 65 95 1 13 42 69 1 0 52 58 1 0 44 67 1 0 59 90 1 13 64 78 1 22 67 59 1 2 57 101 1 0 54 93 1 1 64 79 1 4 53 38 1 0 28 82 1 25 63 75 1 3 60 74 1 0 61 65 1 16 58 89 1 0 0 0 0 22 65 91 1 0 0 0 0 6 68 79 1 0 46 53 1 7 39 86 1 0 62 80 1 0 33 59 1 0 0 0 0 32 72 79 1 35 68 73 1 14 62 75 1 0 100 86 1 19 72 71 1 0 68 54 1 8 78 85 1
79 92 75 1 77 83 82 1 84 81 90 1 138 150 147 1 67 95 120 1 0 40 33 1 13 22 42 1 27 62 89 1 0 69 87 1 0 0 0 0 4 18 77 1 8 56 82 1 15 65 73 1 0 49 90 1 11 57 79 1 0 41 66 1 0 47 54 1 0 60 63 1 0 41 56 1 0 37 86 1 13 50 71 1 5 58 59 1 3 69 81 1 20 44 81 1 16 47 75 1 6 59 86 1 0 70 92 1 0 47 75 1 3 69 81 1 0 58 63 1 14 48 82 1 0 0 0 0 0 60 73 1 0 42 76 1 2 54 79 1 13 55 80 1 2 86 68 1 2 60 83 1 8 70 91 1 0 50 80 1 4 44 68 1 13 54 48 1 0 46 65 1 23 53 68 1 0 43 101 1 12 68 61 1 0 0 0 0 21 70 57 1 0 61 50 1 4 56 68 1 23 54 98 1 17 53 73 1 0 0 0 0 11 57 97 1 5 66 74 1 7 59 82 1 0 83 66 1 0 51 91 1 16 76 73 1 0 61 62 1 5 55 49 1 0 52 65 1 0 24 54 1 0 65 86 1 0 51 81 1 2 68 68 1 0 58 78 1
82 90 50 1 34 66 58 1 81 90 75 1 104 103 98 1 92 141 121 1 62 68 46 1 12 15 44 1 0 0 0 0 15 84 69 1 0 59 47 1 13 46 81 1 13 54 68 1 0 0 0 0 24 72 76 1 24 51 102 1 0 85 63 1 2 50 53 1 15 40 63 1 0 63 56 1 4 39 91 1 5 54 69 1 19 59 76 1 20 72 58 1 0 0 0 0 0 29 70 1 0 47 87 1 30 69 87 1 15 48 86 1 9 89 83 1 0 68 67 1 0 61 75 1 2 54 75 1 0 33 72 1 0 0 0 0 13 42 80 1 13 50 79 1 0 56 71 1 0 44 80 1 0 44 91 1 4 54 68 1 0 70 69 1 18 60 77 1 25 54 75 1 0 63 62 1 19 56 75 1 0 0 0 0 0 0 0 0 14 37 62 1 13 49 81 1 32 68 73 1 5 61 82 1 28 48 82 1 32 79 67 1 0 62 88 1 8 47 87 1 8 60 81 1 0 0 0 0 4 52 69 1 0 50 72 1 9 36 61 1 4 66 67 1 0 0 0 0 20 59 60 1 25 48 74 1 0 0 0 0 0 0 0 0 0 0 0 0
67 78 66 1 91 109 92 1 0 0 0 0 81 111 126 1 76 107 103 1 57 81 80 1 19 72 81 1 0 23 48 1 2 23 43 1 0 56 60 1 24 61 64 1 0 50 85 1 0 0 0 0 0 0 0 0 6 58 76 1 0 0 0 0 0 0 0 0 0 67 88 1 0 43 57 1 0 53 75 1 0 53 72 1 7 29 64 1 0 0 0 0 0 37 90 1 22 44 69 1 14 67 62 1 0 44 85 1 3 47 81 1 10 54 91 1 0 76 75 1 5 63 73 1 13 63 83 1 0 41 82 1 33 48 87 1 13 36 98 1 0 19 86 1 28 34 65 1 20 55 76 1 19 58 48 1 2 57 52 1 21 70 84 1 0 0 0 0 4 60 87 1 15 45 64 1 10 76 89 1 6 71 76 1 8 66 87 1 22 71 102 1 0 0 0 0 37 20 40 1 0 64 62 1 25 72 79 1 0 60 74 1 13 67 89 1 22 72 68 1 25 60 83 1 0 61 97 1 18 50 51 1 4 78 66 1 36 60 70 1 0 0 0 0 0 54 62 1 1 34 57 1 28 62 77 1 2 66 52 1 0 65 76 1 23 57 75 1
90 109 72 1 74 88 76 1 63 101 69 1 70 99 69 1 39 76 62 1 74 71 49 1 45 82 59 1 61 101 53 1 30 68 69 1 16 48 48 1 2 52 47 1 0 30 67 1 23 21 63 1 5 35 57 1 0 54 57 1 24 45 68 1 25 58 51 1 3 22 71 1 8 62 67 1 4 44 61 1 11 66 85 1 10 54 99 1 0 50 79 1 0 60 75 1 0 45 83 1 4 49 83 1 13 52 65 1 0 41 78 1 0 36 92 1 0 23 76 1 0 42 69 1 0 74 105 1 0 77 85 1 11 39 94 1 9 62 73 1 0 39 118 1 0 42 78 1 0 0 0 0 25 40 64 1 16 62 54 1 0 57 77 1 4 55 80 1 0 48 69 1 0 0 0 0 16 55 81 1 0 52 79 1 0 72 97 1 3 91 58 1 5 67 81 1 9 53 60 1 0 33 68 1 23 38 99 1 16 20 76 1 25 64 51 1 32 56 91 1 3 65 65 1 13 55 63 1 0 51 70 1 11 76 71 1 7 66 82 1 0 59 100 1 0 56 67 1 33 67 59 1 6 78 76 1 12 65 83 1 3 63 71 1 11 81 74 1
27 73 28 1 48 93 74 1 51 65 68 1 72 119 61 1 80 98 95 1 76 119 78 1 57 85 66 1 50 74 57 1 28 71 59 1 72 83 98 1 57 78 105 1 55 99 100 1 35 46 63 1 10 39 35 1 1 4 38 1 0 33 75 1 45 48 51 1 0 41 95 1 0 57 67 1 0 0 0 0 23 41 92 1 5 55 86 1 0 25 88 1 27 35 65 1 19 46 72 1 3 52 67 1 0 62 65 1 0 28 76 1 0 38 70 1 0 61 78 1 0 0 0 0 1 32 84 1 21 54 68 1 17 64 75 1 25 23 88 1 0 0 0 0 0 63 77 1 14 65 71 1 9 48 80 1 5 56 68 1 6 52 56 1 0 0 0 0 22 63 74 1 9 50 97 1 25 62 75 1 0 0 0 0 27 74 75 1 19 36 83 1 0 70 89 1 0 62 66 1 14 44 63 1 0 60 82 1 0 56 78 1 16 69 101 1 17 74 77 1 0 0 0 0 9 56 95 1 1 56 58 1 0 0 0 0 0 0 0 0 0 43 55 1 2 63 48 1 14 74 87 1 0 61 76 1 0 59 93 1 0 31 81 1 2 93 84 1
13 43 25 1 18 38 41 1 22 33 39 1 56 74 56 1 0 0 0 0 68 124 95 1 75 96 77 1 78 96 90 1 98 130 93 1 96 92 97 1 76 87 95 1 108 137 117 1 124 131 132 1 70 86 68 1 42 67 39 1 0 0 0 0 8 55 41 1 10 59 70 1 12 46 44 1 0 47 72 1 0 0 0 0 10 55 72 1 2 33 79 1 19 73 92 1 29 50 80 1 0 48 54 1 40 40 93 1 12 64 71 1 17 52 81 1 0 32 93 1 11 38 124 1 13 51 51 1 2 54 87 1 18 36 86 1 17 47 57 1 15 48 52 1 14 66 71 1 0 63 72 1 0 0 0 0 12 57 65 1 9 69 85 1 27 54 80 1 0 0 0 0 19 66 80 1 32 71 56 1 28 48 96 1 6 55 57 1 0 0 0 0 0 76 79 1 0 57 52 1 1 59 72 1 24 30 65 1 22 51 80 1 7 50 85 1 6 39 86 1 13 64 73 1 0 0 0 0 26 70 44 1 0 71 73 1 0 60 59 1 0 59 42 1 9 48 34 1 0 57 79 1 0 0 0 0 0 75 66 1 0 75 86 1 16 46 72 1
26 53 5 1 8 38 18 1 19 49 29 1 2 26 6 1 30 57 48 1 80 79 69 1 68 45 62 1 73 64 59 1 70 86 96 1 64 83 40 1 58 90 58 1 73 96 109 1 129 168 139 1 111 124 108 1 93 110 110 1 62 86 87 1 30 75 84 1 0 0 0 0 0 0 0 0 5 33 70 1 0 63 64 1 0 53 69 1 9 47 80 1 0 48 87 1 19 53 73 1 16 30 72 1 17 53 86 1 0 56 80 1 11 56 60 1 0 56 74 1 0 49 53 1 0 47 61 1 27 58 70 1 0 43 89 1 0 56 72 1 25 48 72 1 14 47 87 1 3 43 59 1 0 69 88 1 24 51 70 1 28 66 75 1 21 50 54 1 6 70 77 1 12 64 65 1 25 85 74 1 7 78 89 1 26 57 52 1 2 55 86 1 15 67 69 1 12 38 78 1 0 0 0 0 8 45 80 1 3 56 55 1 10 52 81 1 9 28 70 1 0 63 81 1 0 0 0 0 0 0 0 0 0 75 67 1 2 63 75 1 8 61 67 1 0 0 0 0 5 52 71 1 10 27 81 1 0 0 0 0 0 60 80 1 0 79 89 1
27 37 44 1 31 31 20 1 26 64 45 1 15 52 20 1 37 39 20 1 13 56 35 1 57 70 48 1 81 106 90 1 71 85 70 1 46 85 38 1 91 119 104 1 96 122 77 1 77 101 75 1 71 86 94 1 53 67 84 1 33 78 54 1 39 32 69 1 0 76 84 1 13 53 71 1 0 52 75 1 0 49 95 1 28 53 84 1 0 77 94 1 18 49 95 1 0 47 70 1 21 64 64 1 8 44 47 1 0 53 55 1 0 59 54 1 0 48 57 1 0 66 48 1 0 67 74 1 7 51 86 1 22 48 53 1 0 63 61 1 0 52 65 1 0 64 61 1 12 64 61 1 0 0 0 0 0 0 0 0 0 0 0 0 0 0 0 0 0 59 47 1 9 56 85 1 24 69 99 1 6 80 83 1 2 46 80 1 13 44 65 1 5 59 69 1 24 68 52 1 0 0 0 0 0 68 69 1 0 43 79 1 8 88 99 1 3 59 87 1 0 47 56 1 0 63 58 1 12 52 58 1 0 46 68 1 0 0 0 0 0 0 0 0 0 38 63 1 0 55 51 1 7 45 63 1 23 51 81 1 20 75 90 1 12 81 58 1
36 32 2 1 23 53 23 1 20 49 42 1 26 59 57 1 1 22 36 1 0 47 0 1 71 70 50 1 62 130 104 1 103 127 102 1 66 96 54 1 115 130 108 1 75 95 72 1 76 129 63 1 0 0 0 0 83 78 54 1 39 52 63 1 4 66 45 1 0 0 0 0 0 43 58 1 4 49 73 1 12 46 55 1 13 34 88 1 24 32 49 1 26 68 79 1 0 0 0 0 10 66 74 1 0 0 0 0 0 56 56 1 0 57 83 1 0 0 0 0 12 69 77 1 4 59 58 1 17 70 73 1 0 84 72 1 0 47 81 1 3 29 74 1 34 49 57 1 12 65 74 1 0 0 0 0 0 65 104 1 1 64 63 1 0 0 0 0 4 48 73 1 1 77 83 1 22 68 72 1 10 65 66 1 0 0 0 0 20 42 76 1 21 77 64 1 0 53 58 1 0 60 79 1 22 60 65 1 0 34 102 1 0 68 78 1 0 37 67 1 0 92 75 1 8 43 66 1 0 36 54 1 7 41 78 1 15 62 47 1 0 0 0 0 0 0 0 0 0 60 59 1 4 49 61 1 5 36 76 1 22 37 54 1 10 73 48 1
45 63 67 1 26 29 23 1 0 30 36 1 0 18 19 1 28 66 33 1 22 28 35 1 16 46 41 1 59 88 62 1 76 135 90 1 68 128 49 1 0 0 0 0 57 74 61 1 57 78 50 1 57 68 59 1 70 86 80 1 58 95 58 1 62 36 49 1 22 58 32 1 13 23 29 1 7 0 9 1 52 54 54 1 40 60 102 1 34 75 92 1 38 69 65 1 13 21 58 1 10 43 45 1 0 43 49 1 37 63 76 1 0 53 86 1 14 47 63 1 0 45 82 1 0 51 64 1 28 67 73 1 0 48 81 1 3 39 67 1 0 0 0 0 1 57 73 1 12 54 76 1 21 59 78 1 32 57 67 1 0 52 65 1 0 63 75 1 9 61 62 1 0 41 77 1 0 0 0 0 0 0 0 0 9 45 75 1 4 66 71 1 5 69 81 1 9 49 50 1 16 51 74 1 0 30 74 1 2 62 87 1 21 44 54 1 8 53 76 1 0 32 58 1 6 44 89 1 45 53 87 1 0 0 0 0 0 0 0 0 14 59 43 1 5 20 75 1 3 42 44 1 31 36 56 1 53 77 81 1 55 74 86 1 52 88 72 1
54 69 38 1 52 84 74 1 10 63 75 1 4 36 26 1 0 40 7 1 9 38 10 1 0 30 20 1 24 55 0 1 52 83 34 1 66 118 82 1 57 69 47 1 0 0 0 0 76 100 53 1 53 78 32 1 0 0 0 0 0 0 0 0 67 54 54 1 67 86 39 1 76 74 83 1 56 73 53 1 39 42 54 1 89 73 89 1 61 84 63 1 42 44 67 1 41 76 53 1 0 39 48 1 8 26 47 1 14 95 36 1 31 51 37 1 0 22 46 1 13 45 89 1 35 72 59 1 9 57 88 1 0 65 86 1 18 73 87 1 10 49 60 1 3 65 80 1 6 63 77 1 23 51 85 1 19 48 79 1 10 52 69 1 7 45 68 1 0 55 76 1 0 58 58 1 11 62 73 1 3 65 53 1 5 61 64 1 0 42 71 1 0 0 0 0 14 65 64 1 19 63 70 1 0 53 77 1 0 59 85 1 5 72 59 1 26 56 80 1 18 55 40 1 0 48 75 1 0 36 50 1 4 27 40 1 29 50 36 1 0 0 0 0 47 112 90 1 35 40 25 1 4 42 43 1 47 74 70 1 84 103 113 1 92 105 105 1
57 78 44 1 55 105 61 1 55 64 80 1 44 58 43 1 0 46 7 1 0 27 0 1 0 0 0 0 7 0 0 1 0 58 0 1 41 84 43 1 37 109 46 1 50 103 52 1 41 98 58 1 88 104 90 1 70 92 74 1 59 103 60 1 25 58 57 1 81 67 63 1 104 131 107 1 118 114 81 1 66 62 88 1 0 0 0 0 61 69 87 1 51 100 74 1 67 74 82 1 47 63 70 1 42 92 32 1 38 80 33 1 25 60 33 1 16 51 30 1 0 0 0 0 30 56 47 1 7 64 84 1 21 48 74 1 10 35 72 1 0 62 80 1 7 64 70 1 0 0 0 0 4 49 85 1 19 52 83 1 0 0 0 0 0 58 82 1 7 74 87 1 0 61 64 1 11 53 63 1 13 65 56 1 9 73 69 1 0 79 88 1 0 0 0 0 15 45 75 1 6 62 54 1 0 46 79 1 0 54 60 1 0 40 72 1 0 41 55 1 19 57 43 1 14 44 52 1 20 55 45 1 5 50 70 1 22 56 41 1 49 74 81 1 42 83 71 1 12 35 44 1 43 58 39 1 54 61 95 1 104 111 77 1 83 115 96 1
66 92 63 1 66 104 76 1 51 89 45 1 83 87 64 1 57 70 58 1 0 0 0 0 31 48 19 1 13 38 7 1 25 32 47 1 43 80 60 1 45 105 58 1 36 110 54 1 72 88 81 1 0 0 0 0 29 61 23 1 64 76 68 1 59 87 93 1 0 0 0 0 127 121 96 1 101 116 71 1 0 0 0 0 90 87 68 1 85 66 62 1 80 86 94 1 52 90 81 1 0 0 0 0 67 81 67 1 0 0 0 0 33 71 90 1 0 59 51 1 11 64 36 1 2 52 83 1 15 55 76 1 0 0 0 0 0 0 0 0 0 51 84 1 6 32 75 1 0 0 0 0 0 62 86 1 9 55 69 1 0 38 58 1 0 0 0 0 0 55 62 1 0 47 94 1 15 71 107 1 0 60 66 1 14 52 58 1 8 65 82 1 10 53 52 1 19 37 80 1 39 53 80 1 3 68 65 1 0 22 56 1 12 50 72 1 0 0 0 0 12 58 73 1 17 60 55 1 43 81 85 1 0 0 0 0 3 78 28 1 35 55 71 1 24 47 41 1 45 91 63 1 73 119 84 1 83 124 90 1 79 128 70 1 0 0 0 0
0 0 0 0 102 94 94 1 110 97 87 1 95 114 107 1 96 115 98 1 65 111 92 1 39 100 45 1 58 73 55 1 55 87 67 1 47 88 35 1 0 0 0 0 85 108 59 1 97 109 105 1 51 88 63 1 70 99 45 1 92 98 65 1 87 122 69 1 0 0 0 0 78 52 59 1 79 63 66 1 65 95 50 1 91 108 73 1 46 93 56 1 64 71 82 1 71 69 61 1 0 0 0 0 74 133 72 1 79 110 87 1 32 89 79 1 26 47 45 1 22 58 64 1 26 33 42 1 26 27 34 1 11 4 29 1 33 67 50 1 8 55 66 1 0 48 73 1 28 68 88 1 0 60 97 1 0 39 77 1 0 60 91 1 0 64 89 1 21 18 68 1 1 32 95 1 9 66 57 1 1 35 62 1 0 62 64 1 0 25 66 1 4 41 61 1 18 49 66 1 0 46 34 1 7 36 30 1 0 33 54 1 31 53 40 1 28 29 46 1 9 43 47 1 13 43 55 1 29 63 62 1 28 76 84 1 16 40 47 1 0 53 28 1 46 59 53 1 78 106 52 1 77 75 76 1 0 0 0 0 105 94 92 1 106 99 72 1
117 136 79 1 131 137 91 1 98 145 102 1 59 104 76 1 107 124 87 1 94 126 89 1 0 0 0 0 62 98 42 1 60 91 65 1 68 107 31 1 101 131 70 1 67 91 48 1 93 126 91 1 113 146 126 1 89 119 59 1 0 0 0 0 76 80 47 1 31 62 15 1 45 38 26 1 0 0 0 0 60 62 45 1 70 69 48 1 66 90 71 1 81 53 54 1 64 66 77 1 0 0 0 0 71 120 62 1 91 132 97 1 80 122 104 1 102 138 86 1 52 82 79 1 47 64 71 1 0 41 40 1 28 21 75 1 14 52 63 1 0 52 53 1 2 39 70 1 0 30 61 1 4 48 44 1 0 75 65 1 13 49 50 1 2 60 46 1 7 56 71 1 10 58 61 1 30 30 63 1 15 48 63 1 12 48 35 1 24 47 55 1 5 14 56 1 13 59 36 1 15 43 21 1 0 0 0 0 36 74 50 1 26 41 72 1 1 58 54 1 0 29 53 1 0 0 0 0 23 38 28 1 12 57 63 1 39 49 39 1 36 43 31 1 40 89 75 1 0 0 0 0 26 67 32 1 43 36 16 1 61 58 39 1 91 54 74 1
0 0 0 0 87 130 53 1 0 0 0 0 43 89 44 1 57 94 72 1 0 0 0 0 70 92 41 1 34 71 34 1 47 98 51 1 74 94 55 1 0 0 0 0 90 87 51 1 110 149 100 1 137 129 113 1 99 127 93 1 86 79 75 1 0 0 0 0 6 50 30 1 2 80 27 1 26 67 4 1 22 45 19 1 37 50 18 1 51 58 57 1 43 71 70 1 121 91 74 1 42 66 77 1 30 61 38 1 62 62 47 1 130 142 119 1 0 0 0 0 121 139 116 1 37 64 70 1 72 115 74 1 61 64 63 1 7 28 57 1 29 57 59 1 10 61 71 1 17 59 74 1 17 35 67 1 17 71 52 1 7 24 52 1 0 0 0 0 2 47 68 1 0 48 51 1 10 48 20 1 5 33 52 1 18 29 64 1 13 40 50 1 28 54 77 1 83 95 92 1 76 106 94 1 93 86 95 1 56 84 95 1 57 105 88 1 46 53 51 1 0 10 26 1 0 31 13 1 21 78 71 1 17 72 22 1 44 39 38 1 58 86 60 1 45 79 66 1 28 66 52 1 59 66 40 1 55 59 27 1 14 31 8 1 16 13 15 1
68 89 54 1 77 121 38 1 92 113 90 1 61 73 19 1 82 76 68 1 94 123 98 1 84 115 69 1 79 105 42 1 34 71 60 1 22 78 48 1 14 44 39 1 20 42 2 1 0 0 0 0 69 71 75 1 38 70 49 1 45 37 27 1 26 76 32 1 40 40 67 1 0 0 0 0 26 28 46 1 46 77 73 1 35 43 19 1 16 26 31 1 0 0 0 0 69 101 91 1 53 46 26 1 55 91 80 1 49 67 29 1 22 69 30 1 155 153 153 1 151 152 151 1 53 56 68 1 29 51 69 1 48 75 69 1 0 0 0 0 22 54 52 1 25 60 43 1 16 45 35 1 0 52 48 1 0 20 46 1 7 22 44 1 36 54 43 1 75 95 63 1 73 59 45 1 20 28 45 1 0 34 27 1 31 55 29 1 61 85 66 1 110 116 135 1 99 133 93 1 117 135 120 1 87 99 105 1 0 0 0 0 20 60 41 1 0 22 22 1 0 22 31 1 14 46 25 1 0 0 0 0 20 59 31 1 38 47 27 1 53 76 46 1 71 67 27 1 14 15 0 1 6 54 8 1 34 88 42 1 44 69 37 1 24 14 26 1
66 95 66 1 0 0 0 0 90 112 66 1 50 60 50 1 37 79 41 1 16 43 24 1 0 0 0 0 57 110 84 1 48 100 73 1 55 111 76 1 38 53 59 1 44 31 30 1 29 35 43 1 44 46 56 1 73 71 89 1 60 32 61 1 27 37 38 1 69 82 42 1 69 92 41 1 50 64 43 1 31 58 30 1 7 27 35 1 44 55 30 1 0 0 0 0 30 53 17 1 21 45 0 1 58 68 32 1 0 0 0 0 78 70 62 1 135 175 132 1 97 108 91 1 17 65 35 1 45 80 73 1 0 0 0 0 37 82 53 1 65 89 80 1 45 105 98 1 71 97 112 1 50 91 97 1 40 71 77 1 74 85 75 1 0 0 0 0 81 112 80 1 85 100 90 1 90 112 64 1 112 102 80 1 124 144 87 1 100 103 93 1 128 114 111 1 102 95 94 1 0 0 0 0 50 67 49 1 0 0 0 0 8 31 9 1 7 39 0 1 1 29 5 1 21 35 36 1 94 106 98 1 33 42 29 1 46 55 43 1 71 91 92 1 0 0 0 0 0 43 23 1 0 0 0 0 10 70 54 1 0 52 50 1 15 19 7 1
59 110 39 1 0 0 0 0 103 123 83 1 72 102 68 1 81 92 60 1 60 86 11 1 56 84 35 1 51 96 39 1 73 79 54 1 70 87 97 1 75 105 64 1 66 66 68 1 28 38 52 1 0 0 0 0 29 49 18 1 23 49 14 1 20 39 34 1 45 60 45 1 48 25 43 1 27 76 59 1 21 102 77 1 43 60 36 1 57 74 47 1 17 63 43 1 53 65 33 1 0 28 0 1 0 19 0 1 0 42 1 1 0 0 0 0 159 146 166 1 91 72 76 1 0 20 1 1 54 51 52 1 58 87 69 1 42 70 75 1 63 120 94 1 24 83 57 1 31 30 31 1 19 38 37 1 30 24 31 1 0 0 0 0 29 52 42 1 63 69 80 1 81 123 94 1 149 128 113 1 111 118 104 1 85 122 96 1 0 0 0 0 63 84 69 1 86 82 60 1 73 85 59 1 20 50 42 1 12 43 21 1 23 60 38 1 0 0 9 1 45 62 38 1 37 56 51 1 0 0 0 0 78 87 80 1 52 98 71 1 38 72 33 1 29 26 0 1 8 33 12 1 6 54 16 1 0 54 38 1 12 34 29 1 15 47 7 1
63 79 14 1 83 103 93 1 107 117 93 1 0 0 0 0 49 108 40 1 60 65 37 1 66 64 67 1 49 69 44 1 31 58 74 1 64 77 48 1 0 0 0 0 59 112 76 1 0 0 0 0 0 0 0 0 0 0 0 0 17 22 14 1 23 52 29 1 49 93 59 1 51 57 45 1 73 99 57 1 83 114 87 1 43 77 73 1 49 73 58 1 45 57 46 1 17 57 38 1 61 67 44 1 69 87 62 1 14 20 24 1 37 46 37 1 133 146 120 1 99 106 120 1 67 66 30 1 28 27 19 1 31 59 19 1 0 23 0 1 24 54 39 1 4 56 50 1 0 35 22 1 11 26 7 1 46 54 80 1 59 73 58 1 48 70 70 1 0 0 0 0 0 0 0 0 74 58 56 1 48 65 24 1 79 74 51 1 80 64 52 1 69 77 37 1 33 36 0 1 26 18 13 1 20 17 12 1 17 41 17 1 56 68 45 1 1 24 8 1 0 51 38 1 27 115 75 1 25 34 60 1 0 0 0 0 47 92 48 1 0 0 0 0 0 38 20 1 16 55 49 1 1 48 25 1 19 43 33 1 4 25 49 1 27 20 3 1
59 85 32 1 70 86 57 1 59 116 69 1 110 115 69 1 84 116 91 1 69 84 31 1 67 83 63 1 81 97 82 1 72 97 105 1 56 85 55 1 54 101 67 1 64 95 71 1 78 107 73 1 68 87 82 1 43 66 49 1 27 44 45 1 6 64 24 1 26 75 32 1 31 50 41 1 27 47 12 1 10 60 46 1 47 69 38 1 5 87 49 1 48 60 69 1 60 51 26 1 46 45 55 1 43 86 51 1 30 58 7 1 21 27 9 1 21 38 54 1 82 95 65 1 61 57 38 1 5 34 18 1 0 0 0 0 33 30 57 1 0 0 0 0 26 42 49 1 1 36 14 1 18 41 64 1 28 47 53 1 16 37 39 1 15 17 51 1 61 89 63 1 0 0 0 0 20 43 17 1 4 23 12 1 34 44 33 1 65 27 15 1 43 25 19 1 40 57 21 1 47 51 26 1 0 0 0 0 24 43 17 1 48 82 39 1 33 31 26 1 42 91 47 1 62 92 19 1 62 115 76 1 25 62 32 1 0 54 16 1 31 33 0 1 39 50 36 1 23 44 37 1 9 56 20 1 20 66 55 1 44 63 61 1 5 5 6 1
85 93 69 1 54 79 71 1 59 107 46 1 96 76 55 1 105 107 60 1 115 87 90 1 92 133 66 1 109 119 90 1 93 130 70 1 90 100 69 1 74 95 62 1 87 111 74 1 49 87 37 1 71 85 60 1 68 85 68 1 84 93 68 1 52 49 50 1 58 91 68 1 53 91 58 1 45 47 55 1 75 91 63 1 59 103 52 1 61 85 78 1 68 94 84 1 33 76 41 1 42 28 42 1 48 53 41 1 29 39 54 1 20 51 43 1 43 58 13 1 22 50 17 1 0 0 0 0 0 41 43 1 10 42 61 1 1 24 45 1 19 12 7 1 6 10 5 1 45 46 27 1 21 55 76 1 26 47 36 1 2 47 37 1 40 44 34 1 0 47 57 1 9 24 34 1 0 0 0 0 0 0 0 0 5 50 17 1 5 42 22 1 2 54 28 1 0 45 8 1 5 21 8 1 42 50 28 1 5 57 0 1 59 73 88 1 35 54 54 1 72 105 98 1 20 74 46 1 52 90 80 1 10 49 39 1 0 30 4 1 0 0 0 0 25 45 41 1 0 4 25 1 0 25 8 1 53 31 15 1 33 40 10 1 0 0 0 0
0 0 0 0 77 105 77 1 89 70 69 1 84 75 47 1 66 110 72 1 57 115 55 1 43 67 55 1 49 65 23 1 52 74 15 1 61 125 60 1 82 77 67 1 74 118 86 1 0 0 0 0 48 87 37 1 116 122 88 1 0 0 0 0 62 91 44 1 43 82 40 1 31 47 17 1 35 62 31 1 49 48 35 1 53 87 48 1 92 103 55 1 45 99 76 1 19 87 51 1 53 70 41 1 37 45 25 1 0 0 0 0 0 0 0 0 30 59 40 1 57 88 54 1 0 0 0 0 20 59 31 1 0 0 0 0 24 44 54 1 8 52 47 1 18 18 0 1 38 59 64 1 0 0 0 0 49 50 45 1 19 44 38 1 30 64 48 1 0 32 25 1 1 42 48 1 23 64 50 1 0 0 0 0 31 66 47 1 10 67 33 1 0 0 0 0 24 27 9 1 1 26 8 1 52 82 55 1 0 0 0 0 45 62 17 1 24 75 44 1 50 68 59 1 30 53 25 1 23 53 31 1 12 17 17 1 0 39 19 1 15 32 48 1 0 33 15 1 6 15 0 1 15 30 24 1 24 41 18 1 0 0 0 0 33 26 40 1
86 110 74 1 83 91 50 1 0 0 0 0 0 0 0 0 0 0 0 0 99 103 57 1 60 74 49 1 0 0 0 0 61 115 53 1 38 82 39 1 56 92 43 1 69 60 57 1 38 100 55 1 79 119 67 1 115 147 108 1 134 140 84 1 47 79 65 1 51 75 29 1 68 87 64 1 62 79 36 1 32 59 8 1 0 37 33 1 32 60 48 1 0 0 0 0 73 94 74 1 67 94 73 1 39 53 33 1 0 0 0 0 36 69 39 1 57 91 62 1 72 84 50 1 37 60 58 1 4 55 37 1 0 0 0 0 0 0 0 0 0 45 13 1 4 10 26 1 14 46 17 1 20 27 21 1 15 32 11 1 50 83 48 1 16 40 25 1 0 26 2 1 54 42 32 1 65 80 52 1 39 84 52 1 19 53 32 1 22 48 49 1 0 0 0 0 11 53 32 1 12 39 23 1 52 70 78 1 14 66 45 1 7 61 19 1 20 43 57 1 40 72 21 1 13 53 8 1 4 24 25 1 0 26 21 1 14 25 21 1 24 28 32 1 17 50 47 1 6 12 4 1 32 42 50 1 34 26 14 1 4 33 0 1 8 46 19 1
88 84 64 1 48 56 53 1 0 0 0 0 55 79 59 1 92 57 35 1 58 71 74 1 62 69 30 1 81 100 53 1 68 107 66 1 43 74 69 1 60 79 69 1 63 122 100 1 51 67 71 1 40 67 78 1 42 83 81 1 47 92 45 1 60 67 29 1 69 90 46 1 77 100 63 1 70 78 62 1 34 41 43 1 18 47 6 1 10 39 15 1 25 19 2 1 0 0 0 0 68 97 88 1 31 67 33 1 0 0 0 0 0 0 0 0 30 68 21 1 61 64 56 1 15 57 22 1 0 21 29 1 25 52 6 1 0 30 34 1 22 57 47 1 0 22 8 1 0 20 7 1 4 35 18 1 0 6 16 1 0 0 0 0 0 19 35 1 0 23 12 1 27 49 52 1 39 95 78 1 58 84 68 1 32 31 49 1 0 32 29 1 53 64 40 1 23 44 26 1 12 13 33 1 77 72 77 1 9 65 27 1 11 26 26 1 5 42 7 1 0 21 37 1 0 41 24 1 0 24 15 1 27 13 8 1 0 18 27 1 3 29 51 1 18 19 8 1 0 62 27 1 61 98 79 1 51 101 55 1 32 69 54 1 0 0 0 0
54 129 87 1 75 104 94 1 0 0 0 0 57 72 68 1 64 86 61 1 74 115 89 1 71 96 49 1 58 117 49 1 66 87 65 1 40 88 55 1 43 66 40 1 46 95 83 1 72 93 37 1 65 73 67 1 87 78 90 1 74 110 68 1 73 104 67 1 86 96 69 1 0 0 0 0 70 56 45 1 77 93 90 1 69 106 70 1 21 49 40 1 23 43 32 1 8 36 42 1 0 0 0 0 60 88 67 1 62 80 64 1 35 71 47 1 9 59 43 1 6 48 11 1 0 28 0 1 17 7 9 1 0 0 0 0 12 54 38 1 24 46 32 1 21 44 18 1 19 45 52 1 13 15 0 1 0 0 0 0 8 58 40 1 16 53 29 1 26 46 30 1 47 35 13 1 39 64 54 1 35 31 46 1 13 39 19 1 8 15 31 1 0 0 0 1 35 54 45 1 0 0 0 0 42 42 55 1 20 50 27 1 0 25 18 1 15 17 13 1 0 12 12 1 6 18 12 1 22 60 26 1 0 12 32 1 5 36 4 1 0 0 0 0 4 37 22 1 38 47 21 1 59 79 82 1 54 44 31 1 0 0 0 0 20 30 36 1
57 95 45 1 74 92 68 1 0 0 0 0 61 100 69 1 0 0 0 0 84 105 67 1 38 85 60 1 54 99 59 1 43 64 38 1 0 56 42 1 41 59 52 1 18 62 3 1 23 51 31 1 16 37 50 1 39 69 45 1 68 96 73 1 0 0 0 0 86 123 85 1 96 117 68 1 58 100 51 1 82 133 90 1 79 113 45 1 69 92 55 1 34 65 43 1 29 50 9 1 0 32 5 1 14 26 22 1 51 56 24 1 36 71 32 1 0 35 27 1 8 0 16 1 0 24 6 1 0 25 25 1 13 55 7 1 37 42 36 1 22 28 26 1 26 57 31 1 14 43 36 1 0 0 0 0 34 74 56 1 36 28 32 1 0 40 36 1 0 0 21 1 10 12 22 1 0 0 0 0 0 13 13 1 8 1 6 1 0 0 0 0 69 48 41 1 0 52 11 1 0 23 30 1 18 68 34 1 0 0 0 0 7 36 11 1 46 77 61 1 22 59 47 1 0 13 25 1 11 20 19 1 22 0 14 1 11 37 46 1 54 55 53 1 16 80 20 1 0 0 0 0 24 71 40 1 0 0 0 0 0 0 0 0 0 28 12 1
73 95 48 1 68 101 73 1 40 87 51 1 55 123 53 1 60 69 82 1 50 64 45 1 42 108 49 1 38 82 76 1 7 62 56 1 27 69 68 1 37 66 51 1 27 58 60 1 0 0 0 0 42 41 44 1 24 58 12 1 24 90 52 1 55 79 33 1 43 65 51 1 87 107 75 1 90 125 80 1 72 91 44 1 79 93 48 1 98 88 71 1 59 77 55 1 39 72 50 1 43 53 21 1 14 27 7 1 17 47 6 1 5 37 30 1 9 40 4 1 9 30 19 1 0 13 16 1 2 50 15 1 0 0 0 0 33 58 63 1 37 48 37 1 23 33 64 1 36 57 44 1 65 87 74 1 43 81 62 1 0 36 2 1 0 17 18 1 1 43 0 1 15 0 16 1 0 24 19 1 0 20 26 1 22 14 16 1 0 0 0 0 44 107 53 1 0 0 0 0 0 0 0 0 0 0 0 0 23 23 31 1 23 43 34 1 78 51 36 1 21 48 55 1 0 21 12 1 19 33 0 1 0 34 20 1 13 33 13 1 23 72 33 1 23 59 5 1 2 28 52 1 52 65 62 1 27 54 52 1 34 20 55 1 31 35 11 1
57 66 26 1 76 98 92 1 73 68 89 1 36 71 19 1 86 85 64 1 91 132 96 1 63 110 98 1 18 58 35 1 24 12 20 1 66 74 87 1 0 29 3 1 10 17 12 1 24 33 49 1 26 61 26 1 0 0 0 0 14 72 52 1 48 74 63 1 61 99 49 1 0 0 0 0 100 110 72 1 72 129 65 1 0 0 0 0 63 79 79 1 61 93 46 1 60 62 21 1 11 75 1 1 0 27 0 1 6 16 1 1 2 31 6 1 26 46 25 1 22 34 14 1 0 0 0 0 8 27 6 1 0 30 39 1 0 59 46 1 3 50 31 1 5 28 42 1 7 51 18 1 7 43 48 1 47 51 69 1 9 50 18 1 0 3 9 1 4 25 15 1 5 26 30 1 0 0 0 0 0 16 45 1 13 26 25 1 47 64 65 1 0 27 4 1 57 79 54 1 0 20 18 1 0 0 0 0 7 40 9 1 3 50 0 1 0 26 10 1 0 0 0 0 0 18 12 1 0 0 0 0 23 49 18 1 33 62 43 1 0 0 0 0 63 90 64 1 0 0 0 0 40 69 71 1 24 59 25 1 23 25 34 1 6 26 0 1
57 91 69 1 47 74 52 1 64 97 69 1 72 143 67 1 89 108 98 1 84 94 77 1 33 48 52 1 19 53 31 1 1 19 16 1 0 17 21 1 16 21 0 1 0 27 10 1 6 51 24 1 42 33 11 1 30 63 33 1 20 53 40 1 13 52 4 1 26 54 38 1 62 88 51 1 62 78 73 1 85 116 58 1 76 117 71 1 37 84 39 1 69 94 55 1 67 77 60 1 59 91 64 1 12 34 29 1 31 28 27 1 6 24 7 1 0 28 27 1 0 43 23 1 9 40 25 1 0 26 5 1 0 0 0 0 0 25 49 1 8 33 22 1 0 9 0 1 0 46 0 1 4 18 14 1 0 17 44 1 0 18 5 1 19 13 4 1 0 39 3 1 0 14 6 1 35 72 46 1 0 0 0 0 39 91 91 1 38 56 81 1 37 72 75 1 0 28 27 1 5 35 3 1 0 30 12 1 3 7 10 1 0 31 41 1 18 63 70 1 24 27 20 1 11 34 53 1 21 37 0 1 0 0 0 0 29 48 15 1 74 80 41 1 78 71 73 1 18 0 0 1 18 42 32 1 21 49 30 1 0 28 37 1 0 0 28 1
35 59 45 1 50 91 30 1 81 102 84 1 75 76 65 1 27 59 47 1 12 57 21 1 0 26 25 1 0 38 0 1 0 47 11 1 0 7 31 1 19 11 41 1 25 49 24 1 4 20 19 1 0 36 0 1 40 46 25 1 13 52 44 1 4 15 13 1 17 82 52 1 47 82 61 1 23 36 23 1 63 72 42 1 120 141 67 1 46 72 36 1 36 49 37 1 61 81 46 1 71 120 102 1 74 127 75 1 29 83 59 1 6 13 19 1 0 59 27 1 30 63 35 1 35 56 44 1 3 60 19 1 3 31 30 1 0 26 32 1 0 0 0 0 18 46 27 1 5 25 10 1 19 51 39 1 24 17 23 1 0 41 12 1 15 18 6 1 11 33 23 1 25 36 16 1 0 0 0 0 89 86 59 1 0 0 0 0 0 0 0 0 0 2 17 1 0 0 0 0 30 52 20 1 3 36 32 1 33 28 15 1 12 19 11 1 0 33 17 1 29 64 56 1 0 44 21 1 4 10 0 1 19 16 16 1 26 49 13 1 0 0 0 0 42 75 54 1 22 80 47 1 31 37 37 1 35 23 28 1 42 28 0 1 1 29 1 1
49 68 32 1 0 50 12 1 41 47 31 1 48 98 52 1 44 56 31 1 13 6 0 1 0 19 24 1 0 0 0 0 24 65 72 1 12 19 36 1 9 21 0 1 56 79 65 1 59 73 62 1 70 53 28 1 26 52 56 1 28 41 23 1 0 0 0 0 10 41 45 1 2 13 0 1 0 0 0 0 38 64 22 1 32 94 64 1 90 107 62 1 37 83 80 1 0 0 0 0 42 41 17 1 63 113 82 1 64 68 80 1 32 55 24 1 0 0 0 0 83 99 63 1 54 64 55 1 45 32 36 1 22 1 19 1 0 31 13 1 5 53 10 1 3 31 0 1 16 22 0 1 0 34 5 1 0 19 4 1 0 30 3 1 6 15 0 1 2 49 25 1 64 75 81 1 59 100 72 1 11 41 59 1 0 0 0 0 2 30 19 1 25 32 18 1 1 30 14 1 0 12 5 1 18 44 16 1 87 105 92 1 44 35 35 1 3 41 23 1 2 29 27 1 0 0 0 0 0 9 12 1 0 17 7 1 8 48 0 1 52 52 56 1 52 76 59 1 20 72 65 1 37 39 28 1 20 47 54 1 24 46 22 1 39 43 0 1
10 53 17 1 5 23 0 1 0 13 16 1 9 48 13 1 5 11 12 1 3 25 5 1 4 46 11 1 22 80 62 1 33 68 47 1 48 54 22 1 0 0 0 0 39 83 58 1 111 112 49 1 82 89 94 1 61 59 58 1 3 51 10 1 22 41 29 1 19 35 19 1 23 35 24 1 0 0 0 0 24 78 28 1 52 55 21 1 51 75 65 1 73 111 68 1 18 33 12 1 0 10 0 1 28 45 30 1 0 0 0 0 32 48 15 1 19 57 14 1 27 54 21 1 27 68 32 1 16 15 6 1 0 17 21 1 0 17 25 1 7 45 5 1 0 29 12 1 0 23 10 1 5 2 31 1 9 35 49 1 0 23 15 1 0 1 12 1 0 0 0 0 39 52 57 1 19 77 45 1 27 26 37 1 34 75 22 1 7 61 40 1 0 0 0 0 24 51 0 1 0 18 38 1 64 47 48 1 59 87 80 1 37 62 74 1 14 56 16 1 10 36 37 1 26 39 31 1 17 58 9 1 14 58 18 1 0 36 30 1 0 0 0 0 38 86 64 1 18 78 44 1 0 45 37 1 52 54 29 1 23 40 6 1 33 25 45 1
79 87 72 1 64 100 66 1 41 63 44 1 5 44 13 1 0 9 0 1 0 0 0 0 69 68 56 1 52 70 68 1 57 94 70 1 65 114 79 1 80 97 94 1 48 83 50 1 41 85 68 1 87 89 50 1 32 52 38 1 20 49 2 1 7 24 0 1 0 14 47 1 0 0 0 0 41 42 18 1 32 45 29 1 71 72 56 1 34 65 44 1 16 82 66 1 52 112 52 1 47 59 37 1 14 26 13 1 0 0 0 0 0 12 0 1 0 54 0 1 10 31 27 1 13 61 35 1 15 23 10 1 0 21 13 1 14 27 33 1 8 37 0 1 0 32 26 1 0 36 26 1 0 36 31 1 0 16 29 1 5 33 21 1 10 20 0 1 0 30 44 1 46 63 62 1 14 80 37 1 0 13 14 1 0 0 0 0 17 34 12 1 18 19 11 1 0 15 0 1 7 44 28 1 36 81 83 1 38 48 39 1 15 28 3 1 9 16 22 1 45 64 55 1 0 0 0 0 13 18 13 1 11 47 12 1 0 30 38 1 22 50 28 1 42 77 60 1 52 82 43 1 0 0 0 0 42 61 35 1 11 52 6 1 37 45 0 1
69 101 41 1 66 94 67 1 55 109 67 1 0 0 0 0 40 79 36 1 63 82 62 1 68 113 67 1 72 98 61 1 86 92 67 1 78 87 82 1 41 89 41 1 49 78 34 1 63 104 49 1 73 83 67 1 40 84 70 1 45 90 49 1 21 55 58 1 0 6 15 1 0 11 11 1 13 20 24 1 12 50 23 1 26 32 28 1 26 49 32 1 28 55 21 1 46 102 68 1 50 48 49 1 8 18 5 1 2 10 0 1 6 35 0 1 13 51 33 1 47 71 52 1 85 90 88 1 78 86 62 1 24 26 39 1 0 0 0 0 31 39 34 1 40 67 30 1 0 0 0 0 13 39 23 1 8 61 27 1 3 32 24 1 0 0 0 0 5 35 23 1 12 25 35 1 27 42 36 1 29 43 46 1 6 25 13 1 1 24 22 1 0 29 37 1 5 21 31 1 0 0 0 0 56 40 39 1 45 55 23 1 9 30 35 1 0 30 17 1 24 57 15 1 37 54 17 1 0 39 6 1 0 50 19 1 0 0 0 0 12 32 11 1 12 52 16 1 3 46 39 1 17 50 42 1 0 0 0 0 19 13 15 1 71 83 63 1
34 51 31 1 58 72 58 1 94 104 86 1 71 96 66 1 86 76 42 1 68 93 64 1 78 90 80 1 75 85 63 1 54 69 26 1 84 105 66 1 82 116 50 1 70 99 39 1 28 86 22 1 56 73 52 1 28 82 51 1 67 108 67 1 0 0 0 0 37 65 70 1 41 72 64 1 26 73 57 1 40 56 52 1 18 39 23 1 5 32 28 1 30 30 10 1 0 55 48 1 17 33 54 1 27 49 37 1 9 13 12 1 22 34 0 1 19 27 14 1 60 60 72 1 76 131 92 1 83 101 81 1 62 49 47 1 19 66 17 1 31 70 47 1 17 73 24 1 14 51 24 1 0 0 0 0 0 19 15 1 29 12 1 1 20 20 0 1 0 18 12 1 14 5 26 1 40 51 46 1 72 87 72 1 62 31 57 1 20 77 73 1 29 63 21 1 28 78 43 1 30 43 25 1 0 4 17 1 0 29 18 1 57 32 28 1 14 18 19 1 19 8 0 1 0 0 0 0 46 62 26 1 8 42 27 1 76 51 52 1 41 36 38 1 19 56 7 1 36 59 32 1 44 26 50 1 44 39 26 1 63 48 53 1 113 109 97 1
45 70 19 1 0 0 0 0 81 80 68 1 60 109 62 1 61 74 79 1 80 73 49 1 81 89 59 1 43 83 70 1 60 81 39 1 61 77 24 1 69 105 58 1 42 92 58 1 43 90 37 1 58 109 52 1 63 107 66 1 63 102 27 1 67 100 56 1 46 81 48 1 0 0 0 0 48 94 59 1 46 91 84 1 45 87 72 1 32 36 8 1 0 36 30 1 19 52 38 1 18 50 49 1 44 54 50 1 30 53 29 1 0 49 15 1 20 34 27 1 36 56 41 1 76 78 46 1 107 135 86 1 77 102 86 1 93 58 53 1 32 44 30 1 7 56 12 1 5 57 24 1 13 34 26 1 7 31 36 1 0 38 29 1 4 15 13 1 0 15 22 1 17 29 10 1 25 71 61 1 69 78 47 1 16 66 40 1 61 60 65 1 0 36 43 1 10 24 11 1 20 34 33 1 13 55 8 1 11 0 20 1 24 44 33 1 22 30 38 1 20 31 31 1 33 37 48 1 50 81 67 1 23 41 25 1 25 73 56 1 49 38 23 1 47 25 15 1 48 48 14 1 13 64 48 1 69 39 28 1 108 88 51 1 0 0 0 0
46 72 55 1 0 0 0 0 0 0 0 0 58 76 56 1 42 85 52 1 82 73 71 1 67 110 72 1 116 114 64 1 79 83 59 1 0 0 0 0 65 114 37 1 55 104 17 1 37 85 69 1 65 81 33 1 61 90 65 1 90 99 59 1 60 89 43 1 24 41 38 1 15 26 7 1 43 82 28 1 33 79 36 1 60 60 64 1 0 23 0 1 0 39 24 1 0 0 0 0 17 73 48 1 32 61 38 1 44 48 33 1 41 46 35 1 0 0 0 0 12 23 14 1 29 48 31 1 52 53 24 1 0 0 0 0 43 57 55 1 20 47 2 1 14 34 13 1 26 55 27 1 12 53 25 1 34 20 22 1 0 0 0 0 34 67 42 1 59 72 44 1 6 43 17 1 0 56 34 1 68 75 42 1 0 0 0 0 48 68 62 1 19 43 54 1 0 43 13 1 0 21 33 1 22 46 55 1 54 93 76 1 17 56 29 1 27 42 42 1 57 55 38 1 11 57 66 1 50 59 64 1 0 10 31 1 16 33 24 1 16 45 28 1 42 77 43 1 78 78 23 1 13 3 0 1 40 53 13 1 102 116 57 1 63 79 35 1
0 0 0 0 12 48 30 1 21 45 27 1 69 67 36 1 38 78 52 1 108 89 88 1 85 107 111 1 78 120 78 1 50 53 75 1 80 100 63 1 55 81 78 1 67 80 43 1 34 73 27 1 34 78 61 1 48 100 42 1 38 91 50 1 0 0 0 0 30 84 49 1 46 99 49 1 41 55 68 1 23 51 34 1 0 51 4 1 14 32 33 1 0 18 17 1 21 51 8 1 8 49 59 1 0 31 31 1 58 54 25 1 48 47 44 1 49 66 36 1 0 0 0 0 1 26 31 1 6 32 37 1 44 43 15 1 15 59 25 1 6 45 4 1 0 40 15 1 33 46 35 1 38 34 0 1 26 12 50 1 35 28 24 1 74 119 70 1 79 125 98 1 20 41 7 1 36 18 18 1 0 0 0 0 8 51 45 1 39 56 22 1 0 24 25 1 0 0 0 0 0 26 0 1 42 42 48 1 68 97 79 1 40 66 58 1 22 61 30 1 15 53 28 1 42 72 40 1 37 69 52 1 18 62 45 1 35 40 34 1 32 69 19 1 39 59 25 1 18 45 25 1 23 40 25 1 146 151 112 1 188 190 148 1 137 143 88 1
13 57 14 1 61 78 54 1 85 119 81 1 78 91 59 1 89 103 81 1 72 102 87 1 83 138 100 1 64 106 60 1 63 79 63 1 55 100 55 1 63 90 54 1 0 0 0 0 14 87 44 1 43 78 43 1 67 92 68 1 21 76 46 1 32 54 31 1 29 80 66 1 0 0 0 0 58 63 25 1 16 48 9 1 8 15 24 1 0 0 0 1 0 37 16 1 34 46 18 1 8 51 44 1 25 48 22 1 28 36 22 1 14 35 18 1 31 53 69 1 37 39 32 1 26 51 37 1 15 41 19 1 26 26 19 1 15 40 20 1 31 33 10 1 15 21 7 1 14 51 0 1 66 85 46 1 0 0 0 0 0 44 33 1 28 29 34 1 0 45 18 1 1 23 0 1 28 29 23 1 0 0 0 0 0 0 0 0 0 0 0 0 0 0 0 0 12 20 0 1 45 69 62 1 42 73 64 1 20 38 14 1 31 38 25 1 34 28 28 1 39 47 54 1 41 44 57 1 14 33 9 1 49 62 53 1 53 33 61 1 46 78 36 1 44 27 0 1 17 49 0 1 77 82 69 1 134 167 146 1 154 136 114 1 133 135 83 1
26 49 44 1 113 98 93 1 95 144 96 1 0 0 0 0 35 82 59 1 18 80 73 1 40 70 57 1 88 113 69 1 0 0 0 0 37 78 44 1 35 112 75 1 38 89 55 1 52 103 67 1 66 92 29 1 43 88 46 1 0 0 0 0 0 52 34 1 24 73 67 1 51 67 37 1 7 83 28 1 27 55 46 1 26 40 34 1 5 15 0 1 0 56 9 1 8 12 25 1 25 21 0 1 0 24 7 1 0 1 0 1 0 32 1 1 39 53 0 1 11 45 45 1 29 19 33 1 43 33 44 1 48 64 73 1 51 86 37 1 0 0 0 0 39 43 35 1 0 32 9 1 0 0 0 0 0 0 0 0 3 32 1 1 46 35 27 1 0 0 0 0 28 37 8 1 26 44 23 1 38 60 32 1 32 68 39 1 18 37 34 1 24 78 48 1 5 50 46 1 52 85 103 1 45 73 46 1 8 30 8 1 8 44 22 1 35 42 46 1 50 27 49 1 20 28 39 1 44 37 48 1 0 0 0 0 21 54 28 1 15 25 0 1 29 23 7 1 0 0 0 0 127 158 108 1 156 162 119 1 0 0 0 0 0 0 0 0
0 0 0 0 38 96 62 1 16 72 37 1 8 23 20 1 0 0 0 0 6 41 24 1 47 32 24 1 43 56 47 1 51 58 80 1 66 83 61 1 79 109 88 1 58 78 42 1 0 0 0 0 65 88 47 1 0 0 0 0 0 0 0 0 32 74 34 1 50 74 57 1 74 105 58 1 57 62 29 1 5 23 0 1 14 17 19 1 19 37 26 1 27 47 10 1 20 42 0 1 0 77 46 1 0 0 0 0 23 35 9 1 0 0 0 0 9 26 0 1 3 39 41 1 22 56 43 1 22 68 60 1 52 65 82 1 0 0 0 0 43 86 88 1 66 87 70 1 0 0 0 0 33 37 20 1 24 44 2 1 47 25 0 1 22 39 12 1 11 27 0 1 17 51 18 1 22 46 27 1 6 43 11 1 18 53 24 1 0 0 32 1 16 24 30 1 68 121 99 1 70 100 67 1 14 26 24 1 43 41 33 1 38 82 45 1 47 64 22 1 42 62 17 1 53 71 50 1 69 67 75 1 59 74 78 1 53 38 41 1 28 35 13 1 81 77 52 1 133 126 77 1 148 135 100 1 108 108 86 1 162 157 87 1 0 0 0 0
0 0 0 0 10 49 8 1 38 55 36 1 0 72 40 1 32 49 24 1 22 56 25 1 23 59 14 1 18 35 29 1 0 0 2 1 0 35 10 1 16 36 26 1 21 37 17 1 0 0 0 0 25 70 31 1 39 65 40 1 63 104 65 1 58 55 50 1 15 79 17 1 19 64 38 1 101 84 55 1 36 70 35 1 0 65 54 1 16 39 8 1 0 0 0 0 7 42 19 1 39 65 30 1 78 110 91 1 47 91 51 1 65 66 51 1 8 62 35 1 0 0 0 0 59 90 48 1 0 0 0 0 5 9 0 1 22 34 0 1 42 79 88 1 0 0 0 0 14 43 7 1 22 15 0 1 0 0 6 1 8 29 9 1 0 0 0 0 22 67 18 1 34 40 24 1 0 0 0 0 17 46 27 1 23 45 14 1 30 27 8 1 0 22 7 1 0 49 36 1 58 107 67 1 66 83 79 1 0 0 0 0 41 38 20 1 51 91 60 1 0 0 0 0 71 89 71 1 65 72 57 1 49 61 24 1 0 0 0 0 106 95 50 1 104 161 104 1 140 136 96 1 112 101 55 1 76 97 33 1 65 79 38 1 76 84 40 1
74 81 53 1 30 60 38 1 69 90 81 1 73 86 35 1 38 78 30 1 62 80 63 1 84 115 63 1 76 84 67 1 41 64 35 1 17 63 51 1 52 70 63 1 0 0 0 0 20 53 34 1 4 25 0 1 13 34 17 1 45 59 36 1 33 52 22 1 19 31 34 1 29 55 55 1 89 118 82 1 34 70 32 1 9 33 18 1 14 43 17 1 28 79 2 1 9 40 12 1 3 45 20 1 47 61 47 1 50 97 59 1 66 83 67 1 26 78 45 1 30 60 34 1 22 48 52 1 12 12 0 1 0 0 0 0 9 11 22 1 20 43 14 1 37 76 39 1 51 62 28 1 27 55 25 1 33 40 20 1 0 39 7 1 2 16 21 1 0 0 0 0 12 50 42 1 0 0 0 0 0 0 0 0 0 48 19 1 37 44 39 1 0 41 11 1 0 45 0 1 24 62 27 1 43 75 65 1 77 86 47 1 43 62 42 1 48 60 17 1 30 21 14 1 0 0 0 0 60 72 40 1 8 9 0 1 71 70 51 1 131 149 100 1 150 132 112 1 118 135 59 1 99 114 50 1 118 87 51 1 78 126 45 1 53 55 22 1
51 69 38 1 44 90 58 1 47 74 35 1 39 51 34 1 59 86 52 1 57 90 68 1 43 103 72 1 62 80 55 1 49 105 49 1 20 38 39 1 16 94 57 1 43 80 51 1 64 94 69 1 38 70 22 1 20 54 29 1 0 14 5 1 0 38 7 1 11 53 10 1 40 56 25 1 47 60 31 1 40 49 34 1 1 35 12 1 35 32 19 1 8 60 37 1 17 42 40 1 6 18 32 1 20 27 14 1 26 84 74 1 87 97 79 1 74 92 80 1 3 32 20 1 21 16 0 1 22 5 27 1 1 35 0 1 4 7 5 1 0 0 0 0 15 33 13 1 50 76 76 1 68 64 31 1 29 62 31 1 29 83 45 1 21 52 3 1 17 19 36 1 27 50 4 1 0 45 0 1 2 43 33 1 8 32 28 1 11 16 0 1 7 12 14 1 19 34 36 1 28 25 31 1 43 11 0 1 7 58 26 1 25 68 15 1 69 38 29 1 0 0 0 0 30 29 18 1 22 54 0 1 60 47 34 1 0 0 0 0 180 167 137 1 182 157 109 1 143 126 69 1 99 122 49 1 84 121 71 1 77 115 52 1 53 76 13 1
63 92 61 1 12 65 34 1 47 84 61 1 86 90 46 1 47 92 59 1 49 57 38 1 55 66 54 1 29 60 43 1 51 66 56 1 53 99 72 1 43 84 62 1 56 95 65 1 16 70 47 1 19 64 10 1 22 37 3 1 29 46 41 1 23 59 21 1 31 33 7 1 0 25 0 1 1 50 31 1 11 59 5 1 0 0 20 1 5 30 0 1 5 31 15 1 27 25 31 1 28 49 52 1 14 10 3 1 25 28 13 1 48 37 41 1 0 0 0 0 0 0 0 0 10 13 0 1 0 23 0 1 20 23 17 1 0 36 34 1 18 40 38 1 0 9 0 1 30 44 27 1 0 0 0 0 51 68 61 1 45 78 67 1 26 58 51 1 8 22 27 1 13 35 50 1 35 62 27 1 21 53 19 1 0 0 10 1 6 1 30 1 0 16 0 1 4 18 0 1 28 58 39 1 0 0 0 0 45 63 22 1 76 78 54 1 142 106 114 1 151 134 112 1 101 72 58 1 72 49 33 1 0 0 0 0 165 184 135 1 157 142 83 1 0 0 0 0 0 0 0 0 62 97 49 1 100 104 40 1 62 97 53 1 56 96 52 1
41 49 35 1 61 54 12 1 40 89 38 1 59 78 65 1 35 107 41 1 67 101 56 1 51 95 56 1 0 0 0 0 0 0 0 0 68 94 54 1 44 70 29 1 42 64 53 1 29 43 47 1 52 55 21 1 0 0 0 0 18 61 57 1 49 72 44 1 0 0 0 0 24 51 20 1 34 84 50 1 21 68 57 1 0 6 15 1 31 9 18 1 0 0 0 0 34 66 64 1 34 98 43 1 28 31 53 1 9 38 4 1 23 20 27 1 10 27 21 1 0 50 0 1 0 0 0 1 0 20 0 1 2 29 0 1 18 1 12 1 18 58 38 1 0 24 0 1 0 24 0 1 0 14 30 1 14 60 46 1 38 80 41 1 13 52 26 1 0 48 13 1 18 33 5 1 31 45 31 1 19 32 18 1 0 0 0 0 0 23 2 1 0 2 3 1 97 102 97 1 76 104 78 1 57 68 4 1 68 74 32 1 123 115 66 1 97 115 63 1 118 123 100 1 187 172 135 1 173 161 108 1 150 149 107 1 191 173 128 1 156 146 104 1 142 139 94 1 112 150 86 1 115 104 94 1 94 116 67 1 82 109 46 1 104 112 54 1
29 84 38 1 77 87 73 1 56 100 69 1 53 75 54 1 56 94 59 1 64 95 77 1 56 106 56 1 0 0 0 0 89 96 43 1 0 0 0 0 35 70 57 1 25 49 52 1 3 34 17 1 65 55 64 1 26 65 51 1 0 40 8 1 18 26 49 1 18 40 18 1 12 42 13 1 24 66 41 1 61 77 63 1 41 67 67 1 19 46 15 1 0 9 18 1 0 31 35 1 0 0 0 0 33 75 54 1 52 61 41 1 21 68 15 1 10 37 49 1 0 0 0 0 5 47 18 1 0 7 28 1 11 17 27 1 0 5 14 1 0 17 16 1 14 4 0 1 14 22 23 1 20 25 23 1 11 0 11 1 31 49 25 1 36 41 22 1 13 30 6 1 22 9 13 1 0 24 28 1 0 20 13 1 0 26 10 1 0 24 18 1 26 37 28 1 73 89 78 1 113 129 121 1 119 123 89 1 44 69 29 1 18 31 12 1 103 104 55 1 138 126 106 1 127 123 87 1 142 132 90 1 179 136 112 1 177 172 117 1 0 0 0 0 129 107 57 1 94 97 54 1 88 97 65 1 0 0 0 0 68 92 75 1 66 92 34 1
54 102 59 1 72 97 69 1 0 0 0 0 53 60 23 1 61 84 57 1 0 0 0 0 38 71 36 1 58 54 44 1 82 94 67 1 51 75 66 1 23 78 40 1 0 0 0 0 2 23 15 1 30 51 12 1 7 26 9 1 24 30 0 1 26 12 6 1 0 0 0 1 13 27 36 1 25 45 38 1 38 48 37 1 61 80 68 1 26 17 12 1 0 52 18 1 0 0 0 1 0 43 20 1 15 43 17 1 16 59 0 1 1 37 19 1 2 23 17 1 0 21 0 1 27 76 45 1 0 0 0 0 21 32 6 1 16 23 19 1 13 39 1 1 0 42 17 1 0 34 6 1 7 34 5 1 0 28 3 1 0 19 43 1 0 32 19 1 0 25 12 1 0 35 22 1 16 29 5 1 20 21 12 1 0 25 28 1 0 39 25 1 12 26 27 1 7 33 34 1 114 129 130 1 96 89 77 1 95 78 33 1 100 104 57 1 102 108 89 1 111 134 76 1 77 76 41 1 83 98 49 1 173 142 122 1 0 0 0 0 155 149 111 1 130 95 60 1 110 64 37 1 99 91 36 1 67 102 47 1 65 100 48 1 0 0 0 0
72 116 89 1 77 87 73 1 87 83 78 1 37 55 52 1 45 67 33 1 0 0 0 0 44 74 51 1 30 60 61 1 0 0 0 0 29 78 39 1 40 37 1 1 0 24 19 1 7 19 0 1 0 13 22 1 9 27 58 1 11 21 25 1 20 35 37 1 0 0 0 0 13 35 29 1 24 68 80 1 0 0 0 0 22 35 13 1 34 52 40 1 16 43 44 1 24 2 2 1 17 37 12 1 0 38 27 1 0 0 0 1 0 18 0 1 12 54 0 1 20 40 28 1 17 36 54 1 20 19 25 1 5 13 26 1 12 23 8 1 0 34 16 1 8 45 27 1 33 62 43 1 33 82 52 1 17 35 21 1 9 20 29 1 4 38 11 1 0 0 0 0 22 34 2 1 0 21 23 1 0 0 0 0 0 0 0 0 0 0 0 0 42 39 28 1 70 124 82 1 58 117 64 1 45 37 26 1 46 34 2 1 80 87 43 1 101 77 71 1 106 95 33 1 102 82 34 1 70 115 56 1 140 148 108 1 0 0 0 0 124 100 82 1 107 112 56 1 74 96 35 1 39 64 34 1 89 78 48 1 0 0 0 0 61 70 52 1
74 82 70 1 61 76 70 1 0 0 0 0 71 101 83 1 35 66 45 1 46 47 25 1 43 45 21 1 0 0 0 0 31 57 43 1 25 36 30 1 0 21 9 1 9 21 0 1 1 11 4 1 12 0 0 1 0 5 0 1 0 10 0 1 9 29 23 1 0 12 0 1 47 55 52 1 57 101 86 1 15 28 1 1 0 45 13 1 0 30 39 1 0 0 0 0 0 37 7 1 0 0 0 0 23 58 11 1 0 13 0 1 11 43 9 1 48 70 49 1 91 95 68 1 34 32 44 1 5 62 15 1 39 39 10 1 19 37 48 1 12 42 0 1 45 109 39 1 65 117 50 1 75 102 86 1 20 43 25 1 8 21 12 1 3 25 2 1 29 41 0 1 0 0 0 0 0 17 0 1 0 38 0 1 27 13 13 1 0 0 0 0 73 62 38 1 70 104 83 1 8 21 9 1 62 83 41 1 0 0 0 0 38 51 11 1 35 61 21 1 22 33 15 1 96 77 39 1 118 102 73 1 205 155 130 1 151 154 113 1 103 92 23 1 105 72 28 1 100 114 88 1 116 92 48 1 119 110 57 1 91 84 66 1 42 49 64 1
0 0 0 0 104 120 87 1 66 98 71 1 0 0 0 0 0 0 0 0 35 66 44 1 18 61 12 1 38 104 33 1 44 66 31 1 19 62 33 1 0 0 0 1 5 32 34 1 8 39 30 1 7 35 27 1 0 8 6 1 0 0 0 0 4 36 7 1 4 0 28 1 20 47 49 1 21 34 43 1 1 27 9 1 0 32 0 1 0 33 0 1 17 24 20 1 4 27 13 1 33 52 27 1 14 51 27 1 22 55 21 1 56 76 36 1 94 112 86 1 91 121 67 1 53 71 51 1 23 49 21 1 15 45 33 1 16 30 25 1 12 27 17 1 80 90 57 1 39 76 39 1 26 60 49 1 33 55 20 1 15 51 25 1 0 18 36 1 0 0 0 0 0 26 18 1 0 0 0 0 5 18 7 1 40 26 14 1 14 35 0 1 3 18 0 1 0 32 0 1 70 82 80 1 97 100 86 1 46 85 34 1 20 42 30 1 0 0 0 0 122 101 71 1 118 142 119 1 102 113 63 1 134 91 43 1 140 123 62 1 124 134 72 1 93 99 55 1 90 76 25 1 74 70 62 1 86 105 50 1 59 77 30 1 43 32 36 1
83 95 74 1 92 107 99 1 37 84 53 1 16 59 42 1 42 75 41 1 72 101 72 1 64 56 40 1 32 83 41 1 58 48 41 1 0 0 0 0 7 19 0 1 1 5 10 1 25 16 24 1 33 36 37 1 0 20 38 1 0 11 0 1 0 41 0 1 6 29 8 1 21 51 11 1 19 23 0 1 47 73 65 1 16 68 38 1 0 19 24 1 12 45 25 1 9 17 22 1 15 49 21 1 17 23 38 1 24 80 53 1 58 93 56 1 88 127 72 1 27 51 25 1 17 13 0 1 20 21 13 1 8 25 8 1 1 13 6 1 24 62 34 1 56 113 66 1 47 86 54 1 56 58 54 1 0 31 27 1 37 22 25 1 0 9 38 1 20 23 35 1 0 0 0 0 9 46 32 1 13 58 30 1 34 44 18 1 33 38 40 1 0 18 0 1 15 0 17 1 29 49 63 1 57 48 68 1 85 71 62 1 43 86 30 1 61 80 43 1 90 106 70 1 60 84 30 1 56 84 23 1 136 155 127 1 174 162 110 1 122 91 44 1 67 73 33 1 83 111 64 1 63 95 68 1 72 75 55 1 8 55 34 1 22 3 25 1
64 114 51 1 51 100 71 1 60 87 66 1 57 90 60 1 81 95 73 1 58 80 65 1 44 76 45 1 59 55 53 1 62 77 54 1 44 69 65 1 31 66 39 1 30 52 78 1 7 22 30 1 12 31 34 1 11 19 28 1 0 22 24 1 0 0 0 0 5 27 31 1 0 35 0 1 26 47 25 1 49 64 34 1 52 85 34 1 2 33 0 1 21 3 30 1 11 9 1 1 0 0 13 1 0 0 0 0 60 67 36 1 49 66 44 1 58 73 57 1 39 56 24 1 39 46 11 1 2 38 23 1 34 64 19 1 17 34 20 1 0 0 0 0 73 79 39 1 0 0 0 0 39 71 8 1 17 47 41 1 8 10 6 1 0 17 9 1 14 22 19 1 11 6 21 1 14 16 17 1 0 27 27 1 33 89 38 1 40 69 53 1 7 35 0 1 5 6 37 1 4 21 0 1 55 71 78 1 0 0 0 0 43 62 29 1 47 87 21 1 17 23 0 1 0 0 0 0 129 135 82 1 157 137 123 1 160 133 108 1 124 154 83 1 125 100 63 1 107 107 46 1 49 67 20 1 54 60 65 1 64 48 27 1 21 28 30 1
45 91 36 1 52 95 53 1 71 83 53 1 0 0 0 0 49 81 68 1 31 46 29 1 52 49 22 1 51 47 43 1 54 101 82 1 63 87 90 1 39 67 49 1 6 67 41 1 5 22 15 1 6 31 15 1 12 32 23 1 19 39 7 1 17 19 18 1 0 42 53 1 20 30 31 1 62 79 42 1 74 80 60 1 37 40 0 1 25 23 8 1 37 60 37 1 0 18 9 1 37 60 31 1 0 0 0 0 0 0 0 0 48 91 51 1 64 61 35 1 34 54 25 1 44 81 45 1 35 52 31 1 25 25 6 1 13 25 25 1 61 103 66 1 68 80 88 1 38 55 0 1 2 32 29 1 0 36 0 1 0 24 12 1 0 19 13 1 0 0 0 0 0 28 41 1 0 16 33 1 35 59 35 1 72 66 43 1 0 0 0 0 39 71 39 1 0 26 26 1 19 17 0 1 49 62 40 1 47 59 48 1 52 84 65 1 0 0 0 0 16 25 0 1 45 71 41 1 157 179 141 1 0 0 0 0 195 182 147 1 138 132 97 1 91 114 69 1 121 119 62 1 77 61 28 1 55 43 0 1 64 43 29 1 70 97 40 1
70 91 51 1 76 109 101 1 65 93 91 1 0 0 0 0 39 68 40 1 0 0 0 0 33 70 14 1 57 68 55 1 23 62 61 1 71 71 33 1 21 36 33 1 0 44 31 1 16 50 41 1 0 0 0 0 29 42 29 1 20 57 29 1 16 35 13 1 0 34 9 1 39 86 66 1 90 116 83 1 101 111 88 1 0 0 0 0 0 43 12 1 3 57 15 1 14 19 8 1 17 13 15 1 0 0 0 0 80 63 45 1 30 33 19 1 39 68 24 1 52 68 20 1 57 89 55 1 46 78 47 1 0 0 0 0 0 17 0 1 74 98 80 1 40 83 58 1 0 0 0 0 28 41 47 1 50 58 49 1 30 45 44 1 8 34 23 1 0 0 0 0 29 35 24 1 24 54 32 1 3 55 32 1 46 56 60 1 27 91 40 1 0 0 0 0 30 41 14 1 18 60 19 1 28 12 17 1 0 0 0 0 73 126 118 1 89 102 70 1 44 61 19 1 58 69 19 1 0 0 0 0 152 158 119 1 133 127 90 1 0 0 0 0 0 0 0 0 131 89 44 1 102 93 67 1 80 88 71 1 139 156 120 1 173 181 147 1
10 47 19 1 28 57 64 1 18 65 38 1 5 40 8 1 32 78 55 1 57 80 15 1 0 66 7 1 40 80 39 1 84 89 71 1 57 103 57 1 0 11 0 1 5 25 25 1 0 23 29 1 0 13 20 1 0 33 21 1 0 0 0 0 0 0 0 0 15 24 10 1 42 71 49 1 69 101 69 1 77 94 78 1 85 64 11 1 0 0 0 0 0 31 9 1 52 48 28 1 37 37 7 1 100 99 78 1 74 68 46 1 49 56 1 1 33 72 40 1 64 89 49 1 64 89 45 1 36 43 8 1 30 44 30 1 39 82 51 1 0 0 0 0 32 62 33 1 31 38 20 1 17 70 20 1 0 0 0 0 10 41 23 1 1 62 39 1 14 67 17 1 0 18 19 1 0 0 0 0 0 43 27 1 67 60 48 1 41 57 52 1 45 51 30 1 12 58 17 1 0 0 0 0 79 77 53 1 24 48 26 1 27 51 6 1 9 21 20 1 54 41 23 1 26 51 26 1 106 115 70 1 70 98 59 1 82 99 25 1 94 104 71 1 114 114 62 1 63 46 40 1 107 78 67 1 68 67 38 1 116 119 75 1 141 150 124 1
0 25 19 1 53 61 44 1 38 62 33 1 15 46 9 1 42 63 56 1 68 97 68 1 48 97 64 1 53 97 61 1 82 102 77 1 0 33 10 1 0 0 0 0 2 45 37 1 0 35 14 1 0 0 0 0 19 36 30 1 0 0 0 0 14 18 6 1 10 4 6 1 0 0 0 0 26 55 53 1 122 118 80 1 98 104 83 1 77 82 53 1 32 17 26 1 51 62 31 1 40 57 31 1 92 91 55 1 41 61 1 1 0 0 0 0 109 142 101 1 102 97 78 1 96 112 68 1 81 83 63 1 50 49 16 1 7 50 0 1 0 13 6 1 0 32 0 1 19 7 13 1 0 43 20 1 20 46 34 1 0 37 50 1 11 39 17 1 10 57 37 1 29 55 38 1 48 55 53 1 55 44 45 1 50 59 13 1 34 80 38 1 1 25 22 1 75 119 65 1 97 94 83 1 29 52 68 1 21 13 13 1 25 33 15 1 19 24 21 1 41 45 26 1 95 85 49 1 83 84 58 1 54 62 47 1 69 74 32 1 72 71 51 1 133 119 73 1 108 111 65 1 0 0 0 0 78 103 54 1 0 0 0 0 138 122 93 1
1 59 9 1 0 0 0 0 40 68 41 1 66 80 30 1 68 80 50 1 71 105 78 1 69 58 43 1 78 85 51 1 0 0 0 0 44 47 39 1 42 60 56 1 52 81 40 1 16 27 7 1 0 0 10 1 0 20 0 1 0 66 18 1 0 35 15 1 0 26 13 1 0 9 0 1 9 20 0 1 84 99 49 1 97 122 82 1 60 79 39 1 21 27 34 1 26 12 15 1 22 42 21 1 43 63 42 1 0 0 0 0 76 65 31 1 132 174 118 1 0 0 0 0 105 118 87 1 68 104 65 1 0 39 3 1 8 81 48 1 9 34 0 1 0 0 0 0 30 50 17 1 30 54 33 1 0 3 7 1 1 28 25 1 0 0 0 0 22 43 16 1 35 77 44 1 59 76 45 1 42 82 78 1 0 0 0 0 37 83 47 1 37 35 15 1 103 121 134 1 61 92 57 1 32 47 24 1 43 60 20 1 25 33 35 1 27 34 31 1 0 0 0 0 101 110 101 1 58 97 57 1 112 122 131 1 57 97 62 1 28 49 11 1 15 20 8 1 101 86 53 1 51 80 55 1 30 42 52 1 64 99 69 1 104 104 40 1
21 73 24 1 0 0 0 0 59 101 97 1 80 115 63 1 65 93 47 1 84 85 59 1 48 90 44 1 25 80 22 1 37 62 48 1 0 0 0 0 9 40 19 1 73 92 84 1 60 87 73 1 31 66 20 1 15 39 32 1 0 49 14 1 0 27 8 1 0 28 0 1 16 43 0 1 43 79 34 1 94 89 79 1 81 79 69 1 49 34 43 1 5 21 13 1 0 0 0 0 19 59 30 1 22 17 0 1 40 81 19 1 0 0 0 0 0 0 0 0 76 110 13 1 49 70 17 1 8 54 4 1 0 0 0 0 46 95 39 1 37 81 40 1 13 5 0 1 7 15 30 1 27 21 5 1 0 24 23 1 21 43 5 1 16 66 63 1 32 72 76 1 46 82 40 1 40 84 31 1 54 64 48 1 84 92 50 1 51 74 44 1 27 58 10 1 39 30 7 1 69 81 41 1 107 89 37 1 112 71 74 1 53 67 14 1 36 44 17 1 61 78 82 1 135 124 83 1 83 100 61 1 65 67 34 1 49 53 46 1 83 77 20 1 74 81 71 1 62 95 47 1 37 66 59 1 68 76 64 1 100 110 57 1 45 97 80 1
0 56 29 1 35 67 48 1 55 80 58 1 53 76 10 1 46 90 39 1 0 0 0 0 61 97 64 1 0 0 0 0 11 45 7 1 43 90 65 1 4 12 0 1 0 0 0 0 27 92 52 1 63 94 75 1 39 53 48 1 0 54 34 1 0 0 0 0 17 30 25 1 49 65 29 1 67 77 41 1 43 43 58 1 52 37 31 1 65 94 49 1 99 106 105 1 98 102 60 1 103 106 74 1 53 70 26 1 95 94 49 1 123 121 101 1 107 133 105 1 56 66 44 1 46 76 22 1 60 43 67 1 86 94 50 1 59 62 43 1 43 43 60 1 0 7 18 1 0 0 20 1 0 40 3 1 21 37 23 1 26 48 24 1 0 0 0 0 86 127 98 1 73 86 51 1 59 93 54 1 89 121 57 1 75 96 90 1 51 76 37 1 59 63 44 1 0 0 0 0 121 147 86 1 85 106 40 1 0 0 0 0 65 66 44 1 51 66 25 1 72 51 53 1 20 0 41 1 0 0 0 0 87 107 63 1 60 74 63 1 71 114 45 1 54 98 61 1 59 61 55 1 41 42 18 1 65 74 80 1 58 84 72 1 63 44 37 1
15 41 31 1 12 42 37 1 36 68 44 1 40 60 46 1 50 97 97 1 0 0 0 0 26 47 19 1 56 71 53 1 43 57 44 1 0 0 0 0 63 77 48 1 39 58 42 1 0 0 0 0 0 0 0 0 69 113 85 1 23 59 10 1 24 52 28 1 41 29 30 1 50 63 63 1 14 59 15 1 37 12 0 1 58 35 29 1 87 87 54 1 160 152 107 1 99 85 36 1 110 108 70 1 105 108 54 1 68 83 34 1 87 118 62 1 89 100 55 1 109 98 74 1 90 128 86 1 86 106 109 1 94 98 98 1 35 62 54 1 3 36 10 1 31 68 14 1 0 0 0 0 45 70 56 1 0 0 0 0 23 50 64 1 46 73 72 1 79 73 50 1 47 69 48 1 76 70 44 1 0 0 0 0 72 78 41 1 0 0 0 0 0 0 0 0 159 155 110 1 103 128 103 1 82 77 80 1 151 150 118 1 138 163 107 1 115 128 97 1 84 92 43 1 69 59 23 1 68 74 60 1 91 100 69 1 62 106 85 1 38 84 41 1 75 73 51 1 59 57 32 1 31 59 10 1 47 71 56 1 29 54 42 1 42 51 26 1
0 0 0 0 38 52 24 1 22 24 19 1 0 36 27 1 0 0 0 0 29 83 12 1 0 24 0 1 28 60 28 1 24 43 26 1 36 66 54 1 67 107 38 1 67 65 66 1 59 73 75 1 84 108 83 1 0 0 0 0 0 0 22 1 0 17 21 1 22 36 32 1 50 75 61 1 49 71 59 1 32 27 3 1 46 49 38 1 89 81 73 1 126 136 97 1 88 84 44 1 69 108 31 1 51 60 75 1 51 74 15 1 31 57 0 1 82 88 62 1 72 110 68 1 0 0 0 0 34 65 46 1 55 66 75 1 0 0 0 0 43 66 31 1 51 54 31 1 77 85 52 1 0 0 0 0 37 82 75 1 38 95 69 1 40 61 48 1 65 79 64 1 50 69 38 1 30 70 27 1 69 92 52 1 122 116 106 1 168 176 125 1 145 161 115 1 0 0 0 0 138 144 92 1 159 135 92 1 122 146 79 1 124 133 79 1 107 132 95 1 95 100 99 1 66 95 72 1 29 84 37 1 48 96 42 1 50 82 56 1 0 0 0 0 0 0 0 0 45 81 53 1 42 68 25 1 77 40 17 1 31 55 13 1 0 0 0 0
24 44 32 1 27 47 57 1 20 51 47 1 0 29 15 1 21 41 37 1 11 51 38 1 0 55 9 1 16 32 0 1 19 49 35 1 51 65 35 1 89 99 64 1 62 84 87 1 79 116 52 1 38 61 50 1 15 41 41 1 0 33 0 1 13 21 10 1 13 3 0 1 57 71 53 1 60 67 49 1 46 55 30 1 18 56 15 1 64 67 41 1 39 53 20 1 87 93 54 1 116 93 56 1 106 95 45 1 74 64 63 1 46 60 15 1 42 69 0 1 13 68 39 1 59 86 54 1 44 55 49 1 65 75 50 1 13 37 33 1 0 29 10 1 24 61 31 1 46 62 44 1 53 61 19 1 8 51 28 1 21 77 35 1 0 0 0 0 63 90 67 1 94 115 54 1 88 109 66 1 168 156 92 1 162 158 120 1 0 0 0 0 116 125 47 1 111 113 71 1 106 127 74 1 111 116 37 1 107 100 60 1 66 93 59 1 83 80 28 1 62 65 59 1 56 104 38 1 39 39 0 1 30 69 10 1 74 89 70 1 66 90 49 1 15 78 34 1 0 0 0 0 28 55 20 1 37 80 60 1 110 119 83 1 122 133 108 1
7 4 5 1 3 38 30 1 38 22 49 1 38 67 82 1 41 67 65 1 52 71 65 1 17 70 43 1 39 31 0 1 57 70 39 1 13 36 17 1 28 60 23 1 81 101 51 1 82 104 40 1 51 88 40 1 24 44 44 1 0 36 7 1 4 26 18 1 8 24 17 1 50 48 22 1 68 87 57 1 63 62 27 1 42 47 4 1 78 51 38 1 113 101 59 1 94 88 51 1 88 60 73 1 108 103 66 1 89 114 90 1 75 108 85 1 0 0 0 0 21 63 19 1 42 52 31 1 2 54 20 1 26 53 41 1 13 20 45 1 11 56 50 1 34 63 43 1 46 50 28 1 38 56 49 1 57 75 74 1 55 73 67 1 23 56 38 1 41 64 27 1 77 79 88 1 0 0 0 0 140 147 113 1 123 127 78 1 0 0 0 0 145 158 112 1 99 116 55 1 95 99 61 1 125 121 89 1 110 121 77 1 87 96 47 1 83 117 55 1 119 134 119 1 84 114 94 1 0 0 0 0 43 85 28 1 59 84 72 1 75 95 42 1 83 90 67 1 71 87 49 1 112 122 78 1 117 124 132 1 0 0 0 0 48 38 23 1
14 35 9 1 8 16 29 1 5 6 36 1 12 59 27 1 42 19 29 1 51 68 60 1 44 45 30 1 16 56 29 1 46 68 33 1 25 45 6 1 54 92 15 1 0 0 0 0 61 82 44 1 61 72 36 1 60 71 31 1 18 46 30 1 20 47 47 1 11 40 0 1 40 66 32 1 71 62 54 1 41 90 45 1 0 0 0 0 15 20 0 1 90 92 43 1 62 60 44 1 77 66 10 1 99 118 67 1 60 95 58 1 11 40 0 1 0 0 0 0 26 38 23 1 16 29 7 1 39 13 10 1 13 50 23 1 16 41 44 1 43 68 73 1 46 65 24 1 65 99 80 1 80 76 78 1 54 81 84 1 55 69 71 1 47 50 60 1 98 109 94 1 117 114 101 1 0 0 0 0 99 118 82 1 94 71 56 1 110 81 49 1 0 0 0 0 97 102 46 1 115 79 39 1 0 0 0 0 83 87 44 1 74 106 52 1 100 97 83 1 116 118 86 1 0 0 0 0 48 69 41 1 34 69 43 1 41 24 16 1 49 89 38 1 53 104 79 1 74 79 58 1 61 82 23 1 81 88 69 1 71 102 43 1 72 54 33 1
0 0 18 1 0 31 8 1 0 38 37 1 0 30 27 1 0 35 10 1 19 1 16 1 31 55 38 1 46 80 71 1 97 74 76 1 40 51 21 1 63 81 35 1 55 75 22 1 35 69 31 1 44 68 54 1 60 76 75 1 51 104 60 1 73 84 41 1 22 76 10 1 64 69 52 1 82 107 69 1 96 136 55 1 76 56 31 1 38 56 9 1 0 0 0 0 74 69 36 1 0 0 0 0 63 76 35 1 0 0 0 0 18 45 27 1 0 41 25 1 13 0 10 1 0 26 39 1 23 46 36 1 32 62 34 1 11 34 24 1 0 0 0 0 55 58 64 1 64 107 75 1 69 84 95 1 93 96 92 1 72 86 76 1 74 96 68 1 123 148 131 1 153 149 128 1 185 219 164 1 238 223 223 1 244 236 185 1 251 213 179 1 141 138 100 1 92 142 74 1 86 101 18 1 73 78 32 1 141 138 62 1 161 161 127 1 97 110 70 1 66 86 24 1 59 66 11 1 21 62 48 1 6 56 21 1 0 32 3 1 40 43 5 1 58 38 9 1 52 93 64 1 77 92 67 1 86 81 49 1 59 101 44 1 73 71 58 1
6 10 9 1 0 11 0 1 4 27 56 1 0 0 0 0 9 42 34 1 28 46 30 1 8 49 25 1 56 82 50 1 64 100 78 1 37 67 30 1 43 72 37 1 41 76 27 1 0 0 0 0 23 100 71 1 36 89 31 1 45 77 64 1 67 85 63 1 48 90 48 1 39 52 41 1 55 43 40 1 103 102 69 1 72 75 19 1 0 0 0 0 92 100 79 1 97 91 95 1 66 65 70 1 36 46 0 1 37 71 9 1 45 63 34 1 25 26 0 1 19 39 47 1 14 33 25 1 0 0 0 0 17 19 19 1 0 0 0 0 46 52 51 1 0 0 0 0 29 75 53 1 31 72 69 1 85 79 58 1 55 86 57 1 90 83 52 1 115 134 91 1 101 100 75 1 122 147 100 1 0 0 0 0 183 170 117 1 206 190 146 1 134 116 80 1 91 91 49 1 138 97 53 1 67 92 17 1 67 99 34 1 79 116 26 1 78 70 43 1 23 46 26 1 36 36 12 1 22 32 29 1 46 43 23 1 20 41 23 1 40 51 37 1 49 66 43 1 42 59 59 1 82 88 74 1 98 86 89 1 53 45 49 1 56 49 51 1