1
299 319 90 63
0 0 0 0 125 131 86 1 53 101 47 1 47 31 31 1 0 0 0 0 70 25 55 1 125 80 78 1 44 116 34 1 75 81 83 1 75 125 118 1 90 68 138 1 118 87 132 1 48 85 137 1 38 79 124 1 2 92 126 1 60 59 139 1 42 49 108 1 37 25 124 1 9 56 104 1 12 53 81 1 64 38 102 1 36 39 41 1 8 42 64 1 29 59 36 1 0 0 0 0 17 15 19 1 0 0 42 1 43 0 25 1 0 0 0 0 0 9 10 1 55 58 64 1 60 69 77 1 83 69 65 1 0 0 0 0 7 28 20 1 0 45 48 1 30 39 34 1 73 57 103 1 0 46 31 1 25 0 30 1 27 13 25 1 82 15 54 1 115 107 106 1 90 123 106 1 154 102 75 1 98 104 69 1 180 105 113 1 146 135 101 1 143 97 129 1 157 105 100 1 0 0 0 0 119 125 127 1 0 0 0 0 97 78 56 1 86 101 85 1 137 82 106 1 133 144 55 1 121 100 97 1 174 70 51 1 122 102 85 1 0 0 0 0 128 99 92 1 0 0 0 0
155 105 106 1 134 97 107 1 58 90 92 1 0 0 0 0 72 34 92 1 103 84 67 1 76 70 70 1 79 44 80 1 83 70 110 1 87 102 112 1 84 104 106 1 51 75 126 1 78 79 144 1 55 36 103 1 86 58 118 1 0 0 0 0 52 34 90 1 24 51 117 1 61 36 57 1 36 78 56 1 8 57 72 1 39 61 78 1 53 0 75 1 38 29 63 1 0 0 0 0 27 16 43 1 21 0 0 1 47 40 21 1 13 0 0 1 6 30 26 1 44 89 76 1 56 32 74 1 27 72 67 1 57 49 60 1 9 38 19 1 16 33 58 1 14 52 57 1 51 52 44 1 10 0 53 1 13 62 0 1 58 0 0 1 63 41 92 1 141 148 87 1 184 131 80 1 115 75 90 1 122 104 83 1 120 120 77 1 122 66 90 1 144 109 63 1 0 0 0 0 150 155 83 1 127 82 132 1 133 57 64 1 110 129 58 1 86 80 69 1 127 81 77 1 88 103 52 1 139 99 57 1 144 82 80 1 148 109 107 1 84 104 56 1 0 0 0 0 0 0 0 0
114 107 80 1 139 106 72 1 132 94 74 1 69 99 110 1 0 0 0 0 112 92 104 1 84 57 65 1 94 84 73 1 48 47 65 1 65 120 149 1 96 130 133 1 40 91 120 1 0 0 0 0 60 75 149 1 30 56 146 1 52 82 106 1 36 54 126 1 45 68 79 1 10 70 89 1 0 0 0 0 64 66 72 1 45 37 34 1 25 53 72 1 39 49 24 1 24 43 46 1 45 63 48 1 10 14 17 1 7 4 17 1 14 27 43 1 28 35 55 1 100 71 63 1 60 50 64 1 0 0 0 0 0 0 0 0 26 37 54 1 43 0 32 1 31 92 52 1 49 81 65 1 28 15 45 1 23 35 28 1 44 36 0 1 128 70 70 1 180 79 96 1 187 144 105 1 131 104 100 1 160 123 109 1 137 111 101 1 106 93 116 1 134 111 114 1 122 125 102 1 134 119 107 1 120 137 104 1 114 78 96 1 115 87 51 1 93 80 95 1 163 97 61 1 99 103 95 1 118 79 63 1 127 101 47 1 151 91 70 1 137 72 68 1 148 111 120 1 164 127 64 1
74 68 87 1 129 127 96 1 141 135 104 1 129 135 135 1 0 0 0 0 0 0 0 0 72 77 80 1 95 57 79 1 47 51 52 1 75 98 91 1 75 73 149 1 100 119 137 1 0 0 0 0 58 56 86 1 0 0 0 0 43 53 76 1 75 78 83 1 45 79 84 1 84 40 83 1 32 58 82 1 56 41 98 1 0 0 0 0 0 0 0 0 49 34 20 1 59 2 60 1 0 19 56 1 0 0 0 0 33 22 16 1 1 0 27 1 40 9 64 1 105 84 107 1 60 81 90 1 62 75 49 1 0 0 0 0 0 0 0 0 0 0 0 0 14 58 69 1 36 54 99 1 50 41 68 1 15 0 17 1 44 34 67 1 102 107 82 1 162 164 119 1 127 126 111 1 140 79 60 1 170 74 82 1 100 91 89 1 149 99 98 1 166 121 66 1 154 100 107 1 103 119 96 1 146 106 29 1 117 98 84 1 125 88 73 1 94 87 48 1 145 68 51 1 0 0 0 0 82 108 59 1 116 89 66 1 174 123 117 1 137 106 61 1 133 96 66 1 110 122 86 1
116 85 115 1 127 85 93 1 118 177 83 1 0 0 0 0 113 134 113 1 109 149 114 1 94 116 92 1 70 42 85 1 64 85 89 1 107 118 80 1 90 128 133 1 0 0 0 0 51 139 122 1 0 0 0 0 103 40 96 1 61 49 76 1 0 0 0 0 47 49 79 1 14 47 88 1 67 28 73 1 42 66 74 1 15 35 69 1 22 29 88 1 0 46 70 1 30 49 60 1 21 33 25 1 6 63 52 1 26 66 18 1 30 22 34 1 4 8 46 1 44 80 47 1 50 0 113 1 4 24 43 1 34 45 54 1 73 33 42 1 4 58 23 1 14 45 25 1 33 38 43 1 34 40 7 1 50 15 7 1 105 104 52 1 133 134 91 1 127 145 100 1 146 100 79 1 124 123 73 1 178 120 123 1 112 127 83 1 109 92 79 1 104 116 89 1 97 132 126 1 111 129 82 1 130 96 80 1 144 94 93 1 121 83 75 1 105 87 84 1 152 81 82 1 129 120 105 1 122 105 86 1 0 0 0 0 142 81 97 1 138 87 76 1 152 73 103 1 128 104 81 1
159 160 178 1 137 135 128 1 135 112 85 1 114 104 69 1 120 81 106 1 126 99 97 1 130 102 87 1 67 97 85 1 90 110 84 1 130 130 71 1 121 117 77 1 100 143 108 1 129 92 130 1 62 75 95 1 56 33 104 1 54 72 96 1 58 58 108 1 39 79 110 1 74 51 57 1 60 56 96 1 31 46 87 1 19 49 74 1 38 8 33 1 44 6 63 1 29 61 83 1 27 9 36 1 0 0 0 0 0 0 0 0 16 51 32 1 25 93 5 1 88 23 62 1 55 75 55 1 63 36 13 1 0 0 0 0 39 66 25 1 58 2 37 1 27 10 29 1 75 0 18 1 40 15 73 1 44 23 72 1 86 77 86 1 149 122 111 1 150 145 119 1 0 0 0 0 0 0 0 0 0 0 0 0 127 113 67 1 122 86 94 1 0 0 0 0 150 101 111 1 135 78 67 1 150 115 106 1 0 0 0 0 118 104 97 1 103 98 77 1 115 141 104 1 100 108 64 1 109 140 41 1 125 126 121 1 96 83 75 1 122 87 92 1 0 0 0 0 122 60 66 1
195 180 179 1 109 115 128 1 110 128 105 1 132 107 131 1 100 79 76 1 105 116 85 1 156 111 42 1 90 127 51 1 81 85 49 1 83 109 55 1 93 111 110 1 129 142 137 1 91 124 160 1 90 71 132 1 51 83 145 1 79 58 116 1 55 99 82 1 76 75 98 1 52 31 90 1 25 34 85 1 25 67 7 1 0 40 57 1 47 24 28 1 20 41 59 1 42 19 28 1 53 8 71 1 59 41 65 1 43 41 75 1 66 54 14 1 0 0 0 0 36 20 82 1 56 73 13 1 4 47 37 1 6 60 28 1 40 38 56 1 12 14 62 1 52 51 36 1 47 39 64 1 77 57 53 1 107 32 32 1 104 107 63 1 145 118 93 1 184 188 116 1 165 148 128 1 162 141 100 1 121 109 84 1 152 132 107 1 119 130 125 1 113 106 110 1 129 112 96 1 109 119 128 1 145 108 41 1 0 0 0 0 136 104 129 1 147 128 124 1 117 60 91 1 175 107 110 1 114 59 68 1 139 71 77 1 132 83 101 1 91 96 90 1 108 88 70 1 124 70 92 1
206 214 223 1 146 171 190 1 113 90 100 1 87 104 97 1 93 90 75 1 105 44 72 1 107 119 78 1 127 85 73 1 0 0 0 0 77 86 61 1 97 96 120 1 112 114 126 1 151 126 149 1 146 153 151 1 117 114 97 1 0 0 0 0 34 81 96 1 42 21 57 1 65 33 97 1 63 25 88 1 46 79 87 1 47 52 29 1 58 13 73 1 63 31 79 1 37 29 25 1 34 62 52 1 43 41 38 1 33 66 96 1 40 13 45 1 18 61 57 1 75 38 49 1 84 28 70 1 40 45 46 1 44 18 77 1 0 0 0 0 60 52 42 1 39 35 86 1 26 47 15 1 47 18 49 1 93 90 27 1 163 122 118 1 148 154 122 1 174 125 130 1 172 162 122 1 151 97 85 1 134 100 84 1 187 145 101 1 148 154 87 1 135 106 104 1 0 0 0 0 123 104 81 1 118 95 49 1 125 110 54 1 185 100 90 1 157 111 89 1 138 94 63 1 152 129 95 1 112 89 96 1 124 133 123 1 104 100 104 1 107 111 66 1 108 113 65 1 163 64 101 1
162 156 177 1 162 215 177 1 135 174 129 1 135 121 97 1 92 81 50 1 88 89 78 1 81 79 59 1 74 62 54 1 90 75 39 1 100 76 85 1 0 0 0 0 118 108 137 1 103 138 119 1 180 123 151 1 121 61 84 1 0 0 0 0 51 53 58 1 38 27 85 1 59 54 118 1 38 68 89 1 63 35 33 1 62 31 45 1 23 69 82 1 61 42 84 1 0 0 0 0 50 7 22 1 73 52 87 1 73 44 66 1 21 41 63 1 68 71 56 1 58 75 79 1 69 93 118 1 31 60 78 1 52 73 45 1 58 86 61 1 66 87 75 1 58 61 114 1 63 88 29 1 0 0 0 0 120 104 47 1 151 133 116 1 0 0 0 0 187 119 140 1 152 141 81 1 146 123 100 1 167 97 148 1 128 125 115 1 141 124 114 1 162 121 91 1 143 112 78 1 116 127 112 1 136 91 100 1 163 113 115 1 141 137 99 1 92 85 82 1 154 93 94 1 110 106 106 1 139 114 78 1 98 104 104 1 147 101 110 1 149 105 101 1 104 128 94 1 101 85 88 1
0 0 0 0 113 92 109 1 170 138 165 1 159 111 191 1 115 105 108 1 91 98 93 1 106 57 77 1 0 0 0 0 0 0 0 0 0 0 0 0 71 68 60 1 118 93 115 1 0 0 0 0 114 123 70 1 113 108 91 1 124 142 141 1 129 87 83 1 29 68 36 1 29 54 86 1 40 46 53 1 10 71 39 1 3 66 42 1 0 0 0 0 54 76 79 1 22 25 12 1 58 52 42 1 60 30 60 1 14 46 75 1 0 0 0 0 0 0 0 0 81 79 92 1 62 82 52 1 55 91 51 1 81 79 41 1 64 69 67 1 77 104 74 1 62 90 75 1 70 110 85 1 76 85 91 1 81 114 120 1 159 160 129 1 155 160 146 1 165 98 107 1 159 138 132 1 158 110 114 1 101 78 85 1 141 106 112 1 144 125 117 1 161 110 96 1 125 97 107 1 142 126 142 1 147 157 70 1 149 128 111 1 120 111 79 1 102 104 81 1 109 106 127 1 144 107 116 1 141 100 113 1 0 0 0 0 117 109 122 1 152 88 84 1 144 127 89 1 123 67 39 1
0 0 15 1 71 22 95 1 188 161 163 1 213 221 223 1 132 150 141 1 0 0 0 0 116 102 43 1 104 84 83 1 100 75 108 1 77 78 46 1 100 42 72 1 120 111 75 1 140 93 86 1 132 128 94 1 105 139 65 1 119 141 106 1 97 111 116 1 54 34 65 1 36 74 55 1 49 58 106 1 28 41 84 1 3 51 17 1 34 40 72 1 0 0 0 0 53 72 53 1 36 37 46 1 44 14 34 1 40 23 32 1 23 43 75 1 78 69 85 1 36 71 56 1 91 75 88 1 78 92 87 1 64 75 46 1 88 90 101 1 100 92 92 1 110 83 98 1 74 76 60 1 0 0 0 0 127 124 124 1 157 195 180 1 144 126 164 1 0 0 0 0 177 117 106 1 127 152 91 1 131 138 110 1 139 139 137 1 201 82 124 1 183 119 68 1 170 136 88 1 151 131 66 1 147 101 113 1 126 129 84 1 125 116 89 1 138 65 70 1 140 109 60 1 142 89 81 1 95 95 122 1 0 0 0 0 98 141 75 1 179 127 73 1 115 76 105 1 78 72 101 1
36 69 59 1 0 0 0 0 172 117 199 1 207 173 114 1 199 245 204 1 130 172 146 1 73 82 104 1 84 70 61 1 103 68 43 1 89 84 82 1 77 77 45 1 73 109 52 1 86 118 41 1 46 97 89 1 0 0 0 0 97 93 109 1 73 97 122 1 86 66 95 1 49 0 91 1 52 46 57 1 0 0 0 0 48 59 61 1 53 37 84 1 43 79 67 1 60 22 99 1 53 37 78 1 65 44 61 1 58 27 71 1 73 70 46 1 104 74 89 1 83 42 50 1 123 92 114 1 76 72 107 1 124 88 112 1 0 0 0 0 99 68 81 1 89 70 73 1 126 78 103 1 0 0 0 0 135 158 99 1 153 171 185 1 159 174 140 1 146 105 125 1 0 0 0 0 135 131 110 1 136 135 88 1 110 126 140 1 136 129 147 1 0 0 0 0 0 0 0 0 145 91 117 1 0 0 0 0 110 85 98 1 153 77 70 1 97 95 117 1 106 109 94 1 132 112 106 1 168 92 75 1 130 87 84 1 158 96 82 1 180 130 101 1 152 118 106 1 102 143 109 1
0 0 0 0 38 7 37 1 13 0 42 1 82 93 110 1 0 0 0 0 0 0 0 0 169 168 149 1 74 46 56 1 98 84 60 1 0 0 0 0 111 95 60 1 0 0 0 0 105 78 86 1 118 75 86 1 57 96 74 1 72 85 124 1 0 0 0 0 0 0 0 0 42 51 84 1 17 36 77 1 24 32 69 1 64 50 60 1 55 57 73 1 34 55 73 1 75 45 78 1 30 100 86 1 0 0 0 0 16 112 29 1 49 53 88 1 0 41 64 1 32 67 67 1 70 84 119 1 67 107 72 1 130 96 59 1 98 126 92 1 114 153 118 1 167 118 79 1 137 128 69 1 97 97 58 1 0 0 0 0 155 172 180 1 153 166 134 1 161 132 132 1 121 115 143 1 193 145 165 1 127 72 120 1 142 93 101 1 135 148 85 1 135 62 75 1 132 114 130 1 134 164 107 1 149 116 84 1 153 130 81 1 108 90 47 1 0 0 0 0 0 0 0 0 134 123 94 1 0 0 0 0 159 97 104 1 106 121 92 1 125 85 43 1 123 90 122 1 100 63 67 1
11 0 47 1 34 47 62 1 2 0 0 1 93 80 74 1 118 124 111 1 206 249 240 1 215 228 239 1 0 0 0 0 82 90 70 1 90 120 54 1 103 83 55 1 121 89 94 1 114 62 47 1 90 76 81 1 95 106 103 1 74 113 62 1 70 82 87 1 67 83 90 1 50 64 67 1 34 61 46 1 0 0 0 0 50 55 24 1 44 64 57 1 67 57 88 1 44 77 44 1 5 38 79 1 51 56 100 1 0 0 0 0 0 0 0 0 29 85 44 1 0 0 0 0 0 0 0 0 119 140 139 1 94 86 116 1 147 119 135 1 133 105 118 1 117 98 107 1 97 86 90 1 109 101 119 1 152 135 143 1 165 161 148 1 179 189 164 1 143 140 103 1 179 133 130 1 108 146 116 1 129 126 86 1 151 113 108 1 184 132 114 1 185 110 100 1 130 99 83 1 0 0 0 0 0 0 0 0 115 83 52 1 104 112 94 1 153 139 105 1 158 107 78 1 152 53 70 1 159 60 81 1 114 137 81 1 114 133 88 1 0 0 0 0 0 0 0 0 141 129 94 1
65 19 52 1 51 24 59 1 52 3 13 1 53 58 92 1 76 83 78 1 68 76 84 1 216 227 235 1 250 225 217 1 97 119 77 1 80 105 39 1 0 0 0 0 70 75 78 1 44 30 37 1 81 92 71 1 78 77 70 1 69 88 51 1 132 45 62 1 86 94 97 1 47 44 56 1 21 36 47 1 14 48 70 1 91 44 57 1 59 36 64 1 0 0 0 0 12 36 20 1 55 3 68 1 50 65 77 1 33 31 69 1 39 36 79 1 28 76 46 1 108 115 125 1 113 116 133 1 128 117 88 1 160 148 97 1 112 107 103 1 91 110 97 1 102 103 55 1 0 0 0 0 0 0 0 0 166 163 120 1 180 157 148 1 186 138 136 1 117 133 133 1 178 161 97 1 190 156 97 1 86 145 47 1 114 80 79 1 140 108 118 1 154 122 121 1 139 124 118 1 127 98 105 1 112 111 92 1 104 61 58 1 152 75 58 1 115 146 127 1 110 123 72 1 86 82 102 1 0 0 0 0 137 80 88 1 143 115 73 1 101 122 61 1 83 109 82 1 114 130 104 1
24 2 39 1 0 0 0 0 60 51 46 1 2 13 17 1 18 19 3 1 4 0 18 1 109 82 123 1 255 224 255 1 235 220 228 1 104 140 96 1 64 56 74 1 67 62 59 1 57 96 46 1 0 0 0 0 135 54 77 1 0 0 0 0 0 0 0 0 79 72 104 1 45 83 46 1 80 107 48 1 74 41 71 1 37 79 64 1 37 54 50 1 27 83 56 1 67 34 62 1 46 94 109 1 30 37 85 1 0 0 0 0 68 45 29 1 33 75 96 1 92 107 101 1 91 122 150 1 96 88 107 1 0 0 0 0 121 153 78 1 82 68 48 1 56 78 90 1 0 0 0 0 87 143 118 1 132 191 137 1 167 194 167 1 138 154 143 1 0 0 0 0 0 0 0 0 135 96 128 1 0 0 0 0 108 101 130 1 171 107 94 1 179 98 113 1 116 104 59 1 82 98 70 1 124 74 102 1 155 129 66 1 141 91 94 1 151 107 86 1 143 113 133 1 177 80 74 1 119 43 75 1 0 0 0 0 124 101 100 1 145 97 102 1 146 62 57 1 152 64 58 1
58 54 48 1 0 0 0 0 0 0 0 0 0 0 0 0 51 27 53 1 45 24 60 1 0 0 0 0 184 135 143 1 255 236 255 1 199 235 208 1 115 134 74 1 120 96 90 1 60 106 79 1 66 82 58 1 84 83 35 1 142 114 120 1 127 87 85 1 0 0 0 0 78 68 48 1 77 80 91 1 70 73 69 1 50 27 60 1 106 51 57 1 0 0 0 0 29 30 96 1 73 86 93 1 71 64 80 1 26 26 72 1 37 101 59 1 79 36 85 1 155 76 101 1 0 0 0 0 106 87 134 1 0 0 0 0 81 113 107 1 68 94 85 1 106 132 77 1 133 168 174 1 133 140 104 1 156 143 165 1 152 174 150 1 108 205 85 1 0 0 0 0 129 132 112 1 185 85 112 1 145 116 117 1 132 103 119 1 151 116 108 1 149 150 116 1 96 125 90 1 133 91 89 1 115 71 71 1 121 92 48 1 152 90 64 1 94 87 60 1 127 108 85 1 133 110 100 1 99 57 124 1 135 72 104 1 112 87 94 1 96 106 79 1 97 87 53 1 138 79 90 1
46 32 53 1 52 10 39 1 21 12 58 1 79 9 43 1 0 5 73 1 28 0 71 1 27 32 3 1 0 13 7 1 104 106 114 1 240 232 213 1 188 255 180 1 131 129 118 1 0 0 0 0 96 125 93 1 97 108 56 1 151 133 94 1 163 146 127 1 148 124 87 1 104 102 69 1 104 75 51 1 51 47 49 1 81 68 46 1 118 115 86 1 51 110 99 1 42 71 51 1 66 47 107 1 48 75 124 1 41 36 86 1 0 0 0 0 83 60 91 1 74 115 104 1 129 121 113 1 125 127 108 1 105 114 135 1 132 95 107 1 114 105 121 1 155 87 73 1 132 134 128 1 156 141 168 1 167 137 134 1 185 131 129 1 170 150 112 1 126 107 84 1 147 128 114 1 135 109 80 1 147 100 96 1 132 90 79 1 172 114 107 1 173 106 100 1 122 133 62 1 104 138 76 1 133 68 82 1 144 87 78 1 121 131 118 1 155 87 71 1 146 102 105 1 151 119 94 1 109 75 59 1 130 63 100 1 105 79 115 1 150 90 127 1 134 118 66 1 131 117 69 1
16 33 58 1 0 0 0 0 12 33 52 1 59 37 38 1 0 0 0 0 25 26 19 1 62 78 96 1 0 50 30 1 51 0 67 1 102 109 127 1 136 156 165 1 61 145 116 1 139 130 109 1 0 0 0 0 38 88 65 1 132 118 109 1 155 117 110 1 154 97 81 1 133 118 145 1 132 123 116 1 0 0 0 0 84 93 90 1 114 157 105 1 116 89 98 1 65 86 74 1 47 81 63 1 106 100 67 1 95 128 87 1 104 49 77 1 55 91 124 1 113 105 117 1 113 105 109 1 0 0 0 0 140 126 144 1 0 0 0 0 0 0 0 0 96 109 128 1 119 158 119 1 100 124 147 1 138 164 150 1 146 97 141 1 0 0 0 0 214 121 125 1 152 136 120 1 172 84 130 1 141 96 121 1 0 0 0 0 0 0 0 0 139 152 98 1 141 97 103 1 108 107 83 1 111 84 89 1 125 104 76 1 126 108 77 1 109 120 123 1 0 0 0 0 114 91 48 1 149 145 82 1 133 87 55 1 0 0 0 0 174 86 109 1 121 148 106 1 133 81 74 1
32 43 52 1 14 44 68 1 63 47 80 1 61 63 83 1 63 45 43 1 9 60 86 1 49 16 56 1 62 103 69 1 36 74 49 1 34 47 65 1 38 44 23 1 95 109 113 1 181 162 153 1 78 80 121 1 93 55 91 1 136 124 133 1 119 110 75 1 113 133 83 1 0 0 0 0 164 145 144 1 120 120 137 1 110 64 97 1 102 127 111 1 110 126 97 1 142 88 99 1 83 42 84 1 63 68 125 1 127 73 76 1 0 0 0 0 117 138 117 1 101 99 116 1 150 123 111 1 72 129 93 1 126 138 123 1 88 94 78 1 93 146 126 1 111 157 97 1 134 169 116 1 146 143 121 1 158 153 92 1 178 118 138 1 164 136 159 1 138 173 135 1 189 138 126 1 123 130 102 1 171 119 74 1 164 107 112 1 145 127 117 1 147 145 126 1 123 119 101 1 98 97 136 1 97 58 80 1 152 123 105 1 129 113 94 1 112 73 128 1 122 99 95 1 122 109 77 1 149 97 85 1 139 135 99 1 0 0 0 0 141 58 125 1 147 107 71 1 140 72 62 1
47 34 84 1 34 56 85 1 83 78 119 1 55 0 87 1 38 11 77 1 57 51 83 1 41 63 88 1 43 15 43 1 96 74 95 1 57 50 91 1 20 0 0 1 85 60 68 1 133 154 171 1 101 101 77 1 0 0 0 0 153 124 106 1 118 119 125 1 140 125 80 1 84 112 135 1 171 147 114 1 125 176 157 1 0 0 0 0 96 102 66 1 133 107 122 1 131 132 102 1 133 120 90 1 93 88 13 1 45 83 116 1 151 178 177 1 158 176 138 1 134 135 123 1 117 138 84 1 120 138 109 1 0 0 0 0 93 103 108 1 130 120 63 1 156 110 116 1 127 156 111 1 148 120 119 1 129 178 106 1 0 0 0 0 185 184 129 1 142 153 150 1 181 135 114 1 124 108 114 1 151 148 114 1 164 126 120 1 171 126 91 1 188 145 110 1 134 107 71 1 0 0 0 0 119 104 74 1 164 113 79 1 114 93 124 1 128 95 125 1 121 120 115 1 138 97 85 1 174 91 96 1 160 143 107 1 142 115 126 1 186 85 104 1 89 125 110 1 132 103 66 1
19 37 112 1 67 25 85 1 53 43 93 1 49 69 66 1 0 0 0 0 0 0 0 0 39 13 78 1 38 56 73 1 21 27 62 1 59 52 55 1 4 36 44 1 25 41 18 1 62 38 59 1 164 73 157 1 105 88 84 1 91 132 138 1 153 140 122 1 177 168 157 1 90 92 91 1 133 104 96 1 168 137 142 1 116 99 111 1 139 126 106 1 103 80 65 1 126 112 119 1 121 105 89 1 152 114 118 1 0 0 0 0 163 113 124 1 153 121 136 1 140 110 93 1 92 89 102 1 80 129 74 1 89 90 72 1 107 69 79 1 99 109 105 1 158 129 117 1 123 147 111 1 151 148 114 1 125 154 119 1 161 189 132 1 163 144 177 1 0 0 0 0 157 148 119 1 131 123 138 1 123 123 104 1 157 128 111 1 0 0 0 0 152 113 141 1 127 122 114 1 145 98 87 1 0 0 0 0 112 68 114 1 0 0 0 0 146 129 79 1 131 101 91 1 161 127 108 1 0 0 0 0 98 96 71 1 124 134 82 1 98 77 93 1 152 93 69 1 108 124 73 1
50 76 93 1 0 0 0 0 54 39 50 1 24 53 64 1 12 6 39 1 35 0 71 1 4 41 70 1 56 35 66 1 7 40 57 1 29 31 63 1 53 20 32 1 16 22 46 1 47 41 67 1 106 69 96 1 94 86 83 1 81 61 101 1 103 152 101 1 72 127 116 1 117 89 126 1 155 177 156 1 123 126 118 1 208 158 112 1 117 172 94 1 129 117 116 1 104 87 65 1 148 85 71 1 137 110 98 1 0 0 0 0 156 164 103 1 0 0 0 0 164 177 134 1 0 0 0 0 84 115 62 1 96 110 94 1 99 87 105 1 103 104 88 1 112 129 100 1 115 116 87 1 167 116 66 1 126 151 105 1 140 155 123 1 187 141 112 1 156 126 97 1 169 93 146 1 166 147 124 1 0 0 0 0 136 135 70 1 163 95 106 1 164 142 138 1 175 123 138 1 137 86 106 1 146 131 63 1 130 67 90 1 135 120 77 1 161 109 118 1 121 88 74 1 163 54 57 1 112 133 104 1 141 110 74 1 110 74 101 1 0 0 0 0 121 94 99 1 0 0 0 0
40 60 98 1 22 45 104 1 32 34 86 1 29 16 47 1 48 43 39 1 50 51 93 1 41 39 80 1 37 27 86 1 21 93 124 1 35 0 90 1 67 29 52 1 64 68 38 1 44 35 75 1 41 65 35 1 0 0 0 0 69 75 88 1 138 106 154 1 113 158 138 1 126 127 47 1 148 115 116 1 131 84 119 1 157 166 118 1 111 82 122 1 0 0 0 0 143 123 71 1 138 86 54 1 97 107 83 1 98 115 128 1 151 116 81 1 130 160 141 1 153 181 141 1 0 0 0 0 129 147 103 1 130 173 103 1 122 153 87 1 144 113 123 1 89 81 55 1 127 75 85 1 176 98 117 1 152 138 112 1 145 111 144 1 153 158 153 1 161 154 144 1 126 135 149 1 147 153 144 1 116 95 135 1 131 147 87 1 132 110 89 1 181 117 140 1 0 0 0 0 115 97 101 1 125 123 127 1 127 125 69 1 120 96 72 1 176 91 104 1 105 138 83 1 112 107 83 1 131 100 116 1 131 88 46 1 102 107 65 1 0 0 0 0 126 140 108 1 104 58 101 1
45 60 98 1 51 66 72 1 55 43 65 1 48 65 43 1 79 51 78 1 46 43 89 1 12 23 60 1 43 32 78 1 0 0 0 0 79 20 40 1 0 0 0 0 38 40 45 1 50 42 91 1 4 9 29 1 9 4 63 1 44 24 58 1 0 0 0 0 121 126 97 1 0 0 0 0 146 139 123 1 154 147 122 1 0 0 0 0 87 109 101 1 146 106 122 1 148 130 125 1 179 147 98 1 79 107 104 1 155 115 98 1 148 143 121 1 163 146 90 1 122 111 110 1 149 162 117 1 156 167 153 1 156 148 118 1 161 176 133 1 147 174 104 1 113 96 76 1 118 106 113 1 124 121 119 1 164 157 111 1 0 0 0 0 153 121 134 1 177 97 158 1 124 140 162 1 156 105 112 1 105 107 87 1 142 134 71 1 155 89 80 1 0 0 0 0 166 134 99 1 132 101 120 1 137 126 126 1 135 105 111 1 147 99 74 1 99 101 123 1 123 72 78 1 115 116 78 1 130 47 74 1 91 90 57 1 98 87 83 1 105 117 85 1 130 94 105 1 130 100 88 1
48 66 96 1 34 44 93 1 0 0 0 0 30 95 70 1 21 65 41 1 23 35 52 1 71 40 57 1 48 0 88 1 55 35 86 1 47 20 85 1 9 45 85 1 34 31 42 1 58 41 96 1 71 36 71 1 43 0 21 1 10 55 45 1 57 77 85 1 68 118 122 1 114 183 153 1 121 117 150 1 110 89 127 1 109 177 136 1 196 146 124 1 117 129 156 1 155 118 131 1 155 101 131 1 144 174 95 1 150 164 134 1 128 122 104 1 118 135 96 1 169 130 87 1 176 142 146 1 168 148 124 1 149 125 160 1 150 142 97 1 118 135 139 1 0 0 0 0 0 0 0 0 124 150 134 1 166 165 173 1 165 168 135 1 146 139 135 1 117 141 160 1 147 139 130 1 146 135 112 1 125 146 127 1 146 138 121 1 168 118 119 1 153 80 108 1 142 96 86 1 146 100 74 1 111 125 99 1 142 115 94 1 103 90 31 1 156 128 104 1 114 55 75 1 127 90 106 1 122 86 76 1 131 90 80 1 85 139 59 1 129 86 79 1 114 100 108 1 110 98 66 1
41 68 84 1 33 24 101 1 48 54 148 1 45 63 113 1 81 60 72 1 69 26 89 1 59 32 99 1 54 55 48 1 34 29 46 1 26 26 56 1 10 56 35 1 34 48 73 1 33 98 57 1 0 0 0 0 61 59 85 1 0 51 26 1 0 0 0 0 71 54 10 1 145 150 189 1 121 113 120 1 30 62 21 1 140 151 91 1 124 136 138 1 76 42 79 1 140 130 92 1 102 117 96 1 132 124 108 1 137 125 120 1 137 126 88 1 141 127 118 1 0 0 0 0 180 119 117 1 0 0 0 0 114 157 131 1 154 150 112 1 116 127 150 1 150 153 108 1 117 102 147 1 162 121 128 1 178 186 117 1 168 126 124 1 147 155 149 1 115 138 113 1 112 107 119 1 192 152 121 1 148 108 107 1 147 95 92 1 147 111 113 1 116 83 72 1 140 134 127 1 148 90 91 1 125 81 100 1 131 140 102 1 108 40 44 1 123 87 92 1 91 84 74 1 134 71 56 1 118 105 86 1 81 81 105 1 106 105 111 1 143 101 67 1 99 101 60 1 137 102 86 1
32 53 61 1 50 60 81 1 24 64 118 1 85 60 89 1 54 52 96 1 0 0 0 0 67 61 91 1 6 72 42 1 22 21 57 1 74 38 72 1 47 60 52 1 0 0 0 0 9 1 56 1 53 45 77 1 37 68 41 1 51 22 84 1 3 50 49 1 31 17 88 1 73 100 106 1 135 151 141 1 99 132 127 1 165 190 147 1 122 165 113 1 0 0 0 0 64 97 101 1 0 0 0 0 141 115 122 1 103 107 77 1 111 156 131 1 0 0 0 0 184 157 82 1 141 157 66 1 154 124 111 1 136 138 73 1 145 110 99 1 136 136 117 1 159 165 114 1 156 128 121 1 189 143 123 1 149 169 105 1 179 146 145 1 0 0 0 0 197 108 114 1 0 0 0 0 0 0 0 0 130 158 129 1 0 0 0 0 0 0 0 0 103 156 86 1 149 88 134 1 198 91 117 1 129 104 64 1 124 94 88 1 78 98 88 1 0 0 0 0 118 107 58 1 95 113 77 1 138 116 59 1 138 113 63 1 114 109 66 1 116 90 50 1 70 87 59 1 130 78 80 1
64 50 76 1 66 48 88 1 69 54 99 1 56 49 70 1 41 22 102 1 10 111 93 1 39 13 102 1 59 16 88 1 32 25 56 1 63 17 82 1 20 25 61 1 63 40 37 1 75 70 90 1 68 20 74 1 62 80 106 1 48 57 77 1 0 0 0 0 0 0 0 0 43 34 29 1 71 94 91 1 127 130 142 1 128 122 102 1 98 79 93 1 87 78 72 1 0 0 0 0 0 0 0 0 114 94 68 1 126 114 107 1 117 126 167 1 163 161 116 1 119 120 105 1 147 179 120 1 144 161 99 1 123 122 134 1 140 171 126 1 149 175 123 1 144 147 104 1 140 173 161 1 170 171 157 1 180 116 143 1 125 144 98 1 140 157 108 1 166 142 115 1 165 149 142 1 144 153 102 1 179 143 84 1 121 128 103 1 133 153 95 1 131 95 123 1 145 88 99 1 117 79 81 1 103 95 68 1 94 95 94 1 123 68 117 1 53 128 114 1 116 102 76 1 0 0 0 0 101 58 117 1 98 40 91 1 137 79 91 1 99 103 91 1 132 109 98 1 79 77 67 1
34 48 58 1 30 49 99 1 0 0 0 0 67 36 68 1 62 52 109 1 21 49 106 1 28 64 64 1 34 32 80 1 27 61 72 1 31 31 23 1 58 45 63 1 0 0 0 0 81 48 72 1 51 84 60 1 11 22 78 1 56 16 80 1 69 12 68 1 43 20 25 1 20 0 30 1 31 49 50 1 88 101 122 1 0 0 0 0 108 50 83 1 119 123 104 1 196 158 165 1 88 113 117 1 110 76 92 1 122 86 85 1 167 158 131 1 103 124 87 1 123 113 96 1 163 188 159 1 107 176 153 1 153 162 134 1 0 0 0 0 173 172 158 1 161 137 73 1 107 149 118 1 165 175 203 1 0 0 0 0 158 138 122 1 199 153 123 1 205 177 132 1 174 98 146 1 146 116 112 1 158 150 116 1 113 65 83 1 169 95 133 1 126 74 122 1 72 103 74 1 0 0 0 0 0 0 0 0 110 68 82 1 75 72 78 1 161 88 90 1 84 118 23 1 99 118 45 1 80 84 74 1 63 84 50 1 126 63 66 1 129 109 87 1 93 73 79 1 116 55 57 1
58 54 108 1 29 73 87 1 42 57 80 1 29 38 65 1 43 36 74 1 0 0 0 0 42 100 70 1 5 54 63 1 53 61 20 1 0 0 0 0 46 51 24 1 7 60 39 1 2 46 44 1 64 32 79 1 72 17 40 1 17 27 73 1 0 0 0 0 56 25 52 1 1 27 47 1 0 0 0 0 49 0 71 1 69 50 39 1 0 0 0 0 92 118 105 1 88 103 106 1 114 145 131 1 84 115 102 1 0 0 0 0 143 121 88 1 84 135 111 1 137 112 113 1 131 145 121 1 153 155 139 1 154 126 137 1 0 0 0 0 117 131 136 1 177 127 105 1 150 156 152 1 138 169 175 1 147 120 109 1 136 125 117 1 190 165 138 1 137 110 143 1 132 144 90 1 172 118 112 1 170 112 119 1 132 134 88 1 136 118 77 1 135 103 95 1 146 86 58 1 133 121 79 1 129 46 70 1 124 106 125 1 110 88 58 1 97 97 86 1 66 98 100 1 100 101 61 1 84 57 20 1 113 69 42 1 121 78 74 1 125 94 72 1 100 84 29 1 93 64 71 1
45 79 58 1 67 34 134 1 59 34 109 1 53 62 76 1 29 52 73 1 71 85 78 1 45 76 79 1 74 71 86 1 49 43 90 1 33 24 56 1 29 71 30 1 38 18 59 1 0 23 29 1 42 21 40 1 0 0 0 0 40 38 73 1 62 9 45 1 46 40 63 1 55 16 54 1 8 80 88 1 31 28 46 1 37 47 59 1 114 50 128 1 93 87 127 1 101 71 102 1 123 123 107 1 133 100 157 1 0 0 0 0 0 0 0 0 157 123 103 1 141 139 152 1 157 178 148 1 163 129 131 1 133 152 129 1 0 0 0 0 161 168 114 1 158 161 140 1 155 151 129 1 210 129 168 1 152 163 155 1 161 113 138 1 149 128 123 1 167 148 109 1 130 162 114 1 130 130 117 1 156 83 114 1 150 135 94 1 100 61 99 1 128 105 113 1 156 105 100 1 120 95 107 1 169 147 67 1 160 83 105 1 112 81 79 1 122 83 75 1 84 65 80 1 141 67 77 1 162 84 92 1 127 95 87 1 0 0 0 0 82 31 59 1 97 98 60 1 144 110 49 1
31 34 69 1 39 69 55 1 11 80 69 1 0 0 0 0 52 38 92 1 35 27 39 1 12 33 85 1 49 52 113 1 45 60 58 1 0 0 0 0 17 42 33 1 35 81 57 1 27 2 66 1 21 55 81 1 81 25 72 1 39 7 40 1 13 2 94 1 24 34 89 1 0 0 0 0 54 54 46 1 37 26 75 1 40 34 80 1 78 87 93 1 84 77 130 1 71 73 80 1 111 125 122 1 155 137 139 1 130 132 120 1 131 142 122 1 122 147 118 1 161 155 135 1 161 155 146 1 168 166 143 1 157 152 132 1 0 0 0 0 153 138 133 1 148 195 135 1 139 133 157 1 142 133 130 1 186 183 113 1 181 153 131 1 139 140 92 1 148 154 120 1 142 124 84 1 145 87 95 1 142 140 83 1 112 83 76 1 116 112 76 1 140 111 98 1 122 125 115 1 102 82 68 1 0 0 0 0 110 85 100 1 98 70 85 1 109 73 67 1 0 0 0 0 127 90 76 1 107 114 97 1 124 71 61 1 119 69 88 1 65 52 75 1 118 95 47 1 103 108 76 1
41 45 112 1 46 64 82 1 0 0 0 0 30 15 79 1 21 28 104 1 46 31 28 1 51 29 48 1 27 24 69 1 43 27 56 1 35 38 79 1 35 43 78 1 67 34 31 1 76 6 67 1 41 33 44 1 88 24 31 1 61 0 51 1 56 2 38 1 45 21 88 1 48 22 36 1 24 36 94 1 56 48 119 1 0 0 0 0 66 66 132 1 48 68 89 1 47 52 102 1 93 100 151 1 148 157 167 1 158 116 97 1 0 0 0 0 107 112 135 1 108 170 96 1 137 191 137 1 170 158 140 1 157 157 161 1 155 135 163 1 145 185 151 1 157 133 147 1 190 147 156 1 143 153 124 1 153 117 136 1 136 145 127 1 152 68 121 1 0 0 0 0 175 121 113 1 167 57 77 1 136 163 107 1 139 122 110 1 128 94 85 1 93 88 97 1 0 0 0 0 122 111 96 1 130 80 64 1 115 75 41 1 76 57 32 1 106 77 66 1 92 65 93 1 65 61 57 1 86 94 49 1 102 72 65 1 148 64 67 1 112 93 58 1 92 90 61 1 96 101 75 1
10 78 82 1 49 57 93 1 50 67 81 1 26 30 74 1 0 0 0 0 65 45 88 1 52 51 75 1 75 38 107 1 52 71 39 1 57 63 54 1 45 36 71 1 38 41 82 1 1 47 76 1 2 43 63 1 0 0 0 0 39 40 73 1 27 18 67 1 0 0 0 0 2 35 48 1 67 51 80 1 50 28 70 1 42 46 35 1 80 60 45 1 104 47 58 1 25 13 70 1 48 63 79 1 122 87 125 1 134 124 170 1 103 104 115 1 122 138 114 1 117 158 116 1 118 118 138 1 135 156 154 1 0 0 0 0 167 164 99 1 179 161 145 1 140 178 145 1 159 158 160 1 131 138 113 1 186 151 138 1 120 140 95 1 126 106 95 1 139 136 86 1 149 150 98 1 132 80 101 1 169 115 113 1 161 104 96 1 127 104 68 1 122 69 82 1 102 111 73 1 113 79 56 1 118 87 119 1 121 84 128 1 118 36 47 1 80 46 66 1 95 61 58 1 90 53 117 1 83 67 87 1 124 102 66 1 125 117 62 1 110 81 95 1 81 102 56 1 130 47 61 1
10 41 70 1 37 67 93 1 38 74 148 1 52 48 99 1 5 45 108 1 40 25 54 1 51 39 75 1 45 63 58 1 52 65 80 1 55 36 84 1 46 32 79 1 79 27 64 1 13 37 74 1 51 28 95 1 18 50 76 1 45 28 64 1 51 15 88 1 21 55 54 1 43 46 73 1 77 32 79 1 0 0 0 0 0 78 59 1 34 51 83 1 58 35 30 1 59 43 101 1 9 0 46 1 76 64 93 1 138 165 164 1 131 146 172 1 174 128 163 1 135 137 136 1 0 0 0 0 107 175 141 1 167 158 129 1 153 144 185 1 141 160 148 1 0 0 0 0 136 152 118 1 146 166 136 1 152 134 153 1 125 127 86 1 70 69 96 1 126 120 108 1 161 117 116 1 135 135 104 1 152 76 90 1 143 48 109 1 78 95 88 1 116 93 152 1 125 73 77 1 89 96 124 1 125 108 84 1 124 78 86 1 104 67 81 1 101 77 54 1 93 59 84 1 136 115 97 1 138 90 66 1 116 70 74 1 122 62 71 1 85 62 77 1 83 109 26 1 88 71 47 1
50 78 92 1 42 65 97 1 0 0 0 0 87 56 97 1 54 54 106 1 45 23 68 1 19 19 94 1 23 52 62 1 64 50 82 1 83 0 94 1 0 0 0 0 24 69 79 1 26 64 68 1 11 12 85 1 90 32 68 1 29 26 69 1 44 52 53 1 22 33 53 1 0 0 0 0 38 40 97 1 0 0 0 0 7 68 44 1 47 31 80 1 48 66 73 1 49 62 83 1 49 29 46 1 83 83 102 1 199 171 200 1 174 215 162 1 173 179 144 1 144 175 160 1 132 166 131 1 111 138 126 1 135 151 137 1 140 162 120 1 127 155 134 1 113 170 101 1 140 118 113 1 173 174 155 1 143 163 116 1 108 133 103 1 122 124 72 1 115 133 83 1 158 73 111 1 133 107 114 1 96 75 103 1 78 55 89 1 0 0 0 0 105 82 113 1 113 65 130 1 162 101 73 1 133 99 37 1 88 42 107 1 68 88 71 1 103 106 99 1 89 114 66 1 114 82 80 1 97 51 82 1 94 91 81 1 137 72 96 1 102 73 50 1 90 120 36 1 96 85 63 1
0 0 0 0 44 40 67 1 11 75 110 1 38 87 76 1 52 24 91 1 20 105 93 1 0 0 0 0 13 4 88 1 38 19 92 1 39 61 79 1 36 27 47 1 38 45 85 1 28 0 80 1 75 50 34 1 26 38 41 1 16 24 64 1 0 0 0 0 35 38 82 1 12 24 65 1 37 62 58 1 28 57 62 1 0 0 0 0 22 53 87 1 57 68 41 1 57 68 87 1 7 42 66 1 76 76 111 1 209 216 187 1 178 160 193 1 180 179 172 1 162 181 170 1 157 147 124 1 0 0 0 0 132 155 134 1 138 149 133 1 122 143 107 1 180 142 152 1 145 138 110 1 134 169 151 1 153 127 137 1 132 119 91 1 0 0 0 0 125 123 126 1 139 115 104 1 146 115 142 1 124 105 90 1 99 83 86 1 156 97 75 1 140 108 97 1 134 110 102 1 133 109 94 1 0 0 0 0 122 95 50 1 83 98 67 1 93 51 98 1 111 57 54 1 99 82 67 1 132 102 63 1 81 83 99 1 126 69 69 1 89 83 70 1 72 95 55 1 100 69 63 1
39 7 82 1 43 22 82 1 63 30 105 1 55 28 99 1 24 63 70 1 18 41 59 1 24 13 32 1 32 59 67 1 0 0 0 0 0 0 0 0 78 14 85 1 46 58 59 1 0 0 0 0 32 53 104 1 7 57 67 1 52 34 71 1 49 44 108 1 0 0 0 0 67 38 50 1 53 42 96 1 7 74 113 1 31 47 73 1 55 58 53 1 30 70 111 1 55 22 53 1 0 34 16 1 122 151 89 1 237 198 206 1 196 175 189 1 186 164 199 1 189 166 154 1 186 193 201 1 150 161 144 1 153 134 141 1 194 172 130 1 126 111 94 1 124 112 58 1 0 0 0 0 123 158 109 1 163 117 125 1 123 133 111 1 0 0 0 0 0 0 0 0 149 98 108 1 116 125 95 1 114 93 103 1 123 81 55 1 0 0 0 0 0 0 0 0 152 101 93 1 149 97 103 1 121 100 107 1 81 90 98 1 87 48 45 1 84 60 75 1 83 43 51 1 71 69 74 1 132 101 73 1 109 101 53 1 103 83 113 1 120 53 60 1 98 43 114 1 132 82 59 1
37 43 44 1 65 57 72 1 46 53 77 1 70 34 97 1 48 31 104 1 36 36 95 1 53 44 77 1 23 31 93 1 37 36 102 1 24 67 116 1 25 0 67 1 47 9 60 1 19 67 73 1 19 35 102 1 0 0 0 0 36 10 55 1 24 16 32 1 29 35 67 1 45 22 58 1 53 27 78 1 67 48 59 1 32 66 82 1 60 34 102 1 38 47 67 1 92 72 103 1 0 38 37 1 84 66 118 1 216 255 193 1 202 218 191 1 181 147 187 1 174 170 184 1 188 204 142 1 121 149 172 1 143 139 115 1 134 126 114 1 109 141 98 1 141 110 128 1 150 162 122 1 147 144 95 1 173 149 99 1 168 111 134 1 140 121 103 1 129 89 134 1 102 98 77 1 119 106 107 1 111 52 78 1 97 125 113 1 113 109 47 1 113 108 99 1 159 101 83 1 91 71 98 1 126 84 66 1 129 108 87 1 120 110 75 1 105 52 130 1 112 68 57 1 0 0 0 0 95 100 88 1 118 74 34 1 91 70 100 1 111 74 72 1 98 34 90 1 0 0 0 0
50 54 103 1 43 94 113 1 70 57 77 1 58 54 53 1 51 44 106 1 27 39 100 1 41 2 52 1 61 56 100 1 28 41 123 1 59 48 101 1 47 24 94 1 41 27 78 1 48 38 90 1 41 13 19 1 26 54 79 1 14 1 47 1 22 15 64 1 23 34 55 1 24 68 74 1 51 52 74 1 34 27 45 1 67 72 43 1 0 0 0 0 87 52 55 1 54 73 82 1 29 53 44 1 0 0 0 0 129 124 146 1 138 174 187 1 189 169 125 1 155 228 133 1 174 163 183 1 201 133 158 1 134 151 130 1 143 149 84 1 0 0 0 0 116 115 56 1 170 161 101 1 0 0 0 0 180 123 126 1 0 0 0 0 0 0 0 0 142 87 128 1 136 112 136 1 127 102 99 1 122 92 105 1 113 98 89 1 0 0 0 0 0 0 0 0 129 75 99 1 136 107 95 1 0 0 0 0 109 69 74 1 97 78 65 1 102 74 68 1 121 77 33 1 95 61 57 1 110 68 61 1 116 79 81 1 87 65 85 1 89 112 53 1 0 0 0 0 122 138 83 1
45 55 104 1 55 82 123 1 0 0 0 0 61 19 75 1 40 45 98 1 71 64 118 1 27 28 72 1 22 39 77 1 42 55 93 1 22 14 107 1 79 26 96 1 45 25 61 1 16 53 71 1 61 38 118 1 29 28 59 1 50 21 37 1 14 25 67 1 30 15 73 1 42 15 76 1 40 15 54 1 0 0 0 0 63 50 85 1 38 80 38 1 68 32 74 1 31 54 109 1 43 21 40 1 45 65 52 1 89 68 113 1 121 143 147 1 195 148 166 1 183 211 190 1 215 184 198 1 0 0 0 0 145 168 98 1 147 145 124 1 163 118 141 1 145 124 128 1 171 155 117 1 180 176 126 1 205 171 129 1 171 128 86 1 90 121 130 1 124 71 81 1 143 97 79 1 126 86 107 1 0 0 0 0 132 101 110 1 138 75 102 1 109 80 60 1 101 89 27 1 126 99 80 1 138 64 63 1 153 61 68 1 94 46 93 1 113 75 89 1 68 114 80 1 92 82 60 1 104 71 46 1 94 62 72 1 0 0 0 0 107 67 80 1 62 50 112 1 143 76 88 1
62 30 71 1 101 39 87 1 23 68 77 1 76 41 78 1 61 49 71 1 27 28 79 1 55 82 105 1 0 0 0 0 37 39 95 1 42 42 79 1 25 38 30 1 60 41 74 1 30 52 56 1 40 72 51 1 29 2 7 1 13 36 54 1 53 82 56 1 0 46 52 1 37 30 40 1 29 6 61 1 15 0 63 1 58 18 63 1 41 65 83 1 54 42 70 1 50 31 64 1 43 47 39 1 46 34 20 1 81 60 83 1 109 97 111 1 142 141 153 1 160 171 194 1 159 179 175 1 0 0 0 0 138 156 104 1 138 127 109 1 165 146 125 1 160 138 142 1 0 0 0 0 190 163 146 1 178 121 138 1 109 148 111 1 132 111 156 1 157 112 108 1 125 85 88 1 90 100 76 1 136 117 114 1 155 112 125 1 132 134 93 1 134 94 21 1 121 78 85 1 127 99 55 1 121 88 85 1 135 111 104 1 101 53 49 1 99 66 69 1 97 69 42 1 80 55 55 1 94 92 76 1 91 115 96 1 93 100 53 1 83 62 92 1 73 99 72 1 110 106 77 1
0 0 0 0 52 50 106 1 76 48 116 1 79 76 94 1 48 20 89 1 39 35 98 1 53 46 100 1 36 26 88 1 63 51 95 1 56 30 104 1 24 33 84 1 0 0 0 0 65 50 93 1 26 64 37 1 18 0 55 1 20 33 60 1 0 0 0 0 45 2 41 1 38 13 57 1 27 22 29 1 65 29 70 1 44 20 47 1 2 26 59 1 9 82 91 1 76 25 99 1 42 6 85 1 26 18 26 1 82 44 96 1 0 0 0 0 113 138 149 1 0 0 0 0 209 191 124 1 0 0 0 0 138 160 112 1 142 162 108 1 122 114 108 1 117 158 131 1 0 0 0 0 178 159 162 1 147 125 142 1 145 129 131 1 167 126 117 1 190 131 151 1 135 114 104 1 160 61 84 1 74 113 79 1 105 92 115 1 133 73 88 1 149 55 64 1 110 106 43 1 88 108 118 1 109 88 88 1 118 96 98 1 133 81 93 1 106 45 59 1 102 68 64 1 91 88 77 1 121 66 95 1 67 64 70 1 128 58 44 1 68 78 54 1 109 52 80 1 108 61 134 1
13 0 78 1 82 58 90 1 0 0 0 0 37 60 138 1 57 12 69 1 64 47 81 1 38 71 89 1 77 6 77 1 45 22 96 1 59 2 92 1 60 71 109 1 36 12 67 1 37 25 79 1 49 42 43 1 8 17 42 1 0 0 17 1 57 68 41 1 44 59 54 1 40 13 39 1 26 66 43 1 28 33 71 1 9 42 84 1 33 47 143 1 8 28 62 1 60 45 134 1 2 45 68 1 35 40 79 1 54 97 66 1 87 89 108 1 140 155 142 1 0 0 0 0 175 195 158 1 0 0 0 0 176 146 131 1 130 135 98 1 165 150 117 1 128 141 93 1 161 154 122 1 147 197 148 1 182 107 115 1 145 130 118 1 137 119 142 1 0 0 0 0 164 126 78 1 106 110 85 1 95 115 64 1 119 92 73 1 84 93 98 1 117 97 99 1 115 85 86 1 100 76 68 1 131 114 97 1 104 59 62 1 145 112 43 1 37 122 84 1 130 68 51 1 94 69 37 1 94 65 42 1 79 51 78 1 144 60 73 1 100 112 75 1 79 112 73 1 0 0 0 0
23 49 131 1 39 58 118 1 95 72 119 1 0 0 0 0 30 67 105 1 55 39 88 1 82 29 113 1 30 43 121 1 53 41 89 1 65 37 150 1 94 46 103 1 59 47 67 1 45 13 94 1 28 41 71 1 51 29 87 1 27 0 87 1 17 3 64 1 0 9 74 1 16 40 86 1 65 40 62 1 30 39 38 1 37 36 38 1 0 0 0 0 37 17 38 1 39 36 37 1 60 41 79 1 70 83 110 1 52 67 74 1 105 78 73 1 111 114 113 1 165 131 186 1 158 175 184 1 149 180 140 1 179 188 114 1 95 149 89 1 113 118 126 1 111 133 147 1 158 157 152 1 126 122 124 1 147 112 140 1 122 104 127 1 141 126 112 1 159 100 131 1 124 122 84 1 106 58 114 1 0 0 0 0 79 66 71 1 74 50 54 1 126 101 96 1 115 47 45 1 111 52 34 1 138 48 79 1 158 119 83 1 125 122 114 1 119 52 100 1 107 96 78 1 68 95 78 1 96 61 56 1 83 76 64 1 83 78 61 1 123 96 82 1 124 67 53 1 109 64 54 1
27 66 86 1 41 33 86 1 55 24 115 1 48 57 98 1 72 35 123 1 0 0 0 0 13 65 113 1 43 57 140 1 17 79 99 1 43 81 65 1 7 107 98 1 33 66 46 1 59 49 84 1 21 32 54 1 30 39 56 1 34 8 45 1 35 12 47 1 26 40 45 1 38 24 75 1 48 28 51 1 0 0 0 0 0 22 90 1 26 9 43 1 28 17 64 1 0 0 0 0 82 22 44 1 51 26 84 1 54 93 76 1 93 79 117 1 110 123 165 1 129 147 151 1 157 150 123 1 187 197 126 1 148 146 157 1 118 153 128 1 137 188 135 1 180 154 137 1 173 149 154 1 124 117 150 1 168 121 117 1 140 160 140 1 105 95 89 1 164 90 98 1 96 112 97 1 86 112 62 1 116 82 99 1 0 0 0 0 123 109 79 1 145 81 106 1 129 73 83 1 99 69 111 1 89 73 96 1 145 124 93 1 82 106 62 1 100 81 56 1 125 67 81 1 125 52 50 1 97 68 61 1 87 66 74 1 72 98 68 1 86 102 74 1 111 59 90 1 89 106 66 1
30 0 78 1 58 54 101 1 46 48 106 1 29 57 123 1 52 34 112 1 65 73 74 1 48 34 87 1 32 52 82 1 73 23 72 1 46 33 84 1 63 33 43 1 32 50 68 1 15 15 55 1 24 54 48 1 14 44 63 1 24 25 63 1 27 33 57 1 18 50 40 1 0 49 69 1 35 27 62 1 19 33 17 1 20 17 60 1 72 42 81 1 64 42 44 1 41 55 54 1 49 43 71 1 65 22 71 1 32 1 63 1 46 84 66 1 120 121 131 1 167 126 156 1 150 180 179 1 122 128 152 1 113 144 126 1 174 178 137 1 161 174 87 1 141 189 145 1 139 131 129 1 0 0 0 0 158 112 99 1 155 92 74 1 107 91 67 1 85 133 119 1 160 99 62 1 130 60 83 1 112 84 87 1 75 67 84 1 111 77 42 1 109 119 63 1 137 64 135 1 97 93 70 1 151 80 86 1 135 58 83 1 79 64 63 1 81 75 103 1 90 89 57 1 80 61 38 1 122 66 76 1 79 75 61 1 107 43 48 1 114 96 76 1 117 84 74 1 113 48 75 1
32 53 76 1 54 33 89 1 66 43 119 1 8 54 122 1 0 0 0 0 54 60 93 1 79 46 77 1 37 62 61 1 54 61 76 1 55 1 34 1 48 4 55 1 55 55 93 1 0 0 0 0 49 33 65 1 52 34 76 1 15 14 87 1 61 0 27 1 45 59 53 1 17 61 56 1 10 15 55 1 59 35 73 1 41 0 65 1 42 61 18 1 54 5 17 1 42 37 44 1 37 49 78 1 54 98 54 1 58 11 71 1 70 48 52 1 118 113 84 1 170 167 147 1 145 133 172 1 116 157 145 1 143 155 130 1 119 155 112 1 130 129 97 1 161 160 163 1 109 108 137 1 173 160 132 1 138 126 101 1 155 90 131 1 110 115 116 1 112 112 86 1 140 122 136 1 108 92 71 1 0 0 0 0 125 80 36 1 113 117 42 1 135 46 95 1 128 102 78 1 80 94 58 1 124 92 64 1 100 59 90 1 70 66 58 1 125 106 86 1 99 66 72 1 49 89 32 1 34 81 45 1 85 80 52 1 95 79 90 1 125 73 102 1 0 0 0 0 148 74 70 1
54 0 74 1 61 58 80 1 60 98 132 1 69 53 82 1 60 24 125 1 71 65 136 1 68 46 120 1 79 60 72 1 72 85 69 1 25 15 95 1 31 53 94 1 79 17 88 1 0 0 0 0 35 41 98 1 21 29 95 1 29 34 46 1 44 24 46 1 74 29 57 1 43 19 63 1 20 51 43 1 24 45 51 1 54 0 49 1 20 67 12 1 0 0 0 0 54 65 59 1 26 23 51 1 72 51 72 1 24 29 64 1 0 0 0 0 72 81 62 1 142 129 103 1 137 136 165 1 133 178 134 1 130 130 92 1 151 148 133 1 0 0 0 0 173 185 164 1 180 154 133 1 148 104 123 1 0 0 0 0 141 105 94 1 141 90 98 1 152 153 59 1 111 90 58 1 138 68 88 1 94 111 34 1 110 104 64 1 153 97 59 1 115 69 85 1 104 86 69 1 148 73 94 1 169 98 106 1 101 82 79 1 124 113 99 1 117 127 72 1 73 88 64 1 99 85 67 1 58 68 88 1 77 64 97 1 93 47 29 1 108 56 69 1 132 77 63 1 108 49 72 1
12 9 69 1 69 2 83 1 86 54 152 1 15 21 107 1 51 34 114 1 69 51 106 1 45 67 96 1 43 39 155 1 35 62 102 1 46 19 79 1 32 69 101 1 18 43 53 1 48 50 44 1 64 61 89 1 39 42 64 1 0 0 0 0 44 33 68 1 16 18 44 1 9 30 69 1 0 12 60 1 0 0 0 0 15 0 42 1 49 39 88 1 0 0 0 0 76 44 52 1 64 55 41 1 45 48 55 1 71 51 69 1 0 0 0 0 72 58 67 1 92 102 106 1 0 0 0 0 137 150 122 1 129 101 130 1 159 116 100 1 179 173 118 1 198 167 113 1 174 149 132 1 122 132 119 1 127 121 132 1 101 109 118 1 143 98 104 1 162 120 124 1 140 111 42 1 85 92 48 1 91 68 66 1 142 61 76 1 90 93 89 1 99 92 86 1 87 112 75 1 99 49 94 1 148 93 87 1 75 84 67 1 107 69 34 1 98 80 108 1 123 83 44 1 127 56 79 1 0 0 0 0 96 43 93 1 143 102 66 1 126 71 71 1 111 68 71 1 137 130 79 1
0 0 0 0 0 0 0 0 31 65 134 1 30 124 128 1 0 0 0 0 27 73 73 1 22 67 125 1 0 0 0 0 76 52 51 1 0 0 0 0 73 14 77 1 42 49 83 1 33 31 52 1 49 70 71 1 40 47 78 1 0 0 0 0 58 20 32 1 26 28 46 1 36 20 69 1 0 42 8 1 46 0 59 1 43 38 41 1 20 21 59 1 35 15 80 1 34 31 86 1 51 38 67 1 40 26 80 1 31 45 44 1 49 43 84 1 72 59 87 1 76 135 71 1 122 124 118 1 121 174 115 1 148 129 115 1 168 81 114 1 136 147 118 1 186 162 143 1 146 141 117 1 149 86 81 1 140 105 130 1 153 120 99 1 122 102 83 1 165 113 123 1 158 79 79 1 102 67 64 1 0 0 0 0 78 71 56 1 103 95 92 1 90 71 108 1 78 20 67 1 0 0 0 0 97 75 34 1 71 46 78 1 0 0 0 0 127 47 104 1 72 56 88 1 103 79 44 1 82 98 47 1 109 56 83 1 127 105 62 1 130 42 46 1 125 58 75 1 114 95 81 1
93 30 73 1 18 58 68 1 49 101 114 1 49 30 122 1 44 65 105 1 0 0 0 0 50 57 85 1 0 0 0 0 56 30 109 1 14 57 72 1 65 36 32 1 0 0 0 0 48 39 101 1 29 32 71 1 90 11 57 1 38 53 73 1 14 65 83 1 64 46 90 1 51 19 57 1 0 0 0 0 56 38 84 1 0 12 37 1 0 0 27 1 40 20 65 1 11 11 64 1 21 53 68 1 40 30 36 1 33 44 48 1 0 0 0 0 45 26 42 1 59 66 87 1 101 124 78 1 102 115 133 1 148 134 137 1 151 156 66 1 127 134 110 1 162 141 105 1 183 139 128 1 130 123 94 1 140 153 135 1 121 80 87 1 155 137 94 1 127 119 155 1 111 62 79 1 0 0 0 0 115 81 60 1 100 88 47 1 131 93 100 1 88 54 51 1 0 0 0 0 107 91 58 1 0 0 0 0 105 63 108 1 62 100 122 1 0 0 0 0 101 61 40 1 144 62 43 1 94 74 67 1 107 81 54 1 63 78 102 1 82 73 59 1 106 74 71 1 125 80 89 1
71 65 81 1 33 43 107 1 39 40 113 1 30 41 90 1 0 0 0 0 65 53 98 1 53 86 92 1 53 51 69 1 78 26 108 1 31 26 95 1 5 35 71 1 27 30 91 1 49 49 60 1 34 0 52 1 48 45 82 1 46 45 62 1 29 32 53 1 15 12 32 1 50 86 75 1 88 55 85 1 38 31 71 1 0 28 66 1 39 8 70 1 0 0 0 0 30 46 40 1 52 39 47 1 57 20 104 1 42 54 44 1 54 37 53 1 29 69 107 1 72 56 94 1 49 73 93 1 112 117 146 1 142 129 102 1 135 141 99 1 177 182 111 1 142 122 117 1 196 160 132 1 120 130 156 1 146 127 125 1 107 75 87 1 113 139 112 1 0 0 0 0 146 108 85 1 76 99 68 1 0 0 0 0 92 97 94 1 97 71 67 1 91 111 50 1 93 120 63 1 106 111 50 1 74 74 73 1 0 0 0 0 103 70 103 1 107 68 75 1 59 33 70 1 93 32 76 1 106 79 76 1 93 64 73 1 81 107 53 1 85 78 51 1 105 76 61 1 56 70 56 1
71 51 110 1 32 51 89 1 12 40 106 1 19 5 76 1 38 39 105 1 0 0 0 0 51 31 89 1 30 27 82 1 0 0 0 0 7 64 41 1 37 53 70 1 14 19 65 1 35 0 94 1 62 8 93 1 11 44 119 1 42 65 64 1 34 0 87 1 36 7 74 1 56 54 101 1 8 40 89 1 48 47 11 1 47 2 38 1 34 52 56 1 24 16 38 1 34 23 38 1 70 32 109 1 28 26 35 1 38 52 51 1 36 32 67 1 15 35 112 1 39 17 55 1 63 97 93 1 132 120 150 1 132 108 108 1 116 132 118 1 146 134 110 1 159 116 143 1 180 124 119 1 156 168 151 1 134 107 113 1 103 65 74 1 135 112 113 1 172 103 124 1 138 92 93 1 49 101 69 1 123 60 64 1 116 113 56 1 90 131 52 1 74 59 99 1 86 67 97 1 108 48 47 1 134 71 90 1 108 46 70 1 95 52 62 1 54 79 65 1 116 68 82 1 114 62 77 1 105 64 58 1 134 62 64 1 119 122 51 1 0 0 0 0 97 60 42 1 61 63 67 1
45 49 84 1 51 77 93 1 46 0 87 1 51 27 80 1 42 34 109 1 82 70 74 1 11 12 103 1 0 0 0 0 65 76 130 1 40 17 82 1 30 56 72 1 13 47 58 1 37 9 66 1 45 30 65 1 46 22 38 1 30 29 68 1 31 35 58 1 47 60 65 1 0 0 0 0 43 70 74 1 38 46 50 1 26 31 44 1 25 56 65 1 23 18 36 1 21 67 85 1 62 75 73 1 12 46 86 1 32 27 53 1 66 61 51 1 73 40 80 1 0 34 36 1 95 68 82 1 122 97 124 1 138 117 80 1 98 105 142 1 154 170 104 1 139 148 142 1 138 135 165 1 188 119 135 1 148 108 107 1 92 65 111 1 83 78 85 1 112 79 98 1 121 118 101 1 120 129 61 1 117 61 89 1 135 50 65 1 100 50 72 1 103 83 84 1 106 29 42 1 124 63 52 1 0 0 0 0 152 93 91 1 79 99 38 1 70 33 37 1 95 90 56 1 106 109 87 1 117 94 108 1 127 94 119 1 109 99 85 1 111 87 44 1 113 48 56 1 58 78 66 1
8 17 53 1 35 76 76 1 79 55 72 1 49 26 71 1 47 41 71 1 22 78 93 1 36 72 111 1 48 67 113 1 55 36 61 1 59 73 60 1 57 55 129 1 0 0 0 0 0 0 0 0 64 39 85 1 51 86 94 1 36 29 83 1 29 25 80 1 14 33 69 1 8 49 85 1 28 34 101 1 87 19 56 1 17 61 45 1 19 46 23 1 26 32 66 1 7 15 62 1 0 0 0 0 1 70 64 1 43 23 100 1 0 0 0 0 66 34 105 1 28 23 70 1 0 30 9 1 80 71 46 1 97 119 83 1 131 107 119 1 171 127 134 1 160 176 145 1 155 132 117 1 149 132 96 1 0 0 0 0 122 75 90 1 116 129 101 1 131 117 80 1 133 104 128 1 119 51 122 1 115 95 32 1 127 69 53 1 110 68 110 1 124 85 53 1 70 86 81 1 0 0 0 0 108 123 84 1 134 87 78 1 97 97 78 1 107 86 58 1 127 82 78 1 93 104 104 1 119 108 70 1 128 83 107 1 125 71 100 1 0 0 0 0 102 56 59 1 92 58 57 1
100 72 84 1 67 61 108 1 80 43 91 1 58 32 115 1 41 49 82 1 43 33 112 1 77 91 60 1 53 50 104 1 58 65 120 1 0 0 0 0 60 37 85 1 62 53 91 1 0 0 0 0 39 14 67 1 78 30 104 1 58 30 102 1 57 58 80 1 57 26 58 1 64 34 72 1 43 43 57 1 55 60 84 1 62 68 35 1 38 6 65 1 11 21 58 1 37 2 32 1 1 13 44 1 0 0 0 0 28 34 72 1 47 10 27 1 59 45 39 1 79 76 88 1 29 23 38 1 80 70 67 1 119 110 122 1 111 154 130 1 130 132 126 1 153 169 180 1 134 131 101 1 91 97 116 1 163 144 110 1 78 133 103 1 0 0 0 0 132 88 120 1 140 128 123 1 77 69 93 1 64 119 75 1 110 67 47 1 89 58 61 1 72 44 86 1 0 0 0 0 142 120 81 1 145 54 95 1 83 61 84 1 108 82 75 1 104 60 50 1 91 84 100 1 89 27 62 1 94 126 127 1 91 87 94 1 114 83 85 1 124 72 73 1 108 63 26 1 110 77 46 1
87 44 74 1 0 0 0 0 64 2 101 1 48 36 111 1 51 68 75 1 0 105 83 1 45 38 92 1 99 53 97 1 50 28 87 1 28 56 113 1 25 33 80 1 55 0 123 1 86 31 86 1 26 67 80 1 49 27 103 1 0 0 0 0 38 48 80 1 0 0 0 0 36 0 84 1 38 53 101 1 22 10 56 1 0 0 0 0 18 38 60 1 8 26 44 1 0 0 0 0 36 15 68 1 8 11 46 1 43 39 36 1 22 0 21 1 52 17 55 1 0 0 0 0 5 43 9 1 70 63 72 1 95 137 104 1 125 139 83 1 115 114 120 1 126 136 130 1 135 107 106 1 115 119 107 1 157 108 155 1 163 116 136 1 109 83 107 1 103 105 64 1 192 91 114 1 121 92 77 1 95 64 58 1 102 63 85 1 112 79 91 1 76 82 49 1 106 99 108 1 135 80 62 1 149 96 98 1 132 42 91 1 120 85 54 1 105 82 69 1 137 71 57 1 114 75 89 1 115 102 53 1 92 93 94 1 96 67 47 1 95 73 73 1 88 53 85 1 0 0 0 0
37 68 83 1 43 20 83 1 36 64 112 1 62 41 68 1 58 13 128 1 49 51 109 1 0 0 0 0 19 75 109 1 24 19 90 1 60 51 78 1 39 63 94 1 50 44 111 1 71 25 148 1 48 49 105 1 65 31 83 1 76 31 103 1 32 31 141 1 31 46 118 1 45 40 40 1 58 19 82 1 57 41 45 1 29 13 35 1 0 0 0 0 21 33 42 1 31 14 61 1 19 27 49 1 38 15 102 1 0 0 0 0 77 55 55 1 64 28 96 1 48 52 77 1 53 35 35 1 0 0 0 0 160 140 132 1 87 173 114 1 66 132 119 1 98 140 122 1 120 165 93 1 133 155 121 1 168 110 132 1 120 103 87 1 126 114 101 1 135 77 89 1 113 140 61 1 124 90 94 1 0 0 0 0 124 75 67 1 94 97 71 1 103 89 58 1 121 139 78 1 117 88 85 1 0 0 0 0 98 94 90 1 112 87 78 1 0 0 0 0 99 106 100 1 123 106 49 1 116 103 63 1 0 0 0 0 78 93 108 1 95 69 35 1 67 65 35 1 99 60 50 1
0 0 0 0 53 10 85 1 0 0 0 0 49 51 81 1 81 99 76 1 48 42 162 1 0 0 0 0 44 25 133 1 40 76 102 1 35 32 90 1 17 0 99 1 25 18 101 1 40 17 101 1 8 44 113 1 29 9 104 1 54 24 116 1 26 56 107 1 51 24 142 1 70 25 116 1 85 16 58 1 59 79 46 1 57 31 36 1 45 29 25 1 12 37 46 1 0 13 61 1 25 49 0 1 44 20 86 1 31 64 79 1 0 0 0 0 48 48 20 1 25 11 66 1 17 21 74 1 17 34 36 1 63 52 96 1 83 53 103 1 0 0 0 0 0 0 0 0 0 0 0 0 116 133 115 1 100 127 110 1 170 158 135 1 125 161 77 1 146 109 60 1 131 112 86 1 105 88 48 1 156 88 96 1 68 72 106 1 123 103 54 1 119 85 40 1 95 103 121 1 115 76 68 1 96 123 117 1 124 109 102 1 121 101 117 1 146 115 85 1 80 100 56 1 133 82 74 1 114 72 83 1 112 106 63 1 128 86 83 1 136 75 53 1 97 53 43 1 121 85 11 1
40 64 58 1 55 13 61 1 17 61 78 1 73 14 83 1 54 9 96 1 80 67 116 1 39 34 123 1 59 58 89 1 40 48 86 1 63 85 101 1 0 0 0 0 55 14 66 1 57 76 98 1 19 48 111 1 52 69 118 1 0 0 0 0 44 57 91 1 88 30 121 1 24 65 48 1 0 31 113 1 90 32 87 1 0 0 0 0 51 27 80 1 18 44 75 1 0 0 0 0 39 55 38 1 0 0 0 0 47 0 60 1 15 21 35 1 44 57 10 1 53 40 56 1 51 72 86 1 81 59 86 1 26 23 39 1 0 0 0 0 0 0 0 0 119 132 106 1 155 157 121 1 157 145 138 1 0 0 0 0 131 115 107 1 149 98 142 1 89 118 106 1 0 0 0 0 118 95 99 1 118 60 100 1 118 107 86 1 115 94 94 1 92 126 57 1 0 0 0 0 159 114 87 1 115 52 57 1 153 76 123 1 128 115 133 1 123 92 81 1 152 83 81 1 150 122 70 1 94 65 79 1 124 99 80 1 132 110 93 1 0 0 0 0 128 74 106 1 135 117 98 1
21 82 88 1 29 56 64 1 0 0 0 0 31 67 153 1 44 60 82 1 40 21 106 1 34 43 136 1 40 103 122 1 68 41 115 1 50 43 121 1 40 57 77 1 46 46 49 1 46 97 81 1 48 14 88 1 21 31 122 1 57 11 50 1 29 59 120 1 48 21 80 1 39 34 42 1 25 54 84 1 0 20 93 1 55 72 14 1 38 0 31 1 58 20 69 1 3 6 16 1 24 30 86 1 48 50 47 1 32 36 44 1 6 49 31 1 31 30 64 1 38 52 45 1 16 48 100 1 76 60 58 1 46 48 52 1 79 62 36 1 124 140 89 1 96 153 108 1 135 136 117 1 101 103 76 1 165 77 120 1 104 111 121 1 116 141 134 1 151 135 90 1 134 126 74 1 131 95 103 1 0 0 0 0 101 101 84 1 0 0 0 0 147 80 87 1 135 110 123 1 0 0 0 0 146 77 93 1 144 84 116 1 137 97 96 1 135 62 52 1 111 84 101 1 104 107 62 1 107 108 118 1 116 121 124 1 142 127 87 1 155 143 67 1 106 103 115 1 95 97 60 1
47 74 45 1 0 0 0 0 56 50 54 1 0 0 0 0 66 83 76 1 26 0 53 1 24 63 123 1 40 39 118 1 71 54 125 1 50 12 109 1 52 69 100 1 33 49 129 1 82 79 120 1 62 85 128 1 37 30 91 1 35 64 32 1 26 32 82 1 26 20 93 1 6 6 51 1 51 14 40 1 49 25 46 1 47 60 80 1 45 3 60 1 33 35 57 1 67 20 28 1 22 58 20 1 0 0 0 0 21 32 5 1 0 8 8 1 0 0 0 0 23 29 42 1 83 46 58 1 67 27 86 1 20 49 60 1 19 48 24 1 106 144 123 1 115 109 109 1 126 111 127 1 130 119 104 1 130 139 98 1 87 115 68 1 107 128 77 1 151 109 130 1 164 151 125 1 170 105 144 1 136 124 112 1 0 0 0 0 146 99 83 1 151 110 66 1 0 0 0 0 0 0 0 0 173 108 90 1 154 115 82 1 131 92 96 1 137 120 78 1 121 82 59 1 129 118 85 1 118 73 80 1 85 141 103 1 126 95 80 1 121 95 95 1 129 102 91 1 118 83 64 1
53 20 33 1 0 0 0 0 66 0 67 1 0 0 0 0 44 45 56 1 39 22 97 1 0 0 0 0 55 33 95 1 55 70 124 1 58 69 90 1 38 70 79 1 26 57 101 1 33 50 79 1 16 50 114 1 0 0 0 0 0 0 0 0 50 16 99 1 59 55 87 1 52 57 83 1 68 33 100 1 42 52 40 1 41 18 20 1 0 0 0 0 29 31 50 1 34 17 0 1 15 12 54 1 0 0 0 0 9 8 48 1 11 2 6 1 40 26 45 1 0 0 0 0 24 40 55 1 50 73 113 1 13 62 22 1 23 32 50 1 65 118 88 1 86 124 143 1 138 119 135 1 89 160 106 1 136 133 122 1 144 114 77 1 103 117 94 1 145 103 110 1 141 137 141 1 173 67 89 1 0 0 0 0 166 82 78 1 133 116 52 1 109 92 110 1 132 103 109 1 164 82 110 1 0 0 0 0 0 0 0 0 143 68 85 1 126 82 49 1 125 107 57 1 111 112 91 1 129 119 97 1 0 0 0 0 160 96 102 1 110 97 102 1 122 86 62 1 105 107 63 1
0 0 29 1 26 28 81 1 45 0 89 1 47 47 80 1 54 42 79 1 43 22 129 1 43 47 138 1 50 68 92 1 14 59 62 1 57 33 91 1 27 17 91 1 0 0 0 0 0 39 91 1 8 28 73 1 42 46 63 1 32 38 78 1 0 0 0 0 0 28 62 1 83 52 112 1 87 36 48 1 8 74 16 1 0 12 62 1 58 12 24 1 14 0 45 1 43 68 31 1 28 88 41 1 16 5 12 1 45 28 31 1 38 13 72 1 0 0 0 0 31 0 36 1 0 0 0 0 0 0 0 0 85 57 48 1 14 18 45 1 60 57 69 1 66 70 79 1 66 122 116 1 112 62 110 1 115 115 84 1 129 85 88 1 0 0 0 0 0 0 0 0 178 118 109 1 93 120 102 1 181 121 105 1 140 122 91 1 158 118 93 1 132 130 115 1 0 0 0 0 144 83 77 1 122 62 75 1 91 94 102 1 137 127 81 1 137 100 88 1 0 0 0 0 117 89 84 1 174 91 107 1 0 0 0 0 0 0 0 0 162 121 95 1 94 105 79 1 0 0 0 0
0 16 35 1 50 29 88 1 26 68 91 1 46 31 84 1 16 51 110 1 60 50 87 1 66 30 79 1 62 58 85 1 38 18 102 1 69 55 81 1 71 31 112 1 29 35 107 1 25 17 115 1 37 27 110 1 56 22 53 1 12 39 119 1 0 0 0 0 0 69 44 1 53 34 60 1 15 51 53 1 0 31 24 1 0 21 28 1 18 30 43 1 30 24 35 1 0 0 0 0 41 0 32 1 21 0 6 1 0 45 51 1 0 0 48 1 45 49 46 1 72 39 0 1 17 0 58 1 0 0 0 0 20 59 43 1 0 0 0 0 23 65 83 1 85 70 89 1 145 127 123 1 121 125 126 1 0 0 0 0 121 136 111 1 99 118 108 1 148 104 91 1 133 115 93 1 111 84 94 1 105 128 120 1 149 122 105 1 138 130 101 1 129 101 115 1 116 101 93 1 115 96 79 1 158 131 89 1 126 143 79 1 148 131 91 1 144 115 68 1 124 69 86 1 111 98 31 1 137 113 159 1 174 158 124 1 142 126 85 1 165 135 115 1 127 104 118 1 70 74 81 1
58 40 41 1 18 45 74 1 36 41 74 1 59 43 116 1 45 23 66 1 0 0 0 0 61 68 111 1 84 51 92 1 71 34 77 1 63 27 104 1 33 76 85 1 0 0 0 0 11 40 79 1 6 13 64 1 42 53 86 1 37 47 96 1 36 59 69 1 47 61 86 1 53 32 80 1 23 0 92 1 29 31 62 1 34 13 23 1 0 0 24 1 11 14 73 1 69 42 10 1 0 0 0 0 12 0 29 1 0 0 0 0 9 9 57 1 16 25 15 1 29 69 45 1 26 28 78 1 0 0 0 0 60 54 78 1 0 0 0 0 22 58 74 1 66 65 72 1 105 109 117 1 184 137 114 1 134 115 104 1 148 119 109 1 128 159 78 1 112 136 109 1 173 82 62 1 125 80 69 1 140 142 84 1 155 94 96 1 134 111 105 1 148 110 96 1 128 102 101 1 115 123 85 1 127 125 98 1 134 127 82 1 135 121 84 1 182 131 130 1 125 87 109 1 142 151 90 1 177 89 106 1 161 122 83 1 147 95 68 1 134 136 155 1 142 97 93 1 87 54 78 1
46 33 40 1 0 40 80 1 57 42 80 1 114 34 38 1 40 51 115 1 55 69 110 1 6 36 117 1 55 28 112 1 21 16 82 1 76 38 62 1 37 58 107 1 52 21 86 1 41 58 75 1 45 45 57 1 57 29 75 1 81 0 48 1 39 6 63 1 45 24 81 1 19 41 64 1 0 0 0 0 29 16 31 1 24 1 18 1 5 0 38 1 0 20 0 1 0 0 0 0 34 1 83 1 49 30 47 1 30 28 14 1 45 0 33 1 49 39 58 1 3 32 50 1 23 54 66 1 15 40 76 1 63 51 49 1 26 63 48 1 64 51 75 1 56 50 59 1 81 59 130 1 119 101 122 1 129 151 77 1 105 99 68 1 0 0 0 0 170 109 89 1 121 131 86 1 138 96 84 1 115 142 100 1 135 94 100 1 179 140 112 1 147 128 98 1 145 127 73 1 0 0 0 0 104 61 120 1 109 111 97 1 151 86 101 1 146 92 48 1 116 95 100 1 0 0 0 0 150 118 87 1 119 128 102 1 135 141 81 1 0 0 0 0 94 113 118 1 118 127 126 1
0 0 0 0 50 55 81 1 70 53 71 1 0 0 0 0 34 64 113 1 65 28 76 1 31 9 121 1 52 70 119 1 8 29 69 1 33 49 91 1 50 62 84 1 12 54 102 1 21 0 68 1 0 0 0 0 15 43 72 1 63 36 30 1 46 5 88 1 50 34 58 1 38 28 82 1 0 0 0 0 39 46 56 1 33 50 74 1 22 26 13 1 0 42 25 1 0 27 39 1 70 33 15 1 37 31 40 1 26 77 49 1 34 6 0 1 51 15 9 1 45 36 70 1 35 21 59 1 35 45 57 1 0 0 0 0 32 79 87 1 26 88 109 1 93 53 66 1 50 79 31 1 109 74 69 1 187 121 99 1 145 95 112 1 121 139 102 1 137 109 74 1 127 70 75 1 141 87 102 1 0 0 0 0 132 73 63 1 136 92 91 1 144 97 116 1 150 89 102 1 0 0 0 0 166 129 97 1 150 126 83 1 147 104 78 1 142 132 95 1 145 119 91 1 158 120 65 1 130 102 86 1 117 108 92 1 157 130 110 1 136 67 107 1 116 93 77 1 122 150 72 1
47 25 45 1 16 18 23 1 31 12 70 1 47 56 62 1 34 66 51 1 34 30 112 1 72 12 97 1 67 37 105 1 56 61 81 1 47 25 96 1 34 85 94 1 28 31 54 1 34 38 102 1 27 35 67 1 31 82 34 1 18 41 36 1 17 47 132 1 8 30 41 1 0 0 0 0 33 5 30 1 38 29 2 1 45 0 42 1 35 17 40 1 25 19 55 1 60 23 55 1 1 0 33 1 0 0 12 1 10 35 32 1 31 5 49 1 0 0 0 0 35 31 93 1 6 19 37 1 2 21 45 1 66 49 64 1 7 17 44 1 86 53 74 1 70 80 51 1 84 104 75 1 111 93 96 1 133 113 67 1 141 154 93 1 155 149 100 1 110 97 65 1 113 104 89 1 136 103 101 1 162 75 78 1 135 62 91 1 0 0 0 0 132 75 85 1 173 163 93 1 0 0 0 0 163 106 96 1 151 119 85 1 162 122 89 1 201 133 134 1 128 98 105 1 132 125 126 1 156 56 72 1 158 96 70 1 144 115 71 1 145 120 76 1 191 80 110 1 109 76 126 1
31 72 38 1 0 0 0 0 25 23 83 1 67 36 77 1 27 7 107 1 16 11 99 1 40 44 93 1 53 39 86 1 28 30 76 1 38 57 76 1 18 22 71 1 17 17 42 1 12 42 65 1 49 9 59 1 36 75 49 1 52 29 74 1 39 62 80 1 28 35 100 1 2 44 35 1 40 27 22 1 44 2 32 1 8 60 47 1 22 65 35 1 34 1 53 1 43 35 36 1 0 30 2 1 0 16 0 1 23 21 30 1 0 48 65 1 0 0 0 0 35 27 63 1 0 0 0 0 39 43 10 1 43 52 112 1 58 53 74 1 29 53 78 1 65 76 103 1 55 107 84 1 99 116 61 1 84 95 103 1 0 0 0 0 160 114 127 1 0 0 0 0 0 0 0 0 141 81 113 1 109 105 99 1 107 108 70 1 114 103 93 1 87 55 75 1 0 0 0 0 0 0 0 0 117 95 69 1 145 85 102 1 147 98 86 1 135 121 99 1 133 119 117 1 131 125 12 1 163 92 146 1 158 123 83 1 137 119 94 1 127 123 106 1 136 127 120 1 0 0 0 0
51 32 56 1 65 18 67 1 60 55 73 1 56 55 62 1 28 41 49 1 0 0 0 0 22 54 117 1 0 0 0 0 56 21 92 1 39 44 42 1 57 53 82 1 28 55 64 1 32 24 80 1 25 0 33 1 18 47 69 1 48 53 127 1 63 32 61 1 71 65 48 1 0 0 0 0 26 3 63 1 69 51 65 1 7 33 74 1 33 56 44 1 43 2 42 1 69 42 71 1 33 59 40 1 22 30 61 1 38 3 101 1 35 6 0 1 21 48 40 1 55 14 47 1 47 43 38 1 0 42 54 1 48 32 81 1 35 48 99 1 33 49 71 1 17 49 46 1 0 0 0 0 90 96 74 1 86 93 100 1 151 82 118 1 127 110 92 1 157 142 91 1 145 171 128 1 130 136 118 1 127 77 98 1 157 104 81 1 173 129 89 1 116 90 64 1 134 73 104 1 175 120 115 1 0 0 0 0 0 0 0 0 0 0 0 0 119 125 90 1 125 100 127 1 126 101 71 1 142 113 111 1 133 80 119 1 137 104 90 1 127 149 105 1 149 166 101 1 102 114 94 1
43 16 60 1 52 20 35 1 82 47 98 1 58 79 60 1 38 12 102 1 24 35 74 1 69 1 77 1 53 15 67 1 40 44 88 1 0 17 65 1 43 50 71 1 24 31 54 1 0 0 0 0 14 27 44 1 53 42 93 1 66 36 78 1 15 30 57 1 2 26 81 1 63 55 46 1 40 66 54 1 0 0 0 0 63 33 51 1 66 27 46 1 38 43 11 1 29 36 66 1 25 1 4 1 27 28 41 1 42 36 19 1 21 24 56 1 43 35 59 1 50 12 57 1 27 0 44 1 35 34 25 1 59 0 67 1 25 18 83 1 63 68 92 1 26 47 41 1 61 83 57 1 39 80 118 1 94 93 136 1 114 123 91 1 174 96 72 1 127 149 131 1 154 113 113 1 139 82 86 1 152 127 94 1 140 84 97 1 128 127 54 1 0 0 0 0 98 57 55 1 136 66 135 1 162 106 92 1 158 121 115 1 134 120 123 1 124 107 120 1 116 82 111 1 158 106 90 1 131 67 94 1 149 104 107 1 154 110 120 1 162 127 104 1 124 93 122 1 152 105 86 1
58 31 49 1 12 9 82 1 44 41 82 1 54 42 62 1 59 43 83 1 62 70 104 1 31 17 48 1 40 0 92 1 0 0 0 0 0 0 0 0 53 34 46 1 37 0 59 1 35 16 2 1 14 6 40 1 0 0 0 0 57 16 102 1 37 50 82 1 48 63 119 1 6 40 85 1 43 65 93 1 22 16 48 1 31 49 45 1 48 55 63 1 13 63 75 1 34 54 64 1 20 7 43 1 19 27 51 1 45 72 37 1 23 66 33 1 15 86 50 1 33 30 74 1 0 0 0 0 38 33 66 1 22 25 76 1 25 11 37 1 52 58 68 1 28 66 63 1 36 60 90 1 115 91 67 1 110 85 107 1 128 85 130 1 136 87 81 1 162 159 129 1 0 0 0 0 158 83 86 1 179 86 88 1 128 138 109 1 124 110 112 1 147 78 98 1 94 99 69 1 117 100 71 1 87 111 48 1 154 143 116 1 185 141 133 1 150 129 135 1 155 147 101 1 187 152 81 1 166 124 34 1 127 120 140 1 0 0 0 0 0 0 0 0 168 94 130 1 0 0 0 0
31 44 32 1 20 14 49 1 34 22 81 1 54 61 93 1 64 55 63 1 65 21 64 1 38 59 91 1 48 45 99 1 0 0 0 0 47 49 42 1 37 18 22 1 38 35 49 1 20 20 38 1 45 36 66 1 43 48 52 1 44 28 46 1 54 12 72 1 22 25 31 1 29 54 98 1 64 75 74 1 31 43 57 1 51 37 78 1 0 0 0 0 55 49 45 1 11 24 85 1 0 35 49 1 21 37 33 1 46 46 56 1 0 19 25 1 9 31 30 1 21 39 80 1 34 50 63 1 23 65 26 1 39 46 92 1 60 43 79 1 1 41 96 1 75 19 82 1 71 53 81 1 57 66 59 1 96 80 101 1 145 105 144 1 103 128 73 1 131 95 95 1 148 135 112 1 98 156 112 1 152 131 96 1 143 138 106 1 124 144 102 1 0 0 0 0 124 122 87 1 0 0 0 0 115 74 81 1 138 119 73 1 0 0 0 0 148 96 115 1 187 116 119 1 146 140 85 1 145 127 79 1 171 86 100 1 137 112 117 1 151 116 94 1 100 123 98 1 117 130 134 1
0 0 0 0 39 21 67 1 13 0 73 1 58 64 67 1 67 63 104 1 64 36 69 1 57 7 84 1 37 63 69 1 65 7 103 1 28 33 117 1 44 72 50 1 38 23 47 1 0 60 60 1 42 86 32 1 58 45 76 1 56 49 64 1 21 48 122 1 30 53 83 1 29 53 49 1 39 65 54 1 13 20 47 1 68 31 73 1 40 27 40 1 55 55 61 1 43 39 55 1 45 12 87 1 0 0 0 0 40 47 54 1 66 4 45 1 36 1 49 1 31 35 74 1 8 58 47 1 65 32 73 1 40 1 58 1 44 25 72 1 62 72 72 1 57 78 62 1 29 70 72 1 29 35 29 1 0 0 0 0 92 151 153 1 145 102 136 1 126 101 110 1 129 84 61 1 126 98 116 1 144 109 82 1 126 121 100 1 0 0 0 0 0 0 0 0 116 91 112 1 128 117 129 1 127 58 77 1 0 0 0 0 179 138 103 1 106 86 74 1 151 129 82 1 149 96 127 1 0 0 0 0 135 100 107 1 0 0 0 0 0 0 0 0 144 97 56 1 145 157 95 1
41 11 18 1 45 15 28 1 51 35 66 1 61 56 75 1 26 43 117 1 44 44 56 1 42 12 70 1 31 61 38 1 20 74 74 1 9 33 46 1 3 44 47 1 9 71 44 1 26 89 55 1 32 36 46 1 25 29 61 1 0 0 0 0 17 69 41 1 39 70 104 1 34 45 60 1 26 36 85 1 37 28 65 1 42 54 42 1 73 56 88 1 0 0 0 0 20 48 60 1 63 57 37 1 76 82 78 1 28 50 55 1 39 23 86 1 26 35 50 1 42 33 57 1 0 0 0 0 39 46 46 1 42 24 41 1 2 54 60 1 74 38 66 1 66 43 48 1 49 44 52 1 0 0 0 0 82 24 61 1 131 101 89 1 96 82 85 1 127 135 162 1 137 94 72 1 0 0 0 0 141 131 110 1 133 134 101 1 128 118 95 1 0 0 0 0 151 105 69 1 170 73 123 1 142 122 114 1 138 57 50 1 131 108 128 1 0 0 0 0 165 85 56 1 118 125 121 1 161 106 94 1 127 98 88 1 175 104 86 1 132 122 124 1 114 136 83 1 124 105 81 1
23 39 2 1 36 36 14 1 0 0 0 0 57 23 117 1 99 6 117 1 42 31 71 1 51 43 80 1 24 6 85 1 39 53 84 1 73 65 75 1 24 51 102 1 66 27 79 1 21 59 101 1 0 0 0 0 47 18 102 1 59 31 42 1 62 45 100 1 39 0 47 1 0 0 0 0 55 27 70 1 61 37 55 1 0 52 78 1 8 49 76 1 37 33 75 1 34 65 47 1 22 28 77 1 25 55 44 1 53 44 21 1 37 48 86 1 0 0 0 0 22 38 42 1 36 49 84 1 43 19 88 1 34 15 59 1 0 40 82 1 39 8 57 1 36 55 75 1 45 42 54 1 33 49 52 1 82 84 66 1 99 101 131 1 109 94 44 1 140 139 111 1 155 136 153 1 124 133 92 1 117 102 91 1 139 112 84 1 127 76 127 1 110 113 134 1 126 146 89 1 121 122 114 1 148 99 94 1 108 95 93 1 133 129 82 1 139 120 103 1 174 107 109 1 129 110 96 1 153 93 116 1 0 0 0 0 150 102 129 1 179 134 74 1 152 96 41 1 139 105 90 1
0 0 0 0 44 2 51 1 27 59 48 1 26 10 86 1 51 64 69 1 67 73 86 1 10 31 61 1 32 47 66 1 34 65 59 1 28 59 74 1 57 14 48 1 42 52 113 1 45 39 72 1 94 20 41 1 0 0 0 0 27 55 41 1 26 49 64 1 21 39 57 1 37 59 100 1 49 72 63 1 62 87 66 1 58 60 61 1 70 33 49 1 48 78 73 1 44 51 84 1 45 49 45 1 58 0 63 1 17 30 30 1 47 70 54 1 4 0 28 1 0 0 0 0 58 14 51 1 46 50 99 1 28 39 53 1 45 27 93 1 1 20 79 1 0 0 0 0 31 53 71 1 15 48 36 1 76 66 68 1 80 58 88 1 106 108 44 1 148 135 119 1 151 68 94 1 177 138 80 1 183 120 86 1 148 129 95 1 154 174 130 1 0 0 0 0 128 125 113 1 141 89 113 1 136 146 72 1 143 120 95 1 143 132 146 1 169 106 115 1 0 0 0 0 124 124 91 1 146 114 110 1 146 89 89 1 127 131 66 1 100 118 77 1 0 0 0 0 115 113 101 1
28 36 27 1 19 7 51 1 74 57 67 1 27 35 47 1 31 45 103 1 61 80 66 1 0 0 0 0 45 0 53 1 13 14 65 1 6 26 64 1 62 46 89 1 48 48 74 1 49 22 97 1 0 0 0 0 6 31 59 1 24 24 90 1 0 0 0 0 0 0 0 0 35 58 58 1 72 75 123 1 60 47 75 1 51 80 79 1 22 3 82 1 45 0 70 1 0 0 0 0 43 48 72 1 7 0 52 1 28 22 63 1 5 0 64 1 1 38 3 1 95 23 33 1 15 1 75 1 63 54 72 1 30 65 34 1 61 28 87 1 41 53 70 1 53 43 26 1 36 4 17 1 12 38 60 1 38 14 24 1 0 0 0 0 126 60 133 1 133 129 118 1 147 149 110 1 112 116 96 1 93 132 92 1 124 87 120 1 143 123 127 1 118 151 162 1 138 106 89 1 156 134 123 1 105 81 123 1 148 74 117 1 117 93 111 1 151 133 78 1 137 144 91 1 101 73 141 1 0 0 0 0 146 128 92 1 184 83 122 1 161 136 109 1 153 109 55 1 133 105 53 1
50 45 52 1 29 56 29 1 33 0 56 1 74 68 100 1 43 66 82 1 43 31 60 1 0 0 0 0 0 0 0 0 40 38 26 1 34 44 76 1 56 60 99 1 28 51 96 1 6 34 83 1 14 50 60 1 85 18 85 1 37 19 85 1 43 66 86 1 54 82 87 1 79 93 103 1 53 58 91 1 26 72 94 1 46 40 76 1 23 42 80 1 60 33 74 1 38 61 55 1 33 37 59 1 37 57 23 1 25 41 48 1 7 59 72 1 6 31 62 1 0 39 66 1 50 0 69 1 25 25 66 1 52 89 93 1 51 51 25 1 12 35 97 1 1 55 87 1 24 20 62 1 14 0 81 1 4 7 9 1 48 86 62 1 114 99 130 1 0 0 0 0 128 103 150 1 113 114 62 1 104 105 85 1 142 120 78 1 104 101 112 1 191 123 103 1 165 108 134 1 123 111 87 1 151 122 103 1 119 135 105 1 132 94 62 1 120 123 112 1 139 112 73 1 152 124 89 1 152 120 98 1 120 150 58 1 175 146 107 1 153 132 109 1 152 143 116 1 0 0 0 0
60 60 28 1 66 13 53 1 75 57 47 1 54 15 99 1 46 51 117 1 61 68 120 1 75 12 57 1 58 60 39 1 42 30 70 1 45 38 119 1 48 61 58 1 59 44 61 1 56 38 96 1 0 0 0 0 11 69 88 1 43 31 32 1 77 55 120 1 32 54 43 1 50 61 85 1 50 55 90 1 48 52 92 1 65 55 99 1 33 58 31 1 47 44 57 1 37 77 59 1 25 8 79 1 58 23 66 1 33 0 45 1 9 0 40 1 39 16 65 1 54 87 59 1 25 60 50 1 0 0 0 0 40 35 33 1 38 39 102 1 65 51 75 1 49 54 95 1 40 69 61 1 12 0 52 1 0 0 0 0 36 41 109 1 110 153 122 1 123 59 112 1 119 67 82 1 125 94 123 1 118 109 93 1 109 96 112 1 148 121 164 1 110 109 94 1 151 130 98 1 0 0 0 0 162 142 142 1 117 100 114 1 114 105 86 1 157 110 112 1 0 0 0 0 132 134 95 1 141 151 110 1 173 142 84 1 116 103 116 1 127 136 124 1 134 127 107 1 197 80 79 1
15 31 65 1 13 53 60 1 36 20 61 1 0 0 0 0 49 54 88 1 43 75 102 1 74 24 66 1 54 36 115 1 35 27 79 1 38 30 112 1 6 71 123 1 41 16 92 1 30 56 59 1 21 57 77 1 23 55 63 1 77 73 63 1 47 79 115 1 30 59 91 1 2 86 101 1 36 57 114 1 43 59 88 1 49 73 66 1 57 64 86 1 48 25 75 1 15 20 48 1 71 48 58 1 9 0 33 1 10 13 33 1 71 0 46 1 6 31 72 1 80 49 111 1 39 43 55 1 35 50 90 1 63 36 56 1 46 42 75 1 76 26 70 1 0 0 0 0 6 6 33 1 18 52 26 1 0 8 18 1 28 31 46 1 96 101 75 1 164 93 53 1 120 85 46 1 150 100 122 1 143 137 112 1 137 88 120 1 99 110 101 1 0 0 0 0 177 103 118 1 160 121 119 1 129 127 99 1 144 108 108 1 90 98 112 1 144 129 117 1 137 86 92 1 140 107 90 1 144 111 88 1 121 121 134 1 202 147 102 1 128 99 116 1 103 100 79 1 154 121 60 1
26 10 25 1 34 0 20 1 0 21 73 1 34 40 87 1 56 75 101 1 74 68 100 1 64 43 92 1 0 0 0 0 61 67 74 1 36 90 110 1 43 65 70 1 52 28 104 1 32 33 83 1 32 12 77 1 12 28 76 1 31 17 81 1 59 73 102 1 35 62 89 1 0 0 0 0 67 47 86 1 54 52 104 1 25 50 99 1 0 0 0 0 25 35 54 1 62 41 57 1 61 37 90 1 12 59 37 1 11 48 67 1 14 35 33 1 34 49 68 1 56 34 61 1 19 32 56 1 60 62 50 1 40 43 86 1 63 43 86 1 14 76 87 1 77 47 84 1 0 71 61 1 5 0 82 1 0 0 0 0 54 0 50 1 65 44 68 1 89 86 104 1 68 104 73 1 138 122 110 1 144 100 112 1 130 116 52 1 148 96 111 1 127 107 98 1 122 139 102 1 180 99 126 1 155 95 92 1 115 128 104 1 112 132 107 1 151 100 119 1 126 121 76 1 140 123 65 1 0 0 0 0 156 118 65 1 149 92 62 1 136 75 60 1 158 128 93 1 136 132 126 1
27 15 97 1 56 20 56 1 32 19 65 1 27 51 71 1 51 28 98 1 0 33 26 1 51 53 51 1 43 65 126 1 4 41 66 1 45 31 78 1 71 26 77 1 25 26 125 1 43 92 97 1 26 55 98 1 56 30 104 1 68 100 92 1 60 95 69 1 23 59 71 1 35 55 96 1 59 66 62 1 44 92 117 1 0 0 0 0 43 40 75 1 43 57 85 1 28 46 60 1 36 34 75 1 16 67 26 1 18 0 46 1 45 10 86 1 30 0 30 1 52 38 35 1 34 86 68 1 32 0 20 1 57 6 61 1 53 78 98 1 9 33 78 1 30 65 112 1 0 0 0 0 0 0 0 0 38 17 29 1 38 6 66 1 29 20 29 1 65 128 77 1 86 110 99 1 129 102 99 1 103 119 98 1 139 121 103 1 139 93 85 1 139 97 122 1 144 148 117 1 149 92 118 1 135 124 111 1 0 0 0 0 136 112 67 1 135 122 112 1 144 116 46 1 131 126 100 1 183 140 118 1 155 86 105 1 116 99 126 1 124 105 80 1 151 134 98 1 123 95 85 1
3 29 62 1 61 3 50 1 0 0 0 0 36 53 32 1 50 28 107 1 39 74 90 1 37 65 99 1 36 65 91 1 0 0 0 0 59 47 110 1 26 40 93 1 52 61 120 1 37 56 91 1 43 31 58 1 37 50 64 1 47 36 93 1 64 47 89 1 53 60 105 1 0 0 0 0 56 54 75 1 51 45 104 1 89 93 86 1 40 53 107 1 60 53 89 1 7 33 103 1 7 14 63 1 18 23 64 1 47 7 82 1 51 14 64 1 28 14 41 1 3 33 62 1 51 53 83 1 91 7 34 1 34 0 43 1 71 44 88 1 0 0 0 0 37 25 51 1 49 59 41 1 34 30 42 1 85 32 84 1 19 73 15 1 0 0 0 0 45 60 95 1 0 0 0 0 83 128 103 1 132 121 100 1 107 79 92 1 117 125 99 1 147 72 129 1 115 107 56 1 0 0 0 0 150 100 92 1 117 100 91 1 125 105 100 1 145 100 97 1 149 154 90 1 115 93 71 1 130 103 74 1 153 146 83 1 143 109 92 1 115 130 93 1 0 0 0 0 161 126 87 1
15 19 48 1 32 55 63 1 0 0 0 0 4 36 38 1 0 0 0 0 6 32 60 1 58 90 89 1 33 48 123 1 24 37 102 1 72 65 111 1 24 44 44 1 44 38 92 1 61 55 105 1 30 43 76 1 26 53 77 1 61 64 90 1 58 52 106 1 64 93 109 1 86 53 96 1 62 69 118 1 25 73 89 1 68 32 82 1 31 9 85 1 10 64 78 1 55 47 88 1 52 46 88 1 26 42 80 1 0 0 39 1 60 40 5 1 49 55 68 1 78 21 42 1 26 22 31 1 3 13 67 1 55 33 71 1 60 31 39 1 13 48 84 1 29 49 59 1 5 31 51 1 48 31 42 1 71 52 79 1 38 18 65 1 0 0 0 0 65 72 109 1 138 107 104 1 32 102 98 1 154 94 46 1 127 69 81 1 166 132 137 1 134 100 110 1 135 124 64 1 171 60 138 1 119 137 94 1 126 113 72 1 0 0 0 0 154 116 127 1 136 109 102 1 157 88 99 1 119 109 103 1 128 139 93 1 122 98 100 1 127 80 36 1 128 100 88 1 147 93 85 1
0 6 47 1 46 15 40 1 21 13 52 1 54 20 92 1 34 20 81 1 32 56 31 1 69 34 99 1 59 15 82 1 0 0 0 0 48 59 74 1 67 62 97 1 0 0 0 0 15 78 108 1 43 81 76 1 38 67 73 1 25 45 77 1 31 37 86 1 59 54 97 1 53 87 116 1 66 62 89 1 33 69 122 1 45 46 52 1 47 28 68 1 52 57 90 1 28 44 92 1 50 60 52 1 54 32 64 1 31 10 32 1 30 31 51 1 7 23 27 1 22 36 69 1 80 38 63 1 33 11 72 1 61 61 99 1 34 13 71 1 0 57 117 1 100 72 112 1 53 28 69 1 0 20 61 1 17 13 61 1 52 26 56 1 23 74 89 1 55 55 119 1 79 51 98 1 82 95 62 1 92 99 83 1 104 125 91 1 131 113 124 1 145 117 65 1 104 92 91 1 82 138 133 1 160 113 107 1 130 132 110 1 146 98 125 1 170 121 114 1 106 134 88 1 0 0 0 0 152 128 69 1 127 113 90 1 0 0 0 0 139 116 48 1 120 117 70 1 131 78 110 1
21 0 0 1 25 49 28 1 37 41 18 1 63 39 39 1 66 51 38 1 25 20 64 1 51 21 56 1 65 55 66 1 7 45 84 1 34 45 150 1 45 24 101 1 41 54 81 1 44 40 61 1 0 0 0 0 8 43 31 1 68 70 57 1 69 61 78 1 92 69 86 1 46 53 107 1 43 54 67 1 46 33 110 1 32 29 117 1 76 13 109 1 19 73 55 1 59 15 87 1 73 69 85 1 32 37 37 1 31 62 45 1 14 29 43 1 64 28 74 1 35 58 42 1 84 14 17 1 74 33 87 1 14 4 68 1 27 39 43 1 56 51 43 1 19 41 97 1 51 58 108 1 42 54 106 1 44 0 62 1 36 41 48 1 14 54 116 1 41 20 76 1 81 64 70 1 42 114 51 1 130 113 77 1 143 109 102 1 124 117 100 1 135 124 104 1 117 132 92 1 142 76 103 1 145 89 103 1 147 92 97 1 123 119 58 1 123 103 96 1 113 128 93 1 127 118 100 1 149 157 135 1 134 77 114 1 0 0 0 0 134 101 99 1 110 108 89 1 0 0 0 0