2
563 239 83 60
37 52 38 1 22 43 36 1 4 28 9 1 0 0 0 0 21 17 19 1 0 31 16 1 3 36 33 1 0 17 18 1 0 0 0 0 71 120 83 1 41 73 24 1 24 32 0 1 0 41 5 1 57 80 19 1 60 87 51 1 86 103 88 1 91 112 50 1 81 89 72 1 72 91 85 1 113 95 53 1 139 121 122 1 119 159 115 1 86 100 68 1 93 107 67 1 67 75 67 1 56 94 61 1 89 123 71 1 84 100 75 1 93 89 69 1 0 0 0 0 114 88 50 1 105 132 66 1 108 129 86 1 155 177 120 1 185 201 155 1 121 151 101 1 148 123 93 1 145 114 85 1 133 152 88 1 0 0 0 0 94 116 90 1 0 0 0 0 0 0 0 0 94 115 68 1 140 167 109 1 196 209 162 1 151 141 117 1 181 197 153 1 67 53 56 1 30 57 36 1 23 98 26 1 75 119 71 1 0 0 0 0 65 108 78 1 58 107 82 1 76 90 60 1 93 108 88 1 51 92 81 1 40 100 35 1 39 93 50 1
11 11 3 1 0 22 0 1 10 58 39 1 0 24 35 1 0 46 0 1 0 35 15 1 0 37 25 1 0 0 0 0 90 88 59 1 89 121 80 1 36 18 0 1 4 45 3 1 9 22 0 1 57 57 26 1 54 45 22 1 116 138 124 1 0 0 0 0 112 118 70 1 81 104 65 1 116 120 104 1 68 73 49 1 58 69 36 1 85 99 81 1 83 99 86 1 73 70 55 1 60 78 38 1 25 36 29 1 61 75 35 1 74 101 47 1 99 105 99 1 121 117 82 1 109 101 72 1 98 126 68 1 152 149 99 1 161 144 135 1 160 187 92 1 130 136 104 1 142 152 112 1 128 105 82 1 91 92 70 1 0 0 0 0 82 85 40 1 90 106 89 1 117 117 93 1 132 138 117 1 183 188 169 1 159 163 140 1 98 138 92 1 35 51 24 1 37 46 44 1 24 53 20 1 91 115 81 1 110 138 87 1 0 0 0 0 0 0 0 0 68 96 71 1 48 63 45 1 59 61 55 1 62 95 74 1 5 47 0 1
0 34 12 1 7 33 37 1 0 22 4 1 0 0 0 0 16 40 46 1 7 35 24 1 66 90 86 1 92 122 98 1 32 86 69 1 11 43 1 1 0 27 10 1 1 9 0 1 0 0 0 0 54 80 61 1 117 135 117 1 67 62 42 1 97 93 69 1 108 84 47 1 58 110 37 1 81 93 51 1 48 38 24 1 6 18 0 1 27 28 0 1 60 35 26 1 0 21 0 1 25 84 46 1 49 39 16 1 66 69 69 1 43 56 34 1 0 0 0 0 72 77 60 1 97 88 59 1 142 112 108 1 115 158 120 1 0 0 0 0 166 140 95 1 92 105 37 1 145 152 93 1 96 130 102 1 128 135 110 1 99 113 72 1 54 100 39 1 72 101 58 1 73 117 88 1 0 0 0 0 78 90 58 1 123 127 72 1 95 87 64 1 83 116 86 1 48 84 34 1 17 51 32 1 50 99 69 1 97 99 85 1 94 125 73 1 0 0 0 0 85 113 61 1 35 83 35 1 15 42 21 1 0 0 0 0 54 102 41 1
7 8 2 1 0 26 28 1 0 3 12 1 16 38 29 1 73 81 55 1 54 113 70 1 0 0 0 0 0 0 0 0 0 9 0 1 19 16 0 1 1 0 14 1 78 94 59 1 30 30 35 1 64 81 73 1 64 94 75 1 109 138 108 1 45 86 26 1 21 51 15 1 47 53 0 1 65 71 41 1 81 101 92 1 66 81 61 1 68 110 68 1 76 94 87 1 62 102 40 1 24 37 10 1 25 54 26 1 42 73 79 1 0 32 8 1 0 0 0 0 24 45 26 1 105 122 99 1 0 0 0 0 105 110 50 1 137 136 72 1 101 122 79 1 115 113 77 1 101 123 94 1 9 28 0 1 48 48 4 1 0 0 0 0 33 83 37 1 0 0 0 0 52 66 47 1 52 73 43 1 35 77 32 1 46 71 41 1 0 0 0 0 64 90 48 1 77 114 57 1 25 49 0 1 27 63 31 1 84 121 102 1 115 116 77 1 79 123 83 1 86 77 84 1 23 65 9 1 21 55 27 1 49 68 53 1 93 130 80 1
0 30 30 1 0 3 19 1 45 54 19 1 63 83 95 1 48 68 48 1 93 131 74 1 51 53 38 1 12 2 0 1 15 8 0 1 3 22 2 1 78 69 70 1 89 110 103 1 39 49 12 1 97 91 73 1 0 0 0 0 35 55 36 1 0 0 0 0 15 41 2 1 4 29 0 1 0 0 0 0 75 104 75 1 98 120 91 1 92 111 63 1 0 0 0 0 10 39 2 1 8 26 12 1 19 58 30 1 15 51 4 1 12 25 2 1 0 51 15 1 16 25 12 1 77 89 78 1 61 65 52 1 83 90 53 1 113 103 71 1 110 122 67 1 131 134 103 1 103 124 79 1 51 58 13 1 25 35 24 1 38 86 64 1 16 37 9 1 39 29 53 1 21 58 39 1 51 31 28 1 37 57 26 1 70 57 43 1 59 81 59 1 54 82 59 1 81 104 64 1 61 66 42 1 33 50 38 1 78 111 48 1 0 0 0 0 78 88 61 1 44 77 55 1 0 42 28 1 103 108 67 1 77 138 72 1 86 114 73 1
17 16 0 1 4 39 33 1 40 16 54 1 21 77 44 1 37 67 23 1 62 65 47 1 40 42 40 1 37 54 37 1 0 59 11 1 0 0 0 0 86 107 99 1 50 79 78 1 103 131 108 1 14 28 0 1 17 33 4 1 81 88 79 1 79 90 59 1 0 7 5 1 7 21 10 1 0 36 0 1 38 69 36 1 94 112 81 1 97 105 84 1 57 92 70 1 14 34 32 1 0 34 16 1 0 40 20 1 14 29 11 1 40 60 27 1 46 77 67 1 56 53 26 1 50 88 54 1 37 58 18 1 96 94 55 1 129 124 55 1 103 137 53 1 152 139 91 1 100 112 84 1 40 49 20 1 40 65 49 1 74 84 64 1 35 62 31 1 20 36 39 1 0 0 0 0 30 30 18 1 59 69 36 1 60 111 70 1 60 107 71 1 70 105 69 1 95 118 54 1 30 87 47 1 27 73 18 1 71 128 90 1 94 100 75 1 82 126 78 1 84 105 63 1 65 79 53 1 65 124 78 1 80 106 62 1 0 0 0 0
19 34 0 1 17 49 29 1 31 43 0 1 48 60 45 1 59 75 58 1 61 71 46 1 39 84 43 1 97 102 47 1 9 8 0 1 39 55 59 1 54 85 84 1 8 38 26 1 106 126 88 1 12 0 0 1 85 94 79 1 0 0 0 0 39 54 45 1 59 59 38 1 62 83 50 1 54 47 65 1 0 0 0 0 54 103 37 1 0 0 0 0 76 122 67 1 71 80 41 1 36 28 50 1 0 0 11 1 0 40 0 1 41 57 45 1 78 115 75 1 86 97 76 1 48 58 52 1 5 25 21 1 80 92 47 1 0 0 0 0 0 0 0 0 114 121 90 1 77 72 71 1 25 27 5 1 0 0 0 0 0 0 0 0 26 41 29 1 23 36 12 1 8 27 32 1 17 57 22 1 0 0 0 0 86 126 57 1 91 118 78 1 96 104 80 1 80 104 77 1 54 95 55 1 53 84 63 1 78 109 67 1 72 97 65 1 71 105 48 1 56 105 49 1 23 71 64 1 87 118 88 1 103 116 74 1 89 129 85 1
5 57 34 1 32 46 15 1 51 70 61 1 85 96 48 1 76 96 72 1 61 124 102 1 7 43 39 1 5 32 25 1 71 85 72 1 1 56 11 1 0 28 26 1 37 29 29 1 28 31 20 1 24 14 0 1 113 93 84 1 58 91 81 1 47 78 45 1 67 83 55 1 79 95 40 1 80 114 75 1 81 80 64 1 70 102 46 1 59 97 63 1 38 72 21 1 22 41 46 1 25 40 34 1 31 23 29 1 0 7 0 1 0 45 13 1 35 43 9 1 72 109 57 1 56 53 50 1 17 30 12 1 72 84 50 1 119 102 57 1 56 72 7 1 0 0 0 0 84 121 76 1 22 57 23 1 0 28 0 1 8 22 4 1 0 7 20 1 19 58 17 1 32 42 10 1 23 70 36 1 82 140 74 1 121 135 101 1 57 97 27 1 69 78 53 1 90 107 83 1 77 125 83 1 65 115 38 1 65 89 71 1 0 0 0 0 86 100 48 1 104 127 103 1 124 154 97 1 101 134 83 1 99 96 71 1 95 66 79 1
12 27 33 1 39 67 39 1 69 118 107 1 0 0 0 0 45 88 51 1 6 64 30 1 3 14 0 1 0 0 0 0 108 134 117 1 57 89 36 1 2 48 19 1 15 62 25 1 0 0 0 0 28 56 28 1 0 0 0 0 119 134 96 1 80 78 57 1 34 44 9 1 62 53 54 1 39 87 47 1 0 0 0 0 85 108 61 1 30 82 30 1 63 67 71 1 56 65 30 1 23 50 45 1 22 23 14 1 43 53 74 1 96 98 107 1 98 130 109 1 117 127 126 1 0 0 0 0 66 128 86 1 90 128 90 1 125 140 92 1 105 111 74 1 0 0 0 0 0 0 0 0 109 91 96 1 75 71 81 1 54 105 62 1 44 67 66 1 0 59 11 1 7 29 42 1 65 92 71 1 0 0 0 0 103 132 95 1 86 108 75 1 98 107 69 1 119 131 93 1 94 134 75 1 79 113 81 1 94 82 57 1 97 107 85 1 0 0 0 0 0 0 0 0 86 105 66 1 98 102 89 1 71 78 58 1 55 83 60 1
77 99 88 1 48 111 54 1 39 67 32 1 70 108 64 1 100 119 92 1 32 63 35 1 0 0 0 0 84 110 48 1 0 0 0 0 12 37 18 1 0 9 0 1 0 0 0 0 16 39 30 1 38 72 60 1 85 88 76 1 109 98 82 1 27 68 46 1 83 118 51 1 69 115 100 1 60 68 27 1 103 122 88 1 43 100 17 1 27 32 12 1 72 98 74 1 99 85 86 1 81 90 37 1 0 26 14 1 23 52 59 1 129 164 121 1 99 113 92 1 38 40 15 1 0 27 0 1 98 114 65 1 115 125 104 1 113 122 82 1 84 94 84 1 118 111 52 1 72 77 42 1 79 135 65 1 59 94 50 1 28 91 42 1 0 27 12 1 17 52 26 1 2 41 18 1 77 110 61 1 0 0 0 0 91 91 56 1 97 83 72 1 121 133 91 1 97 125 73 1 102 113 62 1 77 133 57 1 110 162 112 1 146 126 71 1 128 144 107 1 124 140 127 1 104 123 94 1 120 118 94 1 109 124 94 1 0 0 0 0
104 124 86 1 67 91 57 1 57 81 38 1 160 141 99 1 69 97 46 1 8 42 35 1 43 67 64 1 58 85 72 1 0 0 0 0 0 0 0 0 8 26 0 1 19 44 36 1 48 85 48 1 57 68 67 1 48 79 71 1 14 39 28 1 0 0 0 0 0 0 0 0 84 74 42 1 33 78 47 1 132 132 108 1 67 96 68 1 36 54 0 1 86 77 59 1 122 146 97 1 53 63 30 1 0 0 0 0 5 6 5 1 57 104 77 1 53 64 72 1 2 31 0 1 54 75 40 1 20 50 18 1 35 86 42 1 75 100 64 1 0 0 0 0 55 71 49 1 0 39 8 1 63 80 36 1 90 75 93 1 18 50 28 1 0 44 36 1 70 110 75 1 89 110 81 1 88 94 62 1 46 92 66 1 80 91 46 1 0 0 0 0 0 0 0 0 115 116 86 1 135 131 123 1 154 150 156 1 204 192 186 1 99 130 99 1 84 96 85 1 84 79 60 1 46 74 67 1 83 87 50 1 82 98 99 1 119 147 147 1
0 0 0 0 38 100 46 1 54 76 45 1 101 91 73 1 51 51 20 1 80 123 97 1 90 98 96 1 6 41 6 1 0 0 0 0 0 0 0 0 7 29 0 1 55 70 36 1 100 162 130 1 108 137 106 1 68 101 57 1 0 29 1 1 30 36 19 1 90 106 77 1 48 88 54 1 12 19 0 1 70 114 65 1 122 124 117 1 76 97 35 1 104 98 63 1 91 84 72 1 0 0 0 0 53 75 59 1 66 96 70 1 54 106 52 1 12 43 24 1 0 46 0 1 54 92 53 1 55 61 42 1 6 41 25 1 59 78 46 1 0 0 0 0 93 111 89 1 8 22 15 1 47 89 59 1 94 136 106 1 14 20 0 1 24 108 88 1 64 108 59 1 87 103 95 1 81 106 51 1 93 97 62 1 92 97 64 1 123 132 87 1 164 145 132 1 123 146 81 1 163 157 136 1 111 129 103 1 158 173 114 1 0 0 0 0 87 114 97 1 55 63 49 1 47 83 33 1 67 105 58 1 84 122 65 1 105 135 88 1
79 95 61 1 95 100 72 1 94 90 59 1 95 78 50 1 66 112 29 1 52 99 60 1 0 30 32 1 25 96 25 1 35 64 49 1 32 17 18 1 13 45 17 1 62 71 61 1 118 121 129 1 87 143 105 1 78 85 50 1 24 26 15 1 0 0 0 0 79 92 75 1 35 80 56 1 56 93 77 1 66 87 94 1 88 102 90 1 85 101 63 1 63 76 36 1 97 110 74 1 39 55 38 1 0 0 0 0 72 96 71 1 102 103 86 1 65 73 77 1 20 40 8 1 35 73 39 1 66 82 57 1 16 62 29 1 17 42 9 1 31 93 63 1 14 38 17 1 25 75 41 1 85 105 94 1 0 0 26 1 38 57 60 1 68 94 75 1 41 75 19 1 85 92 78 1 0 0 0 0 118 145 103 1 112 93 69 1 124 102 81 1 99 92 77 1 92 56 61 1 114 135 71 1 0 0 0 0 92 90 89 1 59 89 45 1 68 76 39 1 53 51 12 1 46 77 74 1 68 90 74 1 39 88 45 1 48 113 49 1
8 13 22 1 75 71 53 1 64 113 61 1 74 124 85 1 60 116 81 1 20 56 24 1 19 46 14 1 70 107 72 1 42 63 14 1 0 42 8 1 74 78 31 1 21 39 6 1 28 39 36 1 20 37 45 1 29 75 47 1 15 46 13 1 116 133 103 1 0 0 0 0 55 40 17 1 45 74 32 1 48 91 54 1 86 116 51 1 61 58 43 1 124 125 76 1 70 101 60 1 68 55 60 1 69 64 28 1 51 40 42 1 74 96 49 1 42 88 76 1 48 85 48 1 74 118 107 1 0 0 0 0 43 80 65 1 70 70 88 1 46 62 63 1 5 46 29 1 60 70 65 1 29 76 7 1 41 74 30 1 79 127 86 1 48 47 44 1 0 0 0 0 84 64 74 1 133 118 102 1 114 113 67 1 115 83 61 1 119 150 110 1 153 151 121 1 120 133 77 1 104 139 103 1 71 107 75 1 101 121 108 1 50 52 39 1 67 70 66 1 36 83 68 1 52 86 84 1 68 115 82 1 35 55 44 1 23 34 35 1
29 47 30 1 0 0 0 0 44 97 32 1 47 99 61 1 40 76 63 1 18 61 38 1 66 91 74 1 76 68 66 1 0 29 3 1 52 57 32 1 59 119 90 1 0 0 0 0 0 29 0 1 0 0 0 0 48 81 44 1 22 54 43 1 89 113 92 1 83 81 56 1 27 34 42 1 40 36 62 1 24 74 14 1 79 69 24 1 124 165 87 1 124 158 125 1 67 119 88 1 58 65 47 1 83 114 92 1 54 108 78 1 57 58 36 1 34 91 33 1 118 145 91 1 114 139 100 1 0 0 0 0 12 53 29 1 61 56 87 1 0 0 0 0 7 28 9 1 14 43 31 1 16 66 4 1 85 110 77 1 51 89 45 1 82 132 106 1 41 84 43 1 96 118 90 1 81 118 99 1 75 83 94 1 93 108 54 1 133 142 95 1 104 142 90 1 74 105 87 1 76 87 49 1 24 77 52 1 94 94 84 1 28 55 65 1 44 118 59 1 39 78 81 1 46 83 57 1 34 74 34 1 29 44 45 1 45 28 29 1
48 95 79 1 45 56 60 1 70 74 59 1 98 125 105 1 39 102 45 1 0 0 0 0 31 62 34 1 19 27 20 1 42 48 34 1 60 98 95 1 76 77 60 1 79 80 75 1 13 90 18 1 5 64 0 1 57 43 36 1 33 62 23 1 96 104 53 1 69 86 81 1 101 109 99 1 92 93 74 1 80 84 58 1 67 92 34 1 129 135 108 1 90 97 80 1 113 128 55 1 0 0 0 0 52 48 81 1 0 0 0 0 70 64 61 1 0 0 0 0 76 102 70 1 82 112 60 1 9 39 11 1 53 51 55 1 11 55 60 1 0 2 32 1 0 12 41 1 7 33 23 1 100 115 94 1 41 79 33 1 58 117 37 1 108 119 77 1 44 98 48 1 109 125 68 1 76 104 57 1 83 105 87 1 68 80 59 1 80 118 72 1 103 87 60 1 68 88 80 1 61 87 57 1 27 44 29 1 25 66 34 1 0 56 21 1 0 0 0 0 25 65 58 1 0 50 13 1 4 24 42 1 0 2 0 1 7 32 11 1
89 82 104 1 108 119 82 1 65 54 54 1 73 104 79 1 93 123 78 1 53 85 38 1 0 0 0 0 67 40 45 1 66 78 77 1 59 120 55 1 53 44 17 1 52 111 71 1 37 70 47 1 41 65 38 1 57 87 32 1 72 92 94 1 124 150 108 1 102 155 128 1 54 118 72 1 59 111 67 1 91 132 76 1 135 151 137 1 110 126 93 1 93 120 82 1 60 88 35 1 30 63 20 1 54 99 41 1 64 105 77 1 78 110 72 1 84 101 43 1 58 68 31 1 18 45 27 1 16 20 15 1 0 0 0 0 0 0 0 0 0 0 16 1 41 44 28 1 77 111 76 1 0 0 0 0 87 94 31 1 46 83 63 1 78 99 59 1 82 107 79 1 54 108 75 1 78 102 95 1 17 51 25 1 46 87 34 1 89 115 72 1 84 108 58 1 0 0 0 0 0 0 0 0 0 33 0 1 0 32 0 1 15 80 45 1 0 0 0 0 9 32 24 1 0 10 6 1 21 25 8 1 0 0 0 0 0 0 0 0
27 66 54 1 56 71 51 1 72 87 73 1 63 63 52 1 79 114 85 1 0 0 0 0 55 74 80 1 80 88 50 1 58 77 58 1 24 37 15 1 24 80 28 1 9 45 11 1 16 22 0 1 31 40 17 1 77 100 37 1 116 116 61 1 64 94 67 1 66 66 45 1 76 88 77 1 62 67 76 1 47 92 56 1 80 121 52 1 102 151 74 1 94 144 100 1 98 119 72 1 35 68 51 1 33 98 29 1 64 126 79 1 0 0 0 0 45 72 60 1 45 67 62 1 34 22 42 1 0 0 0 0 51 76 42 1 50 53 61 1 63 92 92 1 95 91 98 1 84 109 102 1 72 90 76 1 44 76 45 1 24 54 34 1 0 0 0 0 93 81 72 1 97 150 87 1 40 84 33 1 67 84 78 1 0 0 0 0 124 132 131 1 59 64 50 1 24 43 1 1 16 47 1 1 0 0 0 0 52 117 49 1 0 0 0 0 65 94 98 1 8 56 32 1 0 8 16 1 0 26 32 1 0 18 22 1 0 13 26 1
4 11 25 1 15 40 47 1 38 76 60 1 28 64 56 1 60 60 33 1 47 68 27 1 0 0 0 0 59 83 65 1 31 52 43 1 13 43 30 1 51 67 56 1 70 103 80 1 64 79 46 1 77 122 86 1 100 133 80 1 124 109 59 1 73 82 69 1 26 72 66 1 96 114 73 1 68 86 48 1 52 115 49 1 109 124 93 1 82 101 62 1 56 85 31 1 86 124 55 1 102 119 60 1 80 87 40 1 106 111 72 1 99 108 94 1 73 111 84 1 81 81 79 1 61 74 79 1 44 94 78 1 88 115 81 1 67 81 74 1 104 147 93 1 106 122 112 1 31 91 61 1 58 54 46 1 47 107 64 1 93 96 100 1 0 0 0 0 82 119 91 1 69 82 66 1 56 71 57 1 17 67 27 1 22 41 62 1 23 16 0 1 0 33 0 1 64 97 62 1 77 123 74 1 60 78 71 1 62 110 94 1 30 77 48 1 5 16 36 1 0 22 38 1 29 15 16 1 38 31 25 1 0 0 0 0 0 0 0 0
4 43 46 1 0 31 38 1 13 46 0 1 5 16 20 1 18 57 34 1 20 48 33 1 47 74 40 1 3 23 26 1 23 10 16 1 0 48 37 1 0 20 12 1 59 108 63 1 87 158 97 1 99 103 131 1 0 0 0 0 109 120 103 1 70 96 65 1 72 112 77 1 68 78 60 1 0 0 0 0 64 105 87 1 122 154 101 1 69 108 93 1 0 0 0 0 48 76 43 1 94 124 96 1 59 100 64 1 83 79 53 1 0 0 0 0 42 77 26 1 12 39 18 1 70 77 92 1 145 153 134 1 108 116 98 1 40 68 17 1 48 49 59 1 38 73 55 1 0 0 0 0 57 88 80 1 96 107 94 1 83 92 69 1 83 117 80 1 0 0 0 0 82 131 108 1 50 103 79 1 0 0 0 0 60 87 64 1 88 77 53 1 81 113 56 1 59 101 57 1 51 110 61 1 44 89 51 1 81 73 70 1 0 0 0 0 4 29 26 1 0 30 6 1 7 38 28 1 20 29 28 1 35 44 38 1 66 98 69 1
18 5 0 1 0 20 11 1 0 47 28 1 13 23 43 1 20 53 47 1 26 43 28 1 10 24 29 1 0 27 29 1 0 0 0 0 26 30 17 1 9 0 20 1 0 26 18 1 0 0 0 0 65 88 83 1 69 114 120 1 94 112 110 1 93 130 69 1 93 91 69 1 25 56 31 1 31 63 18 1 24 80 61 1 20 89 51 1 28 58 58 1 40 51 30 1 0 0 0 0 75 96 83 1 0 0 0 0 86 102 65 1 38 92 43 1 3 32 3 1 0 18 0 1 63 73 57 1 187 184 161 1 145 177 141 1 161 176 171 1 132 152 139 1 79 109 90 1 83 102 106 1 0 0 0 0 58 91 54 1 76 102 67 1 47 89 59 1 0 0 0 0 0 0 0 0 48 97 60 1 62 128 72 1 45 78 48 1 85 92 73 1 61 77 71 1 33 61 64 1 45 92 75 1 40 62 19 1 13 53 33 1 0 38 18 1 24 12 10 1 32 74 38 1 57 102 70 1 89 97 100 1 88 91 87 1 89 93 71 1
7 39 17 1 39 65 77 1 17 54 53 1 11 43 51 1 12 33 50 1 0 0 0 0 19 20 50 1 18 28 42 1 0 7 15 1 0 50 7 1 3 59 35 1 51 64 86 1 76 93 83 1 53 111 90 1 62 102 112 1 70 110 77 1 62 85 76 1 23 65 11 1 11 66 22 1 45 33 44 1 56 101 73 1 98 113 97 1 0 0 0 0 78 108 76 1 57 87 59 1 0 32 39 1 18 45 25 1 0 0 0 0 11 40 34 1 0 33 22 1 8 24 0 1 56 62 45 1 47 97 56 1 45 68 14 1 66 94 68 1 111 138 101 1 112 121 85 1 0 0 0 0 56 89 45 1 50 77 56 1 48 85 25 1 82 90 70 1 40 97 32 1 20 78 50 1 66 88 39 1 49 75 29 1 51 106 43 1 0 0 0 0 53 80 73 1 35 68 77 1 45 84 77 1 24 32 16 1 9 19 36 1 0 23 20 1 7 10 0 1 18 54 0 1 13 48 18 1 34 90 34 1 0 0 0 0 0 42 4 1
31 86 58 1 56 109 94 1 12 66 50 1 0 0 0 0 1 30 33 1 14 17 26 1 0 3 30 1 0 38 12 1 1 32 46 1 7 14 48 1 26 30 27 1 20 75 53 1 47 75 52 1 0 0 0 0 41 63 43 1 53 94 59 1 0 0 0 0 77 110 77 1 0 0 0 0 54 102 92 1 48 101 79 1 71 89 68 1 28 85 70 1 0 0 0 0 37 51 31 1 32 71 40 1 52 77 49 1 0 0 0 0 24 12 34 1 0 9 22 1 0 0 0 0 49 81 45 1 94 102 62 1 73 116 77 1 97 131 77 1 0 0 0 0 118 140 112 1 0 0 0 0 25 66 39 1 60 88 47 1 69 88 76 1 73 95 108 1 55 127 74 1 63 87 45 1 76 123 37 1 57 106 51 1 81 97 33 1 0 0 0 0 25 68 21 1 46 71 49 1 28 34 40 1 0 11 0 1 0 5 0 1 0 0 0 0 0 30 0 1 24 45 35 1 22 83 27 1 50 74 15 1 61 113 51 1 71 107 59 1
21 57 13 1 23 51 52 1 6 31 38 1 0 38 24 1 8 33 41 1 0 0 0 0 0 19 18 1 36 13 40 1 0 27 43 1 13 39 43 1 9 29 18 1 17 41 56 1 77 80 75 1 62 90 61 1 39 67 30 1 64 74 37 1 43 101 46 1 13 86 61 1 55 66 53 1 50 94 29 1 0 0 11 1 0 19 0 1 10 31 49 1 0 28 0 1 5 9 28 1 16 43 44 1 38 50 66 1 0 17 19 1 0 0 0 0 8 10 0 1 0 0 0 0 61 103 69 1 71 55 34 1 95 92 50 1 80 99 51 1 74 91 72 1 87 108 88 1 88 126 84 1 70 102 83 1 63 73 46 1 60 86 71 1 0 0 0 0 36 85 39 1 45 85 70 1 54 97 60 1 53 98 66 1 27 88 46 1 42 72 55 1 23 36 23 1 4 34 25 1 0 10 15 1 0 14 21 1 17 24 12 1 3 28 0 1 55 63 34 1 0 0 0 0 70 101 74 1 32 77 15 1 45 113 71 1 76 113 76 1
18 62 45 1 17 33 13 1 0 0 11 1 25 25 12 1 0 33 0 1 0 0 0 0 37 50 31 1 6 34 57 1 0 23 0 1 8 36 57 1 16 18 19 1 10 36 35 1 0 0 0 0 42 45 20 1 9 61 17 1 24 50 0 1 15 40 18 1 16 73 37 1 26 53 18 1 13 25 9 1 0 19 5 1 10 23 34 1 0 21 22 1 0 33 0 1 0 0 0 0 0 7 31 1 0 11 0 1 2 35 30 1 18 75 68 1 76 105 88 1 94 108 88 1 32 88 59 1 62 140 76 1 81 97 43 1 42 93 42 1 71 117 59 1 58 107 71 1 62 86 47 1 62 94 62 1 68 97 56 1 73 118 76 1 94 96 62 1 68 106 73 1 0 0 0 0 76 101 70 1 69 120 75 1 17 63 0 1 0 7 0 1 0 27 0 1 3 31 7 1 14 0 14 1 3 32 21 1 3 50 8 1 35 74 67 1 88 114 72 1 69 90 68 1 16 39 39 1 71 117 38 1 29 101 58 1 10 33 10 1
15 33 21 1 15 2 13 1 3 21 18 1 0 14 0 1 2 10 27 1 70 93 93 1 68 88 85 1 2 21 12 1 12 29 27 1 8 39 22 1 0 10 0 1 0 10 0 1 0 24 0 1 0 22 20 1 11 23 0 1 0 30 0 1 0 28 0 1 0 0 0 0 0 43 11 1 16 42 7 1 0 6 41 1 13 27 9 1 10 2 9 1 32 20 21 1 0 0 0 0 15 17 10 1 14 41 0 1 0 0 0 0 97 113 72 1 137 148 124 1 12 44 13 1 45 64 43 1 87 84 33 1 48 70 40 1 63 82 61 1 93 123 101 1 110 87 68 1 34 67 24 1 7 51 24 1 33 61 35 1 53 78 86 1 58 84 64 1 47 88 59 1 85 110 88 1 40 58 38 1 45 61 57 1 0 23 20 1 16 25 12 1 0 45 16 1 0 57 22 1 0 39 13 1 23 57 30 1 58 94 91 1 101 106 104 1 77 102 74 1 0 0 0 0 68 102 64 1 31 83 72 1 45 83 31 1 46 42 28 1
15 43 29 1 36 92 57 1 25 32 37 1 7 1 0 1 57 48 50 1 0 0 0 0 30 71 36 1 5 28 50 1 0 0 0 0 0 41 15 1 0 32 26 1 12 32 7 1 0 0 21 1 1 5 0 1 12 28 46 1 29 23 14 1 5 17 11 1 0 12 0 1 0 0 0 1 24 17 25 1 0 0 0 0 8 0 2 1 0 37 38 1 15 22 30 1 36 72 48 1 29 43 33 1 38 58 62 1 87 95 64 1 46 75 57 1 30 47 45 1 36 52 36 1 0 0 0 0 57 89 38 1 44 88 50 1 51 92 52 1 45 102 73 1 42 78 66 1 48 77 66 1 0 36 15 1 50 64 29 1 67 91 75 1 76 82 39 1 65 103 62 1 77 121 98 1 37 67 69 1 67 92 76 1 12 23 34 1 0 38 32 1 0 26 17 1 20 68 5 1 10 39 15 1 64 101 78 1 93 117 96 1 76 81 67 1 30 68 47 1 27 75 37 1 42 68 44 1 26 94 58 1 45 56 29 1 42 41 41 1
54 67 74 1 0 0 0 0 9 0 10 1 0 47 47 1 91 88 82 1 60 71 68 1 18 18 0 1 15 27 54 1 5 64 51 1 4 20 20 1 20 24 9 1 49 68 73 1 35 66 64 1 5 17 9 1 0 21 24 1 10 44 23 1 12 0 6 1 0 0 51 1 1 5 28 1 0 20 15 1 0 19 40 1 19 51 2 1 72 118 88 1 76 102 59 1 18 31 1 1 43 51 24 1 78 88 87 1 86 118 73 1 40 68 33 1 34 41 27 1 8 33 7 1 1 29 0 1 0 19 9 1 68 83 73 1 64 100 59 1 54 65 68 1 49 94 63 1 57 77 80 1 14 38 21 1 54 62 47 1 94 118 87 1 55 100 84 1 77 93 57 1 0 0 0 0 54 65 67 1 0 0 0 0 8 15 0 1 5 5 17 1 0 40 26 1 0 8 0 1 57 110 53 1 51 100 86 1 75 100 54 1 36 71 28 1 52 83 26 1 38 76 50 1 64 72 62 1 0 0 0 0 34 52 25 1 37 37 24 1
70 80 70 1 35 72 62 1 0 24 0 1 26 38 8 1 63 83 45 1 16 27 19 1 13 44 9 1 7 48 46 1 2 24 8 1 11 15 16 1 19 51 7 1 23 22 36 1 0 0 0 0 0 30 26 1 4 45 42 1 23 32 18 1 19 3 28 1 4 38 28 1 0 39 23 1 10 14 10 1 16 23 28 1 47 58 26 1 40 86 65 1 37 101 27 1 0 44 24 1 0 0 0 0 102 121 106 1 99 113 58 1 57 84 25 1 2 27 18 1 53 70 49 1 0 0 0 0 50 82 50 1 49 114 102 1 54 84 76 1 83 100 72 1 62 118 84 1 35 70 50 1 28 12 11 1 0 0 0 0 69 114 67 1 50 76 52 1 82 105 51 1 25 51 17 1 16 34 14 1 0 36 0 1 7 37 11 1 0 18 6 1 13 17 8 1 18 79 26 1 82 118 105 1 57 100 64 1 38 61 43 1 55 86 58 1 0 0 0 0 27 55 0 1 35 67 31 1 65 94 63 1 0 35 17 1 12 79 52 1
9 73 0 1 0 48 12 1 23 39 28 1 36 42 35 1 52 76 75 1 26 23 48 1 0 0 9 1 77 79 53 1 2 1 0 1 0 7 25 1 0 6 18 1 0 6 12 1 0 35 42 1 0 28 3 1 7 19 34 1 0 24 58 1 1 18 10 1 0 4 11 1 0 30 0 1 0 0 0 0 2 40 12 1 12 14 0 1 94 97 86 1 81 98 71 1 71 104 72 1 53 84 49 1 44 70 66 1 44 47 43 1 0 22 0 1 25 48 0 1 53 106 40 1 64 108 72 1 86 115 74 1 31 76 29 1 0 62 9 1 33 88 43 1 65 101 79 1 18 52 75 1 0 44 19 1 18 17 12 1 12 41 41 1 0 37 0 1 5 41 3 1 0 21 16 1 10 27 9 1 17 53 44 1 26 21 39 1 2 15 18 1 0 30 26 1 31 52 42 1 54 63 52 1 76 105 65 1 35 68 27 1 15 42 26 1 39 47 24 1 29 28 30 1 15 52 23 1 0 49 29 1 37 59 62 1 0 0 0 0
6 64 44 1 23 46 29 1 0 52 12 1 4 17 11 1 42 57 36 1 0 0 0 0 0 10 18 1 38 34 47 1 23 21 68 1 37 43 27 1 15 51 54 1 16 36 23 1 36 64 17 1 2 15 15 1 0 19 4 1 0 28 0 1 0 7 37 1 29 55 12 1 8 51 41 1 21 59 35 1 6 57 34 1 15 62 14 1 0 0 0 0 103 100 99 1 45 62 54 1 1 23 0 1 0 12 0 1 0 30 3 1 16 39 22 1 58 67 69 1 41 73 15 1 61 109 62 1 75 79 69 1 51 83 74 1 51 63 64 1 21 77 55 1 27 61 39 1 13 1 5 1 0 0 0 0 22 31 16 1 45 77 37 1 57 58 60 1 18 57 30 1 0 23 6 1 0 0 0 0 53 90 91 1 19 20 30 1 0 23 0 1 65 128 78 1 143 152 112 1 93 140 90 1 92 91 78 1 0 56 7 1 6 53 12 1 21 33 25 1 2 22 0 1 5 20 11 1 0 37 0 1 29 71 15 1 28 53 35 1
0 59 40 1 47 94 53 1 27 20 0 1 0 15 0 1 58 86 40 1 67 93 87 1 13 52 13 1 0 13 1 1 40 37 31 1 16 56 33 1 37 42 36 1 26 65 32 1 63 92 42 1 6 51 44 1 15 7 0 1 25 27 7 1 0 24 25 1 59 80 52 1 49 65 47 1 48 85 57 1 17 78 28 1 51 78 40 1 114 141 117 1 62 96 56 1 5 20 13 1 6 41 27 1 28 72 75 1 0 0 0 0 12 83 15 1 51 84 42 1 2 18 0 1 0 0 0 0 35 89 56 1 85 123 85 1 74 83 59 1 28 69 66 1 17 73 50 1 12 48 19 1 7 53 49 1 6 57 0 1 20 19 12 1 37 76 63 1 44 89 41 1 0 21 29 1 0 0 0 0 74 92 90 1 0 0 0 0 0 0 0 0 104 100 121 1 76 93 54 1 55 67 45 1 0 0 0 0 11 26 5 1 11 12 15 1 16 31 8 1 0 0 0 0 18 40 34 1 23 7 5 1 42 63 56 1 2 57 47 1
31 82 25 1 90 90 77 1 12 50 31 1 0 44 0 1 22 15 29 1 61 56 39 1 6 38 15 1 37 61 34 1 46 70 42 1 0 0 0 0 0 21 9 1 7 34 0 1 38 71 24 1 0 58 2 1 16 30 0 1 51 55 20 1 50 42 41 1 0 0 0 0 46 75 31 1 39 77 37 1 73 81 88 1 65 75 50 1 30 47 41 1 16 45 25 1 0 38 23 1 48 59 60 1 44 76 62 1 32 70 14 1 1 43 48 1 0 0 0 0 0 43 31 1 35 64 6 1 59 100 73 1 0 0 0 0 35 68 41 1 0 0 0 0 44 67 52 1 7 27 12 1 6 18 22 1 24 44 40 1 14 26 37 1 1 14 59 1 21 44 48 1 28 92 78 1 1 13 23 1 49 87 65 1 12 31 8 1 5 17 0 1 71 83 49 1 76 114 93 1 61 89 46 1 80 50 59 1 62 99 92 1 114 125 65 1 56 63 54 1 11 40 9 1 16 42 22 1 9 31 26 1 44 73 49 1 18 69 48 1
60 92 60 1 54 89 51 1 30 43 7 1 7 45 27 1 59 81 55 1 44 69 21 1 24 19 2 1 42 58 19 1 10 50 0 1 61 73 36 1 45 71 28 1 41 21 19 1 59 48 40 1 41 49 8 1 54 64 44 1 114 89 73 1 62 95 66 1 111 107 79 1 46 81 89 1 55 77 62 1 43 88 71 1 0 0 0 0 13 10 8 1 4 37 20 1 13 45 54 1 18 48 33 1 18 37 27 1 16 22 15 1 12 15 8 1 73 131 81 1 33 55 82 1 35 71 72 1 30 62 49 1 12 43 16 1 23 61 1 1 3 59 6 1 0 27 9 1 1 11 18 1 17 3 0 1 2 3 0 1 9 10 33 1 13 13 34 1 7 41 42 1 0 0 0 0 0 0 0 0 3 30 11 1 0 11 9 1 37 64 44 1 50 15 11 1 53 67 0 1 98 125 62 1 30 59 29 1 0 0 0 0 0 0 0 0 79 128 82 1 85 129 99 1 57 66 66 1 54 87 42 1 108 112 112 1 67 81 95 1
72 99 53 1 40 86 44 1 30 69 11 1 11 41 11 1 65 63 21 1 34 39 29 1 16 23 0 1 110 130 92 1 42 98 76 1 36 43 6 1 36 31 6 1 43 47 17 1 102 109 86 1 111 125 122 1 81 108 88 1 81 65 58 1 106 121 77 1 62 108 51 1 48 61 52 1 0 0 0 0 5 21 12 1 0 9 0 1 3 72 31 1 22 66 39 1 0 0 0 0 0 29 16 1 15 60 27 1 0 0 0 0 1 5 12 1 49 67 66 1 0 0 0 0 20 71 51 1 0 0 0 0 6 9 11 1 18 43 7 1 8 30 0 1 7 41 15 1 16 78 22 1 0 0 0 0 0 23 9 1 7 15 0 1 15 17 35 1 8 30 49 1 26 44 56 1 21 90 82 1 26 37 39 1 18 6 9 1 0 0 0 0 42 85 38 1 45 61 22 1 133 145 111 1 0 0 0 0 0 29 0 1 12 18 0 1 16 34 0 1 78 68 51 1 26 52 38 1 0 0 0 0 81 77 67 1 0 0 0 0
72 80 63 1 68 62 68 1 29 55 26 1 29 60 15 1 20 43 8 1 24 68 20 1 11 24 14 1 90 102 67 1 68 90 54 1 14 44 1 1 51 63 38 1 89 114 77 1 109 122 73 1 94 109 62 1 39 50 14 1 103 123 79 1 125 113 77 1 39 53 12 1 13 53 24 1 0 20 15 1 0 18 15 1 20 27 43 1 0 0 0 0 0 30 41 1 21 27 22 1 33 21 34 1 47 66 79 1 45 74 51 1 22 32 26 1 6 57 47 1 47 49 56 1 0 0 0 0 5 2 45 1 0 19 27 1 8 14 8 1 1 62 17 1 56 80 37 1 70 100 45 1 62 101 64 1 67 75 42 1 49 73 38 1 20 28 23 1 0 58 0 1 1 0 14 1 20 52 40 1 53 96 59 1 3 10 3 1 0 0 0 0 0 0 0 0 59 103 56 1 123 140 102 1 46 90 43 1 26 65 20 1 26 38 12 1 0 0 0 0 0 27 0 1 0 18 5 1 11 23 0 1 12 23 0 1 32 43 22 1
0 0 0 0 0 0 0 0 39 46 30 1 54 75 58 1 10 19 4 1 44 68 44 1 46 64 9 1 63 34 59 1 35 60 24 1 87 89 49 1 129 136 100 1 153 155 107 1 88 89 73 1 76 78 37 1 66 72 14 1 58 71 26 1 84 124 55 1 49 86 64 1 11 62 14 1 8 32 0 1 0 0 0 0 14 49 33 1 9 15 13 1 14 45 37 1 0 0 0 0 0 20 8 1 0 0 0 0 44 48 31 1 7 29 0 1 18 40 46 1 0 33 50 1 21 0 28 1 0 1 28 1 24 18 15 1 20 42 6 1 65 69 51 1 70 82 31 1 57 108 30 1 115 132 66 1 96 135 60 1 106 135 81 1 88 69 92 1 12 11 25 1 15 18 24 1 2 27 0 1 0 0 0 0 2 17 0 1 59 63 44 1 104 106 93 1 76 98 44 1 71 86 88 1 39 42 26 1 8 35 9 1 0 28 42 1 27 49 23 1 35 22 11 1 19 15 19 1 36 39 0 1 0 0 0 0 31 28 30 1
101 104 121 1 99 122 94 1 35 34 24 1 0 0 0 0 51 76 21 1 90 118 56 1 120 115 59 1 116 144 88 1 0 0 0 0 103 139 101 1 122 118 99 1 133 121 72 1 108 114 66 1 117 114 71 1 121 136 61 1 77 108 46 1 56 46 11 1 19 62 9 1 25 47 23 1 27 28 0 1 0 0 0 0 22 39 41 1 9 26 55 1 3 37 16 1 0 0 0 0 28 36 13 1 41 57 44 1 43 83 64 1 42 73 55 1 0 23 17 1 0 0 0 0 23 26 25 1 0 25 14 1 19 31 45 1 59 76 65 1 39 74 59 1 82 88 54 1 97 114 73 1 92 104 80 1 109 128 67 1 89 149 77 1 92 121 73 1 64 86 42 1 65 61 52 1 0 37 27 1 0 30 36 1 22 18 21 1 36 46 39 1 85 129 102 1 97 103 86 1 47 54 48 1 19 12 30 1 0 41 9 1 0 25 10 1 0 45 29 1 0 34 16 1 7 29 21 1 26 53 29 1 9 43 12 1 57 93 71 1
82 87 70 1 0 0 0 0 63 69 7 1 93 83 87 1 108 137 100 1 105 171 102 1 107 121 81 1 94 117 53 1 76 105 83 1 141 140 75 1 117 123 66 1 100 115 47 1 77 125 61 1 71 74 46 1 98 122 67 1 90 137 75 1 99 109 84 1 58 72 42 1 0 43 6 1 4 43 8 1 6 36 29 1 0 1 0 1 11 52 68 1 0 14 15 1 0 16 0 1 21 33 15 1 28 60 49 1 22 51 14 1 46 52 51 1 0 2 15 1 1 42 48 1 19 40 28 1 0 0 0 0 46 68 62 1 92 78 85 1 97 106 62 1 87 107 68 1 62 84 42 1 94 120 90 1 0 0 0 0 68 119 44 1 0 0 0 0 86 99 71 1 68 76 61 1 0 28 7 1 1 17 2 1 0 0 0 0 115 106 103 1 75 94 94 1 54 71 54 1 78 83 32 1 0 19 22 1 2 52 29 1 12 28 10 1 0 0 0 0 14 32 23 1 1 34 34 1 4 49 0 1 48 68 50 1 120 142 175 1
21 37 26 1 61 41 18 1 102 96 81 1 109 108 83 1 99 115 75 1 85 137 67 1 82 118 67 1 102 116 76 1 123 138 71 1 120 144 109 1 103 116 52 1 47 82 30 1 58 84 46 1 0 0 0 0 51 109 50 1 61 96 79 1 69 72 42 1 62 93 43 1 33 50 10 1 0 5 11 1 21 52 47 1 0 0 0 0 4 21 62 1 19 24 12 1 0 25 16 1 23 35 14 1 65 79 43 1 3 64 14 1 0 0 0 0 0 9 17 1 0 0 0 0 28 47 24 1 40 75 44 1 70 83 68 1 99 112 74 1 103 121 79 1 121 110 80 1 122 154 87 1 83 107 74 1 73 100 65 1 38 47 20 1 19 53 13 1 51 99 68 1 61 106 57 1 42 52 31 1 29 47 51 1 67 83 80 1 59 51 80 1 6 29 0 1 0 0 0 0 51 58 49 1 63 84 56 1 95 111 115 1 18 37 31 1 2 21 0 1 0 0 0 0 0 28 26 1 0 0 0 0 41 62 40 1 105 96 85 1
67 39 7 1 82 82 54 1 134 124 82 1 104 93 25 1 83 105 47 1 118 124 77 1 89 79 60 1 108 137 87 1 0 0 0 0 0 0 0 0 86 56 23 1 56 40 27 1 31 58 33 1 0 0 0 0 58 116 68 1 69 51 55 1 31 61 17 1 80 112 52 1 76 102 56 1 0 66 11 1 11 40 25 1 0 21 11 1 14 31 33 1 2 26 12 1 0 0 0 0 62 103 49 1 96 119 64 1 72 119 72 1 58 68 42 1 16 41 10 1 70 100 77 1 82 85 57 1 69 142 57 1 79 74 43 1 62 97 16 1 118 125 66 1 99 127 77 1 104 141 98 1 40 37 32 1 0 0 0 0 7 28 0 1 0 26 21 1 35 49 43 1 29 39 40 1 3 30 36 1 0 32 5 1 22 65 28 1 0 0 0 0 56 112 66 1 115 164 118 1 74 126 90 1 113 115 97 1 93 105 71 1 0 17 17 1 31 78 60 1 66 106 72 1 1 44 22 1 0 21 38 1 2 10 0 1 0 0 0 0
93 83 67 1 0 0 0 0 108 146 68 1 107 123 62 1 0 0 0 0 129 118 83 1 0 0 0 0 67 84 54 1 91 91 56 1 118 124 62 1 48 90 40 1 36 49 0 1 74 107 70 1 35 80 16 1 27 22 7 1 16 29 8 1 4 36 8 1 12 52 16 1 82 90 78 1 42 63 32 1 0 0 0 0 0 21 17 1 21 21 41 1 14 34 3 1 0 0 0 0 3 62 40 1 26 49 41 1 67 78 57 1 0 0 0 0 22 15 0 1 42 70 35 1 89 76 25 1 80 123 61 1 95 113 59 1 51 62 38 1 0 0 0 0 69 52 35 1 23 51 24 1 0 22 0 1 6 3 42 1 14 19 48 1 2 44 19 1 22 34 24 1 26 30 3 1 0 0 0 0 28 58 41 1 54 77 42 1 15 67 0 1 23 69 6 1 45 76 68 1 84 108 79 1 41 78 45 1 65 82 56 1 69 69 49 1 52 82 59 1 35 60 27 1 0 5 7 1 14 20 2 1 0 3 8 1 0 0 0 0
116 117 53 1 0 0 0 0 126 139 88 1 128 150 111 1 141 138 75 1 0 0 0 0 69 61 24 1 54 74 37 1 114 99 90 1 107 93 72 1 48 70 16 1 53 91 36 1 103 134 86 1 84 109 72 1 0 4 13 1 11 69 8 1 0 7 6 1 16 47 0 1 0 0 0 0 74 99 51 1 19 53 20 1 26 34 46 1 26 36 13 1 84 72 85 1 86 94 48 1 70 95 73 1 0 0 0 0 0 38 2 1 30 61 41 1 40 84 48 1 23 60 21 1 65 85 70 1 69 101 54 1 62 50 37 1 35 49 35 1 72 81 60 1 56 88 78 1 81 114 120 1 48 49 60 1 20 46 43 1 0 18 19 1 13 11 6 1 12 16 12 1 0 0 18 1 0 26 11 1 38 73 58 1 91 100 71 1 75 96 32 1 8 55 0 1 40 55 38 1 44 63 29 1 77 119 53 1 83 81 52 1 31 71 28 1 1 42 43 1 16 19 19 1 7 31 18 1 0 9 16 1 14 34 25 1 0 22 7 1
78 140 101 1 139 116 87 1 109 119 107 1 141 134 92 1 0 0 0 0 104 114 45 1 80 116 27 1 100 110 67 1 112 127 79 1 105 112 43 1 26 62 41 1 109 128 76 1 84 96 102 1 82 83 55 1 27 72 61 1 12 29 39 1 19 18 0 1 0 0 0 1 32 32 31 1 69 52 39 1 51 82 47 1 53 78 55 1 30 18 15 1 21 62 54 1 95 99 62 1 103 115 48 1 74 112 65 1 48 37 25 1 24 69 30 1 73 98 38 1 0 0 0 0 71 84 68 1 79 102 68 1 52 97 48 1 20 70 19 1 41 74 57 1 19 40 28 1 66 71 85 1 24 63 44 1 2 52 21 1 13 35 21 1 61 85 58 1 47 77 87 1 3 39 47 1 26 23 5 1 47 23 0 1 58 107 74 1 87 80 68 1 27 96 42 1 63 76 29 1 74 93 43 1 79 67 81 1 51 54 38 1 27 52 11 1 38 60 46 1 59 38 23 1 0 11 0 1 0 8 22 1 0 0 0 0 70 99 101 1
24 71 17 1 80 77 55 1 80 101 56 1 73 112 29 1 76 107 29 1 95 103 59 1 96 98 60 1 0 0 0 0 78 75 49 1 0 0 0 0 70 76 13 1 30 76 32 1 33 50 27 1 47 60 37 1 0 11 6 1 9 21 0 1 32 19 13 1 35 57 22 1 86 85 68 1 67 78 22 1 90 105 39 1 18 56 16 1 34 39 0 1 0 0 0 0 91 112 78 1 67 84 54 1 87 88 76 1 56 81 67 1 56 46 48 1 76 76 53 1 99 124 70 1 77 116 53 1 74 112 32 1 68 62 36 1 0 0 0 0 29 54 52 1 12 63 32 1 47 73 50 1 82 75 60 1 0 36 19 1 0 0 0 0 0 30 0 1 1 38 3 1 12 32 26 1 19 35 0 1 1 47 0 1 17 67 42 1 102 107 76 1 73 122 86 1 51 95 30 1 0 0 0 0 0 0 0 0 0 0 0 0 9 17 7 1 0 19 0 1 0 38 0 1 0 0 34 1 0 0 0 0 0 9 9 1 2 2 32 1
84 118 79 1 126 109 101 1 0 0 0 0 114 71 40 1 120 97 61 1 84 118 64 1 51 71 43 1 78 93 72 1 68 70 58 1 42 23 13 1 0 53 4 1 34 57 42 1 56 89 38 1 52 70 58 1 0 32 0 1 12 55 39 1 38 41 20 1 18 48 13 1 88 89 50 1 0 0 0 0 48 40 40 1 10 44 12 1 52 74 65 1 124 121 91 1 0 0 0 0 78 91 64 1 64 84 62 1 68 82 43 1 32 69 43 1 58 97 43 1 37 83 18 1 55 84 60 1 69 101 33 1 58 104 48 1 48 76 44 1 71 97 49 1 32 66 33 1 26 68 39 1 38 49 29 1 10 27 31 1 15 52 18 1 37 57 22 1 24 24 33 1 78 83 84 1 56 88 54 1 52 77 48 1 15 41 25 1 46 79 21 1 68 114 74 1 0 0 0 0 86 128 85 1 0 0 0 0 86 92 74 1 63 118 61 1 4 14 6 1 11 6 0 1 7 31 0 1 27 49 15 1 49 80 36 1 25 56 34 1
103 114 115 1 101 132 76 1 118 109 61 1 43 16 4 1 39 46 28 1 52 43 39 1 69 74 47 1 102 91 78 1 74 75 31 1 19 0 0 1 20 56 23 1 34 88 48 1 10 20 0 1 37 62 8 1 49 104 52 1 120 139 110 1 50 30 51 1 16 22 4 1 43 67 44 1 75 112 70 1 74 92 37 1 70 92 34 1 109 132 110 1 118 118 61 1 45 89 29 1 91 91 39 1 73 75 32 1 80 99 39 1 71 98 48 1 0 0 0 0 46 70 21 1 89 70 33 1 29 77 20 1 53 69 36 1 67 68 58 1 91 103 74 1 5 49 6 1 29 53 10 1 34 43 57 1 41 80 16 1 69 97 95 1 35 48 38 1 31 4 21 1 89 102 92 1 0 0 0 0 49 84 82 1 45 24 43 1 14 58 28 1 29 52 17 1 39 83 66 1 74 123 107 1 89 118 83 1 92 109 84 1 69 71 67 1 7 39 12 1 24 64 34 1 66 56 76 1 66 102 88 1 0 0 0 0 97 139 120 1
94 84 55 1 93 82 56 1 76 81 78 1 31 17 8 1 43 45 9 1 0 0 0 0 86 93 56 1 65 85 59 1 53 41 1 1 21 50 6 1 0 0 0 0 42 68 41 1 28 46 45 1 88 114 109 1 0 0 0 0 53 52 57 1 0 9 0 1 59 47 42 1 66 51 54 1 73 130 79 1 58 66 40 1 39 58 31 1 6 70 10 1 63 66 24 1 78 107 43 1 0 0 0 0 69 103 35 1 0 0 0 0 100 132 62 1 0 0 0 0 71 96 54 1 70 111 54 1 30 53 0 1 0 2 10 1 39 65 17 1 100 99 65 1 71 80 65 1 0 0 0 0 0 0 0 0 78 112 79 1 67 80 74 1 64 77 43 1 29 67 12 1 75 91 95 1 101 71 65 1 0 0 0 0 2 15 0 1 2 43 3 1 33 46 18 1 0 0 0 0 0 29 17 1 37 49 29 1 0 0 0 0 0 0 0 0 60 73 63 1 44 32 0 1 34 58 28 1 27 55 8 1 87 126 82 1 116 144 125 1
0 0 0 0 65 105 79 1 0 0 0 0 0 17 8 1 54 60 26 1 106 124 61 1 115 140 92 1 96 110 46 1 86 112 70 1 78 127 95 1 97 109 99 1 42 51 44 1 0 0 0 0 91 110 77 1 73 90 69 1 29 42 48 1 0 0 0 0 0 0 4 1 24 47 19 1 131 138 115 1 100 122 76 1 89 117 75 1 13 59 0 1 64 83 35 1 104 126 78 1 119 145 107 1 86 88 41 1 100 124 64 1 87 91 51 1 61 87 28 1 100 116 96 1 135 114 100 1 92 129 73 1 74 107 73 1 75 74 50 1 65 72 59 1 0 0 0 0 78 70 60 1 0 0 0 0 0 0 0 0 13 35 10 1 100 108 66 1 77 126 106 1 29 51 22 1 24 62 65 1 0 10 17 1 0 58 49 1 7 15 12 1 13 44 3 1 0 0 0 0 28 38 52 1 0 0 0 0 0 39 15 1 14 76 19 1 0 0 0 0 30 30 0 1 17 12 0 1 21 11 0 1 0 52 10 1 14 14 17 1
40 80 40 1 91 74 89 1 44 74 31 1 20 20 24 1 59 50 45 1 73 84 48 1 56 61 26 1 80 103 35 1 0 0 0 0 125 168 81 1 48 74 59 1 47 62 33 1 113 133 106 1 93 100 72 1 0 0 0 0 84 100 77 1 23 64 0 1 5 17 0 1 0 38 7 1 53 76 17 1 76 114 81 1 99 125 103 1 47 81 29 1 76 114 50 1 88 77 50 1 0 0 0 0 79 107 59 1 102 145 68 1 79 92 39 1 84 111 51 1 116 113 39 1 60 109 80 1 27 56 16 1 76 96 30 1 109 133 94 1 77 97 48 1 76 95 66 1 108 93 91 1 42 41 0 1 20 47 35 1 58 21 31 1 89 110 77 1 37 51 39 1 0 7 0 1 0 0 0 0 15 71 32 1 55 102 67 1 92 90 88 1 7 44 35 1 60 63 52 1 55 85 63 1 8 19 20 1 28 46 49 1 59 64 31 1 44 71 50 1 75 98 75 1 42 64 60 1 0 34 0 1 17 18 27 1 23 67 17 1
79 63 66 1 100 120 104 1 41 67 34 1 66 50 51 1 77 73 81 1 51 100 37 1 99 90 64 1 81 125 116 1 108 114 66 1 63 75 37 1 41 100 40 1 103 100 95 1 65 85 60 1 48 72 42 1 84 111 43 1 80 112 86 1 55 73 61 1 29 60 40 1 17 33 10 1 38 61 24 1 99 84 75 1 49 80 29 1 81 93 61 1 103 112 84 1 0 0 0 0 0 0 0 0 0 0 0 0 94 105 56 1 40 65 45 1 0 0 0 0 82 78 50 1 58 89 62 1 84 93 58 1 90 114 69 1 83 133 75 1 44 77 54 1 0 0 0 0 82 123 44 1 39 73 46 1 65 86 54 1 35 33 35 1 16 45 37 1 18 48 17 1 0 16 17 1 23 41 18 1 2 16 29 1 0 0 0 0 0 23 22 1 0 10 29 1 36 72 49 1 0 0 0 0 15 16 0 1 52 55 49 1 45 91 90 1 51 77 49 1 78 87 68 1 70 113 84 1 55 103 88 1 74 90 76 1 39 55 56 1
78 112 95 1 64 71 78 1 43 72 60 1 0 0 0 0 52 84 67 1 91 107 60 1 99 131 79 1 0 0 0 0 0 0 0 0 0 0 0 0 62 87 62 1 87 120 84 1 92 96 66 1 84 113 72 1 102 134 96 1 67 92 55 1 65 83 77 1 0 0 0 0 28 26 19 1 79 83 39 1 52 78 54 1 15 41 0 1 89 100 63 1 0 0 0 0 90 94 59 1 82 101 85 1 76 121 90 1 0 0 0 0 47 108 42 1 70 84 80 1 69 126 64 1 0 0 0 0 109 124 80 1 85 102 89 1 91 101 50 1 54 91 48 1 74 111 64 1 50 76 38 1 0 0 0 0 0 0 0 0 1 32 1 1 15 21 11 1 14 43 41 1 9 19 13 1 0 10 0 1 11 25 35 1 0 0 0 0 0 32 6 1 21 46 39 1 51 50 32 1 44 69 50 1 0 25 0 1 0 22 0 1 72 59 61 1 80 98 82 1 50 76 66 1 0 0 0 0 59 106 68 1 68 108 62 1 72 113 73 1
2 43 45 1 0 21 0 1 43 62 40 1 22 64 44 1 37 101 49 1 68 86 76 1 74 116 73 1 45 69 39 1 0 0 0 0 7 40 4 1 28 56 0 1 51 55 37 1 0 58 9 1 23 85 34 1 59 95 37 1 69 94 83 1 87 102 70 1 56 77 36 1 31 70 20 1 32 38 30 1 0 0 0 0 79 100 50 1 75 97 50 1 58 68 38 1 110 125 52 1 119 126 74 1 102 120 86 1 29 36 15 1 0 0 0 0 100 128 94 1 87 94 88 1 75 110 74 1 0 0 0 0 0 0 0 0 72 113 79 1 81 113 62 1 7 34 13 1 6 9 0 1 34 38 21 1 102 122 103 1 34 75 57 1 0 33 56 1 24 38 33 1 0 6 16 1 12 40 43 1 0 28 11 1 0 0 0 0 33 33 26 1 25 40 24 1 23 43 15 1 9 23 33 1 0 18 0 1 0 6 0 1 19 43 13 1 0 12 0 1 0 21 0 1 57 57 68 1 63 117 84 1 93 116 56 1 0 0 0 0
23 41 37 1 19 81 73 1 0 0 0 0 22 57 35 1 36 53 49 1 37 68 82 1 25 80 70 1 22 47 38 1 42 58 48 1 63 92 84 1 68 88 97 1 58 75 77 1 27 50 28 1 20 53 53 1 35 83 51 1 0 0 0 0 103 83 82 1 56 81 41 1 42 80 55 1 34 67 24 1 14 44 0 1 80 83 62 1 0 0 0 0 45 36 31 1 28 59 21 1 99 111 71 1 0 0 0 0 51 38 29 1 41 73 13 1 128 155 129 1 75 78 20 1 62 110 83 1 38 76 37 1 19 42 2 1 22 51 11 1 38 50 0 1 1 62 0 1 0 0 0 0 110 135 143 1 98 121 82 1 57 52 59 1 48 43 42 1 14 34 33 1 11 11 39 1 28 10 0 1 18 39 18 1 8 43 18 1 29 55 68 1 36 48 42 1 14 45 38 1 11 55 18 1 0 25 23 1 18 37 33 1 35 65 66 1 15 36 49 1 11 36 13 1 25 51 30 1 42 84 35 1 83 116 72 1 90 116 56 1
0 0 0 0 0 57 50 1 29 73 85 1 19 56 55 1 14 67 53 1 27 59 47 1 44 76 56 1 47 59 50 1 0 0 0 0 25 64 30 1 0 0 0 0 0 0 0 0 35 108 56 1 64 71 60 1 22 44 23 1 17 44 21 1 33 79 33 1 44 57 59 1 0 0 0 0 63 77 79 1 34 36 27 1 9 21 13 1 39 58 4 1 47 60 18 1 37 56 32 1 41 68 43 1 116 109 71 1 71 91 64 1 67 73 39 1 80 100 70 1 0 0 0 0 71 63 70 1 18 57 29 1 45 41 1 1 0 0 0 0 28 28 0 1 0 0 0 0 80 120 91 1 78 119 65 1 56 67 42 1 0 0 0 0 5 57 18 1 0 0 0 0 15 24 9 1 31 30 13 1 0 25 3 1 0 48 30 1 27 33 44 1 0 48 24 1 19 36 0 1 0 25 16 1 0 0 0 0 21 32 29 1 5 26 26 1 5 21 0 1 29 32 29 1 12 24 13 1 47 64 34 1 55 92 42 1 91 137 92 1
19 50 53 1 16 80 47 1 0 0 0 0 0 0 0 0 0 0 0 0 49 38 59 1 47 36 67 1 26 61 28 1 3 22 32 1 0 9 10 1 0 13 39 1 33 73 54 1 32 45 44 1 0 0 0 0 29 16 24 1 14 50 6 1 0 41 4 1 0 62 0 1 0 25 0 1 4 25 46 1 27 33 36 1 0 13 0 1 10 31 21 1 43 59 18 1 56 106 61 1 0 0 0 0 102 127 129 1 97 114 60 1 76 110 59 1 121 126 146 1 95 95 33 1 78 96 53 1 64 101 62 1 0 0 0 0 78 101 55 1 53 115 52 1 54 102 44 1 0 0 0 0 0 0 0 0 58 79 45 1 7 36 30 1 5 11 0 1 22 22 26 1 33 41 28 1 76 70 56 1 54 89 91 1 13 27 20 1 0 0 0 0 37 39 7 1 1 28 18 1 0 0 0 0 0 12 3 1 37 27 14 1 48 56 32 1 17 49 43 1 0 0 0 0 20 10 2 1 25 49 41 1 60 102 57 1 46 86 39 1
33 60 46 1 35 65 76 1 53 93 79 1 66 76 63 1 36 85 60 1 16 51 41 1 26 23 16 1 18 12 28 1 3 0 24 1 0 17 15 1 6 58 9 1 52 79 50 1 47 86 35 1 11 49 24 1 0 25 13 1 7 25 4 1 16 2 1 1 10 30 48 1 0 31 29 1 14 42 60 1 0 46 29 1 0 47 4 1 40 16 27 1 14 27 32 1 0 0 0 0 29 49 36 1 25 35 19 1 23 44 0 1 50 66 30 1 88 90 39 1 111 134 104 1 158 152 131 1 25 25 16 1 50 59 30 1 121 83 88 1 114 122 83 1 142 151 113 1 77 120 86 1 51 70 59 1 41 46 27 1 0 5 1 1 0 0 0 0 19 44 35 1 42 21 54 1 85 100 51 1 84 115 67 1 0 0 0 0 4 54 24 1 39 43 25 1 0 0 0 0 0 43 17 1 0 24 0 1 0 39 23 1 9 9 21 1 15 16 14 1 0 0 0 0 46 66 69 1 0 0 0 0 8 70 24 1 29 94 55 1
65 75 59 1 54 78 48 1 80 77 95 1 42 82 30 1 43 81 42 1 19 30 34 1 10 10 14 1 4 23 6 1 11 74 41 1 60 90 66 1 62 101 83 1 63 89 92 1 82 102 38 1 8 40 46 1 0 47 9 1 1 14 22 1 27 33 12 1 20 32 31 1 1 26 0 1 0 26 0 1 2 9 20 1 6 40 27 1 27 61 46 1 9 61 36 1 65 65 30 1 83 108 73 1 124 149 120 1 206 226 175 1 115 139 135 1 38 48 10 1 64 44 36 1 84 94 77 1 138 104 114 1 110 121 74 1 58 64 51 1 83 101 85 1 108 142 113 1 76 92 76 1 54 63 44 1 30 45 36 1 30 51 26 1 51 61 51 1 42 57 31 1 49 60 32 1 87 108 78 1 29 63 21 1 0 0 0 0 10 13 0 1 18 59 32 1 5 47 33 1 20 37 33 1 18 28 0 1 61 78 51 1 26 51 31 1 23 40 0 1 0 40 11 1 42 65 46 1 12 27 0 1 0 32 0 1 0 0 0 0
38 83 61 1 0 0 0 0 0 50 26 1 0 0 0 0 20 17 43 1 21 19 15 1 0 8 5 1 0 60 14 1 0 0 0 0 31 71 49 1 50 92 100 1 8 41 12 1 24 58 35 1 15 57 21 1 19 9 36 1 10 63 33 1 8 46 19 1 0 41 0 1 19 38 31 1 0 16 37 1 7 45 57 1 63 84 67 1 67 74 86 1 41 79 42 1 67 85 59 1 67 91 58 1 0 0 0 0 56 48 40 1 29 63 47 1 93 96 53 1 0 0 0 0 46 82 38 1 9 27 0 1 0 0 0 0 94 101 86 1 127 142 110 1 110 115 81 1 64 90 49 1 33 42 22 1 65 86 40 1 64 80 68 1 54 78 45 1 61 58 30 1 26 47 37 1 60 80 49 1 50 55 23 1 0 0 0 0 0 0 0 0 41 50 43 1 16 55 61 1 0 0 0 0 0 28 15 1 82 111 76 1 84 102 59 1 49 74 44 1 60 66 56 1 10 38 23 1 6 23 13 1 59 70 56 1 0 0 0 0
42 64 66 1 0 0 0 0 0 23 0 1 4 23 9 1 13 31 40 1 32 73 62 1 44 58 46 1 41 44 25 1 0 0 0 0 20 54 37 1 46 63 72 1 1 28 9 1 0 39 8 1 34 59 32 1 0 18 0 1 0 0 0 0 56 66 43 1 0 34 22 1 12 1 17 1 15 40 0 1 0 38 2 1 0 0 0 0 53 81 59 1 0 0 0 0 61 85 62 1 51 77 35 1 73 90 74 1 37 41 36 1 16 39 8 1 70 81 94 1 22 39 5 1 0 57 0 1 83 117 80 1 52 64 58 1 24 51 5 1 75 111 45 1 52 103 46 1 63 93 57 1 25 59 35 1 53 68 10 1 44 73 43 1 38 76 25 1 69 85 48 1 74 74 57 1 72 65 55 1 82 104 75 1 60 84 35 1 0 0 0 0 5 0 9 1 9 42 42 1 6 25 18 1 16 31 0 1 58 72 67 1 34 63 41 1 36 71 62 1 0 0 0 0 0 26 11 1 27 23 52 1 27 30 37 1 32 3 26 1
35 69 43 1 16 40 42 1 4 7 46 1 1 47 23 1 18 54 19 1 51 21 26 1 5 18 41 1 0 24 38 1 35 41 42 1 22 17 20 1 36 65 57 1 0 31 31 1 0 19 0 1 17 62 41 1 0 0 0 0 0 0 0 0 56 65 60 1 2 43 42 1 9 50 12 1 17 49 6 1 46 69 60 1 57 85 64 1 100 95 95 1 59 95 71 1 38 85 49 1 35 49 25 1 0 31 30 1 7 0 0 1 12 22 0 1 0 5 11 1 3 40 32 1 13 68 21 1 85 129 75 1 78 119 68 1 55 75 40 1 73 97 81 1 67 65 51 1 33 48 9 1 33 22 28 1 65 94 45 1 36 103 42 1 25 74 6 1 60 60 33 1 83 88 61 1 99 126 88 1 78 69 56 1 21 38 12 1 0 18 0 1 0 29 14 1 2 5 13 1 22 38 1 1 0 32 29 1 24 83 61 1 0 37 0 1 0 0 0 0 34 54 38 1 14 0 0 1 0 25 49 1 0 8 33 1 2 24 0 1
44 63 39 1 0 36 48 1 4 9 9 1 40 56 73 1 24 44 64 1 21 50 25 1 26 32 30 1 44 30 32 1 0 0 0 0 13 25 22 1 28 30 21 1 0 11 0 1 4 8 4 1 21 36 40 1 30 71 42 1 31 57 28 1 43 48 39 1 0 65 21 1 30 95 46 1 74 98 54 1 77 102 92 1 94 128 77 1 47 97 54 1 0 18 6 1 9 16 0 1 15 43 18 1 0 1 0 1 0 50 11 1 46 38 55 1 12 23 22 1 19 57 19 1 33 76 22 1 23 34 14 1 27 76 37 1 32 74 42 1 62 115 55 1 39 49 23 1 25 83 46 1 0 0 0 0 63 96 67 1 57 73 31 1 23 52 42 1 87 80 69 1 106 98 70 1 92 94 70 1 98 136 58 1 56 84 52 1 11 34 6 1 0 5 3 1 18 54 19 1 0 0 0 0 1 40 11 1 0 38 0 1 0 48 4 1 39 84 35 1 38 52 15 1 22 11 54 1 19 40 27 1 0 33 19 1 0 10 31 1
17 44 27 1 0 14 19 1 17 54 25 1 0 0 0 0 0 23 30 1 0 25 2 1 19 52 41 1 10 41 27 1 5 14 0 1 16 37 21 1 22 48 13 1 2 29 6 1 17 9 0 1 0 40 50 1 43 53 44 1 0 0 0 0 13 51 18 1 0 41 10 1 0 0 0 0 89 115 48 1 68 115 78 1 55 45 49 1 0 9 3 1 43 57 29 1 12 34 36 1 25 44 28 1 0 0 0 1 0 34 40 1 39 64 59 1 0 29 37 1 31 25 25 1 30 64 52 1 41 94 66 1 38 37 10 1 12 54 27 1 49 43 42 1 31 43 0 1 20 72 4 1 47 94 26 1 19 45 0 1 40 67 27 1 30 56 32 1 18 57 12 1 54 66 30 1 105 115 96 1 99 132 75 1 86 73 77 1 15 41 25 1 33 23 9 1 0 12 16 1 7 15 0 1 0 0 0 0 26 59 51 1 14 35 15 1 3 45 12 1 10 26 26 1 0 0 0 0 6 3 21 1 36 43 15 1 41 65 59 1
0 0 0 0 6 33 34 1 14 19 37 1 45 39 57 1 5 25 24 1 26 44 42 1 0 0 0 0 21 23 11 1 20 25 39 1 41 40 43 1 17 48 33 1 0 21 11 1 11 21 6 1 5 43 13 1 15 31 35 1 9 47 36 1 0 0 0 0 16 32 8 1 54 86 63 1 103 116 83 1 104 129 78 1 3 34 11 1 21 45 11 1 28 51 55 1 3 25 12 1 0 0 0 0 33 50 51 1 40 89 44 1 24 38 29 1 0 0 2 1 25 75 61 1 49 97 79 1 96 137 78 1 0 0 0 0 36 73 61 1 21 66 43 1 0 0 0 0 19 59 32 1 51 82 34 1 35 64 27 1 0 0 0 0 52 118 68 1 0 0 0 0 62 72 68 1 0 0 0 0 84 114 42 1 96 133 84 1 62 69 69 1 0 0 0 0 10 35 28 1 32 67 20 1 43 93 53 1 46 77 34 1 10 24 2 1 0 33 6 1 0 0 0 0 0 36 41 1 8 42 41 1 28 34 34 1 27 51 36 1
36 48 17 1 4 20 47 1 0 0 0 0 30 35 15 1 0 17 14 1 59 66 67 1 92 101 84 1 53 87 50 1 58 68 46 1 0 0 0 0 5 23 29 1 0 19 9 1 31 55 12 1 0 19 23 1 8 20 26 1 14 33 31 1 15 16 32 1 12 35 2 1 14 58 21 1 76 123 69 1 0 0 0 0 0 18 9 1 45 47 20 1 21 19 14 1 29 35 59 1 0 27 0 1 10 79 36 1 51 69 57 1 8 40 18 1 0 0 0 0 103 92 77 1 84 111 65 1 82 102 73 1 37 77 30 1 24 42 0 1 8 60 43 1 0 0 0 0 43 88 80 1 36 73 46 1 0 0 0 0 48 34 34 1 33 55 39 1 40 76 16 1 68 82 55 1 100 107 63 1 41 76 18 1 52 40 25 1 0 0 0 0 71 71 50 1 0 0 0 0 52 84 52 1 84 60 52 1 26 64 25 1 0 0 0 0 55 68 22 1 44 91 17 1 63 48 51 1 51 58 45 1 9 53 0 1 0 35 20 1
29 27 36 1 33 21 51 1 0 39 42 1 0 27 23 1 7 40 25 1 0 0 0 0 45 99 55 1 30 59 30 1 96 93 82 1 41 77 47 1 17 30 14 1 0 25 18 1 13 64 38 1 0 0 0 0 0 0 0 0 0 36 31 1 8 33 26 1 0 0 0 0 42 60 42 1 59 98 59 1 22 36 0 1 25 51 36 1 29 39 16 1 40 35 33 1 0 0 0 0 9 30 28 1 46 60 54 1 64 69 37 1 60 66 38 1 122 126 101 1 70 112 86 1 79 100 54 1 71 92 51 1 7 49 18 1 0 31 26 1 41 66 38 1 39 73 14 1 11 27 26 1 21 37 27 1 0 13 7 1 0 30 1 1 0 64 15 1 23 58 19 1 58 87 50 1 67 73 56 1 58 76 44 1 40 56 16 1 21 51 12 1 89 93 68 1 89 121 45 1 75 97 39 1 88 93 61 1 107 110 57 1 67 87 26 1 104 107 59 1 115 121 71 1 97 92 66 1 84 96 63 1 34 76 46 1 32 27 4 1
14 17 17 1 25 17 11 1 2 52 29 1 5 34 14 1 12 30 36 1 39 6 18 1 14 46 23 1 0 0 0 0 88 118 88 1 50 61 67 1 17 48 6 1 4 14 0 1 11 45 18 1 0 0 0 0 23 39 30 1 0 35 41 1 11 27 28 1 0 31 0 1 58 93 38 1 36 62 23 1 0 23 0 1 54 68 41 1 25 26 28 1 25 32 12 1 35 50 48 1 63 66 66 1 16 35 41 1 26 44 1 1 43 57 15 1 0 0 0 0 116 110 58 1 78 114 63 1 92 90 75 1 35 54 27 1 19 80 65 1 41 79 42 1 4 63 23 1 45 73 61 1 44 88 71 1 39 56 46 1 53 74 41 1 44 80 73 1 4 34 43 1 41 52 37 1 78 115 70 1 0 0 0 0 62 70 42 1 57 68 25 1 111 129 94 1 79 90 67 1 92 91 65 1 101 137 54 1 112 127 100 1 130 102 67 1 125 97 94 1 140 126 79 1 0 0 0 0 85 86 81 1 54 79 51 1 0 0 0 0
26 52 13 1 16 42 0 1 12 45 40 1 0 42 23 1 17 15 8 1 0 0 0 0 61 64 34 1 38 83 62 1 75 101 64 1 0 0 0 0 17 44 24 1 0 34 5 1 0 42 40 1 2 41 21 1 0 0 0 0 1 25 46 1 11 35 41 1 37 57 49 1 26 53 25 1 41 63 31 1 28 52 4 1 38 31 0 1 26 37 0 1 27 30 4 1 133 141 110 1 0 0 0 0 0 0 0 0 29 63 5 1 74 96 28 1 95 66 68 1 51 105 61 1 0 0 0 0 72 95 77 1 68 86 55 1 106 138 118 1 70 57 39 1 49 73 43 1 0 0 0 0 82 99 90 1 71 71 33 1 39 44 27 1 12 21 4 1 2 19 7 1 0 0 0 0 80 126 86 1 65 91 77 1 75 92 43 1 61 88 86 1 62 113 54 1 105 125 55 1 97 105 49 1 98 111 48 1 82 96 66 1 86 105 24 1 84 74 49 1 71 94 64 1 96 109 68 1 68 93 72 1 0 0 0 0 0 10 0 1
53 61 45 1 57 82 51 1 68 97 87 1 0 0 0 0 0 35 0 1 0 20 1 1 2 17 27 1 0 0 0 0 25 71 38 1 68 95 63 1 41 39 13 1 26 53 31 1 32 36 35 1 25 23 24 1 0 41 24 1 10 47 28 1 8 1 19 1 34 58 46 1 38 39 26 1 48 87 61 1 0 0 0 0 35 43 53 1 48 75 58 1 95 89 89 1 139 136 107 1 107 130 112 1 45 59 24 1 74 83 42 1 92 131 75 1 83 94 35 1 67 120 50 1 93 102 34 1 70 92 53 1 69 81 80 1 0 0 0 0 44 85 38 1 64 67 51 1 63 101 71 1 72 91 120 1 40 67 48 1 0 48 0 1 0 0 0 0 0 45 7 1 14 72 27 1 67 64 64 1 53 88 52 1 71 98 42 1 116 129 97 1 59 99 64 1 88 108 48 1 0 0 0 0 90 104 59 1 73 63 14 1 74 69 19 1 97 107 64 1 95 90 60 1 85 55 36 1 34 58 39 1 16 53 9 1 28 11 0 1
56 60 48 1 52 86 51 1 39 56 21 1 37 42 22 1 0 12 21 1 0 27 1 1 11 26 5 1 0 29 0 1 29 56 54 1 97 94 119 1 49 49 53 1 17 30 38 1 0 0 0 0 24 31 21 1 0 0 0 0 0 47 33 1 3 18 9 1 0 0 0 0 44 82 27 1 52 67 56 1 73 81 67 1 51 69 0 1 100 81 68 1 15 61 30 1 104 98 55 1 126 157 96 1 0 0 0 0 39 51 0 1 91 124 67 1 0 0 0 0 62 85 64 1 82 100 55 1 66 86 43 1 47 57 50 1 90 116 70 1 89 96 80 1 55 64 50 1 88 105 62 1 69 123 81 1 61 91 58 1 25 44 5 1 0 7 0 1 7 56 0 1 12 35 29 1 44 52 21 1 41 80 25 1 43 86 54 1 88 86 82 1 83 83 43 1 89 98 58 1 78 82 36 1 63 59 38 1 76 87 56 1 67 103 46 1 91 90 59 1 53 81 59 1 18 58 0 1 0 0 0 0 29 46 10 1 42 62 61 1
48 94 53 1 58 67 15 1 17 41 34 1 4 27 0 1 0 28 0 1 33 74 22 1 3 48 14 1 32 28 14 1 22 45 40 1 108 123 92 1 93 59 47 1 16 25 29 1 10 0 28 1 3 37 0 1 17 27 12 1 20 47 37 1 19 56 44 1 17 38 57 1 23 39 23 1 32 40 33 1 83 106 68 1 97 146 85 1 143 131 104 1 123 127 93 1 106 102 40 1 125 151 80 1 72 107 76 1 97 106 66 1 0 0 0 0 38 57 38 1 62 73 25 1 72 59 32 1 93 78 34 1 63 94 68 1 79 89 55 1 74 103 64 1 50 61 27 1 61 85 54 1 70 84 62 1 102 125 55 1 86 88 42 1 0 0 0 0 52 76 46 1 23 42 30 1 28 57 36 1 12 0 0 1 3 37 12 1 19 69 3 1 53 81 27 1 79 85 47 1 91 128 63 1 78 99 47 1 0 0 0 0 71 76 26 1 62 84 43 1 65 82 16 1 53 60 67 1 88 149 109 1 63 88 59 1 26 40 15 1
36 73 25 1 20 54 21 1 0 42 6 1 2 31 13 1 16 40 28 1 72 67 43 1 0 0 0 0 3 48 23 1 14 24 15 1 70 115 66 1 45 34 30 1 0 0 0 0 2 28 15 1 0 0 0 0 28 48 56 1 30 59 45 1 27 27 40 1 19 37 32 1 0 0 0 0 81 98 108 1 143 133 105 1 135 152 122 1 0 0 0 0 116 138 99 1 103 138 74 1 0 0 0 0 24 19 0 1 46 51 21 1 48 77 25 1 62 83 24 1 111 98 57 1 65 85 65 1 104 86 29 1 68 65 69 1 85 89 50 1 36 81 32 1 34 70 37 1 63 99 42 1 24 66 31 1 50 69 41 1 74 81 67 1 70 105 86 1 66 80 52 1 15 28 10 1 0 0 0 0 8 52 24 1 19 82 42 1 52 76 36 1 48 78 44 1 0 0 0 0 85 68 33 1 77 93 48 1 90 100 75 1 34 62 28 1 65 60 21 1 78 81 40 1 115 87 103 1 41 92 65 1 20 51 35 1 3 31 40 1
4 20 6 1 8 4 0 1 2 33 32 1 0 51 37 1 36 56 88 1 58 104 58 1 56 62 53 1 71 77 64 1 0 0 0 0 76 95 74 1 10 43 39 1 0 9 0 1 31 38 48 1 47 75 68 1 32 59 65 1 42 61 54 1 0 0 0 0 34 78 23 1 115 114 69 1 130 118 92 1 0 0 0 0 108 129 72 1 124 123 90 1 150 156 98 1 127 154 103 1 87 104 77 1 74 92 46 1 84 99 54 1 91 118 69 1 80 91 78 1 80 99 66 1 59 88 60 1 66 99 58 1 90 105 84 1 92 106 82 1 83 104 52 1 80 81 37 1 71 68 61 1 21 33 13 1 26 53 49 1 70 72 45 1 63 81 64 1 82 95 70 1 0 0 0 0 24 60 32 1 53 73 49 1 116 125 102 1 129 146 101 1 82 95 30 1 94 111 44 1 53 88 33 1 79 112 44 1 0 0 0 0 45 83 14 1 72 88 25 1 76 133 61 1 92 120 92 1 0 0 0 0 14 6 12 1 1 36 22 1
12 26 30 1 0 29 13 1 27 31 7 1 3 41 27 1 42 52 41 1 64 49 31 1 20 27 17 1 35 58 21 1 0 0 0 0 48 57 58 1 13 21 20 1 0 17 12 1 49 70 67 1 79 103 90 1 44 85 45 1 0 0 0 0 72 79 18 1 96 115 52 1 162 151 101 1 147 171 105 1 179 200 151 1 134 163 82 1 167 161 127 1 0 0 0 0 103 107 38 1 48 79 16 1 74 79 46 1 85 122 70 1 74 104 78 1 80 84 81 1 59 99 48 1 25 57 12 1 56 61 21 1 83 100 63 1 75 79 53 1 72 111 76 1 66 98 88 1 43 92 63 1 52 96 42 1 61 63 50 1 48 73 55 1 60 75 65 1 0 0 0 0 89 107 93 1 14 67 18 1 0 0 0 0 58 76 9 1 93 88 62 1 0 0 0 0 53 93 71 1 73 78 44 1 73 92 68 1 97 125 66 1 58 49 10 1 80 95 62 1 62 83 57 1 50 67 50 1 0 28 20 1 24 62 37 1 62 89 46 1
24 61 40 1 3 34 20 1 0 9 8 1 0 0 0 0 12 47 43 1 23 24 21 1 20 17 11 1 0 31 36 1 21 69 50 1 31 72 28 1 0 52 56 1 23 59 22 1 27 33 7 1 29 63 72 1 67 72 35 1 39 41 31 1 79 73 49 1 94 133 80 1 145 119 98 1 165 165 111 1 0 0 0 0 105 126 48 1 0 0 0 0 85 92 60 1 118 136 51 1 100 112 73 1 69 94 66 1 92 123 63 1 0 0 0 0 104 114 89 1 45 65 16 1 48 58 55 1 63 71 30 1 113 125 79 1 72 89 50 1 85 102 73 1 101 111 92 1 77 84 51 1 0 41 0 1 18 24 10 1 24 62 19 1 13 25 36 1 0 0 0 0 52 75 68 1 0 72 18 1 0 0 0 0 0 0 0 0 64 60 0 1 59 80 39 1 68 109 76 1 61 112 29 1 98 126 88 1 130 187 91 1 63 76 52 1 132 158 99 1 96 100 54 1 0 0 0 0 4 42 5 1 0 0 0 0 26 100 17 1
55 67 72 1 40 46 59 1 0 55 22 1 14 35 36 1 0 0 0 0 33 34 43 1 4 35 16 1 0 24 29 1 0 31 3 1 45 93 39 1 0 40 34 1 1 47 31 1 67 80 59 1 66 121 85 1 59 64 45 1 45 40 22 1 156 132 109 1 106 134 77 1 103 142 90 1 170 211 124 1 119 142 55 1 0 0 0 0 84 91 46 1 103 111 27 1 97 75 43 1 78 95 33 1 125 123 93 1 83 102 59 1 61 53 41 1 91 120 90 1 66 87 23 1 25 35 7 1 48 66 30 1 0 0 0 0 76 81 29 1 79 128 83 1 79 77 86 1 55 91 67 1 105 122 85 1 51 124 76 1 12 32 0 1 0 0 0 0 45 58 41 1 95 110 65 1 75 94 97 1 0 0 0 0 0 0 0 0 0 0 0 0 46 60 26 1 40 86 23 1 37 85 15 1 96 153 92 1 151 163 131 1 23 57 15 1 39 71 39 1 73 82 77 1 50 59 55 1 0 0 0 1 0 17 0 1 0 0 0 0
41 62 49 1 11 29 39 1 0 32 27 1 11 42 32 1 0 35 13 1 16 11 28 1 0 23 0 1 0 0 0 0 11 18 2 1 8 22 13 1 49 60 55 1 0 0 0 0 71 109 99 1 51 63 64 1 70 55 65 1 0 0 0 0 199 181 153 1 227 237 161 1 183 176 133 1 154 142 83 1 33 63 0 1 54 72 11 1 91 100 26 1 71 95 40 1 101 84 34 1 101 126 74 1 139 142 109 1 105 111 85 1 77 72 45 1 83 89 36 1 67 72 29 1 64 102 55 1 50 84 39 1 91 163 92 1 116 142 108 1 120 131 102 1 89 86 67 1 58 85 50 1 95 116 89 1 106 118 99 1 16 59 32 1 0 0 0 0 42 53 56 1 68 77 54 1 0 0 0 0 66 87 54 1 99 140 135 1 97 123 75 1 4 3 0 1 7 58 6 1 54 79 44 1 123 114 91 1 121 126 112 1 63 51 25 1 53 88 49 1 48 111 72 1 7 79 29 1 0 26 12 1 0 20 34 1 10 28 24 1
41 99 60 1 0 38 8 1 25 35 10 1 9 39 26 1 0 14 12 1 0 15 10 1 8 22 13 1 5 35 17 1 0 0 0 0 0 0 0 0 0 0 0 0 80 125 57 1 41 63 49 1 32 41 25 1 62 62 32 1 113 78 66 1 128 83 70 1 106 99 44 1 0 0 0 0 0 0 0 0 64 97 33 1 68 80 38 1 0 0 0 0 105 104 71 1 108 134 76 1 138 166 113 1 94 118 66 1 75 108 34 1 95 92 55 1 65 70 21 1 101 82 51 1 123 147 108 1 107 127 82 1 204 221 169 1 120 116 112 1 73 108 55 1 53 63 37 1 45 82 16 1 111 119 83 1 0 0 0 0 95 113 83 1 54 71 57 1 79 97 76 1 37 62 37 1 11 51 22 1 7 34 12 1 35 71 28 1 54 112 74 1 2 39 0 1 12 15 0 1 2 25 16 1 47 45 63 1 82 104 66 1 23 68 27 1 57 59 38 1 22 58 34 1 55 80 51 1 14 19 12 1 5 38 0 1 2 46 14 1
85 74 39 1 0 0 0 0 49 47 56 1 5 53 19 1 0 46 14 1 1 34 1 1 0 40 0 1 0 13 11 1 40 23 22 1 108 129 137 1 86 75 92 1 61 61 30 1 22 53 6 1 98 69 67 1 173 181 133 1 208 209 164 1 153 140 114 1 144 155 111 1 155 170 98 1 124 154 80 1 138 146 79 1 109 108 78 1 176 176 159 1 131 157 135 1 105 163 99 1 142 147 90 1 81 116 44 1 50 72 31 1 0 0 0 0 48 88 32 1 97 108 58 1 96 135 90 1 147 175 136 1 216 253 223 1 119 143 96 1 123 153 92 1 74 109 71 1 34 67 22 1 81 93 62 1 108 134 99 1 104 120 111 1 109 130 114 1 39 89 69 1 13 27 0 1 13 29 25 1 70 99 53 1 97 68 86 1 57 73 74 1 0 0 0 0 27 66 35 1 1 20 15 1 8 11 18 1 0 0 0 0 98 108 94 1 128 124 95 1 74 114 49 1 0 42 4 1 42 64 37 1 42 63 21 1 0 21 21 1
64 91 56 1 54 68 43 1 20 39 33 1 2 46 25 1 18 30 41 1 0 26 2 1 10 8 15 1 43 55 26 1 72 99 56 1 47 51 34 1 43 31 32 1 31 33 10 1 104 129 92 1 208 243 158 1 194 201 140 1 0 0 0 0 151 112 49 1 163 174 95 1 132 128 83 1 124 116 100 1 149 115 79 1 80 93 36 1 113 94 74 1 54 47 46 1 99 104 61 1 66 92 53 1 0 0 0 0 100 104 54 1 102 90 43 1 97 96 50 1 86 63 28 1 104 73 62 1 120 98 100 1 116 142 119 1 53 93 41 1 91 87 75 1 36 66 43 1 29 65 56 1 71 105 36 1 53 90 39 1 116 116 93 1 92 136 95 1 28 64 33 1 12 14 13 1 0 13 32 1 31 58 44 1 0 0 0 0 0 0 0 0 9 24 16 1 3 29 6 1 0 0 0 0 2 1 0 1 32 84 51 1 79 85 87 1 99 128 101 1 0 0 0 0 17 21 17 1 61 67 34 1 40 81 29 1 29 41 8 1
96 106 57 1 44 95 88 1 8 29 20 1 9 1 23 1 0 0 0 0 17 40 16 1 27 27 33 1 72 113 69 1 76 82 95 1 0 0 0 0 114 81 93 1 153 126 124 1 205 181 174 1 241 246 208 1 162 179 108 1 171 163 114 1 115 115 80 1 148 146 124 1 151 143 81 1 151 163 124 1 126 153 101 1 84 70 62 1 66 77 45 1 88 83 80 1 121 109 93 1 71 99 44 1 96 123 85 1 0 0 0 0 56 101 25 1 114 139 99 1 121 118 67 1 97 130 95 1 102 122 59 1 54 96 40 1 77 88 52 1 81 71 55 1 0 32 0 1 41 57 9 1 0 0 0 0 14 37 13 1 56 109 42 1 70 101 72 1 16 51 16 1 28 57 42 1 3 40 7 1 0 29 30 1 0 24 50 1 0 28 58 1 7 46 13 1 12 12 7 1 0 8 37 1 0 16 23 1 37 88 58 1 30 47 33 1 43 66 22 1 24 97 52 1 95 110 62 1 0 0 0 0 64 68 19 1 43 66 39 1
87 102 55 1 64 100 59 1 0 0 0 0 16 22 19 1 12 20 22 1 61 59 43 1 79 80 66 1 109 106 90 1 69 75 64 1 90 85 78 1 236 219 205 1 255 232 247 1 201 191 162 1 127 136 98 1 101 83 63 1 0 0 0 0 87 116 54 1 0 0 0 0 111 131 86 1 102 126 78 1 66 95 78 1 101 79 80 1 41 100 33 1 67 81 57 1 75 95 74 1 55 86 35 1 84 105 92 1 58 73 66 1 75 83 32 1 99 131 110 1 118 148 84 1 104 79 89 1 75 90 54 1 73 90 78 1 61 112 74 1 44 63 49 1 0 0 14 1 0 28 1 1 0 0 0 0 9 30 0 1 32 84 79 1 29 85 32 1 14 77 11 1 0 0 0 0 5 60 26 1 4 57 38 1 19 50 66 1 15 38 45 1 0 30 49 1 0 31 28 1 0 32 19 1 20 75 43 1 41 64 53 1 48 48 52 1 52 78 67 1 68 95 68 1 79 123 89 1 77 83 76 1 66 71 7 1 19 69 15 1
0 0 0 0 87 75 81 1 0 0 0 0 60 49 42 1 58 27 39 1 81 110 100 1 144 138 151 1 69 103 37 1 67 53 44 1 159 143 127 1 255 239 213 1 233 243 218 1 225 255 208 1 141 130 124 1 90 107 36 1 81 89 48 1 75 119 76 1 116 126 76 1 122 136 69 1 82 106 55 1 125 94 48 1 56 79 38 1 69 77 42 1 59 88 37 1 82 91 47 1 44 79 39 1 47 80 39 1 30 60 59 1 42 66 52 1 0 0 0 0 109 109 109 1 77 65 68 1 68 65 24 1 57 78 38 1 67 66 56 1 35 45 26 1 5 23 0 1 0 0 0 0 0 13 15 1 29 46 34 1 0 0 0 0 25 66 36 1 24 56 24 1 0 34 9 1 0 5 26 1 20 52 30 1 14 62 51 1 0 2 30 1 11 26 29 1 0 46 34 1 6 39 18 1 30 49 41 1 0 0 0 0 49 84 47 1 96 120 77 1 79 97 63 1 90 106 74 1 46 106 25 1 53 35 25 1 46 45 25 1