2
252 563 95 60
123 135 91 1 60 122 42 1 71 72 60 1 55 89 68 1 45 113 64 1 36 42 31 1 5 35 32 1 23 52 38 1 0 21 41 1 5 20 3 1 35 43 14 1 0 6 22 1 12 34 18 1 15 55 48 1 0 33 26 1 49 58 34 1 35 57 49 1 178 167 155 1 129 155 146 1 94 96 79 1 71 89 72 1 84 121 87 1 21 44 17 1 0 45 0 1 53 77 58 1 18 53 23 1 4 14 14 1 22 45 52 1 0 49 32 1 33 90 24 1 0 0 0 0 2 12 31 1 0 28 29 1 43 71 47 1 0 16 32 1 90 82 70 1 119 145 141 1 80 84 47 1 37 40 39 1 0 0 0 0 64 93 84 1 73 70 78 1 0 0 0 0 125 127 134 1 99 91 87 1 64 104 94 1 48 87 88 1 42 92 57 1 77 93 89 1 95 126 93 1 0 0 0 0 150 154 106 1 106 137 49 1 98 94 72 1 0 0 0 0 59 93 62 1 51 88 42 1 53 93 34 1 74 89 47 1 53 67 60 1
131 135 126 1 64 117 52 1 87 109 84 1 70 112 76 1 77 135 87 1 40 58 60 1 0 60 13 1 0 0 0 0 10 30 16 1 39 50 44 1 38 67 25 1 0 0 0 0 12 31 34 1 15 8 0 1 0 37 0 1 14 34 16 1 71 81 60 1 150 138 150 1 189 148 164 1 95 111 111 1 107 113 88 1 82 101 69 1 75 90 71 1 51 78 43 1 53 82 39 1 75 60 54 1 76 81 85 1 39 72 32 1 25 46 0 1 17 41 7 1 0 0 0 0 66 74 62 1 78 119 90 1 70 113 65 1 23 56 50 1 64 90 76 1 60 86 64 1 25 53 21 1 0 51 44 1 0 16 0 1 0 23 33 1 0 33 19 1 11 17 0 1 0 0 0 0 11 50 0 1 40 61 38 1 27 77 33 1 55 71 38 1 66 126 50 1 94 112 84 1 43 102 42 1 98 120 68 1 82 80 57 1 88 102 56 1 43 83 56 1 73 99 70 1 64 120 45 1 60 110 79 1 60 85 62 1 0 31 0 1
64 100 102 1 79 83 58 1 55 78 53 1 72 116 69 1 56 91 58 1 50 74 63 1 30 24 24 1 24 73 44 1 47 92 67 1 0 0 0 0 70 145 108 1 87 97 49 1 8 57 14 1 38 41 47 1 25 90 47 1 13 44 24 1 91 102 61 1 147 126 125 1 168 170 164 1 116 126 108 1 85 72 46 1 67 99 66 1 95 90 72 1 56 63 43 1 0 0 0 0 80 96 76 1 62 64 50 1 75 92 91 1 98 110 102 1 71 66 53 1 0 0 0 0 96 123 102 1 122 140 93 1 26 47 24 1 0 41 6 1 18 62 24 1 16 39 29 1 0 0 12 1 0 0 0 0 3 27 11 1 22 25 8 1 24 63 13 1 16 12 30 1 10 54 27 1 73 105 75 1 72 99 64 1 60 87 41 1 59 97 73 1 67 111 57 1 80 110 47 1 58 87 28 1 66 111 51 1 46 97 21 1 68 129 60 1 55 89 69 1 65 87 62 1 76 98 82 1 94 122 105 1 76 123 63 1 20 42 13 1
0 0 0 0 47 86 71 1 32 78 56 1 15 50 47 1 45 53 59 1 26 21 25 1 0 37 14 1 13 56 42 1 0 0 0 0 79 103 66 1 66 91 63 1 48 59 47 1 15 18 12 1 55 45 59 1 59 57 61 1 33 39 26 1 124 126 111 1 127 135 119 1 0 0 0 0 156 127 118 1 87 88 57 1 63 69 52 1 74 73 51 1 73 99 78 1 146 161 128 1 131 161 116 1 74 116 73 1 78 109 67 1 50 105 102 1 71 129 98 1 99 103 85 1 82 105 77 1 0 0 0 0 0 0 0 0 0 0 0 0 21 22 10 1 0 0 0 1 14 7 0 1 19 26 18 1 6 20 17 1 0 0 0 0 10 41 13 1 1 34 9 1 0 23 0 1 32 71 38 1 49 79 32 1 53 83 24 1 86 115 93 1 60 97 59 1 93 114 36 1 79 113 54 1 72 128 76 1 77 95 51 1 50 105 41 1 55 100 71 1 52 87 47 1 57 82 71 1 64 76 58 1 57 103 53 1 67 110 81 1
87 134 86 1 49 115 74 1 0 0 0 0 0 3 0 1 10 50 28 1 0 21 9 1 1 44 27 1 10 35 21 1 38 34 39 1 0 0 0 0 93 131 100 1 90 84 96 1 0 0 0 0 36 45 57 1 29 36 11 1 58 84 53 1 81 103 86 1 115 86 56 1 122 104 108 1 132 103 105 1 130 103 102 1 104 91 91 1 127 98 110 1 72 99 72 1 94 72 50 1 94 75 55 1 47 90 53 1 72 106 47 1 69 81 43 1 51 39 44 1 38 38 51 1 13 31 1 1 0 0 0 0 25 42 17 1 16 67 36 1 57 108 56 1 0 0 0 0 48 79 38 1 29 67 35 1 102 92 78 1 69 116 69 1 73 84 60 1 15 41 13 1 0 0 0 0 0 0 0 0 31 87 37 1 102 133 104 1 52 87 52 1 58 66 23 1 63 81 36 1 0 0 0 0 43 75 28 1 56 84 42 1 0 0 0 0 75 96 65 1 55 69 50 1 52 89 73 1 72 121 99 1 64 86 73 1 59 96 92 1
86 101 107 1 30 118 80 1 18 53 28 1 2 6 24 1 7 42 49 1 0 43 27 1 0 0 0 0 0 30 6 1 23 30 43 1 89 98 85 1 132 116 117 1 103 127 112 1 96 85 110 1 62 101 74 1 71 71 54 1 0 0 0 0 88 122 107 1 113 115 84 1 133 121 100 1 112 122 67 1 101 96 90 1 135 102 74 1 107 113 54 1 55 96 45 1 80 85 51 1 80 94 64 1 70 99 33 1 55 102 73 1 61 46 17 1 42 66 40 1 48 58 49 1 80 125 79 1 66 114 45 1 51 79 57 1 61 70 76 1 57 82 60 1 68 118 85 1 92 116 87 1 55 61 40 1 72 98 56 1 63 110 71 1 53 56 46 1 58 80 59 1 74 86 67 1 58 67 65 1 54 52 34 1 61 79 39 1 46 89 60 1 65 75 54 1 74 109 70 1 52 69 33 1 37 46 0 1 76 85 49 1 49 124 70 1 29 68 18 1 0 48 9 1 0 0 0 0 48 83 28 1 83 94 78 1 73 104 75 1
95 115 102 1 96 77 87 1 11 54 10 1 0 0 0 0 0 41 44 1 18 51 51 1 17 4 28 1 6 9 23 1 34 45 11 1 84 112 75 1 95 121 100 1 106 117 99 1 138 133 120 1 0 0 0 0 134 135 81 1 71 68 61 1 95 126 82 1 106 81 92 1 80 108 63 1 0 0 0 0 93 105 79 1 72 90 45 1 84 85 56 1 111 134 93 1 75 100 50 1 81 103 64 1 83 128 56 1 73 100 79 1 13 49 19 1 36 71 49 1 100 114 97 1 33 101 53 1 56 98 61 1 0 0 0 0 87 116 65 1 64 128 99 1 35 85 38 1 0 0 0 0 73 101 78 1 72 124 63 1 91 126 73 1 78 92 98 1 0 0 0 0 58 106 62 1 72 107 66 1 91 128 53 1 81 118 79 1 51 54 41 1 54 72 48 1 84 107 57 1 76 72 53 1 24 55 28 1 86 118 92 1 54 92 69 1 6 3 0 1 0 29 18 1 12 38 30 1 0 24 17 1 32 43 44 1 0 47 4 1
35 71 54 1 16 26 7 1 0 14 9 1 0 33 39 1 8 19 28 1 0 15 7 1 17 27 16 1 24 26 22 1 63 103 77 1 0 0 0 0 91 118 78 1 126 102 94 1 125 148 126 1 67 93 79 1 55 85 50 1 101 114 74 1 94 143 114 1 133 104 117 1 136 140 121 1 139 132 78 1 0 0 0 0 112 102 93 1 0 0 0 0 121 97 88 1 87 84 43 1 61 73 42 1 0 0 0 0 33 67 39 1 29 93 45 1 65 90 70 1 0 0 0 0 109 116 61 1 53 88 65 1 0 0 0 0 72 95 60 1 59 107 73 1 90 95 70 1 38 114 40 1 75 99 85 1 46 121 62 1 68 93 88 1 65 116 82 1 46 90 50 1 21 89 45 1 73 121 78 1 40 82 41 1 0 26 18 1 25 28 23 1 78 121 108 1 129 132 116 1 20 50 27 1 62 98 60 1 29 63 43 1 0 0 0 1 0 15 6 1 0 0 0 0 0 28 32 1 0 15 21 1 17 27 37 1 14 17 21 1
0 15 27 1 0 0 0 0 28 23 25 1 13 19 36 1 16 35 18 1 0 0 0 0 16 50 50 1 0 9 28 1 44 75 41 1 63 107 58 1 85 114 75 1 106 97 76 1 0 0 0 0 53 72 47 1 77 82 58 1 98 91 45 1 116 102 80 1 89 75 55 1 123 99 88 1 0 0 0 0 108 100 71 1 88 98 55 1 107 97 78 1 127 96 71 1 81 115 63 1 82 87 52 1 82 111 94 1 0 0 0 0 102 111 69 1 71 85 71 1 90 103 64 1 79 83 79 1 0 0 0 0 79 69 45 1 18 61 58 1 62 88 54 1 45 69 43 1 9 38 0 1 22 42 0 1 0 27 31 1 44 50 49 1 56 86 39 1 52 79 72 1 37 120 55 1 68 83 58 1 5 50 28 1 16 35 0 1 23 12 36 1 17 43 22 1 0 11 11 1 0 31 20 1 31 26 53 1 10 30 19 1 0 0 15 1 5 22 25 1 0 24 22 1 0 0 0 0 9 40 31 1 0 6 14 1 0 11 18 1
0 0 2 1 0 18 6 1 11 4 18 1 0 0 0 0 19 26 28 1 0 23 18 1 0 0 0 0 0 0 3 1 0 0 0 0 55 83 54 1 94 82 103 1 127 141 97 1 97 92 68 1 69 94 29 1 99 96 59 1 106 92 88 1 108 78 92 1 99 77 72 1 97 128 76 1 65 75 58 1 109 107 85 1 54 59 55 1 84 59 56 1 0 0 0 0 89 129 84 1 91 113 96 1 85 90 65 1 0 0 0 0 53 99 41 1 30 76 62 1 37 80 34 1 7 41 14 1 0 0 11 1 6 47 19 1 90 97 41 1 42 70 94 1 0 30 20 1 21 40 18 1 0 31 10 1 11 11 6 1 11 67 25 1 0 0 0 0 74 57 70 1 63 115 46 1 29 65 30 1 0 5 0 1 14 21 16 1 0 3 7 1 35 35 49 1 25 0 6 1 3 0 1 1 0 4 3 1 0 13 9 1 0 37 17 1 0 13 21 1 0 0 37 1 0 6 21 1 8 35 12 1 15 22 0 1 8 14 3 1
22 71 28 1 44 70 38 1 0 33 39 1 0 27 6 1 0 1 2 1 0 9 22 1 0 8 0 1 0 0 0 0 0 0 0 0 0 3 1 1 45 59 51 1 86 103 109 1 59 67 62 1 49 65 14 1 0 0 0 0 121 128 77 1 73 106 81 1 107 106 81 1 105 103 127 1 99 105 68 1 126 118 87 1 104 107 87 1 125 104 90 1 84 125 98 1 0 0 0 0 103 105 75 1 66 69 64 1 81 93 65 1 31 65 41 1 41 51 27 1 0 0 0 0 0 21 24 1 15 7 28 1 0 5 13 1 17 39 27 1 2 33 19 1 0 7 11 1 0 7 0 1 1 34 0 1 41 80 68 1 0 0 0 0 0 0 0 0 45 46 47 1 64 96 83 1 0 0 0 0 8 34 39 1 1 15 30 1 0 0 34 1 0 0 0 0 25 28 51 1 8 39 28 1 41 76 32 1 30 43 35 1 13 27 26 1 0 3 0 1 29 39 15 1 2 30 29 1 8 17 23 1 20 87 40 1 14 50 52 1
48 103 64 1 41 59 61 1 0 31 3 1 0 24 6 1 29 74 57 1 74 60 65 1 102 129 123 1 71 92 115 1 25 58 25 1 15 29 13 1 56 75 37 1 74 99 87 1 69 63 36 1 0 0 0 0 120 130 107 1 81 121 88 1 109 122 60 1 63 118 77 1 105 114 102 1 70 94 71 1 56 57 41 1 81 65 53 1 86 125 84 1 40 81 41 1 16 44 33 1 37 67 42 1 50 73 66 1 0 0 0 0 0 13 11 1 0 15 0 1 0 0 0 1 6 48 22 1 0 0 0 0 23 66 66 1 0 0 0 0 0 59 37 1 56 75 72 1 0 0 0 1 50 63 58 1 61 100 91 1 0 18 0 1 11 29 0 1 29 46 25 1 0 0 0 0 17 52 37 1 0 44 15 1 19 20 0 1 37 17 0 1 8 27 8 1 0 19 0 1 12 16 12 1 69 94 82 1 0 0 0 0 0 50 0 1 0 0 0 0 29 29 37 1 34 51 30 1 20 33 23 1 0 24 33 1 17 55 55 1
61 112 93 1 0 0 0 0 0 0 0 0 1 13 7 1 0 0 19 1 12 45 0 1 0 0 0 0 45 70 69 1 115 126 128 1 88 112 83 1 83 123 95 1 83 86 50 1 29 93 60 1 92 112 75 1 131 148 129 1 111 101 73 1 95 92 48 1 66 77 50 1 60 118 91 1 53 105 24 1 61 78 47 1 81 96 95 1 50 37 7 1 27 5 9 1 14 37 0 1 11 41 27 1 58 62 39 1 0 0 0 0 13 57 23 1 16 0 13 1 0 33 0 1 53 49 40 1 87 120 98 1 13 44 62 1 8 21 24 1 32 34 32 1 98 87 96 1 0 0 0 0 72 120 92 1 21 73 37 1 16 16 0 1 18 40 34 1 98 107 98 1 65 90 70 1 37 57 19 1 52 86 53 1 18 33 54 1 0 22 2 1 0 10 12 1 1 11 0 1 11 42 0 1 55 59 57 1 57 108 69 1 32 49 38 1 6 2 0 1 0 22 0 1 0 44 0 1 0 13 0 1 22 54 26 1 45 56 28 1
74 94 81 1 78 114 82 1 53 67 49 1 28 13 21 1 2 32 8 1 0 23 5 1 0 0 0 0 27 57 57 1 39 45 48 1 91 132 114 1 90 95 70 1 49 84 51 1 110 120 77 1 0 0 0 0 133 162 126 1 89 120 79 1 60 67 38 1 73 89 63 1 0 0 0 0 104 127 115 1 87 82 45 1 0 0 0 0 0 32 19 1 1 35 7 1 21 51 35 1 73 76 84 1 48 80 92 1 30 57 33 1 0 14 0 1 0 12 23 1 0 19 5 1 56 110 77 1 73 92 93 1 30 34 34 1 0 38 0 1 0 30 24 1 35 35 26 1 89 126 63 1 47 77 58 1 0 0 0 0 19 68 28 1 50 38 25 1 94 118 62 1 84 102 98 1 52 100 74 1 32 54 53 1 0 20 15 1 0 38 9 1 23 58 28 1 22 67 39 1 0 0 0 0 35 72 33 1 100 92 114 1 77 99 78 1 26 46 4 1 2 27 0 1 35 69 24 1 33 47 26 1 77 137 64 1 97 142 87 1
57 89 88 1 71 124 57 1 78 114 93 1 22 85 50 1 0 0 0 0 28 21 7 1 30 40 6 1 0 0 17 1 54 53 33 1 158 158 136 1 106 126 62 1 0 0 0 0 65 82 64 1 110 114 65 1 46 95 67 1 80 80 66 1 89 119 79 1 53 74 82 1 56 64 77 1 87 95 85 1 0 43 27 1 14 8 0 1 8 24 21 1 80 72 54 1 60 132 81 1 72 92 63 1 0 11 0 1 10 45 32 1 0 50 0 1 0 0 0 0 0 27 4 1 0 0 0 0 54 97 86 1 55 79 69 1 0 19 17 1 0 0 0 0 37 56 61 1 3 55 4 1 0 37 10 1 24 29 26 1 68 90 106 1 45 80 59 1 76 90 83 1 67 81 89 1 12 45 46 1 18 32 45 1 32 22 21 1 0 32 7 1 28 56 41 1 72 82 85 1 103 140 108 1 15 48 11 1 61 62 42 1 101 154 112 1 77 88 57 1 0 0 0 0 106 135 92 1 68 124 86 1 78 101 73 1 86 96 65 1
69 109 48 1 53 95 50 1 47 106 67 1 74 93 69 1 62 106 72 1 54 96 69 1 39 69 49 1 50 87 25 1 73 100 60 1 125 138 86 1 99 123 106 1 83 95 97 1 75 85 82 1 105 114 72 1 49 63 37 1 0 0 0 0 29 45 8 1 0 11 3 1 26 40 26 1 0 0 0 0 34 75 67 1 56 97 75 1 48 78 65 1 0 0 0 0 61 99 71 1 71 60 72 1 16 64 70 1 18 70 46 1 18 64 36 1 24 91 44 1 0 50 44 1 4 26 8 1 59 65 79 1 84 103 89 1 37 77 42 1 0 16 0 1 0 0 0 0 0 41 29 1 6 57 11 1 46 86 55 1 31 67 59 1 22 55 36 1 53 91 69 1 20 53 30 1 0 55 31 1 55 93 64 1 77 94 48 1 17 54 29 1 22 37 52 1 18 14 26 1 8 18 26 1 16 13 6 1 64 83 68 1 83 117 61 1 70 79 44 1 114 139 89 1 133 168 128 1 115 121 88 1 130 134 103 1 104 114 93 1
45 119 51 1 64 88 42 1 66 68 18 1 53 99 37 1 75 121 103 1 73 112 101 1 0 0 0 0 0 0 0 0 89 108 62 1 69 100 76 1 0 0 0 0 104 106 85 1 97 88 82 1 98 121 46 1 49 92 81 1 75 52 65 1 15 22 32 1 72 107 70 1 92 104 91 1 35 51 47 1 20 18 46 1 0 18 49 1 54 88 76 1 77 112 78 1 30 79 43 1 0 0 0 0 19 32 4 1 0 34 33 1 0 19 20 1 25 50 42 1 54 75 49 1 27 26 29 1 44 90 50 1 70 95 70 1 39 57 29 1 8 52 17 1 0 24 0 1 0 0 0 0 23 44 10 1 66 95 72 1 73 87 69 1 0 0 0 0 69 103 80 1 65 86 56 1 50 64 58 1 49 113 82 1 46 84 52 1 0 44 40 1 24 58 47 1 0 31 0 1 26 37 31 1 61 79 41 1 0 0 0 0 69 113 82 1 0 0 0 0 91 130 70 1 61 90 71 1 64 108 79 1 97 116 81 1 65 77 63 1
124 182 97 1 76 108 47 1 77 112 66 1 0 0 0 0 98 120 65 1 44 113 63 1 74 110 57 1 50 96 47 1 73 106 50 1 93 90 76 1 93 132 90 1 0 0 0 0 71 77 66 1 96 86 72 1 83 110 71 1 0 0 0 0 10 37 8 1 28 63 53 1 40 47 9 1 11 4 7 1 16 22 41 1 0 22 43 1 0 31 42 1 59 100 62 1 31 24 9 1 5 13 16 1 8 29 16 1 18 16 8 1 13 32 9 1 0 13 15 1 0 25 32 1 9 28 14 1 19 19 11 1 13 27 24 1 0 0 0 0 10 27 0 1 0 0 0 0 58 64 84 1 39 55 42 1 47 64 34 1 27 63 66 1 33 48 13 1 10 79 23 1 15 49 24 1 13 59 40 1 36 87 67 1 32 59 21 1 0 0 0 0 5 31 18 1 0 0 0 0 58 80 66 1 122 127 71 1 99 103 68 1 83 109 53 1 79 103 71 1 112 118 67 1 102 119 70 1 0 0 0 0 109 151 93 1 71 96 92 1
224 252 190 1 95 87 65 1 70 126 95 1 85 79 52 1 71 74 35 1 69 110 54 1 78 97 88 1 0 0 0 0 85 95 75 1 0 0 0 0 70 115 66 1 0 0 0 0 88 90 65 1 71 75 54 1 70 77 72 1 0 0 0 0 57 89 60 1 46 90 78 1 0 0 0 0 0 11 4 1 34 25 30 1 5 49 46 1 63 50 64 1 0 0 0 0 18 34 20 1 0 39 46 1 25 55 6 1 7 43 61 1 53 112 101 1 52 78 44 1 11 22 0 1 38 39 9 1 11 8 19 1 4 11 12 1 8 27 17 1 34 51 33 1 69 140 87 1 102 121 73 1 68 98 77 1 54 72 69 1 94 120 59 1 28 41 2 1 24 34 3 1 4 45 18 1 0 16 3 1 22 58 20 1 17 33 25 1 11 16 8 1 17 35 10 1 40 55 4 1 58 93 41 1 103 100 78 1 107 117 77 1 97 121 65 1 116 102 63 1 112 105 55 1 75 115 72 1 84 108 71 1 73 86 67 1 79 91 69 1
176 208 156 1 59 79 33 1 98 103 83 1 93 120 69 1 43 80 49 1 72 87 37 1 106 117 86 1 66 101 93 1 93 101 109 1 0 0 0 0 87 84 76 1 85 102 72 1 94 125 58 1 82 119 83 1 54 89 44 1 84 98 87 1 77 57 50 1 114 118 110 1 118 113 95 1 47 46 47 1 10 16 38 1 0 22 8 1 19 23 25 1 0 0 0 0 0 26 21 1 9 37 14 1 20 22 15 1 0 24 10 1 58 95 64 1 3 34 23 1 4 26 8 1 0 0 0 0 83 107 61 1 65 99 91 1 92 122 89 1 83 111 79 1 73 123 87 1 97 112 85 1 98 103 97 1 109 99 93 1 41 64 25 1 20 10 0 1 0 12 2 1 0 20 7 1 0 37 11 1 2 37 3 1 0 0 0 0 23 29 8 1 72 94 37 1 104 129 79 1 88 127 64 1 83 126 90 1 104 120 50 1 90 115 69 1 124 123 71 1 96 128 61 1 0 0 0 0 91 111 56 1 80 108 60 1 88 97 83 1
133 145 103 1 0 0 0 0 60 81 29 1 71 74 46 1 67 88 42 1 74 120 82 1 96 111 66 1 58 47 32 1 14 62 31 1 0 0 0 0 87 105 87 1 73 98 80 1 97 127 99 1 62 131 77 1 55 105 57 1 84 100 78 1 83 91 75 1 71 88 69 1 90 125 111 1 65 89 60 1 0 40 13 1 0 16 7 1 1 28 32 1 0 22 10 1 1 10 21 1 2 24 39 1 13 1 0 1 7 24 31 1 44 57 44 1 9 17 43 1 0 0 0 0 35 68 53 1 78 105 72 1 87 148 79 1 60 83 85 1 138 150 135 1 73 98 74 1 78 111 100 1 26 38 48 1 0 22 0 1 0 0 0 1 0 23 0 1 24 67 32 1 0 28 12 1 0 35 14 1 13 60 12 1 0 16 8 1 51 72 64 1 118 96 92 1 67 118 74 1 110 151 84 1 101 86 81 1 75 110 63 1 82 101 59 1 101 81 51 1 61 96 65 1 70 114 74 1 83 97 52 1 47 35 26 1 0 0 0 0
28 61 29 1 83 100 71 1 38 54 21 1 90 115 71 1 104 126 113 1 43 55 62 1 0 0 0 0 4 7 22 1 12 11 0 1 60 113 83 1 108 102 103 1 47 81 58 1 54 100 81 1 62 87 78 1 74 100 66 1 73 87 57 1 96 101 84 1 80 112 79 1 67 109 113 1 0 20 24 1 0 13 0 1 0 35 3 1 5 40 24 1 17 28 22 1 10 6 12 1 3 13 9 1 0 25 15 1 52 57 56 1 132 145 131 1 65 99 35 1 45 48 24 1 40 64 48 1 62 77 53 1 109 144 115 1 94 108 125 1 62 92 85 1 0 0 0 0 32 58 14 1 0 24 0 1 24 21 14 1 15 39 17 1 93 107 73 1 109 147 107 1 0 0 0 0 12 52 24 1 60 83 73 1 68 96 62 1 119 143 94 1 131 122 94 1 86 109 79 1 101 119 106 1 113 121 88 1 93 101 57 1 107 119 83 1 56 91 51 1 79 106 66 1 74 96 64 1 79 102 72 1 47 65 61 1 0 0 0 0
83 93 79 1 74 94 61 1 0 0 0 0 117 126 123 1 64 114 84 1 35 91 28 1 60 99 86 1 103 155 117 1 30 85 23 1 81 51 46 1 94 125 103 1 74 90 53 1 114 141 121 1 54 107 37 1 104 126 102 1 73 85 43 1 49 97 63 1 43 86 66 1 59 85 81 1 0 25 6 1 15 21 12 1 7 34 30 1 0 14 0 1 17 10 0 1 1 42 42 1 14 13 0 1 7 21 29 1 78 118 74 1 62 68 87 1 1 12 0 1 52 92 38 1 84 133 57 1 55 85 13 1 39 91 69 1 71 104 60 1 0 48 21 1 0 0 0 0 0 21 1 1 22 45 50 1 74 98 73 1 90 106 95 1 90 107 90 1 84 97 90 1 0 0 0 0 92 117 95 1 0 0 0 0 78 90 81 1 91 127 95 1 126 147 109 1 79 85 78 1 98 118 93 1 112 107 57 1 88 96 63 1 90 112 69 1 69 63 27 1 79 117 77 1 109 135 69 1 61 72 43 1 13 82 53 1 58 89 60 1
97 131 82 1 107 107 115 1 114 134 86 1 0 0 0 0 0 0 0 0 105 98 94 1 101 137 86 1 75 120 102 1 56 74 58 1 76 129 81 1 29 81 53 1 61 102 63 1 77 111 113 1 78 103 73 1 0 0 0 0 55 94 69 1 74 102 74 1 46 108 69 1 56 106 85 1 3 16 36 1 34 13 10 1 2 19 0 1 15 22 0 1 6 21 22 1 1 34 5 1 0 16 13 1 0 25 22 1 58 72 57 1 0 0 0 0 0 0 0 0 93 86 89 1 76 73 45 1 92 140 94 1 25 21 0 1 35 64 61 1 25 29 36 1 44 64 63 1 12 43 13 1 79 102 82 1 83 125 88 1 99 119 89 1 96 114 79 1 89 121 98 1 103 134 69 1 120 109 96 1 93 112 93 1 63 104 62 1 75 110 62 1 0 0 0 0 91 110 66 1 0 0 0 0 102 110 50 1 0 0 0 0 95 120 68 1 110 114 70 1 98 99 51 1 117 119 95 1 79 100 53 1 63 70 58 1 79 101 63 1
119 151 101 1 50 67 58 1 81 116 76 1 104 109 79 1 77 76 60 1 58 84 36 1 103 101 91 1 81 117 82 1 0 0 0 0 69 102 61 1 51 66 59 1 0 0 0 0 83 97 88 1 63 108 54 1 103 142 104 1 105 110 93 1 36 94 62 1 37 50 32 1 29 53 29 1 24 29 0 1 0 2 19 1 28 59 70 1 49 87 88 1 22 20 23 1 5 6 15 1 1 36 12 1 74 106 70 1 66 90 84 1 0 0 0 0 99 106 84 1 108 125 111 1 70 109 47 1 110 146 112 1 0 0 0 0 54 96 44 1 0 39 10 1 0 0 0 0 24 5 0 1 0 0 0 0 81 109 69 1 83 128 101 1 82 114 65 1 90 124 63 1 0 0 0 0 55 93 69 1 111 99 70 1 83 118 83 1 86 107 87 1 85 93 78 1 66 106 32 1 70 93 56 1 74 113 66 1 100 120 74 1 74 72 62 1 80 110 77 1 151 135 90 1 90 118 57 1 27 54 0 1 47 41 36 1 67 130 78 1
142 163 108 1 93 132 111 1 0 0 0 0 97 103 77 1 0 0 0 0 87 99 68 1 74 83 67 1 17 72 64 1 31 54 58 1 96 111 105 1 102 112 110 1 0 0 0 0 64 72 56 1 109 104 70 1 63 82 48 1 23 53 29 1 71 106 58 1 71 96 89 1 48 81 61 1 0 29 13 1 2 19 45 1 48 57 63 1 61 108 97 1 0 3 36 1 29 21 11 1 68 80 55 1 122 147 106 1 78 106 68 1 0 50 7 1 64 94 46 1 82 116 58 1 85 117 54 1 0 0 0 0 92 86 71 1 23 54 51 1 10 1 3 1 15 24 29 1 0 0 0 0 39 33 32 1 81 112 82 1 107 125 56 1 67 121 63 1 87 90 46 1 76 84 54 1 93 73 65 1 102 100 90 1 105 99 69 1 72 90 80 1 59 107 63 1 63 111 73 1 84 110 66 1 80 109 63 1 88 114 78 1 109 135 133 1 124 147 88 1 77 110 74 1 20 2 9 1 0 33 29 1 0 8 19 1 0 0 0 1
0 0 0 0 90 136 74 1 127 139 100 1 130 130 101 1 75 123 62 1 89 110 65 1 87 105 86 1 113 104 112 1 12 47 11 1 0 36 11 1 0 0 0 0 91 93 102 1 71 78 60 1 61 67 70 1 107 139 90 1 93 79 64 1 68 94 95 1 0 0 0 0 10 25 24 1 0 26 16 1 26 8 11 1 18 48 56 1 33 62 66 1 3 40 70 1 45 46 57 1 88 118 113 1 90 106 98 1 94 88 46 1 47 98 52 1 64 112 14 1 103 106 60 1 75 103 54 1 87 126 62 1 77 113 77 1 37 54 48 1 0 0 0 0 80 78 77 1 79 129 78 1 72 71 39 1 113 136 75 1 0 0 0 0 108 120 83 1 105 139 82 1 0 0 0 0 63 80 48 1 96 94 70 1 97 94 47 1 105 108 56 1 78 116 87 1 69 113 73 1 79 115 77 1 107 139 97 1 81 100 67 1 0 0 0 0 98 102 66 1 24 63 36 1 0 0 0 0 0 0 0 0 31 36 46 1 37 9 0 1
97 113 90 1 168 144 99 1 147 166 101 1 135 119 73 1 115 132 92 1 96 106 105 1 120 148 145 1 112 144 128 1 0 0 0 0 34 70 65 1 136 138 123 1 104 126 87 1 82 95 58 1 56 121 64 1 112 123 72 1 35 82 18 1 0 0 0 0 41 68 72 1 18 27 0 1 22 24 16 1 7 32 13 1 0 0 0 0 0 25 38 1 90 97 82 1 87 120 102 1 134 126 111 1 0 0 0 0 72 111 77 1 102 81 43 1 0 0 0 0 133 133 91 1 0 0 0 0 107 113 79 1 90 115 56 1 42 55 51 1 50 84 40 1 50 79 74 1 47 83 26 1 84 88 60 1 0 0 0 0 94 122 72 1 112 88 74 1 101 118 56 1 101 118 84 1 91 91 75 1 73 115 64 1 94 116 79 1 102 128 60 1 81 94 69 1 85 116 90 1 106 139 122 1 85 128 108 1 0 0 0 0 71 67 55 1 80 106 68 1 9 24 8 1 15 25 2 1 13 17 0 1 2 24 19 1 12 51 39 1
0 0 0 0 126 102 82 1 119 120 105 1 95 111 70 1 86 110 79 1 23 42 36 1 61 76 47 1 33 74 43 1 42 63 69 1 41 64 68 1 68 130 66 1 70 111 52 1 68 103 58 1 81 87 81 1 64 81 49 1 67 69 68 1 60 68 73 1 0 0 0 0 29 33 31 1 5 7 13 1 25 31 0 1 0 15 25 1 6 5 0 1 56 68 44 1 67 110 34 1 52 81 55 1 78 95 78 1 75 118 71 1 61 91 83 1 64 84 44 1 0 0 0 0 73 92 85 1 94 95 76 1 89 107 107 1 23 78 39 1 79 74 44 1 26 64 56 1 64 98 76 1 119 126 87 1 94 140 71 1 0 0 0 0 92 136 80 1 122 102 67 1 102 110 82 1 106 122 86 1 113 112 75 1 85 119 70 1 31 78 30 1 63 91 40 1 104 122 50 1 0 0 0 0 101 142 70 1 94 112 81 1 98 105 97 1 102 127 83 1 0 0 0 0 19 19 1 1 11 22 24 1 5 42 63 1 0 29 3 1
83 149 91 1 100 127 110 1 111 155 88 1 69 65 19 1 17 19 0 1 0 22 2 1 17 23 16 1 9 17 0 1 15 6 11 1 9 28 30 1 0 24 16 1 11 20 10 1 93 113 78 1 0 0 0 0 80 99 37 1 41 71 70 1 29 42 27 1 0 0 0 0 0 27 0 1 11 4 29 1 42 60 49 1 121 139 129 1 0 0 0 0 63 100 45 1 74 110 72 1 87 112 71 1 74 98 52 1 72 109 38 1 75 114 61 1 97 111 95 1 140 129 106 1 41 66 50 1 9 35 23 1 0 0 0 0 30 38 45 1 82 96 81 1 54 110 84 1 0 0 0 0 69 119 86 1 99 89 59 1 93 95 61 1 81 124 60 1 52 86 43 1 71 65 40 1 110 125 79 1 86 98 73 1 99 117 98 1 77 116 48 1 73 105 31 1 45 102 53 1 56 84 47 1 0 0 0 0 109 109 88 1 82 124 88 1 0 0 0 0 0 51 0 1 16 42 14 1 18 41 35 1 0 16 24 1 0 0 17 1
19 60 41 1 87 106 89 1 74 69 94 1 0 0 0 0 0 14 1 1 6 23 13 1 4 28 44 1 6 29 31 1 10 14 49 1 0 13 31 1 1 16 20 1 0 31 11 1 42 20 29 1 67 80 47 1 78 108 58 1 28 52 16 1 0 19 37 1 0 19 0 1 40 84 49 1 14 73 28 1 73 96 72 1 0 0 0 0 93 129 54 1 83 120 41 1 94 135 73 1 51 62 17 1 81 106 84 1 121 141 109 1 82 120 77 1 87 111 93 1 48 84 72 1 21 30 42 1 20 35 27 1 3 26 27 1 51 49 89 1 85 113 72 1 58 115 38 1 51 92 55 1 58 125 72 1 66 93 46 1 39 84 62 1 84 124 81 1 31 64 24 1 55 55 23 1 78 104 84 1 104 125 50 1 52 90 7 1 106 111 79 1 63 59 28 1 105 113 78 1 89 129 47 1 85 135 74 1 97 119 95 1 0 0 0 0 8 24 0 1 0 23 0 1 33 21 43 1 8 39 33 1 8 31 31 1 46 53 58 1
4 3 0 1 0 0 0 0 23 73 46 1 3 22 0 1 0 0 0 0 0 3 36 1 14 31 25 1 1 10 39 1 0 10 49 1 6 30 43 1 0 29 28 1 17 0 0 1 15 38 30 1 89 116 107 1 46 74 34 1 27 56 50 1 48 74 44 1 61 63 56 1 101 149 126 1 49 89 66 1 83 126 121 1 71 93 56 1 76 92 60 1 67 132 73 1 85 118 61 1 0 0 0 0 56 121 53 1 53 66 81 1 58 73 50 1 25 69 49 1 32 32 34 1 16 39 34 1 3 41 70 1 52 80 86 1 68 94 88 1 41 61 41 1 33 69 32 1 28 70 35 1 46 68 59 1 20 101 73 1 0 0 0 0 0 0 0 0 29 71 17 1 0 0 0 0 23 51 32 1 39 72 28 1 62 100 50 1 60 101 55 1 62 76 71 1 68 122 37 1 98 135 81 1 83 110 95 1 41 80 44 1 9 49 33 1 7 4 1 1 28 51 38 1 28 56 49 1 3 22 20 1 0 8 0 1 78 120 92 1
1 22 0 1 23 13 40 1 72 85 62 1 0 12 12 1 0 21 14 1 1 27 30 1 0 15 30 1 10 5 20 1 12 0 12 1 4 11 49 1 0 17 42 1 70 55 51 1 40 72 67 1 49 68 39 1 31 77 58 1 0 17 0 1 0 0 0 0 24 47 27 1 24 53 27 1 27 24 23 1 61 93 66 1 20 72 50 1 49 105 75 1 0 0 0 0 33 38 20 1 21 56 15 1 34 76 20 1 49 54 24 1 23 50 5 1 0 10 0 1 19 28 24 1 11 34 25 1 7 49 42 1 25 33 27 1 46 47 26 1 4 30 46 1 22 68 35 1 74 81 62 1 0 0 0 0 0 70 42 1 43 80 54 1 25 56 40 1 36 41 0 1 0 51 6 1 15 50 2 1 37 88 70 1 109 103 85 1 98 110 68 1 80 123 60 1 73 105 98 1 120 136 106 1 31 66 57 1 25 53 13 1 17 22 0 1 11 46 26 1 81 106 81 1 0 0 0 0 73 94 64 1 70 104 53 1 80 121 109 1
46 9 25 1 7 42 16 1 52 52 85 1 8 18 1 1 0 17 5 1 9 7 9 1 0 25 2 1 0 41 32 1 0 10 29 1 5 46 6 1 57 88 87 1 109 106 112 1 0 58 31 1 15 41 24 1 3 15 18 1 34 30 24 1 15 45 30 1 0 41 18 1 0 0 0 0 63 66 42 1 66 78 92 1 48 86 80 1 0 58 30 1 0 34 49 1 0 15 30 1 0 0 0 0 18 55 23 1 8 22 4 1 0 24 12 1 0 18 22 1 7 21 24 1 0 16 30 1 0 15 20 1 6 14 14 1 9 20 40 1 0 0 0 0 7 43 41 1 0 13 0 1 14 18 14 1 0 11 31 1 1 41 36 1 6 14 12 1 22 5 14 1 0 13 11 1 0 22 13 1 43 47 75 1 74 101 103 1 67 92 70 1 93 96 109 1 103 109 100 1 0 0 0 0 43 55 45 1 0 35 26 1 0 28 21 1 11 79 43 1 87 119 95 1 65 92 73 1 97 137 74 1 58 94 58 1 84 123 90 1
1 0 0 1 30 34 45 1 55 80 71 1 10 10 15 1 0 43 15 1 11 47 17 1 0 16 36 1 0 31 7 1 38 62 55 1 76 122 103 1 100 123 128 1 93 98 60 1 11 30 24 1 0 0 0 0 54 62 104 1 70 110 124 1 8 39 61 1 0 0 0 0 0 0 0 0 25 19 14 1 18 11 31 1 0 3 21 1 0 20 21 1 34 0 31 1 0 0 0 0 13 19 16 1 4 32 4 1 0 0 10 1 0 7 25 1 0 39 13 1 18 30 0 1 0 48 0 1 10 25 0 1 0 0 0 0 19 49 26 1 47 45 62 1 0 0 0 0 0 0 0 0 17 66 57 1 14 50 31 1 0 27 24 1 7 29 50 1 45 37 14 1 23 38 31 1 2 13 5 1 4 17 10 1 25 6 0 1 0 20 17 1 22 55 44 1 87 87 111 1 82 98 78 1 10 53 7 1 0 9 0 1 53 54 34 1 57 78 56 1 97 108 93 1 74 93 33 1 82 106 70 1 0 0 0 0 0 0 0 0
24 27 0 1 2 23 0 1 80 86 80 1 30 54 51 1 0 0 1 1 0 45 18 1 23 40 22 1 64 108 84 1 0 0 0 0 57 116 62 1 15 27 8 1 0 20 9 1 12 21 0 1 0 0 0 0 23 76 52 1 39 69 62 1 17 48 29 1 0 12 29 1 15 34 51 1 2 15 38 1 17 49 86 1 19 40 65 1 4 8 28 1 0 16 16 1 0 33 58 1 21 17 31 1 0 11 35 1 8 51 4 1 23 23 39 1 66 71 51 1 0 0 0 0 20 50 24 1 4 41 33 1 5 17 13 1 38 52 30 1 43 81 44 1 32 46 46 1 15 37 25 1 76 99 60 1 0 0 0 0 0 31 32 1 7 14 18 1 33 71 48 1 32 60 47 1 0 30 30 1 0 0 0 0 16 18 16 1 8 0 8 1 0 34 12 1 0 13 0 1 0 15 0 1 3 9 7 1 0 0 0 0 97 123 87 1 0 0 0 0 99 127 69 1 51 89 44 1 49 107 20 1 35 70 4 1 79 132 81 1
108 98 76 1 3 19 0 1 48 104 105 1 45 81 77 1 0 8 16 1 49 48 67 1 94 111 106 1 70 111 78 1 79 89 93 1 12 21 0 1 6 28 0 1 23 27 43 1 0 63 32 1 0 19 0 1 0 49 21 1 0 47 13 1 0 25 23 1 7 45 39 1 0 32 36 1 25 35 36 1 32 43 23 1 65 59 73 1 46 68 59 1 24 32 42 1 42 64 86 1 56 68 77 1 14 61 24 1 6 37 31 1 39 51 14 1 43 87 72 1 73 101 73 1 68 91 60 1 65 77 67 1 35 29 24 1 48 80 51 1 75 109 97 1 47 89 50 1 35 64 51 1 47 76 82 1 52 96 64 1 8 42 31 1 26 33 25 1 38 90 77 1 83 104 75 1 30 41 17 1 0 0 0 0 33 81 74 1 2 27 5 1 28 69 44 1 5 31 17 1 0 8 28 1 0 32 3 1 5 46 33 1 53 108 81 1 0 0 0 0 67 100 66 1 37 50 60 1 107 116 93 1 64 87 45 1 33 57 7 1
187 173 192 1 65 53 27 1 77 130 100 1 50 85 86 1 77 79 85 1 0 0 0 0 81 103 113 1 76 99 92 1 111 112 93 1 38 27 48 1 33 14 7 1 20 23 7 1 6 27 0 1 0 29 34 1 0 58 50 1 14 34 17 1 0 21 43 1 0 53 35 1 21 48 24 1 0 36 28 1 22 64 28 1 62 50 43 1 0 0 0 0 84 137 107 1 86 111 87 1 68 97 66 1 85 60 82 1 59 68 55 1 46 63 34 1 51 96 60 1 69 82 49 1 85 74 45 1 69 98 57 1 65 98 73 1 73 86 60 1 0 0 0 0 20 66 11 1 53 90 34 1 62 84 62 1 56 64 68 1 27 80 69 1 0 33 32 1 0 0 0 0 18 80 77 1 21 72 26 1 15 27 19 1 0 0 0 0 54 102 84 1 84 115 71 1 0 43 21 1 16 35 0 1 0 9 0 1 0 26 5 1 34 36 26 1 21 57 37 1 19 47 26 1 3 24 12 1 35 81 27 1 45 93 28 1 90 114 53 1
156 171 121 1 74 78 91 1 17 19 30 1 12 5 0 1 9 23 34 1 4 33 26 1 0 0 0 1 45 42 32 1 104 135 124 1 43 65 40 1 0 0 1 1 9 4 0 1 23 58 45 1 48 89 95 1 80 99 71 1 88 130 95 1 0 0 0 0 37 51 20 1 0 36 21 1 19 21 0 1 9 0 16 1 25 44 0 1 36 58 50 1 92 95 54 1 38 48 71 1 0 0 0 0 55 80 56 1 58 91 72 1 58 91 58 1 73 105 64 1 78 105 70 1 71 84 57 1 58 88 69 1 0 0 0 0 43 84 56 1 0 0 0 0 97 114 65 1 119 144 126 1 103 126 113 1 73 80 49 1 54 83 68 1 25 61 21 1 36 81 18 1 39 70 60 1 66 59 59 1 72 66 72 1 95 110 62 1 47 94 56 1 61 134 98 1 76 107 62 1 76 77 45 1 72 69 48 1 17 37 13 1 44 58 59 1 56 83 61 1 94 129 89 1 60 128 86 1 55 111 97 1 89 117 87 1 109 136 107 1
34 95 64 1 48 90 64 1 19 24 45 1 0 0 0 0 0 0 0 0 16 0 0 1 7 17 25 1 86 93 94 1 157 129 153 1 111 92 97 1 14 16 38 1 0 22 15 1 1 47 31 1 33 84 70 1 2 12 0 1 62 82 59 1 47 60 40 1 18 38 17 1 33 48 30 1 14 52 10 1 8 18 18 1 16 51 0 1 29 48 7 1 72 126 118 1 55 87 67 1 65 71 37 1 0 0 0 0 0 0 0 0 47 80 40 1 37 98 59 1 45 71 43 1 44 65 42 1 37 82 36 1 0 0 0 0 0 0 0 0 58 77 44 1 0 0 0 0 72 106 66 1 30 108 52 1 58 70 42 1 60 107 26 1 47 92 44 1 80 100 41 1 43 90 60 1 69 77 33 1 29 91 49 1 44 101 55 1 91 101 73 1 0 0 0 0 82 102 61 1 0 0 0 0 54 103 61 1 77 73 86 1 58 141 95 1 77 101 79 1 86 134 91 1 99 119 125 1 91 130 92 1 57 88 51 1 89 106 36 1
58 85 66 1 45 76 45 1 0 0 0 0 41 63 15 1 17 45 28 1 0 10 2 1 28 60 26 1 146 147 136 1 150 149 121 1 72 95 110 1 0 12 9 1 2 31 32 1 57 75 55 1 39 72 48 1 48 40 54 1 92 137 101 1 29 95 53 1 37 48 45 1 17 40 0 1 5 31 14 1 0 39 10 1 0 0 0 0 6 34 18 1 77 110 62 1 69 45 41 1 63 105 42 1 80 113 60 1 102 122 77 1 0 0 0 0 61 94 77 1 65 82 51 1 64 83 73 1 49 91 58 1 76 78 69 1 62 98 33 1 58 72 53 1 28 83 52 1 60 92 60 1 35 51 34 1 48 93 42 1 37 79 15 1 50 82 64 1 54 86 57 1 80 93 47 1 92 80 70 1 83 110 77 1 56 126 80 1 76 122 87 1 0 0 0 0 77 96 54 1 60 112 44 1 40 88 28 1 0 0 0 0 97 105 72 1 72 94 61 1 90 114 71 1 109 145 120 1 0 0 0 0 54 84 37 1 90 114 66 1
67 74 55 1 63 67 79 1 59 79 46 1 73 103 88 1 81 120 74 1 83 86 63 1 0 0 0 0 185 211 181 1 170 160 159 1 83 134 79 1 19 18 0 1 26 53 25 1 78 78 76 1 26 56 45 1 106 117 73 1 61 118 89 1 19 62 28 1 0 0 0 0 0 28 20 1 14 40 36 1 3 29 26 1 37 69 55 1 31 66 37 1 90 145 102 1 83 152 97 1 94 129 64 1 85 102 58 1 118 141 90 1 72 110 53 1 52 103 55 1 78 102 61 1 45 64 36 1 30 39 63 1 65 87 87 1 0 0 0 0 39 68 39 1 52 59 56 1 49 99 74 1 80 99 67 1 82 97 55 1 0 0 0 0 95 108 78 1 69 104 92 1 94 111 91 1 108 94 94 1 108 129 88 1 79 82 45 1 0 0 0 0 66 122 80 1 51 122 59 1 87 132 87 1 110 159 129 1 88 141 81 1 0 0 0 0 78 132 110 1 85 144 118 1 91 134 97 1 93 107 100 1 57 68 66 1 75 101 74 1
107 147 104 1 91 134 82 1 0 0 0 0 86 80 70 1 69 72 30 1 96 135 107 1 92 124 97 1 131 124 117 1 113 138 119 1 49 75 53 1 5 31 25 1 39 57 40 1 0 0 0 0 0 0 0 0 85 136 97 1 76 70 67 1 16 7 0 1 11 32 12 1 0 0 0 0 8 47 48 1 0 51 54 1 0 55 22 1 34 53 47 1 62 63 84 1 49 95 94 1 0 0 0 0 20 58 26 1 80 91 63 1 115 120 90 1 69 130 60 1 103 137 86 1 80 103 83 1 52 109 77 1 120 142 117 1 91 113 73 1 90 88 40 1 61 94 59 1 80 101 69 1 70 124 84 1 67 77 77 1 106 105 68 1 127 132 93 1 138 180 137 1 143 145 92 1 98 104 71 1 72 99 58 1 83 95 79 1 112 160 63 1 126 136 80 1 56 88 45 1 65 117 52 1 64 97 40 1 56 67 65 1 28 52 44 1 115 119 105 1 105 167 91 1 88 118 75 1 112 96 78 1 89 120 67 1 73 82 64 1
63 95 72 1 96 109 53 1 72 111 108 1 131 185 153 1 155 156 139 1 118 125 119 1 101 84 73 1 115 121 84 1 139 141 133 1 50 39 17 1 21 26 17 1 21 41 17 1 34 73 37 1 100 128 88 1 69 91 63 1 0 0 0 0 23 45 26 1 23 67 35 1 6 49 27 1 0 25 14 1 0 44 41 1 0 49 42 1 31 71 60 1 0 0 0 0 28 84 51 1 28 66 46 1 0 37 13 1 19 80 0 1 63 98 59 1 57 79 77 1 91 121 61 1 84 130 101 1 93 119 75 1 113 127 109 1 98 154 92 1 86 111 66 1 89 103 68 1 107 115 74 1 61 87 92 1 79 82 62 1 88 78 34 1 97 106 34 1 81 109 63 1 106 101 81 1 122 103 74 1 100 88 37 1 99 104 63 1 79 105 64 1 57 110 61 1 77 135 58 1 104 134 91 1 109 146 100 1 0 0 0 0 80 77 51 1 37 71 28 1 50 143 73 1 100 103 61 1 78 66 73 1 73 106 71 1 55 65 28 1
67 84 83 1 20 54 11 1 66 92 65 1 104 93 78 1 74 75 59 1 109 97 79 1 81 79 61 1 110 126 80 1 167 161 156 1 63 64 60 1 9 19 0 1 0 0 0 1 21 49 23 1 79 119 70 1 41 112 68 1 44 82 45 1 10 20 6 1 34 47 46 1 11 19 41 1 11 39 57 1 23 72 64 1 1 21 11 1 0 6 21 1 0 84 34 1 0 0 0 0 0 0 0 0 63 65 36 1 60 111 47 1 45 65 23 1 70 79 35 1 71 108 73 1 98 97 95 1 79 112 105 1 0 0 0 0 87 125 87 1 100 127 91 1 111 136 97 1 109 120 98 1 132 130 88 1 116 148 98 1 145 168 132 1 119 107 85 1 87 96 65 1 88 75 68 1 78 124 69 1 91 101 71 1 83 89 62 1 62 101 43 1 77 122 65 1 88 105 87 1 0 0 0 0 53 87 44 1 12 34 31 1 54 71 50 1 79 91 64 1 88 114 101 1 61 89 70 1 87 108 76 1 145 153 91 1 0 0 0 0
45 84 49 1 80 109 75 1 98 105 84 1 94 108 92 1 65 107 85 1 87 94 68 1 109 64 51 1 0 0 0 0 104 152 114 1 102 116 95 1 0 23 0 1 25 53 34 1 0 6 18 1 63 101 78 1 53 80 83 1 45 44 51 1 9 43 4 1 42 49 36 1 2 40 30 1 0 23 32 1 0 53 43 1 0 7 0 1 15 24 36 1 0 0 14 1 56 74 47 1 0 0 0 0 33 56 48 1 93 120 73 1 72 77 46 1 41 67 51 1 41 76 52 1 86 114 93 1 99 123 81 1 0 0 0 0 0 0 0 0 104 80 62 1 93 98 64 1 76 124 81 1 92 109 95 1 114 137 121 1 74 84 71 1 0 0 0 0 96 112 74 1 90 114 70 1 74 89 50 1 55 83 39 1 80 95 51 1 81 109 75 1 79 121 68 1 0 0 0 0 85 104 57 1 42 80 28 1 38 52 34 1 87 93 77 1 59 99 42 1 101 114 102 1 90 103 72 1 67 98 68 1 96 132 98 1 82 93 69 1
11 20 9 1 27 73 59 1 59 119 89 1 145 178 142 1 109 144 104 1 82 118 98 1 127 134 73 1 79 107 87 1 109 110 119 1 0 0 0 0 45 31 49 1 0 27 7 1 58 97 84 1 79 120 86 1 71 92 86 1 103 133 102 1 45 82 49 1 5 9 3 1 0 0 0 0 0 0 0 0 0 44 43 1 0 0 0 0 55 77 58 1 30 62 46 1 10 55 19 1 97 116 55 1 75 94 62 1 66 92 65 1 82 87 88 1 39 65 45 1 11 26 28 1 0 21 23 1 15 41 18 1 0 23 7 1 25 51 25 1 17 56 4 1 65 95 53 1 105 102 113 1 0 0 0 0 80 63 59 1 0 0 0 0 5 40 20 1 86 100 94 1 59 98 58 1 0 0 10 1 58 42 22 1 67 92 69 1 79 120 103 1 77 74 49 1 60 119 53 1 96 116 69 1 61 99 37 1 40 78 64 1 15 85 43 1 66 89 46 1 54 75 33 1 22 50 33 1 55 96 70 1 85 105 71 1 73 72 73 1
9 48 26 1 32 60 28 1 0 45 20 1 60 54 43 1 48 79 69 1 96 85 81 1 91 112 103 1 0 0 0 0 0 0 0 0 116 129 113 1 110 101 82 1 27 44 44 1 10 45 38 1 28 80 76 1 49 91 91 1 52 106 80 1 72 83 65 1 53 68 48 1 0 0 0 0 0 0 0 0 0 19 26 1 20 20 0 1 59 86 79 1 59 104 82 1 26 60 21 1 83 101 63 1 127 152 106 1 127 135 139 1 113 128 87 1 91 92 68 1 61 96 63 1 68 94 95 1 61 85 44 1 31 38 36 1 31 61 44 1 62 98 54 1 45 79 50 1 11 41 29 1 0 18 0 1 0 43 15 1 0 49 2 1 21 47 46 1 0 0 0 0 91 118 109 1 54 93 45 1 107 128 98 1 114 125 66 1 92 87 71 1 80 102 40 1 80 126 92 1 0 0 0 0 86 117 98 1 75 87 56 1 81 110 103 1 0 0 0 0 103 124 111 1 67 75 64 1 60 78 53 1 75 102 88 1 0 0 0 0
0 0 0 0 0 0 0 0 11 33 37 1 25 41 46 1 54 81 50 1 100 133 129 1 106 134 99 1 109 115 109 1 176 153 157 1 187 207 185 1 137 170 130 1 51 111 57 1 0 0 0 0 0 0 0 0 67 68 40 1 77 129 108 1 103 108 118 1 97 106 97 1 60 53 61 1 30 23 51 1 12 50 53 1 42 69 38 1 85 119 70 1 45 72 19 1 23 65 57 1 112 116 108 1 114 84 91 1 74 108 77 1 65 84 67 1 73 97 71 1 80 74 60 1 80 96 66 1 88 107 93 1 97 94 91 1 37 86 60 1 72 102 70 1 34 77 69 1 25 77 65 1 0 41 11 1 0 26 1 1 0 0 0 0 0 0 0 0 73 95 80 1 71 72 24 1 50 55 31 1 44 84 73 1 81 96 55 1 76 93 87 1 78 82 64 1 49 81 67 1 53 98 52 1 71 97 84 1 49 76 72 1 61 80 57 1 49 79 46 1 72 109 81 1 38 49 53 1 47 69 46 1 53 66 56 1 94 137 70 1
34 56 28 1 1 52 38 1 3 62 37 1 0 0 0 0 52 86 62 1 69 116 84 1 100 143 113 1 103 129 88 1 159 173 156 1 0 0 0 0 107 144 117 1 49 66 42 1 0 59 11 1 62 95 48 1 89 85 72 1 82 62 79 1 69 71 50 1 0 0 0 0 91 115 87 1 68 111 77 1 67 83 67 1 101 111 94 1 63 57 41 1 66 78 65 1 114 130 92 1 119 118 94 1 96 101 56 1 76 64 91 1 62 150 64 1 55 91 63 1 0 0 0 0 73 72 57 1 77 88 75 1 61 99 86 1 65 87 87 1 38 67 64 1 0 0 0 0 15 23 12 1 7 27 5 1 22 52 27 1 29 57 67 1 44 86 67 1 30 55 24 1 20 67 37 1 72 103 86 1 68 77 66 1 76 117 69 1 98 117 116 1 68 108 68 1 41 47 21 1 21 40 7 1 29 43 31 1 39 51 35 1 16 43 62 1 18 57 29 1 44 80 64 1 10 44 56 1 0 0 0 0 0 13 0 1 11 49 2 1
7 19 33 1 9 25 4 1 5 69 36 1 41 24 40 1 0 23 18 1 59 58 49 1 69 136 96 1 113 129 98 1 0 0 0 0 103 141 91 1 67 89 87 1 49 71 94 1 0 0 0 0 76 122 77 1 96 94 98 1 60 90 54 1 0 0 0 0 92 102 84 1 100 128 105 1 98 121 103 1 128 108 71 1 66 107 74 1 99 118 76 1 144 182 138 1 138 157 120 1 84 92 77 1 116 136 86 1 68 73 63 1 63 109 39 1 85 85 66 1 49 67 45 1 64 106 68 1 82 128 87 1 0 0 0 0 48 78 66 1 21 60 8 1 17 30 13 1 47 58 16 1 68 85 77 1 62 64 43 1 52 84 33 1 98 99 54 1 57 90 42 1 105 118 108 1 90 141 95 1 63 82 40 1 37 55 58 1 0 0 0 0 62 92 77 1 29 60 48 1 8 8 0 1 4 32 0 1 12 37 42 1 0 34 33 1 2 46 37 1 43 100 75 1 0 0 0 0 17 36 43 1 10 75 41 1 8 74 61 1
37 62 73 1 0 45 24 1 7 25 24 1 11 50 41 1 0 0 0 1 21 62 66 1 81 85 60 1 97 99 71 1 85 125 94 1 91 89 84 1 60 89 56 1 12 63 51 1 0 5 0 1 0 55 27 1 70 88 65 1 76 91 77 1 61 111 45 1 90 107 73 1 100 128 96 1 121 128 90 1 78 83 53 1 125 114 80 1 130 150 103 1 135 114 112 1 125 143 106 1 0 0 0 0 81 79 70 1 73 90 82 1 81 103 67 1 62 103 59 1 82 92 80 1 97 119 77 1 82 118 76 1 73 113 58 1 80 118 99 1 12 8 0 1 16 0 19 1 18 48 19 1 0 0 0 0 0 0 0 0 102 112 99 1 121 139 121 1 143 173 128 1 0 0 0 0 65 39 27 1 17 26 7 1 10 25 18 1 50 43 21 1 47 66 57 1 48 69 44 1 31 80 27 1 27 93 61 1 29 40 29 1 26 61 73 1 0 0 0 0 49 109 63 1 22 52 45 1 31 23 2 1 5 0 18 1 0 24 17 1
62 109 62 1 66 111 75 1 69 102 79 1 37 55 45 1 13 51 24 1 0 0 0 0 151 124 140 1 102 109 99 1 0 0 0 0 131 158 139 1 112 114 107 1 51 61 53 1 25 38 25 1 31 51 55 1 49 54 20 1 43 88 61 1 63 117 72 1 0 0 0 0 0 0 0 0 78 83 67 1 54 91 58 1 67 110 73 1 57 117 50 1 109 110 96 1 123 142 94 1 95 94 91 1 95 93 45 1 98 91 80 1 117 123 100 1 83 70 86 1 50 41 1 1 38 36 15 1 3 34 0 1 11 34 6 1 36 61 43 1 68 77 62 1 111 134 75 1 112 138 95 1 89 131 96 1 91 111 109 1 70 90 75 1 57 89 54 1 85 86 65 1 18 57 19 1 29 66 12 1 0 25 17 1 0 39 0 1 0 0 0 1 5 8 0 1 0 16 5 1 30 41 58 1 63 87 79 1 13 55 35 1 7 39 11 1 9 22 22 1 6 21 0 1 0 26 1 1 24 34 34 1 23 63 26 1 26 69 48 1
67 92 57 1 81 91 80 1 97 101 101 1 81 98 40 1 19 37 40 1 0 0 0 0 231 244 200 1 76 71 99 1 97 106 67 1 115 135 101 1 146 175 124 1 102 78 69 1 32 50 14 1 76 91 112 1 82 109 98 1 36 70 38 1 0 0 0 0 93 120 94 1 72 86 76 1 67 99 56 1 64 115 85 1 73 108 74 1 57 110 61 1 117 124 89 1 93 109 66 1 93 105 80 1 96 104 75 1 52 74 15 1 72 82 43 1 0 21 0 1 17 35 6 1 71 70 59 1 111 126 108 1 80 121 89 1 127 135 114 1 127 141 129 1 115 137 102 1 80 110 61 1 101 114 72 1 55 92 55 1 80 103 54 1 24 39 13 1 0 34 2 1 37 10 21 1 0 32 7 1 31 67 2 1 8 44 17 1 0 0 0 0 10 26 6 1 0 31 36 1 0 13 0 1 9 13 10 1 6 33 10 1 27 67 49 1 10 23 10 1 0 24 7 1 36 58 46 1 70 106 73 1 56 91 50 1 36 82 56 1
65 83 93 1 74 87 79 1 72 112 98 1 67 92 72 1 45 23 0 1 94 140 116 1 188 197 183 1 92 109 93 1 97 100 92 1 117 97 110 1 129 158 119 1 112 99 92 1 31 41 39 1 53 62 37 1 71 78 58 1 71 93 59 1 67 83 70 1 36 100 35 1 0 55 23 1 48 92 63 1 67 85 72 1 58 114 81 1 64 80 41 1 86 113 69 1 103 118 98 1 105 108 94 1 104 89 75 1 68 96 44 1 118 94 65 1 117 101 77 1 190 188 128 1 125 141 126 1 64 68 68 1 154 163 114 1 148 140 141 1 115 116 106 1 62 64 36 1 0 0 0 0 0 40 43 1 0 0 0 0 7 22 0 1 0 0 14 1 0 0 0 0 0 49 16 1 42 76 63 1 83 116 100 1 0 0 0 0 0 39 37 1 15 30 45 1 59 81 77 1 34 74 45 1 22 49 14 1 15 30 20 1 60 72 51 1 65 109 92 1 0 0 0 0 52 107 56 1 80 86 68 1 49 97 33 1 50 112 68 1
60 88 49 1 109 103 100 1 0 0 0 0 90 86 119 1 80 49 58 1 70 95 89 1 0 0 0 0 132 133 110 1 117 132 145 1 154 154 110 1 131 123 106 1 124 112 135 1 16 34 5 1 0 32 1 1 50 89 64 1 77 104 79 1 100 125 117 1 106 148 101 1 99 105 102 1 58 123 76 1 71 100 87 1 70 124 74 1 104 129 110 1 87 101 87 1 84 84 81 1 98 95 100 1 72 76 64 1 82 70 82 1 90 119 106 1 67 90 81 1 74 117 82 1 94 103 70 1 122 171 127 1 144 155 110 1 37 28 29 1 0 0 0 1 16 31 0 1 8 16 3 1 0 0 0 0 46 56 48 1 80 114 90 1 87 125 126 1 80 118 96 1 70 104 113 1 69 106 88 1 50 106 64 1 36 50 30 1 46 88 74 1 45 64 50 1 0 0 0 0 20 76 71 1 83 125 93 1 58 117 85 1 8 33 0 1 39 48 4 1 32 49 36 1 56 95 70 1 0 0 0 0 50 81 50 1 77 72 45 1
78 122 102 1 101 116 106 1 156 139 134 1 168 176 119 1 173 155 139 1 112 109 95 1 11 6 19 1 129 125 145 1 158 138 146 1 143 137 132 1 177 183 189 1 206 240 199 1 92 123 103 1 0 0 0 0 131 129 103 1 94 113 91 1 103 103 79 1 124 129 125 1 140 142 99 1 81 118 95 1 0 0 0 0 81 103 82 1 80 72 49 1 94 107 64 1 108 79 72 1 142 104 116 1 127 115 105 1 113 102 89 1 78 111 57 1 88 115 60 1 133 168 140 1 117 121 72 1 69 101 67 1 6 29 0 1 8 61 35 1 62 102 82 1 42 59 37 1 0 0 0 0 72 50 50 1 53 88 91 1 0 2 24 1 14 13 19 1 0 0 0 0 0 27 38 1 0 35 1 1 18 79 47 1 74 145 94 1 75 83 93 1 45 63 53 1 4 44 20 1 50 60 26 1 63 78 59 1 46 89 66 1 46 61 42 1 37 92 51 1 50 52 9 1 50 77 46 1 97 126 104 1 50 83 62 1 55 93 72 1
173 171 170 1 177 190 159 1 226 231 233 1 185 201 193 1 148 165 153 1 155 150 144 1 0 11 15 1 114 140 108 1 77 112 76 1 109 92 89 1 149 185 163 1 207 210 214 1 194 206 179 1 0 0 0 0 114 124 120 1 99 120 102 1 53 92 73 1 26 91 32 1 74 72 48 1 75 99 102 1 92 92 86 1 96 121 105 1 74 83 54 1 66 113 105 1 113 103 76 1 129 108 67 1 123 112 94 1 92 90 103 1 0 0 0 0 70 129 75 1 86 117 91 1 49 81 63 1 95 113 61 1 68 111 58 1 38 96 66 1 22 33 27 1 10 29 23 1 0 30 15 1 22 45 28 1 0 36 20 1 16 35 40 1 5 0 5 1 6 38 23 1 66 72 69 1 54 94 57 1 46 75 54 1 21 71 19 1 21 46 37 1 86 93 50 1 43 63 41 1 7 25 7 1 36 105 49 1 80 120 69 1 83 80 78 1 91 102 56 1 51 54 66 1 0 44 0 1 36 44 50 1 42 98 59 1 78 115 77 1
181 183 153 1 164 173 109 1 105 103 83 1 103 130 134 1 96 122 107 1 80 82 68 1 57 67 87 1 89 115 111 1 0 0 0 0 111 112 124 1 0 0 0 0 100 125 98 1 151 142 151 1 160 173 143 1 130 123 101 1 106 106 102 1 69 73 47 1 52 72 71 1 102 92 90 1 0 0 0 0 0 0 0 0 96 119 79 1 80 75 33 1 99 73 95 1 148 161 113 1 131 120 112 1 144 108 126 1 0 0 0 0 0 0 0 0 79 109 91 1 69 89 84 1 66 90 43 1 0 0 0 0 38 73 47 1 33 50 41 1 4 16 0 1 5 20 14 1 0 18 31 1 3 11 17 1 0 16 23 1 0 0 0 0 0 38 26 1 0 0 0 0 77 81 81 1 0 0 0 0 36 76 45 1 0 0 0 0 36 54 60 1 69 97 63 1 47 84 80 1 23 61 30 1 28 56 36 1 13 50 15 1 30 79 47 1 47 80 59 1 41 55 56 1 4 16 0 1 11 35 35 1 0 0 0 0 46 53 20 1
96 134 98 1 97 85 67 1 102 124 94 1 123 103 117 1 100 97 90 1 95 120 115 1 88 69 79 1 100 96 81 1 56 67 71 1 118 135 97 1 0 0 0 0 106 91 69 1 147 172 139 1 188 190 174 1 140 128 111 1 132 113 117 1 92 76 101 1 82 53 69 1 128 125 112 1 0 0 0 0 0 0 0 0 77 63 51 1 81 99 80 1 143 126 88 1 139 147 104 1 0 0 0 0 98 115 81 1 0 0 0 0 68 74 86 1 130 120 145 1 106 85 53 1 73 91 74 1 79 95 83 1 14 35 32 1 21 32 7 1 31 23 20 1 17 53 49 1 77 47 67 1 43 52 51 1 38 63 67 1 9 67 53 1 28 24 52 1 0 0 0 0 58 74 38 1 81 106 85 1 52 72 56 1 70 87 66 1 56 89 82 1 56 127 73 1 86 123 72 1 12 19 16 1 38 88 46 1 37 74 53 1 51 71 44 1 0 0 0 0 63 113 71 1 36 69 24 1 3 16 41 1 32 67 38 1 18 36 28 1
105 123 98 1 113 103 97 1 103 99 97 1 84 82 103 1 109 87 108 1 126 125 125 1 114 101 88 1 24 81 64 1 0 0 0 0 101 85 95 1 101 99 87 1 77 59 73 1 115 112 103 1 133 149 150 1 211 194 205 1 158 139 144 1 90 102 104 1 117 99 76 1 87 138 69 1 57 92 77 1 0 0 0 0 122 131 100 1 129 123 116 1 118 117 93 1 93 96 73 1 133 118 136 1 144 146 107 1 102 97 88 1 104 113 67 1 75 126 66 1 56 78 90 1 59 78 78 1 24 67 34 1 3 46 2 1 77 74 79 1 103 111 92 1 68 113 68 1 21 72 23 1 29 51 5 1 108 94 103 1 97 107 93 1 72 103 87 1 69 75 59 1 86 101 71 1 60 93 66 1 81 88 54 1 73 107 79 1 46 83 72 1 50 71 67 1 73 76 44 1 21 62 8 1 37 58 21 1 37 91 33 1 58 69 74 1 78 97 68 1 78 115 82 1 72 94 94 1 47 98 79 1 50 51 17 1 0 0 0 0
79 103 51 1 95 118 88 1 113 128 120 1 110 98 81 1 120 137 106 1 80 98 91 1 64 111 84 1 27 53 46 1 0 33 27 1 51 60 48 1 97 104 112 1 109 92 115 1 90 110 86 1 74 63 100 1 204 212 186 1 203 197 184 1 106 143 77 1 112 123 101 1 96 104 116 1 90 100 100 1 94 79 71 1 69 103 72 1 115 124 105 1 149 135 110 1 100 93 52 1 126 111 110 1 66 74 62 1 86 122 72 1 101 88 86 1 58 66 53 1 74 94 88 1 77 71 71 1 14 6 7 1 5 35 5 1 0 0 0 0 66 87 100 1 123 120 119 1 102 134 120 1 79 126 104 1 71 99 46 1 59 60 43 1 0 0 0 0 0 0 0 0 46 106 70 1 48 97 58 1 84 125 74 1 45 68 26 1 0 0 0 0 42 71 35 1 68 99 48 1 48 83 43 1 67 87 54 1 20 73 31 1 48 80 40 1 38 68 25 1 86 106 59 1 83 114 84 1 77 109 67 1 84 106 76 1 94 113 91 1
105 117 64 1 113 122 101 1 115 105 101 1 114 113 133 1 101 116 83 1 73 106 124 1 35 35 73 1 19 39 16 1 27 54 41 1 45 68 16 1 56 54 42 1 63 38 49 1 83 96 92 1 105 103 65 1 0 0 0 0 151 142 128 1 132 134 127 1 106 92 71 1 112 134 98 1 116 127 110 1 110 114 100 1 110 152 106 1 72 94 72 1 150 123 128 1 167 168 164 1 112 87 80 1 144 116 119 1 107 121 106 1 77 119 85 1 107 109 89 1 80 129 108 1 47 95 62 1 0 0 0 0 4 60 29 1 21 27 7 1 61 95 60 1 66 67 44 1 36 57 19 1 14 0 0 1 0 0 0 0 12 35 20 1 36 79 12 1 66 77 70 1 61 92 81 1 46 99 72 1 38 43 33 1 0 0 0 0 44 51 39 1 91 97 89 1 55 78 37 1 54 102 75 1 103 114 114 1 79 114 85 1 74 122 95 1 70 133 80 1 75 96 62 1 55 91 44 1 0 0 0 0 67 80 55 1 68 89 53 1
85 126 109 1 87 98 70 1 105 97 84 1 106 120 119 1 62 99 61 1 116 138 134 1 11 16 19 1 9 39 33 1 44 106 66 1 95 119 118 1 94 116 82 1 86 75 83 1 129 163 97 1 154 140 119 1 146 149 123 1 138 125 115 1 106 150 128 1 0 0 0 0 74 65 68 1 103 139 95 1 107 130 113 1 0 0 0 0 64 93 84 1 112 114 78 1 171 159 131 1 126 124 108 1 0 0 0 0 122 98 100 1 71 83 43 1 0 0 0 0 85 108 99 1 74 85 66 1 66 69 22 1 18 40 17 1 0 9 15 1 20 6 3 1 0 31 0 1 15 75 21 1 47 88 63 1 67 66 56 1 41 68 34 1 36 54 9 1 50 101 98 1 61 125 61 1 48 86 55 1 13 29 0 1 62 86 68 1 80 110 76 1 56 53 62 1 32 74 34 1 69 85 65 1 101 131 66 1 72 92 81 1 98 128 85 1 55 98 82 1 32 73 17 1 0 0 0 0 97 96 58 1 89 95 93 1 82 108 46 1
56 105 62 1 42 87 43 1 92 100 103 1 162 154 139 1 88 106 79 1 25 59 45 1 16 66 79 1 24 47 43 1 16 43 0 1 85 119 108 1 0 0 0 0 118 148 98 1 111 126 114 1 126 142 91 1 166 133 126 1 0 0 0 0 89 113 97 1 98 83 75 1 57 92 48 1 83 81 68 1 79 103 71 1 58 99 76 1 88 97 77 1 124 137 129 1 169 179 147 1 163 132 124 1 64 62 70 1 35 47 8 1 34 36 46 1 48 96 95 1 91 126 106 1 56 100 83 1 39 66 35 1 0 0 0 0 4 50 48 1 15 46 26 1 53 79 69 1 57 108 65 1 38 106 54 1 66 72 67 1 47 51 49 1 22 55 11 1 25 44 27 1 50 68 67 1 53 70 75 1 47 90 49 1 121 131 83 1 57 105 61 1 47 46 46 1 62 93 70 1 91 88 79 1 68 100 62 1 28 54 39 1 39 55 58 1 71 82 29 1 69 101 58 1 99 95 77 1 93 80 67 1 23 89 47 1 43 88 28 1
77 92 85 1 98 107 83 1 98 106 77 1 86 95 63 1 105 96 85 1 13 23 18 1 162 197 154 1 90 97 114 1 38 55 40 1 48 72 49 1 88 108 70 1 93 122 103 1 0 0 0 0 53 67 81 1 104 107 79 1 171 156 153 1 118 117 97 1 116 130 145 1 172 182 149 1 125 122 93 1 68 85 72 1 55 107 55 1 82 107 91 1 0 0 0 0 0 0 0 0 0 0 0 0 20 41 38 1 78 102 61 1 96 120 94 1 55 110 85 1 50 107 86 1 83 116 115 1 50 68 78 1 0 0 0 0 82 115 82 1 36 80 37 1 67 65 77 1 47 77 62 1 48 78 37 1 46 54 51 1 65 109 89 1 127 127 106 1 35 78 62 1 46 80 53 1 60 113 69 1 55 85 30 1 28 81 48 1 53 93 49 1 68 83 40 1 39 84 25 1 45 87 7 1 35 75 44 1 23 80 55 1 46 107 74 1 35 67 33 1 0 0 0 0 51 61 24 1 43 61 19 1 49 98 37 1 25 89 76 1
81 99 73 1 84 98 82 1 96 96 86 1 101 136 115 1 0 42 14 1 33 56 4 1 104 92 82 1 121 166 112 1 92 120 90 1 79 91 53 1 0 0 0 0 88 87 64 1 109 106 83 1 91 90 81 1 109 105 86 1 174 139 136 1 126 118 97 1 140 133 136 1 96 128 127 1 110 86 100 1 73 102 86 1 51 71 36 1 100 138 109 1 90 118 122 1 83 86 70 1 97 102 90 1 31 63 63 1 0 9 22 1 0 33 41 1 27 28 31 1 0 18 11 1 32 41 40 1 0 0 0 0 41 47 16 1 41 63 69 1 56 112 129 1 57 98 85 1 69 105 66 1 17 19 38 1 41 80 76 1 45 76 70 1 31 74 61 1 0 0 0 0 40 70 53 1 62 111 88 1 50 91 61 1 64 80 56 1 85 92 70 1 40 82 59 1 25 75 39 1 0 0 0 0 67 81 81 1 68 89 64 1 105 85 66 1 40 54 17 1 0 22 14 1 42 63 47 1 5 10 0 1 32 67 42 1 72 96 81 1
92 91 108 1 86 99 85 1 92 98 69 1 87 87 71 1 17 48 0 1 89 117 86 1 109 115 105 1 112 140 132 1 91 143 123 1 127 134 116 1 96 101 95 1 88 95 85 1 85 106 73 1 134 115 95 1 132 123 109 1 131 157 130 1 146 144 104 1 132 136 110 1 98 111 80 1 105 92 71 1 0 0 0 0 115 91 82 1 0 0 0 0 92 115 95 1 82 97 75 1 58 105 96 1 4 55 0 1 0 2 0 1 18 37 20 1 4 33 23 1 0 18 13 1 0 0 0 0 20 39 28 1 45 36 45 1 3 28 0 1 19 40 25 1 32 66 75 1 22 41 34 1 0 3 13 1 18 39 50 1 74 102 84 1 73 108 103 1 8 37 27 1 0 49 21 1 80 85 79 1 22 56 27 1 63 93 64 1 70 79 81 1 33 76 29 1 65 112 61 1 57 97 75 1 33 71 33 1 59 73 57 1 64 75 86 1 30 51 45 1 0 18 16 1 25 32 15 1 0 0 24 1 28 62 46 1 56 100 78 1
101 103 115 1 86 119 80 1 56 84 56 1 27 39 22 1 70 102 60 1 0 0 0 0 80 94 104 1 84 124 83 1 89 116 89 1 115 144 98 1 133 122 126 1 133 105 119 1 0 0 0 0 173 124 111 1 142 153 162 1 177 151 137 1 128 171 127 1 0 0 0 0 89 96 61 1 113 120 111 1 131 109 114 1 67 82 84 1 82 56 57 1 76 98 83 1 96 117 105 1 50 77 56 1 0 14 0 1 55 92 58 1 43 67 53 1 17 45 51 1 0 26 28 1 0 59 34 1 0 0 0 0 28 44 37 1 0 22 13 1 9 9 6 1 42 10 5 1 6 41 6 1 0 29 11 1 13 44 22 1 15 36 27 1 13 60 19 1 26 48 36 1 0 0 0 0 103 114 110 1 9 39 21 1 48 96 45 1 70 96 70 1 0 0 0 0 35 74 23 1 67 94 73 1 29 65 1 1 33 44 21 1 0 0 0 0 0 0 0 0 0 31 0 1 59 74 53 1 11 47 40 1 0 0 0 1 32 31 4 1
87 104 76 1 87 95 92 1 67 86 42 1 50 58 29 1 112 121 145 1 120 134 121 1 113 119 96 1 116 133 109 1 0 0 0 0 120 110 138 1 157 167 149 1 122 134 114 1 0 0 0 0 0 0 0 0 0 0 0 0 157 167 132 1 141 135 103 1 0 0 0 0 102 143 117 1 128 129 110 1 128 144 105 1 150 152 158 1 111 113 106 1 78 85 104 1 120 132 113 1 91 100 89 1 77 101 85 1 101 104 94 1 77 101 83 1 61 99 109 1 25 75 76 1 0 21 24 1 8 27 41 1 0 12 4 1 0 11 41 1 28 48 48 1 0 42 47 1 11 32 16 1 5 68 39 1 28 69 55 1 44 37 51 1 9 14 13 1 0 2 8 1 34 54 13 1 0 0 0 0 20 22 6 1 43 67 56 1 73 95 83 1 76 145 69 1 61 101 46 1 58 84 46 1 42 69 22 1 14 4 2 1 3 29 0 1 0 0 0 0 0 17 0 1 41 48 27 1 55 88 45 1 3 28 0 1 14 46 24 1
112 139 104 1 93 85 85 1 78 93 94 1 77 87 62 1 84 95 72 1 93 119 83 1 136 119 123 1 128 114 89 1 141 152 147 1 209 185 155 1 174 199 188 1 186 140 146 1 150 174 146 1 0 0 0 0 145 128 155 1 134 139 135 1 155 128 144 1 128 147 142 1 97 136 125 1 83 113 74 1 97 87 77 1 119 118 96 1 50 81 82 1 69 83 94 1 103 86 93 1 73 92 89 1 98 109 124 1 72 84 49 1 47 71 55 1 84 95 88 1 49 45 32 1 38 69 41 1 30 55 35 1 13 19 36 1 0 40 23 1 14 38 11 1 18 40 29 1 0 53 8 1 0 0 0 0 43 62 72 1 63 90 53 1 87 91 44 1 54 52 49 1 89 95 74 1 83 112 94 1 55 103 35 1 114 92 79 1 74 128 65 1 90 128 78 1 74 89 66 1 48 60 9 1 21 63 2 1 34 57 63 1 107 92 82 1 62 106 84 1 55 53 62 1 57 86 60 1 82 90 57 1 0 48 25 1 72 99 87 1
100 106 91 1 97 97 71 1 69 103 78 1 134 128 122 1 110 144 122 1 97 93 75 1 167 161 145 1 178 191 146 1 0 0 0 0 242 213 216 1 171 165 173 1 0 0 0 0 159 165 132 1 112 73 84 1 0 0 0 0 142 142 129 1 149 134 120 1 132 156 119 1 108 109 100 1 76 89 62 1 158 189 169 1 153 144 118 1 114 91 112 1 103 104 121 1 114 106 110 1 0 0 0 0 90 88 85 1 82 125 114 1 117 103 91 1 0 54 69 1 0 0 0 0 2 46 29 1 0 30 31 1 1 32 23 1 0 19 2 1 35 54 43 1 83 111 93 1 65 61 59 1 14 61 6 1 7 36 31 1 4 12 0 1 0 0 0 0 109 138 96 1 137 145 109 1 130 172 103 1 93 143 94 1 124 152 112 1 115 130 100 1 93 115 85 1 80 109 67 1 0 0 0 0 116 106 98 1 149 146 122 1 114 129 98 1 0 0 0 0 97 107 75 1 108 123 105 1 115 148 110 1 6 50 35 1 90 92 59 1
0 0 0 0 101 79 90 1 130 126 103 1 137 109 149 1 135 118 95 1 95 96 75 1 0 0 0 0 163 166 169 1 158 168 163 1 167 150 153 1 144 102 118 1 146 144 119 1 176 137 142 1 130 87 122 1 99 67 94 1 0 0 0 0 84 63 79 1 91 85 101 1 71 63 64 1 95 71 107 1 89 74 98 1 0 0 0 0 132 140 135 1 137 126 95 1 114 105 102 1 0 0 0 0 119 113 86 1 97 132 88 1 109 91 93 1 37 32 21 1 20 47 17 1 16 26 34 1 0 10 18 1 9 33 3 1 17 29 15 1 71 100 80 1 108 102 135 1 35 62 59 1 18 9 13 1 34 69 78 1 98 113 103 1 82 97 74 1 0 0 0 0 152 183 134 1 83 107 68 1 97 117 46 1 98 122 90 1 106 104 66 1 0 0 0 0 79 100 67 1 0 0 0 0 97 154 87 1 60 93 67 1 0 0 0 0 93 122 86 1 88 138 92 1 96 119 75 1 107 149 79 1 73 77 67 1 49 69 59 1
0 0 2 1 130 138 139 1 152 165 164 1 123 134 116 1 123 138 116 1 69 120 72 1 91 113 78 1 0 0 0 0 167 166 145 1 155 144 142 1 155 168 167 1 158 147 150 1 154 122 145 1 129 103 97 1 135 85 93 1 112 110 89 1 112 92 100 1 151 127 139 1 118 100 136 1 0 0 0 0 0 0 0 0 92 97 85 1 0 0 0 0 0 0 0 0 119 112 112 1 126 109 128 1 86 103 116 1 114 117 106 1 77 83 78 1 15 39 41 1 16 22 23 1 51 65 42 1 30 60 22 1 32 54 49 1 21 40 33 1 0 0 0 0 73 113 106 1 51 97 63 1 0 0 0 0 50 78 54 1 72 120 106 1 76 85 51 1 81 78 57 1 32 55 17 1 24 20 0 1 70 89 48 1 89 115 82 1 87 133 46 1 72 104 84 1 65 91 64 1 99 117 80 1 80 93 85 1 60 104 69 1 78 85 62 1 0 0 0 0 70 83 57 1 60 103 64 1 73 90 69 1 102 128 94 1 102 94 82 1
52 31 36 1 152 163 178 1 174 194 173 1 131 146 150 1 103 166 117 1 80 89 75 1 69 80 69 1 71 82 71 1 75 95 51 1 86 96 88 1 147 138 146 1 202 164 169 1 152 183 171 1 186 174 155 1 0 0 0 0 163 151 184 1 153 152 107 1 151 145 129 1 0 0 0 0 145 122 140 1 112 143 121 1 100 100 75 1 108 97 81 1 90 82 77 1 131 119 95 1 129 105 92 1 89 108 75 1 107 125 136 1 128 127 138 1 36 57 48 1 40 42 67 1 46 41 46 1 0 45 18 1 0 55 17 1 24 38 29 1 15 10 7 1 46 51 50 1 59 75 84 1 88 104 66 1 68 106 78 1 58 101 78 1 0 0 0 0 72 87 71 1 36 64 14 1 0 0 0 0 104 110 105 1 64 81 98 1 19 51 13 1 90 71 36 1 111 120 69 1 49 89 62 1 37 43 24 1 27 34 22 1 51 89 32 1 22 60 30 1 26 55 50 1 44 93 43 1 0 0 0 0 64 80 56 1 82 118 73 1
0 0 0 0 107 111 94 1 0 0 0 0 152 156 155 1 84 117 99 1 70 81 55 1 61 60 46 1 74 85 70 1 60 79 59 1 67 83 55 1 131 137 101 1 146 125 120 1 107 106 111 1 0 0 0 0 163 143 139 1 187 187 163 1 157 140 130 1 115 113 125 1 144 129 149 1 185 180 184 1 163 163 140 1 157 141 164 1 106 97 97 1 88 87 75 1 135 103 114 1 91 100 88 1 94 90 89 1 96 128 105 1 124 118 137 1 64 100 75 1 33 57 51 1 34 66 20 1 0 27 20 1 48 36 37 1 25 53 31 1 36 67 45 1 10 35 34 1 48 70 59 1 93 109 73 1 87 116 72 1 39 56 55 1 62 79 46 1 92 114 81 1 60 78 53 1 38 58 30 1 40 56 38 1 0 36 0 1 0 0 0 0 0 0 0 0 0 0 0 0 0 36 17 1 0 55 0 1 32 51 32 1 36 72 53 1 54 76 56 1 52 80 45 1 41 59 20 1 70 60 39 1 39 67 24 1 51 64 12 1
14 5 0 1 77 60 97 1 91 89 87 1 77 109 105 1 80 100 67 1 76 84 60 1 51 95 76 1 63 93 57 1 50 81 37 1 56 87 57 1 129 122 103 1 148 173 150 1 118 119 91 1 163 154 150 1 220 222 201 1 193 183 149 1 0 0 0 0 182 168 157 1 153 167 136 1 198 153 153 1 158 138 151 1 164 152 159 1 121 131 108 1 102 72 80 1 115 120 115 1 127 121 110 1 135 131 138 1 77 127 113 1 93 94 68 1 44 63 60 1 20 34 37 1 25 67 32 1 30 48 18 1 40 27 54 1 8 51 54 1 9 19 38 1 16 55 41 1 0 0 0 0 76 97 71 1 72 125 84 1 99 122 89 1 45 51 39 1 36 57 41 1 9 39 16 1 0 0 0 0 27 39 0 1 22 55 26 1 50 50 45 1 17 54 34 1 14 21 23 1 0 29 0 1 7 16 13 1 60 67 62 1 0 0 0 0 24 83 67 1 35 78 35 1 27 55 16 1 63 54 25 1 0 0 0 0 35 71 14 1
24 47 35 1 104 129 134 1 125 117 99 1 86 116 71 1 106 107 105 1 80 102 94 1 81 96 51 1 79 118 101 1 91 87 58 1 84 89 29 1 115 105 108 1 166 184 158 1 147 134 107 1 166 167 175 1 227 220 193 1 182 157 155 1 190 167 180 1 168 164 182 1 112 95 106 1 92 92 90 1 106 96 109 1 142 144 137 1 148 132 141 1 130 130 99 1 133 126 106 1 79 106 116 1 119 140 129 1 104 129 93 1 77 91 89 1 19 47 67 1 16 61 42 1 28 47 30 1 0 16 10 1 7 64 42 1 15 55 13 1 8 51 19 1 54 77 36 1 47 67 86 1 9 64 14 1 55 73 39 1 64 86 48 1 9 14 16 1 8 26 10 1 45 99 48 1 16 72 62 1 82 110 97 1 57 103 67 1 69 85 76 1 78 123 101 1 63 86 69 1 0 0 0 0 38 68 52 1 43 74 60 1 7 59 32 1 40 78 32 1 43 105 71 1 0 0 0 0 49 94 90 1 22 84 36 1 34 71 48 1
121 136 133 1 150 171 165 1 85 113 97 1 59 65 47 1 88 112 89 1 92 129 68 1 54 88 38 1 43 106 66 1 50 76 67 1 87 110 49 1 111 145 103 1 212 232 178 1 0 0 0 0 133 124 103 1 122 106 136 1 112 93 67 1 104 52 73 1 132 95 99 1 69 99 91 1 111 108 85 1 131 110 113 1 116 131 117 1 165 151 169 1 132 144 111 1 116 121 92 1 80 77 105 1 90 102 120 1 99 95 109 1 39 66 65 1 0 31 26 1 0 0 0 0 0 0 0 0 0 60 38 1 39 91 57 1 10 65 63 1 29 57 63 1 19 54 68 1 32 31 66 1 41 53 52 1 3 24 0 1 17 52 2 1 7 48 0 1 43 55 12 1 57 88 44 1 61 85 71 1 66 122 64 1 58 72 47 1 72 85 46 1 81 119 83 1 42 100 67 1 54 96 74 1 58 74 61 1 73 83 93 1 39 88 54 1 47 110 72 1 79 74 61 1 46 86 63 1 70 83 92 1 68 104 62 1 61 92 77 1
106 123 119 1 122 116 104 1 48 79 41 1 108 143 88 1 99 98 74 1 46 85 26 1 104 136 76 1 69 98 80 1 73 108 71 1 126 134 109 1 161 171 132 1 120 115 87 1 108 107 106 1 115 144 81 1 117 97 96 1 116 95 85 1 64 73 108 1 142 130 128 1 0 0 0 0 81 67 80 1 90 89 65 1 108 99 101 1 82 118 95 1 139 169 132 1 130 153 141 1 58 75 70 1 59 60 48 1 66 103 70 1 12 36 43 1 19 46 38 1 13 54 32 1 12 20 30 1 67 78 99 1 0 53 33 1 22 51 50 1 1 47 47 1 8 30 46 1 22 39 31 1 0 9 23 1 34 15 0 1 20 52 21 1 32 36 25 1 43 55 35 1 52 98 56 1 0 0 0 0 37 77 66 1 45 77 54 1 55 95 46 1 100 95 56 1 28 93 27 1 64 88 75 1 76 67 88 1 23 46 14 1 9 21 26 1 6 0 0 1 16 37 23 1 42 57 41 1 0 0 0 0 20 21 22 1 0 22 0 1
165 182 162 1 137 161 148 1 51 87 46 1 78 73 64 1 97 105 69 1 80 122 92 1 0 0 0 0 73 108 67 1 99 143 82 1 135 136 149 1 111 143 117 1 107 98 78 1 0 0 0 0 106 92 67 1 0 0 0 0 97 84 65 1 51 78 36 1 94 100 83 1 0 0 0 0 101 111 72 1 67 90 68 1 76 83 69 1 59 93 79 1 91 94 65 1 0 0 0 0 123 111 131 1 32 64 41 1 51 87 57 1 35 51 63 1 101 107 108 1 44 81 72 1 62 82 89 1 0 0 0 0 16 33 17 1 36 58 16 1 18 61 49 1 0 0 0 0 30 72 67 1 21 32 0 1 0 33 9 1 48 82 56 1 64 92 75 1 57 93 58 1 44 117 69 1 68 83 57 1 45 103 86 1 55 81 60 1 50 66 39 1 47 60 7 1 44 59 46 1 68 122 92 1 92 119 69 1 0 30 27 1 3 44 3 1 0 24 11 1 1 35 20 1 40 78 55 1 29 57 31 1 0 0 0 0 29 23 2 1
180 161 165 1 159 166 156 1 96 118 86 1 91 107 94 1 96 131 90 1 71 139 76 1 0 0 0 0 91 125 70 1 88 117 104 1 96 106 89 1 81 104 102 1 75 87 87 1 104 104 99 1 89 93 84 1 86 92 75 1 112 102 111 1 158 138 136 1 115 110 94 1 92 118 91 1 115 114 93 1 84 91 98 1 80 111 83 1 77 90 87 1 77 79 77 1 0 0 0 0 126 134 125 1 60 83 70 1 27 91 84 1 45 100 70 1 75 102 104 1 81 120 104 1 83 94 109 1 62 73 52 1 70 89 88 1 97 88 75 1 64 87 61 1 34 44 38 1 20 52 19 1 16 6 3 1 11 47 49 1 15 87 39 1 25 81 75 1 47 81 75 1 22 65 26 1 27 50 12 1 19 57 25 1 106 88 68 1 79 108 80 1 73 82 81 1 71 102 68 1 82 91 39 1 0 0 0 0 53 57 54 1 0 0 0 0 6 48 25 1 29 61 10 1 70 95 94 1 0 0 0 0 1 47 18 1 37 52 35 1
208 223 196 1 122 166 143 1 0 0 0 0 0 0 0 0 62 96 47 1 31 50 20 1 61 78 70 1 114 126 108 1 82 108 53 1 71 113 94 1 90 96 78 1 93 84 63 1 107 91 91 1 100 114 99 1 103 111 98 1 100 118 112 1 124 111 94 1 92 99 88 1 113 125 93 1 0 0 0 0 97 94 125 1 94 114 99 1 106 116 82 1 39 53 78 1 104 93 91 1 153 140 143 1 100 119 126 1 60 63 47 1 78 99 100 1 48 48 51 1 54 102 78 1 67 81 85 1 134 137 113 1 161 173 147 1 125 137 117 1 114 93 94 1 17 49 25 1 32 69 43 1 63 95 78 1 42 85 81 1 14 45 29 1 47 91 84 1 58 74 62 1 26 25 2 1 0 16 0 1 49 61 60 1 124 107 74 1 0 0 0 0 5 60 45 1 44 58 34 1 0 18 0 1 0 37 31 1 16 9 27 1 0 28 7 1 2 31 5 1 0 31 11 1 93 105 71 1 72 119 76 1 55 104 58 1 57 52 54 1
132 105 72 1 114 118 128 1 79 62 58 1 43 84 63 1 38 88 73 1 60 99 74 1 101 134 83 1 76 127 75 1 58 94 58 1 55 74 72 1 97 104 74 1 62 84 69 1 0 0 0 0 91 86 87 1 130 138 120 1 0 0 0 0 89 82 69 1 84 67 81 1 92 87 88 1 97 103 103 1 103 105 90 1 136 122 99 1 100 82 71 1 85 91 90 1 112 112 133 1 0 0 0 0 132 128 108 1 19 61 52 1 108 156 116 1 74 101 83 1 91 118 123 1 54 74 41 1 108 117 93 1 116 132 92 1 128 131 121 1 115 121 93 1 31 48 25 1 44 55 46 1 39 56 22 1 16 48 40 1 8 10 5 1 36 55 57 1 46 76 64 1 12 30 36 1 70 88 74 1 52 55 34 1 36 46 8 1 0 0 0 0 50 60 24 1 25 59 23 1 15 57 42 1 28 50 16 1 0 0 0 0 7 63 4 1 0 16 0 1 13 47 3 1 128 112 105 1 108 131 98 1 90 121 90 1 138 149 107 1
145 119 140 1 57 61 69 1 82 96 98 1 165 165 146 1 85 98 93 1 72 89 71 1 114 139 130 1 94 112 76 1 80 95 74 1 84 121 72 1 70 88 57 1 72 80 75 1 0 0 0 0 106 113 74 1 160 158 127 1 125 122 106 1 0 0 0 0 88 111 88 1 99 95 93 1 0 0 0 0 126 134 124 1 130 127 128 1 101 105 80 1 144 96 107 1 123 93 103 1 138 137 151 1 146 113 103 1 75 77 49 1 82 87 81 1 50 85 62 1 44 53 36 1 82 97 69 1 91 90 55 1 132 119 82 1 163 130 111 1 100 84 61 1 93 107 59 1 56 71 29 1 0 0 0 0 0 19 0 1 3 23 26 1 0 39 39 1 0 0 0 0 70 94 70 1 93 111 78 1 0 0 0 0 94 115 49 1 37 68 70 1 0 0 0 0 84 132 112 1 103 128 91 1 55 95 79 1 73 111 84 1 22 64 61 1 17 31 0 1 87 100 91 1 113 131 93 1 75 117 69 1 84 81 46 1 114 152 124 1
143 150 136 1 25 42 49 1 42 51 52 1 183 172 155 1 104 164 108 1 45 53 44 1 117 118 126 1 62 85 61 1 0 0 0 0 98 88 81 1 74 88 76 1 97 105 59 1 0 0 0 0 87 111 85 1 109 115 91 1 108 116 90 1 113 87 115 1 98 145 116 1 115 119 101 1 90 90 71 1 87 90 107 1 0 0 0 0 91 109 76 1 118 113 86 1 114 114 100 1 121 94 130 1 103 129 120 1 83 101 99 1 38 72 57 1 70 100 86 1 68 104 69 1 137 116 101 1 106 125 96 1 125 126 72 1 148 130 114 1 118 124 97 1 128 135 125 1 58 88 61 1 0 33 20 1 44 53 30 1 45 66 55 1 28 87 70 1 21 31 47 1 9 45 43 1 62 96 52 1 132 134 97 1 136 171 138 1 112 161 132 1 94 96 85 1 43 62 38 1 33 49 44 1 19 26 0 1 74 75 46 1 64 49 42 1 50 65 16 1 58 113 67 1 113 111 79 1 82 83 73 1 68 82 38 1 99 137 107 1
95 58 65 1 26 47 9 1 161 126 119 1 198 152 168 1 141 167 126 1 61 85 59 1 68 72 56 1 112 136 114 1 183 214 186 1 176 194 175 1 0 0 0 0 68 104 63 1 100 104 73 1 0 0 0 0 95 103 81 1 87 77 74 1 128 93 114 1 106 127 99 1 133 111 108 1 151 121 109 1 161 142 125 1 146 123 134 1 114 126 97 1 0 0 0 0 104 90 81 1 88 80 87 1 85 104 85 1 75 74 85 1 53 103 74 1 65 87 74 1 94 105 119 1 117 138 150 1 139 135 126 1 99 108 116 1 105 90 64 1 0 0 0 0 128 103 89 1 66 73 72 1 0 0 0 0 50 59 37 1 0 26 28 1 22 39 44 1 31 87 55 1 20 34 27 1 24 49 15 1 80 114 77 1 117 138 108 1 91 127 97 1 69 69 51 1 0 0 0 0 8 52 20 1 8 40 20 1 54 77 19 1 56 95 51 1 37 74 55 1 55 121 67 1 113 147 88 1 81 81 64 1 0 16 8 1 71 83 50 1
16 28 14 1 0 0 0 0 0 0 0 0 163 156 176 1 182 168 167 1 110 97 94 1 0 0 0 0 174 183 173 1 233 209 199 1 222 220 186 1 184 190 151 1 109 118 84 1 57 86 53 1 171 183 153 1 200 193 188 1 141 143 145 1 141 112 116 1 160 142 125 1 128 107 116 1 0 0 0 0 123 116 90 1 133 139 122 1 98 113 118 1 54 79 53 1 89 99 102 1 88 122 89 1 84 108 101 1 56 107 92 1 81 116 92 1 37 81 64 1 70 114 103 1 67 117 127 1 161 162 146 1 125 137 122 1 135 113 133 1 116 128 122 1 106 100 131 1 82 111 40 1 76 65 69 1 17 50 52 1 38 63 37 1 11 61 34 1 14 64 40 1 10 35 11 1 0 0 0 0 51 116 68 1 82 120 98 1 0 0 0 0 0 30 5 1 3 31 10 1 20 35 0 1 15 37 14 1 23 19 0 1 58 109 28 1 96 107 97 1 96 138 92 1 94 99 92 1 0 0 0 0 41 45 27 1 49 55 46 1
81 83 84 1 114 129 90 1 0 0 0 0 123 141 118 1 112 137 121 1 91 87 94 1 95 69 65 1 123 156 122 1 198 242 237 1 188 204 174 1 156 165 134 1 136 135 135 1 61 79 72 1 107 136 109 1 112 131 150 1 114 98 87 1 79 81 61 1 120 123 96 1 104 129 99 1 140 110 115 1 105 126 97 1 142 123 115 1 140 177 143 1 127 132 115 1 0 0 0 0 71 106 76 1 107 139 120 1 84 99 90 1 68 111 101 1 43 68 64 1 8 91 60 1 54 82 77 1 91 108 108 1 112 111 107 1 0 0 0 0 106 123 112 1 103 107 100 1 78 100 89 1 52 102 90 1 77 67 39 1 43 42 59 1 12 25 12 1 0 43 20 1 27 59 30 1 58 56 67 1 36 67 61 1 66 63 62 1 37 53 44 1 0 12 21 1 36 58 25 1 4 12 0 1 2 32 35 1 69 72 60 1 63 122 108 1 75 106 61 1 69 97 69 1 64 90 52 1 31 66 64 1 25 56 29 1 0 0 0 0
94 112 120 1 94 106 83 1 0 0 0 0 113 100 85 1 100 133 82 1 144 142 111 1 112 98 82 1 107 105 88 1 97 126 103 1 83 118 52 1 0 0 0 0 127 111 96 1 93 106 113 1 93 116 77 1 100 98 100 1 110 98 93 1 137 110 105 1 151 126 122 1 137 114 111 1 0 0 0 0 117 124 96 1 110 102 94 1 133 116 102 1 0 0 0 0 89 115 110 1 105 107 134 1 0 0 0 0 74 99 86 1 42 78 102 1 4 54 55 1 8 37 53 1 32 73 84 1 0 0 0 0 45 68 95 1 91 65 77 1 89 110 112 1 76 109 112 1 140 162 131 1 81 109 108 1 0 0 0 0 0 0 0 0 64 47 52 1 31 69 22 1 0 0 0 0 19 63 37 1 10 67 60 1 44 36 43 1 0 0 0 0 0 20 22 1 0 61 28 1 1 42 26 1 61 82 46 1 0 0 0 0 70 132 127 1 35 41 39 1 13 11 3 1 0 0 0 0 14 9 31 1 0 44 3 1 0 71 13 1
78 125 119 1 103 92 120 1 100 111 95 1 81 111 63 1 108 142 115 1 105 116 91 1 90 103 94 1 139 128 96 1 0 0 0 0 135 125 99 1 113 129 122 1 135 129 131 1 0 0 0 0 121 113 97 1 112 107 83 1 109 142 88 1 0 0 0 0 130 115 109 1 150 133 121 1 110 103 123 1 0 0 0 0 100 126 117 1 161 153 134 1 144 144 113 1 78 79 67 1 111 105 104 1 70 119 109 1 0 0 0 0 24 69 88 1 0 0 0 0 32 55 60 1 25 73 88 1 0 27 58 1 30 51 74 1 46 73 88 1 49 81 93 1 68 76 86 1 103 164 131 1 108 116 114 1 70 70 80 1 154 149 105 1 105 108 99 1 61 59 63 1 26 42 31 1 51 60 50 1 36 68 101 1 45 57 42 1 32 28 7 1 23 37 30 1 1 0 32 1 28 67 61 1 92 102 91 1 86 100 75 1 64 119 90 1 28 53 29 1 19 26 22 1 29 36 32 1 0 29 23 1 0 31 40 1 19 68 43 1
116 131 107 1 0 0 0 0 0 0 0 0 101 94 72 1 66 109 63 1 173 188 142 1 170 206 168 1 155 119 72 1 82 62 70 1 87 55 81 1 87 90 82 1 85 107 45 1 72 94 93 1 108 127 101 1 135 155 128 1 102 102 84 1 85 86 62 1 104 93 95 1 152 120 114 1 0 0 0 0 135 128 166 1 127 120 96 1 112 89 119 1 72 74 85 1 127 151 152 1 197 216 223 1 94 129 127 1 54 94 92 1 22 109 84 1 0 78 60 1 48 97 100 1 0 26 51 1 47 71 82 1 26 69 60 1 41 58 105 1 0 0 0 0 24 32 52 1 121 98 134 1 94 123 102 1 126 140 116 1 86 76 51 1 117 140 103 1 129 134 131 1 44 47 63 1 24 48 50 1 0 0 0 0 19 40 39 1 33 64 30 1 19 48 29 1 0 26 10 1 69 104 40 1 59 105 112 1 103 122 69 1 19 64 45 1 0 9 0 1 4 18 0 1 3 5 24 1 5 25 17 1 0 0 0 0 0 2 2 1
69 123 74 1 47 66 41 1 68 93 80 1 62 87 59 1 100 95 68 1 157 165 143 1 174 189 166 1 124 122 115 1 84 92 68 1 95 105 81 1 93 102 100 1 90 120 70 1 137 127 124 1 146 138 125 1 136 135 94 1 97 98 93 1 142 134 117 1 0 0 0 0 0 0 0 0 0 0 0 0 104 124 94 1 148 142 126 1 126 155 158 1 120 126 130 1 105 143 117 1 66 111 126 1 106 115 173 1 37 89 98 1 15 70 78 1 0 0 0 0 0 0 0 0 0 72 94 1 3 62 88 1 0 76 76 1 0 59 59 1 26 61 64 1 55 68 102 1 13 61 31 1 0 0 0 0 0 0 0 0 128 95 101 1 151 120 137 1 0 0 0 0 0 0 0 0 0 0 0 0 0 0 0 0 13 30 0 1 54 4 19 1 21 24 21 1 58 59 47 1 67 62 63 1 84 107 93 1 104 119 110 1 129 90 90 1 24 65 49 1 4 12 31 1 46 48 42 1 0 0 0 0 0 24 53 1 0 31 0 1
58 89 61 1 56 85 53 1 81 122 107 1 70 89 79 1 68 90 65 1 105 125 65 1 147 167 113 1 95 112 73 1 75 66 65 1 69 86 50 1 74 78 82 1 96 111 79 1 98 102 49 1 104 105 85 1 130 152 122 1 0 0 0 0 133 141 130 1 99 115 80 1 128 113 124 1 133 110 89 1 106 95 72 1 179 135 126 1 184 178 165 1 144 146 154 1 103 118 135 1 109 126 146 1 114 156 155 1 0 0 0 0 26 95 76 1 0 62 65 1 20 66 82 1 29 63 82 1 7 69 71 1 32 58 112 1 18 65 69 1 0 74 77 1 0 0 0 0 25 41 64 1 0 0 0 0 94 102 88 1 108 130 103 1 135 135 134 1 108 97 91 1 0 0 0 0 0 0 0 0 70 73 49 1 60 87 88 1 60 62 37 1 62 51 38 1 94 105 57 1 77 90 91 1 53 57 42 1 75 125 99 1 99 122 119 1 1 44 22 1 0 45 31 1 20 80 46 1 41 86 57 1 58 84 68 1 11 57 42 1
0 15 15 1 48 70 59 1 43 74 49 1 52 61 58 1 67 92 53 1 119 122 106 1 150 150 120 1 103 120 84 1 83 98 65 1 56 71 83 1 96 94 87 1 106 69 71 1 85 102 99 1 133 94 104 1 103 131 95 1 118 130 106 1 103 122 85 1 119 85 99 1 133 127 127 1 120 119 122 1 0 0 0 0 163 146 130 1 153 178 162 1 87 94 102 1 90 73 94 1 95 136 140 1 0 0 0 0 23 62 60 1 38 63 92 1 0 62 62 1 4 68 94 1 15 59 103 1 0 80 116 1 22 80 102 1 0 71 105 1 0 0 0 0 9 41 81 1 33 63 81 1 68 94 106 1 91 149 136 1 143 151 153 1 121 140 125 1 131 100 101 1 95 117 88 1 121 122 116 1 0 0 0 0 127 133 101 1 72 126 52 1 71 106 84 1 40 81 96 1 58 73 78 1 0 24 25 1 0 0 0 0 0 0 0 0 20 16 0 1 0 35 31 1 17 49 41 1 45 74 77 1 76 119 99 1 39 54 38 1