3
843 1548 96 60
38 59 137 1 35 76 123 1 21 61 112 1 18 95 105 1 41 57 109 1 45 76 116 1 59 64 111 1 28 61 101 1 35 52 114 1 41 74 117 1 44 49 113 1 32 64 118 1 16 75 114 1 31 57 119 1 47 57 136 1 41 65 116 1 13 69 98 1 34 78 117 1 13 78 125 1 51 73 116 1 27 65 118 1 44 50 127 1 61 59 106 1 28 75 110 1 20 90 110 1 10 80 111 1 0 58 113 1 41 54 143 1 0 74 133 1 18 73 118 1 15 72 124 1 28 72 111 1 53 88 134 1 46 84 128 1 0 0 0 0 35 85 162 1 40 76 102 1 45 86 145 1 72 111 107 1 103 129 141 1 178 113 107 1 190 160 147 1 0 0 0 0 238 177 120 1 217 154 145 1 210 160 146 1 186 150 136 1 167 166 123 1 183 133 108 1 157 126 156 1 154 133 102 1 0 0 0 0 99 118 138 1 74 104 144 1 72 68 132 1 29 96 132 1 49 81 111 1 51 89 105 1 57 57 124 1 35 79 130 1
5 66 117 1 61 74 121 1 33 80 109 1 40 79 126 1 51 64 115 1 0 0 0 0 45 92 107 1 48 73 123 1 32 69 100 1 36 69 108 1 25 70 110 1 44 60 132 1 41 57 83 1 35 59 107 1 27 61 103 1 34 62 113 1 41 78 130 1 22 91 94 1 55 38 108 1 49 55 111 1 39 85 96 1 43 91 124 1 32 70 87 1 35 73 98 1 34 88 107 1 27 38 94 1 34 89 112 1 0 0 0 0 25 67 114 1 10 72 126 1 35 79 114 1 7 64 101 1 10 93 130 1 38 84 127 1 0 0 0 0 0 0 0 0 53 84 95 1 75 64 94 1 82 98 86 1 122 129 149 1 179 117 109 1 211 155 142 1 0 0 0 0 212 173 95 1 251 167 136 1 228 160 103 1 192 156 113 1 171 153 119 1 174 120 124 1 152 119 125 1 151 125 135 1 152 127 138 1 115 97 93 1 92 108 124 1 119 111 122 1 95 89 104 1 71 83 133 1 55 93 141 1 65 69 110 1 45 83 108 1
28 76 134 1 30 73 114 1 42 83 94 1 19 82 116 1 29 73 120 1 44 71 113 1 4 83 106 1 24 66 109 1 48 49 110 1 47 73 109 1 14 64 116 1 27 56 128 1 9 79 92 1 32 60 129 1 34 62 100 1 34 63 102 1 57 75 130 1 25 65 95 1 39 68 95 1 32 93 103 1 36 70 135 1 28 83 115 1 0 0 0 0 23 81 138 1 45 65 113 1 46 50 132 1 29 63 109 1 11 39 117 1 38 69 65 1 42 71 82 1 8 70 107 1 29 54 109 1 40 79 130 1 37 82 124 1 20 73 102 1 52 73 128 1 30 84 107 1 62 86 115 1 86 97 97 1 134 109 161 1 172 144 125 1 186 145 119 1 193 169 120 1 232 153 113 1 230 158 136 1 211 155 123 1 217 156 101 1 180 140 115 1 194 144 129 1 162 135 107 1 145 100 114 1 150 122 98 1 109 100 126 1 128 125 127 1 118 95 116 1 93 103 112 1 75 74 144 1 86 83 125 1 79 71 118 1 46 95 146 1
30 48 123 1 27 65 126 1 16 65 131 1 20 70 125 1 11 54 101 1 67 66 114 1 40 74 110 1 20 55 110 1 37 64 126 1 34 48 101 1 34 60 112 1 0 0 0 0 32 76 112 1 0 0 0 0 14 76 98 1 44 80 131 1 30 67 110 1 40 71 125 1 0 0 0 0 49 90 118 1 58 46 74 1 18 60 112 1 40 52 108 1 35 77 108 1 25 60 111 1 62 73 106 1 43 86 128 1 63 68 103 1 16 65 106 1 47 70 129 1 37 99 86 1 31 76 106 1 32 58 122 1 0 0 0 0 26 73 135 1 8 81 168 1 52 72 146 1 74 61 118 1 87 82 101 1 120 110 142 1 173 147 112 1 201 144 126 1 205 147 96 1 226 157 106 1 0 0 0 0 210 128 145 1 180 162 145 1 171 168 112 1 186 152 131 1 181 147 126 1 149 103 115 1 151 159 117 1 127 97 120 1 124 106 104 1 128 74 97 1 99 98 116 1 84 122 92 1 93 83 139 1 65 79 124 1 49 90 110 1
22 87 102 1 58 89 76 1 45 81 113 1 23 67 93 1 27 68 100 1 0 0 0 0 16 72 109 1 21 58 120 1 40 108 117 1 0 0 0 0 0 0 0 0 42 43 105 1 50 76 123 1 37 67 105 1 25 49 115 1 0 0 0 0 28 53 103 1 30 62 117 1 41 81 110 1 28 89 124 1 47 48 108 1 26 64 104 1 47 92 90 1 34 86 123 1 36 64 109 1 46 72 111 1 54 89 114 1 24 77 106 1 19 71 85 1 35 97 98 1 28 62 100 1 38 76 103 1 41 74 115 1 28 85 124 1 44 72 143 1 31 98 123 1 58 90 115 1 55 76 150 1 86 87 129 1 143 115 140 1 168 133 126 1 181 137 140 1 215 144 107 1 215 168 115 1 156 147 114 1 197 153 115 1 178 151 113 1 167 131 113 1 0 0 0 0 157 142 160 1 195 135 138 1 179 152 123 1 153 108 114 1 135 112 109 1 116 105 105 1 104 68 113 1 117 108 100 1 0 0 0 0 65 110 105 1 80 85 117 1
14 80 115 1 32 47 125 1 31 40 101 1 41 63 110 1 20 48 96 1 35 66 112 1 32 79 103 1 42 100 131 1 20 83 130 1 20 53 108 1 39 63 134 1 43 50 122 1 51 80 113 1 26 54 109 1 15 55 122 1 0 0 0 0 0 0 0 0 20 72 130 1 16 78 137 1 44 82 94 1 0 0 0 0 29 94 88 1 0 0 0 0 28 61 105 1 27 74 127 1 49 55 123 1 37 63 110 1 63 77 117 1 22 67 118 1 39 73 127 1 43 49 119 1 30 78 119 1 55 69 123 1 53 72 131 1 32 61 105 1 26 74 139 1 57 96 114 1 80 77 108 1 88 89 132 1 121 147 103 1 154 132 138 1 203 137 122 1 186 147 104 1 217 164 110 1 211 127 169 1 178 106 156 1 192 109 137 1 0 0 0 0 182 122 117 1 179 109 101 1 200 138 126 1 175 153 119 1 152 150 128 1 0 0 0 0 149 121 134 1 129 126 113 1 0 0 0 0 94 85 116 1 90 94 126 1 97 79 112 1
22 66 122 1 0 0 0 0 25 100 114 1 20 57 149 1 26 63 104 1 68 61 125 1 27 72 108 1 24 70 118 1 42 104 110 1 25 64 124 1 38 81 126 1 21 79 116 1 20 69 136 1 15 94 79 1 34 57 124 1 43 50 105 1 32 62 114 1 47 76 127 1 24 63 114 1 43 70 117 1 21 34 101 1 48 59 103 1 0 0 0 0 34 53 113 1 35 86 117 1 49 54 141 1 0 0 0 0 0 0 0 0 18 76 117 1 0 0 0 0 30 59 113 1 45 66 103 1 0 0 0 0 34 47 124 1 51 48 116 1 39 75 104 1 53 62 110 1 58 100 119 1 72 104 114 1 142 111 134 1 0 0 0 0 151 140 112 1 223 168 111 1 197 166 115 1 185 142 139 1 210 118 149 1 155 121 136 1 0 0 0 0 156 113 97 1 176 108 91 1 160 117 105 1 0 0 0 0 169 154 112 1 165 142 150 1 171 141 135 1 170 139 114 1 155 140 125 1 0 0 0 0 99 88 101 1 127 75 78 1
34 87 115 1 20 60 108 1 40 71 127 1 20 88 140 1 0 70 113 1 32 62 101 1 9 68 116 1 23 76 126 1 37 61 119 1 28 65 135 1 23 72 119 1 31 81 115 1 44 67 152 1 34 62 118 1 29 81 116 1 46 66 142 1 34 76 126 1 38 63 136 1 30 85 101 1 42 67 119 1 0 83 118 1 18 69 95 1 37 72 125 1 42 55 90 1 27 80 135 1 25 75 114 1 9 64 126 1 35 87 123 1 23 53 127 1 43 59 112 1 0 0 0 0 0 0 0 0 30 63 120 1 0 0 0 0 16 70 115 1 26 74 116 1 57 88 116 1 54 87 127 1 85 97 102 1 124 116 126 1 179 121 121 1 179 118 122 1 198 164 132 1 230 197 157 1 197 179 150 1 202 148 127 1 200 134 124 1 152 144 107 1 160 131 108 1 179 132 130 1 155 137 117 1 0 0 0 0 177 133 113 1 0 0 0 0 166 144 99 1 0 0 0 0 169 127 122 1 0 0 0 0 0 0 0 0 119 112 118 1
13 58 113 1 48 96 126 1 29 65 117 1 37 63 113 1 52 61 84 1 52 74 96 1 21 62 120 1 47 62 112 1 26 84 114 1 29 73 96 1 22 71 125 1 38 67 109 1 28 41 104 1 39 68 122 1 46 68 147 1 29 81 128 1 20 90 131 1 20 74 98 1 52 66 115 1 0 0 0 0 29 88 105 1 20 68 108 1 33 52 114 1 29 61 116 1 32 79 106 1 39 85 112 1 30 52 120 1 68 84 104 1 34 73 100 1 39 52 91 1 29 82 111 1 48 59 101 1 39 66 107 1 28 84 110 1 28 60 108 1 53 69 117 1 59 53 121 1 52 92 106 1 75 85 122 1 85 73 116 1 112 141 130 1 121 123 113 1 157 150 123 1 181 169 131 1 188 167 161 1 215 173 143 1 208 174 126 1 181 121 114 1 181 154 136 1 176 138 135 1 196 126 153 1 139 127 118 1 179 120 98 1 0 0 0 0 187 136 93 1 181 159 113 1 166 137 87 1 158 157 102 1 188 148 110 1 183 159 92 1
21 65 116 1 34 62 126 1 9 71 120 1 31 58 120 1 0 0 0 0 17 50 103 1 33 68 109 1 42 69 130 1 33 72 115 1 50 43 108 1 27 80 115 1 43 52 105 1 40 53 116 1 38 78 132 1 6 67 105 1 0 0 0 0 44 43 128 1 45 60 108 1 40 61 116 1 48 61 110 1 36 43 91 1 13 49 105 1 18 49 111 1 0 0 0 0 47 82 125 1 0 0 0 0 34 74 130 1 35 89 128 1 63 81 114 1 43 62 126 1 17 73 107 1 50 66 112 1 15 65 114 1 43 57 102 1 30 67 143 1 23 78 108 1 38 79 95 1 59 84 109 1 66 79 119 1 90 89 121 1 93 122 134 1 69 108 116 1 131 147 116 1 142 117 118 1 137 158 114 1 145 152 121 1 181 161 111 1 140 136 121 1 146 139 105 1 153 137 112 1 0 0 0 0 133 107 114 1 166 126 109 1 191 128 112 1 187 153 97 1 202 146 106 1 209 168 119 1 190 155 97 1 222 158 84 1 220 166 89 1
28 71 126 1 54 63 90 1 19 76 114 1 43 59 117 1 28 70 113 1 40 29 110 1 33 54 106 1 25 73 100 1 26 68 104 1 56 51 94 1 31 72 112 1 17 78 99 1 41 30 103 1 29 77 120 1 29 75 147 1 30 64 127 1 30 60 110 1 50 73 130 1 5 99 114 1 47 60 81 1 13 59 119 1 22 74 102 1 57 47 98 1 32 73 107 1 36 52 123 1 42 72 109 1 0 0 0 0 34 55 116 1 15 86 99 1 55 53 132 1 25 72 123 1 46 82 115 1 29 71 91 1 25 62 106 1 30 51 82 1 0 76 89 1 8 56 102 1 0 0 0 0 43 102 109 1 55 77 110 1 47 80 91 1 0 0 0 0 65 100 103 1 88 76 123 1 0 0 0 0 0 0 0 0 87 125 76 1 112 109 87 1 118 100 120 1 136 116 128 1 139 128 95 1 132 110 106 1 177 121 135 1 206 122 122 1 196 148 94 1 210 125 112 1 212 142 120 1 201 143 80 1 208 138 119 1 215 163 123 1
49 74 138 1 35 67 128 1 17 69 112 1 0 87 95 1 22 60 126 1 6 64 147 1 11 71 139 1 30 60 102 1 26 32 114 1 42 63 101 1 34 69 119 1 26 73 89 1 29 81 106 1 33 56 114 1 26 66 94 1 36 65 105 1 7 74 117 1 13 69 106 1 21 83 137 1 40 86 121 1 0 42 105 1 23 92 106 1 35 57 125 1 43 79 117 1 5 67 119 1 41 78 142 1 20 62 111 1 0 0 0 0 47 80 108 1 0 0 0 0 35 62 122 1 51 71 104 1 34 74 130 1 75 63 118 1 16 89 86 1 39 65 113 1 39 32 133 1 11 53 104 1 23 80 120 1 25 78 113 1 51 92 126 1 26 46 97 1 46 106 104 1 19 86 81 1 43 72 89 1 65 118 86 1 55 104 99 1 101 113 100 1 90 101 108 1 107 101 122 1 112 103 146 1 161 115 141 1 185 138 115 1 206 123 140 1 182 127 132 1 198 148 110 1 0 0 0 0 206 151 132 1 0 0 0 0 217 166 107 1
34 61 111 1 13 52 125 1 33 84 117 1 17 62 114 1 28 65 118 1 15 94 107 1 43 62 98 1 0 0 0 0 15 64 128 1 0 0 0 0 33 82 122 1 59 61 117 1 27 64 135 1 18 73 120 1 10 61 121 1 17 96 117 1 45 74 116 1 10 77 134 1 0 0 0 0 0 0 0 0 26 101 110 1 48 70 114 1 33 64 121 1 28 93 113 1 0 70 132 1 14 83 140 1 0 0 0 0 42 48 117 1 28 51 100 1 0 0 0 0 33 82 105 1 32 42 110 1 39 83 98 1 10 72 106 1 18 85 104 1 25 34 115 1 56 69 138 1 11 85 120 1 28 75 107 1 36 60 97 1 6 55 116 1 52 69 91 1 61 73 96 1 49 107 104 1 62 118 105 1 43 99 110 1 30 97 101 1 86 65 109 1 83 97 92 1 74 65 102 1 122 90 132 1 0 0 0 0 154 97 145 1 162 112 118 1 153 111 107 1 185 120 123 1 175 140 127 1 180 153 116 1 169 172 100 1 201 143 113 1
49 72 101 1 54 68 127 1 35 82 118 1 30 91 113 1 12 57 95 1 21 84 111 1 14 64 126 1 41 95 103 1 36 75 107 1 5 67 103 1 64 96 106 1 10 66 127 1 29 117 145 1 41 77 140 1 47 90 115 1 12 77 148 1 0 0 0 0 0 0 0 0 27 90 128 1 13 47 145 1 35 69 118 1 0 0 0 0 23 56 135 1 16 83 111 1 40 71 139 1 59 69 138 1 51 57 134 1 26 75 124 1 31 76 120 1 32 41 100 1 58 59 89 1 27 84 106 1 10 73 105 1 31 65 90 1 39 87 118 1 50 72 81 1 2 55 124 1 6 87 108 1 0 0 0 0 18 75 111 1 45 60 107 1 46 78 140 1 38 60 121 1 25 44 109 1 24 49 97 1 40 74 135 1 51 76 138 1 44 84 114 1 73 78 111 1 87 105 110 1 91 118 132 1 107 112 131 1 148 126 128 1 153 118 116 1 161 98 118 1 147 121 125 1 158 137 120 1 172 128 114 1 174 147 121 1 206 147 166 1
38 94 93 1 51 96 113 1 24 75 112 1 34 107 112 1 25 68 126 1 38 60 84 1 69 67 132 1 39 63 142 1 16 83 104 1 37 52 112 1 35 72 111 1 48 77 107 1 11 84 134 1 26 80 131 1 31 84 137 1 28 68 137 1 31 65 123 1 20 72 112 1 23 67 122 1 0 0 0 0 35 72 118 1 39 75 125 1 0 0 0 0 53 84 105 1 31 56 153 1 0 0 0 0 38 77 147 1 0 0 0 0 15 68 118 1 51 88 111 1 40 66 90 1 36 56 105 1 35 73 100 1 39 46 82 1 21 52 79 1 13 77 111 1 30 51 106 1 22 69 120 1 46 84 86 1 29 76 114 1 29 70 125 1 24 71 115 1 37 36 106 1 52 72 133 1 48 70 120 1 39 69 137 1 24 80 98 1 0 0 0 0 0 0 0 0 68 81 106 1 108 114 124 1 0 0 0 0 144 143 135 1 172 134 112 1 159 115 119 1 158 137 130 1 157 120 121 1 170 141 111 1 192 163 127 1 199 147 142 1
15 79 112 1 52 78 130 1 0 0 0 0 23 90 117 1 15 72 114 1 26 68 104 1 62 82 130 1 15 87 96 1 30 71 128 1 0 0 0 0 14 77 132 1 47 74 119 1 49 92 110 1 41 85 123 1 17 98 141 1 47 42 131 1 0 0 0 0 0 0 0 0 23 89 114 1 0 0 0 0 72 89 113 1 40 54 124 1 30 71 103 1 35 74 109 1 60 93 112 1 61 55 121 1 31 82 140 1 25 80 107 1 34 96 129 1 44 73 97 1 0 0 0 0 14 64 116 1 32 77 82 1 61 70 88 1 51 82 90 1 64 94 134 1 54 65 109 1 52 81 103 1 40 82 139 1 26 74 104 1 48 52 129 1 16 77 117 1 64 77 131 1 50 92 105 1 15 50 158 1 40 69 106 1 30 48 109 1 47 94 104 1 33 75 104 1 73 82 90 1 0 0 0 0 66 97 121 1 118 105 95 1 107 126 122 1 0 0 0 0 155 154 106 1 174 155 119 1 173 120 108 1 191 125 115 1 186 149 124 1
43 92 107 1 28 60 121 1 38 66 110 1 28 62 126 1 28 60 134 1 39 70 125 1 62 76 143 1 44 69 136 1 44 69 129 1 44 97 103 1 31 90 95 1 0 0 0 0 63 72 131 1 54 85 137 1 60 69 101 1 25 90 115 1 42 81 117 1 31 72 93 1 20 73 123 1 67 50 97 1 32 67 133 1 55 75 124 1 32 52 117 1 0 0 0 0 30 54 108 1 30 60 100 1 26 52 101 1 34 91 101 1 45 64 122 1 39 48 106 1 27 62 116 1 29 74 121 1 59 77 114 1 46 72 114 1 0 0 0 0 66 91 112 1 64 83 129 1 44 89 130 1 30 59 132 1 60 72 125 1 25 80 123 1 22 67 128 1 36 70 129 1 49 57 119 1 44 64 140 1 0 0 0 0 58 59 103 1 39 74 108 1 46 74 102 1 67 71 107 1 0 0 0 0 110 128 100 1 0 0 0 0 106 114 90 1 117 154 101 1 145 134 88 1 146 154 116 1 142 117 117 1 176 172 121 1 179 161 126 1
60 74 92 1 0 0 0 0 60 63 101 1 39 87 95 1 32 91 85 1 35 74 109 1 42 84 133 1 27 65 121 1 41 61 108 1 0 0 0 0 39 94 125 1 42 79 91 1 55 83 110 1 69 87 132 1 70 56 129 1 38 47 113 1 42 55 89 1 41 75 89 1 41 56 107 1 0 0 0 0 66 52 91 1 63 74 89 1 41 67 102 1 44 57 94 1 56 67 120 1 69 62 116 1 47 56 97 1 33 48 121 1 27 82 147 1 10 63 129 1 37 72 109 1 24 69 101 1 65 67 123 1 57 76 92 1 81 96 88 1 79 122 144 1 67 109 128 1 66 87 143 1 8 69 97 1 48 76 101 1 41 50 105 1 35 82 110 1 21 96 108 1 51 93 105 1 0 0 0 0 37 39 101 1 0 0 0 0 0 0 0 0 34 72 77 1 0 0 0 0 50 107 105 1 85 117 110 1 64 80 86 1 108 100 85 1 104 117 102 1 135 137 80 1 149 116 104 1 175 152 84 1 182 141 133 1 185 118 77 1
53 79 121 1 65 62 123 1 31 68 128 1 39 52 83 1 18 81 127 1 0 0 0 0 66 87 128 1 42 72 126 1 47 69 115 1 41 73 111 1 23 73 103 1 18 83 106 1 53 76 116 1 0 0 0 0 75 72 94 1 69 59 104 1 72 89 109 1 51 91 110 1 65 72 79 1 85 82 112 1 82 84 88 1 54 66 117 1 54 85 121 1 75 72 118 1 61 75 116 1 53 90 119 1 62 56 118 1 41 81 84 1 34 81 128 1 50 89 119 1 61 80 125 1 52 64 120 1 56 60 119 1 78 60 113 1 86 89 121 1 113 93 132 1 85 90 140 1 74 72 125 1 58 52 91 1 38 88 90 1 30 53 103 1 25 76 105 1 53 77 122 1 54 64 105 1 7 77 124 1 9 62 128 1 37 74 101 1 31 82 128 1 28 73 112 1 56 92 100 1 36 95 121 1 77 100 98 1 62 89 90 1 74 126 76 1 0 0 0 0 120 97 97 1 157 152 108 1 163 128 111 1 163 132 91 1 189 151 116 1
59 80 134 1 0 0 0 0 72 81 131 1 54 75 104 1 37 82 117 1 60 90 113 1 42 83 121 1 67 79 141 1 38 87 122 1 49 83 117 1 44 89 102 1 36 80 126 1 78 59 99 1 64 89 91 1 36 64 80 1 0 0 0 0 70 66 103 1 84 73 100 1 75 86 119 1 55 90 119 1 80 92 106 1 82 94 90 1 77 107 111 1 74 87 122 1 78 111 118 1 86 83 101 1 67 93 121 1 63 95 115 1 41 85 146 1 50 76 153 1 65 66 130 1 60 66 117 1 56 54 121 1 87 74 119 1 104 97 114 1 112 98 122 1 69 94 119 1 87 86 112 1 47 80 133 1 44 53 114 1 31 60 115 1 37 67 104 1 0 0 0 0 41 62 101 1 33 76 100 1 36 77 117 1 0 0 0 0 24 72 127 1 48 71 146 1 33 78 127 1 33 81 119 1 41 75 120 1 62 58 109 1 78 79 140 1 79 101 123 1 140 120 113 1 162 122 127 1 171 139 104 1 179 168 105 1 178 116 118 1
87 101 109 1 73 77 111 1 67 99 137 1 46 91 119 1 0 0 0 0 0 0 0 0 52 87 117 1 49 87 131 1 72 107 138 1 65 91 131 1 65 77 110 1 64 80 100 1 85 64 125 1 74 56 99 1 77 109 105 1 82 89 100 1 78 105 97 1 92 79 114 1 0 0 0 0 94 93 99 1 0 0 0 0 97 105 141 1 89 109 123 1 0 0 0 0 131 104 121 1 106 87 111 1 86 95 124 1 54 98 110 1 51 102 139 1 71 90 166 1 91 83 157 1 80 85 130 1 67 60 127 1 55 88 133 1 78 95 116 1 82 90 117 1 74 88 121 1 71 92 124 1 51 74 102 1 53 61 99 1 36 76 96 1 51 65 113 1 51 64 109 1 0 0 0 0 51 71 108 1 31 73 123 1 7 59 106 1 0 0 0 0 50 92 127 1 0 0 0 0 48 71 124 1 39 66 140 1 0 0 0 0 100 97 117 1 0 0 0 0 133 111 131 1 159 120 110 1 202 115 116 1 203 141 106 1 191 105 106 1
81 82 124 1 96 95 99 1 0 0 0 0 95 111 148 1 76 86 124 1 64 79 115 1 48 89 100 1 49 88 96 1 74 62 87 1 63 71 104 1 60 66 102 1 54 95 113 1 76 101 140 1 80 82 144 1 99 91 132 1 0 0 0 0 109 96 99 1 102 92 99 1 98 110 104 1 113 110 89 1 103 111 125 1 123 117 102 1 129 114 100 1 133 108 116 1 98 109 134 1 92 70 97 1 109 81 107 1 102 130 113 1 107 110 72 1 91 96 73 1 87 101 110 1 79 93 138 1 61 83 102 1 78 73 145 1 70 82 136 1 73 110 117 1 0 0 0 0 76 101 142 1 68 64 149 1 32 65 148 1 36 71 134 1 12 110 120 1 27 72 138 1 27 87 141 1 36 66 131 1 44 68 121 1 40 74 124 1 48 75 145 1 42 72 132 1 41 72 140 1 0 0 0 0 4 78 106 1 78 65 110 1 0 0 0 0 102 92 94 1 153 124 137 1 211 153 116 1 206 119 130 1 216 136 101 1 217 141 64 1
67 110 130 1 97 109 149 1 0 0 0 0 117 93 149 1 88 108 127 1 68 105 103 1 59 109 124 1 53 77 105 1 59 63 98 1 0 0 0 0 48 77 87 1 0 0 0 0 66 92 126 1 60 105 127 1 77 101 90 1 100 109 116 1 87 52 121 1 70 81 82 1 83 117 107 1 141 90 93 1 114 91 91 1 124 92 109 1 136 104 108 1 134 114 91 1 110 133 112 1 117 115 140 1 133 105 124 1 130 132 131 1 113 130 105 1 106 120 96 1 99 117 115 1 105 110 108 1 73 95 107 1 115 90 121 1 88 80 141 1 102 97 145 1 83 85 122 1 43 83 119 1 0 0 0 0 0 0 0 0 49 94 135 1 0 0 0 0 3 54 116 1 27 60 126 1 39 89 106 1 30 62 127 1 39 30 121 1 56 59 128 1 18 78 121 1 52 77 123 1 41 54 115 1 21 91 118 1 28 70 104 1 45 92 118 1 101 91 130 1 148 129 114 1 168 155 107 1 199 164 111 1 207 134 137 1 233 165 121 1
60 79 145 1 73 104 111 1 0 0 0 0 92 91 126 1 84 117 136 1 84 93 133 1 82 79 131 1 61 80 113 1 34 95 110 1 65 77 129 1 58 50 111 1 58 95 121 1 66 94 130 1 59 108 119 1 66 88 136 1 81 89 127 1 75 73 92 1 106 109 88 1 101 96 116 1 119 91 101 1 133 96 82 1 115 127 91 1 130 128 128 1 134 126 117 1 104 103 114 1 121 127 142 1 136 129 103 1 128 78 101 1 126 96 114 1 129 90 83 1 116 121 105 1 106 123 115 1 0 0 0 0 0 0 0 0 83 100 87 1 98 81 118 1 72 81 100 1 55 70 88 1 55 60 75 1 22 70 108 1 28 59 103 1 46 53 100 1 14 84 131 1 33 70 109 1 24 77 113 1 30 60 132 1 51 58 89 1 19 89 117 1 24 72 126 1 0 0 0 0 47 81 120 1 20 54 119 1 44 70 106 1 56 90 96 1 86 53 105 1 132 104 125 1 111 153 110 1 157 152 119 1 169 165 116 1 208 134 135 1
0 0 0 0 71 72 120 1 59 70 97 1 50 92 113 1 80 87 142 1 58 102 145 1 73 94 136 1 47 80 128 1 55 72 134 1 27 79 120 1 47 91 112 1 55 66 123 1 77 73 124 1 59 93 138 1 68 77 132 1 62 63 128 1 0 0 0 0 56 113 102 1 71 118 124 1 114 144 121 1 122 126 105 1 129 103 115 1 137 110 109 1 118 137 114 1 123 100 124 1 116 93 118 1 130 115 88 1 141 86 108 1 116 85 92 1 121 113 85 1 111 116 90 1 143 128 140 1 150 121 124 1 121 123 109 1 106 97 108 1 96 80 102 1 81 90 84 1 64 91 106 1 41 70 85 1 0 0 0 0 43 65 96 1 26 60 104 1 52 94 114 1 41 71 96 1 50 68 114 1 53 64 137 1 37 92 108 1 54 70 112 1 16 61 137 1 0 0 0 0 39 59 110 1 29 70 125 1 40 69 108 1 41 71 99 1 47 96 106 1 67 99 112 1 92 108 104 1 109 121 103 1 151 132 103 1 134 131 105 1
0 0 0 0 66 64 104 1 47 76 105 1 0 0 0 0 47 88 130 1 66 85 117 1 47 74 119 1 39 77 108 1 36 74 125 1 49 58 138 1 50 74 107 1 23 94 114 1 24 77 111 1 44 66 104 1 38 95 121 1 67 71 100 1 59 89 96 1 39 104 102 1 67 68 102 1 64 101 103 1 123 93 133 1 125 110 116 1 131 131 107 1 131 134 129 1 135 100 95 1 124 121 97 1 148 100 107 1 118 98 116 1 128 80 72 1 98 112 109 1 131 126 92 1 146 105 125 1 133 123 134 1 139 113 129 1 129 110 134 1 126 126 112 1 0 0 0 0 0 0 0 0 57 76 91 1 33 54 66 1 65 75 60 1 40 71 80 1 44 69 101 1 31 82 90 1 0 0 0 0 38 85 101 1 54 92 98 1 31 61 120 1 40 87 109 1 39 59 89 1 49 79 131 1 20 76 113 1 33 85 127 1 44 83 124 1 51 101 108 1 71 95 133 1 75 104 102 1 82 106 107 1 95 117 112 1 102 112 115 1
89 98 104 1 89 79 101 1 61 71 111 1 80 58 110 1 66 72 121 1 56 59 115 1 0 0 0 0 60 65 118 1 45 77 114 1 25 55 140 1 50 79 114 1 45 85 141 1 37 61 129 1 34 68 111 1 38 53 125 1 33 94 126 1 51 79 90 1 52 83 97 1 0 0 0 0 85 112 131 1 118 97 133 1 105 120 127 1 132 114 124 1 131 117 132 1 103 114 120 1 162 107 110 1 127 119 101 1 142 107 116 1 109 123 128 1 120 87 108 1 119 110 106 1 118 109 109 1 139 109 129 1 141 167 119 1 159 148 132 1 153 112 157 1 111 94 111 1 98 109 126 1 99 86 103 1 96 87 68 1 58 75 111 1 42 52 100 1 46 76 112 1 51 96 91 1 44 74 101 1 41 64 113 1 42 69 109 1 43 35 118 1 28 84 130 1 45 77 96 1 31 71 116 1 18 80 116 1 37 81 98 1 30 103 127 1 45 68 132 1 51 113 112 1 49 99 137 1 73 99 125 1 0 0 0 0 0 0 0 0
113 90 83 1 100 78 99 1 98 83 103 1 104 67 114 1 70 75 104 1 0 0 0 0 56 38 88 1 0 0 0 0 0 0 0 0 15 101 117 1 32 75 125 1 38 65 118 1 31 91 104 1 42 77 134 1 53 77 123 1 23 70 108 1 33 94 123 1 50 84 88 1 27 89 103 1 0 0 0 0 82 102 110 1 74 103 132 1 118 97 140 1 0 0 0 0 0 0 0 0 130 107 134 1 132 146 110 1 142 115 117 1 110 119 141 1 84 90 122 1 103 103 116 1 108 101 88 1 104 150 126 1 132 122 108 1 127 162 143 1 171 181 154 1 117 98 143 1 135 104 109 1 109 78 118 1 98 106 131 1 75 94 135 1 63 81 143 1 66 77 107 1 59 45 123 1 41 65 123 1 6 58 90 1 46 63 96 1 39 93 108 1 0 0 0 0 25 53 100 1 40 77 102 1 14 82 115 1 64 69 92 1 28 52 91 1 39 55 118 1 65 61 94 1 51 75 122 1 45 68 114 1 42 70 113 1 37 71 126 1
143 103 129 1 131 135 122 1 0 0 0 0 102 98 107 1 92 107 132 1 0 0 0 0 78 92 88 1 48 86 116 1 77 81 97 1 52 72 81 1 69 104 125 1 42 85 118 1 20 79 113 1 0 0 0 0 36 56 118 1 39 86 120 1 23 75 112 1 48 67 120 1 0 0 0 0 0 0 0 0 70 65 112 1 82 87 122 1 67 84 123 1 59 78 107 1 0 0 0 0 115 101 109 1 101 101 110 1 100 80 97 1 102 119 118 1 105 85 135 1 95 89 125 1 101 83 120 1 112 95 114 1 124 109 112 1 154 136 133 1 129 121 130 1 113 147 134 1 132 107 117 1 116 109 116 1 83 109 111 1 108 92 164 1 82 80 103 1 90 96 121 1 37 58 107 1 45 75 90 1 36 62 90 1 38 49 118 1 27 82 118 1 25 102 128 1 54 95 129 1 34 68 140 1 28 53 99 1 0 0 0 0 37 74 109 1 67 59 116 1 31 54 124 1 20 54 96 1 36 80 123 1 57 95 104 1 43 94 112 1
175 120 105 1 159 122 104 1 123 127 123 1 134 104 113 1 0 0 0 0 0 0 0 0 101 102 121 1 76 61 98 1 56 77 83 1 65 65 80 1 36 85 76 1 50 80 98 1 34 64 116 1 36 60 116 1 0 0 0 0 35 58 111 1 39 76 108 1 30 58 111 1 20 75 108 1 44 72 130 1 0 0 0 0 54 76 97 1 53 67 129 1 65 91 147 1 68 95 119 1 74 96 125 1 55 124 129 1 55 108 112 1 58 117 143 1 85 113 121 1 88 96 119 1 96 109 122 1 95 88 114 1 96 102 126 1 115 101 149 1 109 126 133 1 107 96 123 1 112 107 117 1 81 91 125 1 77 104 130 1 78 84 151 1 65 91 131 1 23 81 134 1 37 92 111 1 26 80 123 1 33 79 149 1 35 80 152 1 27 84 107 1 58 62 129 1 24 60 115 1 41 52 114 1 73 88 118 1 36 64 103 1 24 81 92 1 30 81 117 1 51 80 116 1 43 61 116 1 48 88 123 1 34 86 108 1 33 81 123 1
0 0 0 0 182 134 148 1 142 146 141 1 137 121 117 1 129 145 165 1 105 99 145 1 109 95 107 1 81 64 142 1 83 81 106 1 71 78 98 1 63 63 89 1 48 79 105 1 51 78 111 1 45 75 126 1 0 0 0 0 0 0 0 0 34 61 110 1 51 80 125 1 40 54 106 1 19 87 104 1 44 58 115 1 49 57 100 1 44 81 89 1 0 0 0 0 66 103 109 1 74 94 130 1 79 91 127 1 69 104 121 1 94 116 140 1 84 120 135 1 59 95 124 1 79 70 99 1 0 0 0 0 96 62 124 1 0 0 0 0 129 117 140 1 110 129 110 1 97 94 131 1 88 112 138 1 69 97 121 1 58 82 113 1 61 83 110 1 43 96 138 1 0 0 0 0 0 0 0 0 35 72 144 1 0 0 0 0 0 0 0 0 44 100 127 1 0 0 0 0 25 92 123 1 37 81 121 1 33 84 140 1 37 71 132 1 37 86 117 1 49 86 114 1 41 73 123 1 23 121 119 1 52 97 135 1 0 0 0 0
192 163 134 1 197 128 140 1 163 129 137 1 173 116 131 1 128 110 133 1 124 135 139 1 107 113 129 1 111 98 140 1 86 74 101 1 61 74 94 1 71 102 116 1 60 69 118 1 80 77 115 1 48 64 109 1 66 67 106 1 49 66 115 1 53 49 121 1 26 58 85 1 42 69 96 1 50 53 98 1 32 59 94 1 48 48 116 1 51 64 88 1 35 75 97 1 42 72 115 1 39 80 98 1 60 77 121 1 0 0 0 0 49 88 106 1 76 92 114 1 85 90 127 1 91 61 125 1 67 103 144 1 93 83 112 1 73 59 106 1 85 87 153 1 97 89 128 1 58 92 103 1 72 96 115 1 64 69 118 1 55 70 127 1 70 65 110 1 52 100 121 1 60 88 110 1 35 66 119 1 21 76 137 1 36 80 147 1 4 46 131 1 29 73 145 1 41 57 131 1 17 61 135 1 0 0 0 0 36 90 141 1 19 85 110 1 44 58 137 1 48 65 122 1 47 68 110 1 48 67 116 1 46 68 123 1 45 62 135 1
0 0 0 0 178 168 141 1 184 119 141 1 166 137 108 1 153 141 152 1 134 96 118 1 124 97 114 1 103 108 121 1 102 101 108 1 96 76 96 1 63 84 104 1 0 0 0 0 79 80 119 1 85 91 132 1 0 0 0 0 74 84 135 1 99 82 125 1 24 78 95 1 60 68 101 1 47 71 102 1 53 65 101 1 20 63 94 1 29 68 104 1 26 88 113 1 21 84 128 1 23 72 86 1 0 0 0 0 44 77 103 1 50 97 119 1 45 91 119 1 28 96 93 1 39 81 108 1 60 88 80 1 45 100 123 1 66 95 126 1 54 78 110 1 59 78 124 1 52 100 109 1 58 79 142 1 47 77 121 1 83 74 113 1 63 75 104 1 0 0 0 0 19 84 85 1 31 84 147 1 17 94 136 1 43 53 121 1 24 69 139 1 32 75 142 1 21 78 142 1 20 69 131 1 40 89 119 1 50 68 121 1 64 76 125 1 38 69 103 1 49 57 126 1 41 68 112 1 0 0 0 0 60 98 112 1 32 64 121 1
192 138 130 1 198 157 89 1 189 118 93 1 167 111 97 1 158 126 146 1 154 112 148 1 128 96 115 1 133 111 124 1 100 101 123 1 99 104 124 1 85 82 106 1 105 116 134 1 91 54 115 1 119 84 90 1 94 107 115 1 116 101 103 1 95 93 132 1 82 87 90 1 76 89 82 1 0 0 0 0 48 57 80 1 25 58 101 1 0 0 0 0 66 69 96 1 54 99 96 1 36 66 93 1 63 85 122 1 34 85 126 1 20 72 101 1 30 83 97 1 40 79 118 1 61 89 135 1 34 66 108 1 37 84 108 1 36 70 96 1 26 69 134 1 76 88 117 1 45 61 122 1 29 47 130 1 55 63 113 1 41 75 112 1 38 59 117 1 45 88 106 1 45 67 100 1 36 87 139 1 33 84 147 1 0 0 0 0 42 65 157 1 73 60 151 1 31 73 139 1 49 81 126 1 0 0 0 0 52 90 114 1 53 59 104 1 26 75 123 1 22 63 119 1 40 86 115 1 48 70 114 1 47 81 111 1 0 0 0 0
194 158 123 1 175 140 106 1 162 108 108 1 148 131 111 1 156 115 140 1 136 111 128 1 128 126 111 1 125 119 132 1 112 90 123 1 100 103 131 1 96 101 121 1 93 106 130 1 139 115 110 1 116 116 113 1 116 142 98 1 124 114 117 1 118 89 118 1 110 80 95 1 112 66 60 1 0 0 0 0 79 86 84 1 42 60 71 1 72 73 85 1 0 0 0 0 58 65 126 1 45 74 98 1 26 77 125 1 34 66 142 1 0 0 0 0 29 65 97 1 31 75 125 1 47 90 110 1 38 94 147 1 52 77 117 1 26 96 130 1 33 87 125 1 33 95 124 1 60 55 135 1 0 0 0 0 50 77 107 1 0 0 0 0 23 82 125 1 18 75 101 1 44 86 96 1 20 78 130 1 36 68 132 1 47 73 113 1 58 87 126 1 6 78 142 1 52 78 127 1 39 65 104 1 0 0 0 0 32 74 108 1 29 100 112 1 38 83 107 1 66 89 129 1 43 93 119 1 21 74 108 1 45 100 109 1 0 0 0 0
165 130 89 1 194 126 113 1 169 129 119 1 160 112 97 1 122 113 135 1 128 122 141 1 92 96 118 1 122 84 108 1 110 92 110 1 94 113 119 1 94 97 124 1 117 118 160 1 106 122 72 1 150 101 101 1 144 133 123 1 149 144 130 1 141 135 97 1 113 137 119 1 120 110 114 1 99 75 83 1 0 0 0 0 96 84 109 1 77 82 108 1 77 68 116 1 82 78 115 1 57 116 135 1 0 0 0 0 28 74 107 1 14 64 101 1 41 71 110 1 37 100 109 1 45 59 144 1 55 90 135 1 24 66 116 1 43 78 122 1 29 55 133 1 47 76 123 1 26 71 149 1 22 55 126 1 22 67 131 1 13 95 105 1 45 89 106 1 52 68 96 1 0 0 0 0 50 73 109 1 58 55 118 1 32 94 85 1 43 78 111 1 33 70 111 1 28 78 122 1 31 94 110 1 13 94 125 1 0 0 0 0 40 74 117 1 0 0 0 0 44 89 138 1 36 81 81 1 33 95 114 1 33 97 124 1 40 57 137 1
197 154 119 1 148 178 140 1 170 109 115 1 150 115 112 1 120 125 112 1 0 0 0 0 98 93 100 1 92 79 79 1 100 75 94 1 75 95 104 1 87 69 97 1 100 104 129 1 115 127 99 1 146 134 115 1 147 159 126 1 178 142 114 1 198 104 126 1 165 140 149 1 149 111 149 1 154 117 98 1 157 121 140 1 116 129 150 1 141 117 165 1 121 109 136 1 84 90 144 1 97 101 140 1 0 0 0 0 41 63 148 1 65 77 135 1 36 63 132 1 39 65 120 1 23 78 134 1 65 79 134 1 30 68 126 1 48 83 138 1 37 67 161 1 35 97 128 1 40 64 127 1 10 90 115 1 42 77 131 1 28 64 99 1 35 76 97 1 41 71 123 1 40 57 118 1 52 82 100 1 41 81 102 1 0 0 0 0 16 66 101 1 30 72 101 1 32 84 97 1 0 0 0 0 45 80 114 1 12 73 87 1 33 99 94 1 36 94 110 1 36 93 106 1 27 102 94 1 34 83 96 1 0 0 0 0 0 72 95 1
220 154 94 1 224 147 91 1 199 112 90 1 174 128 82 1 149 142 129 1 132 109 129 1 101 93 124 1 81 61 133 1 88 100 113 1 78 86 121 1 85 95 145 1 90 94 141 1 114 121 111 1 119 124 101 1 119 106 125 1 136 147 125 1 157 124 141 1 132 154 143 1 151 132 126 1 144 137 114 1 168 149 86 1 149 142 102 1 137 172 122 1 121 138 116 1 106 118 115 1 86 113 113 1 78 119 122 1 73 57 86 1 61 92 145 1 37 64 125 1 43 67 118 1 0 0 0 0 27 64 115 1 72 96 97 1 44 84 117 1 64 94 116 1 58 66 111 1 33 81 97 1 36 83 114 1 33 80 117 1 0 0 0 0 48 89 126 1 35 85 126 1 43 75 115 1 34 67 112 1 35 30 100 1 37 90 114 1 0 0 0 0 18 56 85 1 20 88 110 1 29 72 124 1 0 0 0 0 0 91 111 1 18 68 107 1 21 85 104 1 0 0 0 0 27 86 110 1 25 76 99 1 36 80 85 1 43 71 104 1
250 160 125 1 221 166 118 1 196 149 106 1 0 0 0 0 0 0 0 0 0 0 0 0 116 128 134 1 107 92 119 1 120 88 139 1 97 113 139 1 92 82 136 1 105 84 121 1 102 87 87 1 104 96 66 1 128 98 64 1 115 138 115 1 139 126 117 1 147 150 134 1 130 166 117 1 122 125 124 1 144 130 119 1 144 126 118 1 117 143 111 1 104 124 133 1 133 115 136 1 87 115 150 1 85 109 134 1 68 120 124 1 56 65 109 1 44 81 124 1 40 90 102 1 51 66 123 1 60 61 111 1 47 69 112 1 29 96 125 1 33 62 74 1 37 81 89 1 28 72 92 1 43 65 118 1 39 74 104 1 29 77 138 1 32 75 128 1 23 68 129 1 39 53 115 1 21 66 124 1 28 75 112 1 61 78 100 1 44 60 87 1 18 61 117 1 7 69 111 1 29 82 126 1 57 83 100 1 35 60 93 1 24 77 97 1 33 89 111 1 14 70 110 1 33 61 107 1 31 111 102 1 0 0 0 0 60 70 128 1
231 162 128 1 0 0 0 0 0 0 0 0 0 0 0 0 173 135 94 1 158 137 113 1 148 133 127 1 131 110 138 1 128 89 141 1 133 114 138 1 119 119 149 1 97 100 115 1 93 83 99 1 79 96 86 1 69 88 96 1 97 80 106 1 93 87 119 1 119 107 121 1 103 120 152 1 115 115 147 1 111 99 83 1 93 121 119 1 90 102 131 1 0 0 0 0 90 112 122 1 77 94 131 1 0 0 0 0 38 72 127 1 21 65 123 1 50 56 123 1 34 74 124 1 32 82 150 1 9 80 110 1 50 75 121 1 31 52 104 1 41 82 96 1 29 86 131 1 35 72 133 1 23 76 114 1 58 83 105 1 43 53 119 1 25 84 118 1 30 65 101 1 28 61 113 1 29 63 93 1 46 96 115 1 46 91 124 1 29 71 102 1 30 60 81 1 0 0 0 0 34 50 113 1 25 42 110 1 32 61 85 1 10 78 103 1 22 86 120 1 26 77 134 1 37 105 108 1 32 109 133 1 49 105 116 1 62 92 126 1
213 146 131 1 213 142 125 1 195 144 103 1 194 118 99 1 0 0 0 0 0 0 0 0 153 103 99 1 158 125 128 1 121 143 130 1 105 126 121 1 135 109 113 1 117 130 89 1 99 98 119 1 109 66 98 1 89 76 101 1 97 44 119 1 91 110 85 1 77 70 126 1 65 76 109 1 93 78 125 1 89 66 112 1 50 87 109 1 75 98 117 1 71 92 140 1 87 69 123 1 64 87 132 1 72 67 132 1 33 49 105 1 23 61 115 1 45 85 117 1 48 78 100 1 54 100 114 1 29 83 113 1 37 83 127 1 11 97 123 1 40 82 93 1 9 85 114 1 38 71 136 1 44 86 123 1 12 81 98 1 20 62 111 1 33 90 104 1 2 70 101 1 11 58 120 1 28 63 107 1 61 80 122 1 51 72 99 1 48 90 141 1 23 90 110 1 32 101 140 1 0 0 0 0 17 94 89 1 52 74 116 1 27 94 106 1 50 89 122 1 50 92 111 1 37 74 137 1 54 106 99 1 30 82 117 1 73 81 99 1
186 154 115 1 224 168 122 1 214 160 122 1 202 146 128 1 173 125 115 1 171 137 145 1 164 119 122 1 150 131 100 1 157 126 109 1 121 137 110 1 113 97 90 1 117 94 112 1 110 94 112 1 0 0 0 0 92 90 90 1 79 86 83 1 84 56 81 1 0 0 0 0 61 49 129 1 47 71 112 1 58 78 123 1 71 90 126 1 0 0 0 0 106 90 120 1 67 77 122 1 73 103 128 1 101 85 129 1 94 90 125 1 0 0 0 0 0 0 0 0 18 87 107 1 26 59 123 1 42 62 94 1 50 66 104 1 33 85 106 1 44 95 119 1 14 82 108 1 68 93 112 1 47 74 146 1 27 86 118 1 52 56 78 1 36 88 97 1 0 0 0 0 30 84 124 1 55 57 119 1 58 74 131 1 33 79 110 1 65 78 108 1 35 62 126 1 48 92 108 1 0 0 0 0 48 89 100 1 0 0 0 0 23 87 114 1 18 81 131 1 31 63 88 1 58 64 122 1 44 95 122 1 0 0 0 0 0 0 0 0
176 129 108 1 153 109 126 1 191 150 135 1 187 148 147 1 0 0 0 0 175 107 107 1 173 151 100 1 143 127 90 1 158 133 130 1 120 141 96 1 128 127 104 1 124 134 96 1 130 125 153 1 116 108 131 1 111 99 119 1 109 100 138 1 89 69 114 1 71 78 111 1 68 58 117 1 59 60 102 1 77 84 123 1 100 110 127 1 70 82 127 1 68 101 143 1 112 107 149 1 77 100 134 1 87 96 103 1 109 63 109 1 53 96 87 1 70 97 89 1 0 0 0 0 15 64 112 1 45 77 114 1 46 91 112 1 42 46 104 1 30 54 135 1 47 71 95 1 33 82 121 1 64 50 115 1 54 69 128 1 38 76 105 1 24 84 112 1 25 80 104 1 42 43 118 1 27 65 104 1 45 83 121 1 43 75 142 1 32 90 120 1 35 97 112 1 29 65 122 1 22 52 124 1 45 79 113 1 53 57 110 1 34 80 90 1 50 76 115 1 39 80 98 1 39 92 110 1 0 0 0 0 42 88 121 1 59 68 125 1
149 135 109 1 159 147 112 1 170 127 138 1 144 160 131 1 188 135 161 1 163 126 116 1 179 146 112 1 0 0 0 0 0 0 0 0 163 140 140 1 150 151 120 1 157 120 100 1 128 124 161 1 143 120 137 1 133 123 120 1 113 125 126 1 84 116 112 1 55 84 137 1 61 53 100 1 64 70 91 1 78 57 109 1 68 89 107 1 128 105 95 1 114 119 128 1 0 0 0 0 119 91 127 1 106 109 118 1 107 107 86 1 104 104 112 1 87 93 95 1 44 81 102 1 68 82 94 1 41 61 99 1 71 92 129 1 36 55 98 1 30 43 92 1 32 60 116 1 36 62 115 1 0 0 0 0 27 73 104 1 54 74 120 1 50 71 89 1 30 74 101 1 55 78 87 1 52 41 110 1 33 67 126 1 55 83 117 1 20 70 101 1 52 78 121 1 51 89 119 1 0 0 0 0 63 61 114 1 41 84 99 1 20 73 108 1 31 84 105 1 49 91 108 1 28 108 107 1 50 89 114 1 58 62 111 1 56 91 135 1
181 162 110 1 201 134 114 1 161 141 131 1 176 149 146 1 188 127 138 1 179 151 140 1 155 132 111 1 154 118 94 1 149 118 102 1 159 112 105 1 123 138 83 1 148 130 111 1 126 128 120 1 138 138 125 1 130 131 130 1 114 129 114 1 99 132 115 1 72 133 103 1 70 88 111 1 0 0 0 0 68 99 88 1 104 93 82 1 91 110 120 1 127 113 112 1 143 147 128 1 133 121 105 1 130 106 88 1 121 122 124 1 84 105 111 1 85 108 114 1 118 103 102 1 80 115 100 1 75 85 118 1 49 79 94 1 0 0 0 0 71 78 139 1 37 70 115 1 44 83 110 1 33 71 117 1 18 61 116 1 41 52 120 1 53 62 112 1 47 76 142 1 37 93 115 1 35 75 116 1 57 68 102 1 33 89 110 1 61 98 126 1 34 82 125 1 66 73 107 1 0 0 0 0 31 96 120 1 0 84 79 1 47 63 83 1 24 67 115 1 0 0 0 0 70 85 111 1 0 0 0 0 42 75 126 1 81 68 112 1
200 142 140 1 171 148 91 1 178 116 113 1 156 122 112 1 166 114 125 1 179 137 109 1 192 138 147 1 152 138 93 1 171 153 127 1 153 155 102 1 142 122 89 1 114 127 90 1 115 118 108 1 133 126 108 1 138 118 93 1 119 90 123 1 115 99 115 1 74 69 96 1 82 80 111 1 0 0 0 0 105 88 99 1 110 81 79 1 116 103 84 1 152 111 108 1 0 0 0 0 170 127 103 1 205 134 84 1 0 0 0 0 150 119 82 1 134 123 88 1 96 93 109 1 0 0 0 0 110 112 97 1 82 96 109 1 45 103 113 1 36 86 105 1 33 87 140 1 0 0 0 0 24 60 124 1 51 80 110 1 36 77 131 1 49 77 96 1 10 76 90 1 2 34 133 1 42 84 136 1 28 86 105 1 20 85 126 1 41 94 153 1 38 93 97 1 69 78 129 1 40 48 115 1 34 65 107 1 27 66 100 1 43 86 122 1 67 75 84 1 54 54 100 1 70 99 110 1 32 74 91 1 59 73 110 1 60 97 117 1
187 145 138 1 165 132 96 1 188 127 118 1 177 136 130 1 0 0 0 0 183 151 109 1 160 119 89 1 0 0 0 0 156 136 120 1 138 124 128 1 150 121 85 1 132 122 98 1 112 86 79 1 125 83 101 1 0 0 0 0 109 107 71 1 115 119 84 1 107 109 94 1 79 98 110 1 124 118 120 1 130 92 106 1 112 118 84 1 143 139 96 1 161 132 101 1 205 147 115 1 187 161 119 1 193 139 85 1 0 0 0 0 0 0 0 0 161 130 114 1 157 108 121 1 0 0 0 0 125 104 153 1 0 0 0 0 103 83 146 1 74 77 116 1 51 82 101 1 61 97 126 1 25 82 141 1 60 100 117 1 38 92 99 1 33 76 108 1 45 85 85 1 27 72 134 1 48 93 116 1 46 61 133 1 43 88 120 1 37 62 138 1 41 77 119 1 46 83 131 1 39 83 101 1 67 83 127 1 47 65 113 1 25 66 135 1 68 64 124 1 65 79 88 1 47 70 120 1 59 87 107 1 55 45 136 1 53 69 106 1
207 155 128 1 0 0 0 0 185 147 120 1 197 162 109 1 176 129 125 1 191 124 136 1 178 132 106 1 182 99 105 1 161 137 121 1 145 149 105 1 133 148 86 1 143 125 119 1 137 134 104 1 148 134 83 1 116 114 70 1 125 121 75 1 123 115 86 1 119 132 128 1 126 119 122 1 123 138 140 1 137 129 101 1 133 138 114 1 0 0 0 0 161 137 106 1 0 0 0 0 204 167 124 1 212 155 122 1 0 0 0 0 158 138 152 1 143 134 111 1 143 128 137 1 136 125 112 1 0 0 0 0 0 0 0 0 78 64 104 1 66 65 100 1 52 73 120 1 57 71 113 1 26 85 136 1 54 87 117 1 33 97 103 1 31 77 100 1 24 70 133 1 26 54 109 1 49 70 120 1 0 0 0 0 52 59 96 1 31 79 104 1 34 79 112 1 38 84 123 1 40 63 123 1 49 74 139 1 21 71 128 1 37 57 112 1 31 65 124 1 48 91 98 1 53 59 131 1 54 122 110 1 65 101 129 1 63 95 127 1
243 215 128 1 200 164 141 1 208 167 122 1 205 126 87 1 194 144 115 1 201 132 114 1 201 133 128 1 190 150 148 1 164 130 135 1 174 159 130 1 181 121 120 1 199 152 98 1 173 125 106 1 137 118 83 1 146 121 107 1 142 157 120 1 172 127 135 1 140 130 124 1 119 135 141 1 134 155 149 1 177 136 133 1 204 158 161 1 187 167 158 1 163 177 131 1 188 138 126 1 179 166 128 1 202 135 148 1 150 141 90 1 138 121 101 1 0 0 0 0 145 118 120 1 138 118 153 1 106 126 139 1 97 98 124 1 77 92 96 1 52 71 111 1 41 68 129 1 39 83 135 1 15 73 101 1 60 77 104 1 27 69 121 1 56 78 103 1 38 73 134 1 31 86 108 1 40 55 112 1 60 56 129 1 17 68 117 1 47 70 106 1 49 73 117 1 60 78 136 1 0 0 0 0 41 66 103 1 32 56 104 1 30 106 105 1 57 86 106 1 64 71 112 1 52 58 118 1 61 102 120 1 66 88 117 1 95 75 131 1
252 210 147 1 255 178 119 1 219 177 143 1 213 175 125 1 203 124 120 1 196 149 118 1 198 160 139 1 225 174 137 1 209 154 154 1 229 149 137 1 241 165 129 1 220 148 101 1 188 149 107 1 198 144 92 1 193 142 117 1 164 184 115 1 147 151 107 1 130 144 138 1 116 127 101 1 0 0 0 0 167 148 150 1 166 165 156 1 155 152 139 1 135 129 75 1 0 0 0 0 120 132 142 1 143 127 95 1 120 108 101 1 91 124 129 1 122 109 115 1 85 76 113 1 72 101 118 1 80 86 130 1 0 0 0 0 68 88 102 1 61 61 87 1 59 48 124 1 37 76 136 1 44 83 117 1 51 64 135 1 60 60 109 1 32 72 86 1 37 54 108 1 8 56 125 1 42 67 120 1 57 87 100 1 20 85 130 1 38 91 118 1 34 87 141 1 31 60 122 1 41 110 123 1 0 0 0 0 31 61 124 1 49 77 103 1 0 0 0 0 41 71 137 1 66 74 132 1 62 104 127 1 0 0 0 0 90 107 155 1
0 0 0 0 255 231 134 1 237 189 117 1 241 172 127 1 209 197 124 1 223 176 118 1 228 173 127 1 216 162 149 1 244 173 169 1 250 155 124 1 224 161 131 1 230 152 92 1 228 179 114 1 0 0 0 0 206 186 123 1 196 167 169 1 171 148 134 1 162 138 126 1 130 125 117 1 98 109 124 1 117 94 99 1 0 0 0 0 113 106 110 1 0 0 0 0 81 76 101 1 103 77 99 1 91 73 70 1 82 92 83 1 78 97 116 1 71 77 117 1 0 0 0 0 58 72 108 1 58 73 102 1 50 101 114 1 28 63 125 1 47 99 86 1 0 0 0 0 16 93 121 1 26 52 121 1 43 105 129 1 29 75 126 1 44 56 111 1 37 72 132 1 22 68 131 1 42 92 126 1 38 59 107 1 0 0 0 0 36 105 112 1 59 60 126 1 0 0 0 0 30 82 122 1 45 80 108 1 46 66 115 1 17 72 86 1 24 71 114 1 53 86 107 1 0 0 0 0 50 89 118 1 54 93 131 1 97 114 149 1
0 0 0 0 249 214 134 1 255 225 101 1 216 217 90 1 226 210 120 1 216 167 88 1 0 0 0 0 212 166 140 1 222 167 124 1 241 164 120 1 255 175 124 1 248 166 85 1 230 156 134 1 201 156 125 1 178 158 115 1 210 165 128 1 164 141 137 1 130 132 128 1 133 118 114 1 90 107 122 1 85 98 135 1 102 114 124 1 0 0 0 0 81 92 121 1 78 88 127 1 67 81 125 1 73 76 115 1 52 97 119 1 51 119 133 1 46 44 103 1 31 57 122 1 50 78 102 1 40 85 120 1 34 97 98 1 37 73 118 1 43 80 94 1 22 74 109 1 11 102 100 1 5 86 121 1 0 0 0 0 33 78 115 1 21 51 126 1 14 52 112 1 23 37 117 1 52 101 119 1 0 0 0 0 48 50 125 1 50 87 124 1 36 75 154 1 35 87 114 1 0 0 0 0 13 81 121 1 57 74 126 1 32 75 103 1 63 105 119 1 37 89 122 1 33 89 123 1 75 107 126 1 67 94 117 1 99 121 112 1
0 0 0 0 239 227 118 1 225 234 98 1 255 210 115 1 223 185 114 1 224 171 97 1 230 174 97 1 0 0 0 0 217 145 124 1 224 177 149 1 240 162 119 1 0 0 0 0 190 166 103 1 156 115 76 1 148 112 102 1 160 122 117 1 116 104 117 1 114 102 118 1 84 101 82 1 53 88 96 1 44 83 92 1 73 90 97 1 51 65 98 1 51 79 96 1 43 61 114 1 36 53 118 1 12 47 103 1 16 60 94 1 51 66 113 1 38 37 124 1 34 60 116 1 6 53 102 1 51 79 131 1 16 69 128 1 6 72 109 1 0 76 127 1 34 74 82 1 22 79 83 1 41 66 99 1 27 105 131 1 0 0 0 0 20 54 109 1 61 70 106 1 0 0 0 0 43 83 114 1 31 103 105 1 53 90 120 1 49 90 133 1 18 77 116 1 0 0 0 0 57 68 115 1 30 76 134 1 44 103 128 1 51 81 111 1 39 76 114 1 60 68 90 1 52 73 107 1 55 82 139 1 54 108 124 1 72 105 145 1
176 144 149 1 193 193 171 1 0 0 0 0 203 204 166 1 191 174 132 1 212 181 147 1 187 172 154 1 0 0 0 0 182 181 160 1 171 155 151 1 142 152 167 1 132 144 140 1 130 118 149 1 76 85 155 1 110 106 136 1 84 115 147 1 0 0 0 0 77 97 125 1 53 107 106 1 83 96 126 1 52 76 101 1 56 79 91 1 58 71 138 1 66 70 100 1 73 81 125 1 0 0 0 0 71 76 96 1 37 83 111 1 20 72 110 1 40 78 100 1 27 63 100 1 30 91 133 1 36 80 122 1 0 53 115 1 33 78 112 1 28 39 82 1 38 81 122 1 23 77 115 1 23 83 118 1 49 77 101 1 36 84 115 1 13 67 88 1 40 64 138 1 15 91 111 1 47 56 150 1 39 64 96 1 0 0 0 0 37 87 112 1 17 73 125 1 30 84 112 1 37 85 95 1 34 93 122 1 33 67 117 1 28 80 98 1 28 69 118 1 48 80 112 1 26 76 108 1 45 98 117 1 48 80 112 1 0 0 0 0
131 128 126 1 142 140 138 1 158 137 126 1 146 129 131 1 125 134 107 1 154 118 113 1 110 112 123 1 100 113 131 1 0 0 0 0 103 119 99 1 95 113 102 1 97 120 114 1 109 69 88 1 85 73 105 1 94 81 102 1 73 75 96 1 68 68 102 1 33 78 111 1 0 0 0 0 73 62 91 1 53 80 123 1 46 51 123 1 37 77 110 1 65 68 115 1 58 68 105 1 35 89 100 1 43 81 95 1 24 73 90 1 30 55 142 1 0 0 0 0 40 65 100 1 37 59 108 1 28 80 85 1 16 52 117 1 27 63 106 1 36 91 100 1 0 0 0 0 4 77 89 1 29 93 119 1 1 65 111 1 58 68 117 1 40 68 119 1 26 74 116 1 41 82 109 1 28 102 123 1 56 77 128 1 56 64 80 1 0 0 0 0 33 100 107 1 56 79 137 1 18 79 121 1 53 71 96 1 0 0 0 0 44 81 106 1 23 75 115 1 26 91 96 1 49 78 119 1 44 50 130 1 44 97 122 1 67 88 119 1
93 117 137 1 76 97 121 1 91 110 90 1 103 109 119 1 110 106 111 1 117 95 121 1 125 75 110 1 77 74 131 1 60 93 104 1 102 100 78 1 0 0 0 0 82 95 122 1 88 104 75 1 90 88 88 1 85 97 111 1 80 93 107 1 74 80 92 1 39 90 108 1 65 81 112 1 73 85 116 1 51 115 133 1 0 0 0 0 63 106 146 1 47 93 107 1 72 84 96 1 57 99 98 1 51 106 97 1 48 67 102 1 56 91 125 1 43 83 119 1 13 63 115 1 42 60 93 1 24 69 134 1 39 80 122 1 29 65 103 1 22 67 101 1 20 63 122 1 24 59 97 1 30 81 115 1 43 67 114 1 56 85 119 1 29 78 122 1 44 60 131 1 48 68 108 1 23 70 107 1 24 84 156 1 31 80 123 1 19 79 125 1 27 44 106 1 30 94 124 1 45 73 115 1 24 74 113 1 38 73 88 1 50 73 107 1 63 61 94 1 0 0 0 0 8 84 116 1 0 0 0 0 29 92 117 1 40 82 121 1
80 80 146 1 97 96 118 1 92 95 107 1 104 72 119 1 112 61 127 1 106 82 93 1 81 81 127 1 79 74 120 1 58 66 93 1 75 78 109 1 60 95 118 1 72 117 144 1 108 90 117 1 0 0 0 0 123 110 124 1 94 96 104 1 97 93 106 1 104 99 112 1 103 101 88 1 68 93 113 1 76 102 133 1 68 68 129 1 66 77 115 1 54 87 110 1 65 83 110 1 52 75 106 1 0 0 0 0 71 67 119 1 65 59 142 1 41 87 88 1 28 63 127 1 31 83 107 1 15 100 120 1 27 77 122 1 49 76 115 1 7 74 97 1 34 59 108 1 35 63 104 1 38 71 146 1 37 75 98 1 18 84 103 1 39 61 119 1 45 65 126 1 41 78 123 1 49 77 124 1 33 72 125 1 32 64 133 1 36 65 114 1 40 97 108 1 33 69 122 1 22 73 103 1 31 83 112 1 33 73 118 1 0 0 0 0 29 50 85 1 0 0 0 0 14 79 96 1 29 77 135 1 40 77 105 1 25 84 111 1
55 80 116 1 113 106 113 1 0 0 0 0 81 99 90 1 85 104 138 1 99 80 117 1 81 77 136 1 58 81 131 1 66 99 92 1 0 0 0 0 69 85 158 1 97 117 126 1 120 135 126 1 118 96 117 1 107 96 109 1 114 126 107 1 79 82 102 1 84 101 99 1 91 87 111 1 90 85 104 1 89 91 147 1 78 109 136 1 73 94 123 1 95 59 106 1 62 103 93 1 29 68 131 1 25 91 115 1 0 0 0 0 36 74 105 1 0 0 0 0 36 74 128 1 18 72 117 1 11 71 124 1 0 0 0 0 24 81 107 1 30 85 118 1 13 64 128 1 18 63 109 1 16 59 103 1 21 73 134 1 21 71 120 1 29 100 114 1 0 0 0 0 17 77 102 1 35 72 105 1 39 60 138 1 48 74 120 1 42 68 96 1 45 76 124 1 50 84 113 1 27 87 125 1 37 90 124 1 19 85 107 1 25 65 112 1 26 93 115 1 31 79 124 1 19 74 114 1 25 46 110 1 15 86 117 1 42 92 133 1
82 120 121 1 115 103 145 1 127 87 139 1 106 107 131 1 110 104 112 1 127 96 131 1 105 72 116 1 90 97 133 1 96 82 101 1 91 94 112 1 91 98 123 1 94 107 117 1 104 112 101 1 146 115 136 1 121 134 126 1 115 117 119 1 106 111 126 1 0 0 0 0 102 101 126 1 79 108 110 1 48 96 165 1 86 98 110 1 86 87 115 1 80 85 106 1 66 50 111 1 84 85 117 1 24 98 105 1 27 59 104 1 19 81 132 1 54 60 104 1 26 62 119 1 42 54 110 1 33 85 107 1 37 76 125 1 0 0 0 0 65 69 105 1 31 70 134 1 26 86 113 1 54 68 114 1 21 66 136 1 38 77 98 1 29 80 113 1 56 77 103 1 30 46 133 1 0 0 0 0 40 80 97 1 48 79 94 1 46 76 112 1 33 91 125 1 39 65 137 1 47 80 121 1 53 86 129 1 40 75 132 1 56 107 115 1 35 73 127 1 40 73 137 1 49 87 136 1 22 77 124 1 0 0 0 0 15 66 136 1
101 119 104 1 131 121 147 1 159 137 136 1 152 129 104 1 0 0 0 0 102 88 121 1 96 117 109 1 0 0 0 0 96 95 97 1 93 94 105 1 0 0 0 0 103 118 114 1 122 111 111 1 129 116 122 1 131 108 111 1 111 83 131 1 0 0 0 0 112 118 120 1 0 0 0 0 93 95 136 1 100 118 138 1 58 105 120 1 79 94 133 1 91 94 121 1 56 68 134 1 0 0 0 0 0 0 0 0 60 63 99 1 35 62 108 1 10 62 126 1 64 70 70 1 7 77 114 1 14 71 123 1 25 88 121 1 44 68 140 1 31 82 82 1 30 86 149 1 60 73 139 1 40 62 128 1 32 66 129 1 50 53 122 1 0 0 0 0 26 75 121 1 49 83 117 1 30 109 125 1 37 79 86 1 26 68 111 1 32 68 120 1 13 45 117 1 10 62 129 1 26 65 120 1 16 47 124 1 35 102 137 1 40 70 110 1 43 64 144 1 33 69 130 1 0 0 0 0 47 88 125 1 9 75 122 1 37 85 124 1
138 132 80 1 139 125 109 1 140 132 114 1 170 138 113 1 173 148 141 1 144 125 144 1 118 123 135 1 127 127 97 1 0 0 0 0 0 0 0 0 120 93 96 1 0 0 0 0 128 101 122 1 125 92 103 1 114 112 123 1 106 120 132 1 105 102 119 1 78 71 108 1 87 99 107 1 91 94 87 1 98 97 116 1 75 86 133 1 93 86 123 1 70 114 121 1 61 82 123 1 49 80 129 1 56 75 109 1 31 65 99 1 21 74 109 1 3 73 124 1 0 0 0 0 17 77 107 1 26 77 89 1 50 80 116 1 13 76 115 1 36 83 117 1 32 80 113 1 48 76 122 1 41 79 119 1 31 72 119 1 29 63 122 1 15 97 112 1 23 58 123 1 42 68 94 1 45 80 100 1 38 92 114 1 21 71 114 1 23 48 106 1 29 77 107 1 17 91 115 1 35 76 129 1 30 74 120 1 12 85 137 1 35 68 107 1 45 93 136 1 0 0 0 0 53 84 134 1 24 77 129 1 52 74 126 1 57 77 117 1
94 129 123 1 104 108 111 1 145 150 128 1 134 142 115 1 125 101 170 1 126 134 149 1 139 122 120 1 109 140 143 1 127 124 123 1 101 97 104 1 108 132 110 1 0 0 0 0 148 129 129 1 107 112 129 1 127 95 133 1 137 136 103 1 85 101 113 1 77 106 126 1 88 79 122 1 100 81 100 1 89 90 109 1 75 81 125 1 67 62 101 1 53 65 123 1 72 65 134 1 58 68 129 1 42 82 130 1 38 61 131 1 37 73 108 1 33 80 127 1 61 73 118 1 5 71 87 1 0 0 0 0 28 82 126 1 42 78 113 1 39 88 103 1 13 77 130 1 24 84 129 1 39 86 120 1 48 98 106 1 49 92 120 1 34 62 108 1 43 67 91 1 48 79 108 1 24 84 103 1 44 84 119 1 31 97 136 1 37 81 97 1 53 75 134 1 24 98 132 1 29 82 109 1 14 79 138 1 18 84 122 1 46 62 145 1 14 75 117 1 3 73 148 1 37 82 133 1 33 95 138 1 43 66 128 1 29 80 143 1
95 109 71 1 113 120 107 1 108 111 103 1 121 141 108 1 104 119 128 1 123 112 127 1 138 150 136 1 134 108 102 1 138 113 116 1 135 115 130 1 119 136 143 1 112 149 104 1 145 134 119 1 146 124 102 1 137 122 109 1 99 118 125 1 105 114 139 1 98 81 118 1 112 100 115 1 118 63 135 1 0 0 0 0 0 0 0 0 65 79 92 1 67 82 112 1 55 89 127 1 41 75 126 1 0 0 0 0 43 69 121 1 19 81 116 1 6 94 119 1 45 62 162 1 0 0 0 0 11 73 124 1 63 81 120 1 36 75 144 1 39 86 125 1 38 95 111 1 0 0 0 0 26 49 111 1 35 57 112 1 66 84 114 1 38 85 130 1 58 79 86 1 40 75 107 1 29 80 120 1 42 80 122 1 18 81 128 1 37 76 104 1 0 0 0 0 0 0 0 0 42 72 139 1 0 0 0 0 22 77 122 1 16 68 125 1 28 76 139 1 45 71 128 1 34 88 150 1 29 100 130 1 10 95 113 1 55 79 120 1
94 110 105 1 134 115 98 1 109 119 103 1 112 106 100 1 132 109 123 1 117 96 131 1 127 115 126 1 137 154 142 1 120 124 92 1 119 98 127 1 139 105 113 1 141 112 115 1 137 121 120 1 114 130 112 1 140 149 109 1 119 98 126 1 147 121 95 1 123 101 106 1 110 97 128 1 95 118 114 1 93 110 114 1 96 96 120 1 106 94 105 1 83 64 110 1 71 66 122 1 77 81 117 1 54 85 119 1 24 70 122 1 43 82 128 1 52 44 122 1 63 78 105 1 60 77 133 1 0 0 0 0 15 77 140 1 38 86 154 1 63 99 133 1 8 92 122 1 0 0 0 0 39 78 95 1 27 81 108 1 34 63 128 1 25 58 126 1 0 0 0 0 31 94 142 1 19 82 111 1 30 81 119 1 0 0 0 0 15 87 130 1 35 61 130 1 40 75 98 1 42 99 123 1 29 99 123 1 0 0 0 0 0 0 0 0 32 72 131 1 0 0 0 0 0 0 0 0 10 68 121 1 20 74 135 1 41 75 119 1
121 102 137 1 115 107 119 1 134 94 101 1 0 0 0 0 136 99 130 1 156 139 97 1 146 103 121 1 130 121 122 1 136 100 131 1 0 0 0 0 109 120 119 1 146 123 95 1 147 126 120 1 146 136 130 1 169 120 126 1 147 130 144 1 159 127 115 1 144 135 132 1 152 127 99 1 110 94 111 1 88 109 113 1 118 78 121 1 100 103 103 1 110 80 114 1 0 0 0 0 63 85 125 1 54 83 160 1 57 81 125 1 37 79 116 1 34 88 112 1 17 74 134 1 44 93 110 1 58 65 112 1 31 70 125 1 60 84 134 1 50 99 149 1 38 80 137 1 47 91 100 1 0 0 0 0 19 62 113 1 47 50 117 1 51 86 119 1 28 58 123 1 38 78 94 1 48 97 100 1 46 103 113 1 22 84 128 1 24 71 131 1 37 94 130 1 27 67 122 1 3 73 130 1 23 77 119 1 37 107 126 1 0 0 0 0 52 100 125 1 27 90 121 1 43 86 129 1 47 76 122 1 40 81 118 1 32 79 129 1
118 120 132 1 119 120 136 1 122 126 105 1 138 88 100 1 147 111 122 1 134 88 134 1 0 0 0 0 129 87 124 1 149 133 122 1 140 115 109 1 169 115 103 1 128 114 111 1 0 0 0 0 150 135 136 1 191 125 125 1 173 115 109 1 165 107 105 1 160 116 133 1 154 106 88 1 134 121 81 1 98 106 128 1 107 98 106 1 92 94 89 1 73 75 86 1 85 92 124 1 46 96 111 1 26 93 109 1 53 82 130 1 44 74 116 1 56 43 91 1 65 62 112 1 42 83 115 1 28 72 97 1 48 65 130 1 36 75 97 1 16 84 139 1 40 86 125 1 55 70 115 1 31 65 133 1 38 85 121 1 20 56 127 1 36 68 116 1 27 96 107 1 27 77 112 1 24 87 127 1 44 72 150 1 53 67 136 1 26 75 118 1 0 0 0 0 0 0 0 0 44 64 132 1 36 97 141 1 39 72 109 1 35 69 116 1 35 65 105 1 39 75 110 1 0 0 0 0 36 86 98 1 30 59 128 1 30 62 133 1
131 90 104 1 100 104 131 1 107 115 107 1 126 132 94 1 126 127 128 1 124 86 138 1 0 0 0 0 137 104 120 1 141 87 108 1 138 125 116 1 116 104 129 1 144 125 110 1 170 109 117 1 170 117 116 1 167 130 109 1 176 125 138 1 172 138 106 1 147 129 128 1 134 128 96 1 137 124 106 1 126 128 118 1 131 93 118 1 108 128 104 1 120 87 98 1 56 100 121 1 47 78 110 1 38 85 109 1 60 89 105 1 38 68 145 1 7 67 109 1 17 87 107 1 35 68 97 1 42 71 109 1 0 0 0 0 50 93 131 1 35 89 119 1 43 82 124 1 26 63 124 1 0 0 0 0 36 61 103 1 32 74 102 1 29 75 111 1 30 56 104 1 50 87 109 1 14 69 107 1 41 88 139 1 31 77 138 1 56 66 111 1 29 68 100 1 49 94 112 1 20 74 110 1 19 69 126 1 43 90 127 1 29 85 98 1 5 96 100 1 50 95 106 1 42 90 97 1 49 87 129 1 62 50 115 1 36 91 92 1
112 119 98 1 117 116 118 1 124 116 106 1 130 107 118 1 102 111 98 1 136 113 100 1 139 125 110 1 136 119 115 1 131 105 97 1 152 111 105 1 136 95 119 1 117 108 115 1 170 115 116 1 188 142 109 1 191 136 131 1 173 158 138 1 175 156 115 1 0 0 0 0 167 114 106 1 156 120 123 1 175 126 131 1 137 108 116 1 126 122 99 1 102 100 103 1 87 113 102 1 66 97 137 1 74 82 129 1 36 79 126 1 32 72 123 1 49 71 138 1 45 70 113 1 35 65 118 1 23 63 107 1 36 73 114 1 43 71 107 1 16 88 108 1 39 50 95 1 29 74 118 1 34 64 134 1 42 89 128 1 0 0 0 0 39 61 113 1 50 70 123 1 22 79 94 1 30 31 99 1 32 68 120 1 35 99 127 1 28 88 137 1 64 81 110 1 34 55 119 1 34 104 100 1 21 77 109 1 0 102 101 1 23 92 102 1 27 76 89 1 31 69 123 1 28 73 112 1 18 79 100 1 24 90 114 1 22 52 84 1
0 0 0 0 124 124 132 1 105 121 67 1 83 114 90 1 0 0 0 0 104 116 113 1 123 105 97 1 0 0 0 0 95 106 101 1 137 121 98 1 116 128 112 1 135 124 98 1 168 114 104 1 185 151 113 1 203 146 88 1 188 176 112 1 185 145 121 1 190 129 95 1 186 147 133 1 196 163 128 1 163 141 125 1 0 0 0 0 103 107 89 1 93 111 110 1 66 66 97 1 55 91 121 1 44 76 106 1 43 80 96 1 66 59 87 1 42 74 116 1 32 57 105 1 36 94 101 1 38 62 105 1 0 54 102 1 25 40 130 1 35 75 93 1 34 74 113 1 46 60 111 1 39 93 104 1 34 85 109 1 37 67 118 1 49 80 122 1 61 67 111 1 30 90 99 1 13 67 135 1 43 88 151 1 33 71 128 1 39 63 138 1 50 73 128 1 40 46 118 1 33 59 121 1 67 87 89 1 26 92 110 1 29 74 115 1 44 85 74 1 15 86 130 1 40 76 119 1 41 64 106 1 0 0 0 0 43 62 114 1
94 112 124 1 115 112 142 1 103 105 127 1 0 0 0 0 111 109 91 1 98 102 99 1 96 99 97 1 99 111 96 1 117 89 131 1 140 91 143 1 143 116 153 1 0 0 0 0 169 134 99 1 192 158 116 1 194 141 122 1 219 144 116 1 200 139 121 1 184 138 120 1 175 140 116 1 192 116 94 1 171 138 95 1 135 129 109 1 117 120 101 1 89 84 98 1 64 75 131 1 83 74 114 1 50 76 121 1 29 73 136 1 0 0 0 0 52 57 103 1 42 87 111 1 9 72 123 1 17 83 97 1 47 71 123 1 0 0 0 0 37 26 113 1 33 75 86 1 51 67 103 1 48 60 95 1 23 89 90 1 36 79 102 1 10 75 120 1 26 66 115 1 37 75 112 1 20 55 113 1 38 67 115 1 16 70 107 1 48 77 91 1 0 0 0 0 0 0 0 0 51 85 112 1 27 82 105 1 18 49 132 1 37 81 112 1 17 63 114 1 22 75 110 1 27 92 102 1 0 0 0 0 35 74 109 1 35 68 112 1
0 0 0 0 0 0 0 0 0 0 0 0 109 93 96 1 125 129 89 1 114 105 115 1 89 90 85 1 102 93 90 1 103 101 94 1 99 103 100 1 108 98 106 1 0 0 0 0 160 135 89 1 180 127 96 1 203 135 114 1 0 0 0 0 182 156 133 1 0 0 0 0 187 154 75 1 200 144 105 1 165 146 113 1 181 106 110 1 0 0 0 0 88 104 100 1 96 89 91 1 49 88 115 1 66 77 120 1 50 88 132 1 9 80 128 1 41 58 118 1 34 63 121 1 23 70 129 1 44 86 112 1 0 0 0 0 48 55 101 1 41 85 79 1 35 84 92 1 28 74 107 1 11 64 98 1 5 64 118 1 0 0 0 0 30 61 95 1 27 80 125 1 60 68 94 1 45 71 105 1 33 80 95 1 32 84 123 1 33 67 100 1 28 56 98 1 16 94 105 1 28 61 97 1 28 95 104 1 31 80 117 1 44 82 113 1 46 68 115 1 57 66 121 1 35 71 118 1 30 89 128 1 0 0 0 0 0 0 0 0
140 119 106 1 120 108 89 1 142 125 96 1 120 123 130 1 160 116 91 1 143 116 116 1 115 94 98 1 128 86 129 1 103 97 119 1 0 0 0 0 126 107 112 1 140 120 116 1 164 134 109 1 174 124 86 1 0 0 0 0 184 151 110 1 180 136 125 1 208 149 143 1 168 142 127 1 185 147 97 1 184 142 131 1 189 155 126 1 169 133 113 1 104 121 106 1 71 72 119 1 98 86 104 1 90 71 100 1 0 0 0 0 20 74 113 1 16 65 101 1 35 89 117 1 34 71 129 1 0 0 0 0 0 0 0 0 11 62 100 1 0 76 107 1 8 75 73 1 26 79 111 1 49 80 102 1 29 49 119 1 21 67 102 1 13 74 107 1 51 86 87 1 33 92 121 1 53 76 116 1 42 78 125 1 0 0 0 0 71 76 111 1 49 75 109 1 36 87 103 1 33 63 78 1 47 47 117 1 23 53 121 1 44 72 120 1 48 54 108 1 0 0 0 0 23 88 100 1 36 65 129 1 32 72 123 1 42 78 104 1
155 141 112 1 184 145 117 1 146 146 119 1 135 149 133 1 135 150 145 1 162 136 142 1 149 103 96 1 130 107 101 1 113 120 93 1 136 115 105 1 137 113 118 1 146 114 132 1 142 138 121 1 152 143 126 1 139 119 131 1 181 147 124 1 190 151 127 1 222 132 123 1 193 144 122 1 203 157 111 1 201 167 123 1 167 152 123 1 170 120 103 1 135 111 103 1 144 81 121 1 110 92 117 1 107 81 90 1 66 73 106 1 51 84 114 1 48 64 126 1 58 82 105 1 41 87 107 1 22 93 130 1 22 62 118 1 41 80 99 1 25 66 115 1 3 65 100 1 32 65 112 1 33 79 116 1 0 0 0 0 39 71 101 1 21 67 116 1 33 78 125 1 51 80 119 1 38 77 119 1 46 61 106 1 54 75 93 1 41 80 112 1 51 71 101 1 36 73 118 1 36 83 123 1 26 58 74 1 0 0 0 0 58 59 89 1 44 71 110 1 62 91 133 1 27 85 130 1 39 69 116 1 50 64 125 1 43 79 150 1
171 145 111 1 163 136 133 1 175 153 133 1 179 153 135 1 160 131 123 1 163 150 145 1 167 161 128 1 170 114 111 1 112 111 86 1 129 104 88 1 111 113 120 1 118 143 141 1 0 0 0 0 141 113 117 1 153 121 115 1 170 146 149 1 0 0 0 0 191 148 106 1 186 141 127 1 214 158 129 1 198 144 128 1 206 136 113 1 178 158 124 1 165 119 118 1 0 0 0 0 140 83 72 1 101 81 86 1 89 81 96 1 77 110 110 1 67 65 112 1 62 45 103 1 48 56 95 1 0 0 0 0 0 0 0 0 11 75 119 1 40 58 96 1 0 0 0 0 27 77 124 1 0 0 0 0 35 76 99 1 0 0 0 0 46 87 106 1 27 91 138 1 62 94 121 1 31 51 111 1 11 50 88 1 45 67 92 1 39 74 131 1 72 70 89 1 43 69 100 1 28 73 99 1 51 64 94 1 21 76 129 1 38 74 117 1 27 69 121 1 21 80 124 1 20 74 117 1 27 93 121 1 15 74 109 1 24 68 128 1
163 136 94 1 167 150 128 1 160 150 147 1 197 138 105 1 176 142 140 1 160 141 126 1 0 0 0 0 156 101 111 1 131 105 109 1 137 123 105 1 137 127 143 1 129 148 113 1 147 129 97 1 134 115 97 1 0 0 0 0 161 147 131 1 192 143 124 1 205 162 130 1 200 172 147 1 221 186 116 1 199 132 125 1 197 142 142 1 215 139 110 1 190 147 75 1 152 107 96 1 153 103 80 1 140 108 73 1 126 103 73 1 88 114 126 1 89 100 90 1 91 68 112 1 68 82 104 1 47 78 78 1 54 79 128 1 42 97 115 1 14 78 123 1 0 100 111 1 42 79 129 1 51 93 167 1 32 67 131 1 26 82 112 1 8 66 91 1 64 65 97 1 65 75 78 1 24 69 118 1 46 60 112 1 0 0 0 0 38 66 113 1 23 75 118 1 26 76 83 1 37 59 117 1 35 57 105 1 39 82 97 1 45 57 128 1 26 65 145 1 47 39 147 1 50 97 123 1 58 63 110 1 41 83 136 1 51 85 121 1
0 0 0 0 0 0 0 0 151 137 154 1 161 142 131 1 183 144 134 1 165 171 153 1 0 0 0 0 154 143 115 1 148 124 119 1 0 0 0 0 162 132 120 1 139 129 103 1 141 138 101 1 156 134 113 1 159 118 119 1 173 151 97 1 0 0 0 0 191 138 122 1 203 176 111 1 205 145 105 1 0 0 0 0 0 0 0 0 196 159 98 1 179 136 118 1 0 0 0 0 0 0 0 0 156 140 88 1 165 128 91 1 140 109 152 1 121 112 114 1 80 80 112 1 92 115 122 1 59 79 129 1 47 94 121 1 35 69 130 1 26 67 134 1 25 95 134 1 38 69 142 1 13 67 122 1 0 0 0 0 43 62 112 1 22 63 108 1 15 76 101 1 15 70 99 1 39 85 97 1 0 0 0 0 25 54 95 1 25 53 111 1 45 93 86 1 0 0 0 0 45 78 102 1 36 58 111 1 22 49 113 1 14 62 93 1 0 0 0 0 0 0 0 0 43 69 139 1 45 102 144 1 24 75 109 1 35 85 133 1
162 126 122 1 145 146 91 1 134 121 94 1 168 133 97 1 154 130 109 1 158 104 119 1 162 126 96 1 154 145 118 1 170 107 122 1 134 127 104 1 114 103 115 1 123 109 98 1 132 99 126 1 132 145 84 1 151 123 100 1 172 136 97 1 184 146 101 1 199 130 121 1 221 156 109 1 235 161 107 1 213 159 110 1 197 137 95 1 224 173 126 1 206 178 128 1 200 118 108 1 212 143 100 1 160 153 78 1 0 0 0 0 150 110 135 1 137 104 162 1 107 88 116 1 107 102 129 1 95 81 126 1 0 0 0 0 67 60 133 1 0 0 0 0 48 102 114 1 39 72 134 1 51 91 135 1 5 68 112 1 33 59 110 1 23 80 122 1 45 79 103 1 56 68 83 1 36 78 90 1 35 72 104 1 45 83 112 1 27 41 113 1 27 52 114 1 22 78 142 1 41 67 108 1 19 83 107 1 27 86 136 1 43 52 101 1 53 75 95 1 58 57 140 1 0 0 0 0 52 77 105 1 34 98 142 1 45 68 112 1
128 107 128 1 144 97 106 1 144 117 100 1 0 0 0 0 161 110 117 1 118 107 127 1 160 133 112 1 140 134 144 1 152 107 121 1 136 127 122 1 168 85 104 1 139 140 117 1 181 111 80 1 148 104 86 1 155 135 114 1 177 144 116 1 207 133 98 1 183 157 88 1 204 142 117 1 193 149 86 1 218 178 105 1 208 182 94 1 220 173 134 1 210 173 122 1 0 0 0 0 212 155 108 1 198 138 120 1 194 149 99 1 0 0 0 0 183 125 95 1 136 102 109 1 136 101 87 1 93 86 105 1 104 70 111 1 71 78 115 1 40 61 99 1 37 68 143 1 45 53 124 1 0 0 0 0 59 68 109 1 0 0 0 0 44 58 93 1 0 0 0 0 29 78 110 1 44 89 121 1 42 55 123 1 32 63 120 1 43 86 104 1 33 80 128 1 42 82 113 1 49 58 113 1 26 70 120 1 25 71 115 1 16 48 125 1 11 67 116 1 33 84 135 1 0 0 0 0 29 62 112 1 34 93 108 1 57 53 140 1
79 105 124 1 105 102 100 1 110 79 98 1 94 101 91 1 129 101 136 1 111 128 118 1 134 121 120 1 144 118 97 1 152 141 140 1 118 110 97 1 178 118 125 1 165 138 139 1 164 119 76 1 154 145 120 1 172 109 104 1 203 148 96 1 212 137 92 1 198 132 107 1 181 135 121 1 190 167 115 1 196 153 76 1 213 174 95 1 209 162 102 1 208 158 102 1 0 0 0 0 202 162 131 1 206 157 110 1 189 115 121 1 209 153 129 1 192 145 123 1 161 120 104 1 115 105 101 1 135 112 111 1 87 86 115 1 56 88 105 1 54 66 112 1 54 68 135 1 47 56 145 1 24 66 119 1 36 72 115 1 55 61 103 1 43 71 103 1 45 73 109 1 44 83 89 1 17 87 110 1 0 0 0 0 34 84 123 1 35 84 103 1 29 92 113 1 42 79 107 1 50 80 114 1 46 95 137 1 0 0 0 0 34 71 121 1 23 74 116 1 38 92 143 1 0 0 0 0 42 59 113 1 31 85 115 1 35 79 126 1
70 85 97 1 48 79 82 1 81 78 95 1 102 94 106 1 121 100 99 1 115 99 127 1 0 0 0 0 129 109 140 1 123 117 129 1 129 110 139 1 153 117 118 1 138 156 127 1 189 129 97 1 161 152 108 1 175 145 110 1 182 157 116 1 199 148 83 1 186 143 79 1 205 151 92 1 231 143 101 1 206 169 87 1 234 136 100 1 217 161 114 1 225 160 105 1 0 0 0 0 0 0 0 0 194 160 143 1 213 161 127 1 199 161 148 1 173 123 120 1 173 118 115 1 124 130 141 1 123 96 101 1 84 127 131 1 91 95 125 1 103 77 118 1 43 72 114 1 47 66 113 1 27 77 105 1 43 83 121 1 18 77 137 1 11 82 113 1 43 76 113 1 41 75 116 1 47 80 121 1 47 69 129 1 0 0 0 0 26 70 106 1 68 75 104 1 11 76 95 1 36 78 120 1 46 83 115 1 36 70 116 1 37 69 111 1 18 83 127 1 46 74 117 1 32 70 137 1 39 81 120 1 0 0 0 0 52 90 129 1
0 0 0 0 0 0 0 0 59 98 100 1 80 92 163 1 89 113 103 1 93 92 106 1 0 0 0 0 110 91 114 1 98 99 114 1 134 121 125 1 130 133 142 1 128 128 112 1 146 133 117 1 170 157 124 1 209 141 109 1 178 149 123 1 195 148 92 1 186 144 108 1 0 0 0 0 206 169 86 1 197 175 99 1 226 171 99 1 233 174 118 1 202 162 100 1 241 189 124 1 209 166 120 1 224 158 148 1 201 178 157 1 215 138 120 1 187 162 131 1 179 136 118 1 0 0 0 0 109 138 106 1 102 104 116 1 117 65 88 1 71 69 122 1 53 73 96 1 25 62 105 1 0 0 0 0 51 86 115 1 27 85 84 1 0 0 0 0 30 52 122 1 26 72 117 1 27 66 105 1 59 79 110 1 23 66 126 1 19 80 124 1 25 78 101 1 34 86 124 1 37 54 94 1 29 34 132 1 28 80 105 1 17 83 106 1 39 42 108 1 47 94 130 1 33 50 127 1 31 65 116 1 37 94 138 1 45 83 121 1
18 69 118 1 24 65 92 1 0 0 0 0 57 69 110 1 78 109 119 1 93 95 111 1 75 112 118 1 71 73 94 1 102 115 109 1 82 105 133 1 117 118 132 1 95 120 115 1 151 128 115 1 132 144 130 1 164 161 112 1 178 164 130 1 192 155 113 1 200 157 98 1 190 163 124 1 203 142 89 1 206 154 108 1 224 158 106 1 210 173 97 1 214 156 121 1 211 166 120 1 228 163 105 1 225 172 125 1 218 171 114 1 220 144 107 1 0 0 0 0 167 163 113 1 143 147 126 1 141 126 115 1 140 119 113 1 115 78 105 1 97 106 81 1 71 85 96 1 51 62 94 1 50 59 113 1 74 68 109 1 38 78 122 1 55 86 137 1 47 82 134 1 20 65 87 1 22 82 105 1 51 84 112 1 42 81 115 1 39 57 97 1 37 87 140 1 4 72 107 1 40 70 115 1 0 0 0 0 33 74 133 1 35 75 118 1 0 96 129 1 27 82 133 1 61 51 142 1 19 76 118 1 0 0 0 0 21 65 150 1
20 76 122 1 41 94 118 1 51 63 134 1 57 102 148 1 36 111 96 1 48 91 111 1 58 79 107 1 73 72 126 1 84 103 118 1 67 78 104 1 68 95 131 1 97 97 115 1 137 124 121 1 128 139 139 1 150 133 124 1 163 170 137 1 215 158 130 1 174 149 105 1 214 170 107 1 194 164 116 1 209 141 91 1 0 0 0 0 227 158 108 1 198 154 112 1 226 163 117 1 195 159 117 1 227 154 128 1 218 147 103 1 200 172 116 1 187 165 86 1 198 125 100 1 194 139 100 1 170 141 107 1 148 106 116 1 142 104 125 1 95 74 107 1 85 91 105 1 71 106 138 1 52 98 104 1 62 80 105 1 58 86 132 1 59 81 131 1 34 66 116 1 27 68 93 1 36 74 116 1 36 68 134 1 12 46 115 1 43 85 116 1 43 76 116 1 38 68 128 1 25 71 100 1 23 70 100 1 28 91 101 1 0 0 0 0 21 83 123 1 37 87 117 1 53 66 108 1 30 80 123 1 34 60 124 1 43 90 136 1
44 72 111 1 41 51 105 1 57 86 131 1 35 85 147 1 34 73 138 1 46 68 135 1 0 0 0 0 41 93 130 1 0 0 0 0 55 72 112 1 85 103 124 1 83 109 135 1 110 106 112 1 109 107 114 1 136 130 125 1 141 147 103 1 154 140 123 1 157 140 111 1 195 165 118 1 0 0 0 0 221 168 95 1 224 161 97 1 221 175 121 1 223 157 101 1 230 170 124 1 229 153 128 1 202 159 117 1 209 123 104 1 0 0 0 0 0 0 0 0 187 148 106 1 193 125 118 1 0 0 0 0 0 0 0 0 0 0 0 0 151 120 128 1 82 99 124 1 90 101 125 1 0 0 0 0 0 0 0 0 83 84 140 1 44 80 87 1 28 73 131 1 0 0 0 0 19 92 110 1 28 49 134 1 29 87 120 1 15 65 131 1 7 36 123 1 25 65 140 1 16 80 119 1 41 80 112 1 48 55 115 1 49 70 134 1 25 92 115 1 0 0 0 0 35 87 122 1 35 92 123 1 47 74 136 1 56 81 151 1
26 92 93 1 34 45 115 1 0 0 0 0 14 74 103 1 0 0 0 0 30 57 140 1 50 80 111 1 65 67 123 1 0 0 0 0 35 83 92 1 66 102 124 1 66 67 103 1 79 91 125 1 98 97 123 1 0 0 0 0 110 119 91 1 163 128 129 1 155 157 144 1 177 155 115 1 199 169 136 1 213 165 118 1 230 185 111 1 207 177 129 1 0 0 0 0 234 170 100 1 251 180 133 1 244 151 109 1 238 189 116 1 0 0 0 0 208 165 112 1 199 148 107 1 193 125 105 1 201 164 114 1 168 128 122 1 141 128 115 1 136 101 117 1 0 0 0 0 82 90 110 1 66 100 109 1 75 91 115 1 58 80 121 1 0 0 0 0 32 60 86 1 51 55 126 1 0 0 0 0 1 66 124 1 1 87 138 1 51 91 110 1 61 71 125 1 40 54 110 1 0 0 0 0 32 81 119 1 30 70 112 1 46 63 128 1 23 74 100 1 13 62 113 1 26 70 109 1 34 69 126 1 48 96 117 1 22 88 121 1
31 83 129 1 41 93 97 1 21 93 122 1 16 83 116 1 41 71 128 1 32 97 115 1 14 90 112 1 17 85 87 1 46 68 105 1 41 71 132 1 0 0 0 0 74 81 110 1 59 99 111 1 61 86 118 1 94 115 146 1 90 118 114 1 88 118 128 1 119 122 109 1 162 141 140 1 165 172 116 1 213 153 122 1 188 189 118 1 229 193 100 1 199 179 120 1 218 182 92 1 200 188 121 1 232 176 116 1 224 150 120 1 220 183 85 1 251 155 96 1 211 152 97 1 229 156 96 1 235 176 117 1 211 149 109 1 159 141 113 1 141 131 99 1 169 136 103 1 136 122 82 1 128 123 124 1 121 116 95 1 112 59 96 1 59 84 113 1 74 87 117 1 27 60 129 1 39 61 135 1 36 70 111 1 65 71 110 1 44 98 117 1 46 71 127 1 0 0 0 0 28 74 126 1 42 74 115 1 0 0 0 0 27 63 116 1 45 70 119 1 42 54 96 1 12 83 105 1 36 67 106 1 45 56 119 1 51 80 124 1
0 0 0 0 30 87 129 1 29 68 119 1 0 70 117 1 24 74 98 1 0 0 0 0 56 99 118 1 52 80 109 1 7 71 113 1 41 60 126 1 60 69 100 1 50 91 89 1 60 69 91 1 62 57 112 1 52 77 139 1 71 96 91 1 87 105 113 1 0 0 0 0 131 118 116 1 157 146 102 1 0 0 0 0 221 173 127 1 207 180 114 1 219 204 88 1 0 0 0 0 0 0 0 0 241 185 109 1 216 204 137 1 239 199 112 1 0 0 0 0 205 166 108 1 225 184 132 1 226 172 84 1 237 163 118 1 183 160 95 1 215 145 102 1 179 142 102 1 191 120 117 1 164 120 117 1 140 127 126 1 116 111 130 1 100 94 102 1 84 88 114 1 73 100 113 1 60 88 120 1 52 82 112 1 73 97 131 1 55 83 106 1 54 81 106 1 23 78 130 1 20 88 136 1 48 79 110 1 34 85 111 1 34 79 112 1 0 0 0 0 39 66 130 1 48 76 141 1 52 79 121 1 45 69 124 1 0 0 0 0
29 79 97 1 26 68 107 1 7 60 111 1 44 86 119 1 43 77 120 1 49 95 101 1 41 77 129 1 38 71 106 1 35 76 96 1 24 65 104 1 40 97 121 1 41 65 127 1 52 62 123 1 37 52 109 1 67 76 117 1 47 72 101 1 0 0 0 0 83 108 115 1 121 116 106 1 124 150 103 1 0 0 0 0 224 152 96 1 230 185 127 1 229 170 95 1 236 163 111 1 254 174 94 1 0 0 0 0 244 196 138 1 242 178 135 1 248 193 133 1 255 187 124 1 238 180 133 1 0 0 0 0 205 180 122 1 213 159 125 1 202 147 109 1 196 141 100 1 186 126 119 1 208 126 127 1 0 0 0 0 138 135 119 1 106 105 102 1 107 112 115 1 93 80 105 1 89 101 131 1 69 74 130 1 64 83 126 1 58 74 130 1 75 71 106 1 41 62 126 1 46 62 106 1 0 0 0 0 22 97 125 1 0 0 0 0 8 75 121 1 42 81 124 1 32 98 155 1 43 60 146 1 36 56 117 1 44 80 114 1
28 56 125 1 38 60 116 1 39 58 84 1 25 67 119 1 0 0 0 0 20 64 111 1 44 61 147 1 15 84 115 1 35 64 135 1 42 70 128 1 53 93 110 1 27 69 119 1 54 54 79 1 56 88 123 1 28 87 117 1 49 83 98 1 51 71 99 1 80 102 108 1 105 92 93 1 123 111 101 1 170 104 97 1 181 154 98 1 219 186 125 1 219 163 112 1 232 176 104 1 227 182 115 1 0 0 0 0 0 0 0 0 223 197 126 1 251 213 114 1 233 182 110 1 206 184 124 1 203 160 131 1 226 174 148 1 237 182 137 1 207 183 108 1 216 162 144 1 200 143 117 1 206 129 124 1 203 139 122 1 178 127 123 1 169 125 139 1 155 123 87 1 0 0 0 0 85 93 105 1 68 71 94 1 78 87 114 1 72 54 83 1 41 73 87 1 40 66 121 1 51 48 99 1 45 86 115 1 0 64 111 1 11 64 134 1 21 89 123 1 11 81 138 1 23 73 116 1 10 82 142 1 35 83 131 1 0 0 0 0
47 78 115 1 41 61 95 1 34 64 100 1 26 69 136 1 37 75 112 1 30 82 94 1 0 0 0 0 29 75 132 1 18 66 120 1 34 47 138 1 33 49 120 1 46 47 125 1 49 47 107 1 51 86 95 1 51 82 93 1 53 88 98 1 51 63 103 1 57 60 89 1 61 87 98 1 91 111 109 1 148 93 131 1 188 157 114 1 231 156 140 1 240 174 132 1 0 0 0 0 239 164 102 1 255 173 112 1 0 0 0 0 239 211 118 1 243 186 115 1 216 184 126 1 209 178 125 1 0 0 0 0 222 170 106 1 224 191 117 1 0 0 0 0 0 0 0 0 0 0 0 0 247 152 109 1 204 151 114 1 211 135 136 1 208 129 111 1 179 141 112 1 152 125 102 1 141 123 131 1 131 124 124 1 110 128 104 1 98 95 103 1 84 83 117 1 57 93 124 1 43 60 129 1 54 99 137 1 29 72 140 1 0 0 0 0 37 57 152 1 16 93 114 1 23 85 120 1 24 65 135 1 48 77 130 1 43 65 145 1
37 76 101 1 49 89 97 1 19 46 120 1 24 77 109 1 0 0 0 0 52 59 125 1 43 71 133 1 50 56 115 1 0 0 0 0 58 68 128 1 44 88 139 1 38 72 130 1 65 59 77 1 0 0 0 0 0 0 0 0 25 68 120 1 0 89 80 1 0 0 0 0 76 78 115 1 94 91 103 1 147 135 119 1 181 145 150 1 199 163 154 1 240 184 146 1 245 186 126 1 241 205 88 1 226 167 82 1 244 177 102 1 243 190 123 1 253 174 117 1 236 172 112 1 241 190 123 1 250 180 131 1 240 196 106 1 224 177 116 1 226 169 120 1 0 0 0 0 228 146 163 1 229 174 124 1 203 183 105 1 214 162 138 1 220 160 127 1 219 174 120 1 195 155 117 1 209 160 108 1 149 136 110 1 149 106 112 1 122 104 110 1 97 108 115 1 87 105 98 1 77 72 91 1 0 0 0 0 59 84 106 1 37 88 102 1 57 69 127 1 19 86 103 1 63 65 129 1 61 74 153 1 75 107 103 1 80 82 129 1
41 62 128 1 56 82 137 1 50 68 130 1 25 82 123 1 41 53 90 1 27 68 119 1 24 86 106 1 26 69 118 1 19 77 118 1 43 72 120 1 35 61 109 1 27 106 108 1 18 63 91 1 0 0 0 0 52 82 115 1 52 78 99 1 27 76 98 1 54 51 84 1 74 80 113 1 68 80 115 1 125 130 134 1 165 140 153 1 195 175 177 1 225 212 129 1 227 186 144 1 255 208 119 1 242 185 99 1 253 190 109 1 0 0 0 0 222 183 104 1 226 180 125 1 233 214 127 1 228 185 117 1 246 182 126 1 0 0 0 0 0 0 0 0 210 184 112 1 213 154 119 1 209 172 137 1 228 159 126 1 230 178 95 1 218 189 108 1 0 0 0 0 169 152 110 1 210 171 121 1 215 162 108 1 0 0 0 0 170 140 115 1 0 0 0 0 101 108 101 1 101 68 89 1 69 102 90 1 0 0 0 0 60 61 112 1 79 64 113 1 65 90 104 1 61 96 103 1 69 76 123 1 95 94 119 1 73 109 122 1
54 73 105 1 0 0 0 0 23 59 128 1 0 0 0 0 51 63 117 1 33 77 104 1 44 84 98 1 0 0 0 0 33 68 100 1 37 63 111 1 10 58 143 1 36 88 123 1 22 80 67 1 53 68 89 1 46 79 89 1 43 98 114 1 39 86 92 1 32 96 96 1 36 95 138 1 94 113 128 1 112 96 95 1 148 129 142 1 0 0 0 0 204 182 139 1 219 195 127 1 237 216 105 1 233 185 93 1 239 191 73 1 226 187 96 1 224 187 117 1 229 175 123 1 237 200 128 1 222 198 113 1 221 194 114 1 246 176 94 1 207 164 93 1 238 184 127 1 207 160 122 1 0 0 0 0 227 183 131 1 223 182 102 1 219 172 119 1 237 158 104 1 233 163 93 1 232 164 117 1 207 174 116 1 217 137 107 1 225 166 109 1 0 0 0 0 155 133 121 1 0 0 0 0 119 116 139 1 108 97 142 1 82 103 97 1 74 89 93 1 82 67 78 1 88 76 84 1 86 94 103 1 95 99 90 1 145 93 113 1
0 0 0 0 0 0 0 0 44 73 123 1 21 71 127 1 45 100 150 1 28 71 136 1 72 92 121 1 26 82 109 1 49 81 126 1 23 76 114 1 0 0 0 0 40 78 94 1 9 90 128 1 33 70 92 1 0 0 0 0 38 65 87 1 0 0 0 0 81 95 131 1 57 88 123 1 54 90 155 1 85 115 113 1 105 123 132 1 139 148 129 1 163 173 130 1 224 185 131 1 238 204 131 1 247 196 110 1 235 211 110 1 229 158 115 1 233 197 106 1 0 0 0 0 242 200 111 1 244 171 101 1 255 189 108 1 248 175 106 1 228 201 94 1 199 185 113 1 208 167 97 1 204 175 125 1 0 0 0 0 0 0 0 0 218 171 106 1 218 188 94 1 236 148 104 1 215 162 111 1 0 0 0 0 199 171 122 1 190 129 109 1 156 166 110 1 149 134 117 1 137 144 112 1 123 111 94 1 0 0 0 0 104 116 123 1 132 94 107 1 113 96 114 1 125 86 95 1 81 102 115 1 118 126 131 1 114 109 142 1
30 80 107 1 40 93 143 1 38 90 124 1 18 75 136 1 31 70 102 1 47 67 114 1 30 82 106 1 55 60 122 1 48 69 105 1 39 79 101 1 54 92 91 1 46 109 110 1 30 89 100 1 30 91 107 1 40 73 117 1 56 88 123 1 85 72 112 1 81 84 131 1 76 98 114 1 95 103 160 1 112 102 116 1 113 132 113 1 131 138 136 1 158 160 101 1 195 168 127 1 203 193 137 1 226 157 105 1 0 0 0 0 244 180 138 1 226 182 130 1 212 184 109 1 237 205 96 1 245 175 113 1 234 174 133 1 244 171 108 1 234 194 127 1 212 168 128 1 226 166 120 1 231 172 143 1 210 166 127 1 198 187 145 1 193 132 96 1 231 148 110 1 216 156 84 1 224 141 140 1 205 156 114 1 199 136 123 1 192 130 119 1 162 147 146 1 162 128 129 1 140 119 125 1 119 128 126 1 0 0 0 0 109 105 118 1 114 110 119 1 89 118 131 1 92 92 126 1 102 106 135 1 132 111 121 1 131 123 142 1
28 72 112 1 0 0 0 0 25 98 116 1 31 83 103 1 54 75 108 1 49 87 121 1 23 60 99 1 14 89 107 1 41 70 114 1 46 74 102 1 47 85 75 1 34 62 104 1 0 0 0 0 22 80 90 1 46 75 92 1 23 61 126 1 0 0 0 0 51 68 109 1 60 88 132 1 48 92 123 1 82 91 146 1 72 117 131 1 99 113 114 1 110 113 117 1 147 133 124 1 176 144 120 1 207 170 136 1 225 195 148 1 236 197 169 1 253 172 131 1 235 194 119 1 236 184 106 1 240 182 127 1 235 195 117 1 241 197 94 1 248 173 119 1 230 188 135 1 233 214 144 1 233 175 120 1 0 0 0 0 199 169 135 1 215 165 140 1 0 0 0 0 218 163 98 1 192 162 117 1 0 0 0 0 181 152 141 1 167 133 106 1 0 0 0 0 125 150 127 1 142 104 121 1 112 113 91 1 107 109 114 1 112 104 129 1 89 93 106 1 81 103 119 1 107 89 132 1 100 110 142 1 104 120 144 1 123 112 148 1