3
77 252 130 63
0 0 0 0 18 73 142 1 18 56 118 1 11 83 126 1 23 66 115 1 0 54 124 1 20 78 134 1 36 82 130 1 23 63 131 1 28 77 127 1 19 107 161 1 48 84 141 1 20 72 141 1 35 68 148 1 20 56 143 1 0 0 0 0 36 50 131 1 30 76 117 1 31 68 116 1 20 64 128 1 28 63 129 1 22 66 137 1 33 61 131 1 0 0 0 0 16 78 141 1 19 79 151 1 2 53 147 1 32 82 161 1 12 78 129 1 12 88 124 1 6 83 151 1 7 96 135 1 8 73 142 1 37 89 133 1 52 72 140 1 25 66 130 1 32 69 121 1 24 71 126 1 25 83 146 1 22 68 145 1 47 84 147 1 21 72 111 1 0 0 0 0 35 59 137 1 23 69 145 1 18 66 139 1 30 95 157 1 0 0 0 0 20 66 135 1 48 75 141 1 34 82 135 1 43 64 159 1 39 65 149 1 36 65 129 1 36 72 146 1 0 0 0 0 44 69 143 1 0 0 0 0 21 90 132 1 29 50 141 1 43 48 145 1 34 90 141 1 30 81 133 1
35 75 133 1 14 80 132 1 0 0 0 0 66 57 143 1 20 55 151 1 0 0 0 0 7 62 149 1 23 67 143 1 37 57 123 1 5 56 142 1 31 82 129 1 8 58 117 1 37 69 111 1 45 73 133 1 34 97 108 1 18 92 124 1 20 76 145 1 19 99 153 1 31 59 113 1 0 0 0 0 26 85 144 1 2 54 110 1 26 61 122 1 5 75 134 1 36 55 116 1 10 68 129 1 23 65 130 1 1 77 137 1 28 63 134 1 8 73 129 1 14 92 114 1 19 78 132 1 38 90 129 1 16 84 150 1 2 94 135 1 22 49 125 1 38 83 126 1 43 88 125 1 22 69 131 1 51 52 131 1 36 54 132 1 41 47 158 1 16 73 139 1 14 71 176 1 34 62 121 1 0 0 0 0 31 76 115 1 0 0 0 0 57 56 122 1 18 80 148 1 49 85 140 1 48 76 168 1 28 66 154 1 28 88 149 1 0 0 0 0 35 79 130 1 28 74 149 1 26 57 130 1 21 73 137 1 30 55 143 1 17 67 138 1 38 90 151 1 0 0 0 0
0 0 0 0 22 63 118 1 43 76 109 1 18 79 129 1 26 76 131 1 15 43 133 1 25 37 133 1 0 0 0 0 40 72 122 1 9 58 123 1 12 91 125 1 3 70 119 1 36 71 160 1 27 71 149 1 18 72 135 1 29 61 141 1 16 80 134 1 41 94 152 1 51 77 120 1 38 71 119 1 22 84 100 1 33 66 105 1 16 81 124 1 22 50 127 1 0 0 0 0 15 70 112 1 10 78 113 1 16 60 125 1 15 57 120 1 0 0 0 0 13 85 117 1 5 58 123 1 10 65 137 1 31 56 116 1 23 60 107 1 27 68 139 1 22 88 145 1 26 66 128 1 31 76 150 1 15 61 138 1 49 60 156 1 21 79 157 1 16 48 152 1 10 49 137 1 55 84 136 1 56 63 144 1 36 41 147 1 18 82 140 1 32 62 147 1 9 88 150 1 21 69 132 1 42 44 138 1 28 78 156 1 46 79 131 1 38 90 150 1 15 61 134 1 46 67 139 1 0 0 0 0 34 79 127 1 26 76 160 1 28 60 121 1 25 63 130 1 19 74 127 1
12 71 153 1 23 70 147 1 11 73 123 1 0 54 107 1 0 54 122 1 31 95 113 1 8 85 133 1 3 67 129 1 32 75 122 1 4 62 130 1 0 76 130 1 15 73 127 1 17 74 115 1 4 73 137 1 39 79 114 1 19 73 132 1 13 81 131 1 14 76 137 1 33 77 124 1 23 71 124 1 2 71 104 1 12 83 115 1 19 67 146 1 27 79 138 1 0 0 0 0 26 52 117 1 22 67 120 1 36 67 125 1 31 77 119 1 25 90 111 1 43 59 129 1 32 77 115 1 34 76 132 1 0 70 107 1 37 78 131 1 5 67 100 1 14 73 134 1 16 85 149 1 24 70 153 1 7 79 135 1 32 94 161 1 8 75 156 1 0 0 0 0 4 71 140 1 24 104 131 1 0 76 142 1 41 78 132 1 22 104 142 1 30 97 139 1 22 68 141 1 38 90 137 1 34 95 132 1 44 87 152 1 35 66 130 1 46 72 129 1 33 93 130 1 28 74 100 1 36 83 124 1 52 70 114 1 71 81 112 1 49 78 138 1 42 92 125 1 28 54 122 1
29 67 133 1 15 79 133 1 8 81 124 1 29 70 122 1 4 84 115 1 19 62 102 1 3 105 124 1 0 0 0 0 17 90 137 1 0 0 0 0 0 0 0 0 4 62 144 1 8 57 127 1 37 74 130 1 25 76 147 1 6 43 126 1 0 0 0 0 14 69 122 1 11 75 152 1 11 89 145 1 23 61 115 1 13 72 138 1 19 92 106 1 37 84 111 1 10 43 138 1 0 0 0 0 0 0 0 0 0 0 0 0 19 64 140 1 49 47 136 1 43 75 132 1 37 69 128 1 44 84 135 1 4 79 110 1 0 0 0 0 30 78 133 1 21 82 131 1 31 51 142 1 1 80 159 1 0 0 0 0 46 61 161 1 0 0 0 0 51 69 164 1 36 68 150 1 8 111 163 1 29 67 134 1 32 73 153 1 10 84 146 1 0 66 142 1 50 69 127 1 17 73 140 1 18 76 128 1 49 97 142 1 42 83 132 1 47 73 115 1 33 67 135 1 27 66 100 1 15 79 128 1 14 84 127 1 47 64 118 1 28 73 141 1 46 95 142 1 20 82 126 1
37 51 138 1 13 57 115 1 35 55 100 1 8 68 136 1 29 74 112 1 9 65 141 1 5 75 122 1 0 74 127 1 34 96 110 1 0 68 139 1 29 54 123 1 0 0 0 0 30 58 98 1 10 75 115 1 20 39 153 1 4 67 121 1 28 62 111 1 41 80 136 1 24 62 123 1 27 71 139 1 16 99 117 1 29 115 131 1 38 48 138 1 0 0 0 0 11 74 126 1 24 65 127 1 0 0 0 0 0 76 135 1 32 53 140 1 24 81 121 1 0 0 0 0 48 90 128 1 51 62 135 1 47 97 114 1 47 59 136 1 0 80 145 1 24 58 156 1 25 64 141 1 29 71 152 1 18 82 130 1 22 58 144 1 13 88 139 1 0 0 0 0 39 62 138 1 18 81 152 1 30 74 141 1 28 61 131 1 8 66 154 1 0 0 0 0 5 57 135 1 12 81 112 1 1 41 140 1 34 65 147 1 21 72 103 1 53 75 138 1 0 0 0 0 23 65 124 1 55 59 113 1 61 68 138 1 33 58 132 1 0 0 0 0 16 88 131 1 0 0 0 0
0 65 127 1 12 75 120 1 11 41 123 1 15 61 134 1 1 50 112 1 37 99 112 1 20 61 134 1 0 85 120 1 0 0 0 0 10 54 142 1 37 71 118 1 45 72 147 1 31 62 112 1 35 61 127 1 24 78 131 1 27 63 136 1 15 80 119 1 7 55 125 1 29 60 121 1 10 77 125 1 19 75 150 1 13 71 127 1 19 75 108 1 34 120 139 1 22 70 121 1 11 75 137 1 41 92 154 1 19 70 131 1 0 62 154 1 32 76 140 1 10 68 133 1 23 64 122 1 52 103 131 1 46 73 136 1 16 92 152 1 26 79 128 1 17 70 138 1 44 65 143 1 27 86 135 1 16 60 128 1 19 86 137 1 27 81 155 1 26 63 148 1 61 84 160 1 48 71 142 1 0 0 0 0 0 0 0 0 23 89 145 1 35 81 112 1 3 82 107 1 23 72 120 1 9 60 127 1 23 67 155 1 39 76 131 1 24 63 129 1 0 0 0 0 42 80 115 1 47 61 113 1 0 0 0 0 19 74 119 1 10 91 135 1 45 67 113 1 37 53 142 1
0 0 0 0 35 71 96 1 31 76 113 1 22 58 113 1 0 63 122 1 2 66 131 1 6 55 149 1 23 66 118 1 15 71 119 1 0 0 0 0 28 57 135 1 48 64 133 1 0 0 0 0 28 75 110 1 1 48 107 1 14 91 122 1 0 0 0 0 25 74 130 1 14 54 137 1 31 82 143 1 14 77 144 1 28 64 121 1 18 43 126 1 33 86 137 1 4 52 99 1 30 93 128 1 37 74 122 1 23 75 157 1 28 53 125 1 6 87 126 1 27 61 137 1 49 90 122 1 0 79 126 1 26 96 132 1 75 87 145 1 48 82 133 1 23 81 127 1 0 0 0 0 25 81 146 1 26 86 151 1 27 92 166 1 0 0 0 0 36 71 126 1 54 61 163 1 42 75 143 1 13 77 136 1 42 99 159 1 28 62 134 1 18 65 156 1 21 73 133 1 12 76 141 1 21 65 128 1 0 0 0 0 16 69 130 1 35 47 127 1 30 72 112 1 30 52 123 1 34 63 120 1 6 68 126 1 0 0 0 0 18 64 132 1 24 80 117 1 44 72 121 1
11 52 108 1 40 64 137 1 0 59 111 1 21 66 124 1 37 69 104 1 11 80 117 1 30 42 126 1 23 62 124 1 30 57 114 1 0 0 0 0 37 81 118 1 0 0 0 0 0 0 0 0 0 62 127 1 23 71 137 1 14 78 125 1 33 77 122 1 30 64 148 1 43 73 100 1 27 60 121 1 19 78 119 1 19 70 127 1 8 65 130 1 0 0 0 0 26 54 117 1 0 96 148 1 44 78 140 1 11 77 148 1 17 70 136 1 41 65 156 1 50 70 120 1 22 70 122 1 28 53 132 1 43 71 112 1 10 89 126 1 26 79 113 1 23 78 107 1 36 63 121 1 45 66 130 1 41 99 135 1 12 82 115 1 19 74 157 1 29 94 127 1 21 67 145 1 0 98 141 1 64 73 137 1 34 81 154 1 17 75 168 1 32 81 123 1 33 72 134 1 9 68 137 1 30 68 133 1 22 87 125 1 42 71 140 1 38 83 120 1 37 67 136 1 7 64 138 1 35 64 125 1 20 59 115 1 7 75 115 1 13 80 125 1 0 0 0 0 16 51 120 1
30 54 138 1 2 52 90 1 0 38 122 1 18 42 129 1 14 61 106 1 24 72 103 1 25 95 111 1 28 61 121 1 18 51 118 1 26 54 118 1 24 58 109 1 33 58 116 1 32 78 103 1 23 53 133 1 28 89 122 1 25 68 120 1 0 0 0 0 17 54 94 1 9 68 119 1 6 92 129 1 11 82 122 1 17 82 116 1 29 75 136 1 21 52 99 1 17 79 136 1 39 69 130 1 22 76 126 1 19 85 136 1 33 73 129 1 58 83 127 1 41 80 138 1 5 51 147 1 5 50 152 1 43 75 117 1 11 84 127 1 21 78 126 1 0 0 0 0 39 81 129 1 0 0 0 0 38 54 137 1 0 0 0 0 49 74 137 1 22 74 134 1 45 91 143 1 23 60 141 1 36 68 155 1 11 84 131 1 12 79 138 1 27 73 153 1 19 73 138 1 8 67 138 1 31 71 136 1 0 0 0 0 25 82 135 1 28 62 120 1 7 56 122 1 31 69 147 1 16 63 116 1 34 64 117 1 24 77 130 1 2 65 144 1 26 87 124 1 0 0 0 0
22 68 111 1 27 37 93 1 0 0 0 0 19 55 109 1 0 51 86 1 27 43 93 1 18 69 113 1 22 54 125 1 53 64 104 1 0 0 0 0 0 0 0 0 20 56 132 1 31 62 99 1 11 85 99 1 5 56 119 1 0 54 127 1 18 80 124 1 11 73 117 1 18 73 95 1 31 72 112 1 10 74 122 1 14 67 116 1 0 0 0 0 0 88 108 1 0 68 124 1 41 75 118 1 0 77 111 1 19 67 139 1 6 65 122 1 21 68 120 1 22 44 141 1 41 90 138 1 42 71 128 1 12 55 114 1 7 79 140 1 8 69 118 1 18 69 124 1 0 78 103 1 9 71 154 1 0 0 0 0 38 68 121 1 53 73 133 1 25 75 148 1 17 94 135 1 39 81 151 1 0 81 123 1 57 76 144 1 2 85 129 1 33 67 144 1 0 0 0 0 11 36 131 1 44 82 123 1 1 69 130 1 40 56 144 1 0 0 0 0 23 55 139 1 50 56 113 1 0 0 0 0 20 73 100 1 26 49 112 1 58 76 125 1 12 76 117 1 38 55 156 1
26 58 121 1 16 55 112 1 2 59 123 1 14 51 123 1 43 43 102 1 19 52 68 1 21 44 121 1 33 54 116 1 26 60 99 1 30 45 126 1 28 54 100 1 21 70 85 1 24 71 130 1 11 52 112 1 26 75 120 1 19 62 138 1 21 75 115 1 25 76 99 1 18 42 136 1 16 53 128 1 17 67 141 1 0 0 0 0 44 72 116 1 3 68 96 1 7 76 128 1 25 86 143 1 0 0 0 0 18 65 139 1 0 0 0 0 9 74 135 1 0 61 160 1 22 64 122 1 23 52 115 1 11 70 129 1 34 62 125 1 26 58 115 1 23 44 106 1 37 81 140 1 46 41 105 1 45 65 122 1 21 84 116 1 30 41 121 1 12 47 151 1 0 0 0 0 22 58 127 1 22 78 121 1 23 76 154 1 34 40 141 1 32 86 140 1 32 64 133 1 9 70 110 1 22 50 112 1 43 71 144 1 23 94 146 1 13 71 154 1 37 104 140 1 0 0 0 0 0 0 0 0 42 83 144 1 32 94 150 1 23 69 136 1 40 65 108 1 28 64 122 1
3 59 113 1 9 59 117 1 37 51 131 1 5 53 104 1 20 46 106 1 19 28 107 1 42 68 103 1 1 63 106 1 25 90 110 1 11 65 126 1 35 66 137 1 6 69 115 1 17 74 139 1 0 67 121 1 17 57 116 1 0 0 0 0 17 52 136 1 31 45 107 1 26 69 113 1 28 82 120 1 18 70 142 1 10 66 100 1 52 55 113 1 0 61 112 1 9 62 115 1 36 58 134 1 0 0 0 0 37 65 116 1 0 58 123 1 10 62 117 1 28 53 137 1 0 0 0 0 23 56 104 1 18 63 123 1 32 49 148 1 18 61 128 1 41 100 112 1 6 68 112 1 46 68 102 1 32 67 124 1 0 0 0 0 27 76 117 1 0 0 0 0 35 57 123 1 29 87 139 1 21 79 126 1 0 0 0 0 8 50 135 1 0 0 0 0 4 81 155 1 0 79 150 1 15 84 135 1 36 77 154 1 23 65 145 1 44 85 151 1 22 72 138 1 33 69 155 1 39 77 143 1 55 100 119 1 29 87 141 1 42 75 142 1 35 68 139 1 15 88 130 1
0 0 0 0 24 60 114 1 14 61 129 1 32 62 97 1 0 78 113 1 0 68 105 1 25 24 119 1 17 33 121 1 33 63 126 1 13 59 128 1 36 59 124 1 12 79 109 1 29 66 120 1 29 74 119 1 39 62 108 1 22 58 120 1 0 0 0 0 23 63 102 1 2 89 111 1 23 74 117 1 37 71 120 1 8 58 119 1 1 85 114 1 24 83 132 1 30 80 116 1 0 0 0 0 10 52 128 1 46 74 131 1 21 62 157 1 2 50 133 1 20 58 132 1 16 59 128 1 7 72 123 1 19 44 145 1 71 63 127 1 27 83 128 1 52 52 103 1 16 77 103 1 21 63 136 1 27 68 120 1 10 86 137 1 41 63 110 1 19 67 132 1 12 86 104 1 44 73 127 1 0 67 120 1 33 42 114 1 14 77 127 1 0 0 0 0 28 73 118 1 24 82 156 1 0 78 160 1 46 77 155 1 33 93 139 1 0 0 0 0 50 87 153 1 35 91 143 1 21 78 164 1 31 87 146 1 31 64 129 1 31 88 151 1 28 77 113 1 59 77 137 1
26 63 113 1 25 60 119 1 0 0 0 0 16 42 111 1 7 60 100 1 0 78 114 1 22 66 127 1 11 76 110 1 38 58 116 1 0 48 102 1 40 40 134 1 0 0 0 0 25 45 112 1 41 78 115 1 32 61 80 1 18 79 128 1 29 73 116 1 17 77 130 1 1 82 117 1 0 56 114 1 15 69 120 1 26 49 120 1 11 62 109 1 29 77 109 1 33 67 120 1 6 65 125 1 21 73 123 1 15 73 131 1 22 68 139 1 10 93 121 1 22 94 138 1 13 65 109 1 22 71 120 1 16 48 100 1 2 69 110 1 22 54 154 1 0 58 98 1 10 61 120 1 18 76 147 1 2 63 131 1 25 74 126 1 29 68 101 1 18 62 142 1 21 60 123 1 19 67 129 1 56 90 128 1 41 73 124 1 24 61 138 1 57 70 135 1 0 90 137 1 45 71 117 1 18 90 130 1 41 87 167 1 35 93 134 1 41 87 123 1 59 89 120 1 0 0 0 0 17 98 153 1 45 90 161 1 55 90 147 1 42 85 138 1 42 94 125 1 23 78 157 1
40 72 120 1 0 0 0 0 12 56 121 1 0 0 0 0 7 69 135 1 16 58 122 1 20 73 137 1 9 56 150 1 0 0 0 0 43 71 124 1 17 86 124 1 19 68 116 1 27 55 104 1 25 64 114 1 0 0 0 0 37 55 123 1 22 53 128 1 14 61 124 1 22 80 110 1 35 66 122 1 4 66 122 1 32 58 143 1 40 52 108 1 21 62 111 1 44 78 123 1 19 78 126 1 41 52 115 1 19 52 109 1 0 0 0 0 42 67 113 1 0 0 0 0 32 48 131 1 0 0 0 0 15 65 123 1 22 79 105 1 26 56 109 1 18 63 116 1 11 89 149 1 23 83 112 1 15 57 129 1 33 85 130 1 8 84 136 1 12 66 137 1 21 58 130 1 19 51 106 1 29 63 132 1 28 60 118 1 34 67 127 1 22 82 102 1 10 75 125 1 33 63 148 1 25 64 140 1 20 89 141 1 35 49 136 1 28 72 130 1 32 93 144 1 26 80 148 1 15 56 127 1 35 95 128 1 19 93 156 1 9 95 142 1 18 71 120 1 42 83 141 1
0 0 0 0 30 76 121 1 36 47 107 1 17 54 90 1 33 71 126 1 6 55 94 1 1 57 134 1 30 60 130 1 19 78 121 1 30 72 131 1 26 61 133 1 19 83 141 1 14 55 93 1 0 82 103 1 24 63 115 1 16 62 127 1 0 0 0 0 24 87 106 1 18 54 101 1 16 63 100 1 21 58 119 1 18 50 120 1 30 62 90 1 29 73 126 1 17 72 123 1 29 78 113 1 22 51 119 1 10 53 129 1 22 55 139 1 34 57 127 1 34 68 126 1 13 57 125 1 7 62 110 1 16 81 101 1 0 0 0 0 20 50 129 1 35 60 104 1 0 0 0 0 40 71 142 1 19 83 120 1 24 67 143 1 44 104 106 1 15 88 125 1 32 70 156 1 36 81 145 1 16 84 123 1 30 32 123 1 19 82 113 1 22 74 141 1 0 0 0 0 10 62 160 1 33 59 153 1 32 56 137 1 37 95 163 1 11 75 144 1 52 79 144 1 2 55 124 1 16 77 126 1 32 103 138 1 0 0 0 0 49 98 140 1 23 72 132 1 0 0 0 0
24 63 117 1 14 53 100 1 30 70 106 1 32 76 130 1 13 72 126 1 38 102 129 1 24 71 127 1 30 52 104 1 35 67 127 1 26 65 134 1 19 74 110 1 8 66 128 1 10 54 113 1 0 81 119 1 1 63 92 1 33 70 96 1 1 41 120 1 21 74 84 1 25 74 117 1 15 66 95 1 0 0 0 0 40 89 129 1 0 0 0 0 18 63 116 1 0 67 110 1 6 64 122 1 13 42 132 1 35 67 139 1 0 61 127 1 0 0 0 0 18 74 117 1 47 53 111 1 6 58 119 1 0 62 122 1 25 57 112 1 27 62 145 1 14 74 134 1 51 63 147 1 34 54 121 1 0 0 0 0 47 61 142 1 27 81 153 1 27 58 126 1 37 45 131 1 29 64 113 1 28 63 123 1 33 69 145 1 0 0 0 0 31 69 100 1 18 68 124 1 12 70 126 1 0 0 0 0 6 69 150 1 3 94 154 1 37 65 119 1 22 96 153 1 23 65 132 1 30 75 123 1 20 81 148 1 33 91 129 1 27 92 118 1 0 79 139 1 55 85 142 1
0 34 129 1 6 49 90 1 10 55 111 1 9 53 118 1 23 75 126 1 34 56 125 1 0 0 0 0 14 65 116 1 16 67 127 1 5 67 116 1 17 62 104 1 13 37 127 1 21 75 87 1 24 73 127 1 22 43 122 1 26 69 105 1 31 68 125 1 9 75 115 1 0 0 0 0 0 41 115 1 35 62 126 1 0 0 0 0 24 50 98 1 17 76 110 1 21 71 104 1 16 48 118 1 29 56 102 1 27 75 104 1 27 75 137 1 33 59 118 1 18 67 136 1 22 38 107 1 0 0 0 0 2 67 127 1 40 76 123 1 35 71 137 1 48 69 114 1 37 81 136 1 11 63 147 1 23 73 136 1 32 97 156 1 0 0 0 0 53 86 125 1 30 77 116 1 40 71 111 1 0 0 0 0 0 0 0 0 22 61 131 1 19 61 143 1 19 91 112 1 16 74 120 1 16 63 117 1 41 82 134 1 6 87 143 1 27 92 146 1 24 71 153 1 23 94 146 1 24 87 137 1 27 90 126 1 26 85 124 1 39 70 127 1 0 0 0 0 34 91 113 1
25 77 102 1 24 71 105 1 0 0 0 0 0 0 0 0 0 0 0 0 42 56 97 1 0 73 113 1 0 58 108 1 22 46 111 1 18 42 123 1 0 0 0 0 23 62 112 1 37 75 106 1 27 82 117 1 14 87 113 1 23 62 124 1 5 58 146 1 18 67 134 1 13 60 128 1 36 37 119 1 13 61 123 1 40 61 123 1 31 73 121 1 0 0 0 0 45 84 111 1 0 0 0 0 16 65 92 1 33 56 146 1 37 80 126 1 30 55 137 1 36 108 118 1 24 82 119 1 25 57 129 1 11 60 133 1 28 54 117 1 23 88 132 1 39 67 118 1 33 83 122 1 40 69 113 1 0 0 0 0 0 0 0 0 32 64 125 1 26 76 114 1 28 56 83 1 28 67 124 1 0 0 0 0 28 91 105 1 29 87 153 1 19 58 136 1 0 0 0 0 7 66 139 1 0 63 125 1 8 96 130 1 0 72 137 1 13 73 113 1 9 99 126 1 24 53 126 1 22 58 142 1 22 88 104 1 45 57 127 1 28 84 102 1 49 82 120 1 33 80 150 1
41 75 123 1 9 46 101 1 35 66 93 1 5 60 114 1 18 54 114 1 18 49 100 1 17 51 125 1 10 42 138 1 17 80 127 1 23 75 105 1 4 50 130 1 12 61 110 1 36 66 107 1 1 68 119 1 20 67 107 1 40 71 129 1 10 57 145 1 12 44 120 1 0 65 119 1 33 49 128 1 23 68 111 1 0 0 0 0 26 74 106 1 21 49 125 1 42 53 101 1 50 48 103 1 0 0 0 0 37 53 124 1 34 75 141 1 25 82 136 1 33 67 115 1 4 49 108 1 1 61 123 1 27 81 104 1 35 82 129 1 0 0 0 0 34 51 139 1 31 64 104 1 49 73 129 1 22 80 122 1 0 58 137 1 54 68 122 1 16 81 114 1 31 76 133 1 8 70 124 1 20 75 129 1 22 100 108 1 14 80 107 1 17 68 115 1 33 65 112 1 29 44 137 1 0 81 126 1 1 33 119 1 22 66 125 1 17 78 134 1 9 69 150 1 12 66 132 1 13 55 119 1 0 0 0 0 37 65 135 1 13 70 121 1 35 85 107 1 0 0 0 0
29 63 105 1 5 51 112 1 0 52 101 1 30 46 105 1 16 56 95 1 38 59 95 1 23 46 118 1 12 71 111 1 12 55 103 1 20 57 97 1 1 48 124 1 23 43 111 1 6 64 109 1 20 59 101 1 0 0 0 0 33 64 132 1 0 51 118 1 8 45 144 1 0 54 130 1 11 53 141 1 27 66 125 1 17 76 124 1 0 0 0 0 12 48 116 1 30 62 140 1 17 45 126 1 9 86 118 1 34 73 124 1 27 38 133 1 36 71 132 1 0 61 121 1 33 68 128 1 34 55 104 1 0 0 0 0 0 64 128 1 9 87 124 1 30 83 128 1 24 66 117 1 13 78 124 1 26 71 140 1 22 85 110 1 0 0 0 0 23 70 121 1 25 58 100 1 26 75 128 1 23 52 113 1 31 67 120 1 20 73 117 1 11 65 112 1 16 71 118 1 21 88 116 1 5 72 123 1 28 61 120 1 38 56 115 1 9 82 138 1 0 0 0 0 1 85 105 1 0 0 0 0 22 63 111 1 10 74 122 1 40 67 132 1 53 87 117 1 32 78 112 1
0 51 118 1 9 35 99 1 25 81 106 1 23 51 100 1 18 52 76 1 0 0 0 0 17 66 132 1 17 66 123 1 29 60 128 1 1 71 107 1 21 67 115 1 30 59 125 1 10 86 101 1 16 69 117 1 0 56 117 1 1 76 108 1 12 33 126 1 41 49 110 1 0 61 129 1 40 34 118 1 32 52 98 1 13 51 123 1 22 67 110 1 1 73 104 1 29 54 107 1 21 65 117 1 41 74 138 1 50 69 119 1 22 64 140 1 0 71 130 1 40 76 118 1 52 63 144 1 29 78 117 1 27 50 125 1 43 63 112 1 37 61 119 1 41 72 104 1 25 54 109 1 22 36 129 1 17 35 121 1 0 0 0 0 32 60 122 1 0 0 0 0 35 71 117 1 22 59 96 1 40 55 108 1 24 57 104 1 9 87 149 1 9 85 119 1 11 76 122 1 0 0 0 0 24 46 106 1 0 0 0 0 33 43 118 1 0 0 0 0 22 75 126 1 16 67 127 1 35 62 149 1 31 48 135 1 38 39 129 1 29 67 117 1 27 38 141 1 16 54 129 1
21 46 103 1 0 42 85 1 19 45 126 1 0 0 0 0 3 68 100 1 25 55 106 1 4 59 116 1 1 59 100 1 12 38 107 1 7 64 107 1 39 58 99 1 29 26 93 1 0 0 0 0 13 77 118 1 29 56 119 1 0 77 121 1 15 54 120 1 19 72 89 1 0 0 0 0 0 0 0 0 35 74 141 1 17 49 153 1 0 0 0 0 0 70 128 1 23 59 132 1 29 53 119 1 35 75 127 1 27 51 96 1 16 101 126 1 27 62 112 1 28 69 114 1 31 75 128 1 36 60 126 1 23 84 134 1 0 0 0 0 0 0 0 0 33 76 115 1 14 69 114 1 22 58 122 1 8 52 111 1 26 61 132 1 0 0 0 0 16 62 129 1 22 64 117 1 44 87 105 1 23 66 151 1 38 57 120 1 33 65 103 1 28 75 119 1 2 53 126 1 31 44 127 1 45 70 108 1 53 55 120 1 25 77 116 1 42 79 119 1 0 69 125 1 20 57 128 1 18 79 133 1 30 71 141 1 33 94 140 1 36 53 132 1 3 69 106 1 29 88 105 1
29 59 113 1 12 52 102 1 11 38 106 1 12 46 110 1 0 55 109 1 21 80 100 1 9 29 137 1 42 71 108 1 16 61 91 1 8 54 105 1 12 56 121 1 15 67 129 1 19 50 109 1 38 65 148 1 11 51 119 1 13 67 124 1 19 78 110 1 10 60 113 1 19 63 137 1 11 53 115 1 4 64 135 1 0 67 129 1 25 68 100 1 21 55 118 1 39 63 117 1 10 55 123 1 6 67 116 1 0 47 121 1 0 60 110 1 12 57 105 1 0 0 0 0 11 51 128 1 21 57 117 1 21 72 91 1 25 64 113 1 9 56 118 1 0 0 0 0 35 56 117 1 36 63 111 1 49 81 129 1 12 73 113 1 8 55 125 1 12 56 123 1 20 69 97 1 11 67 131 1 37 57 133 1 51 77 122 1 27 62 79 1 46 75 121 1 29 51 109 1 24 51 117 1 28 59 122 1 30 50 126 1 11 75 134 1 23 77 130 1 14 69 113 1 0 0 0 0 38 68 103 1 0 0 0 0 43 58 112 1 30 87 95 1 34 57 135 1 22 54 111 1
33 40 119 1 38 52 123 1 20 56 118 1 0 0 0 0 18 45 111 1 6 28 116 1 16 51 72 1 28 57 113 1 7 83 77 1 17 42 91 1 28 74 119 1 15 45 129 1 33 58 136 1 27 70 124 1 15 70 109 1 36 71 104 1 0 0 0 0 19 39 115 1 18 70 123 1 16 82 147 1 19 56 128 1 0 72 143 1 0 0 0 0 16 65 142 1 35 49 102 1 29 60 136 1 15 70 121 1 30 39 119 1 20 43 96 1 34 60 110 1 14 53 113 1 20 59 127 1 37 64 115 1 25 84 114 1 19 78 120 1 4 66 108 1 47 58 122 1 26 84 134 1 19 48 103 1 0 0 0 0 15 71 141 1 21 73 110 1 27 79 135 1 0 69 120 1 23 79 120 1 29 71 124 1 31 47 128 1 28 68 119 1 24 75 112 1 32 74 89 1 44 57 121 1 24 79 119 1 4 79 104 1 24 65 120 1 21 88 106 1 36 85 135 1 33 46 137 1 31 74 119 1 30 74 126 1 24 66 106 1 34 85 100 1 0 0 0 0 15 57 137 1
0 0 0 0 0 0 0 0 18 72 122 1 16 66 102 1 22 62 92 1 31 65 87 1 16 61 135 1 32 73 126 1 0 0 0 0 0 66 113 1 25 53 156 1 0 0 0 0 13 94 130 1 14 72 101 1 8 60 102 1 33 68 120 1 23 40 120 1 27 40 116 1 18 64 130 1 18 54 121 1 37 60 122 1 29 52 130 1 22 68 119 1 33 44 143 1 0 82 150 1 40 74 106 1 12 44 119 1 39 50 112 1 0 38 113 1 24 60 129 1 36 43 105 1 20 77 95 1 14 61 112 1 24 55 129 1 7 66 111 1 33 70 105 1 11 52 118 1 0 0 0 0 16 58 131 1 0 72 99 1 2 79 108 1 30 73 113 1 41 85 123 1 9 95 128 1 14 78 113 1 57 64 108 1 40 59 117 1 36 82 105 1 0 73 119 1 42 70 114 1 53 43 130 1 10 67 121 1 17 64 120 1 24 61 117 1 27 78 124 1 11 81 102 1 17 77 122 1 15 67 106 1 36 89 143 1 24 56 109 1 34 64 119 1 0 71 102 1 10 55 138 1
33 57 107 1 3 57 111 1 0 34 117 1 11 43 99 1 5 57 87 1 8 59 104 1 17 42 113 1 7 52 97 1 0 71 113 1 16 59 107 1 14 69 109 1 0 0 0 0 45 35 147 1 0 79 139 1 36 66 163 1 17 61 140 1 31 46 120 1 8 65 130 1 0 0 0 0 13 59 124 1 7 74 134 1 21 49 118 1 14 69 119 1 21 43 113 1 7 83 116 1 43 69 105 1 37 72 117 1 0 0 0 0 23 73 99 1 29 60 114 1 18 61 85 1 11 31 111 1 24 76 123 1 9 49 117 1 42 57 138 1 0 56 127 1 8 54 97 1 11 71 105 1 47 40 104 1 17 65 120 1 12 56 147 1 27 49 121 1 41 62 136 1 8 33 143 1 24 44 116 1 24 64 109 1 2 81 79 1 18 83 141 1 23 58 92 1 35 84 115 1 41 59 125 1 38 73 107 1 30 84 123 1 37 55 120 1 44 72 144 1 7 65 139 1 25 66 116 1 0 0 0 0 0 0 0 0 13 82 127 1 23 81 132 1 42 70 114 1 22 60 119 1
0 0 0 0 0 68 120 1 38 39 91 1 14 42 102 1 4 63 113 1 14 59 93 1 21 72 129 1 15 65 120 1 12 59 122 1 0 0 0 0 21 65 101 1 0 0 0 0 34 45 135 1 31 57 140 1 0 0 0 0 9 63 117 1 0 61 124 1 27 77 134 1 0 0 0 0 0 0 0 0 34 58 135 1 0 0 0 0 42 56 122 1 23 70 156 1 19 55 133 1 18 87 123 1 0 0 0 0 0 70 101 1 25 53 111 1 22 50 117 1 29 58 115 1 1 61 119 1 1 44 117 1 38 50 118 1 44 77 111 1 10 70 108 1 17 52 120 1 37 66 118 1 18 34 115 1 40 42 120 1 0 0 0 0 34 44 131 1 0 0 0 0 25 65 131 1 36 85 106 1 34 61 97 1 17 87 121 1 18 53 110 1 31 56 126 1 12 66 132 1 27 98 130 1 0 0 0 0 0 0 0 0 29 78 119 1 15 71 121 1 12 85 119 1 32 64 146 1 12 65 130 1 21 69 115 1 29 83 112 1 20 78 125 1 16 82 109 1 23 74 145 1
14 65 97 1 49 69 119 1 0 0 0 0 0 0 0 0 19 81 117 1 24 36 116 1 14 44 105 1 9 38 97 1 15 73 122 1 0 0 0 0 29 88 105 1 27 61 120 1 44 71 142 1 23 48 130 1 36 56 116 1 44 99 118 1 45 68 103 1 0 47 126 1 51 62 102 1 0 0 0 0 0 0 0 0 0 0 0 0 14 60 131 1 25 74 132 1 26 45 125 1 5 89 126 1 0 38 110 1 0 44 94 1 19 63 126 1 17 55 103 1 4 58 120 1 0 61 132 1 40 52 128 1 26 67 121 1 23 37 117 1 0 69 89 1 0 0 0 0 19 57 129 1 26 50 101 1 3 60 114 1 9 61 106 1 16 52 142 1 0 76 126 1 10 48 140 1 28 80 136 1 34 71 108 1 28 55 100 1 27 67 104 1 9 99 114 1 28 60 113 1 0 35 121 1 0 0 0 0 27 63 113 1 31 65 109 1 37 57 106 1 0 0 0 0 11 90 134 1 0 71 86 1 19 70 134 1 8 58 133 1 21 93 128 1 0 0 0 0 6 61 138 1
13 59 127 1 27 50 127 1 35 72 112 1 26 56 113 1 0 0 0 0 63 64 100 1 39 62 135 1 21 57 136 1 30 43 131 1 39 98 133 1 22 65 134 1 25 68 147 1 0 0 0 0 0 0 0 0 42 80 125 1 9 72 127 1 17 57 108 1 0 0 0 0 17 56 121 1 6 59 116 1 0 0 0 0 0 0 0 0 17 82 136 1 21 64 116 1 18 78 112 1 42 67 125 1 7 63 129 1 0 0 0 0 0 50 100 1 21 63 132 1 38 51 121 1 36 63 110 1 0 0 0 0 12 49 122 1 13 56 112 1 0 0 0 0 0 0 0 0 39 40 105 1 5 61 134 1 22 90 105 1 42 63 92 1 25 80 145 1 21 73 115 1 33 50 144 1 0 0 0 0 18 89 137 1 0 0 0 0 29 83 124 1 47 51 124 1 40 67 116 1 34 77 139 1 37 84 108 1 43 43 127 1 0 0 0 0 19 74 123 1 40 66 113 1 16 77 127 1 0 88 126 1 39 72 115 1 5 69 139 1 17 62 132 1 24 95 118 1 24 63 135 1
0 0 0 0 0 61 99 1 33 51 126 1 3 62 135 1 20 32 104 1 21 50 113 1 5 58 117 1 36 73 114 1 25 80 121 1 29 55 127 1 17 73 114 1 32 80 135 1 7 72 115 1 45 48 126 1 30 59 130 1 23 76 114 1 17 75 112 1 22 103 126 1 12 57 115 1 9 48 124 1 19 78 137 1 30 90 131 1 27 61 115 1 24 51 120 1 21 56 137 1 11 61 130 1 38 56 101 1 19 68 115 1 0 0 0 0 0 57 126 1 17 68 95 1 38 69 114 1 11 67 117 1 13 59 104 1 0 64 95 1 28 61 115 1 0 64 94 1 0 56 126 1 16 47 106 1 21 74 117 1 23 61 123 1 29 70 125 1 14 43 123 1 16 64 132 1 13 93 134 1 0 0 0 0 32 78 124 1 32 76 138 1 27 56 116 1 40 60 139 1 46 65 132 1 0 57 104 1 56 53 136 1 14 56 131 1 25 68 120 1 18 61 128 1 41 67 129 1 12 72 119 1 11 73 112 1 18 67 119 1 35 58 144 1 4 58 125 1 25 76 136 1
29 69 112 1 7 71 128 1 5 77 125 1 25 80 147 1 8 47 118 1 29 55 116 1 8 60 121 1 0 0 0 0 16 76 130 1 0 0 0 0 27 78 127 1 31 77 121 1 20 63 80 1 13 57 135 1 17 80 129 1 0 0 0 0 24 62 130 1 38 74 113 1 31 69 127 1 0 0 0 0 0 38 111 1 19 77 120 1 9 73 122 1 19 81 115 1 16 56 123 1 24 70 95 1 25 58 111 1 0 0 0 0 14 50 84 1 27 60 109 1 46 50 136 1 0 0 0 0 19 62 104 1 24 35 117 1 0 0 0 0 4 59 110 1 14 56 100 1 12 60 113 1 40 54 101 1 33 88 149 1 26 79 131 1 28 77 104 1 39 57 150 1 19 101 140 1 25 77 118 1 33 86 110 1 21 71 118 1 41 72 132 1 20 86 99 1 22 81 130 1 24 72 119 1 26 64 129 1 41 63 120 1 27 42 117 1 36 73 132 1 17 64 140 1 0 0 0 0 28 62 128 1 29 67 115 1 14 76 116 1 18 71 123 1 24 85 128 1 53 82 140 1
0 0 0 0 23 79 142 1 39 61 116 1 39 84 126 1 4 63 127 1 18 41 118 1 4 51 126 1 30 61 129 1 17 70 79 1 2 69 141 1 0 85 102 1 37 78 132 1 15 32 111 1 10 39 147 1 36 70 115 1 15 70 124 1 0 84 139 1 22 61 118 1 32 86 105 1 0 0 0 0 27 48 107 1 0 78 104 1 0 0 0 0 14 52 99 1 30 60 106 1 48 62 116 1 32 74 103 1 17 56 114 1 0 74 117 1 10 44 86 1 25 65 114 1 24 40 105 1 22 38 94 1 27 82 121 1 0 0 0 0 28 76 111 1 36 67 109 1 17 71 120 1 37 90 107 1 37 57 123 1 8 63 137 1 32 67 108 1 23 76 139 1 39 83 123 1 33 75 118 1 22 63 127 1 8 61 131 1 21 80 115 1 0 0 0 0 11 70 114 1 44 80 122 1 29 77 124 1 53 77 150 1 58 72 139 1 29 73 138 1 0 0 0 0 14 40 124 1 22 80 110 1 28 90 132 1 31 58 116 1 23 58 132 1 20 66 145 1 0 0 0 0
24 92 127 1 68 87 135 1 36 63 138 1 17 69 115 1 23 74 106 1 34 44 102 1 0 0 0 0 14 55 145 1 0 0 0 0 25 53 132 1 27 76 132 1 0 57 141 1 0 0 0 0 36 58 115 1 43 60 118 1 22 48 115 1 0 0 0 0 25 40 132 1 19 56 105 1 14 74 114 1 29 41 116 1 7 55 117 1 0 63 113 1 37 57 98 1 0 0 0 0 0 0 0 0 11 69 97 1 2 49 74 1 34 61 118 1 33 77 112 1 21 58 121 1 0 60 86 1 25 61 75 1 41 69 134 1 38 53 111 1 34 42 113 1 24 73 96 1 7 65 122 1 0 69 128 1 21 40 99 1 0 0 0 0 19 61 142 1 0 0 0 0 0 0 0 0 41 52 103 1 12 85 126 1 20 41 113 1 22 53 111 1 11 57 138 1 0 72 141 1 47 54 127 1 26 50 126 1 57 69 150 1 23 99 143 1 38 64 137 1 4 96 134 1 33 84 148 1 28 80 127 1 1 89 115 1 15 80 108 1 0 0 0 0 0 0 0 0 30 79 120 1
0 0 0 0 11 54 120 1 15 30 99 1 0 51 119 1 0 0 0 0 5 73 108 1 28 70 115 1 20 60 123 1 8 53 107 1 25 58 114 1 8 72 126 1 0 72 136 1 0 0 0 0 29 71 88 1 15 47 115 1 27 74 117 1 20 55 121 1 0 0 0 0 28 52 111 1 20 40 135 1 0 31 91 1 0 0 0 0 0 50 92 1 29 50 121 1 28 63 80 1 0 0 0 0 26 63 98 1 30 44 127 1 0 54 104 1 15 60 106 1 7 64 129 1 31 63 132 1 3 52 99 1 24 90 125 1 0 39 133 1 33 80 111 1 10 48 118 1 37 62 116 1 27 73 121 1 13 64 127 1 30 64 106 1 12 56 109 1 0 87 151 1 6 82 118 1 31 93 143 1 35 70 108 1 32 77 119 1 11 71 134 1 27 65 129 1 0 0 0 0 40 59 116 1 27 72 110 1 14 53 131 1 28 25 134 1 13 62 113 1 14 31 118 1 22 74 112 1 30 83 119 1 22 68 148 1 51 79 113 1 0 0 0 0 31 85 127 1 11 58 125 1
0 64 127 1 26 61 114 1 14 48 128 1 21 74 105 1 21 71 138 1 0 0 0 0 0 59 128 1 2 43 111 1 17 41 122 1 13 66 108 1 22 48 130 1 0 29 131 1 26 63 92 1 26 54 123 1 14 56 100 1 17 57 112 1 23 63 105 1 28 23 95 1 28 47 94 1 14 70 128 1 14 48 112 1 0 54 108 1 15 49 111 1 35 71 110 1 38 61 126 1 0 62 102 1 3 62 122 1 3 58 113 1 2 63 112 1 24 78 119 1 8 47 104 1 25 85 110 1 37 65 104 1 0 67 88 1 16 72 104 1 0 0 0 0 8 68 114 1 35 73 121 1 15 51 129 1 23 55 137 1 23 73 152 1 22 64 103 1 2 77 136 1 7 65 110 1 5 61 104 1 0 0 0 0 0 72 130 1 27 68 127 1 3 70 117 1 34 84 118 1 26 90 147 1 0 0 0 0 9 80 138 1 9 71 146 1 46 57 122 1 4 53 134 1 36 73 125 1 21 68 131 1 17 64 106 1 28 77 127 1 3 52 123 1 0 0 0 0 21 80 109 1
0 0 0 0 21 41 118 1 24 89 127 1 20 69 110 1 36 68 116 1 40 77 108 1 22 60 132 1 13 51 135 1 22 66 99 1 6 38 122 1 13 74 127 1 11 38 128 1 21 81 129 1 27 61 103 1 0 43 107 1 10 48 99 1 15 63 92 1 18 50 103 1 16 56 80 1 0 71 95 1 33 48 120 1 13 33 107 1 0 56 114 1 4 66 107 1 18 76 107 1 36 70 102 1 23 60 112 1 0 63 91 1 24 82 106 1 29 55 104 1 21 62 107 1 52 57 109 1 13 57 126 1 12 63 112 1 25 68 143 1 14 59 107 1 0 66 108 1 26 77 101 1 23 54 126 1 32 55 124 1 17 85 140 1 11 70 135 1 0 0 0 0 25 65 110 1 12 71 143 1 0 0 0 0 10 80 113 1 33 63 106 1 14 70 101 1 20 58 142 1 47 63 128 1 24 49 124 1 26 78 136 1 20 66 126 1 6 79 126 1 0 60 114 1 26 37 127 1 27 74 133 1 19 71 127 1 37 75 97 1 18 81 116 1 25 69 133 1 29 63 132 1
27 60 105 1 11 54 109 1 16 54 107 1 17 56 124 1 18 35 140 1 9 54 152 1 33 58 123 1 28 71 130 1 16 78 136 1 0 0 0 0 41 56 129 1 0 0 0 0 41 57 112 1 8 42 111 1 17 64 107 1 0 45 109 1 40 54 89 1 42 72 112 1 0 51 129 1 16 50 104 1 4 28 107 1 0 0 0 0 11 70 119 1 25 64 120 1 0 0 0 0 29 80 87 1 38 70 101 1 14 75 103 1 13 81 128 1 31 63 116 1 20 68 121 1 32 55 125 1 21 77 122 1 15 50 142 1 21 66 121 1 24 69 124 1 18 69 107 1 13 90 124 1 22 45 110 1 1 43 157 1 41 66 109 1 0 0 0 0 0 0 0 0 0 0 0 0 22 45 117 1 0 0 0 0 0 60 133 1 61 69 101 1 7 78 113 1 41 60 125 1 19 105 144 1 0 0 0 0 26 86 130 1 23 71 119 1 37 64 127 1 6 72 108 1 11 85 116 1 15 88 126 1 39 54 107 1 35 61 127 1 12 73 136 1 33 72 141 1 41 66 134 1
15 65 113 1 23 51 97 1 35 70 130 1 21 65 142 1 36 52 150 1 13 39 97 1 44 75 134 1 26 70 108 1 9 66 127 1 32 57 128 1 29 72 134 1 32 65 120 1 12 30 110 1 42 48 132 1 6 49 116 1 45 71 129 1 0 0 0 0 28 40 134 1 0 30 108 1 16 60 131 1 27 64 119 1 0 0 0 0 9 60 126 1 38 76 121 1 0 65 96 1 24 82 93 1 33 66 122 1 15 87 143 1 52 46 129 1 0 82 112 1 0 73 125 1 14 73 102 1 14 87 108 1 29 58 98 1 0 0 0 0 7 68 136 1 19 57 103 1 36 67 133 1 38 28 136 1 35 68 139 1 24 83 109 1 16 45 107 1 0 53 130 1 13 69 134 1 26 31 106 1 24 52 118 1 12 62 119 1 25 64 106 1 14 73 118 1 43 71 122 1 5 67 130 1 27 86 130 1 25 69 133 1 18 75 140 1 14 58 137 1 0 0 0 0 30 77 120 1 39 52 157 1 19 48 113 1 29 76 119 1 34 69 138 1 14 72 133 1 13 77 115 1
0 0 0 0 5 60 108 1 19 58 127 1 42 75 114 1 29 58 147 1 18 26 126 1 36 77 126 1 45 62 103 1 35 62 104 1 42 63 108 1 0 0 0 0 39 60 121 1 0 57 101 1 36 74 146 1 0 0 0 0 25 62 118 1 15 59 128 1 37 82 113 1 14 86 102 1 20 61 133 1 5 67 131 1 33 80 91 1 36 41 138 1 8 69 129 1 13 63 121 1 2 70 124 1 61 75 124 1 11 90 112 1 38 77 112 1 23 48 99 1 36 73 110 1 24 69 119 1 0 68 113 1 0 0 0 0 23 67 128 1 12 64 137 1 21 83 137 1 2 77 135 1 32 47 126 1 16 82 125 1 41 55 127 1 0 73 135 1 6 77 112 1 18 52 115 1 22 71 113 1 43 75 140 1 38 49 129 1 7 72 127 1 20 83 143 1 37 74 139 1 24 89 140 1 0 59 133 1 10 74 137 1 28 65 124 1 24 74 129 1 5 82 130 1 21 69 128 1 44 26 128 1 27 80 131 1 40 55 122 1 0 0 0 0 17 59 138 1 18 70 124 1
29 47 100 1 0 0 0 0 5 61 116 1 12 58 129 1 15 59 138 1 40 33 118 1 8 77 121 1 0 0 0 0 37 73 119 1 6 64 153 1 29 73 107 1 20 55 106 1 24 53 139 1 22 67 135 1 33 47 126 1 0 79 120 1 29 68 133 1 21 63 152 1 31 52 141 1 32 87 123 1 0 0 0 0 29 42 124 1 41 64 129 1 0 0 0 0 0 0 0 0 19 79 139 1 38 59 128 1 31 47 136 1 31 90 90 1 31 70 121 1 24 90 113 1 49 49 109 1 32 59 92 1 0 0 0 0 23 59 90 1 17 53 111 1 0 58 129 1 0 0 0 0 31 44 121 1 6 70 109 1 8 79 126 1 1 65 115 1 29 77 113 1 21 55 126 1 34 78 120 1 23 72 130 1 34 34 129 1 16 66 135 1 40 92 139 1 11 95 110 1 12 49 95 1 9 61 107 1 9 68 132 1 23 77 134 1 29 82 122 1 31 68 149 1 11 89 120 1 44 40 104 1 13 73 122 1 40 65 101 1 20 102 103 1 39 83 107 1 38 83 115 1
26 53 116 1 4 66 111 1 29 82 108 1 20 61 129 1 56 74 124 1 42 74 129 1 35 56 117 1 32 98 130 1 34 66 116 1 32 68 127 1 43 50 128 1 24 62 143 1 24 69 139 1 26 86 119 1 38 65 135 1 25 49 154 1 13 86 123 1 19 88 121 1 0 0 0 0 22 65 130 1 0 0 0 0 17 61 137 1 30 56 167 1 17 72 117 1 34 88 143 1 39 66 134 1 1 68 110 1 35 77 132 1 4 50 134 1 21 36 122 1 8 80 129 1 14 69 111 1 28 63 134 1 18 95 128 1 0 0 0 0 15 52 116 1 39 74 109 1 34 57 128 1 6 62 112 1 34 73 105 1 23 62 128 1 19 71 138 1 18 84 128 1 20 70 130 1 36 55 121 1 35 67 116 1 11 51 135 1 10 57 119 1 36 54 135 1 0 0 0 0 0 82 128 1 39 70 133 1 17 74 142 1 28 64 143 1 25 69 141 1 17 74 137 1 21 77 144 1 15 68 128 1 5 57 115 1 28 61 134 1 16 82 141 1 27 78 119 1 15 61 123 1
13 68 140 1 29 61 123 1 9 72 132 1 25 84 134 1 10 72 131 1 30 61 113 1 48 74 133 1 20 65 124 1 20 52 124 1 0 66 145 1 49 67 118 1 29 80 100 1 16 73 129 1 44 73 128 1 5 74 136 1 8 93 139 1 23 83 161 1 36 60 120 1 24 78 106 1 31 83 87 1 27 88 118 1 47 84 137 1 40 60 110 1 23 76 122 1 0 52 91 1 16 87 107 1 31 97 112 1 26 63 138 1 20 48 144 1 28 57 131 1 30 48 141 1 22 63 82 1 0 68 88 1 13 61 142 1 33 73 90 1 27 62 108 1 0 0 0 0 3 67 102 1 16 77 121 1 9 52 116 1 17 70 132 1 0 0 0 0 15 56 138 1 0 0 0 0 36 59 122 1 26 69 115 1 6 64 124 1 56 65 109 1 31 71 153 1 0 0 0 0 27 87 156 1 0 0 0 0 22 74 150 1 17 62 132 1 18 71 152 1 36 62 154 1 19 50 125 1 18 78 122 1 26 71 124 1 37 56 124 1 27 35 117 1 29 90 136 1 11 51 93 1
18 64 110 1 19 55 119 1 26 81 133 1 35 55 137 1 27 72 120 1 0 61 124 1 28 50 117 1 0 0 0 0 16 72 112 1 0 0 0 0 44 95 121 1 21 83 130 1 33 73 134 1 0 68 134 1 4 64 133 1 20 54 130 1 22 49 120 1 7 91 137 1 15 52 110 1 2 63 140 1 41 58 151 1 38 94 120 1 36 81 110 1 23 80 108 1 21 48 122 1 32 52 130 1 22 57 98 1 19 71 128 1 16 65 106 1 28 62 103 1 32 67 109 1 18 76 111 1 21 42 89 1 0 0 0 0 26 49 113 1 13 86 107 1 0 0 0 0 38 69 108 1 14 49 128 1 34 60 97 1 27 59 141 1 9 85 125 1 10 83 118 1 2 53 108 1 26 86 120 1 32 81 95 1 24 64 116 1 9 55 124 1 30 62 115 1 21 77 140 1 43 61 119 1 34 74 124 1 14 74 133 1 24 60 119 1 0 0 0 0 21 75 99 1 0 0 0 0 0 0 0 0 62 84 120 1 35 61 120 1 18 78 102 1 19 82 105 1 23 81 129 1
20 66 129 1 40 67 134 1 0 0 0 0 0 0 0 0 23 51 117 1 44 42 123 1 26 76 135 1 17 86 80 1 40 80 112 1 30 83 136 1 34 75 125 1 46 79 151 1 38 72 128 1 27 68 115 1 13 74 132 1 0 0 0 0 42 87 135 1 22 85 139 1 17 61 103 1 37 74 122 1 33 72 123 1 17 87 122 1 40 86 110 1 27 73 98 1 17 69 117 1 37 93 111 1 28 57 139 1 15 57 124 1 29 78 111 1 15 71 109 1 0 61 93 1 25 64 110 1 38 73 106 1 0 74 101 1 18 42 118 1 0 0 0 0 37 46 126 1 46 58 106 1 0 0 0 0 0 0 0 0 19 47 109 1 15 59 109 1 14 44 118 1 51 40 102 1 37 33 112 1 5 39 125 1 24 72 96 1 26 58 111 1 0 75 150 1 28 45 136 1 25 82 118 1 0 0 0 0 22 60 126 1 41 84 118 1 30 72 115 1 30 44 138 1 0 0 0 0 19 58 106 1 0 0 0 0 35 40 146 1 0 0 0 0 40 75 138 1 31 62 110 1
30 92 121 1 0 0 0 0 37 79 142 1 19 71 147 1 22 76 109 1 22 77 105 1 22 90 96 1 19 73 113 1 34 40 130 1 0 0 0 0 30 88 141 1 28 52 136 1 51 72 143 1 37 68 136 1 22 89 135 1 22 59 141 1 0 0 0 0 20 58 117 1 0 0 0 0 25 57 139 1 34 56 119 1 21 66 107 1 6 69 126 1 22 65 100 1 32 59 136 1 31 58 109 1 9 63 102 1 0 0 0 0 2 78 107 1 20 62 104 1 37 44 114 1 20 70 116 1 29 64 111 1 0 0 0 0 30 52 121 1 0 73 101 1 20 80 106 1 16 55 114 1 26 49 114 1 11 69 144 1 0 0 0 0 20 32 116 1 15 67 143 1 27 51 127 1 38 64 138 1 37 37 114 1 39 64 111 1 18 79 144 1 0 0 0 0 0 0 0 0 24 75 130 1 24 48 130 1 17 77 115 1 6 70 138 1 17 80 124 1 46 56 122 1 37 64 121 1 13 75 132 1 17 53 103 1 40 76 109 1 0 0 0 0 31 54 127 1 0 75 110 1
37 96 119 1 39 97 155 1 45 76 107 1 50 87 152 1 47 79 130 1 29 56 118 1 9 74 110 1 23 21 111 1 0 68 107 1 29 57 117 1 27 63 136 1 45 91 119 1 0 0 0 0 44 96 136 1 34 73 120 1 39 63 119 1 0 0 0 0 33 78 120 1 25 83 131 1 0 0 0 0 32 72 101 1 38 61 112 1 16 69 128 1 33 56 136 1 39 64 119 1 44 64 114 1 36 48 116 1 0 0 0 0 49 75 102 1 15 49 114 1 3 73 124 1 22 69 122 1 35 87 91 1 26 56 110 1 27 63 101 1 40 64 98 1 10 47 105 1 15 81 121 1 26 62 97 1 11 50 128 1 13 56 106 1 35 71 140 1 43 70 121 1 36 67 146 1 3 63 91 1 29 68 117 1 49 44 128 1 46 69 115 1 0 0 0 0 30 76 156 1 25 72 136 1 29 66 119 1 53 47 114 1 27 74 145 1 11 48 104 1 42 71 121 1 26 63 127 1 11 62 118 1 47 74 130 1 48 79 115 1 0 0 0 0 24 69 124 1 27 62 121 1
52 72 114 1 42 76 140 1 49 83 145 1 44 77 107 1 56 84 146 1 31 67 123 1 23 84 124 1 33 47 123 1 10 60 102 1 22 61 117 1 7 55 109 1 51 87 130 1 51 90 105 1 33 86 122 1 44 70 134 1 23 73 126 1 42 92 121 1 38 64 129 1 41 84 102 1 36 66 96 1 0 0 0 0 42 95 129 1 26 49 126 1 0 0 0 0 32 84 138 1 44 82 120 1 0 0 0 0 49 70 116 1 23 94 103 1 0 0 0 0 60 65 116 1 34 53 132 1 44 34 105 1 61 34 101 1 30 58 85 1 30 53 122 1 43 74 83 1 35 60 98 1 25 68 116 1 21 55 134 1 20 50 109 1 46 82 112 1 24 63 105 1 33 38 103 1 33 58 125 1 34 74 125 1 32 60 106 1 28 57 96 1 0 0 0 0 64 75 132 1 31 60 107 1 0 0 0 0 32 79 126 1 50 63 129 1 25 40 104 1 27 86 112 1 46 73 111 1 0 0 0 0 0 0 0 0 65 60 107 1 26 60 71 1 24 91 101 1 45 57 116 1
74 75 134 1 0 0 0 0 58 68 153 1 57 80 165 1 35 69 136 1 41 98 130 1 0 0 0 0 19 87 119 1 0 63 129 1 0 0 0 0 37 82 115 1 29 51 124 1 54 66 130 1 37 69 150 1 27 76 141 1 34 52 133 1 51 81 136 1 46 72 134 1 7 88 87 1 30 70 105 1 27 64 134 1 56 70 123 1 29 71 110 1 40 72 132 1 44 63 98 1 65 80 117 1 52 84 134 1 49 84 114 1 39 79 143 1 40 76 150 1 46 80 119 1 33 65 131 1 49 69 112 1 37 57 101 1 65 53 105 1 37 73 123 1 20 50 91 1 56 49 96 1 21 64 94 1 32 62 91 1 40 69 104 1 31 48 141 1 47 60 121 1 35 53 121 1 20 55 118 1 20 63 122 1 26 70 92 1 54 47 119 1 45 52 98 1 26 68 122 1 34 88 124 1 37 57 133 1 27 59 138 1 6 75 114 1 29 65 138 1 66 76 106 1 31 86 106 1 29 62 130 1 39 61 128 1 49 85 105 1 28 59 126 1 37 67 116 1 41 53 141 1
47 97 155 1 58 99 130 1 70 93 128 1 87 85 147 1 48 98 139 1 55 86 125 1 66 80 108 1 25 92 125 1 38 69 128 1 37 91 137 1 0 0 0 0 47 69 121 1 37 69 121 1 36 58 140 1 19 78 127 1 19 75 116 1 0 0 0 0 42 81 117 1 0 0 0 0 67 83 140 1 67 72 121 1 67 78 108 1 45 82 120 1 34 74 101 1 9 39 106 1 58 66 132 1 51 92 123 1 48 83 133 1 38 97 131 1 0 0 0 0 53 69 106 1 57 95 138 1 57 54 133 1 34 76 109 1 0 0 0 0 0 48 106 1 18 58 104 1 47 82 83 1 36 67 109 1 19 68 127 1 73 70 110 1 34 87 105 1 40 74 139 1 34 87 138 1 29 74 94 1 35 52 112 1 21 82 105 1 36 64 99 1 47 58 111 1 42 82 130 1 63 65 148 1 45 75 115 1 41 65 124 1 43 82 137 1 21 86 136 1 50 67 111 1 58 52 110 1 54 76 101 1 51 77 120 1 58 79 99 1 45 72 131 1 43 82 131 1 39 72 108 1
42 54 153 1 29 72 135 1 45 90 150 1 0 0 0 0 34 89 116 1 49 87 153 1 26 100 128 1 26 83 133 1 0 0 0 0 36 58 105 1 40 83 122 1 37 64 125 1 38 66 113 1 31 57 130 1 0 0 0 0 15 62 133 1 6 89 146 1 19 70 143 1 16 62 128 1 15 67 135 1 42 57 118 1 16 57 118 1 49 63 113 1 25 79 87 1 13 74 96 1 34 66 69 1 41 85 118 1 23 66 102 1 34 53 125 1 32 60 132 1 16 70 117 1 36 67 104 1 30 48 121 1 31 78 123 1 37 74 130 1 22 73 114 1 34 88 108 1 20 72 84 1 57 68 126 1 21 78 119 1 28 78 116 1 23 63 91 1 45 59 133 1 0 0 0 0 31 65 151 1 20 53 142 1 3 68 112 1 16 66 122 1 31 74 123 1 35 67 120 1 0 0 0 0 2 61 115 1 43 64 144 1 31 45 130 1 12 75 108 1 0 0 0 0 33 56 139 1 20 86 124 1 50 80 113 1 31 85 130 1 27 77 112 1 32 96 140 1 15 60 127 1
28 78 129 1 60 74 134 1 52 80 126 1 41 93 132 1 52 82 112 1 26 58 128 1 42 63 122 1 20 75 122 1 33 82 110 1 0 0 0 0 28 70 93 1 11 85 126 1 22 64 97 1 3 49 133 1 33 69 116 1 0 0 0 0 34 57 136 1 55 67 157 1 0 60 133 1 15 50 139 1 45 65 111 1 27 51 102 1 0 0 0 0 0 0 0 0 41 78 73 1 28 57 120 1 17 73 95 1 0 0 0 0 18 50 84 1 31 53 138 1 36 54 119 1 31 50 125 1 36 42 110 1 16 60 116 1 18 62 102 1 24 43 102 1 22 71 115 1 28 75 113 1 28 61 105 1 0 57 121 1 0 0 0 0 43 67 85 1 14 81 92 1 10 45 124 1 36 65 120 1 12 37 97 1 1 42 115 1 16 54 111 1 11 73 105 1 33 61 124 1 7 63 105 1 4 78 124 1 39 76 135 1 36 47 144 1 31 60 120 1 25 56 99 1 52 75 146 1 37 46 98 1 55 70 139 1 19 60 125 1 6 84 124 1 23 62 93 1 32 71 120 1
47 71 141 1 37 71 121 1 27 71 100 1 0 0 0 0 12 61 123 1 25 53 113 1 40 89 126 1 37 48 109 1 28 60 122 1 25 76 120 1 1 74 117 1 0 0 0 0 2 43 123 1 33 55 121 1 42 56 120 1 21 47 120 1 18 54 109 1 0 0 0 0 9 53 138 1 9 60 152 1 28 66 123 1 2 71 135 1 0 0 0 0 22 67 132 1 18 63 98 1 19 13 119 1 30 53 101 1 11 44 76 1 20 28 98 1 9 65 86 1 32 31 142 1 38 85 83 1 0 0 0 0 31 75 100 1 5 56 132 1 9 74 111 1 22 59 98 1 0 0 0 0 27 57 130 1 38 87 130 1 23 84 100 1 0 0 0 0 28 69 109 1 26 70 127 1 30 54 107 1 3 59 112 1 8 75 104 1 38 69 130 1 19 60 123 1 33 46 80 1 16 48 111 1 33 69 101 1 3 55 127 1 30 71 132 1 20 56 107 1 21 47 119 1 15 66 98 1 0 0 0 0 34 50 116 1 20 49 111 1 28 41 118 1 30 77 121 1 44 66 112 1
35 81 121 1 0 53 109 1 39 63 118 1 36 35 133 1 16 56 123 1 28 86 102 1 57 85 133 1 31 76 125 1 43 83 119 1 23 69 105 1 53 75 147 1 25 71 123 1 32 48 129 1 28 43 118 1 0 39 128 1 15 60 114 1 26 49 111 1 37 51 138 1 1 34 141 1 23 56 146 1 23 49 144 1 17 52 118 1 29 54 127 1 9 41 132 1 28 52 133 1 6 52 149 1 41 62 145 1 0 64 141 1 17 72 119 1 0 53 133 1 9 73 124 1 17 60 112 1 3 50 104 1 22 63 98 1 18 70 124 1 29 75 110 1 29 56 124 1 19 66 127 1 45 73 121 1 19 75 92 1 30 76 115 1 14 62 134 1 16 65 114 1 28 64 111 1 24 70 107 1 11 56 114 1 21 60 108 1 23 56 105 1 18 77 107 1 25 63 107 1 21 80 120 1 32 67 116 1 0 51 118 1 8 46 112 1 5 89 114 1 30 66 136 1 10 54 99 1 10 40 114 1 22 58 126 1 24 88 130 1 24 77 128 1 20 72 96 1 11 62 125 1
0 0 0 0 54 71 117 1 36 56 147 1 5 51 111 1 40 59 130 1 25 93 117 1 18 76 119 1 22 81 122 1 8 71 126 1 37 79 142 1 18 73 145 1 38 63 129 1 5 58 134 1 40 52 102 1 42 60 120 1 42 46 145 1 17 79 108 1 36 44 118 1 22 45 157 1 13 61 138 1 3 51 131 1 11 58 154 1 33 53 139 1 33 46 149 1 35 41 167 1 11 74 122 1 1 51 141 1 46 43 157 1 38 64 124 1 16 75 113 1 0 0 0 0 32 55 136 1 0 0 0 0 16 65 138 1 3 58 122 1 10 53 126 1 11 67 114 1 0 74 118 1 32 58 110 1 32 76 125 1 0 64 119 1 0 64 118 1 22 60 94 1 0 0 0 0 22 57 109 1 1 68 107 1 22 57 101 1 23 31 120 1 29 80 103 1 27 65 88 1 20 86 119 1 10 65 112 1 37 63 108 1 12 76 118 1 12 52 113 1 31 62 132 1 32 72 116 1 26 58 114 1 14 48 110 1 3 63 97 1 0 0 0 0 0 63 133 1 0 0 0 0
33 63 129 1 22 89 149 1 46 65 107 1 24 76 110 1 14 64 126 1 6 78 114 1 34 88 117 1 0 0 0 0 29 68 132 1 26 88 128 1 4 61 128 1 22 88 124 1 41 61 125 1 28 59 111 1 28 64 111 1 6 28 111 1 11 46 106 1 0 60 126 1 6 50 151 1 28 65 134 1 0 0 0 0 16 64 106 1 34 59 112 1 19 48 130 1 0 48 147 1 22 57 147 1 20 55 131 1 10 70 131 1 21 58 146 1 29 54 115 1 13 63 108 1 28 61 113 1 7 82 106 1 13 75 116 1 49 60 134 1 42 73 116 1 4 65 131 1 0 0 0 0 11 65 123 1 42 77 127 1 0 0 0 0 8 48 100 1 14 80 115 1 1 67 115 1 26 54 103 1 26 46 117 1 32 68 98 1 33 50 115 1 13 43 98 1 8 65 114 1 26 47 105 1 26 67 125 1 18 81 103 1 0 67 110 1 18 75 128 1 37 63 113 1 37 53 106 1 0 0 0 0 50 65 119 1 0 0 0 0 26 69 110 1 0 0 0 0 17 32 107 1
19 63 138 1 25 73 126 1 25 77 133 1 19 70 139 1 16 67 100 1 15 74 151 1 17 60 110 1 42 56 112 1 24 68 135 1 7 45 150 1 19 57 103 1 0 68 105 1 24 54 97 1 14 68 145 1 11 71 124 1 29 63 126 1 22 54 124 1 0 0 0 0 5 67 115 1 6 59 127 1 21 75 100 1 1 67 74 1 27 75 93 1 24 63 102 1 7 73 105 1 0 59 114 1 5 56 142 1 13 61 150 1 25 47 115 1 23 55 129 1 13 57 131 1 0 0 0 0 9 68 114 1 9 48 122 1 25 85 110 1 21 88 103 1 9 60 152 1 22 57 150 1 24 65 113 1 1 50 114 1 0 0 0 0 8 49 122 1 0 54 89 1 34 32 103 1 0 42 127 1 13 55 114 1 5 61 93 1 21 52 129 1 9 50 130 1 20 71 113 1 0 0 0 0 3 48 115 1 25 53 133 1 4 65 124 1 28 67 118 1 29 62 95 1 38 82 107 1 12 68 107 1 15 76 111 1 26 59 130 1 22 73 99 1 15 43 102 1 1 72 122 1
34 86 118 1 31 77 122 1 8 76 118 1 28 59 148 1 15 81 125 1 10 76 138 1 45 96 121 1 28 76 144 1 11 85 138 1 6 73 104 1 17 64 109 1 42 87 131 1 22 62 120 1 14 78 109 1 13 47 123 1 24 81 125 1 5 52 103 1 31 61 139 1 4 74 94 1 3 76 127 1 10 83 82 1 0 93 76 1 31 79 88 1 12 81 96 1 6 63 119 1 34 53 104 1 0 0 0 0 10 72 122 1 0 69 99 1 3 52 124 1 26 52 107 1 5 47 106 1 20 66 104 1 0 42 114 1 40 53 124 1 25 64 122 1 0 0 0 0 4 60 140 1 24 61 110 1 0 0 0 0 16 61 104 1 9 76 129 1 0 48 109 1 10 24 114 1 0 0 0 0 17 63 115 1 35 53 81 1 26 48 115 1 17 74 114 1 38 72 136 1 1 75 92 1 20 46 130 1 22 99 101 1 23 67 89 1 0 0 0 0 17 49 110 1 21 41 141 1 17 51 106 1 32 33 111 1 14 56 106 1 13 82 112 1 0 0 0 0 2 64 143 1
0 0 0 0 22 57 109 1 19 60 150 1 19 79 143 1 1 74 138 1 0 50 113 1 27 76 123 1 5 67 127 1 30 59 141 1 4 36 136 1 6 58 123 1 68 61 93 1 17 90 120 1 0 50 122 1 12 84 120 1 36 85 142 1 16 83 137 1 20 54 111 1 14 69 146 1 36 91 139 1 11 69 97 1 6 54 113 1 12 62 109 1 12 66 121 1 14 72 119 1 0 0 0 0 30 65 121 1 0 0 0 0 0 68 116 1 2 64 138 1 16 61 105 1 0 68 111 1 29 87 123 1 6 51 99 1 0 49 114 1 16 52 106 1 13 55 117 1 33 78 114 1 0 48 95 1 18 35 107 1 15 59 103 1 0 0 0 0 32 44 116 1 14 55 116 1 0 0 0 0 23 46 123 1 19 41 121 1 14 45 117 1 39 39 104 1 42 70 104 1 13 65 132 1 6 41 123 1 0 0 0 0 19 83 106 1 28 72 97 1 0 58 124 1 0 0 0 0 30 58 122 1 30 60 121 1 33 82 122 1 30 56 133 1 30 58 120 1 0 54 137 1
15 87 138 1 39 60 161 1 23 60 170 1 31 121 145 1 25 71 135 1 12 72 116 1 24 79 126 1 24 38 144 1 30 76 137 1 9 50 101 1 30 64 109 1 53 58 114 1 35 66 138 1 28 62 123 1 17 62 147 1 25 55 148 1 0 68 119 1 0 38 102 1 55 68 140 1 10 48 108 1 0 66 112 1 32 69 129 1 50 87 132 1 12 78 109 1 14 65 125 1 0 79 139 1 7 74 112 1 0 77 119 1 18 59 137 1 31 66 122 1 16 77 121 1 2 45 115 1 0 38 135 1 2 65 97 1 14 63 101 1 0 69 139 1 0 0 0 0 40 51 100 1 10 41 136 1 29 50 117 1 24 53 100 1 0 0 0 0 27 79 102 1 22 53 105 1 30 54 120 1 28 69 91 1 19 83 89 1 0 57 117 1 2 28 111 1 19 60 116 1 0 0 0 0 0 65 125 1 22 68 99 1 30 65 98 1 6 57 117 1 0 57 108 1 20 54 123 1 0 0 0 0 20 34 116 1 14 56 116 1 20 79 129 1 16 81 111 1 25 52 132 1
0 0 0 0 34 20 124 1 49 41 128 1 24 94 123 1 38 49 117 1 28 72 126 1 33 80 100 1 24 42 136 1 30 64 132 1 54 58 137 1 33 55 132 1 33 40 115 1 27 55 100 1 0 0 0 0 30 79 125 1 29 71 133 1 25 63 112 1 22 68 149 1 25 75 147 1 18 59 143 1 34 74 129 1 16 94 107 1 23 63 100 1 40 43 139 1 11 87 149 1 21 46 112 1 27 52 145 1 24 57 124 1 0 54 130 1 16 61 124 1 24 26 136 1 36 53 108 1 26 49 101 1 45 79 118 1 0 71 102 1 33 46 124 1 30 52 97 1 18 61 100 1 8 20 115 1 0 0 0 0 13 35 97 1 0 60 121 1 19 67 124 1 0 0 0 0 21 50 110 1 20 40 124 1 14 49 107 1 0 65 128 1 19 76 108 1 21 80 128 1 13 26 124 1 17 52 133 1 9 58 117 1 22 37 119 1 0 0 0 0 18 61 112 1 18 38 125 1 19 60 119 1 14 70 113 1 0 69 93 1 18 55 124 1 16 98 115 1 0 68 142 1
19 68 125 1 12 76 146 1 14 65 146 1 2 46 148 1 28 66 128 1 29 48 134 1 28 69 146 1 0 0 0 0 39 72 112 1 45 59 129 1 30 45 129 1 31 48 120 1 57 55 91 1 51 32 103 1 44 53 144 1 52 70 132 1 33 63 163 1 47 57 169 1 0 0 0 0 35 82 170 1 26 89 132 1 45 69 146 1 16 65 139 1 19 43 126 1 23 69 125 1 25 68 134 1 18 53 139 1 0 69 144 1 0 65 95 1 0 44 102 1 26 48 132 1 11 49 125 1 25 69 106 1 0 58 119 1 0 56 114 1 24 58 120 1 21 38 116 1 0 62 105 1 0 48 98 1 14 48 121 1 15 67 94 1 0 0 0 0 8 63 115 1 18 42 109 1 28 68 100 1 24 54 107 1 24 74 110 1 40 69 116 1 0 56 108 1 0 0 0 0 3 65 101 1 27 89 137 1 22 54 124 1 31 71 115 1 23 73 119 1 21 70 110 1 0 52 105 1 37 51 102 1 16 49 108 1 17 65 98 1 16 91 110 1 0 63 131 1 38 57 114 1
38 72 130 1 39 76 130 1 21 77 104 1 38 62 140 1 34 49 134 1 24 67 121 1 14 68 115 1 0 0 0 0 25 34 118 1 36 74 92 1 71 77 117 1 54 78 115 1 85 69 117 1 105 88 154 1 93 83 111 1 104 67 132 1 0 0 0 0 61 67 139 1 49 90 191 1 27 69 139 1 38 66 137 1 14 77 134 1 19 64 129 1 0 0 0 0 36 53 125 1 30 75 143 1 0 49 135 1 6 58 126 1 0 62 114 1 23 79 111 1 0 0 0 0 23 62 90 1 0 0 0 0 25 50 109 1 18 46 109 1 40 65 112 1 26 69 109 1 14 60 119 1 1 44 108 1 29 61 101 1 3 49 121 1 3 49 119 1 13 41 114 1 39 56 140 1 35 30 135 1 9 50 110 1 25 62 113 1 32 89 121 1 0 0 0 0 37 79 116 1 33 69 125 1 27 60 123 1 43 63 147 1 20 69 110 1 9 48 101 1 0 44 104 1 10 71 104 1 5 66 108 1 13 66 126 1 23 81 104 1 0 0 0 0 19 63 116 1 6 60 145 1
25 64 141 1 29 72 127 1 33 91 150 1 7 67 157 1 32 53 132 1 34 48 121 1 42 64 134 1 37 44 133 1 39 44 127 1 41 75 99 1 69 54 127 1 80 74 146 1 113 86 99 1 140 124 130 1 134 93 142 1 105 92 132 1 81 102 182 1 78 85 151 1 67 103 152 1 17 79 131 1 0 0 0 0 29 73 118 1 41 51 118 1 22 69 116 1 12 53 145 1 15 42 114 1 19 60 119 1 12 51 147 1 33 72 146 1 0 0 0 0 3 34 143 1 6 51 126 1 16 62 129 1 8 67 109 1 13 84 96 1 2 89 121 1 27 76 116 1 36 75 120 1 0 0 0 0 16 71 94 1 12 62 124 1 20 68 88 1 17 56 113 1 35 58 115 1 27 67 122 1 29 76 117 1 24 47 129 1 5 79 108 1 20 47 105 1 0 0 0 0 34 46 105 1 22 69 126 1 16 55 101 1 0 0 0 0 18 79 94 1 26 62 119 1 1 50 124 1 25 48 97 1 0 53 116 1 0 0 0 0 35 62 117 1 32 76 124 1 27 43 109 1
16 50 124 1 21 91 125 1 0 0 0 0 6 52 135 1 35 48 145 1 22 53 139 1 64 65 112 1 47 92 123 1 67 46 100 1 57 41 116 1 93 67 148 1 128 103 171 1 191 132 86 1 200 165 146 1 195 165 174 1 186 182 189 1 150 148 169 1 78 86 115 1 64 103 125 1 56 83 124 1 10 94 148 1 51 58 125 1 31 74 122 1 39 74 141 1 0 0 0 0 3 54 139 1 40 60 128 1 0 0 0 0 7 38 131 1 28 66 101 1 30 40 115 1 9 69 131 1 0 0 0 0 35 46 119 1 0 0 0 0 9 62 120 1 7 50 103 1 48 53 121 1 22 88 119 1 17 53 147 1 26 46 97 1 21 69 97 1 29 57 108 1 36 68 111 1 3 55 125 1 36 52 134 1 0 0 0 0 19 51 143 1 24 64 118 1 36 80 105 1 27 60 120 1 30 34 101 1 26 51 111 1 40 69 120 1 23 54 114 1 26 89 118 1 39 56 132 1 0 0 0 0 16 69 103 1 34 72 116 1 27 54 98 1 18 68 111 1 43 72 134 1
10 66 144 1 31 104 128 1 32 91 169 1 11 61 134 1 0 63 121 1 26 51 135 1 42 64 124 1 40 71 138 1 54 97 129 1 63 71 115 1 115 85 147 1 132 122 171 1 221 171 126 1 250 201 158 1 244 210 178 1 226 252 255 1 192 190 210 1 86 139 158 1 68 95 124 1 32 81 99 1 41 77 137 1 48 85 140 1 56 90 140 1 11 82 130 1 29 106 138 1 39 54 133 1 40 54 129 1 21 67 113 1 29 65 139 1 25 84 133 1 27 48 136 1 17 48 114 1 20 64 117 1 15 60 120 1 54 68 129 1 35 71 123 1 17 86 118 1 0 0 0 0 44 45 111 1 0 0 0 0 15 83 122 1 21 59 106 1 37 65 109 1 24 66 117 1 43 51 129 1 0 0 0 0 50 55 139 1 40 76 126 1 18 67 134 1 27 73 117 1 0 0 0 0 5 59 113 1 35 60 117 1 27 42 118 1 26 80 108 1 6 79 121 1 33 77 120 1 19 76 139 1 24 78 97 1 33 70 123 1 24 71 117 1 31 80 97 1 33 80 112 1
54 95 135 1 0 0 0 0 23 66 122 1 0 0 0 0 18 81 117 1 55 76 126 1 33 59 139 1 53 47 131 1 85 67 125 1 111 77 132 1 156 93 143 1 199 107 169 1 243 231 130 1 253 228 150 1 0 0 0 0 255 248 201 1 197 184 192 1 85 111 127 1 61 80 100 1 61 75 112 1 63 81 142 1 52 85 156 1 42 78 127 1 0 0 0 0 21 93 168 1 49 85 111 1 28 63 121 1 34 97 102 1 0 69 136 1 0 65 117 1 16 62 108 1 38 83 114 1 19 64 132 1 24 62 133 1 16 55 109 1 8 43 150 1 10 58 107 1 0 0 0 0 51 65 108 1 8 62 120 1 0 0 0 0 32 83 99 1 22 67 120 1 17 52 131 1 13 75 97 1 20 60 118 1 10 55 108 1 9 72 101 1 0 0 0 0 8 55 134 1 0 0 0 0 26 57 114 1 14 77 122 1 31 56 86 1 8 70 117 1 12 70 128 1 14 41 119 1 20 67 118 1 19 49 117 1 31 59 110 1 21 46 146 1 14 70 133 1 44 42 132 1
28 78 117 1 44 71 113 1 42 58 159 1 30 72 106 1 44 67 134 1 41 77 114 1 54 74 132 1 76 74 111 1 98 86 129 1 131 98 119 1 182 109 169 1 193 155 158 1 185 198 124 1 243 241 182 1 255 255 214 1 255 255 236 1 205 233 228 1 129 179 177 1 92 96 122 1 49 84 106 1 28 76 130 1 33 70 137 1 23 99 133 1 0 82 114 1 0 0 0 0 1 63 130 1 0 0 0 0 0 69 117 1 22 79 117 1 28 65 101 1 19 64 107 1 30 74 123 1 44 59 114 1 21 46 130 1 21 60 121 1 0 0 0 0 23 59 114 1 0 0 0 0 3 55 128 1 24 64 140 1 42 94 121 1 0 0 0 0 54 66 132 1 18 59 99 1 0 0 0 0 8 72 111 1 25 50 105 1 15 67 98 1 0 0 0 0 19 82 110 1 29 87 114 1 46 96 114 1 21 58 116 1 0 0 0 0 39 78 113 1 0 0 0 0 25 58 153 1 4 45 106 1 21 43 136 1 11 58 123 1 0 52 146 1 3 44 122 1 16 60 106 1
35 68 140 1 30 57 161 1 22 75 127 1 0 0 0 0 54 89 156 1 73 67 114 1 76 63 158 1 94 92 126 1 150 101 143 1 169 149 126 1 188 157 165 1 204 165 157 1 243 245 209 1 246 249 221 1 210 224 187 1 163 173 166 1 140 144 183 1 0 0 0 0 0 0 0 0 44 90 109 1 19 82 141 1 0 0 0 0 14 66 151 1 12 94 134 1 21 71 112 1 45 73 143 1 36 72 132 1 28 59 121 1 48 69 105 1 2 76 126 1 14 72 135 1 13 83 102 1 19 77 131 1 39 81 122 1 0 0 0 0 27 66 115 1 2 56 121 1 33 58 126 1 11 47 97 1 21 50 130 1 13 49 116 1 36 75 98 1 10 51 128 1 19 29 120 1 0 58 123 1 11 71 123 1 19 80 111 1 19 42 102 1 27 48 120 1 27 82 105 1 28 56 111 1 40 47 130 1 0 0 0 0 19 62 125 1 20 61 108 1 5 60 110 1 17 75 112 1 0 61 105 1 28 66 109 1 33 69 117 1 12 57 118 1 14 68 106 1 0 49 132 1
0 0 0 0 26 63 132 1 51 53 137 1 0 0 0 0 91 85 135 1 102 72 163 1 102 129 149 1 0 0 0 0 184 169 207 1 238 176 129 1 210 197 165 1 249 200 160 1 0 0 0 0 192 200 216 1 98 141 147 1 60 86 111 1 0 0 0 0 26 99 125 1 37 75 140 1 36 93 127 1 7 76 154 1 20 69 143 1 29 81 144 1 12 79 150 1 25 76 107 1 46 90 143 1 24 56 120 1 28 106 124 1 47 89 132 1 48 50 93 1 4 106 127 1 41 49 91 1 44 71 121 1 45 65 139 1 32 66 126 1 22 55 121 1 20 25 94 1 21 67 118 1 37 73 132 1 26 76 119 1 26 81 118 1 26 41 112 1 17 58 114 1 17 66 141 1 14 54 135 1 14 79 127 1 22 49 125 1 7 41 106 1 0 45 107 1 15 51 122 1 34 60 111 1 16 73 105 1 39 63 93 1 27 62 112 1 27 59 105 1 0 0 0 0 9 45 150 1 26 67 128 1 3 54 117 1 6 61 102 1 0 0 0 0 43 51 137 1 21 45 131 1
44 76 112 1 53 76 118 1 82 66 131 1 76 87 141 1 0 0 0 0 77 89 152 1 132 126 153 1 187 164 188 1 220 197 214 1 0 0 0 0 205 224 185 1 203 230 165 1 123 191 185 1 75 120 146 1 53 102 153 1 0 0 0 0 17 79 108 1 13 87 102 1 0 0 0 0 0 83 119 1 0 0 0 0 34 85 148 1 42 85 158 1 30 94 162 1 14 99 153 1 27 59 137 1 11 62 139 1 36 57 139 1 13 63 114 1 10 44 110 1 40 58 108 1 30 69 118 1 2 58 139 1 46 57 143 1 8 64 142 1 34 58 119 1 37 81 105 1 42 43 113 1 6 62 110 1 24 61 128 1 23 87 119 1 24 84 109 1 4 67 118 1 20 64 108 1 18 72 135 1 12 46 112 1 22 77 112 1 5 57 116 1 14 45 103 1 23 63 111 1 28 57 107 1 20 59 101 1 0 0 0 0 8 69 99 1 0 0 0 0 24 61 115 1 31 84 118 1 26 73 121 1 9 67 109 1 5 54 119 1 12 64 122 1 4 59 126 1 12 68 107 1
36 55 101 1 62 79 117 1 90 97 138 1 99 82 158 1 0 0 0 0 135 109 154 1 134 146 145 1 162 165 187 1 197 225 228 1 214 241 239 1 166 218 190 1 137 166 159 1 59 118 169 1 65 99 134 1 0 0 0 0 70 103 162 1 18 100 147 1 0 0 0 0 38 111 164 1 11 88 140 1 51 85 161 1 40 107 176 1 0 0 0 0 34 104 143 1 39 98 175 1 30 75 145 1 27 90 132 1 0 0 0 0 37 43 143 1 23 52 116 1 0 0 0 0 19 71 119 1 0 67 114 1 15 81 119 1 24 57 121 1 27 69 126 1 32 77 132 1 46 73 116 1 7 58 107 1 15 43 120 1 58 54 95 1 22 61 130 1 13 58 126 1 29 73 125 1 26 69 125 1 1 70 96 1 28 51 127 1 17 54 99 1 0 63 100 1 0 57 115 1 22 53 111 1 26 43 92 1 13 74 102 1 17 50 125 1 13 39 125 1 0 0 0 0 0 21 91 1 44 55 142 1 0 0 0 0 10 68 134 1 24 85 104 1 19 64 113 1 15 45 116 1
91 96 122 1 107 103 133 1 126 122 106 1 154 150 132 1 123 152 135 1 115 142 161 1 135 118 169 1 0 0 0 0 99 143 146 1 92 145 159 1 75 113 135 1 58 118 139 1 32 117 172 1 29 106 176 1 43 124 182 1 47 129 182 1 35 102 159 1 44 118 174 1 63 103 194 1 11 109 137 1 66 93 175 1 53 107 172 1 0 0 0 0 30 108 182 1 58 96 166 1 46 104 143 1 27 88 178 1 35 85 123 1 37 80 116 1 30 81 123 1 5 63 106 1 0 54 107 1 24 67 104 1 6 59 107 1 49 45 103 1 20 48 109 1 0 0 0 0 39 36 112 1 25 66 99 1 24 81 119 1 19 62 121 1 37 81 132 1 26 64 129 1 22 59 113 1 38 62 119 1 23 63 101 1 45 63 115 1 14 44 116 1 31 42 119 1 22 41 105 1 5 62 110 1 20 52 117 1 7 71 123 1 26 55 83 1 3 73 102 1 0 50 104 1 31 53 100 1 20 49 128 1 6 57 129 1 8 51 128 1 14 35 143 1 12 82 122 1 23 78 92 1
97 92 126 1 141 111 127 1 153 153 156 1 181 174 187 1 174 199 196 1 147 199 219 1 134 155 190 1 58 132 177 1 0 0 0 0 59 148 173 1 38 140 186 1 0 0 0 0 39 128 186 1 42 106 185 1 31 116 192 1 7 116 176 1 19 141 186 1 47 103 192 1 0 0 0 0 35 135 154 1 24 101 186 1 16 90 165 1 43 117 174 1 32 111 149 1 45 90 161 1 51 80 147 1 26 70 159 1 13 64 136 1 19 55 133 1 23 101 127 1 31 57 120 1 22 70 116 1 22 70 100 1 22 76 134 1 17 52 125 1 44 37 117 1 20 43 116 1 25 78 126 1 38 69 89 1 8 71 110 1 20 62 99 1 17 73 104 1 31 53 95 1 21 50 128 1 18 29 127 1 21 51 100 1 0 0 0 0 0 28 100 1 0 50 111 1 41 46 127 1 13 41 115 1 7 54 91 1 0 0 0 0 29 49 93 1 6 76 91 1 0 0 0 0 21 49 92 1 22 46 113 1 0 0 0 0 29 54 134 1 9 70 117 1 13 72 88 1 22 61 120 1
107 136 161 1 139 164 193 1 173 187 191 1 172 198 220 1 161 223 251 1 135 190 204 1 73 165 191 1 71 124 164 1 55 110 190 1 49 118 225 1 30 120 202 1 5 121 216 1 44 117 187 1 37 104 194 1 16 77 180 1 40 121 169 1 42 110 202 1 35 98 169 1 22 92 163 1 28 109 145 1 5 81 131 1 26 97 124 1 33 70 144 1 11 70 146 1 30 79 172 1 46 81 168 1 18 91 156 1 30 82 141 1 38 76 123 1 28 70 115 1 1 89 133 1 12 38 102 1 17 70 112 1 24 50 127 1 0 0 0 0 37 55 117 1 47 86 105 1 0 0 0 0 28 56 99 1 23 28 110 1 18 38 99 1 20 41 125 1 0 67 114 1 38 85 140 1 29 63 105 1 44 70 138 1 32 41 117 1 2 70 143 1 20 46 112 1 0 82 110 1 1 49 137 1 0 61 115 1 13 77 100 1 32 73 127 1 0 0 0 0 11 59 107 1 3 58 112 1 5 81 127 1 15 82 137 1 29 94 135 1 6 77 138 1 17 61 123 1 12 68 109 1
0 0 0 0 155 185 195 1 141 201 193 1 151 172 182 1 107 163 190 1 82 149 156 1 28 126 155 1 61 106 173 1 92 135 161 1 34 119 188 1 4 95 198 1 34 102 195 1 60 105 189 1 40 65 167 1 4 70 153 1 30 100 191 1 23 65 150 1 23 75 156 1 29 93 144 1 44 102 124 1 10 71 139 1 26 73 137 1 16 73 146 1 39 81 159 1 52 77 158 1 44 104 145 1 9 75 162 1 9 74 158 1 48 85 133 1 30 77 124 1 20 67 131 1 40 56 125 1 0 0 0 0 0 0 0 0 0 0 0 0 8 67 123 1 20 69 102 1 17 42 110 1 0 66 102 1 20 75 109 1 27 52 107 1 16 63 106 1 25 74 113 1 33 55 109 1 0 0 0 0 29 58 150 1 21 44 117 1 19 94 141 1 21 79 119 1 30 62 118 1 0 0 0 0 20 67 101 1 0 75 121 1 43 49 111 1 41 55 112 1 0 0 0 0 10 71 121 1 1 72 125 1 40 65 123 1 32 64 111 1 49 57 118 1 24 59 117 1 28 68 132 1
110 154 193 1 119 187 199 1 104 141 177 1 83 113 159 1 52 101 153 1 42 96 123 1 42 97 121 1 0 0 0 0 50 111 156 1 25 111 155 1 1 85 165 1 0 0 0 0 41 91 141 1 30 91 146 1 46 103 138 1 27 71 139 1 39 76 140 1 13 79 149 1 14 74 103 1 7 71 138 1 34 91 103 1 16 73 151 1 2 83 156 1 43 90 146 1 20 82 154 1 40 67 170 1 18 84 166 1 43 68 150 1 0 0 0 0 13 75 143 1 25 70 121 1 18 57 125 1 11 78 113 1 15 54 111 1 15 70 131 1 0 0 0 0 32 60 103 1 6 71 116 1 22 51 130 1 25 57 111 1 0 0 0 0 32 63 125 1 42 59 117 1 58 59 108 1 18 34 113 1 3 62 114 1 32 43 102 1 3 66 133 1 17 51 113 1 22 74 135 1 26 91 125 1 0 79 145 1 14 58 127 1 0 91 123 1 0 0 0 0 31 51 149 1 37 64 123 1 20 74 138 1 28 86 145 1 14 83 141 1 0 0 0 0 20 72 125 1 25 75 122 1
40 93 164 1 45 101 150 1 41 90 147 1 19 53 140 1 0 0 0 0 33 82 141 1 34 79 108 1 29 65 124 1 0 0 0 0 27 81 135 1 47 78 140 1 0 0 0 0 30 61 135 1 9 79 132 1 25 75 133 1 0 0 0 0 26 63 131 1 27 85 113 1 43 52 118 1 33 74 96 1 0 85 144 1 28 57 139 1 20 64 126 1 0 0 0 0 32 88 152 1 36 79 164 1 29 74 121 1 37 79 138 1 20 98 138 1 21 73 116 1 15 79 142 1 29 55 126 1 24 65 130 1 17 57 122 1 0 58 132 1 3 55 97 1 20 83 102 1 30 65 141 1 1 79 109 1 23 71 115 1 29 46 123 1 10 66 121 1 41 57 122 1 22 35 136 1 9 55 130 1 3 61 111 1 0 0 0 0 18 63 108 1 33 65 125 1 31 63 132 1 16 61 133 1 45 98 147 1 31 85 113 1 40 64 103 1 28 62 124 1 13 64 122 1 24 70 113 1 25 74 125 1 15 82 120 1 20 74 112 1 34 83 120 1 0 63 133 1 0 0 0 0
40 104 137 1 55 115 140 1 0 0 0 0 38 60 153 1 9 84 147 1 28 73 109 1 28 67 170 1 31 81 145 1 15 80 111 1 0 87 126 1 25 66 121 1 28 66 108 1 22 85 145 1 9 87 124 1 32 63 114 1 39 74 130 1 25 73 111 1 0 0 0 0 15 78 120 1 34 63 108 1 16 55 124 1 25 92 128 1 23 63 156 1 33 63 138 1 20 92 147 1 34 100 145 1 10 92 137 1 25 71 130 1 31 69 128 1 29 80 135 1 17 56 130 1 44 57 144 1 13 83 133 1 27 49 152 1 14 50 115 1 15 60 125 1 28 64 124 1 0 0 0 0 33 68 123 1 6 39 125 1 32 77 140 1 18 45 144 1 46 60 143 1 35 86 155 1 40 53 130 1 42 65 136 1 14 75 129 1 31 80 123 1 5 60 130 1 33 73 124 1 49 73 139 1 30 85 133 1 29 78 139 1 15 59 112 1 3 77 111 1 21 60 136 1 45 79 103 1 17 78 127 1 36 72 158 1 17 88 129 1 15 78 139 1 39 121 121 1 32 55 102 1
43 63 121 1 36 52 139 1 24 57 104 1 40 74 112 1 6 94 112 1 13 68 145 1 16 74 160 1 0 0 0 0 19 91 130 1 35 97 134 1 24 89 133 1 37 65 141 1 33 76 142 1 33 79 157 1 38 77 126 1 44 66 134 1 37 77 129 1 35 93 132 1 35 78 128 1 18 72 106 1 45 88 125 1 33 76 142 1 27 70 150 1 28 72 167 1 14 75 125 1 55 71 144 1 13 83 137 1 42 84 134 1 0 0 0 0 28 56 147 1 0 0 0 0 12 78 126 1 12 75 160 1 8 65 116 1 16 82 94 1 23 76 122 1 23 67 124 1 11 73 127 1 27 50 100 1 11 87 133 1 20 76 135 1 47 73 152 1 43 84 137 1 43 72 119 1 9 59 118 1 27 53 117 1 28 55 103 1 29 71 135 1 10 84 129 1 46 70 138 1 42 73 142 1 0 0 0 0 43 62 100 1 45 87 133 1 39 75 131 1 12 92 124 1 47 96 111 1 15 58 127 1 28 84 140 1 0 0 0 0 21 52 148 1 28 73 145 1 45 53 117 1
30 92 124 1 35 77 124 1 28 67 97 1 8 52 86 1 0 0 0 0 0 0 0 0 24 75 129 1 32 89 159 1 14 95 138 1 23 86 169 1 29 66 165 1 27 77 161 1 46 80 137 1 24 62 154 1 6 79 136 1 40 67 153 1 24 71 133 1 27 78 165 1 31 82 152 1 0 69 151 1 22 79 152 1 31 106 131 1 23 79 144 1 0 0 0 0 1 78 117 1 31 80 126 1 29 88 136 1 42 84 119 1 4 64 147 1 19 90 128 1 42 62 125 1 13 78 127 1 0 0 0 0 55 70 137 1 21 53 118 1 38 66 113 1 16 69 115 1 26 79 129 1 50 62 112 1 30 62 120 1 35 71 131 1 0 0 0 0 20 72 142 1 16 65 150 1 24 71 140 1 23 68 122 1 35 40 103 1 8 66 121 1 0 0 0 0 20 70 130 1 20 88 97 1 0 0 0 0 27 60 136 1 55 76 123 1 25 93 88 1 0 53 110 1 13 68 123 1 14 55 132 1 13 81 116 1 38 66 131 1 0 0 0 0 43 72 120 1 12 89 122 1
26 76 115 1 32 49 97 1 54 70 105 1 23 69 106 1 32 64 144 1 21 76 138 1 24 94 125 1 0 66 123 1 0 73 151 1 47 76 179 1 32 73 171 1 7 76 180 1 14 81 128 1 23 73 135 1 0 0 0 0 9 80 120 1 45 63 167 1 28 115 189 1 21 95 145 1 22 50 142 1 27 60 135 1 28 72 133 1 17 80 107 1 0 0 0 0 13 58 129 1 18 75 127 1 24 47 140 1 24 79 124 1 24 66 125 1 19 56 118 1 31 52 139 1 31 77 126 1 34 65 132 1 9 67 142 1 26 75 121 1 14 82 120 1 23 63 101 1 17 68 129 1 21 67 99 1 23 65 109 1 51 74 126 1 20 94 156 1 33 68 142 1 48 51 132 1 26 59 116 1 34 69 125 1 35 76 125 1 0 0 0 0 43 76 133 1 23 82 111 1 0 0 0 0 17 73 124 1 32 92 142 1 24 64 136 1 26 57 128 1 34 60 115 1 15 70 126 1 24 68 122 1 48 86 119 1 7 87 144 1 19 71 137 1 10 85 130 1 6 86 134 1
37 56 126 1 0 0 0 0 0 0 0 0 24 54 128 1 0 0 0 0 0 0 0 0 16 61 119 1 36 68 124 1 0 0 0 0 19 76 157 1 21 69 182 1 25 57 168 1 4 71 127 1 27 83 151 1 28 78 150 1 0 0 0 0 41 80 138 1 31 68 146 1 72 89 115 1 36 54 119 1 2 76 141 1 15 88 124 1 12 60 146 1 35 70 126 1 43 79 125 1 0 0 0 0 40 63 129 1 19 71 148 1 32 72 146 1 11 89 137 1 23 81 130 1 8 81 119 1 26 44 111 1 25 58 153 1 0 0 0 0 26 72 144 1 15 86 130 1 18 71 122 1 7 84 155 1 36 75 111 1 30 77 146 1 0 0 0 0 0 62 95 1 0 57 117 1 8 54 128 1 15 56 100 1 2 62 157 1 0 0 0 0 41 44 103 1 29 73 156 1 32 76 125 1 39 58 146 1 25 71 110 1 37 57 109 1 26 65 120 1 9 46 89 1 14 85 100 1 11 82 92 1 45 52 125 1 20 73 127 1 37 99 147 1 24 65 142 1 23 72 113 1
13 63 128 1 0 0 0 0 30 78 132 1 35 71 129 1 0 0 0 0 7 77 137 1 10 82 137 1 14 100 160 1 20 65 131 1 17 39 131 1 28 56 162 1 0 56 167 1 22 65 137 1 19 64 116 1 29 79 130 1 0 0 0 0 15 57 157 1 32 58 157 1 11 77 135 1 35 72 120 1 0 68 136 1 22 67 127 1 0 81 136 1 0 0 0 0 11 71 141 1 20 47 141 1 18 58 120 1 16 89 132 1 52 57 107 1 31 45 120 1 12 66 143 1 30 70 112 1 45 55 124 1 24 69 129 1 0 75 138 1 18 85 155 1 18 88 110 1 18 63 138 1 5 80 125 1 14 99 118 1 28 68 115 1 21 83 119 1 16 81 90 1 4 68 105 1 21 50 123 1 32 81 142 1 0 80 116 1 30 68 141 1 21 36 130 1 29 46 134 1 16 55 111 1 46 58 117 1 35 73 134 1 2 55 111 1 42 73 94 1 24 65 111 1 6 62 134 1 0 0 0 0 0 0 0 0 23 51 92 1 47 70 117 1 31 66 129 1 12 72 143 1
24 66 162 1 28 58 180 1 15 64 169 1 0 0 0 0 3 68 155 1 0 81 156 1 6 92 147 1 0 88 102 1 15 77 139 1 4 82 111 1 0 0 0 0 17 52 125 1 19 64 122 1 17 88 142 1 11 71 133 1 15 114 148 1 26 84 145 1 7 53 122 1 7 95 155 1 31 85 144 1 14 62 143 1 26 63 124 1 11 53 154 1 38 65 134 1 7 69 142 1 29 91 158 1 42 58 171 1 11 83 126 1 29 43 122 1 9 76 102 1 28 52 134 1 33 53 139 1 15 66 120 1 0 65 127 1 0 0 0 0 15 52 132 1 17 80 119 1 22 79 136 1 25 41 126 1 13 65 130 1 5 49 115 1 0 0 0 0 17 49 116 1 0 0 0 0 0 0 0 0 0 53 112 1 0 0 0 0 25 68 106 1 24 47 100 1 5 66 106 1 10 71 123 1 12 78 112 1 22 65 127 1 0 0 0 0 22 55 131 1 21 73 109 1 45 58 114 1 22 63 131 1 45 55 99 1 0 0 0 0 48 74 127 1 4 90 128 1 31 67 147 1
21 96 158 1 6 75 176 1 23 69 141 1 28 61 180 1 42 82 177 1 44 65 174 1 0 60 164 1 5 80 135 1 39 82 131 1 26 85 138 1 16 77 104 1 29 71 85 1 9 73 130 1 20 70 137 1 29 58 122 1 33 53 128 1 0 0 0 0 34 61 137 1 61 76 129 1 0 0 0 0 0 0 0 0 5 65 136 1 30 100 107 1 56 91 141 1 28 97 133 1 28 67 149 1 0 89 116 1 13 61 139 1 21 70 126 1 29 61 137 1 14 43 105 1 30 70 106 1 35 35 131 1 14 73 135 1 37 52 134 1 39 79 153 1 46 66 124 1 0 0 0 0 34 103 119 1 14 65 99 1 16 44 136 1 9 82 158 1 29 87 122 1 3 88 107 1 4 69 111 1 21 98 109 1 16 63 114 1 24 61 85 1 7 73 97 1 3 61 93 1 18 75 120 1 0 0 0 0 32 69 141 1 22 65 112 1 1 80 140 1 25 65 137 1 27 48 143 1 15 57 112 1 0 0 0 0 12 51 116 1 22 64 109 1 17 52 104 1 35 61 109 1
33 78 159 1 54 63 150 1 41 63 175 1 51 76 147 1 40 75 165 1 20 79 168 1 0 0 0 0 23 59 165 1 0 0 0 0 34 76 116 1 0 73 113 1 17 73 103 1 32 68 131 1 10 57 113 1 21 68 136 1 34 81 132 1 30 63 151 1 38 74 166 1 38 90 137 1 55 81 141 1 50 91 129 1 69 72 133 1 0 0 0 0 19 66 151 1 25 72 155 1 46 84 109 1 25 85 125 1 29 74 139 1 43 57 105 1 22 53 140 1 30 47 141 1 21 91 118 1 28 82 141 1 38 89 130 1 18 65 144 1 60 90 137 1 43 70 113 1 14 85 146 1 44 99 144 1 7 72 145 1 9 51 118 1 0 0 0 0 32 53 118 1 25 77 138 1 3 70 94 1 29 58 107 1 8 89 107 1 27 72 102 1 24 47 79 1 32 64 86 1 2 83 104 1 41 52 107 1 0 0 0 0 11 46 128 1 17 68 125 1 0 0 0 0 24 43 121 1 4 96 121 1 13 64 125 1 27 41 122 1 4 46 85 1 0 0 0 0 12 45 141 1
77 83 141 1 64 91 153 1 0 0 0 0 68 104 144 1 45 61 179 1 31 59 158 1 39 63 157 1 39 72 147 1 0 0 0 0 40 88 147 1 33 63 129 1 30 75 96 1 56 79 154 1 22 46 125 1 29 88 148 1 30 94 133 1 27 75 138 1 46 68 155 1 37 58 155 1 38 112 151 1 13 77 149 1 0 84 138 1 0 0 0 0 0 47 126 1 10 48 137 1 12 81 119 1 0 56 126 1 0 0 0 0 0 0 0 0 40 57 152 1 0 0 0 0 40 67 142 1 47 76 135 1 20 74 135 1 36 77 146 1 23 71 150 1 34 61 138 1 16 64 146 1 32 80 123 1 0 62 122 1 1 68 111 1 36 60 109 1 13 70 140 1 12 66 123 1 21 67 83 1 33 54 114 1 1 58 131 1 18 72 125 1 44 71 138 1 15 42 88 1 7 45 118 1 23 72 108 1 46 83 108 1 32 46 106 1 12 86 122 1 30 51 108 1 14 67 125 1 35 69 136 1 31 56 116 1 2 66 130 1 18 38 118 1 0 52 115 1 0 0 0 0
143 129 158 1 137 107 139 1 125 112 135 1 131 92 146 1 91 119 192 1 0 0 0 0 80 104 186 1 23 83 163 1 28 56 172 1 43 105 151 1 0 0 0 0 31 70 171 1 34 97 147 1 51 69 132 1 35 88 172 1 59 92 154 1 54 97 139 1 34 96 130 1 17 82 126 1 21 86 130 1 27 92 133 1 26 83 132 1 18 80 109 1 29 63 140 1 14 75 147 1 24 81 130 1 4 87 120 1 29 52 116 1 11 64 138 1 13 73 132 1 36 66 130 1 42 76 131 1 0 98 88 1 0 0 0 0 12 59 118 1 13 65 123 1 11 57 100 1 23 58 108 1 8 80 138 1 33 61 137 1 9 87 108 1 24 77 126 1 16 45 117 1 0 0 0 0 27 67 117 1 3 73 103 1 15 80 110 1 6 55 109 1 24 75 153 1 19 61 97 1 22 57 114 1 23 59 105 1 33 77 108 1 0 50 129 1 34 64 117 1 35 65 121 1 16 60 124 1 22 65 133 1 18 50 119 1 0 66 143 1 19 71 128 1 33 69 100 1 22 42 130 1
0 0 0 0 178 163 140 1 177 129 118 1 169 131 158 1 0 0 0 0 134 137 204 1 93 98 191 1 62 83 193 1 33 68 179 1 18 54 166 1 28 67 176 1 13 77 130 1 37 75 121 1 42 79 137 1 23 83 149 1 41 82 153 1 33 76 128 1 27 105 129 1 29 76 146 1 0 74 130 1 26 72 139 1 49 79 120 1 20 76 144 1 40 102 130 1 26 92 139 1 51 76 147 1 0 0 0 0 36 95 147 1 31 51 115 1 0 0 0 0 36 47 141 1 32 64 147 1 17 73 130 1 36 64 142 1 32 35 106 1 0 0 0 0 29 72 122 1 0 94 127 1 23 48 127 1 42 68 111 1 29 56 141 1 12 71 113 1 30 73 124 1 22 69 126 1 14 56 131 1 0 0 0 0 9 66 120 1 8 63 118 1 4 74 106 1 33 61 93 1 7 74 125 1 26 70 107 1 0 0 0 0 0 0 0 0 27 68 103 1 15 64 121 1 8 48 137 1 18 78 151 1 31 63 120 1 0 86 146 1 26 64 119 1 23 76 121 1 0 0 0 0
244 253 205 1 228 194 194 1 225 195 142 1 221 196 146 1 208 223 207 1 172 197 198 1 140 145 173 1 51 59 119 1 36 59 107 1 0 0 0 0 0 0 0 0 18 64 137 1 23 78 132 1 0 0 0 0 7 59 125 1 26 53 112 1 0 0 0 0 30 67 133 1 19 58 132 1 19 71 105 1 37 74 115 1 31 85 116 1 31 73 123 1 4 88 145 1 37 69 151 1 0 0 0 0 35 70 129 1 13 87 126 1 23 81 146 1 0 57 128 1 12 57 133 1 22 74 114 1 33 79 129 1 30 49 143 1 28 69 117 1 14 64 108 1 0 59 120 1 26 39 117 1 3 75 111 1 0 0 0 0 1 27 109 1 7 65 130 1 33 83 135 1 14 67 122 1 0 0 0 0 33 64 147 1 24 78 105 1 5 64 140 1 0 0 0 0 0 0 0 0 1 56 121 1 20 55 151 1 2 39 152 1 35 53 126 1 39 63 127 1 24 57 142 1 0 0 0 0 9 65 124 1 15 63 110 1 0 91 115 1 21 70 104 1 24 78 140 1 34 65 122 1
234 216 205 1 251 255 196 1 255 241 208 1 250 248 218 1 244 234 223 1 245 241 248 1 213 233 243 1 101 120 150 1 45 61 124 1 16 69 133 1 14 72 145 1 5 88 135 1 14 55 153 1 23 82 131 1 40 72 117 1 2 78 151 1 5 31 130 1 30 60 128 1 16 66 117 1 13 80 101 1 20 60 118 1 0 0 0 0 18 77 121 1 38 89 106 1 33 64 124 1 13 60 117 1 37 80 129 1 47 69 115 1 8 91 149 1 35 77 165 1 40 95 129 1 30 76 148 1 39 68 105 1 26 40 118 1 0 82 147 1 15 55 114 1 19 91 134 1 13 66 137 1 9 75 142 1 3 44 122 1 23 70 122 1 3 58 103 1 0 62 102 1 26 45 133 1 16 71 116 1 24 80 137 1 18 55 105 1 19 49 131 1 12 82 113 1 12 39 101 1 9 72 105 1 0 0 0 0 26 58 114 1 15 48 125 1 32 43 160 1 0 0 0 0 41 65 113 1 13 56 117 1 14 70 88 1 30 43 114 1 27 56 125 1 22 85 112 1 0 0 0 0
184 209 184 1 237 255 208 1 255 255 219 1 255 244 220 1 215 253 228 1 255 255 226 1 220 235 204 1 108 107 148 1 32 59 68 1 38 78 102 1 32 57 132 1 35 78 119 1 30 88 116 1 38 72 127 1 21 64 107 1 29 91 106 1 0 0 0 0 0 58 125 1 14 57 114 1 18 77 126 1 2 63 120 1 4 49 126 1 31 74 136 1 44 76 107 1 27 74 117 1 12 62 122 1 31 87 104 1 18 74 94 1 6 78 150 1 20 65 155 1 41 54 113 1 27 95 136 1 0 0 0 0 50 55 156 1 17 72 146 1 25 43 146 1 23 73 140 1 39 82 114 1 0 77 129 1 30 50 112 1 13 65 129 1 0 0 0 0 21 51 86 1 18 42 120 1 0 0 0 0 50 44 144 1 11 36 123 1 37 57 113 1 0 71 105 1 0 0 0 0 30 74 156 1 45 62 115 1 0 0 0 0 12 84 134 1 26 75 139 1 0 0 0 0 0 0 0 0 53 64 130 1 0 0 0 0 18 45 125 1 0 0 0 0 0 0 0 0 11 75 149 1
136 171 162 1 190 215 197 1 0 0 0 0 0 0 0 0 253 248 215 1 0 0 0 0 205 193 192 1 93 148 124 1 43 65 56 1 54 82 99 1 25 54 97 1 43 60 101 1 14 57 104 1 3 63 100 1 15 78 131 1 28 40 105 1 23 78 139 1 36 92 112 1 12 64 120 1 12 33 92 1 1 49 116 1 0 63 101 1 25 60 119 1 0 51 105 1 5 59 121 1 34 73 116 1 25 63 132 1 25 69 117 1 27 88 121 1 7 78 126 1 9 63 152 1 52 67 122 1 0 0 0 0 22 66 118 1 14 75 130 1 16 69 113 1 42 61 124 1 19 68 135 1 22 73 92 1 32 63 111 1 18 82 158 1 0 0 0 0 57 34 108 1 51 62 101 1 42 57 132 1 65 82 109 1 42 72 137 1 26 78 112 1 39 73 135 1 0 0 0 0 29 52 133 1 0 0 0 0 36 57 154 1 0 48 151 1 24 48 132 1 45 65 143 1 50 76 140 1 28 94 124 1 24 91 145 1 22 71 137 1 51 76 145 1 34 68 147 1 0 0 0 0
61 100 92 1 95 137 129 1 195 184 188 1 226 218 227 1 185 207 169 1 145 181 155 1 103 129 111 1 60 108 72 1 43 59 106 1 56 62 105 1 19 56 110 1 14 63 103 1 19 60 124 1 24 81 108 1 2 42 134 1 25 65 113 1 17 54 134 1 17 63 105 1 29 81 118 1 22 56 118 1 10 60 132 1 0 0 0 0 22 66 143 1 27 73 111 1 0 0 0 0 0 69 111 1 11 46 102 1 21 47 92 1 21 54 111 1 0 0 0 0 6 57 117 1 19 72 118 1 19 61 141 1 0 61 139 1 18 53 137 1 9 72 128 1 28 57 114 1 4 42 107 1 12 43 102 1 25 66 109 1 22 75 131 1 32 78 110 1 67 33 117 1 0 0 0 0 89 48 110 1 96 61 126 1 33 75 114 1 50 56 112 1 19 82 125 1 40 61 116 1 30 81 115 1 32 32 128 1 35 110 143 1 0 0 0 0 23 58 159 1 38 75 138 1 45 77 155 1 38 99 125 1 19 76 150 1 29 99 144 1 30 93 171 1 46 89 168 1 22 81 135 1
48 135 128 1 30 90 116 1 50 84 87 1 60 74 97 1 57 95 92 1 27 108 85 1 41 67 84 1 36 66 62 1 34 46 91 1 27 89 135 1 34 41 82 1 38 32 117 1 25 62 128 1 27 65 117 1 2 66 112 1 23 61 132 1 39 67 106 1 37 95 119 1 17 49 124 1 0 0 0 0 11 58 98 1 33 73 107 1 38 81 120 1 14 64 105 1 2 57 118 1 19 46 109 1 25 54 115 1 0 0 0 0 29 66 108 1 26 64 119 1 0 0 0 0 20 53 134 1 9 66 114 1 38 89 127 1 0 69 143 1 28 56 128 1 23 87 152 1 0 0 0 0 41 60 109 1 0 0 0 0 34 62 132 1 53 53 120 1 72 55 128 1 0 0 0 0 122 91 113 1 143 87 149 1 86 98 131 1 53 71 110 1 36 68 106 1 27 53 104 1 26 84 123 1 22 72 137 1 49 86 146 1 28 52 148 1 10 75 153 1 33 50 168 1 25 76 161 1 48 90 149 1 0 0 0 0 29 106 146 1 58 93 157 1 30 99 167 1 27 95 183 1
27 100 153 1 32 94 144 1 21 75 132 1 22 99 137 1 13 91 134 1 30 75 115 1 47 84 140 1 20 65 143 1 17 77 117 1 0 0 0 0 34 55 154 1 19 69 141 1 27 54 111 1 34 44 99 1 39 70 107 1 27 62 111 1 27 73 142 1 10 52 99 1 9 47 88 1 20 64 128 1 3 61 109 1 25 52 137 1 22 77 112 1 4 42 109 1 20 77 118 1 33 48 133 1 20 45 113 1 8 36 101 1 23 45 94 1 40 73 92 1 15 41 108 1 0 0 0 0 27 52 129 1 0 0 0 0 0 0 0 0 17 44 138 1 29 84 121 1 38 80 157 1 18 56 114 1 41 58 135 1 38 71 107 1 49 49 112 1 115 74 130 1 161 94 174 1 182 145 144 1 206 146 161 1 148 169 200 1 141 125 116 1 63 96 73 1 42 84 111 1 38 71 102 1 22 67 116 1 0 0 0 0 43 88 140 1 0 0 0 0 20 65 144 1 58 87 153 1 32 92 163 1 61 73 168 1 33 93 134 1 58 102 138 1 10 98 157 1 0 72 160 1
56 102 196 1 8 78 150 1 12 83 150 1 17 112 158 1 19 75 128 1 19 68 151 1 23 81 164 1 16 54 147 1 30 51 140 1 0 0 0 0 5 34 143 1 9 57 134 1 29 48 113 1 0 0 0 0 47 49 104 1 19 59 98 1 12 56 98 1 7 65 96 1 1 50 97 1 17 75 117 1 7 64 118 1 12 49 97 1 19 49 121 1 0 84 117 1 5 59 122 1 0 50 119 1 16 81 130 1 16 66 125 1 35 63 84 1 27 62 100 1 31 63 127 1 0 0 0 0 20 71 154 1 22 63 132 1 25 86 157 1 42 54 191 1 28 58 129 1 8 66 118 1 9 66 124 1 35 81 128 1 76 68 101 1 83 90 127 1 152 107 195 1 194 155 210 1 245 178 189 1 255 228 225 1 242 255 255 1 0 0 0 0 79 147 164 1 50 107 116 1 33 53 128 1 11 84 115 1 21 74 147 1 37 88 140 1 5 68 165 1 22 73 160 1 66 90 173 1 35 101 142 1 32 111 157 1 35 83 162 1 28 84 167 1 35 85 164 1 18 87 155 1
61 86 175 1 61 96 173 1 29 111 191 1 27 108 133 1 0 0 0 0 1 82 169 1 28 75 129 1 12 75 145 1 14 72 125 1 17 61 133 1 21 66 118 1 54 56 139 1 17 90 147 1 0 65 115 1 24 51 118 1 10 51 118 1 3 41 106 1 3 39 114 1 12 59 108 1 34 54 121 1 0 0 0 0 11 74 144 1 10 69 123 1 0 60 127 1 0 48 120 1 8 60 130 1 0 76 136 1 16 82 143 1 0 71 106 1 37 61 108 1 13 75 134 1 13 62 146 1 26 67 142 1 18 83 99 1 25 81 91 1 15 89 96 1 9 65 106 1 1 65 128 1 18 56 157 1 36 59 145 1 35 71 127 1 0 0 0 0 138 135 150 1 193 213 190 1 234 220 175 1 238 255 206 1 244 250 184 1 255 255 246 1 167 166 204 1 95 85 140 1 65 61 194 1 73 64 186 1 19 52 145 1 38 66 146 1 28 74 160 1 21 68 144 1 19 67 138 1 46 94 159 1 39 84 156 1 30 87 153 1 44 65 173 1 0 0 0 0 22 99 155 1
40 102 149 1 45 92 141 1 33 96 116 1 51 104 138 1 0 0 0 0 32 69 137 1 5 86 137 1 0 0 0 0 0 63 129 1 30 92 134 1 13 70 136 1 8 54 129 1 1 69 136 1 31 90 139 1 13 74 126 1 23 72 118 1 19 57 118 1 16 45 114 1 21 44 90 1 33 57 136 1 10 57 123 1 17 81 138 1 28 67 139 1 0 78 165 1 30 75 118 1 11 81 130 1 15 58 126 1 24 84 166 1 18 67 127 1 31 77 144 1 24 42 111 1 60 83 135 1 9 74 113 1 13 65 114 1 33 71 93 1 32 71 112 1 11 72 131 1 34 70 146 1 23 72 119 1 43 67 143 1 48 73 137 1 58 90 102 1 89 112 162 1 165 190 186 1 254 247 147 1 255 255 211 1 247 244 201 1 241 208 218 1 182 194 175 1 0 0 0 0 44 70 140 1 52 59 151 1 21 54 121 1 31 70 156 1 0 0 0 0 3 76 140 1 32 74 134 1 17 82 137 1 0 0 0 0 48 95 158 1 0 0 0 0 26 85 168 1 14 102 160 1
0 0 0 0 77 82 150 1 74 88 167 1 48 118 149 1 35 77 137 1 28 76 142 1 14 53 134 1 19 69 126 1 0 58 126 1 0 0 0 0 26 73 148 1 0 0 0 0 21 86 152 1 12 69 130 1 15 73 132 1 26 69 109 1 24 53 146 1 19 56 100 1 1 70 113 1 29 41 104 1 0 54 121 1 22 50 124 1 39 50 130 1 31 78 124 1 34 67 119 1 25 55 133 1 17 51 133 1 28 71 108 1 18 70 111 1 32 72 150 1 11 58 130 1 17 93 124 1 0 0 0 0 22 60 118 1 22 77 119 1 40 70 127 1 7 93 142 1 21 79 141 1 28 49 138 1 42 77 139 1 43 61 113 1 38 58 119 1 79 102 123 1 0 0 0 0 254 234 151 1 240 228 210 1 255 245 177 1 255 251 196 1 195 210 184 1 115 128 113 1 97 73 122 1 58 81 138 1 0 0 0 0 16 58 131 1 31 64 124 1 20 76 115 1 18 68 160 1 17 94 166 1 23 87 130 1 21 87 154 1 26 74 165 1 8 77 165 1 39 99 148 1
95 90 154 1 77 108 161 1 76 112 185 1 60 93 149 1 51 90 165 1 31 88 142 1 52 71 133 1 28 90 135 1 37 73 107 1 21 58 110 1 13 61 132 1 3 52 132 1 0 55 104 1 16 55 112 1 37 51 132 1 0 0 0 0 32 65 128 1 32 93 129 1 31 74 123 1 25 67 118 1 23 37 116 1 12 37 134 1 58 79 122 1 3 53 113 1 0 0 0 0 26 86 117 1 28 60 99 1 45 63 114 1 0 92 128 1 35 50 125 1 23 76 142 1 19 75 132 1 7 53 124 1 24 64 134 1 29 62 124 1 12 57 133 1 0 64 159 1 0 0 0 0 0 0 0 0 7 44 148 1 0 0 0 0 21 87 91 1 0 0 0 0 63 86 123 1 118 82 48 1 192 144 132 1 204 186 140 1 255 242 184 1 246 255 239 1 0 0 0 0 0 0 0 0 0 0 0 0 42 109 153 1 43 78 138 1 49 100 146 1 38 92 142 1 8 62 147 1 0 0 0 0 32 81 157 1 15 105 156 1 0 0 0 0 0 0 0 0 21 73 147 1
104 115 140 1 0 0 0 0 111 138 164 1 112 110 180 1 115 133 156 1 43 95 116 1 0 0 0 0 27 105 118 1 23 62 124 1 26 69 108 1 24 65 112 1 0 0 0 0 1 75 125 1 0 46 123 1 25 53 116 1 29 50 130 1 11 67 128 1 15 71 119 1 0 0 0 0 24 92 111 1 20 49 102 1 31 24 86 1 0 0 0 0 62 86 91 1 23 46 119 1 21 54 118 1 20 62 113 1 32 69 75 1 8 81 136 1 0 0 0 0 13 50 152 1 11 80 134 1 28 79 128 1 5 66 113 1 12 60 139 1 16 66 133 1 0 88 154 1 19 66 148 1 3 70 119 1 46 67 132 1 17 64 134 1 23 80 122 1 32 73 140 1 35 77 102 1 121 65 80 1 166 125 108 1 197 186 145 1 0 0 0 0 255 248 249 1 0 0 0 0 221 247 241 1 0 0 0 0 46 74 175 1 0 0 0 0 19 100 140 1 43 90 148 1 25 93 162 1 64 58 172 1 24 98 157 1 50 79 148 1 37 99 177 1 60 113 155 1 43 73 166 1
176 133 162 1 138 141 140 1 181 146 162 1 212 191 218 1 146 164 196 1 121 102 128 1 66 74 113 1 64 84 147 1 44 72 106 1 32 48 142 1 22 73 118 1 0 0 0 0 33 61 134 1 37 68 106 1 28 54 112 1 0 60 139 1 0 0 0 0 0 0 0 0 9 49 108 1 11 48 111 1 20 42 110 1 37 42 103 1 30 69 132 1 0 0 0 0 37 82 129 1 36 51 120 1 17 75 115 1 10 68 129 1 2 74 137 1 17 52 131 1 15 72 151 1 23 85 117 1 29 60 132 1 0 0 0 0 11 64 140 1 24 57 117 1 0 0 0 0 10 48 147 1 0 21 152 1 12 64 125 1 39 63 135 1 36 75 147 1 47 76 122 1 0 0 0 0 125 88 109 1 151 171 176 1 206 197 152 1 232 241 229 1 231 244 255 1 250 255 228 1 226 237 255 1 144 155 151 1 51 84 166 1 18 86 138 1 71 81 130 1 25 102 140 1 0 0 0 0 39 105 154 1 39 97 156 1 27 92 159 1 0 0 0 0 40 66 139 1 0 0 0 0
217 179 166 1 0 0 0 0 141 138 98 1 221 201 162 1 222 217 238 1 120 150 160 1 83 104 143 1 74 87 108 1 47 49 128 1 44 43 139 1 28 60 144 1 12 60 130 1 0 0 0 0 29 62 143 1 21 76 112 1 0 0 0 0 18 39 111 1 31 39 129 1 16 50 143 1 15 49 109 1 14 49 127 1 28 84 142 1 38 82 119 1 24 83 132 1 34 61 142 1 43 62 122 1 53 70 163 1 0 0 0 0 33 56 102 1 0 0 0 0 21 43 103 1 31 75 145 1 21 72 115 1 25 36 123 1 24 68 103 1 25 46 111 1 26 24 131 1 1 79 114 1 27 71 112 1 24 39 124 1 0 0 0 0 38 40 122 1 35 76 141 1 45 72 102 1 97 78 101 1 80 102 187 1 166 188 223 1 250 235 255 1 241 237 255 1 237 240 246 1 234 240 234 1 0 0 0 0 39 96 122 1 57 69 118 1 14 88 121 1 41 63 156 1 0 0 0 0 26 59 129 1 14 110 133 1 32 89 169 1 60 94 147 1 41 88 158 1 0 0 0 0
0 0 0 0 229 180 154 1 192 132 83 1 203 159 147 1 219 231 226 1 138 150 164 1 113 107 121 1 0 0 0 0 67 99 101 1 8 64 102 1 15 64 111 1 16 80 109 1 19 70 119 1 15 74 128 1 24 47 112 1 20 48 155 1 4 60 138 1 11 66 98 1 40 82 130 1 38 68 147 1 24 85 110 1 49 60 128 1 8 65 110 1 20 45 126 1 28 67 126 1 23 55 104 1 14 79 115 1 16 95 139 1 18 43 91 1 28 71 132 1 34 68 114 1 25 83 108 1 8 48 147 1 10 43 106 1 23 73 116 1 19 61 105 1 6 51 138 1 25 74 131 1 19 76 132 1 27 77 124 1 43 76 122 1 32 68 123 1 48 71 128 1 43 90 127 1 69 66 130 1 79 60 170 1 94 108 122 1 0 0 0 0 0 0 0 0 138 192 188 1 157 197 195 1 76 97 64 1 33 84 124 1 21 71 82 1 10 82 120 1 26 82 126 1 26 89 143 1 23 68 155 1 0 0 0 0 32 82 146 1 42 80 147 1 10 83 148 1 11 64 146 1
211 203 138 1 221 188 131 1 181 143 110 1 151 139 90 1 179 211 195 1 172 185 198 1 76 124 130 1 0 0 0 0 82 115 178 1 1 75 128 1 0 0 0 0 33 78 142 1 0 0 0 0 41 43 111 1 26 63 99 1 50 61 109 1 42 49 125 1 0 0 0 0 28 47 155 1 9 83 164 1 30 69 139 1 0 0 0 0 36 86 155 1 32 58 157 1 22 85 155 1 33 65 137 1 6 85 134 1 0 0 0 0 0 72 186 1 26 74 141 1 14 78 141 1 8 76 143 1 20 67 121 1 17 64 118 1 0 0 0 0 24 64 148 1 18 76 148 1 14 67 126 1 0 51 104 1 30 71 103 1 0 0 0 0 24 77 109 1 0 0 0 0 44 89 148 1 20 74 136 1 0 0 0 0 48 93 124 1 53 85 98 1 49 79 106 1 50 89 110 1 70 64 133 1 51 86 127 1 0 0 0 0 25 73 114 1 45 80 144 1 27 63 116 1 18 55 120 1 38 59 134 1 42 51 125 1 22 42 157 1 32 57 131 1 3 72 138 1 26 68 156 1
0 0 0 0 211 204 164 1 0 0 0 0 127 147 81 1 0 0 0 0 192 178 205 1 95 104 124 1 41 101 113 1 57 70 124 1 0 0 0 0 60 97 132 1 16 56 145 1 25 58 107 1 0 0 0 0 51 53 140 1 1 64 150 1 13 38 119 1 0 68 121 1 12 43 133 1 17 69 126 1 25 71 175 1 0 0 0 0 40 90 141 1 26 84 149 1 41 82 172 1 41 52 161 1 35 83 158 1 34 89 186 1 41 85 174 1 42 81 134 1 9 75 136 1 31 62 122 1 13 96 128 1 28 91 135 1 18 84 132 1 19 60 145 1 0 0 0 0 20 56 118 1 21 67 107 1 22 73 105 1 9 71 109 1 45 80 103 1 13 71 110 1 0 81 123 1 45 95 144 1 14 97 168 1 0 0 0 0 42 90 113 1 21 81 106 1 36 62 100 1 48 49 110 1 0 0 0 0 14 56 127 1 8 62 116 1 48 64 122 1 15 60 115 1 21 52 105 1 37 64 126 1 16 63 122 1 26 64 113 1 16 61 134 1 24 87 125 1 36 48 123 1
194 204 165 1 187 206 169 1 141 200 166 1 136 131 113 1 148 139 160 1 126 175 186 1 106 100 133 1 53 69 120 1 45 97 126 1 10 84 145 1 24 97 159 1 26 87 152 1 31 64 110 1 29 60 132 1 35 73 126 1 16 87 134 1 22 69 122 1 14 83 165 1 34 79 173 1 25 64 153 1 43 85 156 1 36 68 158 1 13 76 161 1 8 87 151 1 15 75 174 1 51 92 150 1 28 89 156 1 42 96 161 1 47 92 183 1 33 72 117 1 38 52 113 1 31 57 125 1 28 69 141 1 43 81 135 1 23 70 155 1 20 78 141 1 33 63 125 1 38 65 138 1 22 62 87 1 37 60 98 1 29 53 99 1 54 83 135 1 45 66 136 1 22 50 136 1 27 62 186 1 0 0 0 0 0 87 135 1 6 71 111 1 0 0 0 0 15 90 121 1 16 42 131 1 36 46 151 1 31 28 131 1 38 61 142 1 13 45 129 1 26 73 117 1 0 0 0 0 22 69 112 1 49 61 129 1 16 56 133 1 22 66 155 1 27 72 114 1 8 44 120 1
169 176 166 1 166 160 151 1 125 192 156 1 122 144 126 1 84 124 92 1 89 104 153 1 60 90 98 1 20 64 127 1 23 67 128 1 10 68 121 1 7 59 133 1 27 52 112 1 56 58 143 1 13 60 117 1 15 76 125 1 23 91 130 1 41 94 140 1 60 75 135 1 29 70 153 1 51 78 143 1 18 109 159 1 12 68 134 1 20 62 164 1 51 65 144 1 55 59 178 1 34 100 160 1 57 105 137 1 54 66 159 1 53 66 164 1 77 80 164 1 44 60 100 1 62 43 117 1 69 52 144 1 23 65 149 1 35 61 144 1 53 66 144 1 88 80 119 1 55 46 139 1 71 46 109 1 61 71 96 1 47 58 79 1 0 0 0 0 67 83 121 1 41 51 156 1 0 63 152 1 20 49 133 1 8 77 125 1 19 51 123 1 13 35 109 1 22 46 124 1 23 62 157 1 7 38 158 1 29 54 147 1 33 55 124 1 5 52 118 1 3 47 107 1 5 70 111 1 25 67 102 1 27 64 92 1 0 69 87 1 5 60 142 1 17 57 143 1 9 59 109 1
117 126 113 1 76 79 110 1 70 73 112 1 74 107 94 1 0 0 0 0 54 92 134 1 23 84 119 1 17 108 106 1 49 79 140 1 0 0 0 0 48 83 136 1 27 102 173 1 0 56 133 1 19 50 122 1 0 0 0 0 24 61 141 1 36 68 127 1 35 98 168 1 8 46 155 1 29 79 149 1 13 102 150 1 16 101 141 1 0 0 0 0 57 97 149 1 72 100 141 1 63 106 149 1 78 103 151 1 0 0 0 0 114 55 130 1 120 46 144 1 120 77 157 1 107 82 114 1 100 59 129 1 91 93 121 1 108 108 154 1 104 87 140 1 91 77 123 1 90 81 84 1 102 73 102 1 0 0 0 0 112 105 135 1 99 93 123 1 72 53 125 1 50 88 137 1 0 0 0 0 0 0 0 0 9 55 152 1 0 43 125 1 12 53 114 1 0 0 0 0 29 70 167 1 0 0 0 0 15 43 137 1 17 21 119 1 14 44 125 1 23 70 116 1 0 0 0 0 21 51 126 1 27 74 128 1 19 78 129 1 20 60 131 1 10 30 147 1 0 0 0 0
30 76 82 1 4 82 104 1 23 81 114 1 30 69 120 1 14 73 121 1 18 81 131 1 31 76 119 1 37 68 138 1 58 60 151 1 39 62 131 1 0 0 0 0 0 0 0 0 48 37 113 1 48 56 144 1 22 75 158 1 21 67 170 1 49 94 164 1 30 88 187 1 0 0 0 0 28 93 167 1 22 91 143 1 29 83 129 1 42 80 142 1 67 69 140 1 79 82 175 1 58 91 168 1 86 77 147 1 0 0 0 0 166 69 128 1 0 0 0 0 176 109 159 1 0 0 0 0 162 107 125 1 153 125 144 1 134 128 168 1 0 0 0 0 152 132 162 1 153 124 154 1 0 0 0 0 148 154 130 1 151 158 137 1 102 135 140 1 81 81 137 1 62 58 119 1 14 81 156 1 0 0 0 0 43 61 129 1 9 74 93 1 27 64 90 1 29 57 125 1 20 58 126 1 9 66 154 1 28 46 140 1 38 65 115 1 0 0 0 0 45 74 111 1 26 72 137 1 18 53 106 1 18 50 147 1 42 74 138 1 10 59 128 1 21 61 124 1 16 88 146 1
39 47 124 1 19 68 148 1 45 68 142 1 33 47 130 1 0 0 0 0 0 66 134 1 1 52 124 1 5 56 154 1 18 50 118 1 33 73 112 1 28 59 118 1 52 75 126 1 46 111 167 1 53 69 170 1 0 0 0 0 41 82 148 1 31 103 161 1 32 96 169 1 52 97 169 1 28 90 189 1 0 0 0 0 37 103 127 1 49 60 141 1 48 109 143 1 91 105 164 1 119 125 141 1 154 120 155 1 163 116 190 1 206 104 158 1 224 153 153 1 0 0 0 0 233 180 184 1 229 183 168 1 211 153 166 1 166 167 161 1 165 164 206 1 199 184 206 1 191 165 178 1 187 175 140 1 174 192 154 1 166 192 137 1 118 178 169 1 95 136 140 1 41 89 122 1 30 65 149 1 47 60 115 1 32 75 115 1 27 58 91 1 20 58 85 1 39 53 98 1 16 53 126 1 29 59 124 1 33 69 92 1 31 82 119 1 22 76 94 1 44 50 119 1 26 71 135 1 23 59 130 1 43 56 123 1 2 62 140 1 0 0 0 0 29 78 117 1 69 78 136 1
52 59 153 1 37 72 152 1 53 62 179 1 51 77 156 1 45 102 175 1 0 0 0 0 66 68 151 1 0 0 0 0 80 73 152 1 70 107 163 1 62 86 151 1 23 114 144 1 30 71 167 1 29 70 178 1 9 76 169 1 47 87 162 1 41 79 186 1 35 101 172 1 31 114 149 1 22 88 170 1 0 0 0 0 81 83 122 1 73 79 117 1 87 99 124 1 145 144 151 1 170 152 185 1 233 200 233 1 255 185 250 1 0 0 0 0 247 225 207 1 255 233 220 1 255 251 207 1 255 246 205 1 255 241 193 1 220 239 224 1 206 205 189 1 220 221 186 1 200 210 181 1 208 198 126 1 163 188 132 1 157 170 138 1 0 0 0 0 63 97 146 1 48 74 132 1 48 78 145 1 20 59 136 1 35 55 110 1 36 48 91 1 33 50 98 1 26 67 81 1 0 0 0 0 17 55 122 1 34 71 123 1 21 68 114 1 27 72 115 1 33 66 123 1 25 54 135 1 9 47 147 1 28 81 160 1 33 68 150 1 15 81 165 1 40 48 161 1 61 64 154 1
43 61 160 1 0 0 0 0 42 87 153 1 49 91 170 1 32 97 193 1 48 114 188 1 49 108 165 1 48 110 188 1 44 107 180 1 38 94 179 1 43 90 219 1 0 0 0 0 27 91 158 1 40 76 166 1 45 105 192 1 36 94 168 1 38 89 174 1 0 0 0 0 64 95 132 1 34 92 127 1 50 52 112 1 0 0 0 0 63 47 114 1 81 98 128 1 127 126 161 1 0 0 0 0 221 211 185 1 253 245 196 1 255 255 209 1 234 255 197 1 236 238 167 1 255 235 214 1 244 250 211 1 243 244 188 1 226 223 156 1 219 216 164 1 186 221 164 1 0 0 0 0 147 192 141 1 122 191 145 1 0 0 0 0 0 0 0 0 52 109 130 1 0 0 0 0 8 39 124 1 22 57 133 1 0 0 0 0 40 56 137 1 35 47 109 1 0 59 132 1 9 64 152 1 0 0 0 0 12 48 141 1 9 45 131 1 0 0 0 0 1 82 142 1 9 98 111 1 19 75 151 1 26 94 150 1 38 97 155 1 39 129 144 1 49 88 150 1 34 95 158 1
81 117 182 1 93 96 153 1 81 75 167 1 66 92 169 1 0 0 0 0 87 90 140 1 64 102 155 1 102 131 160 1 75 96 149 1 91 111 162 1 61 90 175 1 100 107 174 1 42 103 180 1 37 87 195 1 36 95 167 1 32 69 176 1 17 90 141 1 38 81 137 1 25 81 107 1 67 69 105 1 61 55 129 1 64 65 114 1 62 72 144 1 107 112 139 1 0 0 0 0 199 185 134 1 225 214 167 1 236 251 173 1 0 0 0 0 246 234 155 1 236 220 167 1 226 244 194 1 226 236 150 1 236 219 163 1 214 199 149 1 155 167 132 1 141 165 144 1 117 140 155 1 96 136 124 1 63 90 111 1 72 74 81 1 57 69 96 1 2 57 85 1 19 51 95 1 10 54 135 1 37 67 144 1 27 46 140 1 41 74 139 1 33 75 156 1 33 82 151 1 0 0 0 0 34 75 140 1 17 75 143 1 1 120 124 1 48 92 157 1 42 100 127 1 31 83 127 1 21 93 135 1 63 91 140 1 39 87 166 1 57 77 143 1 33 80 130 1 39 67 152 1
103 110 174 1 114 115 177 1 142 113 176 1 110 113 187 1 157 118 168 1 178 108 142 1 148 157 132 1 152 116 145 1 167 136 140 1 138 117 136 1 137 97 156 1 130 91 128 1 43 101 166 1 64 129 155 1 9 83 152 1 0 0 0 0 11 83 170 1 30 88 135 1 37 80 145 1 63 75 94 1 0 0 0 0 45 94 134 1 39 109 125 1 75 114 107 1 115 149 157 1 0 0 0 0 163 238 156 1 176 238 161 1 207 255 178 1 169 225 168 1 185 233 191 1 173 222 195 1 197 234 195 1 148 220 222 1 0 0 0 0 85 170 159 1 79 98 132 1 0 0 0 0 59 98 134 1 14 64 108 1 25 41 107 1 29 59 110 1 33 69 124 1 0 0 0 0 34 67 131 1 0 0 0 0 7 72 165 1 40 85 147 1 21 79 124 1 0 0 0 0 32 113 154 1 20 101 154 1 61 111 141 1 37 99 145 1 32 89 138 1 0 0 0 0 23 75 130 1 49 131 127 1 49 81 117 1 58 98 139 1 36 74 122 1 13 69 118 1 19 65 127 1
116 121 176 1 154 118 176 1 189 159 159 1 220 158 174 1 0 0 0 0 226 195 204 1 0 0 0 0 215 184 154 1 225 161 203 1 218 159 139 1 221 149 155 1 219 146 135 1 0 0 0 0 64 95 122 1 0 0 0 0 21 60 126 1 0 0 0 0 52 67 154 1 24 68 109 1 22 75 130 1 31 93 129 1 45 88 130 1 48 89 140 1 74 102 121 1 122 103 117 1 113 118 143 1 135 157 144 1 159 155 141 1 174 214 134 1 173 213 131 1 133 162 133 1 112 186 99 1 84 135 125 1 92 133 125 1 57 106 94 1 44 123 90 1 41 38 129 1 31 80 136 1 0 0 0 0 16 44 111 1 51 59 135 1 38 53 136 1 62 74 138 1 31 87 149 1 17 79 128 1 23 70 123 1 37 74 127 1 15 69 148 1 0 80 152 1 20 105 137 1 0 0 0 0 7 94 141 1 37 87 142 1 27 82 114 1 14 101 113 1 0 0 0 0 24 59 138 1 29 51 108 1 68 66 125 1 65 32 140 1 31 69 139 1 10 39 124 1 30 65 137 1
152 128 133 1 185 130 141 1 216 182 153 1 237 177 161 1 224 255 216 1 236 214 248 1 231 226 222 1 0 0 0 0 253 236 206 1 255 235 232 1 254 219 220 1 0 0 0 0 192 182 167 1 146 126 152 1 68 84 113 1 0 0 0 0 59 51 115 1 35 75 157 1 37 84 172 1 18 96 147 1 42 93 150 1 46 71 153 1 44 100 164 1 107 104 131 1 108 100 132 1 143 67 124 1 88 72 107 1 79 88 104 1 0 0 0 0 94 94 37 1 74 71 70 1 102 68 79 1 87 59 86 1 0 0 0 0 103 82 112 1 91 93 101 1 66 56 83 1 58 63 93 1 42 42 99 1 49 79 132 1 49 66 122 1 48 67 147 1 25 77 180 1 38 82 160 1 49 97 137 1 40 91 130 1 62 91 159 1 52 93 150 1 35 103 161 1 24 80 178 1 40 74 162 1 0 0 0 0 15 84 116 1 5 78 116 1 0 69 115 1 18 58 107 1 26 62 125 1 51 84 140 1 49 33 109 1 22 35 99 1 47 53 98 1 13 72 139 1 2 67 104 1
111 113 111 1 179 156 139 1 219 217 167 1 255 247 199 1 255 235 222 1 226 232 223 1 246 255 226 1 255 244 224 1 255 255 235 1 248 255 231 1 245 243 222 1 255 255 233 1 255 248 241 1 225 223 177 1 162 162 147 1 124 99 119 1 89 51 112 1 62 58 111 1 72 76 145 1 31 65 144 1 7 57 129 1 73 80 122 1 79 68 131 1 106 57 115 1 0 0 0 0 0 0 0 0 107 79 87 1 111 71 92 1 144 78 118 1 155 72 103 1 150 83 106 1 157 86 133 1 171 97 143 1 175 144 131 1 147 107 133 1 173 111 130 1 118 112 109 1 119 99 112 1 90 68 122 1 0 0 0 0 59 71 123 1 0 0 0 0 40 94 155 1 51 98 186 1 44 80 110 1 45 95 116 1 51 99 139 1 13 89 132 1 27 100 149 1 22 102 150 1 9 62 151 1 12 67 179 1 36 68 105 1 10 65 106 1 15 77 113 1 26 65 112 1 0 0 0 0 59 47 122 1 31 74 138 1 51 80 125 1 6 75 104 1 27 59 138 1 16 67 111 1
57 91 115 1 132 104 106 1 194 173 158 1 251 229 203 1 223 255 190 1 0 0 0 0 255 255 208 1 235 231 200 1 253 255 216 1 244 255 227 1 255 238 215 1 241 230 217 1 255 255 215 1 218 222 190 1 194 182 157 1 176 140 140 1 148 67 109 1 117 66 107 1 104 95 118 1 133 75 136 1 160 62 100 1 151 57 130 1 161 84 131 1 178 101 141 1 204 82 126 1 210 112 150 1 229 119 138 1 219 148 162 1 232 117 141 1 217 141 155 1 244 144 138 1 246 169 158 1 243 164 152 1 250 191 168 1 255 192 192 1 235 171 176 1 183 173 198 1 163 188 146 1 136 127 139 1 97 129 117 1 93 107 152 1 102 125 169 1 60 110 154 1 63 94 128 1 51 78 126 1 40 63 134 1 39 77 146 1 20 80 150 1 40 43 134 1 19 72 144 1 20 79 143 1 0 0 0 0 13 45 106 1 21 44 122 1 23 62 125 1 17 75 107 1 29 58 133 1 20 61 127 1 0 0 0 0 39 76 127 1 24 110 113 1 33 71 139 1 37 61 130 1
65 74 88 1 42 67 52 1 92 101 85 1 168 166 150 1 237 218 182 1 255 236 182 1 229 207 178 1 249 238 196 1 255 255 216 1 250 250 236 1 254 246 203 1 226 255 222 1 230 252 213 1 239 255 206 1 255 244 227 1 255 216 230 1 255 151 186 1 223 120 164 1 203 85 135 1 234 81 153 1 224 126 144 1 220 129 121 1 0 0 0 0 244 138 155 1 255 168 189 1 245 194 176 1 255 214 163 1 255 196 181 1 246 227 210 1 219 242 216 1 241 243 213 1 252 255 237 1 255 255 237 1 238 253 248 1 252 225 241 1 233 246 224 1 0 0 0 0 204 234 221 1 177 173 186 1 130 125 129 1 112 151 119 1 124 158 133 1 101 119 144 1 61 89 125 1 53 100 124 1 51 74 134 1 39 82 125 1 32 74 129 1 28 83 129 1 23 66 137 1 16 84 137 1 28 60 139 1 32 53 103 1 39 63 115 1 38 54 108 1 40 85 118 1 0 0 0 0 21 34 145 1 21 72 118 1 31 87 116 1 34 78 155 1 0 0 0 0 62 100 155 1
28 90 133 1 67 50 149 1 42 66 121 1 69 103 157 1 171 174 96 1 226 191 144 1 255 248 175 1 255 227 174 1 0 0 0 0 255 255 168 1 255 255 185 1 255 255 174 1 255 255 246 1 245 215 200 1 252 255 198 1 255 242 214 1 255 255 162 1 230 224 155 1 210 207 127 1 213 199 167 1 247 229 169 1 220 228 189 1 225 236 175 1 242 218 211 1 247 255 225 1 245 255 174 1 255 232 182 1 255 248 140 1 235 253 167 1 222 232 170 1 255 255 191 1 255 255 232 1 233 255 237 1 0 0 0 0 233 246 211 1 229 237 206 1 219 251 187 1 0 0 0 0 180 224 139 1 161 171 141 1 115 110 90 1 97 132 136 1 146 192 185 1 39 94 70 1 61 48 132 1 47 68 136 1 64 68 155 1 52 84 180 1 27 69 173 1 33 51 149 1 53 59 133 1 40 37 120 1 74 86 105 1 48 76 139 1 36 36 101 1 39 82 134 1 55 78 159 1 21 75 134 1 45 93 169 1 13 86 149 1 30 107 167 1 30 95 161 1 71 74 177 1
19 69 160 1 25 48 150 1 41 102 137 1 33 82 173 1 93 114 84 1 154 165 147 1 241 209 174 1 255 248 192 1 255 255 182 1 248 244 178 1 237 238 186 1 250 242 172 1 255 248 197 1 225 253 190 1 0 0 0 0 255 255 216 1 251 255 230 1 255 255 219 1 255 255 220 1 250 251 243 1 255 244 202 1 249 255 215 1 252 255 192 1 241 237 218 1 233 255 194 1 255 255 158 1 255 255 180 1 0 0 0 0 255 220 197 1 242 255 199 1 255 254 235 1 255 255 200 1 254 220 198 1 238 247 178 1 248 235 177 1 0 0 0 0 249 234 165 1 224 206 144 1 0 0 0 0 202 233 191 1 0 0 0 0 87 99 158 1 147 165 199 1 89 116 165 1 31 110 162 1 0 0 0 0 0 0 0 0 0 0 0 0 9 45 148 1 38 41 160 1 65 75 154 1 0 0 0 0 78 80 128 1 96 81 134 1 90 94 135 1 104 109 148 1 83 91 175 1 30 77 143 1 53 81 166 1 24 67 153 1 31 121 138 1 36 79 122 1 62 81 132 1
75 79 180 1 24 62 183 1 0 0 0 0 0 0 0 0 41 92 106 1 104 125 144 1 163 163 197 1 0 0 0 0 210 234 178 1 198 255 205 1 0 0 0 0 185 255 194 1 0 0 0 0 208 250 175 1 213 238 156 1 222 250 188 1 248 223 221 1 213 255 195 1 0 0 0 0 248 241 210 1 255 245 232 1 255 250 255 1 255 255 211 1 241 227 199 1 255 255 215 1 254 245 170 1 243 236 194 1 205 193 151 1 220 240 196 1 223 236 219 1 229 238 210 1 242 249 180 1 212 242 197 1 235 252 196 1 255 231 172 1 236 246 129 1 196 240 148 1 163 203 138 1 144 208 144 1 0 0 0 0 94 129 139 1 33 104 112 1 62 109 175 1 31 81 158 1 38 96 138 1 27 116 133 1 43 80 143 1 24 65 143 1 47 54 123 1 53 57 164 1 100 90 122 1 80 78 147 1 131 100 119 1 144 142 167 1 178 144 172 1 0 0 0 0 147 155 193 1 71 96 174 1 79 136 151 1 53 95 137 1 45 94 138 1 10 71 122 1 55 61 124 1
71 113 171 1 38 69 149 1 43 54 168 1 59 58 157 1 47 87 144 1 42 89 121 1 40 78 127 1 59 100 108 1 70 145 137 1 120 153 149 1 0 0 0 0 131 214 145 1 128 193 202 1 125 186 195 1 156 196 166 1 178 199 186 1 210 230 159 1 209 229 161 1 207 233 154 1 255 241 177 1 235 221 197 1 233 255 250 1 240 239 221 1 249 238 211 1 237 255 222 1 248 245 194 1 240 210 166 1 179 142 104 1 159 205 186 1 201 186 189 1 0 0 0 0 194 202 189 1 206 240 202 1 199 217 181 1 0 0 0 0 187 174 137 1 164 194 158 1 130 163 137 1 33 92 93 1 39 90 109 1 49 93 135 1 38 67 159 1 11 94 155 1 0 70 146 1 0 0 0 0 36 65 130 1 13 88 113 1 42 44 129 1 31 46 163 1 43 79 114 1 109 68 133 1 113 115 137 1 194 128 149 1 205 152 162 1 232 188 192 1 208 220 255 1 198 183 223 1 140 143 151 1 94 127 155 1 69 119 142 1 43 72 127 1 49 70 115 1 74 76 123 1
127 124 167 1 111 125 151 1 102 105 182 1 84 76 174 1 40 89 126 1 43 81 150 1 0 0 0 0 26 122 152 1 61 80 126 1 28 113 88 1 39 122 109 1 0 0 0 0 6 69 173 1 23 55 167 1 25 67 111 1 23 77 118 1 64 106 81 1 120 119 100 1 149 148 125 1 161 186 95 1 255 255 183 1 255 215 207 1 253 222 190 1 237 242 229 1 251 243 187 1 253 255 203 1 0 0 0 0 184 161 129 1 132 150 118 1 129 109 95 1 0 0 0 0 88 131 121 1 98 151 112 1 64 108 84 1 47 79 88 1 54 88 80 1 70 77 108 1 45 99 134 1 44 56 118 1 32 44 152 1 15 52 142 1 29 71 157 1 48 65 171 1 30 86 163 1 33 87 105 1 37 71 133 1 45 81 144 1 54 97 145 1 82 75 155 1 131 90 137 1 0 0 0 0 166 131 152 1 0 0 0 0 0 0 0 0 0 0 0 0 0 0 0 0 255 236 239 1 174 195 188 1 116 137 153 1 59 87 114 1 50 81 139 1 36 81 119 1 73 39 133 1
201 164 182 1 152 168 174 1 133 160 185 1 124 140 167 1 97 94 155 1 63 115 163 1 48 87 171 1 63 123 124 1 64 97 132 1 37 62 144 1 20 72 131 1 24 79 86 1 16 80 156 1 8 62 153 1 29 50 136 1 19 59 116 1 55 56 127 1 75 75 95 1 0 0 0 0 133 132 168 1 228 243 144 1 251 239 202 1 255 252 201 1 252 255 202 1 229 255 198 1 255 255 214 1 244 245 232 1 250 218 215 1 170 146 123 1 135 118 93 1 130 96 93 1 100 97 91 1 80 71 91 1 99 73 89 1 0 0 0 0 91 91 150 1 71 84 151 1 53 76 155 1 54 63 149 1 41 78 160 1 78 68 160 1 39 97 169 1 60 90 169 1 54 111 179 1 76 84 133 1 97 91 138 1 92 80 165 1 96 79 166 1 0 0 0 0 136 106 161 1 159 174 163 1 205 159 171 1 225 199 171 1 255 254 189 1 255 243 215 1 255 235 203 1 0 0 0 0 0 0 0 0 170 159 183 1 98 93 82 1 65 100 139 1 62 78 132 1 52 61 119 1
226 187 206 1 246 201 211 1 211 191 192 1 153 132 161 1 99 119 145 1 93 122 155 1 76 122 153 1 83 114 178 1 49 98 165 1 50 86 163 1 44 47 127 1 30 50 129 1 16 108 124 1 26 95 116 1 5 64 98 1 0 0 0 0 67 88 93 1 55 70 116 1 74 101 143 1 135 121 145 1 0 0 0 0 233 210 192 1 255 251 162 1 233 255 186 1 237 247 219 1 0 0 0 0 248 255 246 1 255 241 220 1 0 0 0 0 252 182 194 1 226 144 149 1 203 151 143 1 218 91 122 1 193 101 136 1 177 84 123 1 180 107 127 1 147 98 127 1 151 95 157 1 114 116 156 1 160 118 171 1 174 79 161 1 144 122 146 1 166 105 124 1 173 109 195 1 139 72 150 1 120 95 144 1 118 104 195 1 140 100 175 1 168 132 153 1 152 143 136 1 185 146 159 1 203 205 183 1 228 240 145 1 244 225 177 1 255 255 171 1 249 219 198 1 236 251 198 1 255 238 179 1 196 193 167 1 141 102 91 1 26 79 148 1 34 81 122 1 41 67 114 1