2
205 796 111 66
80 74 19 1 56 87 39 1 86 116 67 1 107 118 92 1 8 32 24 1 63 67 82 1 134 118 113 1 92 111 78 1 0 0 0 0 27 65 33 1 69 114 84 1 94 101 85 1 68 85 59 1 83 100 83 1 74 104 78 1 97 117 80 1 36 56 33 1 25 43 0 1 0 0 0 0 76 112 50 1 44 59 40 1 56 89 44 1 64 74 43 1 43 50 26 1 36 82 46 1 77 126 83 1 54 96 54 1 63 92 34 1 65 85 55 1 56 100 35 1 18 67 36 1 33 63 41 1 0 0 0 0 46 72 16 1 42 66 58 1 54 99 54 1 8 27 42 1 34 26 0 1 36 48 27 1 148 156 117 1 212 255 184 1 238 224 196 1 152 140 106 1 45 46 18 1 79 83 43 1 75 107 59 1 80 70 90 1 97 103 61 1 43 103 63 1 78 103 54 1 76 82 94 1 72 110 72 1 68 89 57 1 58 69 20 1 37 39 14 1 51 61 35 1 77 60 63 1 92 98 101 1 0 0 0 0 71 77 19 1 100 99 69 1 140 143 94 1 117 115 54 1 112 119 77 1 112 90 48 1 59 46 24 1
88 117 74 1 44 93 26 1 40 65 50 1 0 0 0 0 68 94 56 1 117 156 155 1 111 84 92 1 36 56 30 1 15 58 20 1 79 110 65 1 76 79 73 1 6 55 36 1 52 57 64 1 77 110 59 1 0 0 0 0 46 87 45 1 0 0 0 0 0 0 0 0 46 79 47 1 90 140 80 1 64 76 47 1 0 0 0 0 82 100 71 1 39 48 20 1 90 99 67 1 66 114 80 1 38 83 63 1 38 74 24 1 67 109 54 1 69 73 60 1 42 93 57 1 0 0 0 0 81 88 66 1 31 28 40 1 29 89 61 1 35 58 41 1 14 33 6 1 55 93 22 1 126 121 79 1 0 0 0 0 255 254 210 1 234 220 212 1 114 95 25 1 0 0 0 0 45 74 0 1 95 91 65 1 96 79 67 1 101 103 75 1 65 91 74 1 70 93 73 1 42 59 66 1 55 75 36 1 69 80 96 1 74 71 59 1 81 105 54 1 61 79 49 1 0 0 0 0 83 68 56 1 76 81 40 1 98 103 61 1 76 101 59 1 147 98 62 1 114 119 82 1 96 110 55 1 64 78 42 1 116 123 65 1
55 39 7 1 0 12 0 1 0 19 0 1 15 32 0 1 55 94 69 1 0 0 0 0 77 122 98 1 48 62 45 1 0 58 57 1 114 86 92 1 0 40 21 1 30 63 32 1 0 34 24 1 18 57 26 1 0 41 28 1 0 6 0 1 16 34 18 1 11 39 0 1 69 78 70 1 69 93 85 1 33 66 45 1 0 0 0 0 57 78 54 1 30 74 29 1 106 134 90 1 68 88 51 1 0 0 0 0 54 74 32 1 79 93 85 1 74 89 46 1 73 92 45 1 74 91 68 1 59 69 58 1 15 21 0 1 59 64 71 1 0 0 0 0 44 47 16 1 94 81 50 1 243 215 216 1 241 247 232 1 205 168 143 1 212 174 154 1 0 0 0 0 44 57 5 1 97 86 58 1 82 90 69 1 88 74 82 1 64 88 58 1 69 77 56 1 74 97 73 1 67 65 54 1 0 0 0 0 53 56 38 1 94 93 68 1 85 109 60 1 115 125 71 1 53 86 60 1 99 100 66 1 0 0 0 0 103 71 57 1 0 0 0 0 97 125 63 1 0 0 0 0 108 118 66 1 92 93 79 1 97 113 39 1
39 38 28 1 78 89 65 1 61 89 58 1 21 19 12 1 62 66 59 1 0 0 0 0 73 96 72 1 0 0 0 0 63 55 52 1 0 0 0 0 7 49 28 1 0 33 45 1 9 34 50 1 0 17 30 1 12 31 25 1 0 28 26 1 15 61 38 1 29 31 24 1 40 64 42 1 66 93 76 1 40 37 68 1 44 75 41 1 58 66 66 1 0 0 0 0 75 100 59 1 3 40 6 1 26 47 0 1 62 76 39 1 55 86 63 1 49 52 14 1 31 69 39 1 37 83 48 1 41 38 76 1 0 25 15 1 48 71 53 1 20 17 28 1 13 27 0 1 124 130 128 1 170 170 164 1 171 151 124 1 130 116 86 1 100 91 64 1 77 61 41 1 75 84 25 1 80 113 75 1 107 91 48 1 77 86 29 1 16 54 0 1 0 0 0 0 63 87 59 1 67 78 55 1 105 112 94 1 121 124 100 1 148 120 96 1 118 128 98 1 94 100 65 1 0 0 0 0 0 0 0 0 82 85 60 1 72 80 54 1 64 81 40 1 88 84 49 1 67 74 42 1 0 0 0 0 75 90 55 1 0 0 0 0
71 55 34 1 87 88 81 1 87 138 101 1 63 63 67 1 114 109 100 1 91 110 69 1 15 53 29 1 0 19 0 1 0 0 0 0 0 0 0 0 0 9 4 1 14 20 15 1 0 0 0 0 1 41 50 1 0 43 18 1 15 36 76 1 21 57 44 1 7 32 29 1 9 35 42 1 0 0 0 0 89 111 81 1 79 82 87 1 25 54 43 1 0 0 0 0 91 56 59 1 0 0 0 0 46 117 60 1 56 85 73 1 72 104 64 1 56 102 32 1 0 48 22 1 25 26 19 1 55 67 58 1 13 59 25 1 15 42 24 1 4 55 0 1 60 85 64 1 220 223 176 1 107 140 92 1 87 77 43 1 108 95 79 1 127 118 77 1 90 122 52 1 106 93 73 1 85 117 74 1 87 116 85 1 73 62 42 1 47 51 19 1 61 71 41 1 65 95 73 1 74 87 86 1 99 97 84 1 119 128 89 1 155 141 119 1 135 123 90 1 112 131 101 1 122 101 92 1 111 100 66 1 108 70 46 1 64 91 21 1 98 56 19 1 87 66 56 1 56 82 26 1 78 96 77 1 108 135 77 1 149 169 96 1
60 70 30 1 66 102 50 1 119 120 86 1 118 106 98 1 114 120 84 1 46 74 26 1 0 23 22 1 0 0 0 0 0 0 0 0 20 42 33 1 0 50 37 1 7 31 20 1 7 47 32 1 13 33 20 1 24 42 44 1 38 63 37 1 0 53 30 1 30 37 43 1 61 105 67 1 0 0 0 0 0 0 0 0 65 59 66 1 33 61 58 1 19 49 7 1 39 94 55 1 0 0 0 0 75 117 87 1 82 111 45 1 56 107 81 1 37 77 47 1 13 35 10 1 5 30 0 1 11 35 0 1 8 23 17 1 0 0 26 1 16 48 27 1 153 170 140 1 234 239 181 1 158 148 129 1 94 102 71 1 114 106 79 1 46 47 25 1 83 113 51 1 86 134 72 1 88 69 65 1 74 111 25 1 81 78 28 1 100 106 74 1 0 0 0 0 89 87 83 1 74 64 56 1 83 101 60 1 148 149 94 1 145 150 105 1 124 116 70 1 96 83 60 1 95 68 71 1 96 71 45 1 78 67 57 1 88 84 32 1 91 78 22 1 66 75 36 1 28 52 42 1 0 0 0 0 49 86 15 1 103 137 98 1
92 99 26 1 168 154 113 1 111 111 101 1 85 90 47 1 56 75 40 1 6 47 14 1 6 1 23 1 15 33 38 1 0 17 5 1 16 56 46 1 13 82 11 1 0 0 0 0 0 0 0 0 31 68 37 1 29 49 25 1 33 41 20 1 10 52 20 1 64 76 55 1 74 99 64 1 81 118 82 1 98 111 100 1 81 72 32 1 32 70 37 1 123 147 95 1 56 95 61 1 20 72 42 1 46 86 49 1 54 103 63 1 52 98 51 1 23 53 44 1 41 60 73 1 57 53 63 1 6 31 3 1 19 46 0 1 47 90 58 1 40 26 38 1 161 162 176 1 38 30 26 1 0 0 0 0 75 71 43 1 0 0 0 0 14 59 6 1 96 108 82 1 90 111 58 1 96 101 77 1 62 99 33 1 73 93 22 1 80 97 73 1 114 132 63 1 75 112 109 1 88 103 65 1 82 95 21 1 113 109 59 1 148 155 81 1 103 117 81 1 95 80 57 1 87 69 39 1 0 0 0 0 0 0 0 0 0 0 0 0 0 0 0 0 128 104 79 1 70 133 63 1 44 68 19 1 0 0 0 0 93 77 40 1
94 105 85 1 68 112 82 1 73 107 85 1 0 0 0 0 22 38 6 1 20 55 21 1 43 65 46 1 7 45 46 1 7 56 34 1 36 97 47 1 20 44 38 1 22 41 11 1 18 39 0 1 15 50 29 1 6 20 35 1 3 7 0 1 0 30 0 1 15 48 14 1 66 87 63 1 0 0 0 0 85 112 72 1 31 38 22 1 101 120 53 1 67 110 53 1 87 87 71 1 104 125 59 1 37 97 77 1 44 73 44 1 53 88 57 1 10 49 28 1 0 0 0 0 22 66 42 1 44 24 10 1 0 10 24 1 20 52 42 1 105 117 82 1 56 56 25 1 40 68 52 1 15 60 23 1 21 22 0 1 41 60 62 1 26 55 7 1 76 110 72 1 101 92 67 1 108 99 67 1 136 109 81 1 105 96 65 1 89 115 55 1 75 95 42 1 87 66 61 1 52 72 58 1 31 74 29 1 0 0 0 0 74 99 31 1 60 52 41 1 68 87 23 1 88 71 56 1 87 90 49 1 76 72 40 1 108 93 42 1 86 93 75 1 117 114 90 1 97 103 79 1 89 118 75 1 0 0 0 0 41 52 40 1
69 77 80 1 7 52 14 1 20 42 19 1 30 58 31 1 51 71 35 1 14 63 32 1 42 40 37 1 14 55 27 1 16 49 20 1 32 32 15 1 11 29 20 1 72 67 35 1 79 109 57 1 64 124 81 1 58 74 72 1 4 48 3 1 20 72 16 1 14 57 0 1 36 68 32 1 74 103 83 1 91 110 83 1 59 79 37 1 67 69 69 1 74 79 80 1 73 90 62 1 74 96 65 1 45 63 36 1 46 64 29 1 40 62 60 1 66 67 52 1 0 22 22 1 21 28 34 1 46 48 28 1 41 25 33 1 64 101 86 1 140 156 147 1 0 59 1 1 51 53 29 1 39 51 28 1 35 69 14 1 17 36 23 1 80 86 75 1 83 103 36 1 63 75 38 1 78 54 35 1 89 94 63 1 111 103 63 1 111 87 92 1 89 89 96 1 0 0 0 0 27 58 22 1 58 78 34 1 0 0 0 0 90 111 38 1 96 70 31 1 58 63 16 1 62 59 11 1 76 59 55 1 79 37 42 1 79 63 59 1 118 127 79 1 120 125 119 1 130 95 80 1 106 126 109 1 0 0 0 0 47 23 0 1
0 0 0 0 25 44 31 1 0 21 29 1 5 38 15 1 34 68 7 1 20 30 53 1 23 51 9 1 12 52 36 1 53 30 26 1 51 69 46 1 46 92 15 1 70 94 55 1 101 120 99 1 97 119 132 1 62 98 73 1 7 51 46 1 3 20 23 1 28 51 25 1 65 128 100 1 0 0 0 0 0 0 0 0 65 58 39 1 80 96 91 1 67 91 63 1 0 0 0 0 61 96 71 1 57 91 43 1 43 80 30 1 49 111 55 1 0 0 0 0 8 22 10 1 33 46 66 1 1 3 0 1 0 0 0 0 136 142 111 1 169 162 124 1 36 52 59 1 18 36 10 1 24 22 22 1 30 51 49 1 18 37 15 1 64 85 68 1 75 62 56 1 28 48 27 1 42 45 8 1 100 75 61 1 75 93 65 1 75 68 62 1 33 70 41 1 5 37 9 1 34 58 0 1 44 94 67 1 89 94 43 1 42 69 43 1 60 43 27 1 0 0 0 0 67 52 36 1 88 98 52 1 106 89 44 1 107 77 25 1 73 41 24 1 62 56 57 1 53 69 35 1 71 96 75 1 51 56 16 1 79 58 22 1
43 40 44 1 68 75 82 1 67 59 48 1 9 30 18 1 35 44 36 1 25 44 4 1 0 0 0 0 71 80 65 1 126 149 99 1 112 82 76 1 51 60 17 1 0 0 0 0 74 103 80 1 136 121 106 1 85 97 91 1 4 49 28 1 27 55 40 1 0 0 0 0 71 99 88 1 28 104 73 1 60 45 9 1 94 102 83 1 73 93 50 1 0 0 0 0 29 62 27 1 65 57 8 1 0 0 0 0 60 90 30 1 22 14 17 1 19 46 17 1 33 48 31 1 15 37 14 1 34 4 19 1 87 97 106 1 110 117 101 1 131 133 108 1 58 74 48 1 15 50 44 1 68 83 38 1 54 88 82 1 63 79 61 1 24 37 2 1 2 46 28 1 50 37 29 1 51 77 45 1 105 87 83 1 93 116 90 1 79 83 53 1 22 24 11 1 33 57 19 1 0 0 0 0 95 122 92 1 65 98 73 1 46 80 49 1 0 0 0 0 105 104 48 1 79 112 46 1 97 67 46 1 87 98 76 1 120 112 87 1 63 51 39 1 59 41 12 1 0 16 5 1 53 72 35 1 84 73 41 1 67 99 35 1
63 78 55 1 20 53 65 1 27 22 0 1 0 31 6 1 21 29 26 1 51 64 39 1 48 83 43 1 110 110 77 1 133 152 151 1 54 39 49 1 31 53 61 1 51 78 32 1 52 84 21 1 57 77 42 1 0 0 0 0 32 97 62 1 0 50 33 1 48 48 50 1 3 41 8 1 83 106 62 1 74 97 63 1 96 125 95 1 100 140 52 1 125 96 70 1 45 71 64 1 66 89 54 1 88 102 54 1 27 93 44 1 24 76 52 1 18 38 23 1 26 31 22 1 5 6 13 1 75 68 60 1 108 109 73 1 84 59 82 1 69 94 64 1 84 109 107 1 54 121 57 1 108 134 107 1 106 103 94 1 45 58 40 1 21 28 2 1 0 0 0 0 51 54 30 1 105 99 54 1 108 137 85 1 105 101 62 1 57 75 3 1 23 29 0 1 21 28 0 1 31 92 53 1 52 72 56 1 24 40 56 1 25 70 16 1 35 85 31 1 64 84 36 1 0 0 0 0 103 104 52 1 94 99 50 1 80 107 55 1 84 69 60 1 64 73 46 1 50 81 54 1 94 73 80 1 76 91 64 1 76 74 8 1
130 112 123 1 104 89 74 1 0 0 0 0 66 57 49 1 57 61 50 1 78 118 48 1 145 146 127 1 162 127 143 1 121 131 102 1 39 18 37 1 51 80 38 1 113 169 133 1 45 73 57 1 5 55 15 1 53 105 47 1 0 0 0 0 43 66 37 1 25 51 18 1 17 21 20 1 118 157 119 1 104 118 59 1 65 96 60 1 95 119 64 1 78 142 99 1 53 75 96 1 98 127 85 1 41 91 37 1 18 64 18 1 24 45 19 1 0 16 1 1 0 17 24 1 0 0 0 0 77 94 97 1 25 40 36 1 48 76 41 1 70 55 48 1 0 0 0 0 96 113 88 1 79 113 76 1 54 98 70 1 3 34 18 1 27 13 0 1 43 56 46 1 61 62 39 1 65 113 51 1 48 83 52 1 107 97 66 1 61 92 16 1 80 51 20 1 53 118 48 1 0 0 0 0 41 59 57 1 25 24 0 1 10 54 34 1 50 52 29 1 0 0 0 0 89 102 66 1 127 153 95 1 73 78 66 1 58 58 24 1 46 51 25 1 84 52 61 1 0 0 0 0 139 141 105 1 88 87 54 1 81 69 62 1
84 55 64 1 75 88 50 1 106 100 59 1 96 112 66 1 57 72 61 1 78 80 27 1 101 106 68 1 86 126 57 1 67 81 58 1 25 26 0 1 32 23 13 1 62 105 85 1 69 82 103 1 37 43 21 1 65 109 75 1 87 114 75 1 55 51 47 1 4 26 0 1 0 12 8 1 79 109 80 1 98 108 96 1 102 92 77 1 84 111 96 1 89 111 76 1 67 116 64 1 40 84 55 1 16 45 11 1 19 39 22 1 2 9 27 1 7 43 48 1 18 6 18 1 16 36 41 1 45 54 23 1 0 31 32 1 52 43 62 1 0 0 0 0 34 48 2 1 65 70 55 1 57 80 51 1 46 83 50 1 38 51 46 1 0 19 12 1 44 55 18 1 58 61 49 1 0 0 0 0 30 91 38 1 101 76 86 1 90 84 24 1 35 71 40 1 69 85 62 1 29 70 57 1 39 69 56 1 0 0 0 0 0 19 20 1 51 43 8 1 0 0 0 0 64 77 44 1 138 118 100 1 74 77 41 1 0 0 0 0 25 38 23 1 80 83 45 1 147 136 91 1 73 97 32 1 88 66 27 1 101 105 64 1
37 38 0 1 69 87 40 1 69 107 73 1 109 138 80 1 102 115 84 1 50 59 16 1 36 86 39 1 59 48 28 1 21 15 5 1 60 83 66 1 0 0 0 0 19 38 16 1 59 82 64 1 56 96 113 1 0 0 0 0 0 0 0 0 86 128 86 1 66 94 47 1 42 28 37 1 98 101 93 1 131 158 101 1 122 143 100 1 74 70 42 1 27 66 22 1 74 79 53 1 59 90 75 1 61 97 62 1 46 75 61 1 0 0 0 0 0 49 17 1 0 0 25 1 38 59 64 1 0 54 34 1 0 0 0 0 25 34 16 1 24 55 17 1 6 69 12 1 49 43 38 1 40 34 8 1 56 67 31 1 64 86 50 1 59 67 30 1 60 80 42 1 75 107 21 1 0 0 0 0 75 97 48 1 88 112 75 1 55 54 20 1 41 72 53 1 13 47 18 1 2 42 29 1 36 66 49 1 26 54 18 1 14 35 0 1 10 47 23 1 44 63 1 1 0 0 0 0 44 87 11 1 65 57 8 1 44 40 36 1 62 56 15 1 56 78 37 1 105 91 81 1 79 68 16 1 86 84 66 1 114 154 93 1
36 63 23 1 97 106 63 1 82 85 68 1 94 107 89 1 84 99 26 1 52 84 53 1 27 49 0 1 11 51 12 1 18 49 9 1 8 47 25 1 39 39 20 1 0 70 19 1 47 62 14 1 19 77 43 1 56 85 48 1 107 142 93 1 60 101 64 1 68 91 44 1 0 0 0 0 75 99 56 1 83 101 73 1 110 116 72 1 77 100 65 1 28 52 34 1 60 77 31 1 58 85 77 1 40 75 50 1 15 50 33 1 0 50 29 1 0 61 18 1 0 13 31 1 52 50 20 1 20 40 19 1 0 38 18 1 37 59 2 1 15 50 34 1 15 52 12 1 0 0 0 0 47 62 44 1 22 40 22 1 39 51 30 1 74 50 48 1 26 56 13 1 56 65 54 1 56 40 23 1 90 89 73 1 0 0 0 0 102 114 57 1 55 100 53 1 57 57 39 1 0 26 0 1 38 57 48 1 31 15 43 1 0 0 0 0 8 20 11 1 41 65 28 1 0 0 0 0 49 51 54 1 34 71 36 1 41 35 35 1 55 82 48 1 72 111 74 1 67 51 50 1 51 59 57 1 61 97 36 1 101 112 25 1
45 83 52 1 60 110 84 1 59 112 63 1 55 81 51 1 0 0 0 0 65 106 32 1 0 0 0 0 63 90 32 1 30 57 47 1 0 33 13 1 52 72 31 1 0 29 10 1 25 57 14 1 50 74 43 1 0 0 0 0 142 148 99 1 111 125 97 1 44 80 47 1 37 47 40 1 84 89 71 1 102 124 86 1 87 93 45 1 0 0 0 0 56 81 59 1 51 90 65 1 76 117 75 1 81 110 60 1 1 51 61 1 0 29 38 1 0 27 0 1 18 23 19 1 0 31 19 1 19 22 40 1 18 47 37 1 0 0 0 0 16 51 43 1 33 53 16 1 63 70 56 1 0 0 0 0 74 110 73 1 0 0 0 0 83 83 83 1 14 39 7 1 21 25 17 1 69 72 74 1 102 124 68 1 0 0 0 0 78 104 68 1 70 68 82 1 43 77 53 1 53 122 37 1 29 86 27 1 34 15 0 1 49 80 30 1 59 62 71 1 63 43 55 1 79 92 47 1 29 56 68 1 19 50 34 1 17 44 0 1 32 53 26 1 39 55 49 1 0 41 12 1 53 60 36 1 48 84 52 1 0 0 0 0
55 122 41 1 62 104 79 1 43 99 58 1 56 87 41 1 48 79 33 1 67 107 49 1 94 148 61 1 74 95 62 1 57 109 69 1 70 64 50 1 75 92 46 1 61 72 27 1 4 68 21 1 40 77 38 1 0 0 0 0 64 110 52 1 76 114 103 1 73 111 44 1 82 113 50 1 101 88 73 1 75 114 90 1 103 118 86 1 74 85 55 1 0 0 0 0 50 98 56 1 61 85 38 1 50 84 62 1 39 35 25 1 12 13 20 1 13 12 34 1 0 32 30 1 5 37 4 1 0 42 0 1 25 82 39 1 0 0 0 0 0 0 0 0 28 36 30 1 0 0 0 0 0 0 0 0 118 101 78 1 127 139 89 1 0 0 0 0 0 4 1 1 36 46 51 1 90 94 73 1 95 101 61 1 64 78 45 1 56 77 30 1 35 55 23 1 13 32 5 1 68 100 49 1 10 54 0 1 26 64 28 1 29 59 48 1 42 54 53 1 18 12 0 1 34 47 28 1 10 56 3 1 28 62 20 1 30 50 40 1 34 56 41 1 0 0 0 0 65 87 49 1 56 52 51 1 0 0 0 0 0 0 0 0
55 69 38 1 49 83 37 1 71 103 70 1 65 79 46 1 46 92 2 1 73 103 32 1 68 119 60 1 53 86 46 1 78 75 90 1 81 120 86 1 86 115 64 1 76 98 84 1 75 80 72 1 65 110 48 1 98 91 74 1 88 73 68 1 78 94 58 1 33 74 21 1 92 110 87 1 50 107 94 1 0 0 0 0 44 87 72 1 85 119 48 1 83 112 56 1 76 94 89 1 76 121 79 1 7 4 28 1 0 0 0 0 0 18 20 1 37 27 49 1 32 29 28 1 8 40 8 1 24 52 20 1 0 0 0 0 33 53 5 1 0 40 0 1 11 22 1 1 57 47 42 1 78 99 57 1 130 119 95 1 87 93 92 1 17 55 22 1 43 76 35 1 78 58 54 1 77 85 91 1 78 97 58 1 32 59 3 1 25 64 8 1 12 52 0 1 0 0 0 0 35 68 22 1 25 33 0 1 54 66 44 1 44 60 56 1 98 52 68 1 16 58 24 1 23 60 30 1 47 58 33 1 41 72 49 1 48 71 51 1 68 46 33 1 1 54 19 1 20 20 24 1 9 21 51 1 102 77 65 1 106 124 49 1
0 0 0 0 62 70 42 1 12 52 5 1 67 72 22 1 61 95 55 1 89 96 72 1 64 91 57 1 63 105 66 1 81 118 90 1 87 78 62 1 77 61 38 1 105 112 86 1 59 100 85 1 52 86 69 1 0 0 0 0 59 88 50 1 71 80 48 1 92 87 63 1 127 118 78 1 74 119 31 1 60 53 27 1 67 72 76 1 46 77 51 1 74 110 41 1 41 108 33 1 67 109 86 1 45 77 53 1 18 18 36 1 0 33 52 1 18 16 0 1 0 28 16 1 7 20 0 1 23 69 23 1 29 38 25 1 18 69 42 1 35 58 71 1 20 11 0 1 37 32 38 1 90 79 84 1 0 0 0 0 40 98 68 1 0 0 0 0 66 61 69 1 69 80 59 1 61 50 43 1 15 48 47 1 22 65 8 1 35 73 28 1 26 66 31 1 0 0 0 0 37 63 37 1 17 42 16 1 0 19 0 1 0 18 0 1 46 64 44 1 30 56 34 1 0 48 23 1 42 34 22 1 23 51 46 1 32 50 24 1 3 46 34 1 4 34 21 1 0 0 0 0 35 48 17 1 0 0 0 0 136 121 82 1
0 0 0 0 61 55 32 1 85 86 42 1 75 89 65 1 64 85 50 1 58 122 39 1 58 87 46 1 49 88 73 1 61 96 62 1 41 66 41 1 53 68 73 1 102 116 124 1 83 82 77 1 56 68 46 1 49 40 43 1 56 101 43 1 36 67 36 1 67 82 56 1 95 136 61 1 120 104 64 1 104 110 76 1 119 144 103 1 47 72 41 1 58 85 42 1 58 98 28 1 97 79 63 1 46 61 69 1 0 12 15 1 48 28 22 1 32 31 19 1 60 112 111 1 49 73 56 1 0 0 0 0 44 72 39 1 0 46 8 1 17 42 49 1 43 52 33 1 81 98 65 1 82 131 72 1 52 58 40 1 15 47 17 1 17 61 37 1 35 73 15 1 74 75 40 1 40 68 30 1 38 47 43 1 0 0 0 0 66 105 67 1 78 64 57 1 12 47 50 1 0 51 29 1 66 98 59 1 4 20 10 1 8 25 21 1 0 58 25 1 5 36 0 1 0 0 0 0 3 47 14 1 4 34 27 1 12 53 35 1 15 48 32 1 59 20 21 1 40 36 12 1 0 0 0 0 111 132 69 1 96 109 51 1
64 95 53 1 109 107 96 1 71 79 71 1 106 126 80 1 82 90 66 1 23 56 13 1 49 67 55 1 22 60 12 1 42 50 31 1 5 32 12 1 54 80 73 1 70 95 56 1 1 23 29 1 41 22 50 1 0 58 17 1 2 14 0 1 47 107 64 1 53 101 40 1 80 113 89 1 93 97 70 1 0 0 0 0 102 118 122 1 43 59 59 1 0 0 0 0 68 92 35 1 0 0 0 0 81 105 71 1 0 0 0 0 5 2 0 1 15 43 46 1 94 106 39 1 98 129 102 1 68 104 110 1 25 68 18 1 44 45 40 1 57 56 22 1 102 123 75 1 133 123 101 1 0 0 0 0 35 48 20 1 0 30 0 1 0 0 0 0 66 85 56 1 66 107 57 1 34 59 39 1 58 59 39 1 0 0 0 0 82 122 92 1 43 37 25 1 0 25 0 1 0 0 0 0 62 98 101 1 0 19 0 1 18 28 34 1 0 19 0 1 0 0 0 0 0 29 31 1 0 23 21 1 3 13 19 1 34 64 64 1 61 52 73 1 18 34 11 1 65 60 22 1 122 101 73 1 72 80 41 1 52 56 18 1
96 120 84 1 94 110 110 1 95 124 88 1 52 82 61 1 39 52 31 1 0 16 26 1 57 67 50 1 29 47 32 1 27 68 26 1 31 52 15 1 26 52 18 1 28 16 0 1 0 0 0 0 20 21 30 1 63 128 109 1 71 96 86 1 78 106 86 1 76 72 49 1 121 143 103 1 48 65 36 1 7 10 23 1 103 106 66 1 0 0 0 0 82 127 77 1 0 0 0 0 40 75 68 1 0 0 0 0 62 55 64 1 35 41 7 1 55 72 37 1 5 34 17 1 95 107 74 1 126 151 120 1 0 0 0 0 0 0 0 0 88 56 49 1 85 66 56 1 93 100 79 1 92 82 74 1 19 57 33 1 38 64 24 1 15 36 17 1 52 38 21 1 0 5 4 1 0 0 0 0 114 122 89 1 55 106 39 1 82 93 73 1 0 0 0 0 0 0 15 1 5 24 10 1 34 92 58 1 17 57 30 1 0 46 3 1 0 27 16 1 8 35 4 1 0 0 0 0 0 10 22 1 33 70 30 1 29 52 29 1 46 47 22 1 42 53 25 1 117 110 68 1 112 98 58 1 67 94 42 1 67 86 35 1
72 92 55 1 39 43 44 1 0 30 2 1 17 0 19 1 29 43 0 1 14 4 0 1 0 30 39 1 0 0 0 1 35 33 29 1 27 35 35 1 22 28 8 1 16 43 18 1 30 58 48 1 1 52 51 1 1 53 43 1 0 6 0 1 0 20 28 1 24 46 25 1 0 0 0 0 52 61 23 1 0 0 0 0 75 67 66 1 105 124 62 1 58 52 58 1 68 61 38 1 56 80 50 1 66 116 84 1 25 68 46 1 30 4 3 1 38 73 31 1 45 31 39 1 21 28 29 1 40 29 20 1 61 66 51 1 47 76 29 1 117 107 81 1 59 115 112 1 64 86 63 1 0 0 0 0 45 42 35 1 57 82 49 1 8 33 27 1 0 35 4 1 1 22 29 1 53 78 45 1 98 124 81 1 97 102 95 1 70 114 68 1 0 0 0 0 25 56 34 1 0 0 0 0 34 46 31 1 0 0 5 1 12 43 29 1 42 71 51 1 94 105 92 1 32 59 33 1 0 0 0 0 26 42 28 1 54 69 20 1 21 45 14 1 55 70 24 1 116 108 81 1 69 86 79 1 112 128 103 1 79 105 71 1
10 40 12 1 0 15 0 1 14 8 24 1 36 55 23 1 16 20 3 1 21 32 34 1 16 39 42 1 41 55 37 1 33 81 76 1 36 56 61 1 0 0 0 0 22 37 34 1 0 26 30 1 0 0 0 0 13 15 0 1 0 20 15 1 43 65 46 1 28 55 53 1 50 72 34 1 26 43 5 1 79 81 42 1 34 74 41 1 66 98 48 1 65 103 62 1 76 74 30 1 0 0 0 0 111 122 71 1 90 120 78 1 92 105 98 1 95 127 107 1 110 120 118 1 0 0 0 0 75 110 110 1 82 117 64 1 38 63 33 1 47 64 45 1 50 45 63 1 73 82 65 1 15 54 57 1 8 40 22 1 0 41 16 1 0 16 23 1 31 51 36 1 0 0 0 0 24 54 27 1 46 68 61 1 82 83 35 1 62 91 64 1 72 81 38 1 20 35 34 1 18 40 19 1 21 47 38 1 21 61 34 1 35 50 36 1 0 12 21 1 29 45 41 1 63 54 17 1 42 60 10 1 0 0 0 0 48 68 39 1 79 124 84 1 81 96 85 1 46 81 48 1 51 45 19 1 67 125 79 1 104 135 99 1
74 85 72 1 38 61 19 1 36 41 12 1 33 67 22 1 19 50 11 1 39 54 30 1 0 0 0 0 52 45 66 1 48 58 67 1 0 0 0 0 2 25 6 1 12 2 5 1 15 60 1 1 90 111 84 1 15 82 62 1 3 13 7 1 42 75 45 1 70 74 38 1 43 95 30 1 5 24 34 1 48 59 50 1 77 81 33 1 56 95 85 1 79 93 77 1 32 93 37 1 48 71 50 1 0 0 0 0 70 82 47 1 96 113 67 1 91 110 79 1 101 118 98 1 92 112 46 1 51 68 62 1 66 75 47 1 1 30 0 1 0 29 0 1 23 67 40 1 0 0 0 0 0 0 0 0 8 45 29 1 6 27 9 1 28 25 0 1 34 43 33 1 0 26 39 1 57 67 15 1 57 91 91 1 0 0 0 0 93 98 83 1 86 103 67 1 87 94 29 1 0 0 0 0 0 0 0 0 0 21 0 1 29 12 33 1 0 0 0 0 41 101 42 1 44 75 45 1 74 90 67 1 92 82 42 1 42 55 20 1 75 86 69 1 81 102 77 1 41 41 28 1 76 70 42 1 43 35 41 1 94 138 68 1
0 0 0 0 120 138 118 1 0 0 0 0 134 138 124 1 93 138 125 1 112 97 118 1 35 49 71 1 32 68 67 1 3 52 30 1 67 80 61 1 0 45 28 1 15 55 2 1 0 32 0 1 68 79 95 1 151 111 113 1 79 121 83 1 65 55 47 1 13 12 6 1 0 0 0 0 64 80 70 1 0 0 0 0 87 121 76 1 75 125 72 1 81 92 68 1 0 0 0 0 110 102 73 1 36 61 30 1 0 43 18 1 30 58 13 1 3 41 7 1 47 50 15 1 67 97 54 1 93 115 84 1 51 71 54 1 92 134 98 1 113 143 106 1 37 71 53 1 7 61 3 1 0 25 8 1 49 69 98 1 89 90 76 1 0 0 0 0 19 24 11 1 21 39 35 1 51 76 46 1 49 75 31 1 59 66 56 1 93 76 63 1 67 103 76 1 76 106 96 1 54 72 56 1 40 84 44 1 23 29 0 1 4 30 14 1 0 0 7 1 0 0 0 0 0 0 0 0 91 110 48 1 0 0 0 0 46 72 2 1 79 114 83 1 88 125 66 1 49 40 20 1 0 0 0 0 0 0 0 0 38 35 15 1
102 119 76 1 81 123 96 1 99 118 95 1 88 107 81 1 0 0 0 0 0 0 0 0 11 55 35 1 56 101 66 1 33 60 60 1 28 34 5 1 0 0 0 0 1 50 5 1 11 37 24 1 0 38 2 1 76 83 93 1 101 127 108 1 0 0 0 0 8 62 3 1 30 60 20 1 49 104 67 1 66 128 62 1 65 97 75 1 97 125 83 1 78 133 59 1 46 63 59 1 72 92 43 1 41 62 61 1 87 84 53 1 56 80 63 1 77 98 41 1 57 95 49 1 63 83 38 1 39 96 63 1 60 77 46 1 68 99 66 1 45 98 45 1 5 44 17 1 45 84 80 1 51 86 50 1 50 81 40 1 4 50 1 1 37 51 24 1 36 105 47 1 0 0 0 0 55 92 46 1 49 87 58 1 94 124 95 1 118 120 65 1 11 37 2 1 2 30 0 1 0 23 0 1 0 33 12 1 1 0 0 1 13 32 0 1 68 93 61 1 120 117 103 1 101 133 102 1 52 98 55 1 38 60 30 1 29 84 0 1 39 100 37 1 0 27 6 1 35 40 28 1 61 85 44 1 18 27 21 1 42 61 27 1
95 79 58 1 92 140 60 1 84 99 76 1 79 103 57 1 71 96 86 1 0 0 0 0 41 82 63 1 0 0 0 0 26 63 42 1 0 0 0 0 0 0 0 0 58 104 64 1 36 89 23 1 18 47 12 1 28 55 45 1 44 53 41 1 71 149 123 1 13 55 64 1 48 75 42 1 68 97 79 1 115 123 101 1 70 80 61 1 74 104 66 1 98 117 77 1 76 88 63 1 78 94 24 1 84 72 73 1 84 104 44 1 48 92 64 1 89 100 88 1 78 121 98 1 58 112 69 1 39 92 42 1 18 81 35 1 19 56 8 1 20 57 16 1 6 18 0 1 0 0 0 0 0 0 0 0 69 116 77 1 38 96 31 1 40 69 25 1 72 97 40 1 71 87 33 1 29 74 38 1 78 95 50 1 94 105 70 1 78 125 79 1 76 93 66 1 92 95 63 1 54 76 83 1 27 64 34 1 23 47 33 1 83 75 73 1 125 153 128 1 157 181 125 1 0 0 0 0 134 173 125 1 94 117 44 1 49 81 38 1 76 90 55 1 50 70 23 1 21 40 0 1 0 0 0 0 0 0 0 0 48 79 41 1
0 0 0 0 58 101 40 1 65 90 67 1 59 81 57 1 5 79 62 1 0 28 23 1 0 31 38 1 42 61 52 1 4 2 3 1 0 14 28 1 45 72 60 1 68 118 101 1 29 110 40 1 0 56 33 1 0 60 21 1 0 0 0 0 35 60 39 1 15 14 33 1 33 65 63 1 51 91 49 1 73 117 94 1 95 88 93 1 57 104 72 1 57 114 74 1 97 88 96 1 78 89 81 1 53 67 41 1 18 76 13 1 43 87 34 1 63 138 72 1 89 126 91 1 50 116 60 1 41 80 29 1 4 30 0 1 0 50 0 1 0 0 0 0 13 37 41 1 28 40 18 1 0 0 0 0 74 113 99 1 55 88 53 1 49 86 56 1 80 106 74 1 60 102 49 1 50 78 46 1 0 0 0 0 57 102 53 1 51 71 32 1 32 49 12 1 61 75 32 1 8 44 25 1 28 56 4 1 23 38 0 1 75 109 58 1 99 127 85 1 55 66 42 1 76 124 60 1 0 0 0 0 50 97 16 1 11 40 8 1 41 76 12 1 47 93 39 1 26 67 32 1 20 37 27 1 0 0 0 0 5 35 28 1
113 108 66 1 0 0 0 0 56 107 47 1 71 91 74 1 39 76 66 1 8 31 12 1 0 0 0 0 42 32 55 1 27 65 34 1 65 96 71 1 14 65 51 1 69 95 73 1 30 68 43 1 23 51 20 1 52 46 50 1 54 76 48 1 0 0 0 0 0 47 19 1 46 66 57 1 80 120 107 1 53 94 50 1 71 119 54 1 43 76 42 1 50 85 46 1 0 0 0 0 55 94 44 1 7 28 43 1 16 39 0 1 14 54 14 1 54 82 53 1 75 112 76 1 24 93 36 1 34 71 40 1 26 72 36 1 76 105 61 1 97 144 131 1 72 100 49 1 58 91 49 1 75 78 53 1 66 106 78 1 21 83 52 1 30 83 44 1 63 94 54 1 13 79 46 1 58 112 65 1 84 133 58 1 63 69 41 1 12 80 41 1 49 72 53 1 101 103 87 1 39 80 81 1 0 0 0 1 0 0 0 0 0 0 0 0 28 73 37 1 0 0 0 0 11 21 13 1 38 43 28 1 0 42 0 1 48 70 43 1 93 138 119 1 58 94 45 1 15 62 22 1 20 49 2 1 47 54 57 1 39 74 75 1
82 90 49 1 80 113 72 1 82 130 110 1 53 68 45 1 12 33 12 1 0 9 4 1 0 0 3 1 49 48 33 1 86 90 80 1 41 84 42 1 44 74 65 1 89 112 76 1 11 70 3 1 7 49 27 1 69 89 89 1 99 115 106 1 58 70 52 1 0 0 0 0 75 85 75 1 69 104 72 1 75 99 89 1 0 0 0 0 0 0 0 0 77 117 37 1 56 89 74 1 46 82 36 1 0 0 0 0 44 86 61 1 47 55 28 1 57 88 58 1 82 121 74 1 22 63 62 1 0 0 0 0 30 74 55 1 0 0 0 0 61 94 79 1 5 63 42 1 0 0 0 0 75 140 105 1 49 96 68 1 32 74 6 1 52 67 38 1 72 105 76 1 0 0 0 0 7 53 0 1 57 80 58 1 49 97 53 1 26 67 34 1 64 89 44 1 49 116 62 1 34 60 22 1 18 5 0 1 9 68 34 1 71 68 51 1 5 25 0 1 23 30 0 1 11 40 8 1 51 72 36 1 0 23 23 1 10 47 17 1 41 74 67 1 26 57 43 1 22 39 27 1 0 0 0 0 46 62 59 1 64 64 53 1
85 88 105 1 107 129 95 1 101 118 99 1 84 115 68 1 58 78 78 1 48 79 73 1 53 48 68 1 94 101 113 1 122 145 110 1 46 95 89 1 83 85 63 1 55 108 57 1 26 40 0 1 0 32 0 1 51 68 36 1 93 128 94 1 61 91 53 1 29 96 88 1 96 145 110 1 43 70 45 1 73 101 76 1 86 123 78 1 3 59 19 1 69 107 61 1 41 39 50 1 22 21 16 1 27 62 0 1 49 86 53 1 44 75 17 1 72 74 41 1 56 97 52 1 69 95 76 1 70 111 67 1 26 77 48 1 36 83 28 1 32 59 67 1 14 56 35 1 18 53 10 1 0 38 20 1 37 73 40 1 76 87 52 1 50 112 91 1 62 101 60 1 47 93 98 1 19 54 30 1 55 84 41 1 44 83 99 1 110 129 92 1 86 107 120 1 31 56 58 1 0 0 0 0 0 16 28 1 22 41 28 1 48 90 69 1 63 53 37 1 53 88 45 1 68 96 52 1 69 98 88 1 0 35 0 1 0 0 0 0 31 89 56 1 41 68 14 1 47 63 41 1 62 99 72 1 24 24 37 1 4 23 18 1
41 86 59 1 63 108 88 1 45 75 83 1 82 143 87 1 76 124 91 1 84 97 69 1 59 83 63 1 91 122 111 1 126 121 107 1 95 119 95 1 61 80 52 1 71 91 36 1 35 48 18 1 41 97 34 1 44 72 28 1 47 75 65 1 56 98 64 1 71 103 67 1 62 94 69 1 43 84 31 1 59 119 77 1 53 87 60 1 66 77 50 1 48 72 45 1 31 70 60 1 7 33 1 1 12 67 23 1 62 80 62 1 0 0 0 0 31 44 21 1 49 94 62 1 55 95 73 1 40 74 56 1 7 66 50 1 7 31 31 1 32 61 43 1 6 34 33 1 13 6 36 1 0 4 2 1 0 71 15 1 22 59 42 1 5 36 0 1 4 26 9 1 27 56 41 1 19 44 58 1 7 33 36 1 52 56 62 1 0 0 0 0 25 85 45 1 10 33 12 1 11 19 0 1 0 6 0 1 4 34 0 1 81 84 66 1 102 94 73 1 57 77 53 1 74 111 82 1 69 91 67 1 21 59 25 1 0 59 17 1 0 0 0 0 2 47 44 1 0 27 17 1 67 76 34 1 51 90 64 1 29 49 26 1
42 31 14 1 14 60 26 1 0 0 0 0 75 71 93 1 64 61 59 1 19 42 33 1 49 74 47 1 54 72 48 1 52 82 40 1 68 45 41 1 23 65 41 1 11 28 28 1 100 115 87 1 95 141 101 1 5 22 6 1 2 27 0 1 0 0 0 0 24 54 45 1 43 40 9 1 53 80 54 1 69 111 72 1 37 87 30 1 60 71 45 1 0 0 0 0 54 70 43 1 28 87 67 1 26 44 21 1 75 88 51 1 60 85 41 1 25 45 0 1 0 0 0 0 53 39 58 1 31 62 44 1 0 48 18 1 9 39 22 1 12 39 58 1 1 35 20 1 0 12 27 1 25 13 15 1 0 30 47 1 0 64 10 1 0 5 24 1 0 0 0 0 27 56 40 1 15 68 23 1 25 52 18 1 19 40 6 1 38 47 25 1 0 0 0 0 0 3 0 1 0 34 23 1 0 0 0 0 15 49 5 1 79 106 67 1 122 111 95 1 69 82 56 1 125 134 84 1 81 70 49 1 24 37 24 1 15 27 23 1 0 15 25 1 10 46 19 1 0 27 0 1 18 59 34 1 0 0 0 0 25 46 27 1
13 62 37 1 29 62 53 1 46 84 97 1 78 100 93 1 77 102 62 1 0 41 33 1 66 81 52 1 113 114 89 1 91 76 64 1 123 113 80 1 125 124 99 1 0 0 0 0 77 70 49 1 0 0 0 0 48 55 9 1 36 63 52 1 15 52 0 1 3 28 19 1 43 75 33 1 54 80 31 1 44 89 54 1 18 74 43 1 68 87 65 1 29 46 24 1 39 77 28 1 63 87 54 1 30 56 11 1 46 61 38 1 7 46 7 1 30 45 30 1 58 77 73 1 72 60 80 1 38 82 60 1 31 43 26 1 4 42 40 1 28 35 27 1 32 30 36 1 5 18 18 1 0 0 0 0 29 4 14 1 8 24 2 1 20 40 19 1 77 96 71 1 34 99 42 1 69 83 61 1 68 78 60 1 0 19 3 1 14 27 0 1 23 45 11 1 0 24 1 1 5 29 32 1 22 61 41 1 0 0 0 0 101 128 51 1 150 136 109 1 123 134 124 1 126 123 84 1 73 64 38 1 34 25 26 1 15 51 16 1 3 42 18 1 22 50 30 1 0 31 36 1 22 26 19 1 16 72 56 1 0 0 0 0
32 48 33 1 42 44 49 1 48 83 49 1 0 0 0 0 50 72 36 1 124 129 128 1 255 232 214 1 246 237 220 1 232 195 206 1 218 201 208 1 180 197 131 1 116 104 69 1 64 91 28 1 107 126 91 1 67 86 65 1 37 94 51 1 86 107 104 1 90 90 71 1 53 90 78 1 14 26 7 1 35 82 31 1 57 79 55 1 0 0 0 0 50 89 25 1 64 70 69 1 86 83 87 1 11 31 16 1 11 42 21 1 56 87 29 1 52 94 44 1 54 96 50 1 47 74 62 1 43 59 38 1 4 39 37 1 15 22 5 1 4 20 20 1 0 20 4 1 0 14 7 1 14 47 35 1 25 50 52 1 35 55 33 1 74 89 67 1 95 104 91 1 82 95 54 1 48 71 64 1 0 0 0 0 20 17 15 1 32 15 9 1 16 14 10 1 34 33 22 1 30 26 6 1 23 46 5 1 22 39 0 1 40 90 48 1 88 71 92 1 95 99 46 1 85 105 94 1 84 96 47 1 44 58 29 1 15 34 19 1 0 48 0 1 0 0 0 0 25 58 36 1 30 51 46 1 32 38 12 1 4 32 39 1
13 45 50 1 26 22 2 1 54 56 44 1 139 114 132 1 176 173 121 1 167 194 145 1 206 201 169 1 155 179 156 1 126 126 96 1 164 165 129 1 149 165 91 1 126 116 84 1 54 109 66 1 73 84 70 1 60 87 55 1 64 82 62 1 113 108 115 1 85 109 77 1 60 107 49 1 31 78 62 1 59 106 57 1 60 60 56 1 35 60 54 1 40 61 63 1 34 54 14 1 59 70 64 1 0 34 31 1 28 55 16 1 34 78 43 1 56 80 53 1 0 0 0 0 39 47 45 1 17 27 11 1 0 0 6 1 0 19 11 1 0 0 0 0 0 0 0 0 0 0 0 0 93 94 75 1 75 116 101 1 103 142 97 1 119 118 77 1 54 90 55 1 30 42 29 1 12 34 10 1 30 46 24 1 29 20 16 1 2 56 24 1 21 46 34 1 32 58 65 1 20 43 29 1 13 46 4 1 24 54 13 1 0 0 0 0 0 0 0 0 62 76 51 1 91 89 67 1 69 104 63 1 67 54 33 1 53 77 48 1 40 58 14 1 43 63 35 1 37 44 45 1 35 71 47 1 14 46 45 1 40 41 33 1
26 43 44 1 64 63 13 1 114 72 71 1 206 228 166 1 170 181 114 1 100 86 58 1 107 164 93 1 142 120 111 1 0 0 0 0 83 81 27 1 82 105 39 1 113 105 62 1 44 72 36 1 60 94 72 1 66 107 57 1 51 63 46 1 24 84 33 1 5 21 0 1 0 48 19 1 0 0 0 0 63 107 80 1 31 75 23 1 30 46 52 1 0 36 25 1 16 62 49 1 66 112 81 1 43 63 47 1 36 12 0 1 7 27 0 1 37 62 33 1 42 43 31 1 10 58 33 1 0 7 13 1 13 28 9 1 0 14 27 1 4 31 0 1 0 24 8 1 74 83 71 1 102 140 79 1 0 0 0 0 107 126 90 1 76 96 52 1 21 26 0 1 0 0 0 0 18 48 7 1 13 56 25 1 0 0 0 0 0 18 36 1 2 55 49 1 35 66 31 1 14 40 0 1 20 43 6 1 0 0 0 0 71 60 47 1 119 116 75 1 110 115 63 1 104 88 60 1 105 97 52 1 77 87 72 1 74 74 89 1 70 92 62 1 54 49 39 1 0 0 0 0 0 0 0 0 45 56 32 1 43 74 64 1
51 46 20 1 0 0 0 0 131 119 122 1 149 129 87 1 141 156 90 1 125 109 105 1 136 138 80 1 93 135 99 1 0 0 0 0 0 0 0 0 92 87 71 1 38 68 22 1 50 79 37 1 43 61 18 1 29 57 39 1 0 0 0 0 43 96 79 1 70 86 77 1 2 37 9 1 33 81 42 1 53 84 87 1 52 95 68 1 0 64 22 1 25 31 19 1 36 38 35 1 0 0 0 0 4 19 8 1 0 0 0 0 23 47 22 1 59 73 40 1 68 85 80 1 8 61 49 1 27 59 20 1 25 48 46 1 31 33 15 1 41 39 36 1 70 87 46 1 54 94 79 1 59 99 70 1 86 113 80 1 98 95 88 1 53 70 58 1 27 30 0 1 60 10 7 1 13 47 23 1 0 51 10 1 28 69 39 1 34 35 32 1 0 0 0 0 8 43 35 1 0 0 0 0 23 22 13 1 31 56 26 1 0 0 0 0 79 103 92 1 99 124 85 1 113 124 61 1 76 92 86 1 81 66 47 1 55 78 63 1 73 88 53 1 34 44 68 1 39 21 30 1 18 8 0 1 45 51 25 1 60 74 39 1
22 24 26 1 134 121 98 1 248 254 216 1 250 255 210 1 232 211 202 1 152 152 106 1 144 146 105 1 0 0 0 0 89 102 94 1 5 25 20 1 83 119 50 1 75 62 54 1 54 55 54 1 13 38 22 1 32 62 33 1 0 0 0 0 48 88 62 1 0 0 0 0 0 0 0 0 82 104 69 1 80 91 74 1 52 63 56 1 9 33 6 1 0 17 12 1 11 59 20 1 62 92 61 1 32 52 12 1 36 76 55 1 39 73 62 1 28 75 34 1 0 82 41 1 28 15 19 1 0 29 9 1 16 12 0 1 0 20 0 1 20 39 34 1 0 0 0 0 66 56 41 1 107 126 64 1 57 99 49 1 50 83 39 1 3 32 2 1 30 52 2 1 92 79 48 1 86 86 64 1 19 46 14 1 0 42 25 1 23 35 17 1 9 35 41 1 4 43 59 1 14 52 0 1 8 22 21 1 0 0 0 0 33 44 7 1 73 94 35 1 100 105 58 1 100 115 75 1 65 97 38 1 74 85 53 1 88 89 49 1 5 56 21 1 31 65 18 1 53 62 35 1 55 61 19 1 0 53 0 1 27 63 25 1
80 64 42 1 165 158 137 1 239 237 190 1 223 219 150 1 255 255 208 1 222 222 155 1 89 106 71 1 43 54 38 1 92 107 77 1 54 83 77 1 101 111 81 1 104 91 67 1 71 91 72 1 63 96 34 1 0 0 0 0 39 73 65 1 63 51 49 1 88 69 68 1 29 71 56 1 20 96 54 1 65 70 55 1 21 41 22 1 0 0 0 0 8 41 8 1 12 42 54 1 69 118 82 1 35 69 45 1 17 84 72 1 48 79 62 1 48 67 58 1 25 76 80 1 10 27 26 1 13 16 42 1 11 13 17 1 0 20 33 1 81 72 89 1 72 70 31 1 40 39 20 1 74 80 59 1 0 0 0 0 0 0 0 0 26 61 9 1 2 46 0 1 57 96 60 1 50 54 60 1 35 67 67 1 4 9 17 1 0 6 23 1 14 64 30 1 24 44 55 1 0 59 31 1 24 51 24 1 23 50 39 1 30 37 0 1 19 39 32 1 73 80 61 1 0 0 0 0 57 57 25 1 64 61 0 1 0 0 0 0 23 57 14 1 44 68 33 1 45 81 65 1 38 76 44 1 14 35 33 1 25 65 31 1
230 227 188 1 245 226 185 1 201 190 149 1 150 130 110 1 0 0 0 0 187 184 151 1 153 127 124 1 40 29 27 1 16 0 0 1 8 21 0 1 97 109 67 1 69 110 45 1 59 67 21 1 43 67 36 1 35 77 36 1 0 0 0 0 83 85 44 1 37 77 66 1 66 98 108 1 66 114 90 1 0 0 0 0 24 36 26 1 0 22 0 1 0 40 24 1 43 46 21 1 0 0 0 0 6 47 10 1 20 9 16 1 18 41 32 1 51 61 52 1 9 59 42 1 0 35 1 1 0 26 4 1 0 0 0 0 0 0 0 0 57 57 37 1 24 68 2 1 58 61 28 1 27 34 0 1 51 49 43 1 15 33 26 1 35 22 5 1 81 55 62 1 0 0 0 0 24 31 5 1 8 20 0 1 3 40 16 1 0 60 39 1 0 0 0 0 0 56 28 1 0 43 0 1 0 0 0 0 37 49 43 1 12 52 28 1 50 63 31 1 108 111 80 1 75 88 49 1 57 79 54 1 32 42 0 1 37 25 22 1 13 36 3 1 0 40 15 1 1 39 13 1 52 67 49 1 38 78 35 1 35 50 45 1
245 255 212 1 222 227 185 1 218 195 167 1 203 182 157 1 121 120 92 1 116 99 65 1 59 76 29 1 58 33 46 1 55 40 40 1 33 38 44 1 35 66 42 1 31 46 38 1 58 80 77 1 58 68 33 1 44 33 17 1 51 68 50 1 37 82 39 1 11 96 37 1 73 91 56 1 48 67 54 1 0 21 0 1 24 49 27 1 23 61 25 1 13 52 24 1 51 83 35 1 79 111 83 1 0 0 0 0 17 46 32 1 42 59 62 1 5 23 44 1 7 30 58 1 0 16 45 1 26 33 28 1 33 37 15 1 10 21 32 1 49 56 32 1 26 83 43 1 21 43 0 1 16 18 20 1 89 75 58 1 54 83 30 1 37 56 40 1 76 87 84 1 31 65 70 1 12 30 31 1 35 44 42 1 33 59 45 1 37 63 38 1 0 32 27 1 0 18 47 1 7 66 36 1 34 53 53 1 40 70 50 1 44 58 32 1 18 32 1 1 44 65 40 1 110 89 84 1 73 89 19 1 11 39 15 1 44 52 0 1 10 56 40 1 0 0 0 0 8 12 0 1 0 28 39 1 21 37 24 1 54 80 62 1
173 178 123 1 202 196 147 1 0 0 0 0 160 152 108 1 80 34 36 1 62 89 58 1 58 37 57 1 69 123 91 1 95 99 71 1 0 0 0 0 25 42 5 1 0 0 0 0 53 88 43 1 36 87 50 1 26 71 29 1 63 86 26 1 86 108 68 1 43 80 59 1 71 93 66 1 43 83 53 1 0 0 0 0 50 48 53 1 9 54 25 1 22 45 19 1 21 44 12 1 45 84 42 1 38 43 56 1 0 34 23 1 9 55 56 1 0 0 0 0 0 46 16 1 29 17 49 1 0 0 0 0 30 40 34 1 46 50 35 1 71 65 42 1 36 57 5 1 31 49 8 1 74 79 36 1 78 82 59 1 61 70 56 1 55 88 52 1 37 52 34 1 25 42 0 1 30 43 26 1 54 58 44 1 14 36 41 1 12 25 31 1 11 53 7 1 0 0 0 0 0 31 23 1 11 23 4 1 16 41 11 1 0 0 0 0 41 38 17 1 55 72 49 1 31 76 24 1 0 0 0 0 0 0 0 0 38 81 48 1 36 35 56 1 48 61 30 1 33 40 31 1 17 56 8 1 0 53 20 1 22 51 19 1
199 241 154 1 255 229 208 1 0 0 0 0 0 0 0 0 72 76 72 1 87 52 46 1 41 16 28 1 0 0 0 0 58 143 76 1 56 85 57 1 64 50 44 1 28 28 19 1 50 60 37 1 62 77 31 1 35 59 27 1 48 68 36 1 45 91 43 1 36 87 48 1 0 0 0 0 13 80 54 1 28 35 16 1 53 56 42 1 40 47 1 1 20 21 11 1 10 56 32 1 22 36 2 1 10 38 33 1 0 29 26 1 28 31 36 1 6 35 33 1 4 28 27 1 4 26 3 1 6 30 0 1 27 33 31 1 58 20 52 1 27 39 44 1 45 27 10 1 56 94 56 1 96 105 94 1 74 87 75 1 42 80 67 1 61 88 64 1 10 7 8 1 37 23 13 1 12 23 14 1 12 35 19 1 5 58 17 1 32 56 38 1 0 0 0 0 0 38 26 1 0 24 34 1 0 0 5 1 1 38 45 1 9 52 35 1 40 57 5 1 66 78 52 1 76 83 54 1 58 71 37 1 76 62 54 1 45 35 45 1 0 0 0 0 53 70 34 1 31 35 26 1 34 57 35 1 16 28 30 1 20 38 0 1
253 245 195 1 247 226 195 1 255 224 199 1 175 147 154 1 59 79 42 1 81 87 73 1 45 55 28 1 29 47 0 1 33 96 47 1 94 111 97 1 47 65 28 1 49 71 30 1 31 45 37 1 35 41 40 1 48 73 39 1 35 68 18 1 33 75 27 1 41 89 76 1 47 105 70 1 41 72 45 1 0 45 20 1 13 47 29 1 24 47 9 1 30 71 41 1 62 101 82 1 26 47 52 1 27 38 22 1 11 37 11 1 21 26 36 1 23 56 20 1 0 0 0 0 21 9 3 1 10 29 4 1 38 62 28 1 13 66 47 1 40 32 16 1 64 68 22 1 77 91 37 1 80 91 61 1 55 63 68 1 51 72 34 1 0 48 19 1 3 23 18 1 6 21 29 1 14 31 24 1 0 0 0 0 5 32 37 1 28 69 16 1 0 32 28 1 0 4 25 1 0 0 0 0 14 45 28 1 0 0 0 0 51 46 34 1 0 0 0 0 48 63 32 1 90 101 76 1 66 70 65 1 52 75 38 1 31 67 11 1 52 48 20 1 34 47 43 1 0 0 0 0 10 41 22 1 3 37 6 1 0 0 0 0
255 254 220 1 214 202 187 1 185 196 137 1 0 0 0 0 78 67 44 1 0 0 0 0 82 85 51 1 81 76 34 1 56 46 22 1 62 81 64 1 65 80 67 1 34 100 53 1 44 36 13 1 59 39 16 1 53 110 83 1 25 54 51 1 40 77 49 1 66 103 42 1 53 85 54 1 23 46 15 1 28 64 37 1 18 40 20 1 34 40 44 1 48 59 36 1 87 112 82 1 9 66 56 1 22 47 6 1 0 23 20 1 4 62 31 1 21 59 50 1 8 32 27 1 5 46 30 1 22 22 14 1 7 60 3 1 26 57 58 1 43 52 10 1 21 84 35 1 0 0 0 0 25 47 37 1 54 75 38 1 17 42 27 1 20 11 5 1 0 0 0 0 8 29 17 1 23 30 18 1 27 65 23 1 35 27 31 1 0 0 0 0 37 44 23 1 8 59 25 1 0 50 54 1 17 24 12 1 1 50 21 1 38 60 29 1 30 69 51 1 0 0 0 0 0 0 0 0 86 72 61 1 0 0 0 0 38 71 11 1 18 57 14 1 95 81 50 1 62 85 55 1 24 46 11 1 24 44 24 1 54 73 33 1
245 227 225 1 230 242 225 1 136 185 145 1 36 57 4 1 50 44 24 1 127 132 80 1 98 137 88 1 93 115 93 1 128 115 85 1 0 0 0 0 40 75 31 1 0 0 0 0 29 51 42 1 0 0 0 0 66 81 52 1 45 63 74 1 0 0 0 0 87 84 83 1 38 77 50 1 0 0 0 0 9 27 41 1 59 69 37 1 47 70 67 1 24 49 24 1 26 57 50 1 25 64 28 1 22 48 38 1 28 44 0 1 20 42 33 1 45 69 59 1 13 39 23 1 0 0 0 0 0 0 0 0 10 40 30 1 8 44 9 1 0 0 0 0 15 27 6 1 18 65 19 1 0 0 0 0 27 43 30 1 0 39 4 1 31 33 10 1 68 35 26 1 33 38 42 1 36 21 15 1 1 25 18 1 52 52 33 1 59 51 48 1 5 41 21 1 15 65 43 1 0 30 48 1 25 29 33 1 2 17 0 1 62 67 80 1 0 0 0 0 70 86 40 1 50 61 24 1 46 56 26 1 93 69 54 1 78 79 51 1 87 114 59 1 104 111 62 1 88 107 75 1 63 64 59 1 0 0 0 0 20 36 29 1
255 255 202 1 169 178 146 1 95 121 80 1 0 0 0 0 122 138 94 1 116 110 89 1 65 92 36 1 68 79 17 1 65 72 55 1 19 28 0 1 72 110 46 1 80 72 73 1 30 75 50 1 0 0 0 0 83 80 61 1 0 0 0 0 47 67 22 1 57 89 15 1 42 74 37 1 0 0 0 0 16 46 43 1 42 71 64 1 13 86 56 1 0 47 28 1 0 43 1 1 0 33 26 1 50 30 22 1 7 16 14 1 0 0 0 0 42 74 46 1 5 60 20 1 5 9 9 1 14 42 7 1 16 68 42 1 0 0 0 0 9 39 38 1 5 33 0 1 0 41 9 1 27 41 10 1 34 53 19 1 24 28 51 1 36 27 5 1 10 32 51 1 20 70 20 1 56 60 59 1 20 31 29 1 33 13 15 1 12 36 5 1 12 44 5 1 0 0 0 0 0 41 14 1 0 15 24 1 0 0 0 0 127 109 75 1 156 152 75 1 112 113 69 1 57 53 18 1 0 0 0 0 102 129 89 1 98 109 119 1 99 107 55 1 79 130 60 1 70 141 82 1 68 120 61 1 0 0 0 0 51 67 40 1
118 112 92 1 0 0 0 0 75 102 64 1 23 36 6 1 57 72 55 1 21 53 24 1 0 0 0 0 63 82 38 1 33 55 49 1 10 51 25 1 58 90 56 1 12 59 13 1 35 55 49 1 41 43 21 1 44 88 47 1 31 50 13 1 79 87 69 1 52 90 75 1 43 94 61 1 29 73 30 1 48 92 62 1 57 64 53 1 21 73 75 1 15 63 19 1 0 15 13 1 0 0 0 0 14 43 14 1 0 16 11 1 0 48 48 1 36 52 38 1 9 35 27 1 0 48 18 1 0 0 0 0 28 57 22 1 16 33 16 1 0 66 41 1 26 32 9 1 38 48 39 1 55 50 27 1 35 23 0 1 6 27 29 1 13 28 24 1 14 33 0 1 24 55 52 1 7 48 58 1 0 26 25 1 15 29 28 1 36 52 13 1 7 21 37 1 18 47 34 1 3 20 23 1 15 20 30 1 81 89 36 1 122 138 98 1 121 158 89 1 39 69 14 1 20 9 0 1 42 45 39 1 70 106 84 1 106 108 94 1 88 105 63 1 101 132 81 1 56 111 70 1 26 85 39 1 42 85 25 1 33 45 25 1
0 0 0 0 45 47 27 1 18 0 14 1 9 41 22 1 61 49 63 1 11 19 17 1 73 82 56 1 85 92 72 1 39 34 40 1 34 79 33 1 67 79 47 1 84 56 40 1 52 86 56 1 44 58 26 1 0 0 0 0 0 36 23 1 59 75 59 1 55 108 54 1 76 86 84 1 0 0 0 0 0 0 0 0 32 54 39 1 57 85 82 1 36 90 72 1 0 0 0 0 0 34 4 1 0 20 5 1 1 37 10 1 55 46 54 1 83 94 80 1 57 70 23 1 32 87 17 1 54 55 55 1 72 69 47 1 0 0 0 0 35 49 43 1 32 59 31 1 67 82 53 1 50 62 42 1 59 28 40 1 46 37 9 1 38 33 16 1 7 34 34 1 28 44 43 1 38 64 59 1 0 51 57 1 0 48 13 1 28 52 2 1 37 51 28 1 0 36 6 1 3 45 14 1 61 71 61 1 143 114 97 1 123 141 80 1 99 100 29 1 76 106 23 1 0 0 0 0 80 104 66 1 91 98 52 1 76 76 27 1 31 64 36 1 38 45 6 1 60 69 40 1 23 54 9 1 28 62 14 1 0 0 0 0
24 69 27 1 54 55 44 1 55 39 51 1 49 52 46 1 36 48 61 1 24 30 19 1 8 55 40 1 2 47 33 1 36 18 7 1 40 72 44 1 57 83 69 1 79 73 56 1 76 136 86 1 48 90 53 1 51 97 64 1 81 88 67 1 85 94 98 1 83 96 49 1 49 102 70 1 16 61 2 1 39 94 58 1 69 108 83 1 27 94 70 1 40 58 40 1 22 33 28 1 16 20 52 1 1 42 11 1 0 0 0 0 49 81 63 1 61 77 61 1 0 0 0 0 78 127 73 1 71 75 96 1 16 46 29 1 26 41 22 1 42 62 30 1 43 54 10 1 53 90 63 1 46 82 58 1 27 61 7 1 48 48 7 1 0 0 0 0 8 50 42 1 7 35 32 1 14 33 0 1 0 37 37 1 5 48 9 1 17 40 19 1 3 25 20 1 0 0 0 0 39 41 24 1 106 114 73 1 120 127 86 1 94 67 40 1 92 85 77 1 79 99 38 1 64 75 55 1 69 84 56 1 67 89 94 1 54 51 31 1 62 28 33 1 45 54 41 1 40 52 26 1 7 49 39 1 64 55 77 1 44 65 76 1
37 64 77 1 18 31 28 1 9 27 14 1 2 48 23 1 0 27 30 1 21 55 49 1 17 56 57 1 23 49 33 1 8 44 12 1 19 60 18 1 107 99 83 1 51 111 75 1 92 103 84 1 60 65 71 1 65 73 60 1 37 60 13 1 23 74 51 1 0 0 0 0 68 105 58 1 0 36 0 1 50 97 46 1 82 107 71 1 59 108 51 1 53 88 49 1 29 76 32 1 12 31 14 1 0 0 0 0 9 36 11 1 8 41 13 1 0 0 0 0 73 110 75 1 111 112 95 1 62 92 49 1 5 18 0 1 32 28 3 1 61 65 26 1 46 49 7 1 54 87 11 1 35 41 27 1 34 45 14 1 0 0 0 0 24 43 28 1 18 27 33 1 35 48 32 1 27 37 23 1 31 26 10 1 28 46 32 1 0 47 5 1 7 15 16 1 13 33 13 1 60 56 18 1 127 99 89 1 98 93 61 1 84 71 0 1 82 86 21 1 18 30 2 1 61 85 40 1 6 37 21 1 43 38 24 1 0 0 0 0 44 55 49 1 32 81 33 1 43 32 4 1 5 36 3 1 1 32 14 1 6 30 27 1
0 0 0 0 25 19 24 1 30 21 20 1 0 46 53 1 13 52 47 1 10 30 23 1 26 32 46 1 43 50 88 1 0 61 21 1 50 75 54 1 85 126 91 1 75 73 51 1 17 17 11 1 0 36 0 1 35 50 27 1 50 76 68 1 93 102 72 1 43 43 40 1 48 102 74 1 24 55 62 1 66 74 79 1 30 98 53 1 24 66 0 1 10 29 40 1 39 65 24 1 23 35 0 1 0 33 21 1 4 44 0 1 3 20 16 1 126 132 132 1 132 136 99 1 81 83 54 1 60 65 56 1 12 14 9 1 66 52 1 1 80 113 67 1 114 162 109 1 112 150 88 1 61 50 30 1 52 49 29 1 33 27 23 1 3 50 8 1 3 14 22 1 20 45 33 1 7 42 20 1 0 0 0 0 0 12 43 1 0 30 16 1 17 9 43 1 64 114 103 1 99 93 66 1 118 90 63 1 147 147 87 1 96 111 47 1 0 0 0 0 48 61 19 1 84 94 67 1 65 98 73 1 84 85 58 1 0 0 0 0 33 59 36 1 40 83 0 1 0 33 9 1 39 64 23 1 34 56 31 1 24 48 41 1
72 72 59 1 9 48 0 1 29 27 48 1 20 0 21 1 32 61 55 1 0 40 28 1 13 48 31 1 34 38 73 1 5 32 23 1 37 56 34 1 0 0 0 0 60 80 40 1 27 68 27 1 42 73 41 1 80 94 57 1 0 0 0 0 67 102 47 1 43 46 6 1 55 88 82 1 14 28 10 1 38 61 65 1 76 107 67 1 0 0 0 0 24 23 47 1 45 92 69 1 21 39 11 1 0 9 0 1 0 0 0 0 40 37 31 1 114 84 61 1 0 0 0 0 0 0 0 0 40 65 39 1 19 47 8 1 20 51 29 1 98 91 56 1 114 183 114 1 88 116 76 1 24 52 14 1 40 77 52 1 36 49 17 1 42 60 21 1 34 71 39 1 83 68 40 1 26 43 27 1 22 66 36 1 37 27 17 1 28 37 33 1 53 63 32 1 108 121 90 1 118 91 84 1 61 76 49 1 105 109 69 1 137 130 72 1 108 106 83 1 114 148 107 1 114 108 63 1 70 110 67 1 79 102 56 1 0 0 0 0 39 87 55 1 0 0 0 0 32 54 59 1 63 67 57 1 14 36 24 1 21 11 28 1
92 117 94 1 47 85 34 1 51 71 49 1 33 54 36 1 0 0 0 0 9 36 16 1 50 67 40 1 26 63 59 1 0 22 12 1 24 40 2 1 68 61 44 1 45 67 30 1 43 56 49 1 61 73 64 1 52 73 36 1 0 0 0 0 76 112 78 1 57 74 38 1 0 0 0 0 0 0 0 0 0 0 0 0 51 86 74 1 0 12 11 1 1 29 13 1 20 46 34 1 20 57 11 1 3 7 13 1 20 60 45 1 0 0 0 0 80 46 27 1 127 112 71 1 95 106 78 1 28 36 8 1 0 0 0 0 12 26 18 1 98 124 49 1 166 152 115 1 45 85 33 1 16 16 0 1 35 40 9 1 20 0 10 1 46 72 75 1 80 77 59 1 47 89 43 1 35 24 13 1 49 24 12 1 0 0 0 0 83 81 52 1 84 102 60 1 64 86 67 1 29 76 11 1 79 92 61 1 59 74 43 1 70 99 40 1 99 95 51 1 107 116 80 1 92 103 49 1 72 88 73 1 40 44 27 1 14 43 9 1 33 53 43 1 48 40 51 1 27 65 43 1 41 47 42 1 44 64 54 1 4 53 33 1
87 115 90 1 41 35 17 1 15 34 66 1 33 57 45 1 25 57 46 1 6 44 36 1 14 44 14 1 31 25 13 1 33 36 40 1 52 29 20 1 41 65 58 1 54 67 56 1 0 0 0 0 102 100 96 1 86 106 80 1 92 91 77 1 105 121 72 1 51 85 59 1 0 0 0 0 38 63 27 1 0 0 0 0 65 102 48 1 8 68 48 1 18 51 42 1 10 35 18 1 0 14 26 1 34 72 27 1 0 0 0 0 52 84 60 1 68 58 46 1 95 114 51 1 75 74 55 1 0 0 0 0 9 42 9 1 15 43 0 1 0 0 0 0 143 144 100 1 0 0 0 0 86 67 39 1 48 63 52 1 12 23 0 1 28 34 19 1 33 49 2 1 9 23 3 1 29 19 4 1 88 101 37 1 84 105 41 1 84 100 89 1 93 120 56 1 85 88 64 1 61 44 29 1 83 89 65 1 73 88 41 1 57 52 65 1 85 101 47 1 114 141 106 1 57 86 27 1 79 79 38 1 50 95 58 1 0 0 0 0 53 38 55 1 65 70 43 1 28 47 31 1 23 40 33 1 6 56 28 1 0 42 1 1
61 68 69 1 49 68 62 1 45 85 41 1 49 72 61 1 0 0 0 0 11 45 6 1 7 16 1 1 56 71 53 1 0 0 0 0 61 76 42 1 0 0 0 0 65 80 44 1 42 52 19 1 74 68 81 1 62 77 60 1 42 72 31 1 0 0 0 0 29 76 59 1 92 122 110 1 77 113 62 1 31 62 19 1 53 79 41 1 11 51 31 1 16 52 44 1 0 0 0 0 5 38 16 1 14 71 0 1 69 81 35 1 0 0 0 0 103 101 77 1 64 56 57 1 11 39 19 1 3 56 0 1 0 0 0 0 0 22 0 1 23 52 36 1 26 46 21 1 20 39 14 1 0 0 0 0 15 30 0 1 19 52 18 1 82 101 80 1 96 102 41 1 51 76 32 1 58 74 17 1 102 113 105 1 68 107 37 1 95 119 92 1 106 102 31 1 43 39 24 1 4 24 0 1 53 52 20 1 42 52 47 1 80 55 45 1 79 75 60 1 41 35 0 1 25 67 24 1 0 74 0 1 21 36 2 1 89 77 50 1 86 76 68 1 0 0 0 0 16 57 38 1 14 67 44 1 0 51 27 1 27 52 36 1
0 0 0 0 21 59 52 1 23 41 50 1 60 54 34 1 25 58 12 1 7 46 16 1 30 41 32 1 77 81 34 1 97 96 63 1 70 90 46 1 99 113 101 1 62 79 47 1 0 0 0 0 27 61 39 1 2 22 2 1 7 35 4 1 22 27 28 1 0 0 0 0 0 0 0 0 73 113 106 1 61 95 60 1 33 31 54 1 12 54 38 1 43 61 39 1 49 77 44 1 0 0 0 0 0 56 19 1 25 36 13 1 26 18 0 1 83 92 29 1 77 96 29 1 55 81 56 1 65 102 96 1 11 51 36 1 36 21 1 1 0 0 0 0 30 28 6 1 35 78 19 1 33 17 0 1 13 48 21 1 73 109 85 1 183 184 160 1 206 190 173 1 108 158 87 1 0 0 0 0 140 141 109 1 92 111 41 1 99 108 65 1 67 64 55 1 85 46 33 1 24 51 24 1 96 122 100 1 85 95 82 1 0 0 0 0 56 89 65 1 46 30 23 1 0 0 0 0 21 42 16 1 39 73 30 1 34 40 13 1 1 30 27 1 28 28 23 1 9 52 21 1 0 36 19 1 27 29 16 1 6 47 45 1
124 69 78 1 74 83 78 1 21 38 37 1 0 0 0 0 24 11 13 1 32 58 10 1 88 78 65 1 61 89 72 1 100 112 70 1 97 118 68 1 100 109 93 1 69 80 70 1 24 59 44 1 23 57 38 1 23 34 14 1 3 50 13 1 33 93 43 1 44 78 35 1 36 54 56 1 0 0 0 0 0 0 0 0 72 94 65 1 55 34 39 1 28 98 45 1 55 55 58 1 73 77 53 1 0 0 0 0 0 0 0 0 40 46 28 1 70 96 52 1 72 72 62 1 56 101 41 1 87 97 76 1 21 31 24 1 0 33 18 1 98 77 74 1 45 39 25 1 81 104 63 1 51 42 25 1 18 20 21 1 0 0 2 1 49 60 37 1 43 34 31 1 0 0 0 0 70 75 79 1 112 134 102 1 125 127 112 1 118 111 84 1 115 96 51 1 11 41 0 1 62 51 35 1 115 123 91 1 66 94 77 1 35 54 9 1 61 74 58 1 0 0 0 0 81 99 50 1 79 115 78 1 32 87 47 1 5 42 12 1 0 37 26 1 34 42 40 1 10 36 35 1 5 75 31 1 25 23 12 1 5 42 21 1
78 114 90 1 80 114 82 1 0 0 0 0 0 11 3 1 0 0 0 0 52 63 76 1 89 131 66 1 75 84 50 1 102 134 65 1 94 97 68 1 102 62 76 1 49 105 93 1 35 48 26 1 0 9 8 1 23 45 35 1 19 52 38 1 0 0 0 0 0 0 0 0 35 70 65 1 91 79 57 1 120 153 108 1 89 104 89 1 90 112 83 1 71 59 54 1 8 61 6 1 43 47 38 1 0 0 0 0 56 94 60 1 21 71 53 1 17 66 46 1 89 105 80 1 86 116 75 1 0 0 0 0 10 55 36 1 17 50 32 1 102 124 108 1 83 81 76 1 51 96 82 1 3 36 8 1 0 0 0 0 75 90 74 1 146 133 107 1 0 0 0 0 32 1 21 1 51 65 37 1 95 90 64 1 116 88 69 1 73 85 56 1 70 86 39 1 63 88 47 1 74 96 41 1 0 0 0 0 0 0 0 0 27 63 25 1 56 63 40 1 61 104 35 1 47 75 32 1 36 71 60 1 6 38 38 1 9 40 36 1 19 34 19 1 33 56 25 1 49 35 53 1 15 31 35 1 17 26 34 1 5 33 23 1
0 0 0 0 87 112 84 1 58 85 56 1 56 78 54 1 58 73 49 1 0 0 0 0 109 152 96 1 109 110 100 1 126 142 91 1 0 0 0 0 36 74 42 1 34 55 62 1 25 52 29 1 29 54 23 1 39 79 67 1 37 55 50 1 57 105 65 1 77 66 50 1 84 110 43 1 79 73 50 1 78 82 84 1 59 82 79 1 74 90 69 1 135 137 124 1 56 47 52 1 0 0 0 0 86 83 61 1 89 125 54 1 0 0 0 0 0 0 0 0 101 130 81 1 83 113 76 1 57 79 56 1 21 42 2 1 42 74 23 1 33 36 26 1 36 34 0 1 80 96 78 1 51 87 35 1 43 81 58 1 117 116 121 1 87 93 116 1 0 0 0 0 0 39 10 1 1 39 19 1 31 56 65 1 94 97 76 1 91 102 60 1 121 102 92 1 69 98 46 1 80 68 67 1 62 125 50 1 76 94 45 1 52 56 9 1 11 29 2 1 66 64 10 1 42 39 48 1 37 47 36 1 0 32 55 1 17 9 10 1 0 22 14 1 2 39 0 1 15 32 24 1 0 34 39 1 23 14 10 1 7 36 0 1
0 0 0 0 29 70 25 1 7 29 18 1 49 82 34 1 52 84 47 1 61 54 59 1 81 74 28 1 66 73 38 1 47 64 22 1 59 74 41 1 23 58 24 1 0 20 10 1 31 40 39 1 9 35 12 1 0 0 0 0 52 90 45 1 56 74 46 1 76 68 10 1 39 60 51 1 39 77 45 1 24 66 22 1 18 27 6 1 3 35 0 1 39 66 52 1 121 148 125 1 121 144 117 1 73 112 82 1 38 64 33 1 64 72 41 1 71 60 55 1 62 93 47 1 102 96 84 1 61 105 73 1 0 0 0 0 47 46 20 1 11 48 0 1 61 34 13 1 0 0 0 0 15 49 7 1 69 85 65 1 124 135 133 1 0 31 0 1 1 3 0 1 0 15 0 1 33 33 15 1 54 88 27 1 68 71 35 1 59 72 27 1 104 110 78 1 75 122 58 1 91 108 55 1 67 89 43 1 72 77 31 1 38 58 38 1 28 27 13 1 25 47 26 1 65 82 55 1 0 0 0 0 17 32 43 1 10 22 20 1 9 60 32 1 0 33 0 1 0 31 0 1 18 36 26 1 25 39 0 1 0 39 1 1
74 77 51 1 69 66 64 1 29 61 19 1 68 90 70 1 73 140 70 1 77 95 58 1 60 85 32 1 32 55 25 1 22 37 19 1 48 49 31 1 60 56 65 1 47 51 37 1 46 69 66 1 25 30 27 1 12 32 65 1 67 91 40 1 5 39 29 1 32 64 11 1 53 61 51 1 38 63 40 1 13 58 29 1 29 26 21 1 0 12 14 1 83 90 67 1 76 120 102 1 120 118 104 1 76 91 53 1 74 100 57 1 74 101 58 1 95 95 46 1 79 124 73 1 0 0 0 0 83 96 77 1 94 86 41 1 0 0 0 0 89 107 57 1 94 89 53 1 29 30 0 1 0 0 0 0 95 76 38 1 80 101 71 1 0 1 0 1 63 45 30 1 22 47 42 1 34 68 42 1 111 122 74 1 38 52 12 1 53 67 9 1 81 100 84 1 90 78 40 1 110 93 74 1 60 53 35 1 32 52 0 1 32 71 10 1 71 84 61 1 52 107 64 1 29 80 19 1 56 58 28 1 53 97 51 1 72 84 47 1 37 67 36 1 3 54 27 1 11 50 7 1 0 0 0 0 40 50 38 1 18 33 1 1
0 0 0 0 58 67 44 1 61 77 27 1 0 0 0 0 122 130 98 1 0 0 0 0 24 39 29 1 24 12 6 1 14 17 9 1 39 39 30 1 61 89 57 1 104 107 106 1 39 78 61 1 32 44 12 1 37 64 46 1 72 86 70 1 16 62 23 1 31 70 55 1 42 81 56 1 42 67 47 1 12 32 28 1 6 43 12 1 0 34 20 1 40 89 49 1 57 71 37 1 45 75 61 1 0 0 0 0 33 65 0 1 0 0 0 0 137 141 116 1 101 131 103 1 68 109 78 1 57 73 22 1 52 43 62 1 80 83 63 1 106 110 106 1 176 199 145 1 34 57 19 1 0 0 0 0 74 55 45 1 30 45 57 1 14 0 12 1 20 70 23 1 9 49 27 1 0 0 0 0 54 66 46 1 55 63 51 1 48 71 15 1 92 97 71 1 25 56 15 1 49 62 57 1 0 0 0 0 18 44 2 1 70 81 61 1 98 118 65 1 95 107 53 1 87 102 58 1 63 106 53 1 109 113 76 1 0 0 0 0 43 74 21 1 14 25 23 1 0 25 34 1 9 50 47 1 6 46 16 1 0 14 19 1
37 76 65 1 86 104 93 1 106 123 98 1 103 130 98 1 97 94 76 1 31 45 46 1 4 3 5 1 15 39 26 1 50 79 42 1 108 111 106 1 107 83 107 1 25 61 32 1 16 7 0 1 38 68 69 1 41 60 67 1 23 67 62 1 38 77 46 1 35 43 0 1 28 64 23 1 44 86 46 1 7 4 13 1 20 0 51 1 48 69 67 1 0 0 0 0 11 23 7 1 15 52 32 1 73 111 79 1 0 52 1 1 60 55 19 1 114 156 104 1 117 135 88 1 0 0 0 0 74 93 41 1 111 77 87 1 68 93 93 1 77 84 48 1 0 0 0 0 175 188 149 1 68 101 61 1 108 114 117 1 59 48 45 1 18 0 25 1 49 41 57 1 0 0 0 0 67 73 34 1 73 78 22 1 58 27 18 1 0 0 0 0 90 85 56 1 111 107 81 1 74 79 45 1 36 82 9 1 65 66 36 1 74 109 60 1 114 100 77 1 104 96 57 1 96 110 83 1 83 115 58 1 85 76 67 1 55 108 43 1 31 64 13 1 0 0 0 0 34 50 38 1 15 54 57 1 2 51 26 1 21 33 20 1
60 85 22 1 69 95 79 1 64 68 36 1 75 53 69 1 20 47 10 1 0 8 0 1 48 91 39 1 95 82 88 1 74 113 103 1 96 120 62 1 3 61 11 1 0 43 40 1 24 63 18 1 1 39 0 1 34 62 52 1 18 55 65 1 19 37 8 1 26 66 36 1 0 0 0 0 22 66 42 1 0 11 19 1 11 13 31 1 32 71 71 1 21 32 54 1 31 60 32 1 62 109 48 1 24 79 51 1 13 61 16 1 26 64 47 1 75 115 68 1 114 117 54 1 0 0 0 0 105 92 74 1 118 132 93 1 66 68 41 1 84 122 91 1 182 173 150 1 0 0 0 0 0 0 0 0 25 37 41 1 62 69 37 1 0 28 2 1 16 16 23 1 0 0 0 0 111 141 104 1 87 99 73 1 18 66 34 1 0 0 0 0 83 110 16 1 84 101 58 1 39 56 18 1 52 75 38 1 82 94 35 1 87 95 76 1 94 111 70 1 90 135 86 1 129 168 93 1 75 119 24 1 60 93 60 1 69 97 42 1 81 103 75 1 57 48 44 1 50 60 83 1 29 77 62 1 14 60 67 1 19 42 39 1
61 76 46 1 51 73 47 1 22 21 0 1 15 24 4 1 45 54 19 1 63 112 87 1 87 125 79 1 79 113 69 1 26 34 36 1 7 33 0 1 0 31 0 1 9 22 7 1 22 63 39 1 22 65 51 1 50 85 45 1 32 72 42 1 31 60 22 1 14 26 0 1 7 32 10 1 31 43 6 1 32 84 32 1 22 69 66 1 43 87 56 1 54 81 75 1 51 112 82 1 50 103 75 1 25 45 22 1 42 76 23 1 50 92 67 1 97 80 47 1 119 112 87 1 155 183 132 1 35 65 24 1 70 83 53 1 0 0 0 0 146 144 125 1 88 93 77 1 114 149 69 1 116 131 81 1 87 123 72 1 63 83 59 1 0 36 16 1 31 53 1 1 44 72 42 1 54 102 44 1 64 57 26 1 28 65 23 1 87 120 75 1 70 93 66 1 71 69 41 1 57 63 21 1 44 51 18 1 52 69 20 1 92 105 51 1 84 67 74 1 84 105 81 1 80 114 59 1 59 93 35 1 86 99 58 1 68 104 58 1 64 119 42 1 83 113 85 1 0 0 0 0 30 56 59 1 0 4 0 1 7 16 28 1
34 21 10 1 69 84 60 1 49 99 59 1 56 90 28 1 0 0 0 0 63 77 57 1 35 78 58 1 50 97 42 1 26 53 37 1 5 42 16 1 0 0 0 0 25 63 47 1 11 50 13 1 22 26 8 1 24 66 48 1 51 61 40 1 41 54 37 1 10 33 16 1 21 62 10 1 0 0 0 0 0 36 33 1 19 24 28 1 19 39 43 1 55 90 62 1 15 53 60 1 1 53 32 1 15 46 0 1 42 56 33 1 43 67 36 1 0 0 0 0 36 80 40 1 109 111 80 1 0 0 0 0 123 128 90 1 104 88 75 1 130 139 95 1 103 107 74 1 0 0 0 0 69 103 81 1 69 95 49 1 70 73 27 1 47 69 32 1 32 67 29 1 46 105 50 1 61 75 57 1 24 41 12 1 54 77 42 1 54 85 43 1 24 51 16 1 23 59 23 1 79 60 41 1 63 121 34 1 49 60 54 1 65 92 54 1 67 71 59 1 92 105 57 1 67 117 70 1 83 122 56 1 95 104 56 1 53 96 15 1 41 81 47 1 68 110 85 1 0 0 0 0 0 0 0 0 16 38 34 1 35 32 44 1
51 77 72 1 108 106 59 1 90 103 56 1 70 81 48 1 55 104 57 1 84 73 41 1 75 82 69 1 35 63 47 1 0 67 41 1 0 50 24 1 48 80 16 1 62 94 46 1 32 69 39 1 42 63 61 1 64 82 50 1 37 57 39 1 42 70 44 1 26 74 41 1 45 74 34 1 0 0 0 0 0 0 0 1 4 21 26 1 36 54 52 1 22 70 22 1 1 32 20 1 16 24 0 1 13 61 41 1 38 62 18 1 19 64 47 1 20 42 7 1 10 38 15 1 20 55 60 1 27 61 54 1 69 95 51 1 86 77 75 1 102 125 87 1 77 74 53 1 103 109 58 1 123 108 63 1 83 95 59 1 61 102 58 1 69 84 55 1 66 67 28 1 48 40 23 1 37 94 41 1 49 106 55 1 83 126 86 1 74 79 61 1 48 79 42 1 57 64 45 1 74 94 63 1 113 112 61 1 69 81 45 1 69 79 79 1 83 108 37 1 62 79 63 1 60 115 36 1 43 83 37 1 84 89 55 1 77 81 84 1 73 107 74 1 89 112 73 1 40 87 28 1 6 63 16 1 4 25 8 1 0 0 0 0
81 94 63 1 105 124 69 1 0 0 0 0 69 74 59 1 81 109 69 1 110 86 77 1 77 58 49 1 33 68 42 1 11 41 43 1 15 57 45 1 39 49 40 1 50 93 27 1 86 81 72 1 77 90 59 1 47 63 28 1 12 38 36 1 62 46 38 1 45 60 54 1 0 0 0 0 22 34 33 1 19 58 28 1 9 27 33 1 18 32 47 1 0 21 2 1 35 66 58 1 59 60 35 1 24 49 44 1 37 98 63 1 15 47 42 1 15 52 52 1 0 0 0 0 0 60 3 1 0 0 0 0 19 38 23 1 91 61 69 1 138 172 125 1 148 111 95 1 119 146 104 1 0 0 0 0 71 66 63 1 0 0 0 0 102 110 40 1 75 108 57 1 71 98 69 1 91 117 37 1 75 104 29 1 28 67 47 1 0 0 0 0 24 47 59 1 56 63 28 1 95 95 69 1 105 123 100 1 71 107 56 1 55 94 61 1 55 109 48 1 61 78 45 1 8 55 3 1 6 28 2 1 50 77 45 1 95 93 53 1 62 71 58 1 72 89 75 1 26 68 24 1 63 58 48 1 61 81 41 1 53 108 31 1
88 87 56 1 81 117 57 1 82 78 60 1 99 108 50 1 97 132 58 1 0 0 0 0 0 30 0 1 29 55 40 1 37 59 84 1 75 84 62 1 94 129 99 1 31 44 18 1 0 0 0 0 46 73 41 1 34 42 43 1 0 0 0 0 29 53 45 1 74 67 36 1 49 69 44 1 0 0 0 0 71 54 66 1 0 30 0 1 0 0 0 0 0 13 13 1 22 26 47 1 14 41 28 1 16 50 15 1 49 61 55 1 38 48 24 1 25 42 37 1 25 42 28 1 34 60 51 1 79 78 76 1 38 42 23 1 47 95 57 1 139 156 129 1 57 83 48 1 71 80 37 1 68 97 73 1 80 122 81 1 77 119 60 1 57 110 55 1 58 78 27 1 63 73 3 1 49 78 47 1 39 60 15 1 45 76 51 1 30 100 44 1 54 86 59 1 44 95 56 1 73 91 63 1 74 77 57 1 68 94 43 1 40 46 29 1 48 64 37 1 59 91 33 1 49 67 45 1 39 82 64 1 58 116 71 1 0 0 0 0 0 0 0 0 60 34 27 1 0 0 0 0 12 50 12 1 61 94 63 1 79 86 24 1
36 62 12 1 111 105 72 1 0 0 0 0 77 115 75 1 88 101 87 1 71 85 55 1 28 48 22 1 42 102 51 1 57 99 64 1 67 82 43 1 62 85 68 1 51 35 0 1 75 78 33 1 57 85 42 1 83 86 53 1 59 60 71 1 84 92 47 1 67 96 67 1 80 88 53 1 37 73 49 1 8 30 13 1 19 46 26 1 31 68 30 1 0 0 0 0 27 53 30 1 35 63 35 1 12 59 46 1 14 24 31 1 41 89 36 1 2 39 22 1 42 60 34 1 0 0 0 0 16 30 41 1 0 43 25 1 71 75 15 1 39 80 56 1 64 117 60 1 59 64 47 1 83 61 51 1 0 0 0 0 68 80 31 1 60 77 54 1 74 72 39 1 72 95 79 1 54 78 34 1 23 47 18 1 62 65 36 1 74 75 24 1 48 63 43 1 32 51 17 1 44 66 44 1 32 60 33 1 18 50 31 1 44 77 34 1 38 82 29 1 35 83 44 1 75 56 64 1 64 89 57 1 32 80 45 1 38 22 30 1 33 45 36 1 10 49 44 1 47 64 23 1 72 90 64 1 76 96 63 1 72 94 54 1
60 75 29 1 109 137 90 1 76 127 55 1 51 70 50 1 83 90 76 1 63 96 43 1 11 27 0 1 11 53 18 1 71 91 93 1 114 87 75 1 33 65 10 1 45 43 28 1 74 88 39 1 0 0 0 0 49 109 41 1 77 85 22 1 33 63 32 1 105 145 92 1 88 115 106 1 56 51 68 1 47 55 41 1 23 53 47 1 20 54 18 1 0 35 11 1 6 28 38 1 48 68 44 1 26 47 60 1 51 68 50 1 38 57 42 1 37 74 50 1 17 71 40 1 7 39 0 1 54 67 18 1 41 110 68 1 42 108 83 1 51 96 58 1 21 59 42 1 67 77 61 1 49 72 43 1 23 58 41 1 33 102 22 1 43 83 34 1 62 84 65 1 66 100 62 1 32 43 5 1 20 66 79 1 0 0 0 0 12 51 0 1 21 47 6 1 36 63 26 1 16 56 44 1 13 57 75 1 36 48 27 1 0 0 0 0 46 55 44 1 25 41 29 1 79 87 51 1 90 114 72 1 62 96 42 1 29 62 43 1 49 77 31 1 54 70 66 1 19 80 5 1 32 65 38 1 63 100 53 1 0 0 0 0
59 76 48 1 63 94 67 1 76 117 57 1 98 99 78 1 83 102 79 1 49 68 61 1 49 63 33 1 25 47 26 1 23 33 33 1 0 37 6 1 40 54 40 1 37 52 29 1 71 103 62 1 46 74 39 1 62 76 33 1 53 83 32 1 42 71 66 1 57 94 36 1 61 56 29 1 44 87 68 1 56 80 68 1 31 58 11 1 0 23 7 1 25 81 30 1 0 0 0 0 30 54 23 1 19 32 25 1 5 17 15 1 29 87 28 1 64 104 44 1 27 45 18 1 14 49 12 1 16 97 58 1 53 82 55 1 51 58 51 1 0 0 0 0 10 47 24 1 22 59 39 1 24 43 29 1 10 62 28 1 20 39 12 1 0 0 0 0 88 93 60 1 56 88 47 1 33 67 13 1 15 59 36 1 29 58 41 1 50 82 35 1 54 74 53 1 67 82 53 1 47 69 44 1 8 58 0 1 0 0 0 0 10 54 41 1 7 46 14 1 0 37 17 1 14 40 14 1 83 86 94 1 53 72 41 1 46 71 38 1 37 71 7 1 19 50 23 1 47 84 40 1 0 0 0 0 26 88 31 1 72 114 60 1
54 71 58 1 76 113 94 1 118 113 74 1 69 103 83 1 44 72 42 1 73 91 80 1 93 110 81 1 75 58 71 1 54 48 40 1 0 0 0 0 27 47 65 1 38 86 38 1 0 0 0 0 1 45 13 1 72 68 28 1 0 0 0 0 0 0 0 0 55 76 28 1 52 37 41 1 95 102 65 1 54 103 63 1 41 67 44 1 0 0 0 0 0 33 0 1 0 42 13 1 59 44 44 1 21 66 25 1 29 40 36 1 2 31 19 1 18 65 25 1 31 58 32 1 53 83 68 1 52 94 63 1 81 91 76 1 72 87 47 1 41 79 21 1 49 77 78 1 0 13 14 1 7 29 0 1 84 72 64 1 48 87 42 1 33 68 27 1 0 0 0 0 59 58 53 1 59 83 55 1 23 61 47 1 65 75 59 1 39 60 25 1 45 79 45 1 77 109 81 1 73 94 75 1 41 54 42 1 43 42 61 1 53 70 0 1 71 85 41 1 0 0 0 0 19 23 0 1 55 69 19 1 61 88 61 1 74 105 63 1 12 56 35 1 0 46 0 1 0 55 10 1 19 35 12 1 31 27 50 1 51 74 59 1
50 68 43 1 28 46 58 1 27 61 2 1 42 72 48 1 24 16 15 1 0 28 3 1 60 65 52 1 37 59 17 1 0 0 0 0 16 74 41 1 28 59 33 1 0 64 28 1 11 28 0 1 0 0 0 0 45 68 47 1 90 80 39 1 68 74 74 1 48 52 39 1 13 40 13 1 0 0 0 0 55 59 24 1 0 0 0 0 27 40 33 1 2 45 41 1 23 48 31 1 0 34 0 1 33 60 15 1 64 81 62 1 48 47 37 1 27 101 23 1 7 39 14 1 0 45 16 1 54 105 80 1 100 150 100 1 108 110 92 1 57 94 29 1 47 84 56 1 28 58 33 1 34 47 5 1 48 92 57 1 72 99 47 1 57 80 33 1 55 70 52 1 46 96 60 1 103 115 78 1 0 0 0 0 75 79 63 1 62 80 61 1 53 93 61 1 10 54 27 1 50 86 53 1 59 75 43 1 21 68 41 1 0 0 0 0 62 75 40 1 100 102 103 1 104 122 92 1 0 0 0 0 0 0 0 0 69 107 48 1 84 115 73 1 81 88 78 1 44 62 20 1 0 5 3 1 52 67 39 1 81 96 110 1
0 8 0 1 11 19 0 1 44 46 30 1 0 0 0 0 0 29 12 1 6 6 40 1 39 47 52 1 9 46 33 1 38 44 35 1 21 61 44 1 58 66 56 1 49 66 75 1 37 53 33 1 44 80 79 1 73 92 79 1 79 95 74 1 55 80 44 1 78 75 60 1 55 22 19 1 17 50 14 1 4 13 16 1 47 48 43 1 0 0 0 0 0 27 0 1 18 34 44 1 0 35 31 1 19 99 65 1 87 111 105 1 37 43 16 1 0 0 0 0 11 22 21 1 27 70 35 1 51 82 57 1 52 56 27 1 26 76 19 1 37 87 61 1 0 22 6 1 61 77 48 1 0 0 0 0 25 72 33 1 0 0 0 0 72 87 48 1 35 85 44 1 89 105 73 1 84 82 88 1 37 79 60 1 43 83 34 1 21 40 20 1 0 17 0 1 25 60 23 1 23 54 8 1 9 66 18 1 25 57 18 1 80 105 40 1 0 0 0 0 64 88 71 1 57 77 59 1 52 80 46 1 82 91 65 1 84 100 47 1 107 104 64 1 44 61 34 1 52 74 54 1 0 34 28 1 59 72 67 1 76 104 101 1
10 35 15 1 38 56 11 1 38 65 24 1 0 0 0 0 17 57 34 1 8 30 43 1 26 51 23 1 0 0 0 0 48 95 59 1 62 78 77 1 101 112 88 1 51 68 32 1 39 41 0 1 83 94 74 1 28 75 73 1 50 54 91 1 67 61 78 1 15 59 39 1 15 33 0 1 60 65 48 1 16 45 21 1 53 68 62 1 34 69 24 1 48 74 63 1 43 53 41 1 0 0 0 0 0 0 0 0 80 108 79 1 71 63 42 1 0 0 0 0 50 76 32 1 96 116 84 1 76 87 60 1 46 73 86 1 49 81 50 1 31 43 35 1 43 56 63 1 53 85 19 1 62 104 64 1 34 92 34 1 46 85 35 1 26 71 42 1 56 90 45 1 56 119 82 1 34 33 42 1 86 138 97 1 90 135 120 1 19 92 7 1 7 92 25 1 33 70 33 1 28 53 30 1 25 59 39 1 37 74 51 1 47 73 50 1 24 40 12 1 16 74 39 1 38 53 20 1 53 51 39 1 0 0 0 0 54 78 46 1 44 55 29 1 64 84 52 1 37 76 90 1 0 0 0 0 15 35 35 1 0 0 0 0
65 94 56 1 20 38 27 1 19 47 35 1 29 52 32 1 0 27 8 1 0 27 40 1 30 65 27 1 2 37 42 1 18 45 36 1 50 90 56 1 23 48 40 1 41 43 28 1 0 38 34 1 20 49 44 1 0 32 18 1 27 25 5 1 40 45 42 1 49 76 31 1 0 28 24 1 8 29 0 1 61 84 50 1 77 55 63 1 76 116 61 1 96 133 105 1 51 71 20 1 16 51 0 1 21 63 44 1 60 69 61 1 50 72 16 1 57 89 36 1 0 0 0 0 0 0 0 0 27 76 56 1 34 67 6 1 18 33 0 1 51 99 46 1 63 114 65 1 41 86 50 1 71 77 30 1 0 0 0 0 35 43 34 1 10 63 27 1 22 70 24 1 30 76 57 1 63 107 77 1 42 67 31 1 59 113 47 1 47 92 39 1 60 86 71 1 18 69 7 1 53 111 59 1 68 101 93 1 41 61 46 1 22 68 33 1 47 32 33 1 14 41 39 1 28 51 45 1 56 43 59 1 18 49 17 1 48 60 31 1 0 0 0 0 0 0 0 0 60 88 105 1 5 27 0 1 0 40 19 1 0 34 22 1
34 55 27 1 0 27 6 1 25 50 46 1 24 39 62 1 21 25 15 1 30 45 25 1 22 24 11 1 16 49 20 1 0 0 0 0 15 28 9 1 46 101 64 1 57 61 51 1 48 53 30 1 0 0 0 0 30 50 41 1 25 55 16 1 2 32 19 1 41 60 54 1 60 81 42 1 46 60 37 1 18 46 2 1 30 44 35 1 61 84 40 1 67 103 56 1 74 95 19 1 0 0 0 0 55 85 41 1 26 37 19 1 23 56 25 1 36 78 50 1 65 70 81 1 70 94 61 1 65 77 67 1 85 83 65 1 61 88 37 1 61 72 65 1 0 0 0 0 45 72 60 1 83 100 85 1 38 58 55 1 35 95 45 1 1 45 59 1 24 59 26 1 58 74 64 1 12 35 28 1 9 55 27 1 0 0 0 0 54 64 69 1 41 85 42 1 31 94 63 1 0 0 0 0 36 61 43 1 0 0 0 0 0 0 0 0 42 78 44 1 0 6 38 1 8 25 36 1 2 26 13 1 2 13 11 1 4 6 1 1 7 59 0 1 40 50 51 1 0 0 0 0 0 2 25 1 40 48 58 1 0 22 0 1
16 42 1 1 18 10 8 1 34 33 47 1 37 48 52 1 24 19 49 1 2 32 44 1 10 38 23 1 40 85 37 1 70 55 29 1 0 21 27 1 64 91 60 1 85 59 66 1 59 77 29 1 1 5 5 1 20 65 34 1 23 21 14 1 25 50 13 1 60 60 31 1 88 81 75 1 81 85 57 1 37 63 30 1 59 69 55 1 78 71 45 1 76 79 67 1 61 104 49 1 63 45 29 1 51 38 1 1 37 55 30 1 36 44 43 1 66 61 69 1 65 114 84 1 52 73 53 1 61 74 46 1 71 92 100 1 52 71 58 1 68 68 53 1 75 100 64 1 46 85 57 1 72 127 49 1 0 0 0 0 61 84 78 1 38 76 41 1 43 77 49 1 0 0 0 0 5 18 2 1 21 63 12 1 62 74 35 1 54 62 38 1 54 90 65 1 33 88 75 1 71 104 75 1 55 85 59 1 9 30 25 1 7 37 25 1 5 39 44 1 0 41 23 1 0 14 8 1 0 34 21 1 7 52 38 1 49 49 52 1 86 120 93 1 0 0 0 0 85 113 92 1 94 79 68 1 36 38 52 1 25 73 70 1
52 69 41 1 25 37 49 1 0 24 18 1 0 16 0 1 28 52 51 1 0 31 18 1 0 37 0 1 33 41 22 1 61 84 66 1 0 0 0 0 45 62 71 1 33 80 43 1 54 65 37 1 32 50 36 1 38 28 33 1 16 23 0 1 0 31 13 1 0 0 0 0 53 62 55 1 53 86 50 1 86 102 63 1 102 98 46 1 64 70 29 1 82 89 56 1 79 85 87 1 61 64 47 1 59 80 64 1 77 114 82 1 54 84 78 1 75 102 56 1 44 107 63 1 66 90 48 1 50 91 68 1 0 0 0 0 52 76 48 1 77 86 68 1 0 0 0 0 73 117 61 1 68 90 96 1 90 89 47 1 58 94 67 1 0 56 48 1 10 13 16 1 0 5 11 1 3 35 11 1 0 0 0 0 17 116 75 1 51 86 64 1 25 66 35 1 40 86 44 1 39 78 69 1 45 72 40 1 0 0 0 0 0 4 21 1 21 29 32 1 0 20 26 1 0 0 0 0 0 1 0 1 4 41 23 1 38 72 80 1 82 80 78 1 91 101 121 1 42 94 68 1 47 48 41 1 0 0 12 1 53 55 16 1
50 80 51 1 41 66 52 1 22 28 28 1 9 36 34 1 14 35 27 1 20 41 0 1 11 62 21 1 90 94 78 1 120 101 103 1 67 111 50 1 97 77 55 1 46 83 56 1 21 51 26 1 19 32 31 1 0 45 26 1 0 40 25 1 18 38 0 1 37 102 72 1 49 121 73 1 44 73 57 1 101 105 66 1 80 71 52 1 119 98 72 1 0 0 0 0 70 102 38 1 65 70 33 1 102 111 68 1 64 96 26 1 0 0 0 0 49 78 65 1 62 93 64 1 0 0 0 0 53 95 58 1 52 88 46 1 70 105 53 1 82 94 69 1 90 101 87 1 6 57 3 1 67 87 73 1 115 142 101 1 85 99 88 1 22 67 45 1 55 68 57 1 8 28 25 1 0 19 34 1 16 17 19 1 6 29 0 1 23 64 29 1 15 33 23 1 39 67 30 1 34 64 40 1 41 57 0 1 6 63 33 1 49 57 54 1 35 60 71 1 7 34 26 1 40 59 52 1 8 10 5 1 20 63 48 1 84 82 96 1 105 81 55 1 48 81 41 1 0 36 20 1 36 47 29 1 15 39 12 1 90 90 68 1
69 55 60 1 71 78 82 1 70 62 48 1 34 55 32 1 0 24 0 1 32 24 7 1 52 56 48 1 0 0 0 0 86 124 89 1 57 82 83 1 49 58 40 1 60 81 54 1 60 71 38 1 40 75 21 1 53 64 40 1 11 65 2 1 32 34 0 1 19 55 47 1 94 91 84 1 44 93 74 1 72 95 66 1 76 70 28 1 0 0 0 0 77 97 68 1 57 60 48 1 33 42 9 1 56 60 55 1 38 56 11 1 36 54 24 1 58 79 59 1 59 85 66 1 75 99 83 1 63 108 54 1 43 78 33 1 81 105 81 1 87 79 64 1 0 0 0 0 25 40 16 1 29 60 53 1 73 97 81 1 83 99 76 1 0 0 0 0 6 52 49 1 5 16 39 1 2 0 0 1 39 40 29 1 0 72 34 1 11 57 26 1 43 97 54 1 36 68 41 1 27 69 30 1 24 43 16 1 79 102 69 1 57 83 63 1 33 62 56 1 0 43 37 1 37 48 60 1 8 57 31 1 26 31 20 1 66 91 46 1 79 80 51 1 0 0 0 0 0 1 5 1 2 0 1 1 0 0 0 0 0 0 0 0
91 108 89 1 69 105 79 1 66 87 72 1 89 84 70 1 81 62 71 1 0 0 0 0 0 0 0 0 54 130 72 1 67 99 43 1 38 79 35 1 20 69 21 1 84 91 57 1 72 69 73 1 53 70 77 1 0 0 0 0 49 74 52 1 37 58 2 1 17 34 20 1 66 82 59 1 64 88 75 1 33 74 45 1 55 56 48 1 48 55 51 1 55 89 45 1 50 51 43 1 98 99 71 1 101 115 83 1 45 86 31 1 39 69 39 1 71 100 65 1 74 97 71 1 96 120 68 1 44 111 82 1 32 65 46 1 63 80 37 1 25 55 44 1 57 103 49 1 27 44 14 1 59 56 56 1 52 93 56 1 81 101 72 1 54 82 70 1 20 28 17 1 0 27 19 1 43 80 40 1 77 119 140 1 52 69 36 1 40 29 41 1 4 53 30 1 35 85 53 1 46 53 28 1 64 79 43 1 0 0 0 0 24 82 35 1 0 0 0 0 44 24 49 1 33 67 60 1 0 0 0 0 60 61 81 1 39 64 49 1 29 60 7 1 45 67 36 1 58 73 46 1 57 101 54 1 80 88 49 1 78 110 68 1
59 61 39 1 0 0 0 0 100 115 62 1 75 96 69 1 55 93 70 1 55 68 48 1 74 100 32 1 84 114 73 1 67 75 51 1 30 63 23 1 46 40 31 1 35 75 23 1 91 82 70 1 0 0 0 0 77 75 46 1 41 84 45 1 54 63 33 1 49 62 41 1 43 73 50 1 0 0 0 0 53 52 45 1 64 86 52 1 0 0 0 0 85 92 82 1 86 116 61 1 112 123 100 1 113 98 62 1 103 120 98 1 108 116 106 1 73 98 54 1 82 92 66 1 0 0 0 0 48 84 66 1 0 0 0 0 35 42 38 1 21 31 11 1 41 39 2 1 0 0 0 0 38 56 47 1 52 66 49 1 0 0 0 0 56 38 54 1 79 88 71 1 59 102 63 1 100 116 88 1 86 103 99 1 21 28 29 1 22 56 34 1 44 95 38 1 0 0 0 0 40 63 7 1 51 68 48 1 0 0 0 0 37 89 47 1 32 43 31 1 29 22 36 1 45 51 37 1 15 30 15 1 54 79 44 1 106 94 66 1 78 116 56 1 59 80 43 1 67 98 75 1 87 127 78 1 76 110 85 1 64 86 46 1
87 95 39 1 83 84 38 1 94 68 59 1 75 108 55 1 86 116 42 1 0 0 0 0 0 0 0 0 73 76 28 1 58 79 51 1 19 69 10 1 51 56 48 1 21 33 16 1 43 71 8 1 57 92 53 1 62 97 50 1 0 0 0 0 43 99 61 1 59 77 62 1 48 95 77 1 92 112 82 1 76 80 71 1 40 71 46 1 110 104 82 1 95 128 56 1 99 130 106 1 0 0 0 0 100 133 104 1 119 117 135 1 75 79 56 1 0 0 0 0 68 106 88 1 93 97 81 1 14 46 44 1 14 5 47 1 34 73 34 1 27 91 38 1 0 0 0 0 51 90 20 1 17 21 19 1 92 107 87 1 67 74 62 1 33 55 32 1 55 65 59 1 40 48 37 1 66 74 58 1 0 0 0 0 24 30 37 1 28 71 43 1 7 32 4 1 0 0 0 0 0 0 0 0 0 0 0 0 55 69 71 1 65 86 79 1 73 84 50 1 45 33 23 1 35 62 33 1 142 144 74 1 148 165 125 1 116 130 86 1 124 130 89 1 72 109 65 1 73 93 78 1 0 0 0 0 99 105 84 1 42 83 51 1
53 83 28 1 77 112 53 1 0 0 0 0 52 81 45 1 50 111 56 1 0 0 0 0 30 51 19 1 28 54 14 1 61 89 30 1 39 82 49 1 54 66 20 1 4 30 6 1 0 0 0 0 0 0 0 0 60 84 58 1 44 93 56 1 58 73 34 1 66 119 42 1 0 0 0 0 0 0 0 0 58 107 39 1 0 0 0 0 79 78 85 1 88 105 79 1 102 124 93 1 89 85 74 1 111 119 83 1 58 121 65 1 91 138 115 1 0 0 0 0 49 58 60 1 80 70 62 1 29 66 52 1 55 46 56 1 83 124 97 1 54 91 74 1 63 92 66 1 0 0 0 0 86 111 110 1 94 102 79 1 92 83 78 1 48 56 45 1 46 66 68 1 64 109 61 1 67 78 57 1 43 92 47 1 53 54 58 1 0 0 0 0 63 82 37 1 41 72 35 1 46 85 50 1 61 100 64 1 48 89 81 1 76 104 76 1 47 50 38 1 12 25 21 1 94 117 62 1 174 183 135 1 113 121 85 1 82 111 57 1 160 141 131 1 114 127 115 1 124 131 84 1 61 81 76 1 0 0 0 0 27 71 36 1
19 39 44 1 36 54 46 1 56 61 37 1 28 38 34 1 67 90 44 1 60 56 48 1 53 85 42 1 0 0 0 0 87 92 40 1 76 65 60 1 36 50 12 1 30 51 8 1 72 80 33 1 0 0 0 0 67 78 43 1 84 96 60 1 57 92 43 1 54 112 74 1 92 99 73 1 65 105 48 1 67 83 53 1 72 64 23 1 51 99 54 1 104 124 68 1 93 97 71 1 53 76 62 1 83 73 56 1 107 114 95 1 123 138 132 1 57 57 66 1 14 58 63 1 0 0 0 0 20 57 56 1 0 0 0 0 92 102 132 1 36 31 43 1 25 63 39 1 95 120 91 1 144 193 159 1 80 139 123 1 0 0 0 0 69 91 63 1 35 55 33 1 55 78 43 1 71 89 39 1 79 69 88 1 52 83 44 1 43 41 20 1 97 118 97 1 0 0 0 0 89 102 70 1 69 101 49 1 61 91 65 1 37 44 21 1 27 38 37 1 82 113 88 1 177 202 143 1 125 129 61 1 127 133 80 1 104 151 89 1 87 102 66 1 96 106 72 1 89 93 51 1 85 81 75 1 104 103 74 1 53 88 55 1
0 27 28 1 30 14 10 1 0 0 0 0 12 0 0 1 31 77 46 1 69 82 48 1 0 0 0 0 75 111 60 1 0 0 0 0 110 116 92 1 98 101 50 1 57 113 39 1 66 105 56 1 46 60 24 1 31 58 6 1 30 54 17 1 31 69 19 1 27 53 32 1 61 86 47 1 40 76 47 1 64 89 47 1 0 0 0 0 73 91 58 1 76 108 90 1 73 81 65 1 114 136 130 1 60 73 60 1 100 117 107 1 81 106 119 1 37 59 37 1 79 96 76 1 59 46 80 1 43 63 58 1 111 97 121 1 0 0 0 0 45 92 84 1 123 147 117 1 172 241 156 1 0 0 0 0 61 61 77 1 105 98 78 1 63 73 63 1 81 74 50 1 59 82 51 1 80 69 49 1 96 90 68 1 45 42 39 1 63 36 15 1 109 122 104 1 99 124 81 1 47 49 55 1 30 52 43 1 55 44 34 1 0 0 0 0 87 122 55 1 0 0 0 0 108 136 59 1 80 101 34 1 70 106 35 1 79 100 75 1 57 65 46 1 35 59 24 1 78 67 29 1 3 56 24 1 36 70 41 1 42 68 24 1
0 32 0 1 0 0 0 0 82 90 48 1 0 0 0 0 0 0 0 0 63 104 50 1 42 91 62 1 68 99 68 1 0 0 0 0 0 0 0 0 68 103 73 1 82 88 53 1 45 80 43 1 0 0 0 0 0 0 0 0 0 0 0 0 56 92 49 1 25 82 70 1 55 73 47 1 73 105 77 1 68 77 44 1 51 52 38 1 58 58 36 1 32 75 65 1 56 80 38 1 82 120 97 1 94 121 105 1 118 151 149 1 112 125 133 1 55 70 91 1 95 115 97 1 64 57 60 1 68 111 96 1 0 0 0 0 61 72 62 1 189 211 189 1 174 188 182 1 72 97 49 1 69 50 58 1 70 111 96 1 71 82 35 1 33 80 75 1 73 84 46 1 37 78 67 1 123 125 79 1 128 144 122 1 119 126 82 1 0 0 0 0 83 121 71 1 83 91 45 1 41 57 35 1 58 95 85 1 71 78 72 1 48 69 42 1 71 82 45 1 0 0 0 0 54 80 8 1 43 71 0 1 87 110 51 1 101 115 78 1 49 57 37 1 54 66 77 1 68 110 77 1 45 112 83 1 0 0 0 0 56 70 60 1
49 59 46 1 49 82 10 1 11 27 0 1 69 95 66 1 87 107 71 1 69 68 38 1 76 109 56 1 94 90 62 1 85 86 28 1 49 70 49 1 51 87 20 1 79 103 46 1 13 46 5 1 10 48 36 1 0 0 0 0 0 0 0 0 58 69 51 1 88 100 87 1 94 153 102 1 91 93 73 1 77 117 82 1 48 52 0 1 25 34 26 1 37 59 54 1 116 97 95 1 116 106 90 1 0 0 0 0 77 98 57 1 68 91 88 1 0 0 0 0 82 61 91 1 80 101 96 1 74 64 50 1 0 0 0 0 0 0 0 0 184 177 162 1 70 105 102 1 72 79 45 1 0 0 0 0 66 45 42 1 70 72 66 1 99 85 60 1 75 72 66 1 124 113 102 1 182 189 145 1 186 180 165 1 133 135 89 1 98 97 69 1 102 119 88 1 119 138 116 1 32 72 27 1 74 90 72 1 138 170 155 1 45 80 70 1 24 27 25 1 107 118 56 1 118 140 84 1 0 0 0 0 108 104 77 1 106 137 61 1 60 66 47 1 59 78 57 1 94 91 63 1 63 69 67 1 35 84 26 1 57 73 44 1
61 74 46 1 0 0 0 0 16 31 21 1 69 81 60 1 70 102 72 1 89 104 83 1 108 105 81 1 76 109 44 1 39 91 41 1 36 54 8 1 47 61 53 1 86 88 78 1 81 84 101 1 62 119 76 1 78 105 71 1 0 0 0 0 86 109 116 1 112 114 84 1 88 108 108 1 115 138 158 1 88 118 72 1 52 56 44 1 29 28 21 1 12 52 61 1 67 99 67 1 0 0 0 0 39 49 35 1 83 77 72 1 58 71 32 1 51 70 43 1 105 89 97 1 39 72 51 1 89 101 62 1 0 0 0 0 216 205 188 1 114 96 81 1 79 99 65 1 58 67 59 1 68 82 58 1 73 85 46 1 100 73 58 1 106 99 63 1 109 128 93 1 159 180 119 1 196 141 107 1 168 118 107 1 157 129 118 1 145 147 75 1 149 143 132 1 1 40 41 1 50 93 49 1 113 139 122 1 113 118 109 1 34 38 35 1 0 0 0 0 155 179 123 1 0 0 0 0 78 45 20 1 73 68 31 1 68 55 24 1 43 24 14 1 43 71 59 1 87 106 70 1 61 87 57 1 46 48 0 1 0 0 0 0
24 50 44 1 33 47 24 1 31 74 44 1 60 64 50 1 63 102 76 1 102 129 97 1 63 72 71 1 77 88 53 1 64 70 30 1 38 41 13 1 71 78 67 1 98 109 91 1 74 106 107 1 0 0 0 0 71 112 85 1 43 73 75 1 56 78 68 1 88 115 86 1 73 81 63 1 37 82 16 1 58 54 43 1 61 91 56 1 0 0 0 0 51 89 49 1 58 74 78 1 103 117 60 1 80 113 91 1 96 104 107 1 144 126 122 1 112 99 109 1 87 108 75 1 65 79 42 1 113 89 67 1 0 0 0 0 190 190 168 1 103 112 85 1 116 138 95 1 111 116 117 1 87 122 96 1 87 80 55 1 112 101 70 1 139 155 118 1 132 146 112 1 143 119 93 1 98 103 63 1 110 99 77 1 139 105 92 1 114 134 94 1 79 96 63 1 0 0 0 0 107 88 83 1 61 77 59 1 25 33 6 1 67 81 77 1 160 186 169 1 125 151 98 1 117 107 86 1 111 94 61 1 91 98 76 1 111 83 52 1 98 125 83 1 109 134 101 1 147 170 125 1 70 109 56 1 67 90 14 1 124 151 98 1
51 103 31 1 0 0 0 0 0 0 0 0 64 105 61 1 0 0 0 0 61 98 58 1 43 92 53 1 40 61 44 1 75 66 58 1 56 57 56 1 70 60 38 1 84 80 89 1 90 111 98 1 0 0 0 0 42 70 57 1 56 69 55 1 66 53 57 1 15 59 40 1 50 35 43 1 40 45 56 1 0 0 0 0 67 51 25 1 117 122 92 1 114 108 54 1 114 100 83 1 165 147 136 1 182 172 168 1 150 174 144 1 185 181 148 1 168 171 147 1 154 162 135 1 187 147 136 1 158 154 113 1 125 154 101 1 144 123 111 1 122 99 77 1 84 71 58 1 0 0 0 0 0 0 0 0 95 94 58 1 123 128 105 1 154 147 99 1 118 86 56 1 0 0 0 0 138 136 78 1 127 112 86 1 129 112 60 1 116 120 73 1 124 132 81 1 50 64 24 1 56 30 12 1 61 76 28 1 168 174 173 1 0 0 0 0 151 178 130 1 178 161 126 1 131 143 115 1 147 162 87 1 128 92 56 1 104 114 83 1 0 0 0 0 102 113 92 1 42 30 23 1 44 64 25 1 62 90 45 1 138 130 78 1
0 0 0 0 63 80 56 1 22 79 52 1 77 95 47 1 66 91 55 1 55 77 67 1 81 107 85 1 82 81 70 1 78 80 54 1 0 0 0 0 83 92 37 1 87 101 106 1 0 0 0 0 82 109 68 1 37 73 66 1 57 74 88 1 46 91 41 1 32 58 49 1 69 68 20 1 22 42 3 1 113 95 78 1 180 152 108 1 98 93 58 1 160 148 127 1 163 132 101 1 188 174 152 1 169 193 153 1 176 155 109 1 177 185 167 1 150 173 98 1 135 136 103 1 168 156 122 1 186 190 148 1 142 148 116 1 178 164 118 1 98 120 87 1 108 131 94 1 109 114 64 1 0 0 0 0 147 162 95 1 197 187 170 1 0 0 0 0 170 131 78 1 145 163 92 1 149 147 82 1 79 90 29 1 66 95 25 1 86 108 66 1 99 109 27 1 85 110 63 1 128 125 104 1 182 194 137 1 244 241 216 1 0 0 0 0 0 0 0 0 101 99 71 1 111 80 33 1 77 96 30 1 103 95 30 1 77 122 79 1 0 0 0 0 34 52 4 1 58 56 49 1 156 163 109 1 214 168 161 1 176 159 107 1
27 90 31 1 53 69 36 1 75 96 21 1 83 118 44 1 65 101 52 1 67 76 41 1 0 0 0 0 102 87 49 1 120 129 103 1 97 116 68 1 89 137 90 1 0 0 0 0 83 103 93 1 59 90 49 1 4 64 53 1 33 57 44 1 30 62 19 1 0 0 0 0 50 62 38 1 112 143 100 1 133 152 96 1 156 166 93 1 178 155 120 1 153 142 119 1 155 131 90 1 158 153 115 1 137 127 111 1 158 132 96 1 136 152 92 1 0 0 0 0 123 169 90 1 0 0 0 0 212 203 168 1 165 159 116 1 216 198 163 1 209 193 158 1 179 184 152 1 158 134 104 1 146 153 104 1 167 157 125 1 196 168 134 1 177 171 144 1 176 180 115 1 0 0 0 0 131 121 83 1 112 127 82 1 136 113 78 1 134 137 128 1 0 0 0 0 190 186 168 1 167 168 100 1 208 205 159 1 144 135 121 1 120 114 89 1 196 127 113 1 76 68 18 1 64 42 11 1 62 73 21 1 110 110 44 1 142 153 138 1 164 173 122 1 0 0 0 0 238 231 235 1 227 221 169 1 213 200 173 1 234 233 205 1
28 62 33 1 48 94 54 1 64 119 59 1 58 103 43 1 43 69 30 1 18 55 41 1 10 46 33 1 109 81 84 1 0 0 0 0 108 120 86 1 98 112 71 1 59 75 53 1 27 30 1 1 34 41 18 1 21 54 38 1 47 66 47 1 78 111 64 1 114 118 86 1 199 226 160 1 188 183 144 1 138 109 72 1 136 120 84 1 124 131 80 1 0 0 0 0 159 139 57 1 155 165 104 1 133 130 56 1 170 166 96 1 146 163 87 1 109 88 85 1 118 115 65 1 111 104 63 1 216 180 140 1 126 114 87 1 176 147 104 1 185 163 120 1 151 150 113 1 0 0 0 0 183 184 114 1 210 227 167 1 205 150 161 1 168 154 103 1 145 136 90 1 138 126 93 1 107 119 79 1 169 170 107 1 163 165 106 1 139 153 88 1 164 152 107 1 183 209 146 1 208 188 126 1 173 195 156 1 196 165 150 1 123 119 124 1 152 127 82 1 195 189 126 1 223 219 150 1 165 170 138 1 181 183 138 1 156 163 103 1 176 148 115 1 114 138 85 1 148 168 92 1 183 160 116 1 189 201 151 1 205 195 144 1
56 86 50 1 62 74 59 1 59 85 56 1 50 76 73 1 42 74 40 1 0 0 0 0 0 0 0 0 67 72 23 1 89 105 95 1 85 93 100 1 40 58 29 1 0 60 6 1 46 54 9 1 6 32 9 1 0 0 0 0 158 145 126 1 189 191 153 1 177 183 158 1 0 0 0 0 164 172 125 1 172 175 114 1 149 164 83 1 141 163 91 1 139 145 73 1 151 141 78 1 156 145 77 1 146 135 72 1 104 106 84 1 119 127 41 1 109 116 25 1 69 68 23 1 130 127 97 1 147 155 89 1 133 124 58 1 138 151 98 1 107 111 67 1 141 131 97 1 137 117 84 1 152 162 126 1 187 186 114 1 202 170 130 1 241 224 140 1 0 0 0 0 0 0 0 0 161 136 93 1 0 0 0 0 105 113 78 1 134 144 110 1 103 76 51 1 187 172 123 1 150 153 101 1 190 236 179 1 175 173 131 1 123 149 49 1 112 99 88 1 158 166 137 1 191 238 135 1 137 145 97 1 144 121 85 1 137 115 96 1 120 128 82 1 149 113 89 1 188 166 128 1 171 164 109 1 126 139 116 1 150 130 97 1
39 113 89 1 30 82 41 1 73 96 59 1 74 101 96 1 34 56 37 1 12 37 3 1 17 35 30 1 42 73 52 1 0 0 0 0 23 40 42 1 0 0 0 0 0 0 0 0 152 161 142 1 109 112 107 1 161 159 136 1 215 201 175 1 139 120 90 1 131 125 90 1 151 149 93 1 166 148 105 1 136 158 84 1 140 154 108 1 147 143 98 1 125 116 47 1 124 131 88 1 114 140 67 1 0 0 0 0 110 110 55 1 70 75 30 1 45 75 19 1 102 112 77 1 119 130 77 1 92 100 37 1 116 151 68 1 155 150 78 1 126 132 90 1 122 90 67 1 119 118 82 1 201 218 154 1 0 0 0 0 128 130 121 1 205 182 147 1 129 115 75 1 110 141 84 1 156 151 115 1 114 102 61 1 0 0 0 0 92 97 76 1 74 72 42 1 81 87 34 1 0 0 0 0 182 202 159 1 74 71 48 1 51 40 4 1 132 110 60 1 79 101 32 1 150 147 100 1 142 158 76 1 85 82 20 1 161 153 83 1 0 0 0 0 148 158 82 1 130 108 97 1 130 103 91 1 138 147 105 1 155 152 102 1
75 113 91 1 0 0 0 0 66 92 83 1 50 78 67 1 45 64 55 1 39 82 79 1 49 22 17 1 62 30 22 1 143 162 129 1 255 232 226 1 223 210 204 1 195 226 204 1 180 166 154 1 137 128 109 1 61 81 34 1 166 152 117 1 179 151 94 1 0 0 0 0 138 146 117 1 117 121 52 1 101 103 58 1 120 114 75 1 112 114 92 1 136 151 90 1 128 135 80 1 125 117 82 1 92 132 77 1 104 121 90 1 76 101 68 1 120 81 75 1 134 131 115 1 129 142 102 1 87 143 66 1 130 112 77 1 58 88 54 1 70 67 12 1 88 45 47 1 101 112 61 1 134 130 86 1 147 119 82 1 177 159 150 1 109 92 51 1 157 137 103 1 83 80 50 1 102 130 44 1 0 0 0 0 7 8 6 1 72 70 30 1 33 68 16 1 85 106 101 1 113 139 95 1 133 135 91 1 50 66 1 1 0 0 0 0 34 41 4 1 40 51 0 1 78 79 31 1 152 145 105 1 74 91 65 1 116 99 91 1 111 102 76 1 109 100 64 1 149 157 98 1 125 115 87 1 165 165 110 1 142 128 91 1
93 95 92 1 0 0 0 0 72 101 76 1 46 44 10 1 35 44 15 1 12 33 5 1 51 58 38 1 101 76 61 1 143 125 87 1 139 135 126 1 207 186 162 1 162 167 144 1 175 159 112 1 170 172 133 1 99 86 71 1 0 0 0 0 0 0 0 0 0 0 0 0 108 134 62 1 114 108 66 1 136 154 99 1 0 0 0 0 117 129 85 1 103 135 95 1 114 70 73 1 0 0 0 0 91 95 72 1 63 110 84 1 111 116 88 1 74 95 76 1 0 14 0 1 19 34 2 1 124 135 75 1 66 55 15 1 32 24 0 1 61 61 41 1 161 157 121 1 153 150 148 1 184 189 143 1 80 101 45 1 118 114 94 1 94 104 55 1 104 123 76 1 86 106 53 1 92 107 69 1 38 58 45 1 59 53 16 1 85 115 93 1 65 80 39 1 83 85 59 1 91 121 65 1 117 142 77 1 27 56 0 1 51 55 55 1 74 63 50 1 115 113 58 1 0 0 0 0 105 122 109 1 127 108 68 1 72 106 27 1 113 102 93 1 136 134 89 1 139 152 94 1 77 78 67 1 113 101 70 1 121 110 78 1
65 80 79 1 60 100 83 1 0 0 0 0 12 40 27 1 39 57 46 1 82 91 53 1 0 0 0 0 102 98 56 1 160 138 130 1 190 170 121 1 185 186 123 1 124 141 90 1 188 201 144 1 147 138 98 1 155 152 81 1 0 0 0 0 148 114 69 1 0 0 0 0 145 147 92 1 121 124 67 1 111 116 53 1 112 86 63 1 123 120 84 1 104 104 94 1 0 0 0 0 64 94 59 1 70 85 44 1 0 0 0 0 28 42 21 1 28 21 2 1 29 42 42 1 41 56 12 1 110 81 100 1 140 154 141 1 196 189 141 1 221 214 193 1 223 225 194 1 235 227 202 1 0 0 0 0 119 107 54 1 68 79 35 1 0 0 0 0 48 74 45 1 21 36 9 1 29 37 2 1 32 70 14 1 94 98 77 1 60 89 56 1 86 96 66 1 97 134 115 1 80 98 69 1 118 140 107 1 35 84 20 1 82 100 46 1 104 118 77 1 98 121 80 1 111 119 67 1 122 97 86 1 89 79 53 1 77 70 82 1 98 107 97 1 0 0 0 0 82 110 101 1 83 72 55 1 142 113 88 1 86 111 93 1
48 60 67 1 44 56 52 1 81 67 97 1 0 0 0 0 30 48 49 1 44 50 39 1 119 123 102 1 134 149 112 1 163 195 133 1 226 200 135 1 162 116 89 1 114 112 59 1 157 116 101 1 141 158 81 1 160 157 116 1 173 121 94 1 136 135 116 1 124 140 86 1 115 138 65 1 110 104 52 1 120 90 74 1 80 66 50 1 115 113 75 1 66 73 44 1 36 37 13 1 0 0 0 0 37 39 28 1 47 91 28 1 41 65 49 1 23 43 9 1 83 92 92 1 218 208 194 1 250 255 245 1 246 243 220 1 0 0 0 0 253 236 199 1 255 199 158 1 193 179 161 1 82 78 48 1 39 58 23 1 72 77 12 1 51 61 28 1 31 51 0 1 32 76 48 1 0 0 0 0 5 65 7 1 85 114 99 1 41 70 36 1 39 34 0 1 170 202 153 1 152 192 160 1 90 78 42 1 3 11 0 1 82 116 92 1 53 98 43 1 105 126 84 1 83 91 75 1 110 142 102 1 66 81 56 1 74 112 83 1 79 101 60 1 66 85 59 1 96 125 93 1 100 121 72 1 96 100 45 1 0 0 0 0
23 37 69 1 45 68 60 1 122 78 102 1 58 65 22 1 69 79 53 1 139 130 137 1 170 184 136 1 0 0 0 0 182 183 130 1 184 172 119 1 134 110 74 1 117 122 53 1 123 120 76 1 236 223 196 1 165 141 75 1 0 0 0 0 0 0 0 0 0 0 0 0 139 121 59 1 88 88 28 1 97 95 64 1 91 103 36 1 112 98 73 1 73 108 80 1 77 110 60 1 37 48 41 1 18 20 0 1 80 97 65 1 57 23 50 1 0 0 0 0 197 215 203 1 235 238 227 1 242 255 241 1 227 209 174 1 243 252 229 1 0 0 0 0 189 166 148 1 202 208 200 1 36 43 11 1 46 52 39 1 0 0 0 0 37 79 44 1 53 67 34 1 0 0 0 0 47 90 47 1 50 111 34 1 0 0 0 0 62 43 22 1 65 59 27 1 191 231 164 1 246 255 210 1 155 143 119 1 61 64 29 1 158 132 96 1 88 109 53 1 111 113 94 1 0 0 0 0 94 83 66 1 81 74 28 1 53 92 58 1 48 86 63 1 24 56 17 1 107 112 94 1 44 70 41 1 54 69 14 1 61 91 54 1
119 120 112 1 69 42 44 1 0 0 0 1 105 107 52 1 189 169 159 1 191 186 148 1 169 170 112 1 147 157 99 1 0 0 0 0 161 106 80 1 110 93 59 1 145 113 96 1 107 138 49 1 175 174 115 1 129 103 71 1 119 137 88 1 155 156 93 1 136 114 58 1 132 112 98 1 111 115 65 1 112 117 83 1 0 0 0 0 74 66 69 1 0 0 0 0 126 136 115 1 192 193 150 1 57 57 65 1 4 3 12 1 34 38 16 1 154 174 145 1 255 250 243 1 213 199 179 1 252 231 195 1 221 209 151 1 255 255 223 1 231 217 201 1 210 206 148 1 169 154 161 1 19 69 5 1 103 88 71 1 41 32 33 1 70 82 74 1 54 59 38 1 41 50 32 1 49 79 44 1 31 77 42 1 63 57 37 1 42 52 48 1 0 0 0 0 98 107 84 1 133 135 113 1 157 132 109 1 192 179 122 1 46 88 20 1 34 37 22 1 59 89 90 1 55 62 50 1 60 104 60 1 31 80 40 1 73 143 97 1 64 89 71 1 22 46 3 1 53 59 3 1 57 51 55 1 59 83 52 1 85 66 73 1
14 35 23 1 73 64 21 1 126 165 99 1 190 194 175 1 195 206 150 1 157 163 124 1 150 150 78 1 131 100 68 1 133 98 76 1 0 0 0 0 132 156 83 1 120 112 62 1 96 110 64 1 129 133 97 1 0 0 0 0 117 111 65 1 139 146 88 1 0 0 0 0 0 0 0 0 100 93 71 1 55 83 55 1 0 0 0 0 68 126 97 1 69 96 71 1 0 0 0 0 128 118 114 1 70 95 56 1 128 124 118 1 197 182 172 1 162 161 162 1 0 0 0 0 69 71 51 1 40 44 0 1 101 89 36 1 138 141 95 1 150 102 108 1 0 0 0 0 134 126 128 1 90 132 92 1 83 86 80 1 8 0 0 1 108 145 106 1 96 162 103 1 115 138 77 1 44 84 63 1 3 57 6 1 38 70 31 1 0 48 19 1 20 32 5 1 114 105 93 1 156 173 130 1 157 139 113 1 198 187 169 1 105 116 102 1 61 88 56 1 0 0 0 0 94 100 68 1 35 65 20 1 0 26 17 1 29 49 38 1 0 54 12 1 25 53 0 1 11 60 8 1 50 50 56 1 42 36 36 1 37 36 31 1
47 64 46 1 157 200 120 1 169 141 112 1 163 152 108 1 171 155 126 1 133 133 70 1 127 112 89 1 151 159 82 1 144 151 80 1 158 154 106 1 116 90 58 1 0 0 0 0 119 152 100 1 108 135 57 1 83 71 28 1 0 0 0 0 112 126 59 1 79 126 32 1 125 148 108 1 117 116 64 1 82 77 46 1 67 87 87 1 71 86 85 1 72 103 52 1 14 33 1 1 27 43 31 1 69 94 51 1 145 178 149 1 67 46 56 1 46 58 28 1 74 62 39 1 157 135 134 1 63 64 35 1 7 28 0 1 114 124 79 1 134 125 108 1 113 133 104 1 45 31 0 1 49 49 15 1 104 127 69 1 15 17 1 1 52 36 29 1 54 64 33 1 99 98 99 1 83 101 98 1 0 40 0 1 49 67 52 1 44 24 37 1 30 48 36 1 26 57 15 1 68 78 12 1 219 201 170 1 135 184 134 1 137 145 140 1 49 64 23 1 28 63 1 1 62 74 55 1 69 76 49 1 0 0 0 0 19 60 39 1 0 42 0 1 6 47 10 1 11 34 15 1 14 67 68 1 9 23 28 1 0 32 0 1
138 127 105 1 207 210 152 1 175 178 135 1 166 155 83 1 139 126 97 1 155 104 78 1 99 123 59 1 141 124 84 1 117 107 85 1 124 121 82 1 105 142 60 1 111 123 104 1 106 140 106 1 0 0 0 0 28 46 0 1 93 70 51 1 93 91 49 1 0 0 0 0 166 134 119 1 122 136 95 1 81 67 43 1 60 113 66 1 56 117 62 1 99 99 97 1 42 41 25 1 16 53 26 1 105 126 101 1 114 100 113 1 134 146 125 1 133 149 139 1 119 150 103 1 70 74 71 1 0 0 0 0 45 25 23 1 182 204 193 1 198 205 160 1 168 167 130 1 173 150 155 1 116 88 80 1 54 44 20 1 0 29 0 1 0 25 28 1 0 22 8 1 0 0 0 0 37 87 65 1 28 63 42 1 26 38 29 1 15 44 47 1 0 0 0 0 0 27 22 1 33 71 59 1 114 108 70 1 110 115 111 1 77 72 46 1 4 32 28 1 35 60 48 1 37 75 29 1 63 78 25 1 0 27 1 1 39 75 34 1 25 87 19 1 67 81 43 1 36 68 77 1 0 40 31 1 13 17 0 1 14 16 36 1