2
698 968 128 65
91 78 43 1 0 0 0 0 106 97 73 1 53 62 40 1 0 0 0 0 54 51 38 1 6 17 11 1 37 92 68 1 29 36 34 1 15 12 0 1 0 27 33 1 16 27 18 1 3 37 34 1 0 0 0 0 17 53 56 1 60 73 67 1 42 56 45 1 0 0 0 0 10 39 33 1 49 80 66 1 34 63 32 1 61 76 23 1 118 101 86 1 128 139 123 1 117 114 110 1 92 96 60 1 71 66 58 1 36 62 71 1 80 87 100 1 105 83 96 1 59 68 25 1 0 0 0 0 115 112 69 1 121 127 88 1 0 0 0 0 167 172 122 1 0 0 0 0 108 125 47 1 108 140 90 1 0 0 0 0 75 47 50 1 47 38 55 1 5 32 19 1 171 157 146 1 252 243 230 1 209 204 170 1 141 165 98 1 117 124 91 1 106 122 59 1 70 107 73 1 43 56 8 1 34 38 11 1 57 85 73 1 0 0 0 0 33 36 7 1 23 36 41 1 7 37 14 1 0 0 0 0 17 54 36 1 0 30 5 1 0 48 23 1 0 23 42 1 60 70 47 1 78 87 99 1 54 87 50 1
64 50 34 1 67 59 14 1 46 19 17 1 0 0 0 0 83 55 58 1 22 34 13 1 18 0 0 1 58 75 64 1 12 25 19 1 0 11 18 1 4 40 10 1 8 18 23 1 27 34 0 1 33 26 37 1 58 50 87 1 69 92 62 1 38 40 18 1 0 17 5 1 7 18 6 1 46 56 46 1 52 61 37 1 0 0 0 0 74 84 57 1 125 107 84 1 82 56 57 1 69 85 68 1 51 65 51 1 72 61 67 1 73 103 76 1 137 146 96 1 113 110 96 1 152 137 96 1 167 171 142 1 158 151 139 1 215 183 153 1 207 174 115 1 166 130 83 1 86 85 54 1 44 86 55 1 73 117 90 1 68 99 47 1 67 67 32 1 19 53 43 1 75 91 83 1 163 145 126 1 166 147 150 1 221 231 217 1 190 191 139 1 142 139 107 1 141 114 96 1 57 81 59 1 52 59 46 1 55 54 38 1 0 0 0 0 50 74 59 1 55 82 61 1 34 46 51 1 27 51 31 1 42 34 22 1 26 45 19 1 39 59 36 1 0 40 6 1 13 47 34 1 68 51 31 1 16 49 22 1
49 58 3 1 65 96 60 1 55 92 29 1 55 38 15 1 73 95 95 1 0 0 0 0 78 71 74 1 10 33 9 1 6 16 6 1 22 29 17 1 16 24 24 1 17 23 0 1 10 25 0 1 0 0 0 0 62 90 64 1 46 33 23 1 24 24 9 1 8 3 0 1 1 47 5 1 30 27 0 1 41 49 12 1 40 55 6 1 91 86 50 1 130 128 119 1 116 144 118 1 85 101 77 1 49 60 49 1 71 72 80 1 118 91 70 1 173 159 126 1 159 168 123 1 178 156 114 1 161 175 121 1 134 175 98 1 0 0 0 0 158 128 122 1 131 123 91 1 109 115 84 1 91 79 67 1 72 84 71 1 72 51 64 1 33 65 28 1 59 53 55 1 158 189 162 1 178 140 121 1 159 164 135 1 229 190 151 1 215 178 145 1 170 150 117 1 143 146 93 1 123 108 101 1 0 0 0 0 133 125 105 1 70 120 98 1 79 123 63 1 0 0 0 0 25 36 20 1 10 22 0 1 0 14 1 1 5 28 0 1 0 12 16 1 17 11 5 1 20 59 10 1 6 39 35 1 0 0 0 0
6 45 8 1 12 46 30 1 0 0 0 0 58 82 66 1 85 119 65 1 66 83 57 1 0 0 0 0 0 1 5 1 2 37 5 1 1 32 15 1 0 0 0 0 0 0 0 0 4 26 3 1 2 36 1 1 36 19 28 1 0 0 0 0 0 0 4 1 8 49 5 1 7 75 32 1 19 52 18 1 0 12 3 1 28 7 0 1 0 0 0 0 62 79 75 1 55 52 31 1 78 138 91 1 110 138 139 1 173 138 109 1 0 0 0 0 134 123 82 1 142 157 107 1 155 168 129 1 128 136 82 1 74 77 39 1 135 129 104 1 137 126 83 1 155 157 101 1 159 148 125 1 62 88 61 1 91 83 77 1 72 94 72 1 58 55 33 1 63 79 47 1 200 213 169 1 117 141 93 1 192 167 138 1 213 210 162 1 0 0 0 0 130 118 95 1 120 116 79 1 151 124 103 1 150 121 110 1 89 120 90 1 86 109 59 1 43 61 50 1 34 45 43 1 23 42 0 1 42 61 37 1 5 91 71 1 46 50 28 1 6 26 0 1 0 0 0 0 63 82 72 1 68 66 45 1 47 52 30 1
4 10 1 1 9 29 18 1 34 74 23 1 72 77 42 1 77 76 56 1 27 56 36 1 0 4 2 1 43 41 20 1 65 48 15 1 6 28 1 1 6 43 26 1 7 27 23 1 0 15 0 1 0 10 0 1 14 51 22 1 51 40 31 1 32 43 17 1 38 81 43 1 6 34 13 1 15 36 6 1 30 43 25 1 99 61 40 1 101 111 73 1 81 127 74 1 80 54 23 1 51 87 52 1 117 93 84 1 100 99 80 1 0 0 0 0 114 123 79 1 109 114 54 1 143 108 64 1 140 82 80 1 0 0 0 0 119 126 74 1 123 144 116 1 0 0 0 0 98 134 85 1 82 84 52 1 132 105 87 1 92 80 99 1 35 39 30 1 116 109 99 1 249 198 185 1 151 141 104 1 186 176 123 1 223 197 146 1 163 147 77 1 163 136 74 1 128 118 56 1 133 115 62 1 97 87 62 1 116 71 53 1 67 65 34 1 72 66 39 1 53 72 77 1 32 52 20 1 0 0 0 1 0 16 6 1 16 34 14 1 0 0 0 0 34 92 39 1 0 0 0 0 54 44 17 1 27 51 19 1
0 0 14 1 0 21 0 1 0 0 0 0 51 48 22 1 31 34 15 1 0 11 18 1 3 24 0 1 35 43 58 1 72 74 58 1 19 46 4 1 0 0 0 0 10 40 10 1 0 30 10 1 36 46 34 1 33 47 29 1 60 80 39 1 36 31 10 1 6 35 0 1 29 46 50 1 54 76 54 1 88 99 49 1 106 71 34 1 181 158 117 1 151 150 100 1 103 112 78 1 109 114 101 1 123 125 91 1 123 122 95 1 118 110 92 1 111 122 87 1 111 96 62 1 0 0 0 0 111 115 76 1 108 77 64 1 129 88 53 1 96 108 73 1 83 79 47 1 55 92 88 1 146 164 151 1 164 155 158 1 71 87 77 1 0 0 0 0 134 132 119 1 185 176 131 1 0 0 0 0 167 146 100 1 181 148 79 1 178 160 95 1 143 123 69 1 147 136 51 1 0 0 0 0 133 124 62 1 94 100 37 1 72 86 53 1 60 64 52 1 68 62 49 1 45 68 53 1 20 53 4 1 0 15 0 1 51 45 39 1 0 0 0 0 37 62 27 1 8 32 28 1 10 44 0 1 0 43 27 1
0 23 0 1 21 39 14 1 36 63 20 1 35 29 48 1 20 39 11 1 0 0 0 0 6 0 0 1 15 26 58 1 25 57 75 1 0 0 0 0 29 24 12 1 0 1 10 1 33 57 31 1 77 100 77 1 57 77 34 1 23 43 6 1 8 36 17 1 45 21 23 1 52 51 25 1 55 77 26 1 78 31 63 1 75 68 45 1 151 121 95 1 99 139 88 1 87 133 94 1 114 153 76 1 155 142 117 1 0 0 0 0 62 82 66 1 69 90 46 1 113 109 75 1 125 93 66 1 139 140 66 1 107 106 32 1 106 121 80 1 87 78 55 1 21 21 15 1 68 70 69 1 118 155 126 1 131 129 107 1 51 17 10 1 142 93 96 1 0 0 0 0 207 214 174 1 215 221 128 1 0 0 0 0 129 107 47 1 0 0 0 0 117 105 71 1 184 138 111 1 173 175 105 1 0 0 0 0 92 106 86 1 0 0 0 0 0 40 2 1 15 51 3 1 0 0 0 0 35 38 37 1 0 0 0 0 45 65 22 1 55 69 55 1 66 93 54 1 0 25 5 1 33 32 12 1 37 55 42 1
32 66 43 1 48 44 38 1 37 68 51 1 0 26 26 1 5 25 11 1 16 25 7 1 33 37 9 1 29 44 32 1 0 40 8 1 14 27 22 1 46 47 2 1 23 50 12 1 72 101 70 1 0 0 0 0 9 35 0 1 8 8 16 1 39 19 4 1 52 73 65 1 69 73 57 1 75 88 57 1 70 32 25 1 92 103 58 1 103 103 76 1 110 108 71 1 137 120 97 1 123 107 86 1 105 119 75 1 98 90 78 1 0 0 0 0 0 0 0 0 113 110 49 1 117 115 65 1 123 99 34 1 79 55 16 1 47 32 12 1 29 37 0 1 51 50 11 1 65 67 60 1 118 116 91 1 137 89 66 1 69 39 10 1 165 141 120 1 215 219 175 1 141 127 106 1 157 149 71 1 193 173 97 1 148 117 58 1 124 109 82 1 98 94 56 1 105 90 38 1 120 103 76 1 0 0 0 0 111 126 94 1 47 85 63 1 32 44 0 1 49 46 6 1 39 84 60 1 46 83 27 1 61 79 65 1 80 100 84 1 0 0 0 0 0 0 0 0 0 0 0 0 51 69 34 1 59 94 53 1
29 32 63 1 23 33 31 1 17 25 33 1 0 7 3 1 11 16 1 1 0 3 34 1 11 45 21 1 0 0 25 1 0 35 22 1 25 23 0 1 38 51 38 1 0 0 0 0 50 64 52 1 29 50 30 1 8 14 0 1 19 41 24 1 47 82 31 1 63 79 67 1 0 0 0 0 77 74 44 1 103 85 32 1 99 92 69 1 125 110 81 1 104 98 73 1 132 125 97 1 133 152 99 1 78 92 97 1 83 105 73 1 92 113 76 1 89 97 34 1 71 83 46 1 97 47 17 1 87 58 32 1 37 59 23 1 74 66 47 1 18 4 6 1 62 52 37 1 133 115 90 1 159 140 137 1 150 161 131 1 0 0 0 0 0 0 0 0 174 160 84 1 131 116 100 1 188 187 156 1 142 154 114 1 194 194 162 1 161 168 145 1 95 109 59 1 0 0 0 0 0 0 0 0 68 58 39 1 60 44 43 1 55 72 20 1 41 34 35 1 5 21 15 1 35 91 40 1 0 0 0 0 41 78 54 1 72 121 85 1 95 129 72 1 0 0 0 0 30 65 8 1 0 0 0 0 56 62 55 1
0 0 0 0 0 25 5 1 5 15 29 1 6 37 6 1 17 48 25 1 3 31 42 1 31 30 35 1 6 44 55 1 32 70 21 1 29 51 34 1 28 11 0 1 26 26 22 1 0 0 0 0 0 55 28 1 0 35 3 1 15 33 37 1 0 0 0 0 51 78 56 1 48 45 24 1 48 51 11 1 62 71 16 1 69 90 59 1 101 100 61 1 0 0 0 0 86 91 64 1 105 72 42 1 75 79 29 1 116 115 82 1 0 0 0 0 110 102 80 1 0 0 0 0 117 92 42 1 96 127 80 1 69 65 61 1 19 24 8 1 43 65 56 1 0 0 0 0 106 80 63 1 96 76 68 1 152 113 94 1 198 202 174 1 255 238 211 1 166 173 111 1 155 166 100 1 0 0 0 0 104 107 63 1 148 138 86 1 158 166 141 1 0 0 0 0 83 95 59 1 37 56 5 1 0 21 0 1 0 0 0 0 28 47 12 1 60 93 24 1 48 62 47 1 53 76 57 1 57 81 12 1 32 77 43 1 30 61 13 1 0 43 9 1 38 60 40 1 13 29 4 1 48 71 49 1 46 56 59 1
7 6 18 1 0 46 22 1 0 0 0 0 18 30 22 1 0 30 37 1 3 6 36 1 2 32 55 1 30 36 54 1 0 9 0 1 23 68 31 1 3 20 21 1 46 85 22 1 50 75 34 1 0 20 0 1 0 5 0 1 22 67 32 1 39 79 35 1 65 53 21 1 60 39 44 1 95 97 56 1 116 127 101 1 112 100 83 1 132 113 85 1 0 0 0 0 117 123 87 1 0 0 0 0 97 102 52 1 78 102 50 1 66 59 43 1 53 76 23 1 97 128 78 1 98 102 67 1 61 76 29 1 42 25 14 1 116 98 44 1 20 23 0 1 84 51 12 1 124 120 97 1 0 0 0 0 153 148 100 1 176 159 114 1 208 197 146 1 197 187 137 1 0 0 0 0 154 140 98 1 0 0 0 0 119 130 122 1 0 0 0 0 105 132 62 1 59 54 34 1 31 41 21 1 32 38 24 1 0 0 0 0 50 42 5 1 0 20 0 1 21 43 2 1 11 60 0 1 59 64 40 1 42 42 34 1 64 52 46 1 47 61 25 1 0 0 0 0 60 81 34 1 77 73 49 1 0 0 0 0
0 36 24 1 8 14 29 1 10 37 42 1 0 12 9 1 0 35 46 1 2 45 42 1 29 52 21 1 16 62 13 1 36 75 16 1 0 32 0 1 0 22 10 1 54 106 69 1 33 73 41 1 6 35 7 1 0 39 0 1 11 25 23 1 4 23 7 1 0 0 0 0 70 64 43 1 96 118 52 1 109 97 25 1 88 111 72 1 86 74 26 1 87 65 9 1 0 0 0 0 78 85 68 1 0 0 0 0 0 56 0 1 19 14 6 1 6 36 10 1 44 88 34 1 66 44 5 1 74 86 35 1 93 90 71 1 91 76 63 1 70 71 45 1 0 0 0 0 62 56 60 1 164 162 131 1 205 196 158 1 192 181 126 1 164 166 121 1 137 139 103 1 95 106 52 1 149 134 96 1 162 148 103 1 69 77 9 1 18 0 0 1 33 56 16 1 114 91 74 1 57 94 82 1 26 41 37 1 8 28 0 1 14 39 0 1 53 80 32 1 11 27 19 1 28 41 21 1 0 71 20 1 32 28 41 1 46 50 42 1 2 16 4 1 0 0 0 0 0 28 0 1 41 38 37 1 18 47 19 1
5 7 0 1 17 25 30 1 8 56 19 1 24 66 19 1 0 0 0 0 16 24 14 1 0 58 21 1 7 57 24 1 35 25 0 1 47 57 20 1 56 59 8 1 51 62 47 1 0 30 15 1 37 42 39 1 38 66 27 1 24 10 8 1 63 51 0 1 53 52 27 1 82 86 74 1 100 87 83 1 0 0 0 0 81 81 56 1 0 0 0 0 108 81 32 1 44 84 42 1 68 40 26 1 29 15 12 1 26 3 0 1 10 18 8 1 2 4 0 1 27 59 47 1 73 50 19 1 84 70 28 1 0 0 0 0 94 112 82 1 90 107 54 1 128 107 93 1 134 141 101 1 182 172 124 1 149 144 111 1 186 192 132 1 172 161 140 1 170 182 143 1 0 0 0 0 102 109 78 1 91 125 74 1 83 73 36 1 37 67 21 1 69 57 42 1 39 56 29 1 100 125 99 1 27 64 48 1 0 27 0 1 10 54 13 1 44 59 26 1 15 54 20 1 68 55 15 1 7 31 29 1 26 39 58 1 36 45 39 1 0 0 23 1 0 44 12 1 26 58 4 1 38 41 42 1 0 29 2 1
8 32 0 1 0 14 0 1 14 48 38 1 64 64 80 1 5 64 22 1 15 41 43 1 28 33 18 1 0 24 0 1 16 69 25 1 101 119 88 1 55 46 59 1 20 33 51 1 0 7 17 1 65 64 58 1 66 83 55 1 61 76 12 1 87 75 63 1 102 95 83 1 83 111 67 1 89 98 46 1 87 94 55 1 70 82 67 1 64 59 28 1 60 83 70 1 30 50 35 1 0 0 1 1 7 19 0 1 0 12 20 1 31 7 0 1 0 0 0 0 56 72 60 1 90 102 52 1 80 118 94 1 148 136 126 1 0 0 0 0 79 93 81 1 111 112 66 1 134 125 118 1 88 97 31 1 164 150 81 1 169 157 139 1 140 157 117 1 100 101 49 1 52 40 30 1 121 99 83 1 105 107 57 1 99 104 67 1 90 88 78 1 53 33 24 1 6 34 4 1 33 17 0 1 52 38 20 1 32 79 30 1 12 24 20 1 0 11 8 1 10 27 0 1 8 44 4 1 0 0 0 0 0 0 0 0 11 32 19 1 0 0 0 0 10 68 21 1 40 50 39 1 0 0 0 0 24 57 36 1
0 40 2 1 67 83 72 1 53 83 49 1 78 61 43 1 51 41 28 1 2 27 19 1 12 7 0 1 1 26 13 1 48 81 76 1 64 70 60 1 3 18 24 1 14 54 28 1 7 28 7 1 42 59 57 1 0 0 0 0 93 88 55 1 96 132 74 1 105 121 68 1 85 82 50 1 97 94 57 1 129 126 60 1 104 120 76 1 68 104 25 1 56 52 15 1 88 108 40 1 122 133 88 1 104 142 73 1 86 94 60 1 78 80 85 1 97 124 106 1 132 113 131 1 122 145 92 1 113 120 61 1 81 75 93 1 73 98 62 1 105 110 108 1 104 78 62 1 154 133 92 1 61 65 16 1 137 122 103 1 125 86 87 1 73 29 20 1 68 62 25 1 87 81 71 1 0 0 0 0 123 96 112 1 66 93 53 1 85 101 57 1 115 122 75 1 75 79 63 1 38 76 25 1 53 72 68 1 12 11 20 1 4 18 19 1 0 15 7 1 0 18 11 1 0 7 9 1 30 74 47 1 57 88 71 1 0 56 28 1 0 0 0 0 53 87 46 1 19 75 50 1 0 0 0 0 14 36 61 1
0 0 0 0 113 101 80 1 19 42 12 1 7 16 0 1 23 52 17 1 56 68 90 1 45 69 33 1 90 89 61 1 71 107 55 1 10 38 0 1 20 6 14 1 50 43 27 1 32 34 49 1 78 70 54 1 44 68 7 1 35 50 16 1 56 64 8 1 75 82 40 1 91 120 70 1 137 142 93 1 122 137 67 1 59 101 31 1 102 96 46 1 96 110 45 1 144 171 125 1 0 0 0 0 0 0 0 0 126 120 104 1 143 161 131 1 0 0 0 0 0 0 0 0 68 88 58 1 49 36 40 1 52 76 51 1 21 58 19 1 92 90 59 1 52 60 54 1 112 136 94 1 123 127 103 1 154 144 109 1 0 0 0 0 138 107 90 1 71 66 15 1 124 118 104 1 209 158 172 1 119 116 101 1 133 165 125 1 58 50 23 1 40 72 0 1 67 70 44 1 43 55 32 1 0 27 13 1 73 92 62 1 6 7 35 1 0 6 1 1 21 53 35 1 0 0 0 0 20 63 10 1 53 82 55 1 0 0 0 0 67 62 32 1 50 89 52 1 8 47 0 1 19 37 16 1 42 60 40 1
107 134 95 1 48 77 39 1 0 0 0 0 27 49 12 1 0 11 10 1 34 56 27 1 65 105 50 1 49 85 67 1 79 75 50 1 21 31 4 1 35 50 34 1 0 18 0 1 52 88 65 1 49 84 68 1 0 29 4 1 73 74 12 1 112 102 53 1 91 78 40 1 76 111 76 1 112 89 51 1 110 77 42 1 0 0 0 0 127 179 117 1 99 130 91 1 131 146 86 1 76 89 52 1 37 47 30 1 0 7 0 1 32 71 64 1 67 101 71 1 69 81 70 1 82 86 94 1 0 0 0 0 11 39 15 1 75 109 56 1 0 0 0 0 58 36 44 1 111 87 84 1 139 125 86 1 131 111 78 1 165 129 117 1 77 55 37 1 174 154 136 1 188 170 168 1 144 128 92 1 127 113 109 1 114 105 88 1 68 63 70 1 16 47 25 1 23 56 0 1 0 0 0 0 28 62 23 1 59 72 57 1 7 35 0 1 20 38 25 1 19 52 35 1 19 50 34 1 0 0 0 0 52 82 32 1 35 44 30 1 39 59 8 1 15 46 34 1 0 29 0 1 31 68 38 1 23 63 60 1
0 0 0 0 20 46 25 1 0 0 0 0 3 5 5 1 10 39 5 1 66 56 52 1 28 54 45 1 0 21 10 1 0 0 0 0 54 16 20 1 14 40 25 1 50 43 60 1 35 25 46 1 76 110 21 1 51 43 20 1 93 71 59 1 105 112 59 1 99 106 74 1 65 81 35 1 86 127 62 1 94 95 51 1 68 85 39 1 73 94 58 1 0 0 0 0 13 23 4 1 0 7 12 1 0 0 12 1 12 44 37 1 60 97 66 1 53 80 119 1 0 0 0 0 84 83 60 1 68 51 34 1 35 31 10 1 26 31 33 1 36 46 50 1 123 132 108 1 136 129 94 1 166 136 133 1 176 198 151 1 148 150 114 1 110 91 51 1 161 194 126 1 252 255 208 1 144 116 108 1 35 72 57 1 19 47 9 1 31 51 35 1 39 61 5 1 27 26 19 1 67 68 54 1 60 72 58 1 24 22 3 1 40 40 17 1 39 57 52 1 2 36 20 1 29 47 13 1 24 53 18 1 22 68 48 1 21 42 42 1 2 20 38 1 33 48 35 1 9 44 1 1 51 65 68 1 6 46 35 1
5 45 0 1 1 6 32 1 6 34 2 1 4 26 33 1 26 20 29 1 0 0 0 0 35 49 26 1 60 68 72 1 73 70 59 1 53 72 40 1 60 34 36 1 0 0 0 0 57 69 43 1 73 93 48 1 69 91 69 1 89 84 48 1 90 77 33 1 58 89 29 1 0 0 0 0 113 114 83 1 57 89 54 1 79 103 105 1 55 90 56 1 45 56 6 1 6 10 7 1 11 30 24 1 7 23 36 1 32 26 0 1 21 52 41 1 98 60 48 1 15 63 27 1 0 0 0 0 0 0 0 0 0 0 0 0 133 126 121 1 121 122 78 1 169 145 106 1 103 120 92 1 175 173 152 1 166 185 141 1 146 115 122 1 196 158 136 1 129 97 92 1 146 141 96 1 176 164 121 1 114 117 86 1 42 63 35 1 38 43 24 1 0 0 0 0 0 30 14 1 3 42 28 1 61 76 44 1 51 85 61 1 0 27 10 1 9 59 31 1 2 43 55 1 33 35 41 1 23 57 32 1 6 67 33 1 0 50 30 1 0 26 7 1 4 60 17 1 0 46 34 1 0 0 0 0 38 49 42 1
0 0 0 0 0 0 0 0 19 48 2 1 0 15 20 1 0 0 0 0 0 18 1 1 0 16 20 1 12 18 12 1 38 37 19 1 40 90 41 1 14 51 6 1 42 33 29 1 36 3 8 1 46 58 22 1 95 93 83 1 89 93 49 1 79 81 39 1 59 75 25 1 60 83 59 1 97 119 94 1 86 103 99 1 57 62 42 1 53 67 53 1 14 14 28 1 0 0 0 0 0 31 3 1 10 11 18 1 14 24 20 1 35 17 39 1 81 120 70 1 107 148 115 1 79 80 64 1 152 161 139 1 224 221 178 1 191 205 151 1 146 151 123 1 132 131 81 1 133 118 78 1 167 162 127 1 0 0 0 0 97 100 60 1 133 147 83 1 104 153 92 1 157 165 101 1 136 106 90 1 68 58 20 1 40 44 1 1 36 62 10 1 60 44 70 1 56 63 48 1 47 76 95 1 23 52 55 1 21 47 29 1 37 62 30 1 46 56 21 1 11 73 36 1 17 27 35 1 10 24 8 1 13 17 43 1 22 36 50 1 0 34 11 1 16 61 31 1 0 0 0 0 77 87 82 1 23 53 50 1
0 44 48 1 5 32 16 1 0 7 27 1 0 0 0 0 0 0 0 0 18 58 43 1 34 38 37 1 24 30 9 1 2 35 20 1 2 9 24 1 13 15 3 1 85 82 51 1 59 57 35 1 87 93 62 1 111 93 51 1 87 89 48 1 71 87 5 1 79 106 46 1 128 148 84 1 111 103 89 1 5 48 45 1 4 13 22 1 11 53 46 1 12 14 18 1 11 30 7 1 5 30 29 1 19 27 8 1 51 102 72 1 85 103 101 1 75 82 79 1 63 93 69 1 162 156 126 1 176 160 128 1 0 0 0 0 0 0 0 0 131 131 97 1 110 119 58 1 120 127 61 1 90 129 87 1 95 91 84 1 32 48 0 1 48 71 20 1 47 57 28 1 100 104 69 1 117 132 67 1 54 51 39 1 33 37 22 1 29 40 55 1 50 44 44 1 22 37 19 1 35 44 45 1 31 41 35 1 17 44 36 1 12 56 20 1 0 45 10 1 20 35 18 1 14 46 34 1 23 25 12 1 28 44 10 1 22 42 24 1 13 58 66 1 53 65 68 1 0 0 0 0 0 0 0 0 35 43 63 1
0 34 0 1 13 0 6 1 11 41 35 1 0 10 14 1 0 42 23 1 0 12 1 1 13 5 5 1 10 22 25 1 37 42 24 1 56 74 37 1 54 76 50 1 68 69 46 1 69 85 54 1 82 71 60 1 55 71 42 1 83 75 59 1 108 146 79 1 128 151 80 1 77 90 50 1 0 19 0 1 3 34 38 1 30 42 18 1 43 29 66 1 3 28 35 1 0 0 0 0 0 39 17 1 31 49 23 1 54 44 48 1 35 40 40 1 67 90 32 1 0 0 0 0 79 71 33 1 102 90 63 1 94 83 55 1 34 66 7 1 42 26 21 1 0 0 0 0 120 108 69 1 50 90 6 1 49 59 25 1 89 69 47 1 35 75 35 1 22 2 0 1 0 0 0 0 62 93 36 1 43 54 8 1 54 27 41 1 60 80 34 1 0 15 21 1 0 0 0 0 6 27 48 1 30 54 55 1 20 92 45 1 14 56 7 1 48 46 34 1 35 69 49 1 0 0 0 0 0 0 0 0 25 71 50 1 69 68 68 1 79 79 38 1 55 18 49 1 11 43 6 1 0 0 0 0 21 32 34 1
13 48 0 1 14 1 0 1 0 12 0 1 0 16 21 1 0 27 0 1 27 17 0 1 0 0 0 0 0 0 0 0 20 50 0 1 33 31 14 1 32 27 30 1 40 39 15 1 82 91 59 1 69 97 32 1 57 26 27 1 59 65 36 1 53 68 26 1 0 0 0 0 69 71 68 1 0 40 25 1 17 29 52 1 8 53 32 1 0 23 28 1 18 25 21 1 3 45 35 1 0 0 0 0 0 15 2 1 17 50 17 1 4 22 0 1 47 72 52 1 111 97 80 1 18 1 7 1 47 30 28 1 0 0 0 0 92 65 30 1 97 88 52 1 164 223 126 1 146 126 106 1 0 0 0 0 39 36 13 1 0 84 13 1 50 55 20 1 43 51 25 1 34 50 33 1 21 42 31 1 22 29 22 1 61 74 42 1 18 53 26 1 10 45 29 1 49 115 70 1 46 61 71 1 0 0 0 0 18 51 28 1 48 71 37 1 17 34 47 1 20 64 20 1 37 60 14 1 23 58 32 1 57 108 78 1 62 65 57 1 19 38 0 1 0 0 0 0 3 21 9 1 23 31 50 1 0 0 0 0
37 43 37 1 71 89 82 1 50 71 57 1 30 59 55 1 35 53 29 1 44 64 24 1 0 0 0 0 76 112 48 1 61 87 45 1 98 102 56 1 101 112 113 1 84 65 76 1 76 78 75 1 107 103 93 1 53 77 43 1 48 57 25 1 0 20 13 1 37 67 24 1 61 91 101 1 1 43 19 1 0 36 28 1 6 59 16 1 25 41 36 1 36 34 39 1 29 67 49 1 61 66 70 1 0 0 0 0 0 13 0 1 48 64 29 1 14 71 38 1 0 0 0 0 9 32 22 1 29 56 55 1 83 62 51 1 117 128 88 1 175 172 115 1 179 193 140 1 127 113 102 1 113 129 130 1 61 68 64 1 7 46 0 1 50 37 28 1 0 7 19 1 22 1 0 1 16 47 26 1 0 0 0 0 25 41 13 1 40 61 32 1 26 39 31 1 0 43 31 1 8 51 29 1 24 9 23 1 18 15 17 1 0 0 0 0 25 64 12 1 25 61 55 1 3 53 47 1 50 79 50 1 75 99 60 1 0 45 20 1 0 0 0 0 4 38 11 1 0 0 0 0 20 24 28 1 1 21 10 1
5 5 11 1 46 60 44 1 28 54 53 1 30 42 0 1 13 31 12 1 44 47 16 1 69 88 37 1 88 108 56 1 96 104 91 1 41 54 2 1 37 55 32 1 33 46 8 1 38 30 0 1 0 0 0 0 20 37 17 1 47 48 27 1 23 59 0 1 23 37 36 1 52 77 58 1 0 36 30 1 33 60 58 1 0 37 23 1 0 37 14 1 0 0 0 0 19 51 42 1 49 57 56 1 23 40 62 1 3 16 17 1 95 105 96 1 83 63 81 1 57 108 70 1 0 0 0 0 15 35 21 1 81 90 86 1 115 118 84 1 148 163 118 1 75 82 48 1 66 72 58 1 63 68 62 1 20 46 26 1 11 59 18 1 16 34 18 1 41 39 62 1 0 11 20 1 20 48 18 1 36 34 17 1 6 23 0 1 19 34 57 1 0 38 41 1 10 21 0 1 7 14 9 1 15 29 2 1 11 51 26 1 83 96 85 1 62 54 85 1 64 67 31 1 0 0 0 0 72 67 44 1 50 54 61 1 0 16 9 1 23 45 44 1 10 15 0 1 16 0 5 1 3 43 32 1 16 22 24 1
61 89 86 1 54 60 61 1 10 26 11 1 0 31 7 1 60 60 29 1 41 58 29 1 72 72 65 1 0 0 0 0 7 6 0 1 0 0 0 0 26 33 1 1 53 43 12 1 0 0 0 0 85 85 57 1 54 77 45 1 35 63 4 1 30 52 29 1 32 42 31 1 9 38 24 1 0 0 0 0 29 33 80 1 22 49 43 1 0 26 31 1 30 0 41 1 24 56 61 1 22 50 51 1 38 60 60 1 0 40 30 1 25 51 38 1 62 77 91 1 61 72 67 1 103 86 102 1 91 104 104 1 111 105 99 1 140 135 118 1 106 106 56 1 115 92 69 1 71 110 55 1 28 53 35 1 0 7 0 1 38 32 30 1 1 61 29 1 23 21 0 1 27 24 49 1 19 25 29 1 37 84 60 1 32 28 39 1 12 30 53 1 0 8 1 1 25 54 54 1 48 76 53 1 0 0 0 0 50 32 46 1 38 32 30 1 33 29 28 1 53 68 50 1 44 94 41 1 32 56 46 1 0 0 0 0 13 21 14 1 0 22 1 1 0 6 16 1 16 45 37 1 1 25 0 1 0 17 14 1
2 23 25 1 0 0 0 0 0 14 29 1 0 0 0 0 0 0 0 0 0 22 0 1 19 56 0 1 7 59 10 1 30 68 56 1 84 87 65 1 46 42 38 1 90 89 82 1 83 102 67 1 77 59 38 1 45 45 20 1 0 26 0 1 0 0 0 0 36 47 25 1 24 58 41 1 1 37 57 1 0 11 21 1 0 0 0 0 0 22 2 1 2 2 23 1 31 40 33 1 0 0 0 0 12 48 39 1 37 60 65 1 54 62 10 1 58 91 56 1 51 93 100 1 50 64 56 1 24 30 18 1 112 145 138 1 79 122 95 1 70 88 72 1 133 150 113 1 64 101 81 1 0 0 0 0 19 25 27 1 42 42 31 1 17 37 47 1 50 66 55 1 47 73 40 1 1 8 0 1 29 49 30 1 54 44 66 1 0 0 0 0 0 55 34 1 1 13 9 1 22 29 19 1 60 54 25 1 0 0 0 0 2 14 36 1 26 30 5 1 42 66 33 1 62 92 66 1 18 49 32 1 0 40 0 1 0 26 0 1 15 14 36 1 0 28 26 1 10 5 32 1 0 12 2 1 13 53 42 1
0 51 26 1 0 28 14 1 0 13 35 1 11 38 4 1 9 52 23 1 60 74 27 1 100 122 106 1 99 101 33 1 31 60 47 1 64 68 77 1 0 0 0 0 36 37 30 1 55 73 42 1 0 0 0 0 13 64 34 1 22 34 3 1 6 14 31 1 31 41 48 1 0 0 0 0 36 34 47 1 10 54 38 1 17 34 39 1 33 22 15 1 0 0 0 0 0 34 31 1 0 26 20 1 0 39 29 1 55 50 54 1 82 131 113 1 71 68 71 1 0 0 0 0 99 91 46 1 0 0 0 0 138 123 127 1 92 86 85 1 0 0 0 0 103 99 68 1 42 62 16 1 1 48 0 1 19 58 15 1 35 45 53 1 16 13 0 1 33 40 46 1 0 0 0 0 19 52 5 1 2 8 11 1 6 46 33 1 0 0 0 0 44 35 42 1 61 68 48 1 49 78 88 1 34 70 37 1 33 52 21 1 23 43 29 1 96 95 58 1 63 68 55 1 75 106 83 1 51 60 27 1 0 15 22 1 0 39 41 1 0 28 26 1 0 10 2 1 0 20 19 1 2 26 19 1 28 29 25 1
0 35 19 1 0 18 8 1 6 3 0 1 0 0 0 0 0 0 0 0 56 106 56 1 77 69 56 1 71 83 57 1 25 73 24 1 57 62 51 1 67 62 46 1 62 61 59 1 0 0 0 0 53 31 38 1 43 59 40 1 0 0 0 0 38 52 29 1 48 67 49 1 0 0 0 0 0 43 45 1 0 23 48 1 0 41 6 1 16 0 2 1 37 48 13 1 33 69 31 1 48 58 15 1 58 104 52 1 96 122 100 1 140 149 135 1 125 134 93 1 125 142 116 1 127 122 74 1 127 121 85 1 113 102 66 1 82 96 61 1 61 80 36 1 91 124 53 1 80 85 58 1 59 101 94 1 46 85 60 1 79 102 91 1 72 68 87 1 24 58 55 1 41 66 58 1 41 47 69 1 85 60 62 1 23 63 52 1 21 33 16 1 24 35 33 1 2 37 5 1 3 36 14 1 10 50 32 1 18 51 23 1 64 62 62 1 83 116 84 1 67 71 46 1 59 107 73 1 23 40 58 1 0 8 5 1 25 5 19 1 0 10 1 1 0 0 6 1 0 1 0 1 0 0 5 1 0 35 6 1
28 30 31 1 39 39 35 1 33 36 32 1 39 101 70 1 104 108 62 1 60 56 60 1 6 101 39 1 69 67 17 1 64 73 31 1 33 66 52 1 37 48 44 1 48 48 44 1 0 11 0 1 0 0 0 0 51 86 51 1 53 41 39 1 51 76 63 1 0 0 0 0 37 63 67 1 21 44 46 1 19 43 34 1 35 31 60 1 18 60 10 1 28 62 26 1 23 45 0 1 27 37 51 1 0 0 0 0 122 104 94 1 52 75 32 1 0 0 0 0 72 63 40 1 85 104 43 1 0 0 0 0 51 36 0 1 102 77 51 1 19 33 0 1 27 31 0 1 0 44 31 1 5 32 29 1 0 29 0 1 5 30 34 1 5 33 14 1 0 0 0 0 0 10 10 1 7 9 0 1 4 17 4 1 9 51 37 1 27 41 5 1 16 63 26 1 33 71 17 1 50 50 32 1 22 24 16 1 34 56 20 1 82 113 80 1 0 0 0 0 0 0 0 0 42 29 26 1 24 54 51 1 0 9 12 1 22 5 30 1 0 0 0 0 0 13 21 1 15 12 9 1 0 33 0 1 2 11 11 1
20 58 58 1 36 32 53 1 13 37 31 1 45 89 63 1 90 111 57 1 22 54 31 1 18 56 1 1 56 60 14 1 21 61 46 1 7 33 14 1 0 0 0 1 0 26 35 1 8 9 0 1 37 69 72 1 72 96 43 1 38 47 16 1 44 35 0 1 57 38 47 1 35 67 34 1 2 52 11 1 0 0 0 0 33 34 16 1 0 54 8 1 16 48 20 1 17 58 24 1 16 32 5 1 44 46 49 1 35 24 28 1 58 71 35 1 148 137 84 1 108 107 76 1 116 76 63 1 132 98 90 1 183 145 127 1 0 0 0 0 103 108 83 1 0 0 0 0 33 70 11 1 13 17 0 1 0 0 0 0 0 22 23 1 0 0 0 0 12 12 13 1 16 12 5 1 4 19 4 1 0 30 0 1 6 32 10 1 12 20 15 1 50 32 41 1 25 50 24 1 26 55 32 1 19 31 16 1 79 118 88 1 173 207 176 1 106 111 68 1 61 72 54 1 2 6 6 1 0 11 9 1 7 3 23 1 0 5 16 1 24 8 56 1 37 27 19 1 16 37 42 1 2 30 28 1 7 40 17 1
11 42 14 1 22 72 15 1 0 28 5 1 0 0 0 0 83 92 73 1 66 117 74 1 21 39 5 1 18 39 21 1 3 0 0 1 16 20 17 1 0 15 0 1 37 38 49 1 40 61 47 1 59 61 78 1 65 91 59 1 75 80 25 1 57 69 32 1 0 0 0 0 43 26 32 1 6 15 8 1 0 28 36 1 0 20 19 1 0 38 0 1 0 0 0 0 0 41 0 1 0 0 0 0 8 32 13 1 0 0 0 0 50 74 35 1 53 53 36 1 34 46 0 1 197 156 112 1 175 160 131 1 164 183 107 1 128 84 80 1 81 60 55 1 61 84 77 1 44 64 42 1 4 31 2 1 0 5 0 1 15 38 13 1 8 43 62 1 20 11 14 1 0 18 11 1 6 24 9 1 1 39 15 1 8 35 14 1 6 42 53 1 13 28 18 1 58 44 49 1 51 63 44 1 38 37 8 1 41 13 30 1 66 76 58 1 59 98 57 1 56 75 56 1 5 20 2 1 13 0 46 1 0 30 49 1 21 33 30 1 22 44 37 1 28 20 31 1 13 13 20 1 4 52 6 1 21 44 25 1
4 12 5 1 0 0 0 0 57 68 35 1 36 60 44 1 2 40 23 1 0 21 20 1 0 0 0 0 43 67 56 1 1 46 54 1 27 52 30 1 30 41 43 1 27 6 12 1 41 60 35 1 36 64 41 1 53 79 39 1 32 89 69 1 43 71 17 1 14 69 20 1 89 93 56 1 0 0 0 0 9 30 41 1 0 19 9 1 0 0 7 1 11 25 4 1 20 59 27 1 54 95 69 1 72 51 61 1 44 63 45 1 77 84 77 1 71 104 66 1 99 112 86 1 186 184 137 1 181 153 113 1 191 180 128 1 109 115 71 1 101 116 104 1 61 75 36 1 43 64 38 1 24 55 32 1 0 8 12 1 37 42 40 1 36 56 34 1 49 39 71 1 21 40 22 1 0 0 0 0 0 52 21 1 5 43 12 1 51 34 22 1 0 10 0 1 49 62 50 1 25 55 28 1 52 77 27 1 74 102 80 1 37 70 25 1 82 93 64 1 42 92 91 1 8 21 0 1 4 9 7 1 0 19 8 1 0 1 11 1 26 49 21 1 24 38 54 1 22 49 46 1 20 27 39 1 0 26 14 1
18 37 21 1 25 5 1 1 44 28 41 1 56 87 84 1 151 144 141 1 138 201 158 1 82 88 60 1 3 14 8 1 29 47 28 1 20 68 22 1 22 29 20 1 6 41 28 1 0 35 14 1 30 55 0 1 27 29 19 1 54 44 46 1 53 64 46 1 62 109 49 1 0 0 0 0 36 73 66 1 36 41 62 1 33 54 46 1 34 41 40 1 29 42 42 1 32 72 46 1 85 97 65 1 71 82 64 1 48 47 57 1 69 87 74 1 90 90 63 1 177 166 180 1 176 164 148 1 146 138 112 1 146 150 106 1 0 0 0 0 83 92 53 1 43 64 42 1 57 41 14 1 9 38 23 1 9 55 15 1 15 17 25 1 0 41 14 1 6 19 23 1 40 60 46 1 14 62 55 1 0 20 0 1 4 47 22 1 5 61 31 1 5 42 17 1 43 39 28 1 0 26 6 1 61 86 83 1 86 114 93 1 46 58 73 1 67 85 59 1 50 61 65 1 7 27 6 1 6 14 31 1 11 32 23 1 0 0 0 0 0 25 20 1 0 39 30 1 6 6 6 1 0 20 26 1 27 15 7 1
29 51 39 1 0 0 0 0 0 26 21 1 7 37 0 1 93 104 114 1 99 114 124 1 54 39 28 1 17 73 43 1 28 25 7 1 43 45 25 1 32 49 26 1 23 62 46 1 34 41 1 1 0 41 25 1 19 46 8 1 58 53 45 1 51 62 27 1 17 74 43 1 45 60 42 1 43 86 57 1 33 63 51 1 54 108 79 1 14 49 66 1 7 20 20 1 0 0 5 1 16 24 41 1 24 54 43 1 36 51 13 1 54 37 36 1 57 54 18 1 190 173 133 1 192 178 165 1 184 180 103 1 182 202 145 1 164 168 92 1 85 108 43 1 23 65 35 1 24 95 70 1 0 0 0 0 0 23 31 1 16 45 24 1 23 38 5 1 5 1 9 1 6 31 13 1 50 33 51 1 2 64 47 1 54 72 20 1 31 22 7 1 0 48 28 1 40 64 27 1 73 69 65 1 75 99 97 1 0 0 0 0 31 52 22 1 0 0 0 0 36 46 25 1 13 17 21 1 0 0 0 0 0 7 7 1 0 24 18 1 19 44 23 1 9 14 39 1 10 3 17 1 0 10 35 1 43 53 44 1
4 10 12 1 38 60 49 1 73 92 59 1 16 32 48 1 0 48 22 1 34 21 26 1 31 56 39 1 59 74 69 1 36 68 38 1 42 42 22 1 0 0 0 0 45 61 58 1 35 67 46 1 25 32 11 1 56 81 26 1 49 55 26 1 51 51 50 1 23 87 47 1 92 102 89 1 48 69 52 1 0 0 0 0 0 13 0 1 3 0 0 1 0 23 14 1 41 46 49 1 0 0 0 0 18 27 16 1 0 0 0 0 10 0 0 1 97 153 69 1 166 153 103 1 188 184 142 1 164 141 88 1 167 158 108 1 74 64 38 1 17 41 9 1 0 28 6 1 45 55 39 1 50 83 73 1 0 65 42 1 0 0 0 0 14 51 31 1 79 89 66 1 0 0 0 0 0 0 0 0 25 43 29 1 13 59 0 1 6 33 40 1 33 68 26 1 0 0 0 0 65 106 76 1 60 95 61 1 20 51 8 1 41 90 43 1 0 0 0 0 0 0 0 0 0 6 36 1 2 10 57 1 3 46 38 1 27 42 26 1 13 49 46 1 41 16 36 1 14 5 30 1 25 14 21 1 5 7 1 1
7 17 0 1 1 18 2 1 0 31 25 1 33 51 22 1 16 45 27 1 78 92 80 1 86 90 81 1 3 27 36 1 51 50 32 1 0 0 0 0 23 59 20 1 44 46 29 1 63 58 56 1 47 59 43 1 58 76 43 1 41 34 19 1 107 108 67 1 70 56 67 1 39 53 62 1 24 5 0 1 1 0 0 1 10 42 0 1 26 72 63 1 57 58 57 1 40 86 63 1 50 88 51 1 48 59 19 1 81 81 81 1 110 113 73 1 143 129 96 1 116 122 79 1 168 150 135 1 179 186 116 1 169 178 131 1 94 70 11 1 75 110 82 1 53 74 40 1 28 23 25 1 0 0 0 0 0 29 0 1 0 44 41 1 1 15 4 1 10 24 48 1 21 64 28 1 21 28 34 1 37 68 40 1 0 0 0 0 37 65 42 1 19 46 13 1 20 48 16 1 43 67 59 1 9 53 1 1 0 0 0 0 62 83 69 1 28 41 31 1 0 4 41 1 8 20 5 1 11 24 3 1 24 12 32 1 0 40 15 1 7 26 48 1 41 63 41 1 24 56 36 1 24 30 24 1 10 12 0 1
0 15 44 1 5 14 24 1 0 6 18 1 14 28 27 1 16 57 24 1 7 11 24 1 10 31 4 1 63 67 41 1 27 59 11 1 28 55 31 1 45 86 35 1 4 53 31 1 21 57 36 1 33 80 61 1 46 38 15 1 78 103 65 1 51 93 56 1 45 75 43 1 14 26 24 1 22 9 9 1 13 40 38 1 18 58 19 1 113 106 115 1 25 35 0 1 0 19 2 1 42 72 27 1 62 63 53 1 108 133 99 1 149 163 122 1 91 84 48 1 105 120 103 1 206 193 133 1 134 136 71 1 111 116 91 1 31 39 9 1 41 36 11 1 11 33 0 1 0 0 0 0 35 50 33 1 0 0 0 0 9 25 0 1 22 44 21 1 11 21 2 1 0 6 0 1 1 61 27 1 17 23 20 1 0 32 8 1 0 0 0 0 38 57 31 1 58 47 57 1 81 107 95 1 62 117 67 1 52 94 67 1 32 52 28 1 5 47 37 1 12 12 0 1 0 0 0 0 3 32 8 1 10 44 34 1 0 39 26 1 0 0 20 1 0 9 19 1 0 18 8 1 28 25 34 1 31 91 78 1
0 0 9 1 25 16 19 1 20 0 24 1 0 0 22 1 29 17 38 1 0 38 17 1 8 25 0 1 5 54 26 1 53 76 58 1 36 83 50 1 31 35 41 1 39 102 15 1 23 33 29 1 7 36 14 1 42 26 33 1 36 49 41 1 14 66 41 1 10 31 9 1 3 10 8 1 0 31 13 1 4 30 11 1 18 30 0 1 21 33 12 1 0 7 0 1 0 0 0 0 110 155 108 1 122 141 71 1 107 116 76 1 109 105 56 1 70 64 21 1 118 136 83 1 90 98 23 1 135 156 93 1 151 167 106 1 211 201 161 1 180 150 157 1 52 77 36 1 40 41 41 1 51 57 42 1 66 65 37 1 0 0 0 0 12 28 24 1 0 20 10 1 0 2 0 1 0 0 0 0 16 29 14 1 0 0 0 0 0 39 5 1 0 0 0 0 5 46 9 1 56 96 78 1 0 0 0 0 37 50 70 1 41 106 64 1 15 19 39 1 22 34 11 1 12 20 9 1 9 1 10 1 0 0 0 0 60 74 54 1 50 65 64 1 23 45 27 1 18 48 23 1 27 42 42 1 0 19 25 1
0 18 21 1 0 12 23 1 8 13 58 1 10 41 3 1 0 0 0 0 19 17 5 1 14 20 2 1 8 21 20 1 16 19 2 1 0 0 0 0 38 50 33 1 40 41 47 1 0 0 0 0 32 60 46 1 49 70 49 1 46 82 44 1 28 30 48 1 0 40 0 1 0 49 7 1 0 50 32 1 0 8 0 1 22 49 37 1 38 60 7 1 86 71 68 1 100 90 105 1 98 122 95 1 60 59 25 1 59 90 48 1 82 83 37 1 112 124 76 1 104 106 43 1 92 112 59 1 0 0 0 0 118 116 67 1 35 46 6 1 99 107 81 1 129 126 112 1 0 0 0 0 59 74 26 1 0 36 19 1 17 33 19 1 11 43 24 1 34 49 12 1 4 27 5 1 0 0 0 0 39 45 54 1 20 38 15 1 0 0 0 0 27 62 34 1 6 64 8 1 29 42 28 1 86 72 78 1 32 50 39 1 26 53 44 1 0 0 0 0 10 0 1 1 0 15 24 1 15 20 48 1 20 35 36 1 3 39 12 1 15 22 6 1 0 39 0 1 0 18 4 1 0 3 0 1 0 38 5 1
10 53 16 1 0 18 14 1 8 42 13 1 0 32 30 1 30 15 0 1 7 37 0 1 0 38 10 1 0 18 10 1 0 0 0 0 24 60 16 1 13 46 27 1 58 87 70 1 0 0 0 0 83 95 55 1 61 87 34 1 62 86 22 1 58 53 30 1 41 58 22 1 0 0 0 0 51 72 49 1 7 60 31 1 116 154 95 1 132 137 112 1 137 132 139 1 101 95 99 1 78 74 15 1 40 77 36 1 73 68 27 1 0 0 0 0 105 97 75 1 82 71 39 1 136 114 90 1 0 0 0 0 55 77 43 1 70 82 67 1 98 87 56 1 51 60 44 1 30 28 14 1 0 0 0 0 17 53 16 1 16 39 40 1 0 23 24 1 34 44 25 1 43 34 19 1 10 41 21 1 24 48 21 1 0 0 0 0 30 61 39 1 29 62 30 1 32 66 51 1 49 78 40 1 58 89 76 1 34 61 52 1 6 29 38 1 0 0 0 0 0 16 14 1 0 18 1 1 0 10 34 1 14 9 21 1 0 12 3 1 30 38 9 1 26 29 40 1 37 63 71 1 0 0 0 0 22 38 41 1
28 41 24 1 0 47 21 1 9 39 50 1 0 7 36 1 17 43 17 1 15 37 24 1 0 9 18 1 50 64 37 1 1 38 28 1 33 63 42 1 1 32 20 1 7 21 25 1 25 74 41 1 83 86 54 1 55 85 49 1 42 88 68 1 12 71 54 1 51 69 48 1 40 94 62 1 75 77 60 1 8 52 9 1 85 121 85 1 108 135 78 1 142 159 112 1 78 85 38 1 10 38 0 1 0 0 0 0 74 60 75 1 68 113 60 1 82 69 49 1 0 6 31 1 5 31 4 1 27 36 0 1 56 55 47 1 35 32 8 1 1 28 0 1 11 33 7 1 36 54 26 1 39 79 45 1 18 25 32 1 0 1 0 1 0 0 0 0 0 0 0 0 3 32 10 1 0 43 26 1 54 48 28 1 71 76 52 1 105 74 57 1 47 81 58 1 47 85 53 1 105 95 59 1 22 43 48 1 0 41 28 1 0 33 39 1 14 32 37 1 0 41 6 1 15 31 7 1 7 16 13 1 1 22 50 1 9 16 35 1 27 32 39 1 16 36 29 1 31 56 43 1 65 68 78 1 41 70 73 1
0 26 21 1 15 37 25 1 11 31 24 1 31 53 29 1 34 82 55 1 35 66 52 1 0 21 22 1 21 57 46 1 54 75 79 1 49 79 72 1 0 59 33 1 0 8 12 1 43 50 12 1 21 47 33 1 44 79 58 1 0 0 0 0 19 41 10 1 0 31 10 1 7 59 46 1 64 85 51 1 31 60 48 1 70 118 73 1 131 172 107 1 144 163 145 1 65 78 59 1 42 57 15 1 52 55 18 1 89 100 41 1 93 107 63 1 45 43 11 1 33 33 28 1 94 137 116 1 87 89 60 1 18 24 0 1 82 82 58 1 83 112 94 1 0 0 0 0 30 2 0 1 34 70 26 1 11 87 11 1 0 32 42 1 27 42 18 1 7 15 25 1 0 24 3 1 11 17 10 1 2 41 24 1 44 70 60 1 53 86 57 1 43 40 23 1 64 84 96 1 95 129 118 1 29 43 23 1 0 0 0 0 12 73 58 1 11 10 0 1 8 43 5 1 11 0 47 1 28 18 30 1 8 21 23 1 0 15 34 1 0 40 21 1 0 23 18 1 0 30 0 1 8 31 27 1 26 77 64 1
0 8 0 1 26 29 27 1 38 55 60 1 27 50 68 1 55 76 62 1 32 37 50 1 27 35 11 1 25 25 9 1 24 38 42 1 16 42 20 1 0 9 0 1 31 43 19 1 1 7 9 1 0 0 0 0 7 50 17 1 87 86 76 1 29 37 12 1 19 63 17 1 27 44 29 1 80 82 83 1 31 78 56 1 59 78 53 1 78 81 40 1 149 141 100 1 69 90 48 1 53 63 66 1 63 97 29 1 78 100 80 1 63 67 58 1 0 46 13 1 0 51 7 1 52 85 55 1 103 109 80 1 0 0 0 0 2 22 0 1 36 37 42 1 26 55 17 1 0 0 0 0 28 54 25 1 45 61 18 1 7 10 0 1 23 55 52 1 0 0 0 0 50 74 64 1 36 57 42 1 37 74 61 1 52 96 68 1 36 56 25 1 22 104 55 1 67 131 81 1 0 0 0 0 45 59 84 1 12 26 11 1 43 92 53 1 7 64 33 1 11 19 6 1 0 21 14 1 20 34 19 1 4 25 21 1 0 25 0 1 42 62 23 1 7 56 38 1 2 35 26 1 2 28 29 1 2 55 65 1
21 48 26 1 27 47 32 1 29 58 32 1 23 42 27 1 0 63 0 1 0 0 0 0 16 41 0 1 0 22 18 1 4 40 37 1 33 59 72 1 67 74 52 1 38 84 71 1 25 60 4 1 31 31 32 1 34 75 53 1 89 127 124 1 0 0 0 0 22 54 12 1 28 69 39 1 0 0 0 0 0 39 0 1 55 87 31 1 80 89 35 1 144 144 111 1 92 67 66 1 30 55 32 1 69 55 19 1 56 72 42 1 34 46 60 1 8 43 18 1 36 47 34 1 36 54 38 1 82 84 94 1 55 64 40 1 49 53 58 1 13 28 10 1 0 0 0 0 63 88 80 1 68 94 76 1 41 69 5 1 0 0 0 0 0 39 22 1 41 62 47 1 19 77 32 1 24 54 31 1 42 67 44 1 92 97 56 1 64 95 65 1 52 111 68 1 81 113 60 1 76 104 79 1 10 49 40 1 13 40 45 1 7 37 30 1 10 50 32 1 8 26 20 1 8 30 31 1 0 26 55 1 29 69 62 1 26 29 25 1 19 32 43 1 28 40 33 1 0 44 14 1 0 28 14 1 7 46 20 1
42 60 60 1 36 64 59 1 20 76 37 1 0 19 21 1 0 25 2 1 0 0 0 0 0 0 0 0 0 33 18 1 0 52 41 1 0 30 17 1 8 63 50 1 46 61 60 1 0 0 0 0 38 40 50 1 25 65 40 1 109 136 118 1 51 76 59 1 30 31 13 1 86 82 91 1 48 103 54 1 7 28 0 1 0 36 0 1 36 59 24 1 124 155 99 1 0 0 0 0 27 76 37 1 40 68 30 1 30 48 11 1 49 71 47 1 33 32 29 1 5 14 0 1 40 45 41 1 69 110 92 1 26 102 59 1 51 69 42 1 24 41 0 1 31 60 47 1 42 40 38 1 65 107 50 1 87 125 98 1 47 76 59 1 51 120 51 1 0 0 0 0 25 94 67 1 0 0 0 0 31 41 33 1 68 122 89 1 96 123 96 1 48 86 60 1 18 73 32 1 51 85 52 1 0 0 0 1 0 12 22 1 18 34 60 1 0 0 0 0 19 17 31 1 0 33 48 1 26 25 19 1 30 38 6 1 0 9 28 1 5 28 30 1 0 0 0 0 6 17 34 1 0 21 42 1 36 62 55 1
30 33 30 1 1 26 24 1 0 12 4 1 0 19 2 1 11 14 12 1 0 0 0 0 11 40 0 1 8 32 0 1 38 87 38 1 48 75 53 1 25 64 66 1 42 78 58 1 38 76 90 1 35 71 79 1 50 108 65 1 83 95 59 1 82 112 91 1 60 97 87 1 94 103 88 1 73 90 65 1 13 35 20 1 72 108 62 1 59 58 37 1 114 133 103 1 117 151 117 1 110 136 98 1 59 83 100 1 0 0 0 0 38 30 54 1 11 70 43 1 0 0 0 0 36 59 47 1 11 37 14 1 42 42 37 1 25 66 44 1 95 89 91 1 38 73 43 1 25 27 20 1 34 42 32 1 45 67 51 1 0 0 0 0 0 0 0 0 48 87 46 1 61 71 26 1 0 19 15 1 17 24 22 1 66 113 68 1 101 133 144 1 30 62 63 1 19 29 3 1 0 57 18 1 0 13 1 1 1 33 19 1 16 58 24 1 25 53 60 1 9 45 34 1 7 41 56 1 18 50 36 1 8 21 1 1 3 18 16 1 4 25 0 1 29 47 25 1 32 70 39 1 29 55 62 1 41 60 47 1
0 38 44 1 5 19 10 1 0 41 13 1 0 35 24 1 19 51 13 1 2 45 0 1 19 35 0 1 0 8 6 1 0 75 32 1 10 35 22 1 23 60 42 1 1 29 0 1 0 62 28 1 0 0 0 0 52 88 62 1 55 77 59 1 55 102 57 1 34 86 50 1 28 54 22 1 13 36 21 1 44 64 28 1 27 63 47 1 44 54 20 1 60 51 29 1 38 89 35 1 25 60 61 1 25 59 40 1 50 75 44 1 13 60 43 1 31 65 41 1 36 79 51 1 16 35 22 1 13 47 25 1 0 28 6 1 0 24 2 1 35 47 39 1 23 54 50 1 28 56 11 1 0 0 0 0 30 29 21 1 38 46 41 1 3 36 31 1 47 12 24 1 48 67 15 1 1 14 52 1 56 46 56 1 63 72 62 1 90 130 96 1 0 0 0 0 2 36 23 1 0 41 6 1 0 27 14 1 0 20 11 1 0 10 9 1 0 12 27 1 18 43 41 1 0 9 38 1 8 14 32 1 0 0 0 0 22 41 47 1 37 18 33 1 49 53 43 1 0 0 0 0 7 27 22 1 34 81 31 1
0 13 47 1 13 42 3 1 7 24 14 1 11 18 1 1 11 16 15 1 0 26 12 1 0 12 14 1 8 44 26 1 10 32 13 1 0 57 3 1 17 15 14 1 5 5 33 1 3 18 30 1 0 52 33 1 29 29 26 1 65 76 49 1 36 48 25 1 61 92 66 1 20 68 19 1 82 73 67 1 94 80 59 1 35 100 41 1 32 52 18 1 9 39 29 1 63 70 39 1 11 47 16 1 45 46 29 1 67 109 91 1 89 89 80 1 46 58 51 1 13 46 34 1 0 12 18 1 3 14 29 1 0 0 0 0 0 0 0 0 0 5 0 1 0 0 0 0 0 19 3 1 18 39 21 1 59 64 48 1 42 46 11 1 6 33 9 1 40 79 44 1 8 53 24 1 25 67 29 1 47 84 51 1 24 43 9 1 18 53 39 1 27 15 6 1 21 0 0 1 3 31 23 1 0 11 37 1 5 7 32 1 27 32 28 1 2 0 34 1 4 0 14 1 11 0 10 1 0 15 0 1 29 50 24 1 12 36 43 1 39 41 64 1 19 22 50 1 0 21 11 1 30 22 18 1 28 35 31 1
0 49 24 1 10 26 15 1 6 18 22 1 17 11 12 1 0 0 57 1 15 32 45 1 0 23 23 1 0 40 31 1 16 35 4 1 15 25 8 1 0 0 0 0 0 53 12 1 0 13 22 1 0 43 20 1 0 19 12 1 24 54 29 1 21 45 6 1 67 92 84 1 88 108 96 1 104 126 94 1 93 116 83 1 60 69 46 1 22 51 33 1 0 46 13 1 25 51 41 1 60 83 65 1 31 83 51 1 7 48 54 1 53 53 55 1 54 86 37 1 33 63 39 1 18 48 1 1 43 61 58 1 20 21 3 1 47 29 32 1 0 7 2 1 9 7 27 1 0 16 0 1 0 0 0 0 48 51 35 1 0 0 0 0 27 35 51 1 39 97 49 1 48 34 20 1 31 76 22 1 45 41 25 1 43 71 31 1 20 35 29 1 11 42 11 1 0 0 0 0 5 33 16 1 5 14 9 1 5 23 20 1 2 13 9 1 4 31 26 1 0 13 35 1 24 26 19 1 0 25 36 1 12 32 30 1 5 20 3 1 0 17 21 1 0 31 25 1 41 76 60 1 28 43 35 1 56 62 37 1
0 0 0 0 0 37 35 1 0 10 27 1 11 47 5 1 15 31 18 1 26 10 23 1 0 36 10 1 0 6 40 1 34 17 4 1 24 43 8 1 16 10 2 1 0 36 21 1 0 14 19 1 0 24 8 1 0 27 1 1 65 69 62 1 64 106 76 1 0 0 0 0 38 80 14 1 109 111 96 1 63 122 111 1 124 135 131 1 69 84 39 1 29 73 46 1 8 49 21 1 26 58 20 1 20 40 31 1 17 44 54 1 39 61 34 1 32 60 58 1 21 49 12 1 0 23 37 1 30 56 25 1 25 19 29 1 0 0 0 0 30 52 79 1 0 0 0 0 15 30 25 1 0 0 0 0 41 60 38 1 78 54 58 1 22 61 32 1 50 62 50 1 0 0 0 0 0 0 0 0 56 56 50 1 53 66 35 1 42 55 79 1 3 34 6 1 27 47 0 1 0 0 0 0 26 48 25 1 0 23 23 1 13 22 23 1 18 18 41 1 10 22 31 1 0 0 27 1 0 0 0 1 0 19 0 1 0 0 0 0 0 35 9 1 0 24 14 1 0 27 13 1 0 41 0 1 0 9 30 1
0 5 0 1 20 35 9 1 3 23 19 1 52 30 71 1 18 21 39 1 0 6 12 1 22 26 32 1 16 2 13 1 0 37 33 1 26 6 23 1 0 40 32 1 0 18 13 1 4 35 18 1 17 47 30 1 11 16 20 1 15 54 8 1 0 0 0 0 3 3 26 1 0 2 3 1 31 52 49 1 59 40 51 1 47 54 57 1 112 142 137 1 102 121 110 1 65 89 57 1 13 50 21 1 6 46 25 1 0 40 30 1 48 60 65 1 24 20 27 1 8 32 16 1 0 0 0 0 0 0 0 0 39 37 26 1 11 0 36 1 29 56 45 1 15 38 18 1 2 14 7 1 0 0 0 0 45 55 52 1 75 85 53 1 32 20 20 1 32 53 25 1 90 84 75 1 55 103 69 1 63 50 48 1 37 49 59 1 33 66 28 1 0 0 0 0 4 30 28 1 0 0 0 0 0 15 17 1 0 29 11 1 0 44 27 1 16 12 8 1 9 12 43 1 22 28 21 1 0 0 0 1 0 5 14 1 0 25 3 1 0 0 10 1 6 21 25 1 11 36 23 1 13 49 38 1 41 43 0 1
0 0 0 0 2 10 34 1 36 24 30 1 21 66 53 1 13 0 0 1 0 0 0 0 0 0 0 0 43 33 54 1 21 35 26 1 7 50 34 1 9 39 28 1 10 37 28 1 9 42 26 1 0 41 31 1 0 26 28 1 0 23 27 1 0 0 0 0 24 25 50 1 0 0 0 0 40 58 41 1 35 25 41 1 57 70 49 1 92 120 106 1 0 0 0 0 48 67 42 1 28 54 32 1 37 45 43 1 1 28 28 1 22 52 11 1 0 0 0 0 8 41 31 1 4 9 20 1 37 54 33 1 61 87 56 1 17 57 28 1 0 35 11 1 21 47 44 1 11 46 36 1 50 75 37 1 71 59 58 1 88 124 105 1 117 115 82 1 102 130 99 1 80 103 33 1 0 0 0 0 53 71 64 1 66 86 42 1 0 53 17 1 0 36 19 1 0 0 0 0 8 39 36 1 0 46 20 1 0 0 0 0 2 46 39 1 0 0 0 0 0 0 7 1 0 14 26 1 0 19 0 1 3 8 6 1 0 0 7 1 0 0 0 0 34 49 45 1 30 65 47 1 29 22 21 1 17 18 0 1
14 36 15 1 0 0 0 0 33 46 30 1 32 74 77 1 15 79 22 1 19 37 19 1 29 32 12 1 61 42 64 1 6 29 6 1 10 23 20 1 12 41 12 1 0 40 23 1 10 29 21 1 4 42 36 1 16 41 39 1 0 29 21 1 0 29 22 1 0 7 2 1 0 25 38 1 19 36 20 1 0 18 23 1 15 7 27 1 41 73 24 1 39 40 22 1 57 73 39 1 32 59 21 1 11 58 32 1 4 45 0 1 50 58 29 1 0 38 35 1 0 22 18 1 0 14 8 1 0 0 0 0 0 52 18 1 4 13 0 1 29 52 45 1 36 77 43 1 26 64 49 1 90 76 55 1 0 0 0 0 113 121 107 1 116 139 96 1 82 104 65 1 95 93 66 1 96 101 79 1 0 0 0 0 23 67 11 1 16 24 22 1 9 55 38 1 16 11 39 1 0 0 0 0 0 0 0 0 15 27 53 1 0 0 0 0 0 0 0 0 39 39 24 1 0 0 0 0 0 3 20 1 3 7 1 1 10 15 0 1 0 17 41 1 0 23 19 1 0 15 0 1 33 24 37 1 49 70 51 1
0 0 0 0 36 46 58 1 56 81 62 1 33 53 42 1 0 0 0 0 41 79 37 1 56 66 64 1 29 44 3 1 0 27 22 1 7 54 29 1 0 5 39 1 0 43 0 1 9 32 41 1 12 51 17 1 0 38 50 1 0 51 28 1 7 46 46 1 40 54 44 1 0 52 19 1 0 45 47 1 10 48 34 1 37 56 50 1 8 10 21 1 19 63 10 1 35 74 11 1 0 0 0 0 35 81 40 1 29 76 39 1 39 54 40 1 28 30 27 1 20 44 27 1 0 37 28 1 3 44 16 1 21 48 26 1 39 90 31 1 0 0 0 0 0 0 0 0 104 120 83 1 87 105 80 1 103 124 120 1 121 134 89 1 0 0 0 0 72 90 83 1 108 133 117 1 58 69 51 1 9 29 8 1 16 34 34 1 37 79 55 1 0 40 35 1 10 29 28 1 7 8 11 1 9 25 6 1 4 20 2 1 0 0 0 0 0 0 0 0 14 22 14 1 10 37 44 1 0 28 11 1 22 36 32 1 10 72 82 1 45 84 84 1 69 79 89 1 72 97 82 1 112 78 68 1 116 117 100 1
44 51 22 1 71 86 77 1 21 34 31 1 60 41 29 1 53 60 74 1 83 102 93 1 11 44 32 1 27 72 49 1 0 24 29 1 0 32 18 1 0 35 8 1 0 27 24 1 7 32 16 1 10 47 20 1 0 59 35 1 27 20 23 1 5 21 34 1 0 14 27 1 17 0 23 1 0 50 16 1 6 63 52 1 54 86 70 1 0 45 17 1 0 61 0 1 22 54 0 1 0 0 0 0 0 0 0 0 54 56 45 1 15 50 46 1 0 35 32 1 0 39 28 1 0 0 0 0 0 0 0 0 0 0 0 0 16 52 15 1 0 61 8 1 28 59 53 1 98 83 76 1 12 33 6 1 0 0 0 0 35 66 44 1 53 70 39 1 0 0 0 0 29 22 17 1 8 30 7 1 16 49 9 1 34 46 53 1 15 70 32 1 0 0 0 0 11 23 34 1 37 21 10 1 3 33 1 1 33 34 47 1 58 44 83 1 55 58 43 1 29 15 45 1 25 53 27 1 10 36 29 1 11 44 29 1 0 0 0 0 11 19 1 1 26 40 32 1 68 62 58 1 71 71 58 1 92 90 44 1
0 0 0 0 70 87 47 1 65 58 64 1 111 132 115 1 96 109 90 1 59 77 58 1 52 99 73 1 0 30 4 1 0 27 22 1 0 23 16 1 0 44 17 1 10 37 24 1 25 51 40 1 0 0 0 0 16 45 33 1 15 31 52 1 20 42 24 1 48 56 63 1 45 24 42 1 22 21 14 1 19 27 23 1 46 52 29 1 29 80 26 1 51 73 48 1 77 112 63 1 93 123 67 1 54 86 40 1 56 95 91 1 62 124 90 1 0 45 47 1 0 0 0 0 0 0 0 0 0 0 0 0 7 13 12 1 0 13 1 1 0 0 0 0 137 181 119 1 43 62 49 1 19 42 0 1 2 41 2 1 32 31 22 1 43 45 32 1 24 40 31 1 0 8 50 1 0 0 0 0 23 75 65 1 68 86 87 1 10 33 37 1 0 18 3 1 7 48 31 1 0 32 28 1 0 0 6 1 9 6 30 1 39 53 44 1 14 36 21 1 1 26 2 1 22 47 17 1 0 0 0 0 16 50 32 1 67 37 56 1 47 60 30 1 24 72 41 1 41 43 43 1 58 57 62 1 100 105 90 1
0 0 0 0 79 105 77 1 68 78 38 1 47 60 48 1 86 92 104 1 55 50 32 1 17 57 4 1 14 30 0 1 0 0 0 0 7 41 37 1 30 46 24 1 11 40 26 1 20 37 22 1 25 37 29 1 0 38 18 1 0 15 33 1 0 0 0 0 7 21 6 1 3 25 10 1 0 37 32 1 0 0 17 1 16 47 24 1 11 41 45 1 0 0 0 0 65 89 63 1 125 119 91 1 26 49 22 1 58 95 66 1 70 107 70 1 29 49 18 1 15 23 48 1 47 45 51 1 1 29 16 1 5 41 0 1 70 91 58 1 92 80 66 1 50 79 63 1 14 29 8 1 26 37 0 1 46 67 30 1 67 76 76 1 6 41 10 1 0 0 0 0 59 50 33 1 55 78 78 1 27 70 63 1 4 8 12 1 0 0 0 0 13 23 14 1 0 21 11 1 14 18 29 1 18 28 0 1 7 24 39 1 7 0 12 1 0 0 5 1 0 7 19 1 2 36 26 1 11 20 27 1 0 3 5 1 20 23 0 1 5 23 18 1 0 24 3 1 11 55 31 1 3 51 29 1 7 30 24 1
121 119 89 1 90 106 70 1 112 117 61 1 50 48 0 1 86 64 55 1 20 43 25 1 12 62 41 1 3 38 40 1 2 33 31 1 2 29 23 1 0 24 15 1 15 29 23 1 13 29 6 1 29 46 28 1 7 32 28 1 15 23 31 1 0 23 26 1 15 22 14 1 26 37 23 1 0 0 0 0 17 77 50 1 41 53 33 1 50 85 54 1 67 94 64 1 45 68 54 1 90 78 27 1 92 113 71 1 95 98 80 1 0 0 0 0 70 88 97 1 29 39 27 1 9 55 9 1 9 66 20 1 85 112 81 1 0 0 0 0 83 103 74 1 18 40 30 1 0 0 0 0 32 48 43 1 45 73 46 1 62 85 75 1 39 73 43 1 51 60 51 1 45 72 104 1 27 16 19 1 0 24 0 1 0 39 5 1 11 47 15 1 0 27 0 1 8 21 30 1 14 22 13 1 0 32 32 1 3 4 10 1 0 2 29 1 29 23 28 1 2 11 47 1 0 0 0 0 9 15 19 1 2 29 50 1 0 11 31 1 7 15 43 1 0 16 32 1 12 14 0 1 50 46 51 1 14 36 8 1
73 86 87 1 73 68 41 1 101 82 72 1 124 135 91 1 50 30 44 1 0 22 6 1 2 21 7 1 0 34 0 1 0 16 0 1 0 32 40 1 26 62 59 1 19 45 59 1 38 37 7 1 7 18 28 1 10 35 12 1 9 45 12 1 15 41 3 1 4 39 32 1 12 47 18 1 2 58 53 1 18 30 44 1 0 0 0 0 56 69 69 1 73 80 84 1 57 83 43 1 59 74 63 1 105 104 98 1 99 98 103 1 127 137 103 1 0 0 0 0 32 46 31 1 27 18 12 1 78 94 71 1 117 140 111 1 89 111 58 1 18 45 16 1 0 0 0 0 26 62 37 1 0 0 0 0 42 53 39 1 28 60 69 1 28 34 56 1 22 6 39 1 37 43 47 1 0 25 20 1 10 12 35 1 0 0 34 1 0 17 30 1 27 26 24 1 0 8 16 1 17 31 18 1 16 37 30 1 7 11 26 1 9 45 7 1 0 37 8 1 0 43 9 1 13 36 12 1 0 27 23 1 11 12 13 1 18 33 7 1 9 35 8 1 3 10 6 1 0 0 0 0 14 12 5 1 13 32 14 1
67 69 14 1 142 139 122 1 110 131 115 1 109 115 84 1 55 57 59 1 52 89 57 1 27 58 42 1 18 48 0 1 45 34 50 1 18 47 5 1 19 46 6 1 0 14 11 1 10 25 0 1 4 35 18 1 12 11 21 1 20 39 38 1 47 40 42 1 18 57 38 1 1 34 10 1 0 0 0 0 7 37 51 1 2 22 0 1 2 33 37 1 52 43 22 1 65 111 64 1 60 95 53 1 57 57 42 1 105 106 62 1 0 0 0 0 132 123 104 1 53 59 61 1 11 33 14 1 96 135 103 1 99 130 96 1 48 59 47 1 7 0 13 1 0 0 0 0 42 89 87 1 24 68 34 1 18 44 39 1 6 0 5 1 0 10 13 1 9 30 24 1 2 7 24 1 0 10 7 1 18 24 53 1 0 10 28 1 0 20 7 1 0 37 2 1 0 1 23 1 0 32 17 1 21 42 24 1 35 33 13 1 8 23 20 1 0 12 22 1 18 35 21 1 0 21 11 1 8 30 41 1 0 28 9 1 0 32 33 1 13 46 55 1 60 71 37 1 37 39 15 1 27 13 12 1 36 21 25 1
77 92 64 1 100 96 69 1 79 129 91 1 44 25 1 1 16 43 35 1 0 0 0 0 0 26 1 1 8 59 53 1 10 11 11 1 8 13 8 1 1 36 19 1 34 73 44 1 18 46 29 1 11 48 14 1 22 26 26 1 3 48 35 1 35 49 47 1 17 42 19 1 9 69 13 1 0 0 0 0 0 26 54 1 30 33 39 1 15 47 39 1 14 29 19 1 82 62 51 1 109 110 77 1 88 59 50 1 31 66 21 1 0 0 0 0 89 107 101 1 14 74 24 1 9 25 0 1 72 105 95 1 0 0 0 0 19 41 10 1 35 52 32 1 68 48 66 1 50 87 44 1 35 61 14 1 8 54 24 1 41 20 0 1 16 32 47 1 27 59 40 1 23 33 18 1 0 16 10 1 0 19 16 1 0 0 0 0 2 40 15 1 14 39 42 1 2 30 21 1 21 22 31 1 0 26 21 1 4 28 7 1 20 40 21 1 0 0 0 0 0 0 0 0 0 35 14 1 2 18 32 1 22 49 19 1 65 76 55 1 9 51 50 1 15 28 34 1 0 0 0 0 53 54 68 1 94 105 54 1
104 106 86 1 111 74 87 1 106 147 116 1 56 60 43 1 126 169 115 1 59 111 46 1 2 49 11 1 5 32 6 1 10 50 27 1 0 0 0 0 25 36 18 1 39 72 47 1 35 57 27 1 8 56 30 1 37 69 28 1 5 23 30 1 0 0 0 0 3 31 27 1 0 21 29 1 0 47 35 1 0 22 49 1 2 26 37 1 4 41 41 1 1 49 0 1 20 80 35 1 88 137 82 1 102 101 106 1 84 108 99 1 76 112 82 1 100 118 92 1 74 105 49 1 25 32 8 1 0 0 0 0 67 61 56 1 42 44 37 1 41 74 60 1 0 0 0 0 24 47 11 1 27 19 0 1 5 27 0 1 0 0 0 0 29 45 40 1 31 66 53 1 19 10 33 1 3 15 45 1 0 0 0 0 0 17 21 1 8 21 35 1 9 20 15 1 13 43 21 1 0 27 10 1 0 14 37 1 1 33 12 1 0 0 0 0 0 24 0 1 0 11 9 1 10 21 7 1 0 33 23 1 9 37 10 1 11 26 25 1 47 66 34 1 61 85 63 1 30 79 36 1 0 0 0 0 108 98 76 1
84 87 47 1 97 89 78 1 93 89 60 1 65 68 29 1 22 22 4 1 20 77 11 1 41 69 24 1 8 55 30 1 51 53 48 1 0 51 32 1 21 13 0 1 21 59 25 1 32 12 39 1 20 55 45 1 62 75 77 1 30 36 63 1 0 23 18 1 9 42 47 1 22 43 35 1 33 13 6 1 0 40 38 1 16 37 48 1 0 5 51 1 10 62 13 1 36 46 42 1 35 68 43 1 74 53 53 1 75 61 42 1 0 0 0 0 75 80 68 1 58 88 69 1 71 70 75 1 0 0 0 0 26 60 49 1 56 41 30 1 4 54 43 1 23 1 46 1 0 0 0 0 34 65 37 1 24 36 27 1 42 56 64 1 62 97 82 1 16 19 26 1 4 8 17 1 0 15 28 1 19 25 28 1 7 27 13 1 0 0 0 0 26 26 14 1 0 0 3 1 26 46 25 1 0 62 36 1 26 38 38 1 0 29 10 1 7 3 0 1 0 26 24 1 25 25 11 1 31 6 12 1 26 16 9 1 7 38 7 1 49 62 82 1 40 54 41 1 45 52 11 1 42 67 56 1 131 105 103 1
112 110 83 1 77 84 54 1 61 26 7 1 50 59 30 1 31 68 37 1 54 57 45 1 43 68 31 1 30 77 59 1 26 26 34 1 16 34 3 1 0 5 0 1 33 35 56 1 0 0 0 0 9 20 14 1 66 28 37 1 30 56 34 1 0 40 48 1 11 42 43 1 0 0 0 0 0 26 16 1 21 19 32 1 0 51 42 1 0 34 12 1 1 42 37 1 25 61 40 1 59 78 27 1 87 91 63 1 0 0 0 0 44 31 35 1 25 37 28 1 27 76 65 1 78 106 85 1 53 82 76 1 4 40 37 1 58 70 40 1 54 49 33 1 46 41 24 1 44 59 49 1 45 74 57 1 34 46 40 1 0 0 0 0 51 90 54 1 0 51 23 1 0 28 21 1 23 19 25 1 0 0 0 0 6 56 26 1 0 0 0 0 0 31 5 1 0 17 20 1 0 17 35 1 0 38 43 1 16 8 0 1 0 28 4 1 1 41 3 1 3 0 0 1 0 20 0 1 3 9 12 1 24 32 34 1 14 8 4 1 1 47 35 1 9 20 29 1 57 67 47 1 72 81 53 1 46 52 4 1
0 0 0 0 157 162 130 1 113 104 81 1 0 0 0 0 0 0 0 0 41 67 49 1 35 59 34 1 0 0 0 0 28 0 0 1 0 41 19 1 0 9 0 1 0 25 3 1 33 44 33 1 0 0 0 0 53 28 47 1 0 21 29 1 0 30 9 1 16 49 17 1 13 45 11 1 0 0 0 0 4 24 53 1 5 44 34 1 0 0 0 0 0 39 27 1 1 23 18 1 52 74 54 1 68 100 46 1 47 87 55 1 19 28 31 1 7 49 29 1 17 42 20 1 13 57 20 1 0 0 0 0 0 0 0 0 22 34 10 1 67 45 28 1 64 101 65 1 8 43 14 1 8 56 56 1 0 39 48 1 10 69 37 1 23 57 18 1 15 15 25 1 11 17 27 1 4 42 50 1 0 6 8 1 21 19 0 1 30 38 25 1 7 10 23 1 0 4 22 1 0 0 0 0 0 0 0 0 0 0 0 0 5 21 25 1 6 9 19 1 0 24 0 1 36 34 45 1 0 18 0 1 7 45 58 1 50 46 47 1 26 45 39 1 9 12 20 1 21 54 20 1 9 18 19 1 8 17 9 1
79 60 41 1 51 35 19 1 61 54 16 1 67 50 53 1 72 65 55 1 38 60 35 1 20 45 0 1 31 59 47 1 97 90 63 1 116 123 84 1 23 66 39 1 2 3 26 1 15 59 62 1 25 64 51 1 10 30 31 1 19 27 0 1 0 50 20 1 4 30 40 1 17 41 37 1 18 56 53 1 30 49 64 1 5 40 41 1 0 8 0 1 0 0 0 0 20 35 37 1 29 46 28 1 63 97 76 1 94 114 94 1 30 44 21 1 0 0 0 0 0 0 0 0 48 47 33 1 22 69 26 1 58 43 27 1 26 57 28 1 59 78 66 1 86 105 108 1 0 0 0 0 13 24 0 1 0 0 0 0 19 3 30 1 12 21 25 1 0 0 0 0 0 43 23 1 0 0 0 0 0 14 0 1 0 7 4 1 0 64 26 1 0 15 18 1 11 42 14 1 0 0 0 0 58 54 71 1 56 93 52 1 20 23 32 1 0 0 2 1 15 14 11 1 19 28 13 1 7 17 12 1 0 0 0 0 21 45 12 1 7 21 18 1 11 21 4 1 27 52 40 1 82 90 65 1 57 85 58 1
0 0 0 0 123 106 70 1 74 77 50 1 33 48 26 1 45 88 55 1 66 58 52 1 38 22 24 1 59 68 50 1 112 120 98 1 128 112 107 1 62 65 37 1 28 30 8 1 32 68 68 1 15 39 46 1 8 57 32 1 18 56 40 1 10 34 7 1 32 2 17 1 16 43 23 1 0 55 28 1 4 43 29 1 0 32 46 1 0 30 29 1 22 30 3 1 13 23 0 1 9 42 34 1 45 64 68 1 76 77 50 1 15 39 18 1 42 49 61 1 0 0 0 0 51 87 59 1 0 0 0 0 56 100 44 1 46 97 35 1 59 49 20 1 61 88 83 1 8 37 22 1 5 33 33 1 1 43 40 1 30 41 39 1 15 34 43 1 0 15 23 1 3 11 3 1 0 24 16 1 0 0 0 0 0 31 0 1 30 20 32 1 1 29 13 1 27 59 20 1 21 39 22 1 35 37 18 1 24 14 0 1 7 24 0 1 0 2 28 1 6 17 17 1 40 55 18 1 25 66 32 1 58 70 49 1 0 0 0 0 25 52 11 1 0 0 0 0 37 40 6 1 44 55 59 1 0 0 0 0
170 188 146 1 142 115 78 1 90 61 62 1 11 45 0 1 9 25 6 1 46 31 11 1 55 25 4 1 46 70 47 1 67 82 90 1 100 103 87 1 55 39 15 1 10 32 22 1 4 14 17 1 15 21 17 1 0 13 14 1 0 24 20 1 0 35 0 1 0 14 1 1 3 37 19 1 13 12 26 1 3 42 52 1 18 34 40 1 2 15 38 1 0 53 22 1 0 29 35 1 0 0 0 0 58 35 36 1 39 45 23 1 0 0 0 0 6 0 2 1 8 19 22 1 46 64 59 1 35 43 44 1 37 28 46 1 71 137 55 1 22 50 56 1 10 40 25 1 0 20 22 1 6 21 37 1 0 0 0 0 4 41 40 1 0 0 0 0 23 47 48 1 2 30 6 1 0 0 0 0 6 30 26 1 0 43 15 1 0 30 12 1 26 30 32 1 0 28 17 1 30 46 15 1 24 44 23 1 36 52 26 1 41 46 41 1 52 19 25 1 0 0 0 0 0 0 0 0 42 31 0 1 53 70 37 1 50 65 72 1 38 80 0 1 92 78 73 1 73 96 65 1 69 112 77 1 167 146 148 1
214 176 148 1 119 128 94 1 134 128 131 1 0 0 0 0 102 101 90 1 64 90 56 1 59 72 54 1 89 107 85 1 28 101 44 1 39 56 31 1 18 14 52 1 0 26 28 1 10 12 31 1 3 13 0 1 6 31 16 1 34 68 18 1 25 34 13 1 0 41 36 1 0 0 0 0 4 33 19 1 2 48 41 1 6 40 58 1 15 45 53 1 7 41 20 1 0 27 11 1 9 54 22 1 16 43 41 1 20 6 49 1 29 50 62 1 36 69 70 1 16 37 24 1 0 3 6 1 0 0 0 0 0 0 0 0 110 139 108 1 33 77 42 1 14 72 30 1 1 28 29 1 16 17 11 1 0 0 0 0 5 49 22 1 32 60 31 1 11 37 6 1 0 41 11 1 6 13 3 1 13 34 17 1 3 31 53 1 0 40 27 1 0 44 29 1 24 9 12 1 19 54 17 1 10 14 0 1 12 15 13 1 27 32 32 1 0 0 0 0 0 24 5 1 1 39 30 1 32 36 25 1 71 87 62 1 58 59 36 1 34 54 22 1 65 101 47 1 91 64 56 1 118 131 64 1 156 124 109 1
175 153 116 1 123 129 91 1 76 103 53 1 74 86 50 1 47 82 21 1 56 34 34 1 61 60 49 1 59 89 79 1 20 64 9 1 10 30 37 1 9 38 4 1 0 0 0 0 0 35 9 1 19 8 14 1 20 45 32 1 11 71 37 1 26 42 46 1 0 54 0 1 0 6 8 1 0 24 43 1 0 0 0 0 0 0 0 0 16 26 21 1 4 49 52 1 11 21 11 1 14 36 29 1 43 75 57 1 34 78 51 1 58 69 63 1 8 34 35 1 39 58 80 1 153 150 162 1 88 107 93 1 39 78 39 1 81 137 90 1 63 104 54 1 20 55 23 1 15 31 11 1 22 62 57 1 0 0 0 0 32 53 23 1 5 27 19 1 0 0 0 0 0 0 0 0 0 13 13 1 0 27 0 1 49 53 41 1 0 37 0 1 16 43 23 1 21 17 22 1 93 97 92 1 82 134 92 1 0 14 2 1 0 0 0 0 53 65 55 1 41 38 0 1 13 36 21 1 43 46 32 1 54 49 32 1 26 31 3 1 0 0 0 0 87 95 43 1 75 54 34 1 64 57 54 1 16 19 1 1
117 127 96 1 106 103 75 1 53 81 16 1 22 45 17 1 21 24 24 1 28 2 23 1 16 55 16 1 20 55 61 1 9 74 20 1 8 44 9 1 5 28 22 1 3 22 8 1 0 0 21 1 26 56 24 1 22 26 25 1 58 78 89 1 82 99 78 1 2 41 42 1 27 40 49 1 0 0 0 0 7 41 53 1 10 38 67 1 21 8 14 1 33 40 37 1 42 41 50 1 0 0 0 0 23 53 34 1 1 24 16 1 0 0 0 0 3 59 36 1 20 63 37 1 0 0 0 0 54 80 46 1 32 47 20 1 105 111 87 1 96 105 80 1 52 86 52 1 0 0 0 0 2 54 59 1 0 0 0 0 25 40 47 1 0 0 0 0 21 21 15 1 15 14 10 1 0 31 26 1 16 40 11 1 14 40 21 1 0 0 0 0 14 30 0 1 48 37 42 1 87 78 67 1 73 112 74 1 30 34 26 1 2 27 29 1 26 30 27 1 45 22 37 1 46 32 39 1 83 88 68 1 38 78 38 1 39 22 14 1 20 39 17 1 72 51 58 1 7 40 44 1 23 32 3 1 81 106 55 1
166 135 105 1 42 34 29 1 43 88 28 1 73 79 63 1 25 41 28 1 12 40 32 1 16 17 15 1 28 34 5 1 22 55 44 1 0 9 17 1 31 22 2 1 0 5 34 1 0 29 24 1 21 0 10 1 24 27 34 1 97 115 58 1 30 52 37 1 30 74 22 1 3 22 10 1 0 0 0 0 0 52 60 1 30 51 48 1 38 56 21 1 21 59 45 1 11 65 43 1 6 52 22 1 28 80 16 1 16 47 19 1 0 0 0 0 53 50 63 1 38 57 32 1 99 103 73 1 53 51 20 1 55 87 53 1 76 82 58 1 70 105 86 1 50 67 48 1 2 15 3 1 26 53 23 1 0 39 37 1 0 29 18 1 18 32 4 1 16 22 14 1 5 23 26 1 13 49 45 1 16 34 2 1 35 44 36 1 29 39 37 1 0 0 0 0 40 79 34 1 67 74 68 1 55 51 54 1 0 0 0 0 0 14 5 1 0 25 5 1 52 69 51 1 38 69 46 1 28 66 40 1 0 20 0 1 5 34 28 1 29 51 10 1 54 70 26 1 0 0 0 0 75 60 31 1 88 81 78 1
96 127 93 1 37 68 55 1 20 54 49 1 50 71 39 1 14 48 20 1 0 0 0 0 0 0 0 0 18 76 49 1 11 36 17 1 0 33 20 1 22 20 23 1 15 35 39 1 28 57 27 1 29 62 55 1 46 59 70 1 51 80 48 1 29 56 29 1 26 54 5 1 0 4 9 1 25 47 63 1 10 48 31 1 0 39 29 1 0 39 35 1 26 73 53 1 18 77 15 1 49 92 57 1 66 81 56 1 81 103 100 1 31 80 70 1 0 27 27 1 63 60 66 1 56 62 87 1 38 56 65 1 87 59 62 1 50 85 54 1 53 62 48 1 0 0 0 0 1 50 0 1 1 17 38 1 1 18 38 1 27 32 47 1 0 39 42 1 0 40 11 1 8 37 21 1 13 38 45 1 0 21 0 1 0 0 0 0 14 25 0 1 0 37 0 1 72 100 66 1 51 80 60 1 1 23 4 1 0 0 0 0 41 28 35 1 37 45 71 1 13 32 31 1 34 27 21 1 56 57 35 1 15 41 5 1 58 80 55 1 38 77 66 1 28 69 51 1 22 58 42 1 43 82 70 1 43 55 34 1
91 129 128 1 68 67 51 1 0 0 0 0 17 27 17 1 0 0 0 0 9 23 35 1 0 10 0 1 52 64 46 1 70 109 71 1 43 89 66 1 28 46 63 1 31 65 44 1 15 23 12 1 0 18 1 1 24 33 41 1 48 51 52 1 90 81 51 1 29 64 30 1 37 59 45 1 0 21 36 1 0 0 0 0 21 32 35 1 18 53 41 1 13 9 19 1 0 51 1 1 45 97 69 1 54 96 52 1 64 94 61 1 24 18 23 1 0 0 0 0 18 81 36 1 53 51 27 1 115 90 84 1 82 76 82 1 22 62 21 1 59 100 58 1 30 44 20 1 0 0 0 0 0 25 33 1 0 40 29 1 0 30 30 1 0 36 32 1 0 43 26 1 0 32 5 1 17 39 44 1 17 55 4 1 19 48 25 1 52 54 45 1 19 26 21 1 13 85 67 1 19 50 22 1 4 48 6 1 19 71 59 1 34 45 42 1 4 39 28 1 0 18 3 1 0 0 0 0 14 11 0 1 20 26 24 1 30 56 48 1 0 31 34 1 24 62 36 1 23 51 43 1 49 49 27 1 48 41 57 1
73 95 66 1 95 106 95 1 39 57 45 1 51 18 34 1 13 52 53 1 52 66 61 1 13 34 8 1 6 19 0 1 43 51 33 1 47 108 35 1 0 37 14 1 0 0 0 0 70 74 52 1 45 66 57 1 58 66 41 1 0 16 5 1 70 86 70 1 17 58 29 1 8 27 14 1 0 0 0 0 26 52 62 1 3 25 24 1 47 37 15 1 29 32 10 1 45 36 27 1 69 125 70 1 91 138 91 1 60 82 53 1 28 19 23 1 0 0 0 0 0 0 0 0 128 152 98 1 199 204 188 1 133 140 110 1 0 61 44 1 75 102 104 1 0 0 0 0 15 27 32 1 0 0 0 0 0 5 0 1 7 49 31 1 21 67 38 1 6 63 36 1 26 44 0 1 0 0 0 0 9 27 21 1 1 48 16 1 15 45 39 1 0 0 0 0 1 57 49 1 29 33 30 1 0 68 0 1 58 61 53 1 10 58 25 1 1 40 37 1 0 16 31 1 19 32 23 1 0 18 0 1 7 5 16 1 0 22 15 1 0 28 22 1 0 0 0 0 3 7 3 1 9 49 46 1 0 0 0 0
35 73 28 1 62 54 63 1 0 0 0 0 15 58 29 1 0 0 0 0 18 45 25 1 0 0 0 0 39 48 53 1 64 105 65 1 77 121 89 1 18 67 47 1 84 106 86 1 94 94 91 1 34 47 44 1 41 54 38 1 24 73 36 1 14 48 4 1 25 48 22 1 0 14 0 1 20 41 28 1 15 30 28 1 30 43 16 1 39 59 45 1 48 68 64 1 81 98 79 1 100 112 83 1 111 104 65 1 9 57 25 1 44 81 38 1 16 43 33 1 89 84 83 1 66 107 82 1 126 147 111 1 61 58 50 1 20 76 36 1 73 119 69 1 0 0 0 0 15 49 25 1 0 0 0 0 0 16 20 1 55 51 72 1 26 60 48 1 19 52 0 1 21 59 47 1 0 0 0 0 0 0 0 0 0 31 11 1 6 26 0 1 0 0 0 0 39 62 45 1 0 0 0 0 0 0 0 0 0 20 0 1 0 0 0 0 1 24 9 1 22 74 27 1 25 55 38 1 0 17 13 1 27 55 50 1 33 30 56 1 10 69 16 1 19 53 35 1 29 26 8 1 37 2 7 1 40 60 0 1
22 7 0 1 32 33 42 1 3 15 17 1 0 17 7 1 9 16 0 1 0 39 35 1 8 29 26 1 0 0 0 0 0 12 2 1 15 38 23 1 23 29 7 1 52 91 74 1 63 106 81 1 55 66 47 1 42 51 22 1 9 76 0 1 26 62 34 1 21 56 23 1 15 37 7 1 10 63 33 1 17 35 26 1 11 42 12 1 51 59 21 1 94 75 72 1 102 122 70 1 0 0 0 0 110 103 79 1 0 0 0 0 18 47 22 1 1 35 16 1 64 97 45 1 71 74 73 1 101 112 80 1 18 45 21 1 15 38 21 1 58 108 73 1 25 58 7 1 10 32 15 1 18 37 33 1 0 0 0 0 7 31 23 1 16 51 41 1 32 33 34 1 17 39 27 1 24 22 12 1 26 53 25 1 7 32 27 1 9 24 41 1 17 74 27 1 43 28 0 1 27 43 32 1 11 18 0 1 2 21 2 1 2 42 20 1 0 23 4 1 8 37 37 1 10 22 31 1 0 31 52 1 1 33 54 1 0 0 0 0 36 41 30 1 1 42 25 1 41 49 38 1 0 0 0 0 46 50 12 1
58 58 50 1 4 1 4 1 0 29 26 1 42 62 18 1 5 41 0 1 8 26 28 1 19 46 37 1 10 55 77 1 10 46 28 1 3 14 39 1 11 13 0 1 0 0 0 0 31 62 28 1 47 67 51 1 20 55 30 1 50 60 8 1 84 88 73 1 85 113 79 1 26 45 14 1 16 43 32 1 12 48 39 1 26 68 41 1 30 89 40 1 101 128 89 1 130 122 101 1 136 142 99 1 0 0 0 0 11 69 17 1 28 73 64 1 37 54 4 1 15 48 33 1 49 35 20 1 23 55 67 1 37 73 44 1 0 0 0 0 55 97 70 1 29 25 8 1 12 30 16 1 0 12 2 1 21 32 28 1 0 0 0 0 31 64 22 1 22 43 32 1 7 33 0 1 21 35 14 1 42 65 48 1 36 39 21 1 23 40 7 1 19 46 36 1 22 40 56 1 1 39 31 1 0 14 31 1 0 0 0 0 6 3 21 1 9 16 22 1 0 0 0 0 0 0 0 0 1 38 16 1 27 38 46 1 37 57 53 1 44 82 68 1 32 42 26 1 0 0 0 0 5 4 7 1 86 100 61 1
123 109 122 1 36 68 37 1 40 55 51 1 27 45 30 1 34 29 15 1 0 14 39 1 20 25 12 1 1 15 0 1 2 46 26 1 14 61 37 1 0 0 0 0 25 43 33 1 40 45 22 1 0 51 34 1 0 34 18 1 25 43 34 1 53 63 57 1 25 66 42 1 23 55 46 1 31 53 37 1 20 66 14 1 62 72 48 1 69 76 48 1 66 88 73 1 80 83 83 1 76 106 42 1 105 118 103 1 37 71 34 1 26 53 20 1 21 41 61 1 18 34 18 1 39 45 33 1 0 0 0 0 2 67 39 1 39 92 65 1 69 111 89 1 35 33 19 1 18 53 51 1 13 36 33 1 9 27 31 1 2 66 48 1 15 53 32 1 84 57 58 1 47 40 25 1 47 36 21 1 0 0 0 0 36 54 57 1 0 0 0 0 0 43 34 1 24 24 17 1 0 10 9 1 0 34 21 1 9 10 8 1 4 31 37 1 0 0 0 0 0 0 0 0 9 11 0 1 0 0 0 0 0 23 23 1 36 35 27 1 9 49 31 1 4 0 6 1 0 0 0 0 0 0 0 0 150 140 93 1
23 14 1 1 101 107 90 1 61 70 57 1 0 0 0 0 0 37 13 1 0 0 0 0 11 54 39 1 14 33 27 1 17 42 33 1 5 37 37 1 8 36 29 1 0 0 0 0 30 30 42 1 27 40 46 1 32 61 27 1 35 42 35 1 0 0 0 1 6 18 7 1 38 51 30 1 53 107 50 1 60 65 75 1 34 27 8 1 61 71 33 1 74 110 69 1 0 0 0 0 67 138 98 1 92 94 82 1 13 14 11 1 37 45 31 1 73 59 42 1 54 55 41 1 45 112 93 1 31 86 45 1 22 66 0 1 53 107 58 1 48 93 55 1 24 39 17 1 13 6 0 1 17 44 59 1 0 33 43 1 11 27 56 1 16 27 9 1 35 42 40 1 29 58 37 1 41 52 36 1 14 30 18 1 43 35 71 1 49 41 19 1 14 33 10 1 0 0 0 0 23 30 30 1 18 35 5 1 7 23 36 1 8 25 38 1 19 48 14 1 12 59 67 1 18 13 9 1 14 35 26 1 46 82 62 1 0 0 0 0 31 25 20 1 69 79 56 1 0 0 0 0 121 140 96 1 100 77 66 1
76 93 72 1 102 98 85 1 61 87 27 1 14 31 23 1 17 38 30 1 19 32 5 1 19 14 7 1 0 0 0 0 0 50 41 1 0 0 0 0 30 51 23 1 17 10 61 1 10 41 23 1 0 0 18 1 0 23 33 1 48 35 55 1 25 38 56 1 18 81 88 1 79 107 64 1 45 92 48 1 40 80 61 1 0 0 0 0 35 53 34 1 35 48 56 1 16 41 21 1 39 73 81 1 84 100 87 1 41 59 55 1 16 40 25 1 25 35 30 1 52 67 33 1 48 102 75 1 19 66 26 1 18 26 25 1 58 124 77 1 40 90 64 1 31 59 62 1 0 0 0 0 0 33 21 1 22 29 37 1 31 19 55 1 24 32 13 1 25 28 11 1 30 56 49 1 10 86 65 1 43 62 55 1 0 30 13 1 0 0 0 0 16 38 18 1 0 0 0 0 4 10 3 1 0 0 0 0 13 28 24 1 28 0 5 1 0 26 29 1 15 9 19 1 0 0 3 1 0 23 30 1 32 58 33 1 57 68 56 1 15 18 0 1 38 47 16 1 178 179 133 1 243 255 236 1 173 181 116 1
107 97 94 1 90 104 51 1 104 116 56 1 95 149 91 1 52 77 56 1 39 38 44 1 14 43 26 1 0 0 0 0 61 77 73 1 1 70 43 1 28 43 50 1 34 44 30 1 59 60 27 1 20 40 38 1 0 0 0 0 0 25 20 1 38 34 28 1 38 48 62 1 37 44 28 1 14 50 13 1 59 67 39 1 25 70 14 1 0 28 19 1 26 40 27 1 35 74 79 1 21 76 56 1 53 104 91 1 31 69 76 1 37 38 21 1 23 50 49 1 66 80 41 1 0 0 0 0 68 96 80 1 38 85 66 1 0 0 0 0 65 98 66 1 54 67 56 1 5 32 53 1 0 0 0 0 22 59 46 1 0 0 0 0 0 0 0 0 46 54 7 1 50 74 46 1 38 51 48 1 28 31 42 1 0 44 19 1 0 19 18 1 3 65 13 1 9 42 40 1 27 36 43 1 0 43 37 1 0 22 46 1 2 34 15 1 0 0 0 0 0 0 0 0 34 32 9 1 5 37 34 1 18 31 20 1 20 28 4 1 25 15 0 1 125 128 61 1 106 108 102 1 0 0 0 0 0 0 0 0
46 46 60 1 30 69 26 1 46 111 50 1 20 60 61 1 0 0 0 0 0 21 0 1 29 72 35 1 28 50 39 1 0 0 0 0 37 46 11 1 62 78 69 1 112 110 104 1 101 107 125 1 0 0 0 0 33 9 28 1 25 46 41 1 11 22 17 1 0 0 0 0 0 0 0 0 0 15 3 1 16 42 39 1 0 0 0 0 30 21 42 1 33 70 46 1 34 43 22 1 18 47 3 1 62 86 87 1 80 137 104 1 48 108 48 1 9 69 38 1 92 100 78 1 90 96 83 1 105 94 56 1 28 77 36 1 0 0 0 0 31 63 28 1 0 0 0 0 37 12 32 1 39 72 76 1 18 54 46 1 0 0 0 0 7 39 22 1 11 26 0 1 8 10 10 1 0 28 5 1 0 0 0 0 30 35 35 1 0 41 27 1 23 23 14 1 20 21 8 1 0 41 30 1 33 35 27 1 36 24 52 1 26 54 18 1 9 29 52 1 2 11 8 1 0 28 23 1 5 24 28 1 2 15 13 1 8 50 0 1 73 66 75 1 106 146 115 1 146 134 92 1 56 82 31 1 39 26 0 1
15 25 8 1 0 0 0 0 7 71 22 1 38 54 25 1 34 39 48 1 0 12 25 1 16 32 12 1 9 68 24 1 11 17 12 1 9 72 21 1 69 85 50 1 91 80 64 1 81 122 96 1 95 103 82 1 71 85 74 1 67 88 49 1 57 69 52 1 36 71 5 1 12 31 26 1 35 72 39 1 21 50 41 1 86 126 103 1 53 65 45 1 13 45 36 1 30 77 64 1 28 56 36 1 27 64 46 1 58 84 86 1 48 86 74 1 12 69 24 1 65 101 46 1 95 139 122 1 49 75 55 1 121 120 94 1 127 121 89 1 37 28 0 1 0 0 0 0 17 55 39 1 0 0 0 0 11 42 38 1 24 50 31 1 0 0 0 0 29 24 12 1 36 43 27 1 0 3 25 1 50 6 16 1 11 42 43 1 0 36 0 1 0 23 7 1 11 17 37 1 0 0 0 0 42 58 16 1 0 0 0 0 31 14 25 1 31 36 27 1 0 10 61 1 30 25 22 1 27 12 27 1 25 27 32 1 45 50 35 1 114 110 92 1 68 62 12 1 74 87 87 1 60 113 70 1 137 142 85 1
1 18 30 1 10 22 18 1 46 49 39 1 65 32 28 1 19 31 16 1 0 5 25 1 0 32 23 1 24 36 24 1 0 25 24 1 0 62 18 1 0 42 5 1 0 32 0 1 42 50 44 1 86 91 89 1 125 132 91 1 121 120 105 1 80 115 92 1 50 30 33 1 55 79 41 1 115 144 99 1 59 102 43 1 78 116 72 1 63 101 69 1 29 29 21 1 25 23 26 1 11 57 41 1 31 41 23 1 41 77 53 1 59 98 70 1 36 56 56 1 18 53 12 1 61 77 68 1 54 80 54 1 60 86 45 1 0 0 0 0 96 88 79 1 34 58 4 1 0 23 12 1 32 95 68 1 103 100 92 1 41 57 36 1 15 43 31 1 11 29 42 1 0 0 0 0 0 5 50 1 13 24 23 1 15 30 26 1 0 13 32 1 2 26 10 1 3 8 9 1 0 0 0 0 19 4 59 1 30 27 2 1 0 51 27 1 0 16 29 1 0 23 4 1 0 20 0 1 19 9 32 1 4 27 47 1 32 55 22 1 64 64 38 1 73 83 36 1 115 99 66 1 47 50 26 1 148 132 131 1
14 50 16 1 29 48 31 1 18 53 21 1 15 54 19 1 21 74 22 1 0 0 0 0 23 31 35 1 0 39 30 1 0 46 5 1 0 0 0 0 41 23 16 1 7 51 23 1 3 40 0 1 55 53 28 1 57 73 34 1 55 58 47 1 73 71 36 1 59 104 55 1 57 73 62 1 76 119 88 1 78 138 90 1 130 172 120 1 111 115 101 1 15 52 0 1 20 19 27 1 32 45 51 1 25 80 48 1 30 72 57 1 0 0 0 0 62 95 39 1 70 74 60 1 96 98 91 1 81 97 50 1 75 50 37 1 73 79 49 1 61 90 29 1 38 43 43 1 0 0 0 0 88 112 102 1 83 108 98 1 25 60 51 1 0 36 39 1 43 27 32 1 18 57 25 1 0 50 20 1 0 17 35 1 0 38 41 1 0 0 0 0 0 17 0 1 11 33 9 1 0 15 41 1 0 41 16 1 2 20 26 1 21 15 13 1 19 3 40 1 3 25 27 1 29 31 14 1 0 0 0 0 24 34 30 1 1 44 24 1 89 102 74 1 97 92 76 1 3 55 15 1 39 37 18 1 46 34 19 1
51 91 36 1 30 35 48 1 34 49 44 1 28 59 25 1 38 52 32 1 25 24 34 1 20 21 35 1 12 57 17 1 0 19 30 1 23 50 25 1 34 82 63 1 29 45 21 1 7 47 0 1 13 16 23 1 0 0 0 0 43 70 42 1 76 97 30 1 136 134 137 1 47 58 31 1 21 58 23 1 77 112 93 1 111 145 84 1 120 155 84 1 15 48 41 1 0 27 41 1 10 20 39 1 0 0 0 0 59 63 39 1 20 52 40 1 32 58 15 1 20 36 29 1 79 69 67 1 128 105 97 1 44 66 48 1 0 0 0 0 57 47 19 1 0 0 0 0 0 0 0 0 66 63 44 1 11 43 31 1 0 12 30 1 1 36 28 1 2 29 27 1 45 55 32 1 0 31 20 1 16 40 8 1 25 22 22 1 0 40 41 1 4 7 35 1 0 30 14 1 9 1 34 1 9 8 19 1 0 36 18 1 0 5 0 1 0 15 17 1 0 7 15 1 19 26 28 1 7 19 30 1 29 15 14 1 8 41 36 1 19 36 0 1 80 112 52 1 63 81 75 1 0 0 0 0 59 60 22 1
33 49 21 1 29 41 13 1 43 29 0 1 26 42 1 1 0 34 35 1 3 26 24 1 0 38 32 1 21 31 48 1 0 35 31 1 1 48 57 1 5 21 20 1 0 42 43 1 11 52 29 1 29 48 28 1 0 0 0 0 45 42 24 1 46 68 56 1 58 94 62 1 28 69 49 1 48 71 31 1 84 74 69 1 55 87 34 1 100 137 117 1 110 108 91 1 48 74 42 1 0 57 13 1 21 37 26 1 0 19 10 1 5 57 21 1 68 83 73 1 85 72 40 1 20 50 24 1 126 149 115 1 120 122 84 1 78 95 48 1 43 76 44 1 36 64 55 1 31 26 21 1 18 33 42 1 0 26 19 1 6 35 17 1 37 46 27 1 33 35 34 1 0 33 30 1 11 17 2 1 9 67 69 1 0 0 0 0 8 52 18 1 0 26 41 1 13 10 34 1 16 17 16 1 3 15 29 1 21 13 30 1 0 18 12 1 12 2 0 1 14 19 14 1 6 45 44 1 17 49 41 1 13 31 13 1 28 50 26 1 49 41 34 1 25 43 30 1 101 105 58 1 61 59 61 1 12 47 14 1
48 67 17 1 52 53 29 1 41 46 25 1 0 5 41 1 0 58 43 1 31 46 20 1 30 51 39 1 2 37 35 1 29 47 56 1 0 52 48 1 26 48 28 1 0 56 58 1 5 34 30 1 36 67 60 1 89 78 66 1 57 61 53 1 13 26 11 1 0 0 0 0 7 54 63 1 72 81 77 1 55 67 29 1 81 68 35 1 86 99 67 1 92 108 56 1 100 102 91 1 51 99 83 1 19 63 13 1 19 47 26 1 7 66 2 1 24 58 21 1 127 141 132 1 107 132 82 1 0 0 0 0 66 114 62 1 31 30 9 1 48 69 56 1 29 48 1 1 0 21 24 1 10 33 31 1 0 35 47 1 0 40 23 1 6 26 7 1 0 37 14 1 0 26 27 1 15 21 20 1 2 0 52 1 13 21 19 1 3 32 0 1 0 2 21 1 8 28 35 1 0 24 21 1 0 9 23 1 0 0 0 0 0 0 0 0 2 32 6 1 0 28 11 1 0 0 0 0 18 27 16 1 29 48 38 1 13 48 52 1 43 70 14 1 38 51 24 1 15 51 32 1 33 40 12 1 37 56 34 1
0 0 0 0 16 54 12 1 0 58 6 1 23 14 37 1 10 37 41 1 0 30 28 1 24 0 48 1 0 35 28 1 12 44 25 1 0 0 0 0 20 45 41 1 14 59 37 1 0 43 19 1 0 0 0 0 40 50 64 1 68 85 61 1 22 23 18 1 31 61 16 1 34 57 45 1 25 55 37 1 33 42 0 1 72 90 74 1 0 0 0 0 101 113 105 1 108 112 78 1 54 103 69 1 86 71 36 1 0 0 0 0 0 0 0 0 24 34 0 1 119 141 105 1 133 135 99 1 126 128 103 1 68 77 69 1 42 69 88 1 21 53 39 1 0 45 0 1 5 21 29 1 9 36 30 1 20 33 29 1 0 38 28 1 16 23 59 1 8 30 0 1 0 27 22 1 7 27 42 1 0 0 0 0 0 6 18 1 11 35 41 1 13 13 28 1 4 10 28 1 0 50 29 1 1 48 24 1 15 16 32 1 0 26 22 1 27 36 25 1 25 22 5 1 21 30 17 1 44 57 38 1 17 69 10 1 0 19 24 1 0 0 0 0 76 95 69 1 0 35 0 1 39 57 37 1 58 71 64 1
0 0 0 0 0 0 0 0 20 45 67 1 6 48 15 1 18 30 23 1 0 29 3 1 31 25 5 1 0 39 24 1 34 15 17 1 8 17 16 1 2 34 26 1 0 0 0 0 14 43 27 1 22 43 15 1 48 55 55 1 45 79 34 1 0 0 0 0 0 0 0 0 49 86 56 1 69 96 71 1 81 86 46 1 61 61 32 1 103 118 98 1 77 89 71 1 17 52 39 1 56 54 42 1 33 91 56 1 46 44 53 1 50 48 22 1 32 43 0 1 99 98 61 1 138 131 97 1 159 159 157 1 102 126 110 1 76 89 91 1 13 44 59 1 8 34 17 1 0 0 0 0 27 32 14 1 0 29 33 1 9 39 14 1 0 0 0 0 0 29 9 1 0 35 10 1 0 16 37 1 2 13 18 1 0 33 20 1 26 75 67 1 18 27 23 1 0 0 0 0 0 16 5 1 9 14 16 1 13 37 24 1 51 63 64 1 47 59 36 1 21 64 0 1 43 28 6 1 72 77 65 1 51 100 59 1 40 64 54 1 37 49 13 1 17 12 0 1 0 4 7 1 0 37 10 1 2 47 34 1
26 50 36 1 23 65 37 1 40 35 30 1 4 39 59 1 6 39 25 1 0 51 17 1 12 27 25 1 0 37 0 1 0 16 13 1 0 38 30 1 0 30 41 1 0 0 0 0 16 33 41 1 4 25 31 1 23 47 18 1 8 29 36 1 34 83 55 1 11 69 0 1 14 54 36 1 39 37 19 1 38 66 43 1 124 141 101 1 150 158 115 1 0 0 0 0 73 103 64 1 0 0 0 0 117 115 112 1 0 0 0 0 81 93 75 1 87 113 80 1 125 84 53 1 147 121 106 1 125 147 104 1 92 101 76 1 0 0 0 0 16 61 60 1 0 25 1 1 0 22 15 1 0 0 0 1 0 0 0 0 9 38 29 1 9 29 37 1 21 47 66 1 21 29 50 1 2 38 31 1 8 22 45 1 9 0 27 1 3 5 17 1 0 34 17 1 20 50 47 1 8 43 53 1 0 47 47 1 45 32 32 1 60 52 53 1 21 38 0 1 0 0 0 0 71 47 17 1 60 89 41 1 67 92 41 1 21 45 39 1 26 42 35 1 61 90 61 1 30 56 30 1 32 51 11 1 6 32 27 1
58 110 55 1 41 69 51 1 46 65 38 1 9 32 36 1 20 8 36 1 0 20 3 1 5 28 29 1 0 8 20 1 0 21 30 1 0 0 0 0 2 37 31 1 25 39 44 1 41 73 60 1 6 23 11 1 14 18 38 1 26 46 52 1 0 0 0 0 47 68 45 1 33 57 38 1 0 0 0 0 40 81 49 1 144 152 104 1 108 121 103 1 54 64 31 1 104 109 108 1 46 67 44 1 88 104 92 1 103 122 98 1 105 156 118 1 0 0 0 0 86 99 87 1 122 130 123 1 140 166 125 1 37 44 43 1 29 47 44 1 0 35 28 1 0 3 10 1 2 16 0 1 0 38 25 1 21 42 24 1 45 50 39 1 5 25 32 1 12 25 38 1 0 44 24 1 18 39 25 1 0 0 0 0 25 13 34 1 5 13 15 1 34 33 32 1 22 42 16 1 20 37 34 1 20 45 31 1 32 64 61 1 39 43 29 1 57 69 36 1 130 140 87 1 144 158 121 1 60 78 54 1 51 37 30 1 57 64 65 1 7 23 28 1 41 7 18 1 5 22 13 1 32 59 14 1 0 0 0 0
26 64 44 1 5 55 51 1 15 33 27 1 2 14 0 1 27 26 27 1 8 36 34 1 0 56 36 1 27 40 11 1 0 39 39 1 0 26 12 1 12 49 0 1 0 56 40 1 37 57 45 1 7 44 42 1 0 27 0 1 0 22 59 1 30 41 22 1 22 40 0 1 0 0 0 0 15 65 41 1 45 79 51 1 57 77 89 1 108 138 120 1 69 73 50 1 20 103 64 1 13 58 21 1 38 86 76 1 0 0 0 0 111 114 87 1 13 45 26 1 98 93 80 1 100 170 100 1 139 118 111 1 72 81 92 1 49 81 72 1 12 37 31 1 2 24 16 1 0 0 0 0 13 33 9 1 8 47 0 1 20 38 28 1 24 40 16 1 47 13 21 1 0 15 15 1 0 0 0 0 0 34 17 1 9 0 0 1 40 17 10 1 2 11 21 1 17 20 4 1 26 14 4 1 36 70 36 1 44 49 46 1 36 20 4 1 0 0 0 0 153 133 109 1 205 184 153 1 81 78 63 1 73 58 44 1 27 33 28 1 3 30 22 1 17 49 25 1 0 30 8 1 26 58 40 1 3 46 26 1
25 61 44 1 56 49 59 1 0 29 20 1 1 21 35 1 0 1 3 1 0 36 32 1 0 0 0 0 0 39 28 1 0 63 15 1 0 0 0 0 0 33 20 1 13 24 21 1 23 52 47 1 0 0 0 0 17 47 26 1 2 31 11 1 15 58 21 1 2 35 12 1 32 29 46 1 11 39 19 1 25 18 13 1 34 55 53 1 78 103 82 1 48 78 76 1 10 58 25 1 0 0 0 0 0 31 33 1 12 53 63 1 42 58 20 1 57 49 70 1 107 110 94 1 67 106 75 1 29 57 55 1 73 83 55 1 21 25 38 1 0 20 34 1 0 35 24 1 18 58 30 1 1 34 0 1 22 47 19 1 0 39 10 1 0 15 0 1 0 3 4 1 13 19 9 1 5 15 8 1 0 30 0 1 0 3 24 1 74 78 58 1 49 55 38 1 19 19 0 1 8 11 0 1 67 83 74 1 105 96 97 1 110 77 54 1 79 92 25 1 128 133 99 1 150 121 102 1 130 142 108 1 74 78 55 1 57 44 42 1 0 25 23 1 3 23 0 1 0 28 0 1 4 49 42 1 10 22 29 1
29 43 20 1 0 0 0 0 16 62 20 1 0 0 0 0 0 0 0 0 0 22 25 1 9 21 15 1 0 0 0 0 30 32 65 1 0 46 0 1 20 24 0 1 0 34 0 1 0 0 0 0 0 23 25 1 2 6 21 1 0 30 2 1 18 40 50 1 0 46 10 1 17 28 16 1 0 0 0 0 59 86 50 1 36 43 49 1 6 49 34 1 43 55 50 1 25 74 74 1 0 0 0 0 0 0 0 0 20 55 38 1 44 53 36 1 81 99 63 1 57 65 42 1 32 30 54 1 79 82 74 1 0 0 0 0 20 23 0 1 0 30 14 1 29 25 47 1 18 67 52 1 23 53 10 1 22 57 52 1 82 67 74 1 89 89 110 1 71 100 93 1 65 57 61 1 67 56 49 1 55 79 48 1 45 72 48 1 82 75 65 1 0 0 0 0 98 127 96 1 127 131 131 1 151 133 163 1 132 145 123 1 66 68 37 1 138 117 89 1 170 180 123 1 122 115 44 1 68 69 67 1 88 91 65 1 41 68 32 1 75 96 81 1 0 0 0 0 29 58 17 1 39 50 74 1 20 68 64 1
0 45 10 1 20 37 9 1 0 24 25 1 2 18 31 1 0 26 36 1 0 18 20 1 0 35 8 1 10 17 17 1 0 0 0 0 0 36 39 1 7 35 15 1 0 28 36 1 21 7 31 1 11 40 34 1 3 50 28 1 0 0 0 0 20 76 43 1 0 46 25 1 31 44 30 1 9 18 0 1 0 41 37 1 4 33 35 1 7 18 23 1 0 0 0 0 4 43 27 1 0 52 44 1 25 37 31 1 30 44 26 1 80 80 81 1 53 75 69 1 26 19 31 1 89 100 103 1 30 44 40 1 0 40 41 1 0 39 66 1 9 37 14 1 11 35 43 1 72 71 53 1 46 61 81 1 0 0 0 0 38 58 27 1 61 55 53 1 71 75 88 1 75 63 66 1 58 68 81 1 59 48 67 1 47 37 54 1 104 101 81 1 108 90 95 1 54 55 32 1 128 127 86 1 0 0 0 0 117 109 87 1 89 93 42 1 154 140 103 1 213 239 177 1 182 150 94 1 85 85 58 1 61 54 24 1 54 43 39 1 52 47 36 1 0 0 0 0 75 83 68 1 61 73 77 1 34 91 58 1
0 49 44 1 0 9 25 1 0 29 18 1 2 30 15 1 0 0 0 0 0 22 33 1 15 23 30 1 37 30 26 1 3 21 11 1 18 32 27 1 0 34 30 1 6 45 30 1 2 32 37 1 0 34 42 1 25 56 24 1 3 48 23 1 0 0 0 0 5 38 30 1 0 37 31 1 22 25 27 1 20 47 31 1 0 34 23 1 10 12 33 1 29 45 47 1 0 24 42 1 8 36 30 1 30 32 5 1 12 49 49 1 81 84 81 1 64 93 61 1 101 114 98 1 68 79 90 1 0 67 59 1 29 38 70 1 19 38 40 1 0 0 0 0 23 43 52 1 34 81 48 1 60 49 56 1 35 43 49 1 58 68 36 1 59 58 44 1 38 62 47 1 57 56 13 1 41 60 46 1 44 59 59 1 58 79 78 1 68 55 44 1 15 59 11 1 46 117 54 1 107 118 82 1 72 85 81 1 58 73 22 1 88 81 12 1 146 113 60 1 169 181 123 1 178 175 145 1 181 165 136 1 95 92 62 1 19 64 40 1 60 69 22 1 11 37 6 1 0 12 0 1 6 34 41 1 0 0 0 0
0 0 0 0 0 49 32 1 21 35 34 1 10 19 40 1 4 29 43 1 15 30 41 1 41 56 37 1 62 111 71 1 28 63 27 1 24 48 31 1 0 53 26 1 6 57 54 1 0 0 0 0 22 40 35 1 34 59 43 1 10 40 52 1 0 58 25 1 0 56 41 1 24 45 19 1 0 47 23 1 0 40 17 1 0 0 0 0 21 51 49 1 32 46 30 1 30 34 65 1 0 56 27 1 4 64 26 1 0 0 0 0 41 34 36 1 21 57 22 1 93 124 105 1 93 89 99 1 91 100 98 1 31 86 47 1 14 16 29 1 0 46 12 1 23 35 7 1 0 41 13 1 7 32 29 1 7 47 38 1 23 49 35 1 15 43 37 1 35 58 40 1 23 13 20 1 21 24 58 1 0 0 0 0 54 52 49 1 76 60 38 1 55 65 44 1 63 81 82 1 49 27 34 1 71 55 37 1 14 25 0 1 58 54 16 1 137 129 78 1 147 128 76 1 108 85 47 1 116 105 56 1 111 128 79 1 46 74 45 1 45 115 75 1 39 65 37 1 21 43 8 1 31 35 27 1 5 52 24 1
0 26 40 1 18 21 27 1 0 28 18 1 4 29 20 1 0 41 23 1 0 0 0 0 0 45 10 1 14 57 43 1 38 39 34 1 5 19 8 1 16 23 13 1 0 31 14 1 0 0 0 0 14 10 19 1 12 38 22 1 1 56 5 1 18 30 54 1 40 42 7 1 0 0 0 0 14 56 57 1 46 49 52 1 38 44 47 1 16 39 45 1 18 57 49 1 12 64 50 1 49 61 11 1 0 62 61 1 14 35 32 1 67 54 7 1 0 0 0 0 130 127 125 1 64 51 33 1 51 72 35 1 26 43 39 1 12 29 13 1 6 36 17 1 26 37 14 1 0 14 14 1 0 13 15 1 0 29 17 1 4 27 18 1 30 10 25 1 0 45 18 1 12 21 1 1 3 23 0 1 0 5 4 1 2 22 1 1 13 25 0 1 0 12 36 1 22 31 53 1 0 9 0 1 0 0 0 0 45 75 25 1 102 88 28 1 209 177 133 1 174 174 106 1 0 0 0 0 74 71 33 1 22 44 7 1 44 103 55 1 12 45 22 1 35 50 14 1 37 64 35 1 29 22 43 1 56 76 35 1
7 52 33 1 12 25 49 1 0 19 23 1 11 41 15 1 0 36 29 1 2 25 0 1 8 4 0 1 0 5 20 1 44 70 60 1 0 0 0 0 3 40 21 1 2 17 30 1 0 52 14 1 20 30 16 1 0 31 0 1 17 25 31 1 0 0 0 0 0 44 24 1 13 55 58 1 28 43 21 1 47 72 63 1 38 89 59 1 19 61 55 1 29 46 55 1 39 63 41 1 16 55 15 1 41 47 24 1 93 117 79 1 112 126 120 1 118 106 75 1 152 143 126 1 50 96 59 1 69 89 59 1 22 24 33 1 0 36 25 1 0 60 14 1 2 50 44 1 9 36 25 1 0 45 27 1 23 38 29 1 0 29 26 1 15 20 33 1 0 0 0 0 0 28 0 1 0 0 0 0 0 26 16 1 9 36 20 1 13 44 57 1 0 11 23 1 15 62 41 1 4 17 24 1 0 0 18 1 75 61 64 1 166 177 136 1 150 126 96 1 91 70 51 1 69 75 37 1 98 118 75 1 0 0 0 0 25 94 41 1 0 0 0 0 48 84 35 1 6 57 51 1 18 78 6 1 63 65 32 1
9 31 48 1 16 19 18 1 15 36 16 1 6 47 0 1 0 0 0 0 5 46 39 1 0 0 0 0 0 0 0 0 39 57 59 1 24 39 25 1 16 31 24 1 0 34 13 1 0 0 0 0 14 22 30 1 0 42 8 1 14 12 0 1 10 21 16 1 22 43 15 1 14 48 34 1 13 13 7 1 0 51 9 1 0 47 6 1 9 33 20 1 36 36 25 1 10 30 0 1 10 48 30 1 0 0 0 0 71 81 69 1 98 127 80 1 163 173 122 1 121 149 115 1 28 70 23 1 86 105 56 1 33 47 19 1 0 25 14 1 29 44 29 1 14 44 21 1 0 0 0 0 8 27 7 1 32 51 44 1 11 44 47 1 19 53 54 1 0 0 0 0 0 29 13 1 10 33 0 1 0 19 18 1 0 47 32 1 0 0 0 0 0 45 12 1 18 21 14 1 0 26 19 1 20 72 42 1 155 145 115 1 0 0 0 0 122 139 79 1 153 100 74 1 99 92 37 1 93 76 33 1 85 107 46 1 69 86 36 1 25 54 21 1 8 41 26 1 0 0 0 0 40 53 68 1 38 81 42 1
34 51 22 1 0 0 0 0 0 0 0 0 7 18 24 1 0 49 19 1 19 68 24 1 0 0 0 0 36 65 6 1 75 84 40 1 45 41 24 1 13 18 0 1 26 21 0 1 31 36 14 1 22 40 0 1 16 14 26 1 0 0 0 0 0 65 44 1 38 33 25 1 3 21 19 1 0 52 30 1 0 32 29 1 30 29 60 1 12 7 17 1 38 71 31 1 18 77 60 1 39 46 23 1 42 43 56 1 97 102 71 1 185 229 180 1 249 255 223 1 119 165 110 1 61 89 57 1 22 71 50 1 0 0 0 0 7 45 19 1 0 14 12 1 34 32 15 1 5 51 10 1 31 30 26 1 27 46 44 1 32 84 77 1 67 95 59 1 43 72 50 1 23 17 51 1 0 0 0 0 19 50 35 1 59 83 78 1 20 55 42 1 35 48 35 1 0 29 30 1 18 44 17 1 57 78 54 1 108 118 74 1 135 170 126 1 84 91 61 1 113 81 57 1 90 86 68 1 36 100 48 1 73 87 57 1 37 76 24 1 68 80 34 1 0 0 0 0 85 102 49 1 88 98 98 1 51 63 50 1
1 50 44 1 31 57 36 1 46 40 41 1 10 75 50 1 36 47 17 1 7 44 25 1 36 20 47 1 25 67 29 1 33 50 35 1 45 58 46 1 28 44 43 1 10 41 44 1 10 34 0 1 1 19 31 1 20 28 25 1 7 16 7 1 27 54 36 1 0 33 41 1 13 26 8 1 0 15 7 1 25 55 27 1 48 81 66 1 45 48 60 1 0 23 29 1 32 62 54 1 54 80 63 1 63 86 30 1 96 121 75 1 255 255 229 1 175 160 135 1 78 63 47 1 94 90 62 1 44 46 31 1 4 18 0 1 0 0 0 0 12 37 32 1 2 31 18 1 0 24 12 1 17 35 0 1 0 0 0 0 6 17 15 1 1 29 0 1 65 43 54 1 53 114 61 1 99 76 89 1 105 134 74 1 85 101 76 1 35 59 58 1 30 47 44 1 38 118 70 1 0 0 0 0 122 114 95 1 55 66 34 1 0 0 0 0 112 108 83 1 112 123 83 1 101 113 84 1 59 64 36 1 26 60 13 1 29 46 13 1 32 49 34 1 22 45 32 1 21 60 26 1 19 51 37 1 4 42 49 1
34 65 49 1 33 45 34 1 10 28 41 1 0 0 0 0 4 36 13 1 13 67 44 1 34 34 36 1 0 0 0 0 24 50 21 1 66 82 55 1 45 42 37 1 0 0 0 0 0 0 0 0 14 28 7 1 0 0 0 0 0 30 25 1 48 73 43 1 52 67 53 1 0 0 0 0 44 69 55 1 35 81 43 1 0 52 12 1 42 60 54 1 77 50 92 1 42 60 25 1 0 51 7 1 25 42 21 1 47 79 38 1 188 177 129 1 85 104 67 1 50 38 12 1 42 84 82 1 3 25 26 1 83 98 115 1 30 70 65 1 6 42 29 1 22 22 26 1 30 58 67 1 54 80 71 1 0 0 0 0 0 0 0 0 46 62 56 1 2 0 0 1 22 14 0 1 0 0 0 1 0 25 36 1 0 0 0 0 31 60 75 1 0 56 12 1 60 83 51 1 90 114 99 1 124 122 88 1 87 86 53 1 0 0 0 0 63 71 22 1 93 90 75 1 0 0 0 0 36 100 37 1 20 43 29 1 36 72 33 1 47 63 22 1 55 67 43 1 52 98 21 1 35 59 23 1 67 54 61 1
0 0 0 0 23 30 24 1 16 38 27 1 0 0 0 0 24 54 37 1 0 0 0 0 23 51 41 1 0 0 0 0 13 51 43 1 44 55 46 1 8 29 0 1 35 55 62 1 73 105 92 1 53 64 28 1 0 31 37 1 5 3 0 1 45 78 61 1 23 44 9 1 28 58 29 1 32 58 14 1 0 0 0 0 5 47 26 1 36 67 51 1 75 108 95 1 0 0 0 0 31 52 28 1 51 63 48 1 75 94 59 1 128 117 85 1 153 169 112 1 85 86 74 1 80 88 73 1 25 32 22 1 143 142 152 1 120 111 136 1 15 53 49 1 0 0 0 0 28 41 63 1 26 21 15 1 42 44 37 1 50 92 84 1 70 73 53 1 17 26 11 1 0 0 0 0 20 55 27 1 20 36 11 1 11 15 13 1 18 25 12 1 1 9 0 1 0 0 0 0 103 100 51 1 63 53 17 1 83 49 29 1 67 57 22 1 56 31 20 1 68 44 20 1 31 54 42 1 49 92 57 1 0 0 0 0 38 43 42 1 16 46 24 1 31 68 55 1 33 65 49 1 28 80 57 1 42 56 53 1
50 47 36 1 32 47 55 1 35 61 77 1 52 49 55 1 21 50 59 1 14 48 41 1 0 0 0 0 35 57 52 1 22 36 2 1 37 41 34 1 31 48 22 1 88 110 75 1 100 145 120 1 47 63 59 1 0 0 0 0 13 31 19 1 61 79 53 1 58 72 60 1 40 73 41 1 36 69 35 1 43 57 21 1 42 55 61 1 43 78 39 1 0 0 0 0 48 82 46 1 0 0 0 0 68 72 25 1 30 46 41 1 0 0 0 0 172 150 141 1 168 160 136 1 106 131 99 1 103 92 95 1 82 127 113 1 53 32 72 1 4 41 49 1 9 27 38 1 43 61 64 1 38 23 32 1 32 42 34 1 36 42 42 1 23 28 14 1 33 54 25 1 55 71 75 1 46 48 24 1 21 69 45 1 8 38 12 1 15 34 21 1 35 52 16 1 160 153 113 1 193 193 158 1 120 101 38 1 78 70 24 1 0 0 0 0 98 122 44 1 32 85 12 1 22 80 31 1 53 107 50 1 83 103 31 1 71 83 31 1 0 0 0 0 40 51 32 1 20 68 14 1 41 77 64 1 28 75 37 1
32 59 36 1 34 63 38 1 26 47 17 1 0 0 0 0 0 0 0 0 28 64 21 1 40 50 53 1 0 0 0 0 14 56 52 1 32 65 75 1 25 58 63 1 47 67 48 1 53 67 81 1 0 0 0 0 27 21 10 1 6 0 10 1 15 63 25 1 54 49 51 1 0 0 0 0 42 49 23 1 46 60 24 1 20 30 24 1 61 74 42 1 34 68 71 1 54 91 80 1 133 170 169 1 119 152 139 1 83 106 73 1 124 136 100 1 123 120 66 1 158 155 130 1 22 43 42 1 0 0 0 0 0 0 0 0 19 63 53 1 50 42 60 1 28 51 33 1 28 4 0 1 14 34 11 1 0 21 13 1 0 26 4 1 0 28 15 1 28 7 29 1 12 38 31 1 12 60 0 1 7 59 32 1 0 74 29 1 0 0 0 0 51 60 29 1 108 111 84 1 0 0 0 0 174 159 91 1 161 155 89 1 85 92 39 1 65 75 41 1 37 59 18 1 53 92 25 1 55 71 48 1 53 51 68 1 105 128 61 1 54 95 69 1 44 45 51 1 36 57 55 1 35 54 35 1 39 41 33 1
53 63 49 1 0 0 0 0 5 34 16 1 0 0 0 0 28 65 12 1 34 30 27 1 0 11 4 1 11 8 1 1 14 42 29 1 9 33 0 1 0 27 0 1 32 62 70 1 0 0 0 0 33 42 2 1 51 35 38 1 0 8 0 1 11 50 27 1 25 65 35 1 51 63 51 1 0 0 0 0 16 59 24 1 45 83 50 1 60 68 34 1 32 54 56 1 2 45 27 1 60 94 55 1 61 62 49 1 60 91 32 1 201 192 176 1 169 157 151 1 83 84 70 1 50 63 42 1 28 43 12 1 5 39 42 1 0 4 26 1 0 0 0 0 20 46 18 1 45 61 60 1 22 38 20 1 10 34 34 1 6 34 22 1 23 64 60 1 0 0 0 0 17 57 44 1 4 0 3 1 3 33 21 1 1 25 5 1 9 26 0 1 179 134 92 1 160 141 117 1 104 96 55 1 95 92 35 1 185 147 122 1 133 144 107 1 76 70 73 1 34 59 56 1 41 77 65 1 40 63 54 1 19 80 39 1 27 83 36 1 56 86 65 1 55 69 44 1 80 61 33 1 0 0 0 0 23 50 33 1
22 43 30 1 22 52 7 1 17 67 28 1 9 28 31 1 8 23 22 1 12 45 12 1 7 33 31 1 12 34 21 1 9 46 21 1 30 32 40 1 13 14 0 1 27 24 27 1 9 1 0 1 14 39 30 1 53 68 60 1 22 46 47 1 36 57 49 1 38 57 6 1 16 48 39 1 32 66 42 1 66 74 77 1 40 60 37 1 64 51 37 1 50 71 39 1 41 61 34 1 27 62 35 1 0 0 0 0 77 121 56 1 202 221 173 1 122 139 92 1 64 69 29 1 50 34 29 1 37 55 48 1 12 37 5 1 0 18 8 1 2 34 33 1 0 30 21 1 34 26 34 1 32 39 28 1 65 101 90 1 43 99 59 1 34 59 33 1 8 39 44 1 28 46 19 1 0 39 38 1 33 20 8 1 17 21 6 1 59 61 48 1 129 126 87 1 0 0 0 0 172 164 103 1 155 157 90 1 170 138 94 1 165 183 128 1 93 138 67 1 113 101 51 1 0 0 0 0 56 58 58 1 0 0 0 0 38 58 17 1 53 59 29 1 56 102 44 1 61 80 68 1 16 57 41 1 0 37 10 1
28 26 19 1 8 34 15 1 29 48 13 1 41 66 24 1 32 52 36 1 10 28 59 1 9 54 29 1 70 70 59 1 3 49 22 1 24 12 32 1 0 0 0 0 65 85 59 1 47 78 39 1 44 69 61 1 41 52 53 1 13 63 31 1 31 26 12 1 64 48 23 1 73 72 49 1 54 62 41 1 28 61 49 1 0 0 0 0 20 59 28 1 18 50 25 1 26 59 39 1 46 66 54 1 66 82 63 1 0 0 0 0 144 169 109 1 33 67 8 1 33 33 0 1 56 68 74 1 0 14 31 1 2 0 0 1 0 36 4 1 33 63 35 1 26 35 23 1 8 38 3 1 0 29 19 1 39 28 24 1 4 22 26 1 41 53 59 1 44 48 39 1 0 11 25 1 15 5 14 1 23 64 36 1 30 48 35 1 0 0 0 0 81 120 55 1 134 133 102 1 129 125 61 1 117 128 83 1 0 0 0 0 93 81 54 1 60 71 37 1 24 71 59 1 39 80 49 1 39 84 59 1 16 62 60 1 24 37 24 1 0 0 0 0 42 66 53 1 38 45 20 1 37 49 26 1 11 17 0 1
37 69 42 1 62 54 17 1 49 39 47 1 21 31 27 1 15 18 38 1 30 30 25 1 15 29 33 1 11 27 49 1 0 0 0 0 34 37 29 1 36 38 42 1 39 33 0 1 0 38 35 1 49 70 40 1 33 50 49 1 40 36 37 1 44 27 15 1 48 61 24 1 68 73 43 1 67 70 49 1 28 42 41 1 31 54 24 1 0 0 0 0 9 63 5 1 46 95 47 1 20 43 63 1 34 83 58 1 49 51 2 1 104 104 63 1 26 17 14 1 90 89 78 1 0 0 0 0 48 65 52 1 6 29 28 1 17 44 32 1 11 34 28 1 6 53 34 1 6 47 10 1 15 24 11 1 0 6 0 1 6 24 0 1 0 0 0 0 3 38 0 1 0 38 18 1 0 0 0 0 8 49 25 1 0 45 25 1 40 44 66 1 68 74 47 1 112 122 80 1 108 93 65 1 122 96 72 1 137 138 81 1 0 0 0 0 95 123 75 1 71 83 65 1 59 69 65 1 31 53 30 1 29 79 56 1 0 0 0 0 1 46 47 1 67 92 71 1 47 72 61 1 0 22 0 1 11 5 13 1
82 54 80 1 56 48 28 1 35 50 36 1 24 30 33 1 7 24 49 1 10 26 30 1 0 0 0 0 7 28 20 1 22 69 43 1 0 9 5 1 0 14 9 1 38 39 9 1 89 57 73 1 76 64 63 1 11 46 22 1 4 32 10 1 14 22 0 1 0 0 0 0 48 75 36 1 0 0 0 0 65 91 85 1 18 14 28 1 57 47 47 1 33 81 29 1 43 64 58 1 32 78 64 1 55 63 35 1 35 33 26 1 55 87 59 1 44 54 21 1 69 63 49 1 0 17 33 1 0 32 38 1 0 5 9 1 0 14 20 1 40 39 31 1 40 73 36 1 30 67 51 1 46 61 50 1 101 108 73 1 59 100 85 1 26 70 50 1 25 0 18 1 11 34 0 1 17 59 33 1 36 52 68 1 81 96 61 1 50 75 38 1 42 43 24 1 30 84 30 1 53 80 31 1 86 60 34 1 73 72 32 1 0 0 0 0 59 65 27 1 52 90 58 1 48 82 49 1 31 77 30 1 35 44 10 1 52 66 73 1 0 0 0 0 0 41 38 1 14 7 0 1 0 20 0 1 0 13 13 1
47 67 23 1 28 28 8 1 57 60 44 1 72 51 51 1 38 59 48 1 0 39 29 1 0 34 30 1 10 46 41 1 17 37 30 1 11 56 19 1 0 0 0 0 46 69 43 1 67 85 50 1 69 78 54 1 57 61 34 1 0 0 0 0 12 71 30 1 0 0 0 0 50 47 19 1 0 0 0 0 17 19 48 1 73 84 27 1 46 34 29 1 10 63 25 1 16 50 42 1 37 54 38 1 0 0 0 0 25 60 66 1 62 54 43 1 30 58 23 1 34 70 82 1 11 15 14 1 0 0 0 0 0 41 28 1 15 13 40 1 19 17 43 1 13 2 16 1 37 52 0 1 0 0 0 0 63 91 91 1 54 68 68 1 4 28 8 1 4 28 17 1 8 50 12 1 32 56 47 1 22 74 36 1 42 108 93 1 84 116 57 1 0 0 0 0 64 63 51 1 52 69 10 1 29 53 26 1 61 68 18 1 58 82 41 1 39 47 54 1 0 0 0 0 40 91 62 1 32 34 17 1 15 51 27 1 53 89 67 1 19 67 43 1 0 25 3 1 0 0 0 0 0 31 2 1 11 58 48 1
114 124 95 1 66 67 39 1 57 49 35 1 37 68 39 1 25 66 49 1 22 49 13 1 24 56 34 1 26 60 58 1 49 87 85 1 19 50 40 1 15 70 18 1 60 86 68 1 0 0 0 0 26 37 28 1 73 56 57 1 75 89 46 1 33 56 38 1 27 34 12 1 0 32 30 1 61 43 31 1 28 49 46 1 47 71 50 1 49 49 46 1 65 73 51 1 30 47 44 1 0 61 26 1 16 35 31 1 0 0 0 0 0 0 0 0 64 76 26 1 51 92 48 1 14 42 27 1 8 31 40 1 0 0 0 0 32 49 47 1 76 59 87 1 31 54 36 1 46 57 76 1 46 85 68 1 76 97 90 1 0 0 0 0 2 26 13 1 7 19 10 1 33 53 37 1 62 80 22 1 27 48 44 1 34 72 28 1 24 81 59 1 21 63 42 1 56 56 38 1 62 64 52 1 68 111 30 1 84 92 50 1 114 131 122 1 85 101 76 1 30 50 41 1 26 87 39 1 32 71 30 1 29 58 10 1 0 0 0 0 5 44 6 1 1 52 13 1 3 35 29 1 21 32 34 1 41 11 17 1
134 169 150 1 60 71 98 1 46 69 32 1 0 0 0 0 0 41 43 1 36 73 30 1 23 56 39 1 10 74 65 1 45 69 44 1 24 37 44 1 12 36 29 1 19 43 8 1 0 0 10 1 8 43 12 1 81 72 33 1 52 76 59 1 29 55 36 1 47 35 63 1 50 57 60 1 38 76 50 1 56 84 54 1 62 72 72 1 57 75 78 1 42 63 51 1 57 72 35 1 43 31 36 1 28 42 46 1 21 63 24 1 51 86 50 1 47 90 78 1 68 86 87 1 0 13 0 1 0 0 0 0 32 45 46 1 0 5 24 1 0 0 0 0 93 95 69 1 81 65 75 1 44 60 70 1 65 89 78 1 0 0 0 0 46 3 30 1 41 72 56 1 55 81 49 1 53 57 28 1 67 77 56 1 44 89 53 1 53 48 37 1 41 60 64 1 23 61 38 1 28 54 12 1 32 66 41 1 66 92 23 1 0 0 0 0 32 52 34 1 38 40 35 1 0 92 56 1 25 74 38 1 22 52 40 1 9 69 20 1 19 36 27 1 7 12 39 1 3 28 16 1 4 24 20 1 5 38 27 1
94 130 91 1 119 131 100 1 101 99 68 1 0 0 0 0 53 48 6 1 45 46 43 1 40 38 43 1 0 0 0 0 0 4 19 1 1 26 13 1 12 35 14 1 0 47 36 1 12 25 3 1 44 31 31 1 78 87 89 1 64 64 38 1 0 2 0 1 15 14 14 1 34 31 40 1 11 13 12 1 5 19 29 1 48 55 31 1 37 26 16 1 37 12 24 1 0 0 0 0 19 56 42 1 65 83 56 1 0 0 0 0 28 41 3 1 34 30 15 1 90 84 87 1 17 55 40 1 24 25 2 1 57 60 64 1 70 66 65 1 0 0 0 0 88 105 77 1 74 71 80 1 76 128 100 1 64 96 83 1 28 20 16 1 0 16 9 1 44 66 53 1 56 65 46 1 28 14 30 1 0 0 0 0 31 44 18 1 21 49 26 1 0 0 0 0 60 61 24 1 51 68 33 1 53 83 38 1 75 81 44 1 73 74 23 1 56 60 43 1 39 45 52 1 9 61 19 1 18 36 21 1 0 25 35 1 0 5 16 1 0 0 0 0 17 9 31 1 0 23 26 1 0 30 24 1 0 25 12 1
179 181 183 1 107 118 92 1 62 69 73 1 16 61 3 1 37 37 23 1 9 56 53 1 36 56 33 1 0 12 0 1 24 44 34 1 24 20 42 1 0 0 0 0 15 42 1 1 40 45 8 1 30 40 0 1 44 34 31 1 30 23 23 1 14 32 21 1 22 33 29 1 13 5 38 1 7 42 0 1 43 23 24 1 26 56 60 1 44 29 12 1 58 50 47 1 24 5 17 1 76 92 78 1 116 147 114 1 91 80 79 1 67 58 40 1 173 163 172 1 42 87 42 1 28 59 40 1 7 66 35 1 57 90 67 1 22 27 24 1 86 71 57 1 43 66 48 1 0 0 0 0 117 125 117 1 33 59 20 1 0 5 10 1 17 2 0 1 0 0 0 0 66 88 73 1 55 88 69 1 62 88 58 1 47 63 36 1 54 65 27 1 14 81 36 1 41 51 50 1 72 64 77 1 45 60 39 1 7 54 25 1 59 83 42 1 61 59 60 1 21 73 51 1 11 18 13 1 0 35 11 1 0 36 21 1 8 16 2 1 14 40 8 1 0 31 18 1 0 0 13 1 0 25 36 1 3 26 1 1
137 142 136 1 134 130 142 1 78 83 77 1 0 0 0 0 37 52 62 1 10 43 19 1 0 4 6 1 0 0 0 0 3 35 19 1 59 62 70 1 0 0 0 0 0 7 4 1 8 19 0 1 75 92 64 1 93 120 107 1 119 102 82 1 37 59 56 1 0 0 0 1 0 19 25 1 17 63 55 1 18 31 61 1 0 0 0 0 22 36 18 1 18 56 45 1 0 26 33 1 71 97 55 1 120 135 118 1 97 95 84 1 76 86 69 1 203 213 182 1 62 110 93 1 30 68 50 1 24 51 40 1 61 85 55 1 103 112 84 1 73 45 52 1 93 109 88 1 0 0 0 0 102 113 87 1 62 79 66 1 0 0 0 0 39 68 32 1 15 16 21 1 35 42 22 1 34 59 57 1 87 63 59 1 38 65 60 1 0 37 18 1 61 78 42 1 41 93 50 1 61 65 52 1 80 87 78 1 59 74 72 1 45 46 46 1 39 48 48 1 23 50 25 1 6 33 0 1 0 0 0 0 0 44 15 1 2 38 35 1 0 35 4 1 21 30 7 1 6 32 29 1 0 0 0 0 18 34 16 1
28 42 33 1 121 110 118 1 84 119 81 1 49 82 80 1 23 33 28 1 13 42 33 1 65 61 84 1 44 67 27 1 100 98 118 1 80 107 91 1 67 65 60 1 100 118 85 1 99 101 78 1 40 44 30 1 28 7 6 1 35 58 16 1 0 0 0 0 0 0 0 0 25 24 20 1 0 0 0 0 2 75 45 1 29 66 40 1 36 67 51 1 32 46 68 1 49 45 78 1 15 64 46 1 70 70 77 1 98 98 86 1 62 67 61 1 49 80 29 1 81 114 98 1 69 66 58 1 52 66 47 1 61 89 60 1 0 0 0 0 0 0 0 0 30 35 25 1 13 56 33 1 74 123 101 1 61 50 44 1 39 60 55 1 15 41 40 1 16 67 37 1 46 45 34 1 41 63 63 1 59 74 83 1 63 63 44 1 34 53 14 1 60 90 41 1 75 94 68 1 79 82 58 1 98 80 77 1 66 86 61 1 63 67 48 1 24 10 16 1 0 44 26 1 12 37 5 1 10 49 23 1 16 12 5 1 0 4 16 1 0 22 16 1 11 27 11 1 22 30 0 1 66 61 65 1 107 111 101 1
13 41 30 1 33 38 72 1 109 100 91 1 103 156 128 1 27 51 68 1 26 39 44 1 16 38 71 1 7 33 32 1 2 41 44 1 15 37 26 1 10 46 30 1 2 60 43 1 43 63 27 1 59 80 31 1 87 67 59 1 107 102 81 1 105 101 82 1 110 116 109 1 111 121 83 1 83 89 73 1 63 100 83 1 0 36 32 1 0 0 0 0 29 51 54 1 33 78 22 1 29 55 39 1 5 49 5 1 28 30 29 1 0 0 0 0 66 84 40 1 135 157 99 1 52 84 55 1 27 43 32 1 33 15 10 1 107 104 96 1 0 0 0 0 43 52 42 1 77 83 73 1 127 119 131 1 43 53 41 1 15 29 24 1 55 70 37 1 51 89 78 1 61 70 65 1 44 78 62 1 55 95 70 1 46 90 60 1 77 114 93 1 76 105 53 1 75 83 39 1 39 33 42 1 70 65 66 1 53 75 56 1 8 39 26 1 2 39 51 1 17 40 25 1 20 6 32 1 0 0 0 0 0 15 11 1 0 17 1 1 45 81 47 1 81 104 68 1 52 91 70 1 0 0 0 0 80 111 82 1
3 9 17 1 3 21 18 1 23 23 23 1 96 101 91 1 66 91 74 1 0 0 0 0 15 43 61 1 51 77 49 1 26 48 40 1 19 42 15 1 7 6 15 1 30 18 23 1 31 77 48 1 70 92 71 1 117 110 89 1 96 115 97 1 144 126 127 1 142 111 108 1 122 129 108 1 64 70 60 1 24 38 15 1 44 45 38 1 0 3 19 1 33 47 38 1 32 53 47 1 68 71 69 1 55 85 54 1 18 47 28 1 19 62 41 1 10 28 0 1 90 104 80 1 41 84 72 1 42 63 61 1 0 0 0 0 73 67 66 1 203 175 185 1 53 83 54 1 91 100 59 1 77 104 49 1 86 85 58 1 44 82 52 1 85 47 56 1 0 0 0 0 0 0 0 0 0 0 0 0 61 56 49 1 31 67 54 1 0 0 0 0 44 54 28 1 69 81 42 1 102 110 107 1 115 127 112 1 49 50 44 1 21 21 19 1 21 29 27 1 0 0 0 0 15 28 26 1 0 16 28 1 0 38 19 1 23 27 45 1 76 87 71 1 51 84 70 1 113 106 76 1 92 132 93 1 90 67 40 1
5 44 58 1 30 50 54 1 28 26 21 1 66 47 72 1 131 141 126 1 52 85 80 1 37 65 57 1 45 51 44 1 11 28 23 1 0 0 0 0 84 91 77 1 95 89 88 1 64 85 84 1 47 63 54 1 66 52 30 1 74 65 53 1 0 0 0 0 100 104 72 1 91 84 50 1 63 91 43 1 17 32 0 1 0 12 0 1 67 74 51 1 28 63 45 1 59 79 72 1 0 0 0 0 78 94 104 1 61 71 56 1 47 51 55 1 25 47 40 1 66 55 66 1 63 81 88 1 32 34 51 1 82 42 65 1 0 0 0 0 125 114 97 1 57 62 53 1 60 66 57 1 72 82 80 1 38 74 36 1 22 23 24 1 16 45 41 1 27 77 32 1 0 0 0 0 23 5 0 1 34 50 32 1 64 76 40 1 53 88 76 1 46 96 30 1 81 102 47 1 113 98 91 1 63 78 58 1 3 1 0 1 17 48 31 1 0 18 40 1 12 40 29 1 0 28 33 1 14 24 39 1 7 34 0 1 30 60 6 1 37 49 58 1 102 93 74 1 68 89 51 1 77 51 14 1 44 66 21 1
15 26 29 1 32 63 63 1 23 37 40 1 51 61 70 1 0 0 0 0 21 82 80 1 0 0 0 0 0 33 34 1 54 48 53 1 49 75 73 1 84 102 68 1 95 112 80 1 95 110 98 1 92 96 74 1 64 106 57 1 70 61 47 1 68 69 38 1 28 51 2 1 42 46 42 1 73 76 51 1 39 93 45 1 77 75 53 1 51 90 38 1 63 79 59 1 29 71 46 1 50 86 32 1 51 97 72 1 69 81 80 1 48 52 21 1 29 48 21 1 63 66 51 1 73 73 94 1 37 85 47 1 0 0 0 0 44 67 70 1 93 102 116 1 57 109 48 1 28 69 21 1 19 52 33 1 14 32 42 1 20 8 30 1 0 0 0 0 0 52 15 1 4 3 33 1 17 48 4 1 67 79 57 1 3 71 46 1 38 51 30 1 56 66 30 1 58 77 32 1 57 38 44 1 80 66 93 1 69 59 92 1 39 34 48 1 8 29 43 1 0 17 14 1 0 33 7 1 7 27 0 1 27 57 56 1 84 107 85 1 105 94 73 1 80 79 70 1 0 0 0 0 91 63 46 1 48 44 19 1
27 75 51 1 25 31 34 1 0 0 0 0 5 8 47 1 49 59 69 1 94 89 123 1 0 0 0 0 7 42 26 1 43 36 23 1 43 47 42 1 40 61 49 1 49 89 84 1 77 97 46 1 89 103 65 1 39 36 61 1 8 19 1 1 41 43 8 1 48 48 45 1 95 96 108 1 69 67 60 1 67 89 72 1 88 80 57 1 37 66 19 1 47 62 10 1 79 92 60 1 136 143 136 1 0 0 0 0 67 92 57 1 39 47 32 1 0 0 0 0 53 75 60 1 111 120 98 1 64 95 64 1 42 45 56 1 24 43 33 1 41 54 26 1 43 33 39 1 0 14 14 1 0 30 37 1 0 21 22 1 3 27 33 1 15 13 21 1 20 68 28 1 78 107 62 1 74 90 50 1 0 0 0 0 45 68 31 1 38 68 21 1 0 0 0 0 33 63 42 1 35 46 54 1 77 82 77 1 9 31 26 1 6 13 22 1 19 42 31 1 0 65 29 1 0 26 13 1 27 25 13 1 55 72 82 1 0 0 0 0 108 118 100 1 46 49 28 1 70 79 56 1 113 140 121 1 134 160 111 1
28 51 44 1 44 75 83 1 20 17 27 1 8 60 42 1 39 48 29 1 65 86 96 1 14 67 55 1 11 51 6 1 38 48 36 1 8 42 3 1 0 0 0 0 30 59 27 1 20 35 30 1 26 36 14 1 0 12 0 1 12 26 29 1 56 49 6 1 41 53 28 1 48 78 48 1 96 92 80 1 0 0 0 0 99 89 62 1 84 45 41 1 60 60 28 1 37 55 22 1 79 72 67 1 58 75 29 1 52 92 63 1 36 63 50 1 65 113 78 1 0 0 0 0 0 0 0 0 0 0 0 0 53 58 30 1 0 0 0 0 16 51 55 1 36 77 52 1 0 0 0 0 18 10 17 1 0 29 30 1 40 55 64 1 0 0 0 0 82 105 105 1 90 100 104 1 120 87 93 1 87 122 87 1 55 70 46 1 71 104 59 1 39 84 68 1 57 71 29 1 66 97 82 1 65 91 67 1 0 27 16 1 0 0 0 0 16 51 34 1 0 0 0 0 34 33 27 1 73 75 37 1 88 97 63 1 70 48 33 1 40 32 7 1 108 56 52 1 113 114 96 1 140 131 98 1 109 132 127 1
29 53 28 1 0 0 0 0 48 79 28 1 86 96 84 1 49 72 75 1 68 79 72 1 33 35 51 1 7 25 10 1 5 0 14 1 6 45 31 1 18 0 29 1 0 5 6 1 13 42 10 1 21 44 28 1 32 31 28 1 30 22 24 1 43 55 25 1 72 57 53 1 82 63 59 1 62 117 78 1 0 0 0 0 122 104 69 1 87 94 59 1 144 151 132 1 156 154 95 1 72 92 59 1 66 97 87 1 61 87 68 1 114 113 90 1 64 96 88 1 24 50 25 1 102 81 84 1 0 0 0 0 67 101 94 1 24 34 46 1 5 30 42 1 11 62 23 1 26 76 36 1 7 50 20 1 29 42 63 1 19 70 48 1 0 0 0 0 99 133 117 1 20 73 47 1 0 38 0 1 43 69 37 1 63 105 68 1 46 82 40 1 49 64 36 1 26 43 20 1 21 49 25 1 63 72 38 1 7 36 36 1 28 53 31 1 8 31 14 1 21 0 37 1 1 36 9 1 74 65 58 1 85 81 28 1 75 74 33 1 66 63 29 1 159 138 118 1 137 188 119 1 79 91 102 1 48 68 41 1