2
171 1534 76 63
65 78 23 1 0 0 0 0 45 65 16 1 71 95 52 1 42 69 29 1 48 55 46 1 22 35 36 1 0 0 0 0 77 94 56 1 135 146 135 1 136 140 113 1 99 107 87 1 62 80 63 1 52 77 33 1 37 30 48 1 40 69 46 1 53 63 53 1 78 86 79 1 77 135 68 1 68 90 47 1 40 83 41 1 66 102 51 1 0 0 0 0 70 74 57 1 34 61 43 1 21 14 30 1 0 0 0 0 24 29 40 1 81 73 59 1 33 54 72 1 13 8 36 1 88 78 80 1 64 67 85 1 10 19 20 1 45 45 35 1 127 106 127 1 177 172 159 1 255 239 199 1 220 195 180 1 148 149 112 1 168 140 93 1 135 98 66 1 108 90 49 1 119 121 99 1 116 105 81 1 149 129 88 1 136 140 91 1 0 0 0 0 106 157 72 1 82 104 47 1 87 130 57 1 68 49 20 1 0 0 0 0 70 78 55 1 76 86 46 1 101 82 52 1 96 94 73 1 93 94 81 1 83 93 59 1 95 115 100 1 0 0 0 0 39 61 21 1 0 0 0 0
52 68 63 1 86 109 72 1 24 47 17 1 34 9 6 1 61 67 58 1 73 82 64 1 45 72 73 1 114 85 83 1 89 131 67 1 66 101 70 1 88 108 65 1 78 67 62 1 92 127 82 1 104 105 68 1 87 112 87 1 49 27 22 1 24 25 30 1 79 111 95 1 98 118 110 1 89 138 80 1 68 126 62 1 110 139 86 1 115 113 89 1 73 61 37 1 54 72 20 1 0 0 0 0 23 8 12 1 16 41 21 1 79 79 69 1 0 0 0 0 77 73 90 1 106 94 95 1 15 0 20 1 52 18 48 1 133 139 139 1 197 209 150 1 178 174 124 1 166 173 123 1 149 139 117 1 134 119 73 1 0 0 0 0 127 134 94 1 0 0 0 0 86 81 58 1 93 63 31 1 0 0 0 0 116 88 61 1 87 115 37 1 85 90 71 1 0 0 0 0 40 97 15 1 48 69 30 1 75 96 50 1 39 100 43 1 40 78 36 1 67 73 36 1 74 99 53 1 0 0 0 0 136 131 102 1 118 137 120 1 99 104 75 1 78 99 76 1 0 0 0 0
97 115 70 1 120 121 53 1 68 63 46 1 49 72 27 1 0 0 0 0 63 94 64 1 86 103 69 1 43 53 52 1 98 152 100 1 121 128 65 1 67 105 54 1 79 65 65 1 37 64 37 1 92 95 67 1 108 118 98 1 71 90 110 1 107 133 113 1 93 114 80 1 61 111 48 1 121 106 68 1 110 123 78 1 98 146 96 1 90 130 53 1 3 61 7 1 36 29 7 1 0 46 17 1 51 84 77 1 65 102 92 1 60 70 70 1 40 70 17 1 89 88 91 1 45 48 53 1 85 87 89 1 220 207 200 1 186 175 165 1 184 181 151 1 184 170 136 1 125 110 48 1 0 0 0 0 120 117 86 1 125 114 70 1 106 91 60 1 117 118 53 1 128 89 66 1 106 60 35 1 161 139 96 1 141 114 90 1 136 108 85 1 0 0 0 0 58 78 32 1 52 91 45 1 82 88 49 1 84 103 49 1 65 56 26 1 31 52 30 1 0 0 0 0 78 82 49 1 106 111 55 1 99 66 53 1 129 125 94 1 125 104 83 1 83 100 76 1 69 87 52 1
57 74 31 1 0 0 0 0 27 43 2 1 18 47 6 1 58 90 56 1 42 61 6 1 52 83 81 1 114 140 98 1 116 123 79 1 75 106 62 1 0 0 0 0 18 76 0 1 61 80 30 1 60 97 75 1 42 87 75 1 77 96 96 1 140 111 110 1 107 110 103 1 99 55 83 1 0 0 0 0 0 0 0 0 137 145 138 1 91 123 83 1 0 72 22 1 19 21 27 1 24 65 53 1 95 78 94 1 145 108 120 1 41 63 42 1 67 70 63 1 63 74 74 1 0 0 0 0 205 225 211 1 221 242 233 1 241 230 189 1 150 149 133 1 210 173 131 1 118 130 59 1 110 82 52 1 95 85 46 1 109 120 49 1 102 115 48 1 102 77 48 1 99 106 45 1 103 81 62 1 120 120 99 1 110 140 89 1 86 68 48 1 92 78 77 1 104 90 85 1 72 72 36 1 140 144 110 1 140 161 107 1 54 82 49 1 13 54 25 1 71 93 49 1 92 94 86 1 88 122 52 1 112 111 74 1 113 100 79 1 88 112 77 1 88 88 35 1 74 92 64 1
0 0 0 0 52 61 42 1 70 86 33 1 0 7 0 1 54 59 38 1 65 85 34 1 0 0 0 0 88 93 64 1 78 87 72 1 62 128 66 1 58 98 44 1 33 87 42 1 88 67 68 1 77 84 42 1 0 0 0 0 78 89 93 1 31 49 24 1 0 0 0 0 106 106 91 1 139 124 114 1 153 184 184 1 158 149 135 1 95 91 102 1 45 67 61 1 19 57 36 1 0 0 0 0 80 99 74 1 94 108 88 1 129 84 91 1 95 102 60 1 163 156 162 1 228 229 255 1 255 243 246 1 244 224 214 1 233 219 199 1 255 243 229 1 168 207 161 1 136 129 90 1 0 0 0 0 82 69 4 1 78 73 37 1 107 117 63 1 122 125 80 1 163 161 114 1 181 146 121 1 139 120 108 1 107 123 103 1 118 111 85 1 0 0 0 0 109 104 45 1 96 117 68 1 100 119 64 1 106 108 91 1 41 86 42 1 48 92 41 1 46 96 25 1 67 82 45 1 0 0 0 0 0 0 0 0 87 102 51 1 51 87 64 1 0 0 0 0 0 0 0 0
57 68 48 1 74 110 61 1 0 0 0 0 37 58 35 1 44 50 25 1 0 0 0 0 75 118 73 1 80 110 91 1 94 112 79 1 66 94 75 1 23 77 51 1 59 110 55 1 0 0 0 0 68 102 65 1 14 52 26 1 33 20 11 1 62 27 44 1 88 96 127 1 95 100 127 1 63 85 84 1 94 88 98 1 31 55 41 1 45 73 63 1 41 68 62 1 65 95 71 1 72 111 105 1 112 86 119 1 96 96 113 1 75 91 96 1 26 9 0 1 155 145 156 1 246 255 255 1 255 255 223 1 207 211 187 1 187 182 139 1 160 165 145 1 116 117 83 1 111 111 55 1 97 98 62 1 116 80 62 1 135 155 115 1 151 165 130 1 171 158 114 1 132 122 111 1 121 143 96 1 101 87 80 1 86 116 82 1 101 109 30 1 90 73 34 1 60 100 26 1 86 106 62 1 82 101 56 1 82 137 82 1 46 55 26 1 40 51 0 1 106 88 59 1 83 127 55 1 72 107 38 1 81 83 54 1 50 74 23 1 56 53 21 1 0 0 0 0 41 69 31 1
72 69 54 1 47 76 28 1 39 47 39 1 57 64 54 1 0 0 0 0 28 63 15 1 6 16 14 1 34 77 40 1 81 116 85 1 38 79 56 1 69 93 56 1 57 71 51 1 0 0 0 0 1 2 2 1 48 46 40 1 23 67 55 1 74 72 92 1 81 88 107 1 94 94 115 1 104 72 112 1 13 30 30 1 16 27 67 1 99 116 123 1 76 71 69 1 88 79 106 1 145 149 114 1 0 0 0 0 82 90 97 1 52 54 33 1 80 51 38 1 217 205 179 1 251 244 218 1 213 201 177 1 182 170 142 1 87 86 41 1 0 0 0 0 117 91 72 1 0 0 0 0 90 124 52 1 91 104 67 1 102 94 76 1 118 137 76 1 104 84 67 1 82 58 44 1 110 103 71 1 73 88 65 1 55 74 59 1 0 0 0 0 93 110 87 1 126 139 118 1 74 84 64 1 48 36 40 1 16 78 29 1 58 60 43 1 35 62 23 1 64 102 67 1 79 74 31 1 81 100 33 1 64 63 14 1 64 70 40 1 75 78 57 1 115 82 36 1 63 41 42 1
0 40 10 1 6 61 5 1 0 0 0 0 54 98 85 1 69 66 40 1 0 0 0 0 22 39 1 1 24 48 21 1 62 68 38 1 41 43 9 1 0 0 0 0 24 57 39 1 62 82 70 1 31 68 51 1 56 50 73 1 94 113 132 1 51 32 50 1 19 49 42 1 165 123 152 1 0 0 0 0 74 79 95 1 79 80 106 1 80 57 130 1 82 100 118 1 0 0 0 0 106 112 119 1 50 57 34 1 0 2 0 1 57 35 41 1 166 143 146 1 197 177 192 1 189 203 165 1 174 176 175 1 119 113 98 1 80 83 46 1 131 120 105 1 197 209 146 1 55 74 28 1 55 96 41 1 69 81 23 1 0 0 0 0 94 89 56 1 100 115 94 1 73 80 84 1 82 73 64 1 80 98 79 1 56 66 17 1 57 69 39 1 45 51 29 1 33 34 32 1 0 0 0 0 74 83 52 1 68 78 27 1 93 88 44 1 21 20 17 1 67 55 57 1 0 0 0 0 38 45 24 1 19 49 0 1 41 29 30 1 63 77 53 1 51 72 41 1 0 7 6 1
0 0 0 0 12 62 58 1 0 0 0 0 63 65 39 1 82 75 62 1 0 0 0 0 50 92 55 1 66 121 87 1 50 63 59 1 67 52 47 1 18 58 14 1 75 70 70 1 10 43 67 1 6 0 15 1 0 19 13 1 3 4 48 1 0 0 0 0 49 57 53 1 159 179 175 1 72 106 109 1 76 82 94 1 0 0 0 0 83 71 106 1 95 77 85 1 99 85 115 1 38 37 14 1 73 83 53 1 160 165 158 1 248 202 224 1 224 206 182 1 0 0 0 0 189 182 153 1 155 143 132 1 127 105 67 1 78 84 61 1 110 105 96 1 85 93 11 1 69 80 34 1 75 118 69 1 88 93 50 1 45 82 47 1 68 70 22 1 0 0 0 0 86 82 60 1 58 74 37 1 79 81 43 1 79 85 76 1 0 0 0 0 9 25 0 1 15 12 0 1 58 86 25 1 117 122 104 1 74 71 58 1 75 76 66 1 11 6 0 1 0 0 0 1 0 27 6 1 19 0 0 1 0 33 14 1 65 110 86 1 151 148 141 1 164 197 166 1 140 160 123 1
0 0 0 0 0 0 0 0 26 67 59 1 39 65 48 1 46 71 41 1 14 45 41 1 54 100 38 1 0 51 28 1 29 18 16 1 20 44 60 1 61 71 62 1 13 35 0 1 0 2 29 1 12 43 35 1 40 67 79 1 44 60 89 1 46 41 84 1 0 0 0 0 121 128 136 1 128 130 146 1 232 198 218 1 237 225 255 1 231 246 234 1 242 242 255 1 185 200 183 1 177 193 188 1 195 179 162 1 172 172 119 1 146 127 101 1 147 152 123 1 203 166 147 1 143 154 92 1 95 123 60 1 126 134 68 1 0 0 0 0 90 108 69 1 125 138 91 1 69 87 52 1 47 80 13 1 43 71 47 1 78 68 31 1 49 67 42 1 0 0 0 0 21 60 57 1 47 80 40 1 29 74 18 1 61 50 29 1 9 64 12 1 0 13 1 1 37 41 20 1 54 43 11 1 72 65 65 1 0 34 10 1 33 44 25 1 44 53 33 1 19 14 0 1 40 37 11 1 24 27 39 1 0 17 6 1 0 25 8 1 30 33 56 1 40 56 54 1 28 46 25 1
37 62 49 1 8 58 14 1 14 21 0 1 6 64 25 1 0 0 0 0 5 58 43 1 9 47 22 1 33 54 57 1 100 88 91 1 0 38 11 1 0 3 21 1 26 9 33 1 100 123 118 1 101 126 113 1 78 87 118 1 0 0 0 0 63 49 103 1 112 96 143 1 211 220 228 1 255 251 255 1 255 230 255 1 237 244 255 1 0 0 0 0 0 0 0 0 255 251 230 1 199 200 226 1 154 167 139 1 144 151 118 1 131 127 95 1 160 150 134 1 0 0 0 0 108 141 72 1 94 120 76 1 101 114 59 1 105 132 84 1 82 118 62 1 70 83 56 1 82 88 49 1 36 62 26 1 28 84 42 1 54 72 60 1 46 70 51 1 57 86 29 1 45 80 43 1 0 0 0 0 54 37 39 1 45 68 30 1 74 85 53 1 42 77 34 1 21 76 41 1 104 114 60 1 49 91 75 1 32 67 37 1 42 41 58 1 43 59 50 1 49 37 45 1 0 17 1 1 15 7 0 1 0 52 8 1 0 0 0 0 32 45 70 1 31 59 24 1 28 46 40 1
12 32 41 1 10 7 8 1 16 23 18 1 3 48 9 1 0 43 32 1 18 60 40 1 45 93 69 1 21 63 64 1 48 45 55 1 23 39 62 1 36 31 70 1 20 27 37 1 18 24 33 1 37 24 0 1 27 51 46 1 10 18 27 1 27 66 30 1 98 95 114 1 255 254 239 1 244 255 255 1 255 250 255 1 255 250 244 1 236 229 255 1 236 238 255 1 241 240 252 1 212 205 200 1 148 144 136 1 142 159 121 1 134 130 94 1 118 126 88 1 102 105 66 1 141 107 100 1 0 0 0 0 144 184 152 1 109 125 74 1 62 76 47 1 75 78 46 1 66 104 65 1 85 104 57 1 40 78 55 1 53 82 39 1 73 94 59 1 67 60 68 1 58 39 42 1 26 44 28 1 32 71 36 1 3 28 30 1 55 38 58 1 0 0 0 0 100 100 88 1 91 104 88 1 60 35 41 1 45 47 34 1 63 57 30 1 46 43 45 1 47 60 49 1 69 51 65 1 31 55 54 1 24 44 32 1 13 41 39 1 0 19 0 1 34 33 21 1 4 28 15 1
8 61 23 1 1 25 9 1 6 24 15 1 7 52 6 1 27 85 45 1 0 38 13 1 28 36 48 1 23 45 49 1 3 39 17 1 7 40 33 1 7 20 22 1 82 60 87 1 10 40 35 1 7 10 39 1 25 33 30 1 29 41 33 1 37 61 60 1 143 128 138 1 193 207 205 1 255 235 225 1 255 245 243 1 255 255 255 1 255 255 255 1 237 247 216 1 0 0 0 0 191 223 186 1 170 141 142 1 166 161 126 1 141 125 66 1 98 119 70 1 68 108 30 1 76 99 31 1 31 49 21 1 57 70 20 1 70 71 38 1 66 67 35 1 41 86 21 1 21 66 36 1 0 0 0 0 31 50 4 1 0 18 0 1 0 62 40 1 19 51 30 1 31 54 2 1 23 52 17 1 0 0 0 1 0 13 0 1 0 0 0 0 51 58 48 1 33 73 27 1 59 58 53 1 10 33 0 1 2 9 3 1 9 14 21 1 0 5 27 1 39 48 63 1 66 92 105 1 57 71 47 1 22 66 21 1 21 39 38 1 17 54 47 1 38 47 15 1 12 58 56 1
2 18 18 1 10 44 51 1 0 0 0 0 5 19 9 1 25 24 33 1 33 8 8 1 23 53 38 1 0 0 0 0 59 38 18 1 30 45 41 1 14 37 21 1 15 0 0 1 30 30 20 1 36 47 45 1 0 6 15 1 173 170 195 1 174 196 183 1 0 0 0 0 242 223 206 1 214 212 224 1 252 250 255 1 240 222 235 1 231 225 254 1 239 241 255 1 0 0 0 0 224 217 230 1 154 159 148 1 0 0 0 0 84 105 53 1 0 0 0 0 92 92 40 1 67 102 57 1 49 81 51 1 52 80 30 1 56 84 49 1 44 73 46 1 30 74 16 1 23 38 14 1 48 59 48 1 52 37 29 1 0 9 17 1 12 20 16 1 0 0 0 0 0 17 16 1 0 0 0 1 26 19 12 1 3 33 7 1 1 29 0 1 11 33 18 1 24 15 41 1 10 35 16 1 23 71 0 1 16 47 80 1 12 25 44 1 0 22 2 1 0 0 0 0 1 43 26 1 37 37 45 1 0 24 6 1 8 37 23 1 23 71 24 1 12 60 67 1 3 27 12 1
6 44 14 1 12 39 46 1 20 39 11 1 15 43 51 1 48 49 33 1 29 72 45 1 0 0 0 0 16 55 64 1 61 85 104 1 55 63 69 1 0 0 38 1 56 54 75 1 49 48 48 1 87 78 104 1 152 113 146 1 209 225 206 1 215 238 234 1 205 214 200 1 244 255 253 1 194 174 190 1 176 144 159 1 207 227 247 1 217 178 199 1 198 195 227 1 238 208 207 1 255 255 249 1 180 179 190 1 111 116 89 1 60 53 64 1 96 95 61 1 0 0 0 0 90 119 82 1 37 60 26 1 13 59 31 1 10 66 19 1 20 71 35 1 28 29 19 1 51 82 45 1 30 57 32 1 0 0 0 0 44 66 16 1 59 57 33 1 43 59 55 1 91 90 45 1 57 89 70 1 46 61 33 1 34 70 38 1 48 55 17 1 29 38 0 1 34 67 33 1 40 30 46 1 0 0 0 0 36 57 46 1 10 40 20 1 0 24 21 1 14 34 32 1 0 0 0 0 6 35 35 1 22 24 47 1 0 0 0 0 25 7 32 1 6 0 0 1 0 31 24 1
0 0 0 0 21 35 18 1 33 37 34 1 48 82 56 1 57 83 84 1 59 92 58 1 61 64 73 1 18 87 48 1 32 89 50 1 57 57 81 1 129 118 146 1 143 170 169 1 166 165 172 1 109 90 92 1 195 193 171 1 255 230 255 1 240 248 224 1 255 248 255 1 252 255 239 1 191 204 174 1 135 137 162 1 0 0 0 0 0 0 0 0 0 0 0 0 0 0 0 0 215 197 213 1 158 185 187 1 142 146 110 1 70 75 62 1 39 42 25 1 15 49 0 1 39 61 27 1 96 100 73 1 45 53 61 1 43 57 32 1 53 93 38 1 73 103 72 1 53 102 66 1 50 78 70 1 82 107 67 1 101 87 100 1 59 74 63 1 77 93 76 1 0 0 0 0 87 104 81 1 55 54 56 1 6 41 24 1 0 0 0 0 0 0 0 0 54 69 50 1 68 102 61 1 53 57 22 1 0 18 58 1 0 34 29 1 0 0 0 0 11 45 30 1 0 50 18 1 20 57 25 1 0 32 9 1 0 53 0 1 0 5 3 1 5 29 32 1 5 20 5 1
54 73 56 1 43 43 58 1 8 52 33 1 28 52 49 1 44 70 28 1 56 87 59 1 25 77 59 1 53 82 64 1 91 105 96 1 82 138 105 1 86 95 124 1 104 123 147 1 82 108 107 1 53 50 60 1 0 0 0 0 210 210 218 1 0 0 0 0 255 248 239 1 235 255 255 1 255 226 255 1 255 239 255 1 254 253 255 1 230 255 238 1 158 134 182 1 216 178 212 1 174 179 150 1 179 189 173 1 177 184 137 1 0 0 0 0 78 96 84 1 87 128 91 1 0 0 0 0 12 21 2 1 35 49 8 1 76 94 68 1 71 91 78 1 117 105 85 1 51 63 63 1 55 76 48 1 58 82 83 1 69 71 51 1 15 63 24 1 34 34 34 1 31 48 28 1 13 54 27 1 6 18 0 1 16 56 46 1 80 90 82 1 41 69 55 1 0 0 0 0 44 61 36 1 0 0 22 1 22 0 8 1 9 33 28 1 33 23 39 1 9 21 20 1 1 29 33 1 28 28 40 1 13 55 42 1 29 27 34 1 37 63 67 1 0 41 43 1 21 58 53 1
65 110 75 1 58 89 76 1 92 120 116 1 68 107 41 1 72 79 80 1 51 93 42 1 79 105 61 1 91 99 67 1 0 0 0 0 69 96 86 1 83 104 114 1 74 90 97 1 55 90 55 1 39 24 43 1 186 198 213 1 247 241 255 1 223 229 223 1 255 225 255 1 255 242 253 1 255 255 242 1 255 255 229 1 0 0 0 0 230 225 234 1 255 244 255 1 211 192 196 1 172 148 133 1 139 106 120 1 121 142 111 1 116 151 117 1 0 0 0 0 0 0 0 0 58 107 44 1 62 81 77 1 31 49 28 1 1 9 2 1 49 71 25 1 44 78 59 1 8 26 8 1 41 65 56 1 66 94 67 1 36 79 54 1 11 51 20 1 0 0 0 0 14 17 12 1 18 34 29 1 0 20 7 1 55 91 41 1 61 87 46 1 36 69 48 1 12 22 43 1 8 0 0 1 0 0 0 0 0 16 0 1 2 14 10 1 8 21 39 1 1 34 36 1 0 0 0 0 58 54 75 1 0 0 0 0 24 81 50 1 35 71 28 1 0 0 0 0 1 4 32 1
47 79 48 1 19 24 0 1 0 35 1 1 0 26 0 1 26 30 38 1 38 73 34 1 59 74 69 1 82 137 99 1 107 144 127 1 134 142 143 1 85 77 113 1 68 80 72 1 8 28 38 1 0 0 0 0 226 212 251 1 185 174 172 1 0 0 0 0 0 0 0 0 255 242 253 1 255 231 249 1 255 248 237 1 248 226 208 1 213 212 243 1 255 252 255 1 0 0 0 0 184 172 172 1 128 129 81 1 140 148 91 1 191 179 154 1 94 130 107 1 37 37 21 1 0 0 0 0 6 24 16 1 43 65 36 1 59 73 53 1 135 157 102 1 8 90 17 1 0 0 0 0 67 96 68 1 66 86 74 1 52 73 45 1 0 0 0 0 0 11 0 1 0 32 1 1 0 7 21 1 0 17 0 1 64 51 41 1 0 45 5 1 1 0 17 1 0 0 0 0 0 32 15 1 0 0 0 0 0 19 19 1 0 0 0 0 0 12 11 1 0 0 0 0 70 68 43 1 45 81 35 1 0 0 0 0 64 101 110 1 0 0 0 0 31 53 13 1 48 44 53 1
56 75 37 1 59 52 31 1 28 48 26 1 107 94 77 1 60 101 70 1 80 79 82 1 51 86 57 1 0 0 0 0 62 79 97 1 79 111 92 1 8 28 54 1 23 33 46 1 0 35 28 1 152 176 172 1 215 255 254 1 187 185 175 1 240 235 246 1 255 243 229 1 255 252 255 1 222 232 232 1 225 221 219 1 237 248 207 1 247 243 240 1 254 249 237 1 253 220 249 1 232 226 218 1 230 224 201 1 231 200 200 1 216 222 171 1 165 147 110 1 89 110 82 1 125 107 102 1 11 70 28 1 16 45 36 1 34 51 48 1 92 102 82 1 20 24 5 1 0 0 0 0 69 115 42 1 82 95 96 1 63 84 61 1 37 49 0 1 0 49 0 1 24 38 19 1 0 12 1 1 0 0 0 0 0 0 0 0 20 38 5 1 18 58 17 1 28 55 13 1 0 29 0 1 39 78 52 1 0 0 0 0 23 8 2 1 29 45 40 1 0 0 0 0 46 50 18 1 57 85 59 1 104 83 88 1 69 87 78 1 20 49 63 1 62 68 76 1 99 139 117 1
29 29 13 1 48 67 46 1 56 76 34 1 0 0 0 0 65 90 53 1 39 35 52 1 15 55 55 1 41 28 60 1 32 41 53 1 3 55 64 1 35 73 78 1 45 55 89 1 136 160 172 1 172 204 212 1 160 185 186 1 255 255 255 1 0 0 0 0 247 255 255 1 246 247 255 1 255 244 245 1 213 212 231 1 226 255 239 1 239 251 255 1 255 255 255 1 254 255 255 1 222 240 213 1 186 185 153 1 174 173 149 1 140 159 113 1 114 97 57 1 41 68 28 1 79 64 62 1 59 56 58 1 17 60 21 1 47 76 52 1 78 104 63 1 0 41 5 1 70 115 58 1 28 80 62 1 45 91 55 1 42 70 73 1 0 0 0 0 13 0 10 1 0 29 13 1 27 64 53 1 44 72 48 1 7 61 1 1 29 44 1 1 62 76 76 1 52 61 51 1 62 71 57 1 70 97 69 1 0 0 0 0 40 61 0 1 35 28 0 1 48 69 14 1 71 72 85 1 50 60 30 1 73 76 56 1 51 71 76 1 0 14 25 1 90 40 44 1 54 62 27 1
52 54 21 1 62 62 48 1 67 84 47 1 32 51 27 1 25 35 27 1 18 85 64 1 64 82 100 1 0 0 0 0 73 112 92 1 40 54 70 1 0 0 0 0 0 0 0 0 144 143 155 1 255 241 255 1 240 255 241 1 252 230 255 1 0 0 0 0 0 0 0 0 241 255 255 1 255 255 255 1 249 255 244 1 0 0 0 0 0 0 0 0 226 217 225 1 231 245 216 1 237 223 205 1 239 228 206 1 226 251 236 1 209 202 136 1 107 101 96 1 119 116 86 1 100 132 102 1 97 121 76 1 81 107 91 1 116 124 117 1 41 72 59 1 17 56 34 1 64 92 73 1 26 38 33 1 0 27 5 1 17 29 0 1 54 56 66 1 39 45 38 1 46 70 33 1 148 166 150 1 99 124 108 1 46 46 47 1 50 71 37 1 83 121 111 1 34 68 35 1 94 80 91 1 61 84 60 1 29 33 3 1 33 30 17 1 10 25 2 1 111 104 55 1 132 121 108 1 113 99 73 1 100 89 75 1 126 128 88 1 88 79 93 1 0 0 0 0 109 144 140 1
0 0 0 0 0 31 35 1 44 68 23 1 44 65 67 1 85 100 94 1 82 105 121 1 99 123 139 1 122 142 132 1 0 0 0 0 0 0 0 0 39 43 76 1 100 120 146 1 117 126 100 1 240 220 246 1 255 231 249 1 249 255 228 1 0 0 0 0 245 255 255 1 250 255 255 1 255 255 255 1 0 0 0 0 191 200 198 1 183 198 192 1 212 233 201 1 198 200 209 1 255 242 255 1 212 218 170 1 182 186 194 1 155 155 123 1 103 105 57 1 70 106 59 1 55 78 58 1 62 77 46 1 37 33 30 1 63 87 53 1 67 75 70 1 109 123 107 1 48 60 53 1 85 80 94 1 42 54 59 1 29 25 35 1 53 84 59 1 125 126 110 1 122 131 108 1 0 0 0 0 72 100 92 1 41 15 43 1 24 34 27 1 0 0 0 0 8 33 21 1 55 53 57 1 129 112 145 1 68 62 47 1 29 7 33 1 0 0 0 0 185 166 178 1 137 113 86 1 150 147 133 1 100 119 92 1 45 57 46 1 45 47 28 1 80 81 90 1 0 0 0 0
55 69 76 1 61 92 73 1 86 99 108 1 103 113 111 1 107 152 150 1 0 0 0 0 136 120 130 1 87 97 141 1 60 48 65 1 58 101 97 1 187 197 195 1 186 210 231 1 254 237 255 1 235 247 237 1 255 253 255 1 241 231 242 1 229 255 230 1 255 234 255 1 244 247 255 1 231 254 255 1 255 237 255 1 250 255 255 1 252 248 251 1 214 222 246 1 167 211 181 1 160 184 156 1 179 171 173 1 193 202 163 1 212 215 152 1 156 170 121 1 0 0 0 0 40 28 36 1 86 71 82 1 64 91 69 1 85 90 113 1 144 141 168 1 114 137 120 1 0 0 0 0 20 56 56 1 0 0 0 0 38 51 57 1 43 57 30 1 58 72 83 1 106 120 120 1 123 122 120 1 118 135 126 1 105 108 113 1 73 42 77 1 0 0 0 0 107 99 111 1 108 116 117 1 23 52 46 1 47 32 63 1 98 75 91 1 186 175 187 1 195 196 173 1 120 140 105 1 135 158 118 1 146 129 128 1 65 43 79 1 66 57 60 1 59 78 57 1 52 78 71 1
12 21 21 1 0 0 0 0 52 84 89 1 68 65 92 1 25 22 67 1 27 31 39 1 37 28 36 1 0 6 13 1 24 39 70 1 13 17 33 1 0 34 42 1 110 148 128 1 250 254 255 1 255 255 250 1 255 236 255 1 251 252 255 1 255 255 247 1 0 0 0 0 255 251 255 1 244 223 255 1 253 241 255 1 251 240 226 1 180 153 190 1 240 198 216 1 203 201 206 1 215 194 212 1 203 208 178 1 210 216 200 1 201 194 182 1 135 119 104 1 212 195 214 1 132 151 160 1 91 112 117 1 110 131 124 1 99 108 116 1 25 16 46 1 0 16 23 1 19 42 21 1 11 23 46 1 31 34 35 1 0 0 0 0 66 69 66 1 64 52 92 1 69 88 83 1 116 102 89 1 107 96 106 1 35 15 68 1 40 30 59 1 92 92 94 1 107 103 136 1 0 0 0 0 24 39 42 1 0 0 0 0 59 36 78 1 134 129 131 1 173 160 159 1 98 83 62 1 83 99 82 1 92 81 94 1 70 62 58 1 121 108 109 1 91 61 90 1 113 143 135 1
10 18 10 1 53 38 18 1 50 54 58 1 9 52 56 1 52 53 66 1 58 50 41 1 68 77 85 1 75 93 104 1 15 40 34 1 42 54 61 1 158 200 198 1 174 196 195 1 248 252 255 1 255 248 233 1 254 232 248 1 255 249 255 1 251 255 244 1 255 255 234 1 255 230 250 1 180 190 169 1 217 243 211 1 198 211 214 1 115 122 132 1 132 153 162 1 144 123 155 1 198 184 215 1 210 213 211 1 218 179 177 1 196 160 158 1 148 169 174 1 0 0 0 0 145 123 115 1 125 107 84 1 67 65 63 1 6 28 34 1 0 0 0 0 58 66 87 1 74 73 95 1 72 69 89 1 64 59 84 1 70 92 87 1 93 109 80 1 81 94 90 1 86 89 123 1 87 64 94 1 39 48 45 1 48 25 33 1 46 29 55 1 77 81 88 1 91 111 116 1 73 100 93 1 63 44 60 1 94 96 93 1 68 70 81 1 124 96 91 1 167 150 153 1 120 116 120 1 129 94 108 1 103 98 117 1 86 77 76 1 57 48 70 1 59 57 70 1 109 136 150 1
39 58 56 1 133 115 149 1 67 96 113 1 121 110 103 1 111 94 127 1 62 55 102 1 41 42 54 1 79 106 98 1 194 202 198 1 0 0 0 0 186 186 195 1 250 237 255 1 255 255 255 1 235 255 255 1 253 251 255 1 240 243 210 1 245 235 233 1 231 237 228 1 254 254 253 1 169 174 170 1 169 176 189 1 0 0 0 0 191 199 183 1 150 143 155 1 105 94 139 1 0 0 0 0 111 118 122 1 0 0 0 0 139 160 144 1 169 154 168 1 102 87 68 1 95 59 71 1 16 0 5 1 3 0 0 1 85 72 82 1 87 89 74 1 92 74 68 1 64 77 90 1 63 68 39 1 61 45 51 1 64 85 76 1 74 56 67 1 81 96 83 1 101 125 120 1 102 62 76 1 96 71 89 1 56 52 74 1 26 18 36 1 41 53 71 1 38 19 63 1 51 60 66 1 34 2 59 1 66 59 95 1 112 128 128 1 138 117 139 1 102 117 121 1 130 141 136 1 70 97 97 1 108 115 114 1 84 66 95 1 31 47 82 1 126 127 154 1 70 92 90 1
173 195 187 1 0 0 0 0 137 119 136 1 92 85 65 1 0 0 0 0 104 83 73 1 202 197 201 1 233 231 245 1 0 0 0 0 237 219 255 1 255 255 255 1 246 255 255 1 247 255 246 1 0 0 0 0 237 252 238 1 249 235 214 1 255 230 232 1 238 255 255 1 255 255 255 1 227 210 223 1 210 212 178 1 201 187 198 1 207 202 206 1 133 149 139 1 151 140 180 1 137 141 154 1 211 186 197 1 226 225 204 1 174 139 170 1 89 95 104 1 34 23 0 1 90 111 103 1 0 0 0 0 161 171 150 1 161 130 146 1 143 129 140 1 75 53 56 1 67 65 60 1 95 75 108 1 61 35 84 1 116 90 111 1 226 179 181 1 182 180 162 1 119 131 133 1 70 80 53 1 33 34 13 1 29 31 6 1 57 9 63 1 72 92 61 1 77 55 78 1 107 127 153 1 83 62 88 1 53 79 81 1 0 0 0 0 135 127 145 1 151 86 129 1 150 117 149 1 87 75 68 1 79 96 86 1 58 66 65 1 40 72 110 1 110 144 162 1 80 98 127 1
230 208 201 1 124 117 99 1 121 102 108 1 163 159 181 1 230 223 201 1 253 228 252 1 0 0 0 0 0 0 0 0 255 250 245 1 215 239 215 1 236 255 233 1 255 255 253 1 218 212 228 1 252 255 239 1 237 216 240 1 215 238 247 1 243 253 250 1 248 255 255 1 0 0 0 0 191 217 197 1 203 218 225 1 118 126 159 1 186 203 184 1 242 229 255 1 0 0 0 0 124 154 124 1 0 0 0 0 143 149 174 1 110 112 109 1 70 57 37 1 169 167 136 1 225 236 222 1 221 189 179 1 233 239 247 1 248 240 202 1 228 193 206 1 178 150 168 1 114 108 158 1 49 20 60 1 89 91 97 1 255 236 206 1 235 255 234 1 239 255 246 1 237 233 255 1 209 234 225 1 243 202 234 1 101 112 100 1 76 75 76 1 0 0 0 0 145 157 167 1 128 165 175 1 124 122 144 1 88 98 124 1 71 86 83 1 117 121 137 1 149 137 147 1 125 114 119 1 74 80 73 1 71 93 82 1 70 72 118 1 132 137 139 1 88 92 161 1 103 120 149 1
219 204 194 1 164 158 158 1 131 113 146 1 240 225 246 1 243 255 234 1 245 255 230 1 255 255 255 1 234 255 249 1 0 0 0 0 184 154 171 1 0 0 0 0 221 188 178 1 251 244 255 1 253 255 254 1 217 255 228 1 255 255 255 1 255 255 255 1 0 0 0 0 247 250 255 1 215 226 235 1 212 223 228 1 201 174 187 1 234 249 230 1 251 249 255 1 255 253 253 1 145 163 167 1 150 128 117 1 143 127 102 1 136 138 122 1 0 0 0 0 228 255 234 1 245 255 249 1 200 170 173 1 187 173 134 1 231 228 212 1 246 232 216 1 235 255 209 1 255 255 249 1 206 172 174 1 0 0 0 0 254 246 236 1 255 253 237 1 239 212 223 1 158 143 126 1 240 199 201 1 225 229 234 1 255 248 227 1 214 216 213 1 255 254 224 1 255 255 255 1 255 255 255 1 242 246 232 1 181 183 172 1 130 107 111 1 67 94 93 1 71 94 100 1 124 122 134 1 96 86 103 1 0 25 62 1 66 65 99 1 100 117 141 1 86 98 131 1 77 115 140 1
97 119 118 1 33 37 58 1 158 197 158 1 0 0 0 0 247 255 237 1 233 246 234 1 255 243 231 1 255 234 255 1 255 251 255 1 212 204 196 1 191 175 169 1 243 234 229 1 233 244 238 1 255 234 248 1 248 255 244 1 255 255 241 1 255 255 242 1 229 207 221 1 250 255 253 1 231 253 231 1 242 254 238 1 216 231 215 1 217 216 234 1 244 255 255 1 185 182 176 1 220 229 216 1 175 140 167 1 122 131 134 1 0 0 0 0 246 230 229 1 255 255 255 1 255 255 242 1 226 242 208 1 0 0 0 0 169 161 154 1 246 219 226 1 220 255 217 1 246 239 224 1 224 201 193 1 255 244 241 1 241 224 244 1 219 234 221 1 255 232 225 1 233 177 187 1 255 223 206 1 255 240 207 1 207 201 175 1 219 204 179 1 236 247 218 1 180 204 161 1 255 250 221 1 245 197 205 1 251 223 187 1 159 141 152 1 99 79 107 1 154 157 151 1 89 89 91 1 84 87 79 1 123 112 123 1 242 255 255 1 97 111 123 1 84 82 120 1 57 80 143 1
90 99 122 1 83 73 105 1 228 255 251 1 255 255 240 1 210 200 199 1 182 220 180 1 219 243 204 1 241 255 249 1 244 220 219 1 196 199 209 1 144 141 169 1 246 243 253 1 255 255 244 1 255 245 237 1 255 242 255 1 255 255 240 1 255 255 224 1 252 255 255 1 255 252 255 1 196 192 195 1 255 255 241 1 0 0 0 0 255 255 255 1 223 227 206 1 96 118 109 1 240 246 255 1 226 209 216 1 242 249 243 1 254 236 253 1 231 255 255 1 0 0 0 0 234 255 255 1 225 217 196 1 121 123 86 1 107 118 74 1 211 186 166 1 255 240 226 1 255 235 230 1 223 220 218 1 255 255 254 1 255 241 255 1 244 213 227 1 199 181 162 1 205 177 181 1 158 201 143 1 247 255 232 1 248 217 198 1 0 0 0 0 252 247 233 1 200 220 208 1 0 0 0 0 255 240 212 1 231 216 245 1 0 0 0 0 58 62 78 1 171 169 188 1 160 149 159 1 224 218 210 1 0 0 0 0 255 255 255 1 205 190 163 1 133 161 196 1 128 158 175 1
42 62 87 1 171 152 182 1 250 239 228 1 0 0 0 0 227 245 188 1 255 255 214 1 235 249 221 1 255 253 242 1 227 232 250 1 172 190 180 1 181 166 166 1 255 255 255 1 254 255 244 1 228 251 246 1 232 215 235 1 229 255 229 1 241 215 227 1 209 206 200 1 234 224 201 1 244 255 228 1 247 255 252 1 220 212 237 1 244 255 251 1 188 160 164 1 97 94 95 1 0 0 0 0 174 183 175 1 225 253 255 1 233 248 222 1 235 220 218 1 229 246 239 1 255 255 255 1 255 225 204 1 0 0 0 0 112 127 118 1 0 0 0 0 218 255 221 1 194 180 183 1 243 203 222 1 255 252 255 1 211 228 202 1 163 133 126 1 194 177 155 1 255 255 214 1 255 246 217 1 224 234 189 1 218 210 201 1 243 233 193 1 207 225 199 1 254 241 232 1 255 221 205 1 250 236 191 1 130 102 121 1 0 0 0 0 27 15 30 1 202 202 175 1 252 255 255 1 0 0 0 0 0 0 0 0 242 244 244 1 211 221 220 1 194 189 195 1 0 0 0 0
37 69 75 1 235 238 247 1 255 255 233 1 255 255 255 1 254 236 214 1 239 243 255 1 236 219 216 1 245 220 240 1 141 171 147 1 59 78 69 1 81 115 92 1 215 243 240 1 232 248 255 1 255 229 255 1 234 255 241 1 254 255 254 1 239 248 214 1 230 212 198 1 208 194 209 1 207 212 195 1 177 215 217 1 170 192 167 1 227 242 230 1 201 174 178 1 86 111 108 1 134 146 135 1 247 244 249 1 241 255 255 1 255 242 233 1 159 198 201 1 243 217 251 1 255 255 255 1 227 236 207 1 151 159 129 1 130 103 41 1 71 104 61 1 163 163 96 1 232 241 222 1 255 255 234 1 255 227 252 1 0 0 0 0 90 106 74 1 119 154 90 1 212 208 187 1 255 255 223 1 136 149 112 1 125 106 91 1 160 153 141 1 145 120 99 1 149 109 98 1 232 238 225 1 163 166 169 1 100 95 66 1 126 91 91 1 103 88 89 1 185 191 203 1 242 250 255 1 255 226 247 1 254 255 233 1 215 232 229 1 255 251 228 1 221 242 225 1 240 255 255 1
154 206 203 1 255 255 255 1 221 255 255 1 241 255 255 1 212 208 194 1 235 220 222 1 230 240 242 1 255 252 255 1 120 129 125 1 65 79 76 1 99 105 128 1 0 0 0 0 215 223 218 1 249 236 247 1 255 227 236 1 255 249 255 1 228 222 242 1 223 216 195 1 0 0 0 0 197 188 162 1 227 224 213 1 231 233 208 1 243 241 237 1 159 162 146 1 117 119 96 1 252 251 217 1 0 0 0 0 202 232 207 1 243 237 255 1 240 250 255 1 232 233 228 1 247 255 251 1 218 238 240 1 135 133 143 1 76 70 64 1 61 66 37 1 69 99 50 1 143 151 122 1 255 255 241 1 226 217 193 1 0 0 0 0 36 21 15 1 116 101 78 1 210 225 179 1 206 200 185 1 0 0 0 0 25 63 11 1 93 74 47 1 82 75 87 1 146 97 108 1 183 171 171 1 175 140 124 1 123 129 140 1 104 88 98 1 94 106 102 1 118 134 129 1 214 230 216 1 255 252 255 1 255 230 242 1 213 203 193 1 239 255 253 1 0 0 0 0 255 228 233 1
253 253 255 1 255 221 243 1 255 232 248 1 244 253 239 1 205 184 211 1 182 166 175 1 198 194 189 1 0 0 0 0 129 121 107 1 132 150 133 1 179 211 203 1 235 255 246 1 196 209 188 1 0 0 0 0 255 225 245 1 224 219 221 1 219 226 228 1 213 220 214 1 226 226 206 1 202 204 181 1 225 199 160 1 201 197 183 1 241 255 244 1 191 151 215 1 213 240 233 1 255 250 245 1 236 252 255 1 241 233 243 1 242 220 221 1 204 216 194 1 255 255 249 1 247 239 223 1 244 212 189 1 0 0 0 0 130 148 116 1 127 122 131 1 94 97 49 1 109 97 91 1 119 112 122 1 0 0 0 0 60 93 46 1 94 94 42 1 100 102 59 1 159 160 126 1 92 112 88 1 49 65 45 1 55 108 57 1 67 45 30 1 0 0 0 0 165 138 119 1 198 162 167 1 176 197 165 1 212 181 161 1 128 104 84 1 107 72 63 1 122 122 91 1 235 221 239 1 247 219 221 1 255 253 255 1 255 240 246 1 147 158 151 1 232 241 247 1 252 255 255 1
231 255 255 1 255 241 238 1 241 225 255 1 255 231 229 1 208 222 197 1 203 195 186 1 221 209 206 1 227 211 209 1 66 56 56 1 102 128 108 1 201 205 177 1 248 255 255 1 196 211 192 1 220 255 255 1 0 0 0 0 0 0 0 0 0 0 0 0 210 212 189 1 181 149 161 1 230 185 177 1 216 190 198 1 214 255 231 1 255 249 252 1 204 213 205 1 252 233 225 1 236 255 245 1 239 255 244 1 239 255 252 1 255 242 255 1 224 232 232 1 217 230 193 1 217 200 205 1 212 196 176 1 96 95 75 1 87 101 55 1 114 98 67 1 122 95 83 1 0 0 0 0 87 84 58 1 0 0 0 0 84 88 60 1 108 123 76 1 113 109 89 1 78 95 24 1 100 126 76 1 58 38 38 1 83 93 73 1 85 94 77 1 91 108 55 1 163 132 114 1 182 157 160 1 149 143 126 1 126 104 84 1 95 96 87 1 119 94 121 1 217 201 177 1 247 232 237 1 253 226 236 1 234 255 246 1 221 242 241 1 139 128 136 1 246 244 242 1 251 252 245 1
219 239 252 1 255 255 255 1 254 241 253 1 232 217 187 1 182 160 171 1 221 192 175 1 186 213 173 1 182 175 167 1 100 97 112 1 0 0 0 0 202 212 187 1 251 242 241 1 232 233 219 1 255 255 245 1 255 222 228 1 217 230 223 1 234 234 211 1 251 212 214 1 165 161 150 1 0 0 0 0 235 233 243 1 249 243 242 1 204 223 216 1 239 230 235 1 0 0 0 0 230 255 255 1 255 214 230 1 253 250 255 1 233 234 231 1 255 250 255 1 255 255 240 1 255 237 225 1 237 217 216 1 142 156 137 1 134 129 80 1 94 92 73 1 84 96 74 1 84 77 70 1 69 110 56 1 121 124 102 1 135 178 111 1 0 0 0 0 102 100 46 1 65 57 10 1 84 85 72 1 148 126 129 1 151 178 157 1 87 79 59 1 96 120 76 1 136 135 126 1 162 132 155 1 204 176 160 1 148 92 81 1 135 132 78 1 0 0 0 0 246 255 245 1 245 251 250 1 255 255 227 1 247 255 247 1 211 213 206 1 195 192 180 1 255 231 234 1 255 247 245 1
245 255 243 1 255 242 255 1 251 250 232 1 235 236 222 1 150 148 149 1 0 0 0 0 149 185 149 1 173 162 174 1 74 70 64 1 156 136 149 1 155 185 169 1 255 239 255 1 252 240 244 1 255 249 249 1 255 252 255 1 0 0 0 0 127 139 108 1 171 150 126 1 172 185 140 1 168 181 156 1 206 185 164 1 255 253 230 1 191 197 194 1 234 244 225 1 255 253 247 1 255 255 230 1 223 232 236 1 244 255 244 1 242 246 225 1 247 243 218 1 255 228 231 1 0 0 0 0 227 234 206 1 150 150 137 1 200 195 129 1 134 148 81 1 53 115 7 1 30 59 52 1 107 121 90 1 92 112 89 1 38 48 34 1 73 80 59 1 54 66 33 1 0 0 0 0 74 108 51 1 40 45 15 1 104 105 69 1 110 116 84 1 113 83 101 1 158 142 140 1 130 120 145 1 142 106 81 1 0 0 0 0 163 138 135 1 229 212 200 1 240 255 251 1 0 0 0 0 255 244 255 1 255 244 250 1 150 151 148 1 221 200 196 1 249 250 255 1 255 234 243 1
249 252 229 1 254 250 224 1 230 183 216 1 174 176 183 1 0 0 0 0 198 165 140 1 168 151 137 1 0 0 0 0 204 183 188 1 122 140 128 1 187 228 222 1 237 237 223 1 210 203 201 1 192 200 185 1 232 204 209 1 181 172 141 1 192 168 121 1 140 110 81 1 156 154 154 1 255 255 223 1 222 232 195 1 217 226 209 1 190 176 183 1 233 255 233 1 249 255 241 1 231 233 218 1 169 175 128 1 135 159 138 1 115 117 119 1 147 155 136 1 144 181 116 1 211 214 248 1 0 0 0 0 123 134 96 1 157 166 140 1 107 106 59 1 84 89 44 1 63 81 48 1 92 115 54 1 103 112 81 1 75 66 61 1 99 119 69 1 108 93 77 1 62 70 52 1 101 140 72 1 110 154 98 1 91 106 60 1 16 63 40 1 87 89 67 1 183 191 173 1 186 175 170 1 203 193 189 1 199 187 170 1 255 231 223 1 242 255 239 1 255 250 253 1 255 237 246 1 227 243 221 1 230 199 206 1 156 102 150 1 0 0 0 0 253 254 232 1 243 243 247 1
243 239 248 1 222 247 237 1 164 182 179 1 181 188 163 1 120 113 112 1 94 101 78 1 138 136 149 1 203 208 187 1 157 135 119 1 175 158 160 1 236 236 227 1 220 225 214 1 175 188 174 1 175 184 138 1 198 196 180 1 129 127 80 1 0 0 0 0 179 162 160 1 182 155 134 1 123 108 104 1 144 134 133 1 208 180 195 1 194 198 164 1 237 229 223 1 240 248 254 1 171 149 192 1 145 134 100 1 98 101 85 1 54 73 47 1 95 95 64 1 111 132 107 1 102 74 29 1 167 186 133 1 165 190 138 1 53 99 46 1 126 113 81 1 72 99 52 1 85 109 53 1 0 56 19 1 0 0 0 0 114 139 97 1 85 88 70 1 0 0 0 0 81 106 76 1 50 57 26 1 85 90 55 1 121 135 118 1 61 86 45 1 101 118 95 1 0 0 0 0 197 163 180 1 255 230 234 1 0 0 0 0 239 255 230 1 255 250 251 1 217 249 220 1 211 216 214 1 220 208 195 1 141 108 104 1 177 172 199 1 250 255 243 1 255 255 220 1 255 232 208 1
255 234 223 1 0 0 0 0 164 186 139 1 211 201 190 1 194 167 176 1 161 137 141 1 156 145 149 1 210 209 177 1 122 154 121 1 0 0 0 0 154 156 147 1 144 146 123 1 167 155 141 1 162 157 119 1 120 104 95 1 108 146 111 1 161 146 131 1 126 149 94 1 106 108 83 1 132 133 137 1 189 143 129 1 204 181 156 1 0 0 0 0 255 248 234 1 0 0 0 0 118 136 122 1 171 134 118 1 0 0 0 0 89 97 77 1 116 110 92 1 112 128 105 1 98 93 74 1 134 145 88 1 118 117 83 1 103 139 71 1 106 111 94 1 115 120 101 1 87 84 50 1 54 39 3 1 49 62 18 1 31 42 24 1 54 82 25 1 54 55 42 1 22 32 6 1 162 173 140 1 222 231 202 1 70 112 63 1 53 42 3 1 147 135 114 1 155 141 118 1 244 226 240 1 211 195 228 1 255 234 243 1 243 241 255 1 255 226 239 1 222 211 194 1 161 173 169 1 187 166 134 1 113 89 56 1 192 216 172 1 0 0 0 0 255 255 237 1 201 200 181 1
0 0 0 0 230 209 198 1 194 176 140 1 0 0 0 0 155 144 113 1 182 198 157 1 126 168 126 1 251 248 227 1 219 238 217 1 215 221 198 1 86 123 120 1 154 164 143 1 148 147 133 1 110 110 86 1 0 0 0 0 0 0 0 0 133 148 94 1 78 102 64 1 0 0 0 0 175 188 140 1 164 152 158 1 0 0 0 0 197 190 159 1 245 255 206 1 205 176 161 1 76 97 53 1 0 0 0 0 150 154 119 1 0 0 0 0 197 206 158 1 150 139 107 1 83 95 61 1 118 112 80 1 0 0 0 0 103 119 82 1 104 125 73 1 96 108 59 1 52 76 18 1 50 56 36 1 43 76 46 1 20 50 27 1 0 0 0 0 85 98 57 1 223 226 197 1 228 244 203 1 118 101 65 1 93 124 117 1 23 22 13 1 82 105 82 1 0 0 0 0 183 180 128 1 215 255 212 1 178 188 157 1 255 255 235 1 247 255 224 1 0 0 0 0 138 91 86 1 125 128 90 1 152 154 145 1 193 215 193 1 226 255 230 1 255 255 236 1 183 196 154 1
255 227 211 1 180 167 170 1 110 112 107 1 108 131 62 1 93 79 67 1 44 52 28 1 66 77 66 1 145 135 100 1 195 209 190 1 109 104 98 1 104 90 52 1 114 140 101 1 81 79 83 1 0 0 0 0 100 134 111 1 231 207 174 1 134 152 117 1 101 105 100 1 123 131 122 1 217 195 178 1 171 156 109 1 0 0 0 0 179 154 144 1 245 240 220 1 192 188 175 1 128 139 123 1 156 152 125 1 212 230 188 1 0 0 0 0 121 106 79 1 82 102 52 1 0 0 0 0 83 123 69 1 107 97 53 1 70 112 64 1 79 117 65 1 0 0 0 0 69 101 51 1 88 124 80 1 64 88 83 1 97 118 86 1 114 147 100 1 187 188 185 1 194 222 185 1 35 77 58 1 0 19 9 1 50 60 65 1 52 73 46 1 37 0 0 1 69 56 29 1 0 0 0 0 255 255 230 1 255 251 217 1 255 255 255 1 155 180 148 1 0 0 0 0 82 111 76 1 112 107 108 1 171 147 121 1 228 221 241 1 250 250 232 1 208 220 209 1 108 134 98 1
255 248 242 1 178 171 158 1 107 96 77 1 92 101 77 1 79 124 64 1 80 76 31 1 50 87 56 1 0 0 0 0 0 0 0 0 94 130 84 1 86 108 112 1 0 0 0 0 73 80 54 1 0 0 0 0 161 168 126 1 237 214 182 1 170 161 154 1 91 99 71 1 77 57 25 1 0 0 0 0 177 144 106 1 182 159 167 1 255 232 232 1 231 233 184 1 127 131 108 1 54 58 39 1 0 0 0 0 83 112 86 1 88 120 63 1 126 121 91 1 44 76 56 1 82 99 40 1 89 89 79 1 97 117 85 1 117 126 85 1 79 91 55 1 50 63 66 1 41 81 38 1 93 94 61 1 55 92 77 1 89 126 74 1 29 68 0 1 151 181 143 1 92 116 94 1 32 21 7 1 21 27 42 1 57 30 45 1 52 91 52 1 64 61 41 1 68 47 33 1 94 83 36 1 147 168 129 1 213 208 179 1 141 122 123 1 64 69 62 1 67 84 56 1 58 86 85 1 114 135 113 1 96 119 117 1 204 224 183 1 230 228 214 1 180 195 164 1 75 111 87 1
160 162 97 1 123 122 94 1 96 114 54 1 92 124 96 1 134 125 89 1 109 119 96 1 81 82 81 1 111 102 83 1 107 113 110 1 102 108 106 1 87 89 76 1 74 87 74 1 103 104 58 1 125 148 98 1 181 180 158 1 220 203 215 1 186 164 145 1 109 88 99 1 79 89 66 1 142 118 129 1 189 159 159 1 136 144 135 1 236 205 207 1 133 140 150 1 172 154 116 1 0 0 0 0 177 182 159 1 144 152 148 1 121 108 106 1 167 187 143 1 138 132 149 1 156 188 142 1 94 118 94 1 79 78 71 1 53 113 79 1 69 93 76 1 50 83 60 1 60 106 79 1 48 84 50 1 19 26 23 1 41 45 21 1 63 114 63 1 102 134 90 1 13 38 8 1 10 40 14 1 46 71 62 1 0 0 0 0 76 111 64 1 77 78 58 1 85 121 89 1 94 110 99 1 73 77 23 1 159 145 106 1 85 97 78 1 63 84 56 1 82 80 60 1 119 103 102 1 160 131 147 1 154 139 134 1 248 247 240 1 157 159 127 1 132 137 100 1 91 103 68 1
107 108 103 1 123 100 71 1 99 119 104 1 43 90 29 1 75 101 52 1 46 103 73 1 116 121 87 1 70 75 57 1 112 141 94 1 80 93 60 1 101 125 99 1 88 83 81 1 130 114 107 1 144 155 124 1 246 194 189 1 0 0 0 0 106 119 97 1 112 87 77 1 105 118 71 1 132 118 114 1 180 154 153 1 161 164 133 1 255 255 233 1 235 236 219 1 230 185 168 1 151 151 140 1 89 95 98 1 0 0 0 0 0 0 0 0 83 92 72 1 0 0 0 0 94 85 75 1 86 60 66 1 64 91 85 1 36 80 59 1 24 48 43 1 31 69 44 1 0 0 0 0 0 0 0 0 0 28 0 1 0 23 24 1 100 71 68 1 83 117 70 1 38 86 47 1 3 16 4 1 24 33 0 1 18 57 28 1 98 108 70 1 128 102 77 1 0 0 0 0 67 82 56 1 70 131 72 1 145 155 119 1 53 71 10 1 55 56 18 1 87 127 95 1 131 145 132 1 110 114 118 1 0 0 0 0 236 255 249 1 113 115 114 1 72 109 41 1 99 97 36 1
136 138 112 1 122 117 113 1 123 113 81 1 85 129 91 1 80 127 69 1 48 46 27 1 79 106 77 1 57 94 42 1 73 105 69 1 123 172 108 1 125 122 90 1 85 80 80 1 43 70 52 1 106 87 59 1 192 180 147 1 222 238 185 1 159 153 131 1 139 124 109 1 168 203 147 1 201 205 170 1 118 118 77 1 120 133 86 1 194 158 163 1 194 198 211 1 193 185 153 1 147 150 128 1 147 150 161 1 0 0 0 0 47 76 67 1 73 115 90 1 97 74 89 1 50 62 53 1 83 69 91 1 31 55 32 1 34 64 0 1 3 58 14 1 15 20 0 1 23 30 21 1 15 41 18 1 31 75 38 1 43 67 37 1 53 67 23 1 53 72 14 1 79 130 106 1 81 107 77 1 100 147 101 1 73 89 69 1 190 204 183 1 0 0 0 0 55 72 38 1 38 86 34 1 71 85 58 1 100 100 76 1 43 57 20 1 67 80 69 1 105 125 103 1 148 171 165 1 103 112 114 1 221 228 216 1 204 207 192 1 95 110 120 1 140 137 72 1 72 65 72 1
157 158 137 1 191 174 177 1 99 131 102 1 0 0 0 0 154 144 152 1 0 0 0 0 68 99 65 1 74 86 84 1 81 77 61 1 0 0 0 0 100 133 102 1 94 86 53 1 94 75 45 1 89 77 80 1 132 147 114 1 134 120 103 1 120 116 94 1 96 106 116 1 152 115 123 1 0 0 0 0 92 94 71 1 155 147 124 1 134 114 101 1 151 146 137 1 138 118 108 1 166 142 136 1 131 122 96 1 95 102 112 1 122 118 98 1 58 103 108 1 116 145 127 1 56 87 73 1 105 139 104 1 40 70 79 1 66 112 94 1 64 73 53 1 48 60 52 1 15 47 60 1 0 0 0 0 0 50 14 1 60 77 52 1 0 0 0 0 50 67 53 1 59 70 56 1 88 76 75 1 95 81 58 1 119 156 139 1 138 152 133 1 103 123 79 1 66 82 64 1 82 119 65 1 62 81 40 1 94 117 90 1 83 91 69 1 61 83 51 1 61 74 48 1 170 197 137 1 138 111 97 1 0 0 0 0 229 204 186 1 0 0 0 0 99 114 83 1 56 54 3 1
179 195 184 1 170 164 182 1 103 94 86 1 148 173 161 1 0 0 0 0 111 110 80 1 100 108 99 1 231 242 190 1 0 0 0 0 154 152 145 1 104 101 90 1 0 0 0 0 119 97 93 1 140 125 76 1 135 139 99 1 95 78 86 1 0 0 0 0 140 111 129 1 140 106 102 1 153 179 145 1 111 104 93 1 151 144 132 1 180 174 156 1 231 238 211 1 154 151 152 1 156 148 156 1 156 134 151 1 0 0 0 0 138 143 141 1 118 137 113 1 106 125 106 1 116 98 117 1 72 84 92 1 96 99 96 1 88 114 125 1 66 80 95 1 0 0 0 0 81 107 89 1 56 92 67 1 66 95 84 1 35 35 32 1 34 35 40 1 78 108 84 1 34 59 22 1 27 48 42 1 44 41 26 1 53 74 61 1 27 70 11 1 87 88 74 1 56 80 69 1 117 148 114 1 117 133 129 1 86 92 87 1 56 82 25 1 38 51 38 1 55 69 29 1 147 146 136 1 165 146 138 1 184 204 190 1 237 231 232 1 0 0 0 0 79 72 56 1 71 78 86 1
229 251 220 1 0 0 0 0 152 135 148 1 110 89 73 1 64 89 62 1 73 74 46 1 44 88 67 1 131 109 108 1 132 164 129 1 106 124 101 1 51 51 54 1 117 121 79 1 202 209 185 1 123 119 117 1 79 67 60 1 109 79 77 1 88 102 64 1 34 50 38 1 94 94 107 1 145 113 126 1 147 124 115 1 227 214 175 1 194 214 176 1 175 160 160 1 178 182 165 1 0 0 0 0 155 165 137 1 84 86 89 1 54 80 69 1 59 83 56 1 72 90 85 1 46 68 50 1 0 0 0 0 52 83 59 1 11 30 55 1 112 131 100 1 86 115 131 1 123 113 113 1 76 95 85 1 64 114 95 1 0 0 0 0 65 85 66 1 62 79 71 1 52 62 61 1 0 0 0 0 39 51 28 1 39 33 36 1 14 19 4 1 0 35 31 1 62 64 58 1 137 153 146 1 133 152 159 1 41 62 19 1 21 51 0 1 98 128 74 1 146 120 78 1 114 143 112 1 181 192 176 1 235 255 232 1 222 242 184 1 143 155 143 1 0 0 0 0 47 54 56 1
211 186 188 1 196 203 186 1 163 155 154 1 118 118 93 1 79 87 59 1 0 0 0 0 45 80 56 1 129 132 135 1 96 130 101 1 114 118 76 1 112 108 83 1 155 148 124 1 129 134 128 1 90 103 74 1 114 100 85 1 100 126 116 1 173 142 120 1 164 163 128 1 172 163 153 1 151 139 120 1 186 208 170 1 176 176 145 1 173 142 156 1 180 181 163 1 198 180 162 1 187 204 208 1 221 209 204 1 178 206 176 1 156 155 119 1 171 172 175 1 0 0 0 0 178 170 169 1 97 126 124 1 68 61 70 1 75 63 73 1 22 27 55 1 33 17 15 1 20 23 41 1 15 23 21 1 63 98 77 1 82 100 74 1 81 88 76 1 120 141 109 1 83 99 90 1 65 87 70 1 35 78 37 1 0 0 0 0 0 47 0 1 0 0 0 0 16 57 48 1 41 93 52 1 43 57 31 1 2 37 19 1 43 52 9 1 80 97 58 1 95 100 78 1 178 175 146 1 255 253 240 1 228 241 228 1 234 237 199 1 124 143 116 1 103 134 92 1 100 114 93 1
0 0 0 0 255 216 224 1 164 177 127 1 106 107 95 1 136 145 143 1 50 60 40 1 36 38 18 1 4 19 14 1 0 13 0 1 130 106 105 1 194 231 192 1 154 107 111 1 115 113 92 1 136 128 116 1 166 153 166 1 159 140 121 1 181 174 156 1 220 188 204 1 255 255 245 1 0 0 0 0 181 162 134 1 180 181 135 1 255 252 248 1 234 255 245 1 171 167 138 1 195 201 177 1 221 207 190 1 218 226 216 1 250 255 230 1 255 255 236 1 166 170 114 1 174 186 131 1 193 165 165 1 0 0 0 0 180 179 174 1 224 198 215 1 212 179 179 1 156 174 185 1 142 144 129 1 0 0 0 0 48 39 50 1 0 0 0 0 121 109 105 1 148 162 142 1 109 116 83 1 87 90 63 1 37 78 58 1 0 0 0 0 44 67 50 1 0 46 0 1 21 41 50 1 45 84 38 1 70 84 48 1 28 64 35 1 14 54 38 1 42 86 23 1 104 135 132 1 208 208 198 1 236 248 190 1 231 247 196 1 0 0 0 0 159 194 142 1 0 0 0 0
192 172 197 1 207 228 225 1 210 199 193 1 156 137 143 1 146 152 116 1 118 108 71 1 0 0 0 0 1 16 0 1 72 78 70 1 0 0 0 0 123 121 85 1 137 135 120 1 190 197 169 1 215 199 175 1 216 218 178 1 255 255 244 1 0 0 0 0 223 209 186 1 201 180 153 1 204 204 184 1 158 174 126 1 92 139 69 1 125 138 89 1 145 130 93 1 148 128 110 1 177 166 155 1 144 151 93 1 137 127 103 1 0 0 0 0 166 186 141 1 177 174 172 1 255 249 214 1 174 182 120 1 129 139 101 1 245 222 195 1 195 171 139 1 116 140 90 1 174 175 143 1 103 110 86 1 131 118 109 1 169 130 142 1 115 128 131 1 106 81 42 1 139 111 117 1 154 130 129 1 128 118 126 1 108 114 101 1 0 0 0 0 68 73 76 1 73 85 58 1 0 3 13 1 48 60 67 1 91 110 78 1 36 91 45 1 56 77 52 1 36 58 26 1 0 0 0 0 28 73 15 1 0 0 0 0 210 188 168 1 71 117 52 1 92 119 77 1 49 52 42 1
199 183 175 1 175 194 155 1 197 187 162 1 179 141 159 1 148 152 118 1 160 200 180 1 107 100 99 1 12 36 31 1 188 163 164 1 189 174 154 1 132 120 87 1 230 241 198 1 255 240 217 1 203 210 193 1 218 181 202 1 255 235 226 1 255 248 242 1 185 179 141 1 110 118 80 1 255 249 233 1 143 160 101 1 87 82 61 1 87 137 104 1 114 138 73 1 113 92 81 1 103 119 74 1 79 111 93 1 70 86 58 1 147 151 108 1 167 166 114 1 197 170 155 1 243 218 194 1 207 211 167 1 192 170 153 1 202 183 151 1 202 199 132 1 150 145 137 1 152 156 111 1 144 117 116 1 137 143 113 1 149 148 127 1 149 150 118 1 103 91 47 1 141 159 159 1 80 69 78 1 102 97 100 1 121 135 128 1 53 81 56 1 48 77 52 1 67 85 69 1 1 5 0 1 0 0 0 0 0 0 0 0 57 91 61 1 52 86 39 1 45 75 21 1 47 84 42 1 80 72 37 1 185 197 165 1 174 205 141 1 0 0 0 0 81 92 72 1 24 25 23 1
189 171 175 1 194 181 150 1 217 187 187 1 147 142 126 1 113 101 97 1 171 196 152 1 116 141 125 1 70 97 74 1 0 0 0 0 95 103 90 1 107 98 88 1 168 168 160 1 0 0 0 0 127 101 105 1 120 113 76 1 163 150 113 1 236 205 184 1 167 135 112 1 91 95 62 1 150 123 81 1 225 242 156 1 122 140 102 1 0 0 0 0 88 115 67 1 100 120 67 1 111 101 73 1 132 128 75 1 124 97 65 1 126 121 102 1 170 156 122 1 188 201 143 1 203 192 169 1 255 255 196 1 255 212 161 1 174 170 127 1 184 142 97 1 159 131 105 1 0 0 0 0 168 132 102 1 0 0 0 0 175 165 136 1 152 136 140 1 0 0 0 0 135 130 116 1 157 168 143 1 203 236 191 1 0 0 0 0 77 123 86 1 47 54 30 1 72 97 54 1 71 81 14 1 40 35 32 1 74 131 92 1 104 130 124 1 30 42 23 1 32 73 30 1 83 122 38 1 0 0 0 0 176 175 138 1 144 175 108 1 0 0 0 0 0 0 0 0 72 95 73 1
231 223 201 1 214 225 162 1 196 196 160 1 202 208 192 1 0 0 0 0 86 109 89 1 46 47 6 1 37 34 29 1 110 109 120 1 83 83 75 1 77 87 77 1 132 128 104 1 100 75 71 1 111 134 79 1 0 0 0 0 166 182 132 1 170 174 139 1 177 167 141 1 169 145 136 1 204 200 172 1 158 167 139 1 136 140 99 1 74 99 81 1 67 104 70 1 58 70 58 1 100 133 84 1 97 116 62 1 36 59 42 1 0 0 0 0 138 159 112 1 179 174 161 1 183 192 137 1 169 190 146 1 136 126 67 1 95 135 97 1 123 82 65 1 146 127 92 1 148 140 103 1 94 108 60 1 119 108 95 1 201 205 192 1 174 159 157 1 116 122 69 1 102 109 63 1 193 207 164 1 244 212 188 1 159 180 128 1 88 103 80 1 52 60 38 1 63 54 44 1 11 60 32 1 24 47 50 1 111 106 99 1 128 170 146 1 67 101 71 1 83 76 44 1 69 89 41 1 69 84 27 1 214 206 152 1 111 121 87 1 72 87 54 1 105 138 112 1 122 148 129 1
144 142 118 1 153 114 125 1 152 128 95 1 120 123 69 1 102 129 80 1 95 93 71 1 86 122 107 1 163 182 132 1 209 207 185 1 116 102 110 1 104 89 100 1 118 112 75 1 122 99 94 1 100 105 45 1 69 103 49 1 83 122 105 1 95 86 76 1 124 131 105 1 0 0 0 0 151 164 125 1 56 67 55 1 82 97 61 1 43 69 13 1 56 72 62 1 79 146 67 1 85 91 63 1 45 39 28 1 43 34 20 1 56 91 65 1 0 0 0 0 121 157 106 1 156 176 121 1 152 136 112 1 107 157 72 1 133 125 112 1 103 113 74 1 0 0 0 0 138 147 109 1 148 154 110 1 0 0 0 0 143 155 104 1 103 95 58 1 154 161 113 1 134 121 104 1 187 157 156 1 128 127 111 1 43 49 24 1 100 113 93 1 59 77 51 1 44 74 43 1 53 47 33 1 50 87 40 1 0 0 0 0 0 0 0 0 13 64 7 1 47 92 43 1 74 69 62 1 77 68 52 1 225 238 207 1 82 135 68 1 76 89 39 1 119 162 135 1 153 201 159 1
138 146 99 1 0 0 0 0 132 113 92 1 0 0 0 0 0 0 0 0 78 99 68 1 103 93 68 1 106 92 48 1 87 107 81 1 133 112 108 1 137 147 100 1 139 138 131 1 128 138 122 1 126 106 120 1 0 0 0 0 54 55 34 1 84 111 66 1 102 118 85 1 130 126 97 1 0 0 0 0 75 84 40 1 69 82 66 1 39 88 59 1 64 97 48 1 79 112 74 1 54 113 57 1 23 36 39 1 102 122 105 1 103 143 94 1 75 35 39 1 92 94 61 1 103 110 94 1 115 124 69 1 109 104 77 1 117 122 81 1 0 0 0 0 84 106 39 1 94 108 90 1 122 138 68 1 84 89 52 1 82 88 62 1 147 120 112 1 145 136 99 1 121 134 75 1 221 219 232 1 0 0 0 0 229 241 187 1 174 177 151 1 136 145 111 1 102 114 109 1 30 12 5 1 85 84 102 1 58 86 76 1 61 102 74 1 59 53 61 1 40 58 48 1 52 54 38 1 54 99 38 1 141 167 139 1 84 114 66 1 103 88 100 1 85 102 25 1 68 94 60 1
98 100 58 1 91 85 77 1 162 125 104 1 0 0 0 0 92 84 47 1 99 120 78 1 0 0 0 0 83 80 72 1 74 95 70 1 0 0 0 0 113 124 99 1 149 134 105 1 106 86 71 1 0 0 0 0 104 140 84 1 66 109 21 1 84 67 62 1 97 77 65 1 165 151 135 1 87 100 88 1 81 85 94 1 80 88 72 1 97 116 88 1 67 85 38 1 61 64 43 1 54 66 63 1 73 70 51 1 125 137 106 1 77 79 71 1 74 92 67 1 89 131 74 1 111 81 55 1 109 76 53 1 57 64 62 1 117 90 65 1 63 69 26 1 100 108 59 1 0 0 0 0 53 79 36 1 79 82 57 1 124 110 84 1 233 201 184 1 110 129 92 1 114 120 110 1 96 121 89 1 55 55 15 1 0 0 0 0 49 54 64 1 68 75 38 1 86 98 78 1 51 46 47 1 83 61 50 1 57 82 43 1 0 0 0 0 24 50 21 1 73 78 67 1 89 113 101 1 91 115 71 1 215 194 214 1 75 100 67 1 110 114 89 1 72 83 41 1 43 50 32 1
145 108 80 1 143 119 73 1 86 94 70 1 145 126 76 1 0 0 0 0 102 108 73 1 81 83 74 1 91 97 59 1 98 81 49 1 159 139 131 1 132 122 85 1 157 181 141 1 87 112 58 1 0 0 0 0 83 89 95 1 46 107 55 1 0 0 0 0 81 76 40 1 85 118 102 1 86 104 50 1 62 88 42 1 84 89 78 1 103 112 76 1 61 64 42 1 107 108 100 1 0 0 0 0 71 89 38 1 106 80 63 1 89 81 64 1 64 77 70 1 70 66 35 1 73 70 31 1 100 101 42 1 89 99 42 1 105 98 57 1 66 99 24 1 112 108 64 1 76 102 74 1 70 84 29 1 0 0 0 0 80 70 13 1 89 118 67 1 95 115 60 1 97 80 50 1 69 73 37 1 72 83 65 1 159 165 154 1 192 181 173 1 86 84 76 1 55 68 58 1 148 167 155 1 81 124 113 1 37 78 63 1 59 81 44 1 33 81 24 1 46 79 64 1 65 84 61 1 89 126 81 1 153 182 175 1 92 83 57 1 92 82 57 1 29 95 29 1 64 93 12 1
107 87 45 1 164 178 139 1 110 106 71 1 0 0 0 0 59 56 49 1 98 101 67 1 124 101 89 1 103 122 80 1 68 95 56 1 153 136 113 1 162 162 135 1 113 129 95 1 100 122 96 1 77 90 46 1 42 78 4 1 64 59 7 1 67 109 67 1 0 0 0 0 0 0 0 0 109 119 100 1 124 124 111 1 115 114 95 1 102 111 61 1 49 96 48 1 92 69 69 1 79 101 77 1 81 101 62 1 60 87 63 1 94 112 106 1 90 94 56 1 0 0 0 0 93 91 62 1 88 105 61 1 86 83 47 1 42 44 38 1 79 97 26 1 119 121 82 1 89 78 54 1 94 116 64 1 86 113 60 1 94 111 67 1 90 111 51 1 135 138 94 1 125 139 111 1 52 79 32 1 0 0 0 0 149 154 136 1 225 225 213 1 191 185 123 1 0 0 0 0 0 0 0 0 124 146 133 1 60 94 73 1 60 54 49 1 0 0 0 0 67 85 55 1 43 73 55 1 3 25 1 1 27 47 38 1 86 104 88 1 44 52 8 1 42 114 44 1 50 94 53 1
176 171 115 1 121 117 83 1 0 0 0 0 123 128 82 1 102 122 57 1 142 159 105 1 120 102 61 1 111 100 69 1 85 69 37 1 139 148 128 1 149 169 131 1 122 157 102 1 124 130 116 1 144 122 127 1 78 103 67 1 48 62 29 1 45 25 8 1 104 128 99 1 117 118 119 1 68 64 69 1 36 59 47 1 71 107 76 1 72 103 58 1 65 69 38 1 111 90 90 1 113 134 90 1 52 117 42 1 72 80 57 1 58 68 28 1 155 168 128 1 114 94 75 1 81 70 64 1 74 89 64 1 105 132 72 1 75 93 50 1 81 109 55 1 0 0 0 0 98 121 50 1 122 121 90 1 117 109 86 1 124 120 90 1 85 105 75 1 113 130 69 1 100 124 74 1 72 105 63 1 78 95 51 1 76 85 36 1 207 222 191 1 202 210 210 1 0 0 0 0 255 246 232 1 106 118 95 1 53 69 46 1 35 65 49 1 0 14 0 1 42 73 42 1 34 50 55 1 22 23 3 1 57 67 20 1 37 69 44 1 84 98 57 1 52 58 49 1 54 103 45 1
184 174 150 1 149 157 103 1 116 120 87 1 113 97 81 1 90 119 63 1 160 128 95 1 112 146 72 1 113 79 74 1 58 47 43 1 160 181 130 1 166 175 117 1 86 105 63 1 152 141 116 1 75 102 46 1 0 0 0 0 67 80 86 1 0 0 0 0 4 46 53 1 67 82 75 1 0 0 0 0 29 54 22 1 83 92 76 1 92 102 69 1 55 77 66 1 97 91 84 1 102 122 64 1 68 87 42 1 67 89 68 1 76 106 55 1 177 191 155 1 134 156 131 1 139 163 122 1 118 120 60 1 57 74 44 1 77 81 49 1 72 103 49 1 71 102 47 1 74 88 56 1 104 88 61 1 97 99 56 1 87 90 72 1 70 98 75 1 129 95 55 1 100 121 58 1 111 111 94 1 102 121 100 1 103 69 63 1 229 255 226 1 186 200 165 1 182 193 164 1 0 0 0 0 84 123 97 1 108 121 86 1 73 84 61 1 35 60 42 1 63 99 51 1 48 76 7 1 17 23 2 1 29 51 20 1 37 45 44 1 48 84 78 1 67 102 80 1 22 15 1 1
132 158 117 1 93 108 74 1 135 111 90 1 95 123 86 1 118 134 78 1 151 143 109 1 165 188 140 1 142 162 114 1 0 0 0 0 118 121 106 1 119 101 82 1 74 82 62 1 80 97 73 1 28 60 41 1 49 58 51 1 0 41 1 1 46 39 49 1 53 85 91 1 66 67 40 1 43 47 41 1 0 0 0 0 0 0 0 0 63 97 36 1 54 67 5 1 56 93 55 1 78 83 48 1 0 0 0 0 89 136 83 1 67 134 46 1 97 89 68 1 91 100 85 1 146 159 133 1 0 0 0 0 62 87 51 1 98 105 42 1 71 111 57 1 97 79 65 1 65 126 48 1 44 103 75 1 89 97 61 1 99 110 82 1 53 97 78 1 78 100 63 1 95 113 79 1 88 123 71 1 128 121 102 1 0 0 0 0 200 201 165 1 175 177 130 1 104 110 107 1 0 0 0 0 102 122 86 1 87 101 94 1 57 64 16 1 60 68 46 1 71 74 57 1 0 49 17 1 0 57 2 1 19 67 0 1 27 27 42 1 51 84 81 1 49 70 27 1 11 30 8 1
112 137 99 1 118 141 81 1 140 150 85 1 118 128 119 1 129 128 95 1 118 133 97 1 148 132 86 1 0 0 0 0 49 50 16 1 120 139 115 1 164 148 116 1 115 123 104 1 173 174 150 1 33 53 18 1 65 46 57 1 17 4 0 1 17 6 0 1 81 98 59 1 64 109 57 1 22 52 27 1 21 64 4 1 31 82 35 1 66 75 36 1 70 73 35 1 80 54 33 1 63 72 31 1 80 94 41 1 0 0 0 0 114 84 67 1 75 88 44 1 67 92 63 1 106 129 103 1 133 163 119 1 98 78 83 1 81 80 63 1 0 0 0 0 109 123 74 1 0 0 0 0 88 97 29 1 83 95 61 1 103 126 73 1 96 82 55 1 59 83 25 1 80 99 70 1 92 99 92 1 87 123 70 1 0 0 0 0 165 197 156 1 240 238 219 1 138 149 139 1 117 111 96 1 127 150 101 1 99 95 46 1 67 75 57 1 50 66 48 1 14 57 40 1 0 41 5 1 4 24 10 1 24 27 16 1 52 56 54 1 35 69 13 1 53 53 53 1 16 28 7 1
75 84 71 1 60 70 45 1 76 87 25 1 0 0 0 0 100 104 62 1 116 120 84 1 76 118 52 1 0 0 0 0 50 67 20 1 153 160 114 1 143 173 99 1 81 62 72 1 0 0 0 0 62 81 42 1 0 0 0 0 9 45 37 1 14 41 13 1 9 41 9 1 41 92 28 1 72 122 74 1 57 90 58 1 44 88 38 1 52 46 60 1 60 106 74 1 92 84 38 1 53 97 44 1 46 92 57 1 51 94 50 1 103 108 69 1 95 74 59 1 88 96 45 1 71 89 92 1 144 140 136 1 118 117 95 1 0 0 0 0 94 115 45 1 89 107 68 1 107 95 86 1 0 0 0 0 93 84 68 1 82 122 76 1 103 76 59 1 68 129 55 1 113 128 87 1 109 136 84 1 80 95 62 1 180 206 176 1 179 180 160 1 255 255 223 1 0 0 0 0 188 197 174 1 48 58 52 1 51 70 47 1 115 114 105 1 23 31 27 1 5 22 0 1 7 25 26 1 9 64 34 1 9 18 17 1 5 24 0 1 12 52 45 1 0 0 0 0 22 57 29 1
80 103 72 1 89 121 55 1 61 67 49 1 58 105 35 1 77 77 66 1 96 112 96 1 95 115 57 1 118 108 51 1 89 88 61 1 130 151 122 1 169 196 136 1 135 132 117 1 95 103 72 1 31 78 68 1 0 26 50 1 0 0 0 0 0 0 0 1 17 90 50 1 45 71 28 1 49 35 55 1 85 77 44 1 62 104 46 1 33 64 22 1 73 110 69 1 53 95 38 1 50 52 38 1 103 108 98 1 60 97 47 1 79 107 69 1 78 81 63 1 100 104 95 1 105 78 39 1 150 164 152 1 0 0 0 0 0 0 0 0 65 76 33 1 80 110 61 1 0 0 0 0 67 73 41 1 90 97 40 1 74 85 67 1 66 76 38 1 80 104 48 1 100 78 79 1 80 73 65 1 0 0 0 0 73 79 24 1 60 87 58 1 219 218 210 1 199 186 181 1 0 0 0 0 184 202 154 1 103 119 93 1 46 80 50 1 94 121 92 1 64 104 105 1 1 75 35 1 6 50 1 1 0 32 0 1 3 34 24 1 8 11 2 1 38 36 18 1 14 48 7 1
81 87 74 1 83 116 82 1 65 89 60 1 77 65 33 1 0 0 0 0 90 98 50 1 66 90 56 1 101 77 57 1 53 91 67 1 96 105 50 1 86 87 47 1 66 76 74 1 92 74 42 1 14 48 7 1 0 0 0 0 24 34 51 1 0 15 0 1 0 33 13 1 72 75 53 1 47 79 70 1 56 70 53 1 66 55 48 1 56 74 56 1 0 0 0 0 86 104 77 1 31 43 31 1 21 92 41 1 0 0 0 0 79 138 63 1 93 93 71 1 74 134 57 1 33 70 21 1 110 122 108 1 120 163 113 1 84 93 79 1 94 87 54 1 0 0 0 0 74 94 68 1 61 79 32 1 76 74 37 1 67 78 22 1 94 70 63 1 0 0 0 0 85 100 46 1 82 88 40 1 33 61 32 1 62 54 33 1 85 95 64 1 99 110 122 1 106 121 105 1 34 53 37 1 94 77 66 1 53 50 52 1 0 0 0 0 47 75 54 1 68 75 68 1 60 97 104 1 97 102 76 1 54 78 61 1 91 136 96 1 0 36 0 1 9 21 15 1 65 88 64 1
77 86 51 1 55 126 64 1 81 68 45 1 0 0 0 0 86 114 50 1 0 0 0 0 89 107 60 1 75 105 29 1 69 105 59 1 99 96 65 1 12 4 0 1 29 34 23 1 69 114 68 1 55 79 38 1 30 71 24 1 0 17 0 1 7 55 28 1 39 64 61 1 43 52 37 1 41 63 53 1 57 106 73 1 84 115 69 1 48 81 8 1 49 85 39 1 62 100 80 1 0 66 28 1 20 32 29 1 52 82 56 1 71 101 57 1 70 115 54 1 69 82 49 1 50 81 77 1 75 96 37 1 126 111 48 1 91 94 81 1 22 32 0 1 62 61 49 1 0 0 0 0 36 65 31 1 68 86 59 1 86 126 63 1 114 103 83 1 78 90 38 1 61 94 39 1 73 82 50 1 92 120 61 1 65 80 58 1 75 86 42 1 71 65 42 1 30 59 30 1 47 82 70 1 96 108 67 1 34 45 19 1 106 146 108 1 0 0 0 0 44 48 17 1 78 96 61 1 58 83 40 1 60 92 39 1 129 181 127 1 1 15 0 1 41 51 44 1 135 127 109 1
80 102 46 1 70 75 54 1 0 0 0 0 61 94 41 1 44 72 0 1 90 99 57 1 104 144 108 1 110 117 98 1 149 177 119 1 135 134 109 1 78 77 44 1 84 102 105 1 178 165 157 1 87 102 95 1 76 92 96 1 56 66 67 1 0 27 24 1 86 96 119 1 64 55 31 1 31 75 56 1 87 115 83 1 69 125 84 1 58 58 60 1 60 112 79 1 67 109 71 1 4 30 0 1 33 15 22 1 41 73 21 1 43 76 48 1 55 72 62 1 0 0 0 0 83 98 64 1 59 76 31 1 80 95 51 1 119 139 96 1 85 114 89 1 83 97 67 1 63 75 38 1 57 57 20 1 49 86 42 1 95 115 57 1 77 93 49 1 58 74 57 1 48 96 54 1 84 103 45 1 93 83 74 1 0 0 0 0 90 104 76 1 72 76 70 1 61 71 41 1 43 82 37 1 35 64 41 1 38 109 83 1 113 155 114 1 96 117 83 1 76 112 46 1 43 120 84 1 67 92 62 1 51 56 38 1 50 103 81 1 145 170 115 1 123 93 75 1 52 55 37 1
107 106 64 1 81 84 57 1 61 98 36 1 41 113 30 1 73 81 21 1 0 0 0 0 0 0 0 0 100 107 101 1 63 111 66 1 55 67 54 1 29 13 0 1 49 82 38 1 0 24 26 1 8 25 14 1 71 120 69 1 52 81 63 1 73 87 63 1 99 112 89 1 63 79 58 1 106 95 63 1 62 59 21 1 44 64 57 1 0 0 0 0 58 84 42 1 54 90 66 1 0 6 8 1 0 0 0 0 40 41 36 1 66 107 52 1 40 78 52 1 0 0 0 0 0 0 0 0 35 81 54 1 69 66 74 1 145 181 116 1 214 209 200 1 59 71 63 1 86 82 63 1 95 114 13 1 52 91 54 1 0 0 0 0 58 60 41 1 57 90 39 1 82 101 57 1 72 94 37 1 62 73 62 1 88 92 50 1 100 127 73 1 105 96 93 1 82 101 62 1 76 60 45 1 0 0 0 0 34 90 57 1 85 123 99 1 118 122 96 1 0 0 0 0 50 66 42 1 3 71 26 1 88 111 100 1 0 68 37 1 61 93 38 1 0 0 0 0 87 86 102 1
76 104 54 1 96 114 82 1 79 110 87 1 73 79 25 1 67 113 62 1 0 0 0 0 114 122 75 1 119 113 113 1 101 103 72 1 55 79 36 1 0 0 0 0 0 0 0 0 2 27 49 1 71 60 72 1 96 136 94 1 25 35 48 1 56 89 50 1 85 138 115 1 19 60 37 1 0 0 0 0 77 90 49 1 96 100 76 1 61 106 75 1 76 88 54 1 61 74 48 1 12 12 26 1 0 0 0 0 34 84 27 1 41 72 36 1 0 0 0 0 49 114 49 1 74 107 77 1 35 50 28 1 78 69 32 1 157 182 171 1 194 203 184 1 163 173 141 1 187 177 149 1 125 112 93 1 0 0 0 0 0 0 0 0 63 93 68 1 64 100 54 1 0 0 0 0 49 69 8 1 61 111 49 1 93 119 72 1 57 108 58 1 0 0 0 0 79 125 57 1 83 103 66 1 82 116 65 1 94 106 50 1 99 90 97 1 221 220 181 1 0 0 0 0 72 108 48 1 37 115 49 1 89 121 93 1 41 79 38 1 122 150 118 1 73 97 105 1 26 4 0 1
60 81 26 1 57 85 22 1 76 100 77 1 57 84 36 1 64 114 80 1 99 139 71 1 69 120 85 1 112 111 82 1 75 98 85 1 50 49 28 1 42 50 41 1 0 0 0 0 22 41 57 1 44 40 19 1 6 11 26 1 0 14 1 1 33 72 29 1 50 86 87 1 29 87 50 1 16 28 7 1 65 111 73 1 64 97 82 1 0 0 0 0 103 110 95 1 43 106 82 1 0 0 0 0 3 15 15 1 38 19 45 1 55 96 39 1 75 91 53 1 59 95 34 1 70 102 70 1 24 44 18 1 18 42 12 1 124 156 117 1 153 153 137 1 226 255 237 1 0 0 0 0 249 251 233 1 144 140 106 1 57 63 49 1 38 35 6 1 83 40 23 1 67 64 37 1 63 99 48 1 54 99 64 1 75 95 15 1 30 86 38 1 62 126 42 1 138 151 108 1 77 126 89 1 0 0 0 0 72 85 31 1 79 69 21 1 124 140 105 1 127 148 94 1 46 83 55 1 14 62 21 1 59 58 65 1 67 140 69 1 63 81 60 1 70 120 73 1 85 83 65 1
96 107 89 1 0 0 0 0 67 120 59 1 76 113 69 1 0 0 0 0 82 119 59 1 116 132 74 1 105 111 68 1 84 71 59 1 0 40 27 1 32 23 35 1 57 84 67 1 55 84 54 1 0 21 12 1 17 41 11 1 79 81 64 1 36 42 15 1 1 0 0 1 54 77 55 1 56 81 73 1 60 77 50 1 43 72 31 1 11 30 19 1 43 78 60 1 99 104 82 1 17 46 31 1 0 14 0 1 27 80 27 1 65 89 57 1 69 79 63 1 66 99 103 1 52 76 61 1 0 0 0 0 0 13 4 1 0 0 0 0 39 67 57 1 147 161 149 1 219 196 195 1 254 248 217 1 204 203 185 1 0 0 0 0 58 48 40 1 93 53 20 1 45 80 25 1 55 78 52 1 57 98 55 1 63 66 49 1 90 118 50 1 86 122 92 1 61 89 70 1 71 72 24 1 95 96 70 1 71 88 63 1 81 86 43 1 43 58 24 1 0 0 0 0 171 227 180 1 135 139 109 1 46 101 60 1 0 0 0 0 6 35 0 1 0 0 0 0 39 29 31 1
76 114 91 1 53 113 54 1 90 85 49 1 92 117 68 1 87 109 52 1 145 156 144 1 131 170 126 1 93 118 60 1 104 121 95 1 0 0 0 0 0 22 0 1 0 0 0 0 19 33 43 1 0 15 1 1 10 39 16 1 19 15 19 1 15 28 19 1 0 10 13 1 0 30 29 1 68 105 52 1 102 117 101 1 87 88 73 1 89 92 74 1 59 74 49 1 67 71 53 1 0 12 7 1 0 3 18 1 91 114 83 1 64 98 61 1 79 111 75 1 48 72 15 1 18 16 14 1 0 0 0 1 0 0 0 0 0 27 17 1 0 13 0 1 30 40 15 1 81 83 80 1 123 133 127 1 150 150 154 1 204 185 172 1 176 158 139 1 61 56 55 1 70 58 41 1 63 100 42 1 59 101 48 1 55 70 47 1 72 71 37 1 86 107 53 1 55 89 24 1 102 129 84 1 64 93 33 1 99 104 61 1 109 111 104 1 255 240 244 1 159 172 138 1 57 68 19 1 134 139 133 1 115 132 117 1 0 0 0 0 95 99 84 1 89 99 78 1 27 5 24 1