2
535 388 122 65
115 110 92 1 88 98 72 1 67 113 44 1 70 85 41 1 0 17 3 1 11 25 0 1 22 20 0 1 36 57 39 1 78 112 88 1 56 100 87 1 98 87 73 1 85 119 90 1 72 75 73 1 0 0 0 0 0 0 0 0 37 53 44 1 50 91 79 1 0 0 0 0 54 80 63 1 74 74 55 1 77 93 35 1 44 73 33 1 0 0 0 0 54 97 62 1 8 71 33 1 0 0 0 0 67 108 51 1 36 33 56 1 4 21 13 1 28 18 0 1 46 68 11 1 73 87 73 1 32 58 21 1 66 52 23 1 5 42 42 1 35 35 38 1 21 47 30 1 42 33 7 1 67 71 54 1 10 72 31 1 34 58 50 1 35 74 69 1 21 22 18 1 34 87 21 1 69 105 75 1 0 9 2 1 0 0 0 0 33 69 56 1 44 61 58 1 10 50 11 1 37 51 39 1 0 0 0 0 81 107 73 1 95 130 65 1 0 0 0 0 77 111 81 1 0 0 0 0 55 72 68 1 61 92 79 1 57 38 55 1 4 50 25 1 50 62 33 1 44 58 68 1 9 51 19 1 18 47 24 1
37 98 37 1 71 98 60 1 127 147 115 1 63 109 76 1 10 17 0 1 23 56 40 1 76 99 80 1 83 112 103 1 119 130 74 1 0 0 0 0 118 131 104 1 173 185 189 1 108 136 85 1 0 48 28 1 42 69 46 1 0 48 40 1 37 93 66 1 47 63 21 1 33 76 49 1 31 82 54 1 46 65 10 1 0 53 37 1 45 55 27 1 71 93 35 1 35 87 59 1 23 51 7 1 73 72 55 1 83 98 56 1 49 77 71 1 24 30 14 1 16 51 68 1 19 54 49 1 32 62 41 1 0 27 19 1 7 48 0 1 0 12 0 1 27 35 0 1 16 58 18 1 69 99 75 1 35 70 82 1 46 56 36 1 0 0 0 0 9 27 39 1 0 23 15 1 18 12 13 1 27 59 45 1 58 108 66 1 77 117 64 1 85 92 42 1 14 56 24 1 52 76 61 1 57 60 48 1 77 104 46 1 70 107 46 1 116 160 118 1 116 124 68 1 39 62 61 1 72 84 60 1 77 71 57 1 70 93 60 1 73 101 85 1 70 116 82 1 52 65 35 1 6 35 15 1 28 43 28 1
58 81 61 1 58 66 56 1 66 99 28 1 62 73 46 1 57 91 41 1 91 117 63 1 65 108 92 1 117 87 83 1 114 129 115 1 95 106 91 1 48 80 38 1 52 46 62 1 19 46 20 1 31 45 18 1 0 0 0 0 42 47 56 1 51 65 60 1 50 50 12 1 45 72 48 1 30 91 45 1 41 51 0 1 9 74 6 1 46 68 34 1 32 34 24 1 49 69 32 1 78 87 45 1 63 83 91 1 67 102 99 1 0 0 0 0 0 0 0 0 9 46 42 1 10 42 24 1 0 0 0 0 0 0 0 0 0 9 0 1 36 33 32 1 43 44 4 1 76 81 63 1 69 74 44 1 22 43 21 1 21 23 25 1 7 41 12 1 17 29 24 1 20 32 46 1 27 54 46 1 63 100 81 1 15 21 20 1 10 30 31 1 22 64 54 1 0 0 0 0 25 49 17 1 28 71 32 1 73 100 69 1 0 0 0 0 132 166 97 1 81 134 96 1 64 62 49 1 61 75 29 1 54 82 30 1 0 0 0 0 53 90 46 1 44 83 9 1 27 66 20 1 31 61 50 1 0 0 0 0
47 64 47 1 45 72 19 1 0 0 0 0 82 118 67 1 71 91 44 1 107 101 65 1 100 98 77 1 69 99 64 1 31 65 27 1 0 0 0 0 0 54 20 1 0 0 0 0 13 49 41 1 41 65 40 1 21 33 42 1 42 61 56 1 36 42 54 1 21 49 42 1 15 59 50 1 2 52 2 1 42 49 52 1 55 74 68 1 66 110 45 1 20 93 48 1 0 0 0 0 84 97 76 1 53 75 82 1 56 89 83 1 45 91 20 1 0 44 11 1 44 59 32 1 19 75 65 1 27 59 23 1 51 64 46 1 49 64 39 1 49 75 61 1 68 92 49 1 63 63 82 1 82 91 55 1 54 50 42 1 0 47 25 1 0 51 2 1 0 47 19 1 27 41 38 1 1 12 0 1 69 46 72 1 18 3 3 1 0 0 0 0 86 115 98 1 19 66 36 1 39 39 18 1 15 45 27 1 31 86 47 1 39 41 45 1 60 93 77 1 0 0 0 0 36 84 34 1 58 111 25 1 47 92 33 1 60 72 41 1 81 87 47 1 47 84 52 1 52 88 58 1 49 99 57 1 67 106 64 1
84 94 64 1 72 121 70 1 61 87 73 1 64 108 37 1 50 65 48 1 106 105 72 1 32 96 45 1 60 77 62 1 0 0 0 0 0 0 0 0 29 68 34 1 12 44 33 1 26 80 56 1 25 75 33 1 7 20 0 1 48 60 3 1 29 50 43 1 19 69 57 1 24 20 36 1 31 64 62 1 42 79 41 1 0 18 14 1 39 58 27 1 0 0 0 0 0 0 0 0 46 82 85 1 15 20 0 1 39 60 24 1 6 68 30 1 21 17 22 1 33 63 31 1 40 89 44 1 29 58 30 1 8 0 29 1 9 44 6 1 7 29 6 1 58 77 49 1 94 113 120 1 65 73 46 1 32 51 30 1 42 62 59 1 25 36 31 1 0 11 14 1 38 3 41 1 39 29 17 1 69 109 70 1 0 0 0 0 0 53 23 1 23 60 45 1 31 79 24 1 55 91 76 1 87 116 83 1 0 0 0 0 64 53 39 1 49 81 34 1 73 116 35 1 107 129 75 1 103 120 81 1 96 121 57 1 0 0 0 0 50 86 54 1 44 101 64 1 33 108 74 1 17 61 63 1 10 13 11 1
69 128 72 1 93 111 82 1 76 138 70 1 103 125 92 1 124 124 81 1 60 103 51 1 60 78 63 1 45 103 51 1 21 34 0 1 56 83 74 1 43 69 60 1 40 37 30 1 35 72 60 1 35 36 30 1 17 50 38 1 29 67 45 1 17 46 6 1 45 71 53 1 56 88 30 1 54 67 44 1 31 66 54 1 43 90 56 1 65 108 57 1 30 92 52 1 0 0 0 0 0 16 0 1 0 1 0 1 38 39 29 1 0 0 0 0 40 72 43 1 63 111 81 1 31 38 24 1 0 0 0 0 4 0 2 1 1 19 6 1 0 26 15 1 73 119 81 1 42 110 41 1 58 80 66 1 39 62 30 1 28 29 4 1 29 87 52 1 0 0 0 0 67 81 34 1 0 0 0 0 25 49 11 1 69 129 104 1 41 59 56 1 0 0 0 0 30 71 51 1 0 29 24 1 0 48 40 1 23 72 34 1 0 0 0 0 66 83 46 1 57 94 61 1 56 68 22 1 78 78 66 1 39 72 40 1 68 87 31 1 29 59 21 1 66 92 54 1 41 104 72 1 0 14 0 1 13 23 19 1
66 103 12 1 53 81 45 1 117 103 82 1 106 119 72 1 82 94 37 1 88 116 96 1 13 88 26 1 45 96 54 1 21 46 38 1 38 71 48 1 28 63 49 1 18 55 0 1 17 66 67 1 46 91 42 1 63 83 37 1 89 87 71 1 35 64 19 1 26 51 0 1 31 49 9 1 48 67 35 1 40 53 66 1 40 66 26 1 24 67 23 1 48 83 48 1 1 46 16 1 0 29 19 1 26 75 13 1 26 66 48 1 8 51 19 1 41 34 32 1 53 82 62 1 24 63 46 1 46 43 42 1 0 38 32 1 54 65 51 1 68 84 36 1 66 120 81 1 0 0 0 0 47 69 23 1 80 56 17 1 24 73 25 1 42 76 46 1 85 80 56 1 46 68 32 1 0 47 39 1 0 35 0 1 28 51 73 1 43 69 57 1 0 0 0 0 33 51 28 1 0 39 36 1 0 65 5 1 31 69 29 1 51 79 46 1 73 75 66 1 69 116 90 1 65 93 51 1 86 107 112 1 112 122 91 1 54 58 47 1 85 74 48 1 75 102 72 1 0 0 0 0 41 72 44 1 0 34 14 1
0 0 0 0 95 123 84 1 105 126 80 1 35 73 37 1 32 77 5 1 25 70 37 1 0 0 0 0 84 90 64 1 53 94 85 1 38 104 52 1 59 77 58 1 0 0 0 0 57 95 60 1 39 58 60 1 38 74 41 1 56 92 49 1 56 42 36 1 34 65 25 1 33 56 50 1 47 69 25 1 39 62 54 1 84 90 81 1 34 59 40 1 41 60 48 1 0 59 9 1 61 86 52 1 42 80 57 1 39 57 28 1 54 81 71 1 20 62 47 1 49 57 49 1 0 0 0 0 54 53 54 1 56 57 91 1 30 80 46 1 0 0 0 0 9 1 0 1 28 12 0 1 49 54 16 1 68 85 37 1 0 0 0 0 88 108 66 1 148 134 116 1 0 0 0 0 55 69 34 1 45 60 17 1 26 54 0 1 0 0 0 0 8 45 21 1 4 51 19 1 2 39 29 1 8 11 37 1 12 74 21 1 42 79 43 1 54 82 38 1 68 99 83 1 45 64 51 1 60 63 44 1 82 90 50 1 12 41 37 1 0 0 0 0 100 118 91 1 61 60 15 1 70 92 70 1 76 118 91 1
88 122 102 1 121 165 127 1 46 73 75 1 19 55 27 1 0 0 0 0 9 44 13 1 60 105 59 1 49 98 56 1 34 78 56 1 47 85 66 1 50 67 66 1 29 71 58 1 0 0 0 0 64 65 45 1 38 65 42 1 26 40 27 1 0 40 0 1 2 46 40 1 23 46 42 1 0 0 0 0 38 72 41 1 60 98 67 1 0 0 0 0 0 0 0 0 25 42 36 1 45 98 88 1 50 81 78 1 24 48 33 1 101 109 72 1 0 0 0 0 26 93 60 1 16 31 25 1 14 30 27 1 0 21 25 1 21 52 3 1 0 0 0 0 67 70 66 1 111 101 72 1 106 101 75 1 140 155 102 1 110 110 54 1 81 140 83 1 152 160 106 1 84 121 110 1 88 102 110 1 85 88 89 1 38 69 33 1 36 36 5 1 0 26 0 1 0 30 0 1 0 0 0 0 5 24 0 1 42 67 23 1 31 77 67 1 52 84 82 1 83 82 86 1 22 48 57 1 62 65 45 1 87 133 82 1 98 92 78 1 0 0 0 0 109 92 83 1 40 59 30 1 0 28 0 1 59 82 62 1
88 128 71 1 51 99 66 1 67 75 54 1 28 73 24 1 18 68 49 1 42 91 33 1 32 58 49 1 37 47 41 1 20 53 33 1 0 0 0 0 63 95 68 1 60 64 74 1 49 78 46 1 30 59 79 1 39 80 46 1 11 20 20 1 26 40 41 1 79 88 58 1 58 47 48 1 49 104 51 1 21 41 22 1 0 0 0 0 53 71 51 1 38 62 51 1 18 43 22 1 49 75 25 1 28 35 13 1 10 34 0 1 57 80 84 1 15 15 24 1 17 68 23 1 9 3 8 1 18 53 40 1 25 29 23 1 9 38 0 1 73 86 47 1 112 104 89 1 121 161 103 1 94 83 52 1 132 104 85 1 140 137 94 1 120 103 67 1 90 94 55 1 55 65 5 1 52 46 62 1 64 43 52 1 23 41 25 1 46 72 43 1 54 72 49 1 40 51 34 1 29 62 32 1 0 24 27 1 0 31 1 1 12 67 65 1 43 40 44 1 41 22 33 1 7 7 0 1 27 65 26 1 88 88 83 1 132 134 114 1 86 109 78 1 0 0 0 0 100 116 95 1 41 39 38 1 0 25 0 1
70 96 67 1 71 89 49 1 12 51 36 1 25 42 20 1 31 55 58 1 60 131 76 1 56 111 79 1 0 0 0 0 17 76 11 1 35 33 36 1 20 55 60 1 31 73 18 1 22 59 44 1 37 54 41 1 39 59 36 1 14 69 43 1 0 0 0 0 81 124 70 1 80 74 77 1 41 59 29 1 0 0 0 0 48 84 54 1 94 120 84 1 60 101 40 1 26 13 19 1 42 66 42 1 41 67 44 1 76 110 98 1 64 98 73 1 18 31 28 1 39 70 59 1 41 70 29 1 50 61 34 1 72 91 70 1 54 79 25 1 28 40 2 1 65 51 24 1 110 114 64 1 80 104 58 1 112 140 81 1 143 163 101 1 147 137 115 1 84 91 65 1 27 50 9 1 26 11 0 1 51 60 29 1 30 70 56 1 73 78 76 1 92 133 81 1 67 111 51 1 50 81 46 1 48 62 38 1 45 76 41 1 42 64 73 1 34 81 65 1 26 55 40 1 48 66 51 1 97 128 84 1 94 99 74 1 70 55 47 1 70 91 54 1 50 86 66 1 123 125 90 1 83 112 61 1 27 60 23 1
33 73 62 1 64 93 95 1 40 68 34 1 0 0 0 0 0 0 0 0 64 98 71 1 50 62 51 1 33 35 20 1 16 43 41 1 22 56 57 1 87 87 69 1 0 0 0 0 59 89 52 1 42 78 45 1 2 44 27 1 30 45 38 1 67 48 41 1 87 119 62 1 36 81 49 1 4 0 12 1 0 13 0 1 58 108 64 1 65 82 70 1 7 40 0 1 21 20 15 1 51 42 47 1 68 47 30 1 74 115 80 1 73 96 75 1 22 30 13 1 13 67 38 1 19 39 18 1 42 41 26 1 47 67 56 1 23 43 34 1 38 58 37 1 98 105 67 1 0 0 0 0 140 134 83 1 119 125 59 1 149 118 82 1 92 107 57 1 75 94 51 1 82 91 48 1 41 60 19 1 31 53 30 1 29 49 32 1 23 60 40 1 65 86 68 1 56 86 44 1 33 47 37 1 7 44 12 1 17 29 34 1 44 80 21 1 0 51 32 1 11 8 0 1 57 84 47 1 75 76 66 1 86 89 65 1 50 88 40 1 82 104 38 1 141 161 127 1 120 161 107 1 127 140 121 1 71 81 61 1
59 97 52 1 80 96 52 1 22 79 23 1 14 50 20 1 41 71 39 1 81 96 80 1 27 59 44 1 11 43 12 1 34 47 13 1 17 49 42 1 47 84 45 1 32 23 18 1 0 0 0 0 26 44 52 1 31 31 12 1 43 52 45 1 70 107 103 1 80 90 74 1 15 38 23 1 31 38 2 1 17 32 0 1 54 67 51 1 43 56 37 1 48 47 0 1 0 0 0 0 28 35 26 1 33 71 66 1 19 50 25 1 22 35 39 1 13 36 3 1 28 42 40 1 0 0 0 0 25 63 47 1 43 61 24 1 32 62 26 1 83 66 60 1 151 154 112 1 128 114 74 1 96 116 58 1 108 86 36 1 95 97 55 1 0 0 0 0 59 90 57 1 107 118 87 1 74 95 61 1 112 143 88 1 67 70 46 1 16 28 18 1 38 62 5 1 0 0 0 0 27 9 15 1 34 85 54 1 75 77 41 1 52 112 76 1 12 49 27 1 33 35 17 1 0 0 0 0 31 56 19 1 25 78 45 1 17 40 7 1 6 5 9 1 145 179 140 1 137 154 131 1 0 0 0 0 184 194 122 1
95 111 64 1 59 73 49 1 6 52 44 1 0 0 0 0 8 63 10 1 0 41 25 1 0 0 0 0 0 36 32 1 60 82 70 1 49 68 77 1 10 56 23 1 29 51 14 1 122 119 90 1 46 81 61 1 9 22 0 1 23 46 43 1 21 46 44 1 44 52 64 1 31 79 54 1 0 9 9 1 27 27 5 1 89 92 83 1 21 42 13 1 13 27 12 1 25 52 0 1 70 93 61 1 96 88 67 1 42 35 21 1 78 83 104 1 66 82 70 1 89 71 62 1 0 0 0 0 11 21 25 1 44 84 38 1 47 60 20 1 65 98 49 1 135 105 77 1 127 124 31 1 133 114 49 1 0 0 0 0 93 105 50 1 104 103 63 1 103 130 87 1 79 101 82 1 88 129 64 1 79 108 52 1 50 51 46 1 29 43 46 1 0 0 0 0 15 32 3 1 16 42 16 1 85 114 67 1 62 43 56 1 0 14 11 1 15 43 19 1 1 46 60 1 7 18 3 1 0 40 3 1 1 30 0 1 41 59 23 1 42 86 48 1 65 83 69 1 33 73 43 1 117 153 126 1 41 96 67 1
61 74 23 1 21 84 29 1 0 0 0 0 43 68 37 1 49 76 60 1 43 60 37 1 49 76 46 1 0 0 0 0 86 93 86 1 18 65 42 1 25 43 0 1 34 43 22 1 0 0 0 0 61 55 59 1 42 55 19 1 51 66 63 1 25 50 58 1 16 26 0 1 26 65 70 1 9 57 29 1 83 109 81 1 80 112 96 1 12 53 15 1 40 73 48 1 0 0 0 0 92 116 77 1 0 0 0 0 22 63 20 1 92 74 52 1 43 80 49 1 73 67 52 1 0 13 13 1 12 2 15 1 60 92 66 1 100 109 43 1 71 71 36 1 94 74 60 1 107 105 62 1 112 115 74 1 129 113 74 1 96 73 49 1 95 83 52 1 78 87 76 1 41 64 23 1 46 67 12 1 26 40 34 1 97 116 67 1 84 123 81 1 28 59 22 1 34 26 0 1 0 40 11 1 25 21 35 1 1 23 11 1 2 10 0 1 0 32 3 1 73 109 64 1 64 107 80 1 37 71 25 1 54 91 54 1 2 52 40 1 31 51 18 1 30 82 72 1 28 58 22 1 77 106 91 1 84 117 86 1
35 89 45 1 52 87 45 1 69 63 53 1 69 91 41 1 75 96 41 1 0 0 0 0 23 40 3 1 30 81 13 1 35 65 42 1 13 60 4 1 5 39 31 1 46 50 38 1 119 103 110 1 42 45 20 1 11 53 12 1 31 71 22 1 36 70 18 1 0 0 0 0 31 66 41 1 45 73 50 1 42 51 34 1 53 62 56 1 53 109 47 1 115 86 75 1 65 87 23 1 112 103 78 1 131 164 100 1 104 108 49 1 59 48 15 1 73 102 57 1 77 116 74 1 33 33 17 1 4 44 23 1 58 95 40 1 70 87 43 1 85 107 40 1 96 119 83 1 0 0 0 0 136 124 97 1 121 131 84 1 96 108 61 1 0 0 0 0 73 99 65 1 52 77 34 1 63 100 68 1 119 119 63 1 78 112 70 1 0 33 0 1 3 30 21 1 74 102 76 1 104 115 104 1 54 87 48 1 22 64 20 1 0 0 0 0 8 53 23 1 43 67 41 1 16 54 31 1 0 16 15 1 24 30 32 1 19 57 69 1 58 100 58 1 0 0 0 0 20 48 27 1 50 41 30 1 82 138 68 1
0 0 0 0 25 59 14 1 0 0 0 0 28 64 20 1 53 75 63 1 6 48 25 1 37 55 18 1 26 65 49 1 41 63 23 1 23 17 6 1 40 47 57 1 43 74 38 1 84 90 60 1 52 67 26 1 15 55 10 1 21 61 34 1 29 84 31 1 37 39 34 1 0 43 20 1 6 10 23 1 10 15 7 1 47 67 50 1 85 104 67 1 80 82 57 1 86 90 49 1 0 0 0 0 136 99 85 1 136 119 117 1 68 70 25 1 63 98 48 1 55 85 58 1 0 0 0 0 43 63 17 1 43 90 64 1 70 93 49 1 87 83 62 1 158 142 107 1 0 0 0 0 139 136 108 1 0 0 0 0 134 129 68 1 98 100 72 1 89 103 73 1 86 103 49 1 0 0 0 0 56 71 42 1 9 52 36 1 0 54 0 1 29 72 38 1 43 80 35 1 65 103 37 1 0 0 0 0 46 48 17 1 4 21 26 1 15 65 36 1 21 53 45 1 0 5 23 1 9 47 54 1 21 42 28 1 13 65 29 1 0 22 28 1 0 20 19 1 10 16 13 1 21 40 8 1 96 115 89 1
12 75 58 1 74 82 83 1 27 68 27 1 0 0 0 0 15 58 8 1 23 42 30 1 29 61 35 1 54 79 58 1 36 99 33 1 1 44 13 1 58 66 33 1 0 0 0 0 93 138 89 1 53 80 42 1 35 70 30 1 60 75 52 1 0 0 0 0 79 94 67 1 38 12 24 1 0 0 0 0 68 102 51 1 0 0 0 0 0 0 0 0 83 94 41 1 64 71 49 1 125 134 91 1 147 123 102 1 113 136 84 1 113 121 66 1 64 73 15 1 31 62 57 1 32 69 28 1 0 0 0 0 75 87 76 1 81 104 39 1 100 91 66 1 116 131 98 1 130 135 61 1 130 120 80 1 103 92 39 1 115 111 76 1 116 130 51 1 88 111 59 1 92 109 68 1 24 86 38 1 25 50 4 1 14 68 12 1 21 47 0 1 27 63 54 1 71 101 78 1 46 52 48 1 10 16 25 1 15 37 44 1 0 0 0 0 35 81 56 1 64 85 48 1 0 32 21 1 0 42 37 1 59 97 71 1 38 90 68 1 0 46 37 1 0 0 0 0 35 37 27 1 15 40 24 1 3 12 15 1
37 56 31 1 25 38 0 1 0 0 0 0 29 57 52 1 33 63 31 1 40 72 24 1 15 74 55 1 43 50 35 1 18 73 24 1 69 118 97 1 0 0 0 0 0 0 0 0 61 80 47 1 57 78 33 1 62 91 70 1 0 39 9 1 24 52 0 1 71 134 102 1 61 92 65 1 56 66 40 1 0 12 18 1 9 16 30 1 50 59 34 1 0 0 0 0 110 148 94 1 146 137 115 1 117 136 91 1 136 139 68 1 40 58 8 1 26 63 11 1 26 76 15 1 0 0 0 0 64 85 81 1 61 72 50 1 0 0 0 0 124 131 96 1 136 131 113 1 120 115 44 1 124 130 43 1 99 109 70 1 94 116 77 1 92 114 77 1 69 79 30 1 83 83 56 1 0 0 0 0 67 80 43 1 0 3 0 1 1 22 0 1 0 23 0 1 32 43 40 1 105 98 62 1 28 59 19 1 18 58 31 1 24 56 44 1 36 81 39 1 31 65 26 1 38 82 39 1 43 66 43 1 1 47 16 1 106 124 118 1 77 71 70 1 0 18 0 1 25 75 20 1 0 0 0 0 0 25 0 1
16 18 0 1 4 38 14 1 43 71 53 1 14 47 19 1 29 56 41 1 0 0 0 0 20 52 2 1 59 98 70 1 71 85 65 1 89 112 103 1 0 0 0 0 3 22 7 1 99 99 83 1 50 47 30 1 50 80 58 1 85 92 60 1 48 81 54 1 79 113 61 1 75 92 85 1 111 99 88 1 44 82 49 1 78 88 61 1 75 90 47 1 70 78 37 1 112 135 98 1 130 160 87 1 143 141 106 1 106 102 51 1 27 75 34 1 38 79 21 1 39 40 29 1 0 0 0 0 71 78 56 1 71 97 59 1 56 63 14 1 77 76 25 1 150 141 103 1 120 141 82 1 131 120 50 1 164 146 92 1 92 89 63 1 32 43 6 1 34 37 0 1 54 58 57 1 96 128 73 1 71 96 58 1 53 97 50 1 108 115 83 1 80 103 68 1 0 0 0 0 34 79 78 1 45 46 25 1 7 29 0 1 1 49 40 1 11 32 0 1 36 90 33 1 74 116 60 1 40 65 22 1 28 37 58 1 51 84 35 1 29 31 29 1 0 15 5 1 22 60 29 1 40 90 42 1 0 0 0 0
11 16 9 1 31 56 54 1 0 54 3 1 0 39 5 1 0 0 0 0 40 88 70 1 0 19 19 1 89 95 89 1 0 0 0 0 40 64 40 1 0 0 0 0 0 0 0 0 0 0 0 0 48 44 40 1 77 67 66 1 79 94 36 1 88 79 55 1 45 71 20 1 55 86 51 1 62 76 68 1 86 67 102 1 74 117 74 1 0 0 0 0 58 87 60 1 108 92 92 1 146 134 94 1 119 134 87 1 0 0 0 0 48 53 17 1 3 66 37 1 59 72 64 1 69 92 79 1 82 78 79 1 112 84 77 1 101 104 62 1 104 88 74 1 153 135 88 1 0 0 0 0 92 85 22 1 91 117 74 1 112 108 68 1 64 82 27 1 115 132 83 1 0 0 0 0 48 70 48 1 67 92 37 1 71 110 76 1 28 72 27 1 51 73 25 1 45 78 58 1 49 49 44 1 18 49 15 1 0 37 21 1 0 0 0 0 35 59 52 1 64 113 50 1 69 73 42 1 37 75 49 1 0 0 0 0 0 20 1 1 0 15 0 1 24 26 17 1 27 63 6 1 29 80 45 1 24 64 25 1
41 75 28 1 79 96 65 1 44 71 50 1 31 65 53 1 71 47 43 1 65 88 57 1 22 36 30 1 42 65 49 1 33 36 12 1 83 82 53 1 76 95 88 1 34 42 52 1 58 85 31 1 90 84 34 1 55 61 27 1 41 89 33 1 44 65 39 1 51 61 17 1 29 40 18 1 52 80 23 1 63 112 53 1 86 103 61 1 82 84 68 1 53 75 40 1 62 86 55 1 116 129 122 1 101 140 83 1 94 127 68 1 56 72 22 1 60 72 27 1 50 70 54 1 64 94 51 1 61 94 65 1 65 71 57 1 83 62 39 1 134 124 103 1 162 159 106 1 95 135 72 1 91 103 68 1 80 111 85 1 0 0 0 0 98 90 79 1 60 44 43 1 0 0 0 0 71 67 41 1 45 72 26 1 65 122 76 1 24 63 51 1 12 50 40 1 18 71 58 1 0 42 10 1 11 30 1 1 3 20 21 1 0 0 0 0 20 56 20 1 0 0 0 0 55 111 45 1 108 82 82 1 39 43 54 1 0 34 0 1 0 11 0 1 5 15 32 1 0 0 0 0 63 78 61 1 15 46 37 1
18 53 23 1 66 97 70 1 63 85 51 1 58 97 37 1 73 86 51 1 28 61 27 1 47 66 37 1 47 82 46 1 82 59 46 1 88 74 73 1 0 0 0 0 36 45 40 1 36 33 10 1 30 63 35 1 0 0 0 0 44 62 0 1 55 64 22 1 0 0 0 0 54 37 26 1 62 70 38 1 75 91 17 1 0 0 0 0 84 73 43 1 4 18 0 1 57 47 0 1 64 98 52 1 50 68 20 1 66 77 60 1 64 86 29 1 68 85 51 1 29 76 37 1 71 115 77 1 94 104 111 1 45 65 44 1 45 52 0 1 125 155 99 1 148 135 89 1 96 115 44 1 0 0 0 0 56 59 43 1 17 2 0 1 50 67 0 1 63 80 37 1 81 100 84 1 59 58 5 1 0 21 0 1 53 69 59 1 42 81 71 1 84 105 82 1 16 45 35 1 1 37 25 1 1 18 19 1 0 0 0 0 0 0 0 0 6 25 18 1 20 50 26 1 60 108 79 1 17 30 17 1 0 29 0 1 24 58 23 1 21 52 39 1 19 47 36 1 28 51 46 1 76 90 52 1 44 84 48 1
0 0 0 0 0 0 0 0 36 26 20 1 0 0 0 0 30 88 33 1 36 57 45 1 26 59 47 1 50 85 44 1 68 91 39 1 0 0 0 0 18 13 11 1 32 24 34 1 25 63 3 1 31 68 43 1 44 84 38 1 85 70 42 1 76 75 18 1 27 33 15 1 45 59 1 1 82 78 44 1 64 73 27 1 61 74 37 1 65 79 17 1 12 44 0 1 47 86 36 1 86 118 77 1 78 108 81 1 102 118 63 1 0 0 0 0 85 99 85 1 58 79 30 1 54 70 31 1 47 75 39 1 76 98 68 1 111 100 74 1 114 116 94 1 104 126 78 1 107 96 66 1 86 117 43 1 0 0 0 0 53 17 8 1 13 30 1 1 0 44 10 1 56 41 7 1 20 42 45 1 44 68 54 1 66 83 65 1 27 90 47 1 63 95 84 1 1 8 25 1 21 37 27 1 0 0 0 0 21 42 16 1 12 47 33 1 10 43 17 1 32 93 24 1 73 100 76 1 22 48 38 1 13 44 19 1 33 50 57 1 18 33 29 1 49 55 36 1 27 73 43 1 36 56 24 1 49 92 36 1
48 84 49 1 20 65 20 1 32 63 46 1 19 55 26 1 46 47 44 1 60 99 67 1 57 48 50 1 4 26 24 1 39 58 6 1 27 49 32 1 18 22 0 1 59 44 55 1 69 72 60 1 70 107 54 1 58 74 74 1 95 107 71 1 64 100 48 1 13 54 5 1 86 88 41 1 0 0 0 0 71 81 43 1 68 93 43 1 69 62 17 1 35 50 5 1 44 77 61 1 67 125 87 1 99 123 39 1 0 0 0 0 86 116 83 1 61 83 37 1 78 93 72 1 49 76 89 1 79 100 79 1 63 96 64 1 131 123 106 1 93 135 95 1 120 122 83 1 118 123 64 1 99 96 64 1 57 97 50 1 55 76 29 1 0 0 0 0 60 91 48 1 65 58 41 1 11 23 8 1 45 70 46 1 71 118 57 1 36 42 36 1 38 70 43 1 23 49 5 1 36 27 34 1 0 32 12 1 3 28 41 1 22 39 32 1 34 63 48 1 52 74 39 1 18 48 28 1 0 49 9 1 1 67 0 1 28 45 64 1 4 17 51 1 18 30 4 1 0 37 34 1 16 35 0 1 0 0 0 0
58 83 75 1 79 80 66 1 54 76 48 1 50 46 24 1 27 42 26 1 30 46 3 1 15 48 35 1 0 0 0 0 33 30 29 1 27 39 3 1 0 0 0 0 67 79 63 1 62 99 72 1 0 0 0 0 84 132 58 1 80 85 63 1 109 101 53 1 30 62 21 1 103 99 69 1 69 104 46 1 111 109 86 1 109 110 44 1 111 104 102 1 82 106 57 1 32 81 58 1 58 102 74 1 86 84 67 1 103 137 62 1 98 123 97 1 60 103 58 1 110 149 103 1 68 92 69 1 20 55 24 1 20 40 12 1 78 93 69 1 49 68 53 1 126 118 93 1 123 121 109 1 126 109 90 1 76 95 50 1 77 88 35 1 38 45 19 1 0 0 0 0 123 141 105 1 53 74 67 1 45 61 17 1 33 74 18 1 25 69 52 1 11 44 14 1 28 59 74 1 45 91 45 1 0 33 2 1 0 35 13 1 17 71 17 1 63 94 57 1 52 101 90 1 6 62 38 1 0 51 20 1 27 75 36 1 0 84 48 1 2 35 23 1 0 7 18 1 32 62 41 1 34 63 29 1 18 31 1 1
66 91 68 1 47 65 77 1 19 40 30 1 36 72 46 1 54 106 72 1 16 38 9 1 0 0 0 0 10 36 10 1 63 49 28 1 57 36 53 1 60 52 10 1 72 78 91 1 77 108 77 1 74 108 47 1 0 0 0 0 104 129 84 1 128 138 108 1 0 0 0 0 24 21 7 1 9 47 9 1 74 117 76 1 90 111 80 1 58 95 72 1 100 96 66 1 118 146 92 1 84 74 40 1 64 96 57 1 50 108 72 1 103 123 116 1 84 75 34 1 17 54 19 1 0 34 0 1 9 32 0 1 0 0 0 0 30 56 39 1 0 38 0 1 3 13 9 1 23 40 18 1 109 114 95 1 131 156 113 1 60 105 37 1 35 77 40 1 175 173 150 1 130 128 89 1 110 102 84 1 34 80 57 1 13 39 8 1 0 9 0 1 16 48 25 1 36 62 37 1 0 0 0 0 0 19 16 1 0 24 6 1 0 28 1 1 42 66 25 1 29 44 32 1 0 42 7 1 11 44 2 1 10 65 67 1 0 26 26 1 4 14 28 1 24 45 24 1 69 84 69 1 63 73 50 1 71 79 64 1
39 78 63 1 78 77 50 1 0 22 0 1 32 63 64 1 0 0 0 0 41 45 7 1 53 74 45 1 90 102 70 1 75 101 77 1 111 113 70 1 97 96 81 1 93 136 105 1 104 114 108 1 107 123 72 1 141 134 103 1 0 0 0 0 98 104 85 1 64 67 50 1 40 64 52 1 0 8 8 1 15 12 19 1 0 12 0 1 1 0 0 1 19 33 35 1 60 124 44 1 58 77 37 1 37 43 36 1 32 41 0 1 52 69 57 1 97 132 116 1 72 50 15 1 41 60 2 1 0 0 0 0 35 48 38 1 52 59 26 1 28 55 0 1 0 12 5 1 34 66 21 1 98 113 60 1 98 116 100 1 44 55 29 1 77 91 59 1 149 162 156 1 79 99 70 1 0 0 0 0 32 72 54 1 53 78 29 1 0 0 0 0 29 95 14 1 0 36 52 1 17 42 28 1 0 36 14 1 0 0 0 1 81 75 55 1 56 76 71 1 40 46 19 1 15 23 13 1 11 66 32 1 15 47 32 1 2 35 30 1 0 36 29 1 41 67 69 1 53 112 58 1 90 83 59 1 98 106 63 1
0 0 0 0 36 43 45 1 0 0 0 0 28 43 31 1 49 55 27 1 5 16 0 1 25 51 34 1 72 101 44 1 92 95 67 1 85 100 56 1 66 87 72 1 66 62 0 1 65 85 76 1 0 0 0 0 102 104 49 1 28 52 19 1 47 75 16 1 61 64 32 1 68 100 47 1 63 58 80 1 70 80 62 1 23 37 10 1 14 11 2 1 25 43 18 1 56 75 73 1 20 46 26 1 0 17 4 1 0 0 0 0 23 35 52 1 98 98 68 1 39 104 70 1 25 74 35 1 0 0 0 0 35 66 51 1 0 0 0 0 6 33 18 1 12 38 18 1 38 74 23 1 0 29 23 1 62 96 13 1 86 99 73 1 57 101 60 1 106 130 92 1 151 189 97 1 117 140 132 1 54 59 28 1 37 54 40 1 24 55 20 1 1 17 5 1 0 32 21 1 30 26 10 1 8 33 35 1 26 76 70 1 53 76 74 1 44 68 27 1 0 0 0 0 37 70 23 1 33 68 27 1 23 75 33 1 19 50 64 1 21 45 24 1 57 58 60 1 70 98 89 1 81 89 52 1 75 69 60 1
13 29 40 1 14 74 42 1 0 26 18 1 31 52 10 1 33 70 21 1 23 39 23 1 64 102 63 1 108 104 84 1 100 104 63 1 68 77 40 1 96 114 45 1 0 0 0 0 17 39 0 1 28 45 0 1 13 67 14 1 51 44 23 1 67 100 45 1 90 109 83 1 99 102 75 1 64 62 41 1 0 0 0 0 28 53 0 1 0 0 0 0 15 32 52 1 0 27 0 1 0 0 0 0 19 38 23 1 27 56 24 1 20 56 32 1 60 73 64 1 32 76 40 1 0 25 2 1 12 57 22 1 3 25 38 1 40 47 21 1 0 26 32 1 42 38 45 1 0 20 20 1 31 56 0 1 0 0 0 0 93 95 85 1 86 76 31 1 119 148 101 1 141 156 109 1 56 63 58 1 33 68 16 1 36 48 2 1 0 0 0 0 0 34 6 1 13 39 0 1 13 24 15 1 46 48 40 1 116 106 90 1 73 68 64 1 25 69 15 1 0 41 0 1 16 62 13 1 27 30 13 1 11 20 0 1 21 31 0 1 25 79 60 1 76 87 91 1 43 53 23 1 43 62 16 1 58 81 69 1
0 19 16 1 8 65 28 1 0 18 3 1 21 42 14 1 27 52 0 1 0 0 0 0 85 96 85 1 124 115 123 1 83 86 55 1 52 60 44 1 93 91 50 1 47 90 32 1 48 66 38 1 22 52 0 1 71 73 33 1 91 80 62 1 101 114 76 1 113 114 95 1 0 0 0 0 0 0 0 0 25 66 19 1 0 16 0 1 12 59 36 1 16 13 5 1 4 0 9 1 19 34 6 1 0 36 0 1 10 18 29 1 19 49 23 1 0 57 0 1 11 28 2 1 10 28 22 1 6 75 44 1 3 57 23 1 55 40 41 1 50 45 47 1 74 112 103 1 27 21 34 1 51 65 29 1 96 114 60 1 113 142 86 1 61 88 66 1 122 141 112 1 60 69 51 1 0 60 0 1 47 67 43 1 0 34 0 1 0 12 0 1 40 46 27 1 0 13 4 1 17 28 0 1 52 87 69 1 70 92 70 1 27 57 34 1 0 0 0 0 26 35 36 1 4 27 0 1 36 42 38 1 41 58 29 1 7 36 17 1 0 30 9 1 48 75 41 1 0 0 0 0 25 27 14 1 61 99 49 1
4 34 22 1 2 61 24 1 6 29 0 1 49 45 69 1 9 16 0 1 95 119 98 1 97 120 72 1 94 104 50 1 99 122 100 1 68 68 48 1 30 13 11 1 47 74 44 1 87 102 81 1 33 43 43 1 57 100 35 1 71 77 59 1 87 97 76 1 0 0 0 0 90 131 94 1 0 0 0 0 0 34 0 1 0 1 0 1 30 43 20 1 57 61 43 1 48 78 31 1 23 58 42 1 71 92 39 1 89 101 77 1 52 85 50 1 44 86 46 1 60 75 60 1 93 90 60 1 87 111 88 1 70 83 72 1 67 115 68 1 23 51 35 1 15 52 30 1 0 30 0 1 111 114 59 1 130 125 63 1 113 115 67 1 93 120 83 1 104 125 96 1 87 131 75 1 55 88 71 1 0 40 0 1 3 35 3 1 4 41 0 1 17 20 14 1 43 71 51 1 71 110 90 1 94 122 42 1 53 96 56 1 30 48 36 1 4 51 28 1 24 42 20 1 0 0 0 0 0 36 27 1 0 0 0 0 17 1 0 1 33 43 47 1 99 134 117 1 50 76 27 1 0 28 16 1 41 86 46 1
18 50 3 1 0 33 0 1 15 62 23 1 88 127 97 1 48 54 51 1 33 54 8 1 17 61 26 1 72 94 40 1 57 85 43 1 50 60 41 1 36 67 24 1 0 34 0 1 0 0 0 0 24 55 32 1 66 80 77 1 0 0 0 0 72 99 50 1 0 0 0 0 41 90 82 1 51 81 54 1 15 33 2 1 34 57 32 1 83 89 72 1 64 70 78 1 72 100 80 1 49 115 66 1 57 127 70 1 87 109 97 1 70 119 80 1 100 148 122 1 83 118 86 1 71 80 36 1 67 113 74 1 61 69 53 1 47 71 30 1 39 67 20 1 69 67 49 1 44 70 18 1 91 85 58 1 95 104 52 1 0 0 0 0 123 145 93 1 93 98 88 1 60 83 59 1 25 52 45 1 7 49 31 1 22 46 24 1 35 41 28 1 43 74 16 1 46 91 55 1 87 119 70 1 0 0 0 0 0 0 0 0 39 53 25 1 33 37 53 1 15 66 51 1 8 43 27 1 18 46 33 1 1 48 25 1 10 45 10 1 28 41 8 1 63 86 45 1 16 33 21 1 26 17 2 1 37 63 42 1
18 58 36 1 9 25 20 1 11 5 14 1 68 93 74 1 64 97 54 1 38 30 8 1 15 55 21 1 42 76 36 1 31 73 53 1 29 17 0 1 15 13 24 1 36 47 9 1 21 28 18 1 63 93 37 1 60 97 46 1 61 88 42 1 65 121 95 1 82 94 46 1 58 91 48 1 21 40 29 1 41 55 12 1 71 65 54 1 63 97 39 1 59 107 39 1 104 133 101 1 121 119 42 1 80 129 85 1 73 132 63 1 73 74 45 1 65 72 48 1 60 86 89 1 107 153 100 1 69 83 58 1 19 72 22 1 29 46 20 1 2 55 14 1 11 28 19 1 40 88 42 1 9 18 3 1 93 88 47 1 89 100 80 1 106 110 95 1 97 91 89 1 54 57 22 1 0 0 0 0 0 9 0 1 0 30 3 1 45 64 9 1 78 87 63 1 69 85 83 1 82 100 60 1 67 97 55 1 61 87 63 1 46 44 51 1 51 53 61 1 57 70 50 1 0 18 39 1 24 22 18 1 0 35 10 1 0 57 15 1 41 83 36 1 0 0 0 0 0 40 0 1 52 82 72 1 94 98 89 1
0 0 0 1 3 38 0 1 27 62 33 1 89 111 71 1 103 120 89 1 26 51 2 1 29 66 36 1 49 93 56 1 64 98 72 1 58 74 42 1 17 12 12 1 25 59 37 1 41 71 26 1 65 102 58 1 0 35 9 1 12 18 2 1 4 57 14 1 23 51 34 1 63 76 33 1 83 141 80 1 95 116 90 1 0 0 0 0 116 130 107 1 58 92 68 1 88 90 57 1 41 90 50 1 37 68 38 1 10 58 30 1 0 54 16 1 0 62 27 1 11 29 1 1 28 50 42 1 35 57 50 1 45 62 38 1 96 104 85 1 57 78 51 1 89 96 79 1 76 76 92 1 30 46 27 1 53 86 36 1 56 77 60 1 89 78 50 1 61 92 43 1 48 107 44 1 22 56 15 1 32 44 19 1 28 66 27 1 56 84 20 1 82 113 83 1 88 86 79 1 75 100 53 1 0 0 0 0 47 72 38 1 0 0 0 0 45 49 56 1 28 29 34 1 0 15 0 1 12 21 0 1 45 59 40 1 59 91 56 1 63 82 58 1 0 47 6 1 0 15 0 1 53 82 71 1 76 105 68 1
2 6 11 1 47 66 59 1 75 77 61 1 39 69 11 1 42 39 38 1 28 71 24 1 50 69 42 1 0 0 0 0 18 72 32 1 14 22 0 1 37 76 26 1 58 74 64 1 86 104 86 1 111 139 92 1 55 103 34 1 46 93 54 1 96 104 56 1 96 129 68 1 117 168 137 1 106 121 83 1 91 95 77 1 53 97 54 1 22 35 46 1 5 27 11 1 3 44 7 1 5 29 11 1 20 64 48 1 16 58 35 1 5 35 34 1 85 90 51 1 37 97 28 1 0 17 0 1 29 60 20 1 35 115 86 1 81 144 101 1 28 49 40 1 36 61 40 1 29 53 28 1 27 33 0 1 31 20 24 1 23 60 39 1 53 62 54 1 0 0 0 0 61 78 17 1 69 58 63 1 86 81 40 1 80 96 91 1 66 79 58 1 0 0 0 0 46 67 65 1 77 99 53 1 65 59 32 1 65 89 50 1 69 92 71 1 29 47 40 1 1 9 29 1 16 30 0 1 0 0 0 0 57 100 70 1 84 103 49 1 56 59 23 1 48 43 28 1 67 100 37 1 78 94 52 1 36 33 32 1
0 0 0 0 37 49 50 1 0 0 0 0 53 86 33 1 21 51 34 1 14 41 0 1 34 75 26 1 80 95 65 1 55 83 56 1 47 88 40 1 61 81 69 1 52 85 59 1 56 87 49 1 76 114 88 1 0 0 0 0 84 121 112 1 104 154 122 1 105 114 82 1 82 117 66 1 0 0 0 0 17 59 41 1 1 39 40 1 0 0 0 0 0 45 3 1 3 58 19 1 3 30 36 1 1 38 38 1 22 63 45 1 19 50 30 1 0 45 1 1 0 0 0 0 51 59 41 1 0 0 0 0 19 75 70 1 0 0 0 0 66 79 14 1 0 0 0 0 54 92 74 1 69 72 65 1 22 25 19 1 65 38 38 1 83 115 56 1 0 0 0 0 51 46 25 1 55 76 49 1 95 116 63 1 0 0 0 0 95 82 57 1 94 67 35 1 59 84 36 1 100 81 46 1 52 73 32 1 50 81 18 1 0 0 0 0 0 0 0 0 0 0 9 1 28 40 26 1 77 102 76 1 0 0 0 0 0 0 0 0 25 27 7 1 64 78 49 1 0 0 0 0 58 100 69 1 16 70 38 1
0 22 0 1 0 0 0 0 63 92 64 1 55 78 72 1 58 70 55 1 0 0 0 0 88 118 92 1 0 0 0 0 45 91 67 1 78 85 70 1 42 67 45 1 95 136 93 1 128 171 103 1 111 146 103 1 0 0 0 0 20 81 31 1 0 0 0 0 48 78 47 1 37 78 16 1 25 56 27 1 45 78 34 1 37 92 31 1 57 78 54 1 23 81 45 1 34 58 34 1 17 54 0 1 3 58 57 1 64 75 72 1 34 58 29 1 22 48 19 1 22 19 8 1 1 49 31 1 73 73 56 1 24 56 41 1 56 59 63 1 43 63 30 1 52 93 58 1 41 73 46 1 27 84 45 1 0 0 0 0 10 29 25 1 71 99 57 1 74 85 47 1 19 62 0 1 0 0 0 0 48 81 30 1 0 0 0 0 105 96 65 1 81 99 46 1 90 78 51 1 52 51 46 1 34 13 7 1 0 39 1 1 0 0 0 0 24 48 15 1 23 0 0 1 24 34 29 1 81 77 35 1 45 94 38 1 27 67 4 1 63 83 9 1 61 92 51 1 0 0 0 0 37 49 17 1 0 0 0 0
33 46 22 1 90 123 101 1 73 92 58 1 0 0 0 0 23 54 35 1 20 61 33 1 58 110 51 1 62 93 57 1 77 126 80 1 69 89 59 1 0 0 0 0 80 102 87 1 44 82 37 1 0 0 0 0 0 29 0 1 2 58 0 1 41 69 36 1 11 38 20 1 0 0 0 0 34 91 38 1 13 101 92 1 40 75 53 1 61 78 55 1 0 80 60 1 36 72 44 1 0 58 37 1 28 47 18 1 22 40 24 1 54 54 47 1 40 47 0 1 17 18 16 1 27 41 44 1 23 51 38 1 70 67 17 1 15 57 23 1 22 64 47 1 58 91 66 1 26 84 50 1 16 32 21 1 0 33 9 1 0 0 0 0 51 75 59 1 37 59 10 1 50 70 25 1 59 78 34 1 58 77 25 1 116 97 62 1 65 87 49 1 43 79 29 1 59 77 52 1 46 46 43 1 41 53 23 1 56 90 43 1 39 84 38 1 16 27 10 1 0 0 0 0 54 62 61 1 80 94 67 1 48 39 17 1 0 0 0 0 84 89 30 1 82 123 74 1 83 115 42 1 34 55 14 1 7 45 0 1
82 88 77 1 96 121 99 1 0 0 0 0 62 79 33 1 56 86 11 1 110 120 84 1 62 64 47 1 34 68 5 1 47 62 40 1 61 90 40 1 64 92 65 1 52 87 83 1 21 42 12 1 48 90 36 1 47 110 48 1 64 84 96 1 71 97 61 1 47 81 52 1 0 36 21 1 38 71 51 1 69 96 66 1 43 101 91 1 54 74 53 1 19 33 43 1 9 66 26 1 4 61 22 1 57 82 82 1 45 74 93 1 13 38 38 1 0 0 0 0 0 0 0 0 0 0 0 0 31 20 28 1 0 0 0 0 0 30 0 1 45 59 59 1 54 75 69 1 46 77 44 1 13 32 19 1 11 47 34 1 10 26 0 1 28 61 22 1 43 61 25 1 57 97 69 1 62 91 46 1 54 89 38 1 52 89 45 1 79 98 66 1 77 90 64 1 61 87 41 1 59 104 63 1 87 91 81 1 85 92 39 1 66 99 56 1 69 77 59 1 61 88 61 1 90 111 72 1 110 98 67 1 109 109 53 1 69 109 42 1 87 83 69 1 84 107 61 1 45 87 33 1 59 59 58 1 13 29 13 1
89 92 74 1 90 72 58 1 128 130 105 1 73 100 70 1 26 78 38 1 0 42 27 1 0 0 0 0 27 71 19 1 1 22 0 1 26 13 1 1 31 41 33 1 0 0 0 0 35 56 12 1 33 65 68 1 67 99 47 1 54 69 56 1 12 53 11 1 0 34 3 1 0 0 0 0 59 69 24 1 28 46 36 1 20 74 22 1 1 30 16 1 0 0 0 0 12 59 23 1 45 77 36 1 56 88 76 1 50 54 35 1 0 55 22 1 38 61 42 1 79 102 73 1 46 55 33 1 0 23 24 1 2 36 27 1 29 64 18 1 25 68 47 1 30 51 17 1 47 95 48 1 45 87 63 1 0 0 0 0 10 45 0 1 0 18 4 1 48 74 57 1 43 75 29 1 67 89 28 1 24 90 35 1 23 55 0 1 56 53 18 1 66 59 29 1 47 67 23 1 0 0 0 0 42 58 54 1 74 65 50 1 97 97 74 1 91 93 77 1 119 92 60 1 115 117 61 1 92 103 95 1 103 106 89 1 60 83 55 1 85 106 62 1 0 0 0 0 49 37 5 1 80 75 80 1 48 58 56 1
99 135 109 1 55 81 60 1 54 78 67 1 16 34 0 1 0 16 10 1 17 45 23 1 11 35 0 1 0 0 0 0 44 37 26 1 36 67 44 1 32 71 50 1 0 0 0 0 47 68 32 1 26 60 30 1 0 0 0 0 65 88 75 1 67 95 76 1 65 78 62 1 30 46 20 1 35 49 39 1 21 44 28 1 9 12 5 1 4 46 0 1 76 82 77 1 58 77 61 1 67 78 70 1 33 81 63 1 36 55 0 1 1 29 9 1 0 0 0 0 60 79 40 1 58 69 32 1 73 46 63 1 0 42 0 1 16 43 19 1 12 41 57 1 31 6 0 1 67 117 93 1 66 82 74 1 43 44 29 1 0 31 11 1 4 26 0 1 36 83 47 1 20 22 23 1 0 0 0 0 72 81 66 1 61 58 15 1 26 28 39 1 76 56 62 1 90 100 69 1 119 135 88 1 59 95 46 1 85 102 38 1 102 140 99 1 0 0 0 0 66 79 40 1 70 79 52 1 116 108 77 1 111 109 50 1 82 83 9 1 97 112 44 1 82 126 54 1 43 61 30 1 52 57 54 1 0 16 28 1
75 80 58 1 16 36 5 1 81 77 19 1 58 96 43 1 40 81 26 1 47 57 45 1 60 75 58 1 32 90 45 1 89 107 66 1 82 113 103 1 54 89 51 1 57 112 50 1 41 94 58 1 37 71 44 1 0 0 0 0 53 122 50 1 88 106 78 1 0 0 0 0 41 82 58 1 0 0 0 0 27 50 41 1 47 45 3 1 23 43 0 1 40 36 37 1 80 92 42 1 70 60 40 1 77 101 69 1 68 79 66 1 81 69 74 1 55 56 64 1 27 47 26 1 37 41 20 1 103 101 80 1 31 47 31 1 17 53 40 1 58 70 56 1 4 17 20 1 0 0 0 0 17 53 23 1 54 58 41 1 0 3 0 1 0 0 0 0 11 27 1 1 10 18 17 1 0 0 0 0 51 78 14 1 37 59 19 1 24 35 23 1 24 35 0 1 55 79 21 1 80 107 49 1 83 102 93 1 112 115 80 1 117 131 78 1 70 67 23 1 48 26 14 1 72 71 45 1 0 0 0 0 94 120 39 1 82 90 51 1 72 102 77 1 0 0 0 0 41 66 50 1 0 0 0 0 13 22 29 1
61 64 39 1 73 60 61 1 96 83 77 1 109 94 78 1 41 77 56 1 69 98 52 1 66 97 73 1 74 102 63 1 51 109 49 1 43 55 50 1 49 95 66 1 0 0 0 0 32 57 40 1 59 92 49 1 44 73 67 1 5 58 13 1 3 67 19 1 58 82 78 1 88 127 76 1 54 100 78 1 66 95 90 1 53 86 30 1 29 32 43 1 11 42 16 1 66 108 90 1 68 108 70 1 72 82 66 1 61 68 28 1 30 49 28 1 0 0 0 0 86 108 59 1 62 80 50 1 58 68 56 1 86 105 48 1 6 25 13 1 31 67 34 1 13 32 12 1 0 50 22 1 12 80 26 1 47 69 14 1 22 54 24 1 21 50 25 1 16 43 17 1 55 83 26 1 40 53 24 1 47 88 36 1 0 0 0 0 51 63 45 1 49 52 35 1 61 61 37 1 0 0 0 0 69 86 52 1 62 91 82 1 108 98 61 1 53 61 28 1 0 0 0 0 113 121 75 1 109 128 101 1 96 104 56 1 115 125 56 1 90 72 84 1 57 87 52 1 25 50 21 1 23 14 6 1 15 73 30 1
73 96 60 1 70 108 59 1 80 106 76 1 81 88 70 1 84 97 71 1 87 118 92 1 45 87 39 1 81 126 76 1 55 106 57 1 33 71 64 1 65 90 63 1 54 95 68 1 12 84 37 1 27 52 38 1 24 28 7 1 9 13 0 1 0 40 5 1 12 48 5 1 37 48 8 1 76 72 65 1 46 95 70 1 0 0 0 0 0 29 13 1 23 37 24 1 55 77 64 1 0 0 0 0 60 102 90 1 0 0 0 0 19 20 33 1 34 75 29 1 42 72 26 1 100 117 77 1 52 67 10 1 60 75 35 1 43 83 46 1 1 40 14 1 53 88 40 1 16 18 33 1 48 38 28 1 61 98 45 1 34 63 31 1 0 0 0 0 0 0 0 0 0 0 0 0 45 71 42 1 42 85 84 1 73 90 83 1 55 103 50 1 51 74 20 1 0 45 8 1 11 57 7 1 53 66 48 1 0 0 0 0 25 82 10 1 15 25 1 1 13 35 15 1 57 77 35 1 89 100 49 1 90 88 42 1 0 0 0 0 107 92 65 1 37 54 26 1 11 35 2 1 0 29 53 1 35 58 51 1
56 82 32 1 47 46 35 1 77 80 62 1 41 73 47 1 71 85 60 1 72 77 45 1 52 56 57 1 39 70 17 1 59 89 38 1 0 0 0 0 58 101 58 1 28 49 15 1 29 78 52 1 27 80 24 1 46 87 40 1 0 56 28 1 0 35 11 1 27 41 3 1 16 37 37 1 61 72 74 1 52 80 83 1 14 64 51 1 8 35 2 1 0 0 6 1 15 43 5 1 70 100 85 1 91 122 71 1 19 80 27 1 59 66 8 1 89 114 60 1 88 108 87 1 95 105 67 1 89 112 73 1 74 93 62 1 0 0 0 0 43 73 41 1 74 87 69 1 11 32 0 1 6 46 5 1 38 67 66 1 50 85 58 1 25 54 14 1 41 54 43 1 56 99 62 1 53 61 77 1 66 101 57 1 113 128 90 1 77 102 80 1 46 43 33 1 50 62 42 1 0 0 0 0 21 40 17 1 39 41 0 1 36 40 1 1 95 91 46 1 136 137 101 1 101 137 44 1 88 93 47 1 90 123 82 1 72 94 51 1 54 82 19 1 17 51 0 1 11 29 8 1 26 47 61 1 9 42 11 1
110 109 92 1 74 67 76 1 0 0 0 0 85 75 47 1 56 93 19 1 68 71 42 1 65 82 33 1 67 71 50 1 44 67 40 1 40 77 47 1 61 84 67 1 29 60 41 1 24 53 23 1 36 58 12 1 47 61 39 1 22 46 33 1 18 41 25 1 0 10 11 1 0 0 0 1 48 85 56 1 0 0 0 0 58 82 46 1 33 39 42 1 0 37 0 1 0 22 8 1 51 54 21 1 107 109 81 1 68 81 60 1 37 48 21 1 69 91 55 1 86 69 81 1 0 0 0 0 147 112 79 1 79 98 58 1 41 37 13 1 22 63 24 1 59 45 51 1 32 67 47 1 25 49 34 1 3 39 3 1 33 77 50 1 20 56 43 1 44 73 28 1 92 74 26 1 29 81 18 1 13 47 18 1 8 48 0 1 51 114 17 1 93 97 79 1 0 0 0 0 51 54 31 1 36 54 19 1 51 87 14 1 34 70 8 1 127 125 101 1 130 136 86 1 0 0 0 0 0 0 0 0 77 106 69 1 69 92 49 1 38 59 5 1 11 37 24 1 41 59 50 1 13 38 18 1 27 21 28 1
98 120 97 1 79 108 64 1 57 65 53 1 71 78 61 1 64 129 70 1 102 91 70 1 60 96 48 1 77 90 87 1 0 0 0 0 21 76 5 1 56 69 51 1 26 53 43 1 34 36 48 1 23 47 38 1 47 61 62 1 38 48 43 1 27 56 31 1 0 26 0 1 0 46 0 1 53 47 39 1 55 62 38 1 62 78 62 1 48 95 54 1 16 57 18 1 0 17 22 1 0 18 0 1 0 0 0 0 30 56 20 1 57 70 76 1 47 70 35 1 33 69 32 1 90 75 74 1 52 64 31 1 39 63 10 1 63 88 35 1 86 93 75 1 57 93 66 1 29 65 77 1 0 0 0 0 0 0 0 0 51 69 22 1 59 93 36 1 70 83 70 1 40 66 47 1 27 50 35 1 42 90 45 1 12 69 10 1 41 71 22 1 77 84 40 1 99 96 64 1 126 136 122 1 131 153 97 1 84 107 59 1 104 118 71 1 136 172 125 1 122 141 65 1 124 152 114 1 64 132 67 1 31 64 23 1 47 63 1 1 29 48 13 1 22 44 9 1 45 62 35 1 0 24 7 1 0 0 0 0
103 85 37 1 73 86 26 1 75 100 51 1 74 136 89 1 89 72 64 1 68 84 59 1 0 0 0 0 81 82 48 1 49 89 43 1 57 65 63 1 39 52 40 1 24 48 25 1 22 59 10 1 13 48 30 1 24 52 25 1 32 37 43 1 32 57 42 1 29 27 53 1 0 43 14 1 51 24 37 1 3 24 19 1 54 71 49 1 43 90 64 1 46 64 56 1 5 41 17 1 28 60 20 1 9 39 19 1 38 55 11 1 95 69 58 1 106 103 104 1 34 77 49 1 70 111 51 1 50 92 41 1 55 56 60 1 31 50 0 1 57 59 27 1 18 58 24 1 43 80 55 1 56 100 67 1 0 0 0 0 43 33 19 1 15 40 26 1 0 0 0 0 20 55 34 1 54 79 26 1 59 101 51 1 54 75 35 1 84 98 47 1 97 130 84 1 0 0 0 0 146 157 104 1 169 151 95 1 0 0 0 0 144 161 117 1 59 80 48 1 79 66 26 1 134 140 102 1 85 110 85 1 37 57 32 1 28 49 29 1 0 0 0 0 31 41 39 1 24 44 34 1 27 30 0 1 52 69 21 1
53 76 52 1 48 73 31 1 57 97 61 1 86 101 66 1 66 109 81 1 49 90 50 1 54 92 40 1 60 83 72 1 55 42 33 1 23 45 30 1 19 23 0 1 7 10 14 1 17 13 47 1 39 54 54 1 42 43 37 1 54 51 59 1 69 99 69 1 82 84 49 1 0 0 0 0 48 44 0 1 7 8 36 1 52 65 34 1 73 103 72 1 46 90 74 1 5 19 4 1 49 78 43 1 81 75 71 1 41 31 37 1 0 0 0 0 73 102 74 1 88 123 101 1 78 108 76 1 59 74 43 1 70 65 76 1 70 77 58 1 0 0 0 0 44 88 23 1 68 75 46 1 62 81 36 1 48 94 87 1 68 92 66 1 62 91 34 1 84 110 47 1 64 97 70 1 0 0 0 0 36 72 45 1 30 55 22 1 75 90 57 1 110 122 81 1 97 92 51 1 109 94 66 1 87 68 46 1 92 45 5 1 132 122 89 1 107 113 71 1 106 113 64 1 100 108 88 1 4 46 14 1 42 40 15 1 22 50 0 1 24 25 15 1 18 24 2 1 66 35 13 1 92 122 46 1 144 131 86 1
0 0 0 0 40 64 11 1 58 67 40 1 56 79 31 1 76 102 41 1 51 79 41 1 66 88 72 1 85 117 86 1 50 52 23 1 0 45 8 1 8 17 11 1 0 21 26 1 0 0 0 0 25 27 32 1 41 66 43 1 64 90 49 1 34 89 50 1 40 82 57 1 6 30 41 1 18 56 23 1 13 22 14 1 29 32 27 1 28 76 34 1 64 77 70 1 17 56 39 1 37 35 52 1 83 64 60 1 62 70 65 1 0 0 0 0 72 123 77 1 47 87 48 1 70 79 36 1 120 95 98 1 73 102 77 1 27 57 41 1 0 0 0 0 72 88 46 1 0 0 0 0 72 92 48 1 53 77 22 1 80 135 104 1 46 70 35 1 9 32 0 1 79 89 55 1 64 62 54 1 57 83 30 1 13 44 6 1 48 54 11 1 61 82 56 1 73 62 35 1 108 117 85 1 147 152 105 1 145 157 84 1 0 0 0 0 154 125 81 1 143 172 142 1 81 90 67 1 30 41 14 1 0 0 0 0 0 29 0 1 45 40 30 1 52 82 31 1 30 25 14 1 0 0 0 0 204 179 158 1
37 87 38 1 42 52 32 1 39 75 37 1 58 67 33 1 55 99 56 1 99 132 81 1 80 128 67 1 35 62 48 1 0 21 9 1 14 66 36 1 4 18 0 1 15 27 12 1 18 8 20 1 19 27 24 1 79 83 63 1 45 86 46 1 45 55 48 1 40 65 52 1 0 0 0 0 13 43 17 1 0 0 0 0 10 43 12 1 42 50 39 1 43 82 69 1 45 46 42 1 11 55 40 1 35 60 43 1 45 28 26 1 52 83 12 1 39 87 49 1 91 75 79 1 152 156 132 1 132 130 89 1 101 93 50 1 64 81 36 1 117 96 65 1 98 80 68 1 50 98 32 1 98 120 20 1 92 129 80 1 104 109 85 1 50 96 34 1 44 76 59 1 44 74 55 1 38 43 28 1 22 65 13 1 43 72 27 1 38 63 24 1 75 107 70 1 110 104 81 1 97 96 64 1 143 121 93 1 147 99 71 1 120 123 48 1 159 143 106 1 170 188 143 1 101 123 99 1 69 78 46 1 43 60 25 1 49 47 6 1 39 84 50 1 39 43 31 1 98 102 79 1 183 191 152 1 112 141 59 1
36 51 34 1 0 0 0 0 75 106 52 1 32 67 26 1 28 34 16 1 55 95 69 1 97 81 50 1 66 77 86 1 8 0 0 1 1 39 11 1 0 0 0 0 4 27 28 1 0 37 25 1 34 28 20 1 25 66 31 1 49 40 44 1 36 85 54 1 38 51 11 1 0 17 2 1 1 45 6 1 41 20 15 1 3 51 31 1 23 41 16 1 8 81 6 1 0 0 0 0 8 29 50 1 34 31 25 1 66 65 29 1 47 86 43 1 44 84 28 1 120 164 77 1 165 157 127 1 96 107 114 1 36 38 18 1 98 76 61 1 104 116 98 1 88 92 82 1 139 144 70 1 117 117 75 1 114 121 77 1 107 150 90 1 0 0 0 0 48 77 36 1 51 82 55 1 19 62 28 1 22 39 32 1 33 36 9 1 12 9 0 1 51 78 24 1 82 102 46 1 105 94 43 1 128 131 54 1 143 123 81 1 149 144 88 1 134 132 92 1 0 0 0 0 98 89 49 1 63 58 35 1 24 66 0 1 103 96 84 1 90 96 52 1 61 55 30 1 154 145 93 1 175 166 133 1 159 179 145 1
46 98 59 1 87 73 88 1 53 108 88 1 46 89 47 1 70 76 85 1 101 112 93 1 66 72 68 1 82 97 68 1 2 22 0 1 0 0 0 0 22 18 8 1 7 41 37 1 0 26 26 1 14 35 21 1 0 37 14 1 35 37 1 1 69 69 53 1 40 50 33 1 76 76 60 1 80 103 67 1 73 96 67 1 77 77 51 1 0 0 0 0 22 48 6 1 12 49 37 1 0 34 16 1 0 20 11 1 0 0 0 0 32 57 12 1 19 22 30 1 94 156 85 1 0 0 0 0 55 47 84 1 63 44 60 1 102 90 90 1 124 112 112 1 126 109 70 1 135 107 79 1 99 111 36 1 121 129 91 1 98 129 80 1 102 114 105 1 72 106 47 1 71 97 62 1 40 54 25 1 33 64 35 1 37 54 31 1 37 48 26 1 60 87 68 1 96 116 79 1 107 110 75 1 94 102 70 1 134 83 34 1 114 126 96 1 170 170 109 1 207 199 150 1 132 137 90 1 62 88 52 1 47 72 35 1 123 122 121 1 81 95 49 1 0 0 0 0 125 139 87 1 120 121 76 1 81 89 35 1
27 72 65 1 53 47 42 1 9 12 30 1 2 55 15 1 18 77 41 1 83 74 67 1 43 63 68 1 99 109 83 1 25 52 38 1 0 12 0 1 18 2 8 1 25 41 19 1 12 33 13 1 44 8 56 1 8 23 10 1 27 33 20 1 61 84 40 1 57 56 39 1 112 131 77 1 115 105 96 1 111 100 115 1 91 110 61 1 36 37 6 1 21 17 21 1 0 0 38 1 0 27 28 1 15 46 65 1 0 0 0 0 96 110 67 1 0 0 0 0 131 122 77 1 132 141 108 1 111 89 85 1 144 112 112 1 53 63 65 1 99 105 103 1 192 175 138 1 184 141 112 1 138 176 111 1 145 148 76 1 156 141 99 1 143 170 133 1 89 147 98 1 93 78 86 1 50 90 66 1 5 43 12 1 0 42 15 1 0 0 0 0 34 43 1 1 58 66 39 1 90 83 34 1 0 0 0 0 123 102 74 1 93 93 64 1 145 135 108 1 185 203 142 1 0 0 0 0 108 111 88 1 114 114 118 1 50 70 19 1 68 61 9 1 110 113 103 1 184 169 155 1 109 83 83 1 11 2 9 1
3 76 27 1 10 40 25 1 0 0 0 0 0 0 0 0 42 72 38 1 21 61 50 1 84 88 58 1 117 126 75 1 0 0 0 0 0 23 4 1 0 4 10 1 24 29 27 1 0 11 18 1 10 27 17 1 9 50 31 1 32 67 26 1 0 0 0 0 16 39 5 1 91 89 80 1 105 99 77 1 66 70 58 1 52 54 35 1 47 60 38 1 0 0 0 0 15 24 19 1 0 0 0 0 13 17 11 1 0 0 0 0 33 55 25 1 54 50 21 1 28 60 14 1 81 59 51 1 75 67 63 1 106 118 92 1 76 6 44 1 159 136 140 1 214 199 181 1 140 136 69 1 133 111 87 1 148 124 101 1 140 152 119 1 116 135 103 1 77 99 73 1 90 90 73 1 87 82 63 1 54 78 70 1 29 54 41 1 0 0 0 0 48 49 11 1 42 54 37 1 130 123 96 1 0 0 0 0 120 110 59 1 135 157 112 1 0 0 0 0 134 155 96 1 135 97 94 1 0 0 0 0 87 99 79 1 35 18 0 1 58 77 50 1 146 166 116 1 125 113 88 1 58 52 35 1 26 69 0 1
7 24 0 1 0 26 0 1 0 26 30 1 5 28 23 1 19 46 12 1 0 30 0 1 44 93 64 1 55 93 51 1 0 0 0 0 35 21 43 1 6 22 15 1 29 14 19 1 15 29 39 1 0 0 0 0 26 46 7 1 31 75 51 1 18 65 47 1 68 75 16 1 97 121 78 1 90 111 78 1 74 57 36 1 76 98 46 1 52 87 40 1 12 45 29 1 51 52 48 1 48 89 63 1 73 71 61 1 40 64 30 1 60 82 36 1 0 0 0 0 79 110 31 1 84 115 84 1 74 89 100 1 62 73 86 1 75 63 94 1 161 135 155 1 0 0 0 0 167 120 102 1 160 135 100 1 156 148 127 1 171 133 109 1 137 135 101 1 106 95 73 1 51 60 86 1 61 82 53 1 73 82 54 1 0 0 0 0 0 0 0 0 27 15 2 1 35 48 28 1 106 101 73 1 105 85 56 1 90 105 60 1 142 135 96 1 123 145 88 1 157 128 102 1 128 131 90 1 128 109 102 1 67 38 10 1 89 71 35 1 139 171 101 1 176 219 144 1 0 0 0 0 63 112 59 1 14 27 35 1
0 12 0 1 24 12 0 1 44 66 41 1 0 36 13 1 9 7 20 1 18 51 11 1 7 21 14 1 26 82 59 1 53 67 61 1 0 0 0 0 10 39 31 1 7 31 0 1 5 28 13 1 0 0 0 0 17 28 43 1 56 81 46 1 27 48 19 1 13 47 32 1 93 107 51 1 84 83 39 1 0 0 0 0 94 81 48 1 29 32 31 1 30 80 34 1 36 80 77 1 65 88 59 1 0 0 0 0 58 80 64 1 46 59 50 1 51 71 44 1 43 55 56 1 68 66 15 1 0 0 0 0 71 73 70 1 82 78 33 1 0 0 0 0 159 175 92 1 138 125 95 1 137 117 83 1 163 117 100 1 158 178 104 1 120 162 112 1 36 76 35 1 74 83 50 1 95 89 53 1 42 86 34 1 63 69 41 1 0 0 0 0 24 27 13 1 69 63 24 1 127 123 104 1 110 114 83 1 77 83 55 1 106 150 75 1 131 168 75 1 186 169 130 1 170 198 130 1 168 138 109 1 80 75 28 1 147 167 129 1 159 188 126 1 135 152 126 1 0 0 0 0 46 74 17 1 0 47 0 1
43 57 72 1 0 0 0 0 0 0 0 0 60 98 84 1 19 30 35 1 0 0 0 0 0 0 0 0 22 65 37 1 2 38 0 1 0 5 19 1 0 5 25 1 24 14 0 1 20 28 28 1 10 20 44 1 0 16 11 1 36 46 42 1 22 51 33 1 0 0 0 0 46 63 2 1 105 90 70 1 84 90 87 1 109 106 86 1 57 78 52 1 31 48 68 1 15 56 43 1 45 57 47 1 24 62 38 1 0 0 0 0 90 60 52 1 67 102 86 1 97 104 80 1 96 107 76 1 89 85 57 1 119 104 81 1 164 183 142 1 0 0 0 0 156 154 132 1 161 182 116 1 157 162 131 1 144 155 72 1 154 137 95 1 93 151 84 1 104 115 75 1 114 122 108 1 0 0 0 0 29 54 15 1 0 0 0 0 74 70 22 1 61 81 48 1 62 32 3 1 98 87 88 1 92 105 82 1 99 121 69 1 109 106 52 1 181 160 148 1 0 0 0 0 202 204 149 1 111 125 63 1 86 72 41 1 144 118 92 1 172 160 127 1 101 88 51 1 74 74 68 1 19 13 0 1 0 22 0 1
47 59 65 1 50 50 19 1 5 20 32 1 29 43 45 1 0 0 0 0 0 18 29 1 0 38 16 1 4 68 35 1 22 40 30 1 16 47 13 1 7 51 52 1 0 22 28 1 28 40 36 1 16 60 35 1 49 74 61 1 0 53 57 1 51 75 56 1 62 73 48 1 34 22 0 1 88 81 54 1 71 113 56 1 95 108 109 1 67 65 69 1 66 96 49 1 36 52 65 1 44 49 37 1 46 69 58 1 50 61 48 1 91 106 90 1 62 80 83 1 96 76 64 1 76 79 60 1 143 139 116 1 128 145 69 1 211 242 169 1 221 255 173 1 156 195 167 1 171 181 134 1 0 0 0 0 133 101 57 1 81 116 83 1 83 130 47 1 64 100 50 1 66 94 56 1 80 87 68 1 64 98 70 1 75 60 8 1 38 50 30 1 48 59 50 1 33 43 0 1 97 121 86 1 87 84 36 1 0 0 0 0 130 118 80 1 137 145 82 1 187 189 177 1 105 101 49 1 97 114 41 1 186 172 111 1 196 186 141 1 140 123 115 1 44 71 0 1 29 51 11 1 83 87 69 1 31 80 51 1
44 68 52 1 0 0 0 0 57 75 61 1 3 11 14 1 0 34 43 1 6 35 14 1 6 17 0 1 49 86 70 1 79 77 56 1 57 57 31 1 1 40 26 1 0 41 4 1 4 22 5 1 7 23 34 1 25 56 51 1 7 50 35 1 42 30 17 1 35 53 28 1 53 52 34 1 59 46 32 1 113 117 69 1 125 113 114 1 76 102 43 1 68 103 45 1 26 63 11 1 0 7 0 1 0 0 0 0 56 51 49 1 73 89 61 1 71 83 85 1 153 139 108 1 180 180 141 1 202 208 182 1 0 0 0 0 137 162 117 1 181 202 150 1 0 0 0 0 138 163 87 1 104 89 43 1 124 77 79 1 139 157 120 1 102 85 78 1 61 88 45 1 68 100 59 1 62 103 51 1 55 58 68 1 39 61 37 1 32 78 25 1 41 50 28 1 10 36 0 1 73 85 68 1 72 64 56 1 89 87 57 1 131 120 84 1 128 142 82 1 149 150 71 1 110 123 50 1 177 145 115 1 186 176 135 1 136 114 77 1 93 130 87 1 109 132 114 1 75 38 22 1 64 88 43 1 0 0 0 0
69 56 17 1 89 89 83 1 14 40 38 1 4 27 27 1 2 20 10 1 10 18 15 1 26 49 44 1 107 105 70 1 0 0 0 0 8 39 26 1 21 40 25 1 0 33 27 1 12 17 14 1 20 36 41 1 10 15 13 1 16 22 32 1 26 39 45 1 59 66 32 1 94 102 72 1 91 79 47 1 111 92 54 1 87 108 39 1 53 61 31 1 28 32 42 1 59 82 43 1 74 59 31 1 81 110 51 1 62 79 48 1 67 89 26 1 93 95 73 1 131 131 100 1 156 170 108 1 148 174 114 1 0 0 0 0 136 139 123 1 183 140 127 1 118 133 79 1 151 186 65 1 134 130 68 1 118 148 73 1 142 156 108 1 84 98 39 1 62 86 58 1 74 99 57 1 68 78 38 1 67 102 43 1 35 96 29 1 24 64 29 1 57 76 49 1 0 0 0 0 0 0 0 0 91 103 64 1 128 119 90 1 0 0 0 0 169 185 138 1 201 192 136 1 174 162 149 1 141 187 121 1 169 149 107 1 110 137 95 1 104 104 50 1 55 44 42 1 29 36 0 1 78 99 62 1 0 0 0 0
0 0 0 0 37 45 11 1 0 0 0 0 19 32 20 1 16 10 0 1 35 44 17 1 47 86 70 1 73 139 95 1 69 83 88 1 51 59 43 1 4 42 1 1 0 0 0 0 0 51 27 1 10 19 23 1 0 9 25 1 0 0 17 1 0 14 11 1 0 0 0 0 81 114 67 1 24 23 15 1 0 0 0 0 0 0 0 0 158 190 134 1 84 110 72 1 113 72 48 1 76 110 43 1 60 108 55 1 73 73 9 1 70 71 22 1 105 102 51 1 115 131 105 1 0 0 0 0 110 114 96 1 145 151 78 1 92 112 65 1 0 0 0 0 208 181 141 1 143 141 92 1 83 113 33 1 90 110 64 1 135 133 106 1 109 115 73 1 71 104 64 1 63 80 48 1 90 92 66 1 80 65 70 1 29 51 64 1 64 57 38 1 31 49 35 1 14 45 15 1 92 91 78 1 108 103 65 1 97 90 1 1 115 142 63 1 204 193 138 1 0 0 0 0 172 180 114 1 158 177 141 1 106 89 81 1 0 0 0 0 74 108 60 1 28 44 0 1 45 64 23 1 61 65 32 1 0 0 0 0
26 47 68 1 45 32 4 1 0 0 0 0 0 0 8 1 16 4 4 1 5 24 33 1 44 43 49 1 45 81 30 1 71 103 87 1 45 81 66 1 0 27 0 1 0 23 2 1 3 43 20 1 22 1 21 1 0 11 3 1 12 0 6 1 66 82 70 1 0 0 0 0 80 101 61 1 0 0 0 0 69 70 42 1 115 129 92 1 175 162 115 1 90 85 43 1 0 0 0 0 113 80 53 1 52 79 18 1 42 50 11 1 114 110 63 1 71 107 38 1 84 66 52 1 104 114 69 1 79 101 33 1 110 99 83 1 35 35 0 1 118 125 64 1 100 91 88 1 0 0 0 0 125 114 75 1 175 189 126 1 0 0 0 0 0 0 0 0 103 127 74 1 57 57 38 1 104 101 97 1 52 70 24 1 34 77 34 1 51 71 45 1 54 50 45 1 52 78 33 1 88 82 49 1 46 90 56 1 109 93 46 1 142 168 69 1 188 199 136 1 192 212 153 1 169 158 98 1 169 169 135 1 173 218 124 1 97 121 95 1 33 2 0 1 45 88 49 1 70 104 67 1 35 97 55 1 76 98 77 1
14 41 27 1 23 62 30 1 50 84 33 1 37 35 20 1 0 0 0 0 28 37 22 1 72 102 62 1 74 102 80 1 75 94 72 1 33 65 43 1 23 33 0 1 24 35 0 1 0 39 19 1 0 4 7 1 31 46 52 1 4 0 4 1 0 0 0 0 83 98 81 1 83 110 83 1 125 113 80 1 73 84 35 1 0 0 0 0 113 82 72 1 76 70 32 1 100 76 30 1 104 93 44 1 102 96 76 1 107 117 75 1 87 91 53 1 0 0 0 0 82 102 68 1 107 102 70 1 54 66 67 1 71 78 26 1 0 0 0 0 135 129 88 1 60 81 38 1 127 133 82 1 111 152 86 1 182 189 137 1 170 166 150 1 161 168 117 1 53 48 7 1 46 68 43 1 94 99 102 1 86 135 78 1 79 93 52 1 49 82 54 1 0 0 0 0 79 98 50 1 59 87 58 1 69 71 52 1 87 79 18 1 91 96 16 1 149 180 127 1 174 138 92 1 153 146 90 1 0 0 0 0 0 0 0 0 50 59 21 1 38 76 37 1 105 105 82 1 45 55 23 1 52 79 58 1 22 34 35 1
0 52 15 1 1 37 28 1 25 63 27 1 0 40 12 1 14 24 27 1 17 65 18 1 69 100 80 1 53 117 61 1 54 87 56 1 36 55 30 1 0 6 8 1 17 7 0 1 0 29 10 1 4 0 1 1 0 0 0 0 5 10 0 1 25 16 12 1 90 105 47 1 92 98 38 1 85 111 78 1 141 138 98 1 102 119 80 1 102 115 62 1 86 85 33 1 54 67 22 1 80 117 44 1 105 114 69 1 94 101 61 1 70 63 34 1 58 103 50 1 130 112 63 1 84 73 63 1 102 135 70 1 119 142 101 1 103 105 82 1 150 152 122 1 121 155 98 1 0 0 0 0 206 211 179 1 0 0 0 0 0 0 0 0 141 125 98 1 81 63 16 1 33 18 11 1 75 122 73 1 114 123 74 1 80 81 60 1 58 75 45 1 60 51 64 1 44 60 57 1 0 0 0 0 100 105 58 1 104 80 31 1 153 128 64 1 200 173 124 1 145 175 107 1 123 139 91 1 132 127 92 1 62 76 36 1 14 37 15 1 3 13 0 1 0 0 0 0 30 56 0 1 38 75 33 1 61 75 54 1
0 14 20 1 0 10 8 1 0 0 0 0 0 11 22 1 0 24 0 1 33 89 52 1 53 83 44 1 57 90 79 1 80 100 63 1 43 89 48 1 44 66 10 1 0 0 0 0 0 42 22 1 2 54 28 1 30 64 32 1 50 88 65 1 0 14 0 1 17 55 37 1 31 56 28 1 29 42 2 1 94 105 71 1 122 109 86 1 107 122 61 1 112 112 82 1 62 72 26 1 82 92 42 1 74 93 42 1 91 81 61 1 65 90 61 1 0 0 0 0 99 97 104 1 106 76 37 1 119 120 69 1 134 126 83 1 116 104 84 1 196 176 172 1 209 164 148 1 213 191 173 1 182 182 153 1 177 181 95 1 141 146 79 1 116 129 67 1 0 0 0 0 0 17 0 1 19 69 33 1 87 125 53 1 59 108 85 1 53 71 52 1 51 66 65 1 0 0 0 0 58 61 35 1 88 86 73 1 90 86 51 1 196 141 124 1 151 143 110 1 164 153 91 1 148 145 122 1 104 123 94 1 75 70 45 1 80 94 77 1 95 108 107 1 78 77 82 1 57 82 66 1 56 92 63 1 16 51 30 1
48 63 48 1 47 78 70 1 16 31 12 1 3 21 23 1 31 40 40 1 6 48 27 1 20 59 45 1 62 97 61 1 51 115 48 1 0 0 0 0 47 62 16 1 0 38 12 1 0 38 0 1 0 23 17 1 7 36 0 1 49 93 64 1 1 53 23 1 53 93 56 1 66 87 42 1 19 65 27 1 77 91 67 1 88 67 78 1 139 126 82 1 143 140 80 1 82 103 44 1 107 101 77 1 99 100 67 1 98 107 63 1 0 0 0 0 139 115 108 1 92 95 78 1 110 92 83 1 85 71 26 1 84 69 27 1 121 106 65 1 204 170 168 1 181 197 171 1 195 178 131 1 0 0 0 0 208 195 149 1 152 150 85 1 145 117 103 1 163 172 119 1 127 126 117 1 96 139 55 1 113 103 72 1 30 60 30 1 0 25 0 1 0 19 0 1 6 0 1 1 28 33 21 1 93 111 69 1 129 107 68 1 189 170 104 1 0 0 0 0 0 0 0 0 105 93 93 1 0 0 0 0 35 49 4 1 79 73 50 1 66 121 56 1 5 44 0 1 56 99 51 1 54 85 62 1 21 43 24 1
47 44 24 1 34 32 22 1 0 13 19 1 0 20 2 1 2 0 4 1 11 55 25 1 0 41 0 1 62 98 76 1 68 96 47 1 65 112 54 1 59 61 19 1 68 41 25 1 0 22 10 1 0 16 0 1 0 20 3 1 19 39 11 1 11 31 22 1 36 40 38 1 24 44 53 1 0 0 0 0 0 0 0 0 81 106 74 1 0 0 0 0 0 0 0 0 92 110 79 1 99 92 62 1 43 87 33 1 30 43 1 1 58 68 33 1 61 85 24 1 43 36 1 1 35 42 9 1 119 87 41 1 86 65 41 1 148 129 71 1 214 192 158 1 205 220 142 1 169 147 111 1 143 138 96 1 100 107 42 1 127 127 94 1 136 143 68 1 89 122 69 1 136 138 106 1 83 126 95 1 72 78 66 1 0 0 0 0 19 33 12 1 0 11 4 1 0 0 0 1 40 14 20 1 63 63 48 1 135 148 58 1 211 172 149 1 145 121 107 1 127 111 102 1 101 127 72 1 120 135 108 1 0 0 0 0 62 65 0 1 30 30 27 1 6 25 5 1 57 79 48 1 43 78 37 1 5 28 32 1
49 79 36 1 57 85 52 1 29 28 51 1 7 40 2 1 25 34 16 1 29 77 50 1 39 92 18 1 56 107 65 1 87 94 65 1 0 0 0 0 80 89 58 1 67 97 48 1 9 29 36 1 0 60 28 1 16 36 11 1 0 18 0 1 1 9 0 1 0 0 0 0 15 15 7 1 0 44 2 1 24 31 2 1 41 79 36 1 52 71 37 1 86 114 72 1 0 0 0 0 111 134 85 1 108 136 65 1 76 101 17 1 58 58 44 1 77 64 29 1 60 100 41 1 108 97 58 1 120 123 42 1 0 0 0 0 184 179 146 1 191 161 134 1 180 161 109 1 126 151 63 1 113 107 48 1 85 89 4 1 61 72 17 1 60 66 13 1 122 158 129 1 123 139 104 1 87 104 42 1 64 106 48 1 63 68 51 1 29 49 24 1 17 33 22 1 29 41 27 1 43 59 24 1 68 63 45 1 198 175 127 1 178 162 99 1 163 164 108 1 139 164 105 1 0 0 0 0 58 90 92 1 49 91 36 1 0 22 8 1 40 63 7 1 57 65 30 1 44 53 42 1 18 26 12 1 0 40 0 1
90 97 66 1 45 82 61 1 4 13 0 1 0 0 0 0 9 20 11 1 2 32 0 1 45 64 26 1 55 101 53 1 55 93 54 1 119 95 72 1 72 85 21 1 57 80 30 1 29 38 36 1 0 40 26 1 0 9 10 1 4 14 0 1 0 0 0 0 0 0 0 0 5 10 6 1 18 52 0 1 0 17 0 1 13 35 6 1 9 19 0 1 18 47 17 1 86 122 67 1 151 149 115 1 99 125 67 1 134 154 96 1 129 122 54 1 118 120 80 1 107 140 74 1 138 149 74 1 147 103 54 1 0 0 0 0 219 186 117 1 187 184 113 1 163 154 97 1 101 104 35 1 136 117 61 1 119 83 49 1 66 83 21 1 124 110 68 1 154 154 103 1 80 107 59 1 87 121 83 1 65 79 64 1 0 63 22 1 4 45 0 1 14 23 0 1 81 64 50 1 38 45 45 1 136 120 93 1 155 181 117 1 152 138 83 1 119 95 39 1 165 172 132 1 113 115 83 1 61 68 27 1 9 18 8 1 63 93 37 1 0 0 0 0 20 60 30 1 30 12 35 1 31 54 33 1 13 26 8 1
119 107 93 1 0 0 0 0 39 60 66 1 23 47 14 1 12 30 31 1 9 31 36 1 26 42 15 1 41 62 31 1 83 98 46 1 0 0 0 0 39 107 34 1 0 0 0 0 78 90 76 1 0 0 0 0 26 35 15 1 24 48 46 1 8 46 17 1 18 57 16 1 18 33 33 1 38 65 26 1 18 32 20 1 1 30 0 1 15 14 0 1 7 15 30 1 38 54 8 1 97 117 92 1 85 94 58 1 136 129 86 1 0 0 0 0 159 145 91 1 150 138 100 1 119 104 43 1 149 120 91 1 209 180 111 1 154 167 63 1 149 141 96 1 183 185 127 1 198 182 141 1 221 200 173 1 191 154 122 1 159 172 125 1 151 159 110 1 121 110 91 1 84 114 63 1 78 87 43 1 7 21 19 1 0 0 0 0 23 18 27 1 40 50 21 1 80 99 92 1 72 65 35 1 149 155 90 1 123 129 77 1 151 145 82 1 117 150 84 1 154 153 131 1 67 77 27 1 0 0 0 0 61 108 47 1 37 59 46 1 26 52 32 1 26 54 11 1 0 0 19 1 52 68 60 1 22 75 12 1
25 30 6 1 0 3 2 1 2 33 11 1 0 39 15 1 0 21 48 1 0 19 11 1 0 33 0 1 0 0 0 0 68 110 64 1 0 0 0 0 73 90 64 1 90 107 83 1 87 92 77 1 17 29 6 1 27 30 16 1 50 25 49 1 22 35 19 1 26 30 17 1 26 61 48 1 0 34 0 1 19 49 12 1 10 0 0 1 10 34 0 1 0 0 0 0 61 61 31 1 112 117 81 1 109 126 119 1 62 95 18 1 76 57 24 1 49 66 7 1 124 102 51 1 143 146 67 1 140 117 61 1 186 174 125 1 162 146 88 1 145 120 80 1 196 140 78 1 0 0 0 0 210 194 159 1 139 126 88 1 148 149 101 1 114 115 77 1 18 36 0 1 89 88 33 1 35 72 52 1 4 17 1 1 0 26 5 1 10 17 8 1 21 41 25 1 84 108 80 1 70 112 48 1 161 151 119 1 0 0 0 0 0 0 0 0 134 119 72 1 40 73 63 1 85 71 55 1 79 91 78 1 70 85 66 1 21 48 10 1 48 67 25 1 0 41 2 1 13 54 35 1 35 42 76 1 0 20 6 1
55 113 6 1 48 51 0 1 29 21 25 1 35 41 23 1 0 47 41 1 0 19 41 1 0 0 0 0 14 19 0 1 39 66 27 1 55 100 34 1 0 0 0 0 56 115 30 1 56 85 52 1 29 45 26 1 4 50 16 1 44 78 51 1 23 34 31 1 34 80 23 1 24 79 43 1 0 45 24 1 37 92 30 1 28 46 11 1 42 44 23 1 6 31 24 1 0 0 0 1 16 65 24 1 76 103 61 1 0 0 0 0 49 39 0 1 0 0 0 0 129 111 80 1 149 144 92 1 116 134 66 1 144 183 100 1 114 124 91 1 142 139 72 1 121 156 81 1 132 177 114 1 133 126 85 1 124 128 100 1 116 120 55 1 90 104 26 1 33 70 10 1 54 84 34 1 0 0 0 0 30 14 30 1 0 27 26 1 26 46 26 1 60 86 63 1 71 100 64 1 76 92 39 1 140 161 95 1 156 162 98 1 0 0 0 0 74 43 45 1 50 86 38 1 46 34 26 1 13 30 5 1 43 71 33 1 97 118 81 1 0 0 0 0 25 17 32 1 76 61 31 1 41 51 21 1 39 65 6 1
88 66 40 1 37 75 34 1 12 13 10 1 5 36 32 1 9 42 46 1 0 0 0 0 13 41 49 1 0 27 0 1 13 56 0 1 52 54 37 1 75 106 48 1 80 92 56 1 60 108 63 1 40 85 26 1 67 83 83 1 57 88 42 1 48 92 69 1 65 109 74 1 71 87 58 1 61 82 28 1 49 94 66 1 9 61 15 1 78 91 63 1 84 78 62 1 38 79 64 1 49 76 31 1 41 77 27 1 36 65 21 1 38 42 5 1 49 46 37 1 78 71 46 1 88 88 43 1 0 0 0 0 132 98 43 1 94 116 52 1 99 106 83 1 124 124 73 1 131 140 106 1 0 0 0 0 0 0 0 0 110 137 74 1 61 77 42 1 89 95 29 1 27 57 0 1 0 0 5 1 7 22 7 1 34 37 26 1 71 103 53 1 66 98 72 1 50 116 53 1 94 83 41 1 160 181 121 1 0 0 0 0 109 89 63 1 0 0 0 0 21 22 0 1 0 16 0 1 5 17 0 1 16 18 26 1 57 98 75 1 33 71 53 1 0 40 4 1 43 72 36 1 0 7 0 1 110 117 85 1
91 106 77 1 18 48 22 1 30 52 14 1 54 74 70 1 0 27 30 1 42 48 46 1 32 48 8 1 0 27 0 1 0 58 2 1 48 78 53 1 60 91 28 1 90 131 71 1 107 118 116 1 79 87 41 1 45 93 53 1 46 106 45 1 70 84 79 1 49 97 31 1 53 109 49 1 74 122 82 1 0 0 0 0 59 74 38 1 85 100 48 1 0 0 0 0 50 95 74 1 50 55 18 1 0 39 16 1 33 25 15 1 18 47 28 1 56 74 40 1 22 32 0 1 52 70 7 1 148 123 103 1 36 58 31 1 0 0 0 0 0 0 0 0 101 107 85 1 69 87 49 1 16 57 4 1 3 43 0 1 97 90 61 1 97 106 71 1 106 92 70 1 61 74 30 1 33 63 31 1 9 48 0 1 76 95 68 1 57 43 62 1 66 45 37 1 43 54 53 1 103 100 37 1 116 158 77 1 121 122 45 1 88 93 22 1 113 127 53 1 0 0 0 1 70 51 27 1 38 56 27 1 5 31 21 1 62 82 55 1 34 49 20 1 54 47 54 1 36 53 27 1 64 56 17 1 126 120 94 1
105 104 73 1 0 23 0 1 0 0 0 0 10 39 16 1 0 0 10 1 48 62 66 1 15 35 9 1 0 31 11 1 6 25 29 1 31 72 65 1 62 67 54 1 102 126 95 1 163 151 97 1 75 124 58 1 38 51 9 1 85 77 48 1 64 81 41 1 27 77 48 1 61 122 72 1 59 71 61 1 37 94 37 1 60 88 62 1 53 92 27 1 69 91 36 1 63 100 56 1 33 69 44 1 15 33 36 1 8 0 0 1 43 56 5 1 47 82 54 1 26 4 1 1 64 94 62 1 146 179 139 1 15 41 41 1 73 101 47 1 77 117 54 1 63 95 37 1 47 46 12 1 16 55 0 1 6 53 0 1 78 78 28 1 93 112 77 1 76 102 51 1 0 0 0 0 0 0 0 0 48 72 55 1 0 0 0 0 75 87 32 1 64 88 39 1 178 153 91 1 187 190 122 1 136 113 42 1 117 117 51 1 72 68 35 1 111 137 85 1 55 100 51 1 56 50 40 1 0 0 0 0 23 66 36 1 24 38 21 1 1 53 39 1 48 26 27 1 21 22 6 1 87 99 47 1 92 101 44 1
96 112 90 1 31 62 37 1 16 14 10 1 0 19 0 1 10 14 0 1 28 44 41 1 19 38 25 1 6 34 0 1 32 41 5 1 18 51 29 1 55 67 54 1 31 92 54 1 0 0 0 0 122 98 66 1 54 109 67 1 0 0 0 0 0 0 0 0 56 118 55 1 53 88 45 1 93 130 80 1 39 70 40 1 58 102 78 1 50 76 30 1 51 119 70 1 78 105 85 1 31 36 53 1 19 7 12 1 0 0 0 0 21 23 11 1 27 20 38 1 41 50 30 1 67 94 66 1 153 190 142 1 154 179 149 1 62 107 61 1 73 111 70 1 43 82 31 1 90 108 75 1 103 145 86 1 52 88 54 1 0 0 0 0 73 85 73 1 65 94 33 1 44 63 9 1 45 71 33 1 99 135 79 1 30 9 1 1 50 71 7 1 173 165 118 1 134 127 74 1 148 149 74 1 113 90 42 1 78 102 54 1 70 122 46 1 128 144 111 1 112 112 84 1 70 75 69 1 39 54 36 1 31 64 40 1 11 58 17 1 53 77 47 1 36 51 50 1 45 44 12 1 91 117 54 1 77 134 42 1
71 78 90 1 108 84 83 1 6 0 17 1 1 34 31 1 0 27 3 1 34 42 24 1 24 41 13 1 0 0 0 0 4 13 33 1 30 54 35 1 63 73 59 1 42 69 37 1 63 75 34 1 63 89 45 1 81 87 80 1 73 105 61 1 59 97 54 1 80 86 69 1 65 63 55 1 50 108 39 1 54 87 52 1 47 90 47 1 60 99 43 1 51 81 73 1 67 117 66 1 21 82 50 1 0 15 19 1 0 13 27 1 0 0 0 0 0 29 0 1 0 0 0 0 70 83 39 1 42 77 63 1 92 94 77 1 41 64 71 1 33 74 50 1 16 36 13 1 0 0 0 0 82 108 69 1 49 42 15 1 32 88 13 1 0 0 0 0 109 131 63 1 0 0 0 0 153 124 77 1 103 124 93 1 88 97 53 1 166 166 118 1 153 148 119 1 93 104 59 1 120 114 74 1 127 132 56 1 136 121 94 1 137 109 57 1 83 118 100 1 62 67 50 1 18 53 65 1 45 39 32 1 0 0 0 0 27 48 40 1 50 52 37 1 43 72 3 1 138 111 42 1 106 139 82 1 52 62 38 1
39 36 7 1 62 88 59 1 57 75 30 1 0 1 26 1 0 26 0 1 19 31 11 1 0 0 13 1 0 30 55 1 12 31 19 1 1 61 46 1 72 77 44 1 39 69 40 1 0 0 0 0 81 89 44 1 77 80 60 1 63 101 42 1 66 64 47 1 72 104 67 1 66 83 35 1 53 91 39 1 74 97 64 1 0 0 0 0 0 0 0 0 62 87 60 1 73 83 62 1 58 108 83 1 56 76 39 1 39 51 56 1 5 28 15 1 28 29 12 1 28 4 8 1 0 28 28 1 11 44 14 1 21 40 0 1 24 40 31 1 66 75 80 1 72 83 51 1 61 56 25 1 0 23 0 1 8 25 33 1 70 89 37 1 78 103 71 1 73 81 24 1 64 97 64 1 91 100 61 1 84 91 51 1 101 111 70 1 119 155 101 1 106 106 93 1 123 104 45 1 124 143 50 1 108 145 64 1 128 129 96 1 93 118 107 1 92 100 57 1 17 54 16 1 15 58 41 1 34 42 19 1 29 34 13 1 38 39 29 1 9 64 17 1 89 93 72 1 136 131 66 1 61 85 38 1 50 86 43 1
0 0 0 0 63 110 44 1 62 53 38 1 0 11 0 1 37 26 27 1 6 15 0 1 6 62 64 1 17 41 22 1 3 51 48 1 23 52 52 1 1 65 44 1 25 72 17 1 0 0 0 0 78 76 51 1 116 114 84 1 50 92 55 1 92 111 65 1 89 82 49 1 76 118 73 1 64 59 52 1 92 117 102 1 63 100 53 1 48 76 46 1 56 89 32 1 27 45 38 1 0 0 0 0 41 65 11 1 37 36 23 1 0 29 1 1 8 10 4 1 0 0 0 0 0 14 0 1 0 0 0 0 2 0 29 1 14 22 0 1 13 37 15 1 8 16 2 1 37 37 26 1 1 7 0 1 4 16 4 1 0 0 0 0 29 50 2 1 52 58 16 1 62 73 25 1 43 37 4 1 54 97 30 1 126 133 91 1 133 140 104 1 118 135 103 1 143 171 96 1 112 133 84 1 74 87 49 1 86 108 64 1 94 90 84 1 43 88 22 1 26 51 26 1 32 68 18 1 30 29 28 1 11 29 16 1 58 101 77 1 0 0 0 0 73 107 67 1 92 117 47 1 34 56 27 1 0 18 0 1
0 24 5 1 78 74 66 1 0 0 0 0 0 0 0 0 0 0 0 0 0 0 0 0 0 0 0 0 30 47 48 1 5 27 32 1 6 19 4 1 27 57 20 1 59 74 62 1 65 106 75 1 77 90 44 1 74 115 65 1 96 126 101 1 69 102 62 1 18 59 24 1 0 32 22 1 10 59 23 1 81 97 59 1 25 79 20 1 24 69 46 1 21 85 39 1 21 64 36 1 60 97 68 1 81 74 59 1 8 24 8 1 24 55 29 1 0 79 28 1 25 28 35 1 0 0 0 0 0 0 0 1 0 21 24 1 27 16 25 1 0 15 11 1 35 45 18 1 32 52 52 1 84 86 80 1 112 122 95 1 0 0 0 0 61 74 56 1 88 90 21 1 86 53 30 1 0 0 0 0 0 0 8 1 72 81 23 1 112 110 76 1 107 98 56 1 132 124 92 1 105 125 84 1 96 108 45 1 60 54 32 1 17 29 0 1 0 0 0 0 0 0 0 0 43 65 44 1 24 81 21 1 34 84 28 1 42 53 29 1 47 80 39 1 64 81 40 1 70 93 54 1 56 43 30 1 54 34 16 1
0 12 0 1 43 69 17 1 100 118 85 1 59 79 75 1 0 48 16 1 27 28 28 1 43 46 38 1 24 39 16 1 0 39 16 1 0 0 0 0 28 55 0 1 67 85 45 1 50 57 53 1 72 81 28 1 66 94 62 1 139 121 74 1 75 106 71 1 24 35 12 1 0 40 0 1 21 35 12 1 4 39 15 1 0 49 0 1 0 30 0 1 11 35 16 1 21 41 41 1 24 57 40 1 27 34 41 1 21 53 49 1 0 22 0 1 0 29 1 1 14 19 0 1 0 33 24 1 43 41 42 1 0 53 0 1 8 62 22 1 0 38 49 1 57 43 40 1 0 0 0 0 11 31 44 1 24 10 0 1 26 49 20 1 47 55 34 1 85 91 41 1 63 93 0 1 37 61 62 1 66 98 71 1 0 0 0 0 131 106 97 1 114 119 69 1 0 0 0 0 87 69 30 1 65 91 42 1 42 49 28 1 0 0 0 0 24 60 16 1 69 42 15 1 33 82 27 1 0 0 0 0 33 84 29 1 35 57 6 1 61 72 30 1 0 0 0 0 33 20 0 1 49 40 1 1 89 99 32 1
20 25 22 1 32 55 51 1 0 0 0 0 54 42 53 1 2 38 0 1 0 24 13 1 0 28 18 1 0 43 16 1 5 30 30 1 19 15 11 1 23 33 29 1 46 72 43 1 31 54 48 1 61 53 34 1 55 48 15 1 42 77 45 1 40 38 22 1 12 16 0 1 17 51 3 1 0 49 0 1 31 49 13 1 17 40 2 1 10 31 6 1 0 0 0 0 45 57 28 1 6 52 42 1 32 34 16 1 2 26 7 1 0 0 0 0 2 4 40 1 0 33 24 1 2 14 8 1 8 14 0 1 0 0 0 0 0 32 6 1 23 49 7 1 60 76 49 1 0 19 4 1 27 42 45 1 36 29 27 1 62 77 71 1 53 75 67 1 97 85 49 1 84 89 59 1 105 131 71 1 0 0 0 0 0 0 0 0 0 0 0 0 72 84 52 1 61 78 38 1 77 66 34 1 57 88 36 1 6 82 23 1 34 67 42 1 26 39 38 1 0 0 0 0 17 53 32 1 12 38 26 1 22 60 24 1 50 72 57 1 99 113 77 1 0 0 0 0 65 86 36 1 88 125 106 1 80 93 57 1
28 38 22 1 53 74 29 1 66 95 81 1 53 68 52 1 9 37 33 1 0 20 24 1 19 30 24 1 13 45 36 1 2 19 19 1 0 0 0 0 66 91 56 1 46 93 50 1 0 0 0 0 29 65 31 1 0 0 0 0 75 79 38 1 70 81 44 1 40 79 57 1 50 82 55 1 21 37 0 1 9 33 25 1 0 39 12 1 17 86 12 1 25 62 37 1 11 26 11 1 0 22 15 1 24 67 64 1 21 73 44 1 22 68 36 1 25 29 54 1 19 37 57 1 48 53 50 1 37 84 30 1 42 82 29 1 0 0 0 0 47 118 41 1 44 80 68 1 23 51 14 1 56 75 61 1 76 78 61 1 80 99 73 1 59 83 72 1 79 52 53 1 56 70 33 1 87 122 65 1 109 127 42 1 156 128 82 1 104 98 76 1 70 97 35 1 68 91 49 1 49 56 40 1 33 74 13 1 1 19 0 1 20 57 12 1 31 85 36 1 21 74 31 1 4 36 14 1 19 47 6 1 47 38 18 1 16 20 18 1 30 44 18 1 13 53 25 1 99 105 56 1 120 144 79 1 103 131 62 1
41 20 24 1 35 52 10 1 73 96 80 1 47 64 34 1 56 77 63 1 26 33 28 1 40 48 27 1 5 37 11 1 25 4 8 1 21 27 9 1 29 76 59 1 17 64 25 1 0 0 0 0 47 103 57 1 24 84 69 1 52 79 45 1 57 91 58 1 58 74 41 1 78 94 51 1 86 93 82 1 44 56 42 1 75 112 46 1 101 91 83 1 39 53 45 1 8 21 2 1 11 35 35 1 23 52 8 1 79 101 76 1 76 95 85 1 51 62 68 1 22 57 32 1 57 90 56 1 72 84 36 1 98 117 57 1 71 92 34 1 42 119 33 1 60 98 72 1 10 60 41 1 67 54 28 1 57 53 27 1 106 113 83 1 115 97 83 1 58 68 45 1 64 84 24 1 111 95 17 1 49 86 21 1 148 163 93 1 0 0 0 0 111 115 79 1 114 124 94 1 5 29 24 1 67 34 37 1 66 49 19 1 15 56 34 1 29 69 47 1 41 53 27 1 0 31 0 1 8 48 0 1 34 72 16 1 46 55 38 1 56 47 32 1 86 113 59 1 151 149 73 1 57 103 22 1 19 12 0 1
61 103 55 1 43 55 40 1 0 0 0 0 69 93 33 1 51 24 27 1 54 63 65 1 0 0 0 0 53 104 77 1 30 51 28 1 11 50 28 1 23 39 24 1 33 78 26 1 39 80 52 1 51 72 79 1 72 76 61 1 48 75 43 1 80 80 76 1 68 93 53 1 39 73 49 1 52 55 50 1 27 34 18 1 35 67 36 1 37 76 41 1 7 23 3 1 0 17 0 1 14 18 12 1 0 0 0 0 0 24 15 1 38 63 32 1 38 46 41 1 11 51 17 1 0 39 10 1 30 68 16 1 68 93 39 1 57 108 65 1 34 61 13 1 59 102 57 1 2 54 0 1 0 0 0 0 9 19 0 1 13 25 23 1 29 38 15 1 0 12 3 1 22 41 25 1 78 80 8 1 67 78 35 1 0 0 0 0 108 101 78 1 82 97 34 1 101 132 61 1 0 0 0 0 34 46 0 1 16 35 14 1 0 0 0 0 0 0 0 0 17 35 0 1 40 46 12 1 75 120 42 1 87 119 84 1 57 84 44 1 52 53 15 1 87 73 24 1 112 109 56 1 123 82 24 1 76 86 36 1
90 100 52 1 76 96 66 1 94 123 65 1 79 94 54 1 7 26 21 1 79 105 106 1 77 67 63 1 58 77 45 1 25 32 4 1 0 27 0 1 40 50 0 1 25 71 35 1 15 53 8 1 18 59 0 1 31 36 32 1 40 57 48 1 57 100 49 1 54 46 42 1 15 33 0 1 40 76 0 1 29 60 60 1 38 91 54 1 77 70 43 1 0 0 0 0 24 35 25 1 16 72 14 1 0 14 0 1 0 0 0 0 16 29 3 1 27 49 42 1 40 53 25 1 50 64 61 1 36 78 39 1 54 90 53 1 68 93 69 1 66 75 46 1 46 78 52 1 4 34 0 1 39 75 47 1 54 83 37 1 33 37 3 1 11 45 6 1 3 17 7 1 42 90 41 1 108 99 73 1 87 100 60 1 46 52 46 1 93 111 74 1 51 111 87 1 0 0 0 0 84 69 51 1 22 38 0 1 49 26 0 1 69 45 19 1 104 107 47 1 115 109 97 1 139 125 73 1 115 118 81 1 125 147 107 1 119 148 107 1 0 0 0 0 116 121 44 1 107 142 73 1 119 141 62 1 62 89 52 1
68 89 36 1 106 94 60 1 0 0 0 0 50 60 9 1 50 70 37 1 0 0 0 0 51 71 45 1 0 0 0 0 8 44 28 1 41 74 39 1 52 88 57 1 7 55 5 1 21 33 19 1 34 47 33 1 85 85 35 1 0 0 0 0 73 105 51 1 0 0 0 0 23 18 0 1 15 69 16 1 37 90 29 1 69 94 34 1 67 86 25 1 39 75 14 1 0 38 0 1 0 46 0 1 0 46 0 1 0 50 8 1 22 57 5 1 20 46 32 1 21 41 19 1 30 50 45 1 0 43 22 1 0 10 7 1 27 63 27 1 57 96 57 1 37 68 25 1 5 24 0 1 22 61 48 1 49 88 62 1 0 0 0 0 24 52 40 1 52 60 56 1 57 82 48 1 30 65 21 1 53 71 34 1 38 16 32 1 62 66 44 1 66 83 33 1 0 0 0 0 60 79 38 1 73 70 39 1 155 153 105 1 163 148 110 1 150 169 85 1 120 142 75 1 137 132 108 1 128 124 91 1 128 122 78 1 95 102 29 1 42 73 58 1 44 53 23 1 54 53 28 1 122 126 78 1 75 98 86 1
43 53 14 1 96 105 66 1 72 114 63 1 20 43 19 1 41 53 0 1 1 34 0 1 43 47 28 1 58 46 28 1 27 45 33 1 49 50 22 1 44 46 34 1 21 36 7 1 31 34 37 1 23 53 15 1 51 42 22 1 80 113 51 1 92 77 83 1 50 88 35 1 40 83 34 1 98 111 82 1 83 77 59 1 26 69 35 1 0 0 0 0 17 45 12 1 0 0 0 0 0 0 0 0 33 84 31 1 62 75 34 1 28 47 23 1 0 26 5 1 25 36 19 1 7 25 0 1 9 21 0 1 0 49 32 1 0 0 0 0 0 16 15 1 64 56 19 1 44 52 30 1 50 69 82 1 24 68 37 1 16 29 46 1 31 80 31 1 13 65 23 1 17 37 32 1 2 33 5 1 0 0 0 0 0 0 0 0 54 75 46 1 89 106 44 1 0 0 0 0 100 110 24 1 117 144 68 1 108 110 57 1 146 132 104 1 124 117 86 1 91 65 41 1 100 106 56 1 115 119 74 1 77 87 41 1 21 59 7 1 78 102 54 1 107 138 77 1 117 103 40 1 84 114 55 1 22 70 54 1
59 60 48 1 89 104 37 1 80 132 64 1 13 36 0 1 34 97 62 1 0 0 0 0 29 51 17 1 0 0 0 0 11 50 0 1 0 35 5 1 6 70 24 1 3 32 0 1 29 55 13 1 0 34 3 1 20 42 29 1 26 60 19 1 51 74 49 1 38 51 38 1 0 0 0 0 81 95 44 1 0 0 0 0 0 46 11 1 16 36 0 1 0 15 0 1 23 70 58 1 26 75 21 1 40 70 36 1 65 91 27 1 54 109 64 1 18 75 42 1 7 39 31 1 11 5 0 1 13 64 27 1 0 0 0 0 0 0 0 0 0 0 0 0 36 25 32 1 13 57 17 1 0 19 9 1 41 53 45 1 46 87 20 1 2 55 14 1 46 69 30 1 46 54 45 1 0 24 11 1 20 36 43 1 28 61 8 1 98 84 59 1 0 0 0 0 98 88 85 1 0 0 0 0 113 153 44 1 0 0 0 0 161 130 84 1 99 129 73 1 89 126 49 1 93 82 24 1 73 55 17 1 14 35 21 1 71 90 47 1 104 77 31 1 91 82 56 1 47 73 27 1 33 43 26 1 17 47 0 1
99 103 63 1 110 119 98 1 75 68 57 1 26 30 0 1 0 0 0 0 35 54 27 1 106 114 104 1 86 97 65 1 68 78 54 1 2 45 27 1 0 29 17 1 1 16 13 1 18 21 13 1 0 37 0 1 10 23 31 1 0 0 0 0 65 63 56 1 106 74 45 1 46 60 37 1 59 63 5 1 24 43 21 1 3 45 0 1 0 0 0 0 37 69 27 1 57 96 85 1 53 102 59 1 46 96 33 1 35 79 31 1 80 94 89 1 34 79 39 1 0 0 0 0 0 0 0 0 56 42 28 1 24 49 30 1 71 71 36 1 28 60 37 1 11 42 25 1 20 25 17 1 0 0 0 0 17 42 14 1 5 59 36 1 31 59 35 1 78 104 85 1 5 23 0 1 5 37 32 1 10 33 20 1 49 52 44 1 87 85 33 1 102 133 39 1 89 121 90 1 101 115 73 1 147 115 42 1 131 122 62 1 123 103 84 1 74 75 82 1 106 104 83 1 74 76 55 1 50 62 26 1 36 58 37 1 29 51 28 1 28 38 12 1 1 41 27 1 9 39 0 1 39 40 12 1 0 39 0 1
111 110 79 1 75 68 32 1 0 0 0 0 42 65 26 1 35 45 11 1 0 0 0 0 47 78 68 1 36 63 9 1 55 91 67 1 55 45 13 1 0 60 32 1 0 38 10 1 32 21 12 1 16 5 7 1 0 40 31 1 37 73 46 1 30 65 60 1 73 52 72 1 37 55 49 1 58 58 43 1 27 68 32 1 0 0 0 0 13 56 49 1 27 61 38 1 5 47 23 1 29 63 8 1 18 66 25 1 21 87 26 1 0 0 0 0 37 48 56 1 0 14 17 1 33 40 33 1 30 86 50 1 84 107 26 1 28 42 27 1 21 15 0 1 28 9 41 1 0 20 5 1 4 42 7 1 0 0 0 0 0 0 0 0 24 64 5 1 55 92 47 1 10 34 11 1 39 46 63 1 38 72 28 1 71 107 77 1 68 89 69 1 57 52 44 1 44 87 39 1 101 98 39 1 104 118 90 1 112 129 69 1 100 102 49 1 75 72 55 1 57 87 47 1 57 45 16 1 30 40 0 1 42 45 17 1 14 52 33 1 15 0 8 1 12 45 33 1 46 75 69 1 88 117 108 1 20 66 39 1
63 76 61 1 39 57 51 1 0 0 0 0 0 0 0 0 0 0 0 0 36 82 14 1 35 75 64 1 31 70 40 1 25 70 35 1 9 44 16 1 0 13 8 1 22 31 37 1 2 38 28 1 7 17 0 1 6 29 0 1 54 80 90 1 25 39 30 1 62 97 78 1 36 102 34 1 0 0 0 0 18 59 34 1 38 68 33 1 19 48 49 1 12 69 28 1 19 58 51 1 49 45 23 1 32 52 2 1 24 52 11 1 0 0 0 0 29 61 31 1 0 32 21 1 0 0 0 0 8 30 6 1 50 52 30 1 43 54 40 1 0 44 0 1 0 33 0 1 0 4 15 1 0 8 47 1 0 0 0 0 0 0 0 0 1 8 10 1 55 66 40 1 35 74 61 1 50 49 17 1 33 63 44 1 0 0 0 0 35 60 0 1 52 71 18 1 0 0 0 0 37 46 24 1 41 71 15 1 65 99 59 1 59 74 36 1 54 68 21 1 61 63 24 1 30 36 20 1 59 59 66 1 0 0 0 0 48 29 16 1 1 18 0 1 41 67 51 1 65 86 47 1 87 111 90 1 50 62 61 1
0 63 0 1 118 139 115 1 65 123 48 1 59 89 49 1 0 48 37 1 38 87 63 1 30 53 37 1 0 0 0 0 68 83 31 1 0 48 18 1 7 36 26 1 3 30 5 1 18 33 9 1 19 45 2 1 7 14 32 1 23 40 20 1 23 12 0 1 10 54 20 1 12 59 32 1 40 42 27 1 18 48 30 1 71 91 61 1 0 0 0 0 0 0 0 0 0 0 0 0 2 24 15 1 7 47 2 1 9 54 3 1 2 29 15 1 29 49 5 1 0 15 14 1 1 33 13 1 0 0 0 0 33 58 36 1 30 86 48 1 21 56 31 1 17 50 29 1 22 20 19 1 37 57 50 1 25 32 28 1 0 9 0 1 40 20 25 1 66 70 60 1 37 64 67 1 26 49 6 1 45 63 37 1 32 75 41 1 64 50 31 1 91 69 62 1 82 99 41 1 57 50 8 1 86 75 64 1 65 83 26 1 51 67 29 1 36 62 30 1 71 41 8 1 7 35 4 1 5 18 5 1 0 0 0 0 31 50 0 1 0 0 0 0 32 61 37 1 0 15 1 1 47 66 41 1 56 77 65 1
0 10 0 1 73 110 69 1 81 89 56 1 43 31 27 1 0 30 0 1 0 29 0 1 6 55 13 1 10 43 12 1 9 44 17 1 14 71 36 1 15 20 0 1 2 48 40 1 0 39 14 1 0 40 0 1 19 30 10 1 0 21 4 1 0 0 0 0 0 0 13 1 14 23 19 1 38 52 38 1 20 41 15 1 45 52 43 1 37 67 80 1 36 32 38 1 0 20 0 1 16 44 12 1 17 57 26 1 17 69 32 1 2 47 39 1 0 0 0 0 19 52 23 1 0 17 0 1 46 62 21 1 13 43 0 1 0 0 0 0 11 35 1 1 33 32 13 1 21 50 52 1 55 47 36 1 26 0 15 1 10 0 0 1 25 33 24 1 25 79 31 1 57 65 57 1 30 41 0 1 0 0 0 0 0 0 0 0 92 101 67 1 91 90 41 1 58 87 53 1 32 44 27 1 130 101 92 1 97 120 73 1 75 80 55 1 60 85 37 1 57 53 13 1 51 107 36 1 67 71 47 1 0 0 0 0 77 69 34 1 42 49 13 1 41 61 35 1 0 38 10 1 0 42 9 1 49 78 38 1
23 21 9 1 28 48 34 1 59 75 69 1 9 51 14 1 1 64 39 1 39 56 0 1 0 14 0 1 0 0 0 0 7 8 28 1 0 0 0 0 3 23 23 1 0 52 15 1 0 43 31 1 18 14 0 1 23 20 0 1 0 0 0 0 68 68 61 1 28 47 30 1 0 16 30 1 34 69 25 1 16 45 0 1 0 36 0 1 0 26 4 1 22 61 1 1 20 7 0 1 4 52 2 1 19 48 17 1 19 41 28 1 45 25 46 1 23 68 49 1 20 33 17 1 2 42 11 1 0 0 0 0 18 48 14 1 15 40 31 1 21 35 16 1 59 81 66 1 37 76 26 1 51 53 34 1 3 32 33 1 0 5 1 1 38 39 41 1 52 100 76 1 0 0 0 0 6 35 0 1 38 40 48 1 85 91 51 1 85 96 40 1 40 87 39 1 81 84 33 1 38 73 7 1 95 75 50 1 80 68 41 1 68 66 13 1 77 84 23 1 101 78 59 1 120 105 59 1 120 134 86 1 134 158 120 1 122 108 79 1 66 93 36 1 37 46 38 1 0 9 0 1 33 46 4 1 18 31 19 1
46 40 3 1 34 62 18 1 51 77 53 1 32 38 50 1 4 29 28 1 17 50 39 1 0 57 14 1 5 11 4 1 0 0 0 0 0 30 22 1 0 59 27 1 0 18 25 1 0 0 0 0 14 45 12 1 19 43 0 1 0 0 0 0 69 95 47 1 33 21 30 1 0 37 20 1 47 50 13 1 14 33 13 1 17 5 14 1 0 0 0 0 46 48 41 1 28 33 41 1 4 21 2 1 3 5 0 1 1 30 18 1 45 81 36 1 27 42 57 1 27 59 34 1 43 35 43 1 83 85 62 1 69 87 58 1 30 48 9 1 29 55 30 1 39 65 43 1 30 46 38 1 43 55 32 1 0 15 12 1 16 21 0 1 32 58 27 1 43 71 85 1 48 66 58 1 37 46 0 1 0 8 0 1 0 29 21 1 7 26 9 1 58 38 20 1 69 96 66 1 71 57 12 1 0 0 0 0 0 0 0 0 58 61 16 1 78 107 11 1 97 131 64 1 114 153 82 1 109 133 93 1 118 96 88 1 112 121 70 1 107 140 85 1 0 0 0 0 0 26 0 1 0 56 32 1 4 43 31 1
25 29 0 1 57 52 0 1 9 49 40 1 18 25 3 1 0 14 0 1 30 49 38 1 3 32 0 1 0 37 26 1 0 20 24 1 0 0 0 0 0 15 12 1 15 25 21 1 18 39 21 1 0 32 3 1 45 48 28 1 53 106 56 1 40 83 74 1 48 70 32 1 19 32 9 1 15 30 29 1 20 58 6 1 6 0 0 1 45 49 48 1 72 89 57 1 36 56 38 1 0 0 0 0 16 51 9 1 21 78 26 1 82 72 52 1 44 54 29 1 0 31 11 1 0 30 15 1 0 31 28 1 0 21 0 1 0 0 0 1 0 13 0 1 0 34 0 1 29 51 46 1 53 51 42 1 14 23 0 1 70 92 79 1 63 84 50 1 55 59 70 1 48 71 55 1 0 9 3 1 67 80 59 1 45 57 50 1 40 37 31 1 31 60 9 1 16 21 0 1 22 30 0 1 116 109 66 1 139 147 92 1 157 154 91 1 0 0 0 0 101 120 45 1 116 144 58 1 109 114 70 1 96 99 48 1 46 79 20 1 22 45 2 1 9 35 9 1 36 78 15 1 74 82 69 1 60 63 66 1
97 110 66 1 68 84 93 1 67 106 63 1 18 42 43 1 22 43 20 1 15 23 28 1 0 25 0 1 7 34 0 1 11 37 27 1 41 36 36 1 0 18 21 1 23 44 36 1 3 30 16 1 0 25 0 1 0 0 0 0 72 105 58 1 88 81 68 1 69 92 72 1 16 71 40 1 23 20 12 1 18 26 0 1 0 37 0 1 76 96 77 1 57 84 61 1 7 44 23 1 41 58 18 1 50 63 56 1 38 68 40 1 7 106 65 1 43 67 44 1 5 33 35 1 27 33 18 1 1 19 0 1 34 34 42 1 21 51 11 1 18 36 20 1 48 39 10 1 0 22 15 1 27 33 55 1 37 67 31 1 58 101 57 1 51 63 35 1 0 0 0 0 38 54 31 1 11 27 9 1 34 67 24 1 88 111 36 1 67 72 64 1 0 0 0 0 59 34 1 1 70 83 36 1 130 146 79 1 143 143 70 1 108 130 64 1 90 122 66 1 75 88 70 1 112 71 31 1 100 98 85 1 88 90 49 1 59 69 32 1 10 33 0 1 6 13 19 1 55 51 27 1 34 71 51 1 20 72 37 1
91 105 59 1 66 91 78 1 65 73 75 1 33 74 56 1 20 69 22 1 0 3 0 1 6 44 23 1 23 51 27 1 0 28 15 1 15 20 0 1 22 21 0 1 58 66 48 1 0 43 23 1 0 32 21 1 0 0 0 0 60 49 35 1 49 67 40 1 63 76 54 1 55 91 51 1 0 25 0 1 0 19 0 1 27 22 12 1 33 84 41 1 0 0 0 0 6 72 7 1 58 93 65 1 45 96 53 1 30 61 4 1 25 65 29 1 19 36 24 1 33 30 15 1 16 22 0 1 44 67 35 1 43 46 60 1 47 47 16 1 30 66 13 1 19 32 8 1 2 14 0 1 41 42 25 1 58 47 39 1 26 59 32 1 0 0 0 0 73 53 25 1 62 76 40 1 22 52 0 1 0 0 0 0 68 62 50 1 52 65 32 1 55 56 24 1 74 98 23 1 0 0 0 0 128 143 98 1 119 100 66 1 96 95 56 1 94 83 45 1 133 126 66 1 110 113 69 1 90 81 52 1 71 99 41 1 48 56 24 1 71 101 53 1 65 73 57 1 0 0 0 0 4 37 21 1 0 38 25 1
56 50 52 1 19 43 28 1 22 21 33 1 10 20 17 1 43 42 31 1 30 25 49 1 0 30 0 1 8 43 7 1 14 48 31 1 34 56 32 1 51 99 62 1 37 80 44 1 27 21 37 1 19 28 51 1 0 31 3 1 0 28 11 1 22 40 31 1 42 73 28 1 50 81 61 1 0 37 9 1 0 9 0 1 0 0 0 0 4 29 0 1 16 18 0 1 45 54 35 1 54 77 45 1 15 39 3 1 15 45 0 1 5 17 22 1 0 34 6 1 31 34 47 1 0 27 0 1 30 67 26 1 39 41 50 1 33 35 3 1 30 56 32 1 23 52 44 1 7 36 19 1 69 102 54 1 109 125 87 1 95 97 56 1 75 87 54 1 0 0 0 0 66 73 53 1 55 76 6 1 54 56 2 1 61 81 20 1 0 0 0 0 90 117 54 1 136 135 90 1 134 156 73 1 0 0 0 0 103 102 83 1 98 120 51 1 105 110 47 1 121 149 91 1 97 120 57 1 73 52 54 1 66 105 74 1 83 68 41 1 41 53 49 1 21 48 9 1 36 65 18 1 29 52 32 1 5 32 53 1
39 60 45 1 35 17 0 1 0 0 0 0 13 33 11 1 29 33 0 1 0 0 11 1 0 0 0 0 14 22 9 1 0 0 0 0 30 67 33 1 70 115 79 1 27 68 40 1 25 60 38 1 69 114 58 1 0 0 0 0 1 45 0 1 21 30 37 1 24 26 21 1 39 47 18 1 4 22 0 1 0 0 0 0 24 28 22 1 6 28 24 1 34 68 51 1 21 51 23 1 25 44 41 1 0 35 26 1 5 31 0 1 15 44 30 1 31 51 25 1 0 6 22 1 0 24 2 1 2 22 6 1 0 0 0 0 29 42 24 1 38 28 20 1 0 0 0 0 43 50 0 1 63 88 19 1 113 99 58 1 85 111 91 1 132 118 90 1 134 128 64 1 83 109 58 1 39 53 19 1 37 61 6 1 43 50 21 1 27 51 0 1 122 112 39 1 152 162 103 1 0 0 0 0 115 114 51 1 120 94 91 1 96 144 86 1 101 99 55 1 116 101 87 1 44 61 28 1 0 32 4 1 36 48 27 1 44 41 22 1 33 66 36 1 14 60 14 1 0 25 0 1 13 34 25 1 49 50 44 1
0 0 0 0 13 23 0 1 0 0 0 0 16 22 49 1 45 25 6 1 25 37 34 1 16 14 6 1 105 91 58 1 75 117 67 1 52 94 40 1 67 71 36 1 3 25 0 1 55 74 45 1 0 0 0 0 13 31 35 1 21 58 32 1 0 0 0 0 6 30 16 1 52 68 48 1 16 46 43 1 37 48 11 1 20 30 3 1 0 2 0 1 7 27 34 1 0 44 22 1 0 19 20 1 36 61 43 1 35 62 16 1 14 39 25 1 0 0 0 0 12 14 9 1 0 24 8 1 36 28 36 1 53 45 26 1 27 29 46 1 0 16 5 1 38 57 56 1 59 88 59 1 33 36 21 1 28 37 2 1 66 52 25 1 83 109 68 1 125 107 85 1 147 144 91 1 146 133 114 1 129 115 78 1 0 0 0 0 148 143 98 1 172 179 129 1 147 169 122 1 132 111 66 1 93 105 45 1 63 82 65 1 82 79 33 1 0 0 0 0 68 94 55 1 38 54 15 1 5 31 0 1 16 19 0 1 0 16 10 1 0 36 4 1 0 0 0 0 0 0 0 0 0 30 1 1 27 53 38 1
0 27 6 1 0 6 27 1 0 15 20 1 23 15 31 1 8 18 14 1 5 46 14 1 14 27 6 1 0 0 0 0 80 106 40 1 71 70 43 1 58 80 14 1 20 20 0 1 16 25 0 1 34 33 14 1 14 35 26 1 39 31 24 1 0 10 17 1 0 0 0 0 48 82 29 1 13 54 14 1 34 45 40 1 0 0 0 0 0 22 0 1 0 15 22 1 1 38 0 1 0 20 0 1 19 36 29 1 24 81 28 1 5 27 14 1 4 24 41 1 0 0 38 1 12 17 6 1 40 37 0 1 53 43 20 1 72 85 55 1 81 75 96 1 63 87 56 1 63 89 54 1 96 95 96 1 79 69 34 1 94 103 41 1 77 83 53 1 79 94 56 1 119 94 83 1 68 112 76 1 141 133 84 1 156 138 94 1 143 142 60 1 88 116 66 1 82 99 55 1 104 115 52 1 85 120 43 1 105 99 64 1 26 98 56 1 23 68 50 1 45 102 36 1 23 62 35 1 1 38 9 1 10 38 20 1 0 50 17 1 6 59 34 1 0 27 34 1 3 22 38 1 0 15 10 1 21 78 73 1
17 57 9 1 25 13 19 1 2 16 16 1 5 18 39 1 12 20 28 1 38 72 3 1 90 89 53 1 55 66 27 1 67 88 34 1 72 102 38 1 54 28 39 1 17 22 0 1 0 1 0 1 33 60 13 1 47 77 42 1 0 0 0 0 14 33 0 1 28 47 25 1 0 1 0 1 42 32 21 1 63 96 36 1 6 77 27 1 0 38 22 1 0 15 7 1 0 35 0 1 24 29 17 1 12 53 59 1 0 0 0 0 33 43 24 1 15 24 23 1 19 41 42 1 0 13 15 1 14 0 0 1 97 87 61 1 102 88 99 1 84 113 57 1 97 101 71 1 79 105 63 1 83 82 55 1 108 109 72 1 90 141 77 1 93 129 66 1 105 114 57 1 0 0 0 0 99 123 55 1 138 125 89 1 128 149 84 1 122 112 79 1 0 0 0 0 68 89 25 1 58 104 27 1 73 73 60 1 39 59 55 1 33 51 19 1 25 28 11 1 33 54 55 1 24 34 4 1 4 52 35 1 0 60 19 1 0 51 11 1 0 0 0 0 0 0 0 0 34 74 45 1 23 55 57 1 66 82 70 1
5 42 15 1 18 19 14 1 24 26 8 1 19 54 17 1 0 0 0 0 75 89 48 1 79 81 44 1 0 0 0 0 46 76 31 1 74 72 38 1 39 52 16 1 24 39 32 1 21 28 46 1 21 61 16 1 46 70 25 1 0 0 0 0 30 55 6 1 7 38 0 1 9 15 0 1 32 25 7 1 24 49 26 1 20 67 24 1 35 45 62 1 2 82 34 1 27 37 33 1 0 29 11 1 2 45 46 1 14 41 0 1 3 24 4 1 0 0 0 0 0 0 0 0 9 0 16 1 11 54 30 1 39 51 68 1 38 75 64 1 99 106 58 1 53 64 38 1 77 78 54 1 91 126 111 1 102 102 64 1 69 104 59 1 78 82 36 1 90 86 30 1 94 116 35 1 107 121 45 1 0 0 0 0 117 85 89 1 105 116 83 1 74 104 71 1 76 117 75 1 63 72 47 1 12 37 4 1 36 75 31 1 35 83 42 1 16 42 43 1 2 46 23 1 9 35 14 1 21 64 21 1 23 69 31 1 15 56 16 1 36 60 60 1 0 0 0 0 72 102 60 1 0 0 0 0 0 0 0 0
19 32 41 1 6 32 14 1 12 19 10 1 5 40 30 1 62 65 27 1 70 104 66 1 87 98 56 1 1 45 0 1 57 71 20 1 48 65 34 1 0 0 0 0 17 55 38 1 0 0 0 0 12 36 12 1 24 53 44 1 51 84 51 1 26 42 46 1 0 50 34 1 10 0 0 1 56 34 26 1 26 51 0 1 4 8 16 1 38 43 57 1 8 15 0 1 0 0 0 0 0 0 0 0 13 49 19 1 0 32 35 1 0 20 22 1 0 14 6 1 2 32 48 1 0 0 0 0 14 61 16 1 66 74 32 1 62 75 57 1 77 54 27 1 70 73 61 1 74 67 36 1 110 72 47 1 83 71 23 1 92 81 26 1 74 67 6 1 80 71 14 1 117 93 64 1 91 98 61 1 82 88 35 1 81 66 42 1 126 110 47 1 100 126 85 1 69 101 42 1 34 63 36 1 25 70 5 1 19 52 19 1 1 60 17 1 2 36 17 1 12 7 15 1 1 21 14 1 24 46 22 1 0 0 0 0 31 81 84 1 61 104 63 1 62 73 57 1 31 52 29 1 0 0 0 0 51 47 12 1
8 64 33 1 13 48 33 1 27 20 24 1 39 53 30 1 66 67 58 1 94 82 75 1 0 0 0 0 26 30 5 1 57 77 43 1 84 94 45 1 34 32 1 1 24 63 38 1 4 31 7 1 33 28 24 1 40 68 24 1 0 0 0 0 15 59 32 1 0 18 10 1 0 7 12 1 3 18 8 1 3 21 33 1 20 29 28 1 59 72 34 1 24 76 42 1 0 0 0 0 55 55 59 1 44 54 57 1 12 32 33 1 7 18 0 1 0 0 0 0 0 16 14 1 14 20 18 1 15 42 15 1 66 95 50 1 52 85 50 1 72 90 37 1 138 120 63 1 111 113 73 1 69 98 13 1 74 97 50 1 0 0 0 0 46 77 22 1 85 104 49 1 85 119 55 1 81 96 29 1 82 101 14 1 71 81 36 1 0 0 0 0 81 80 55 1 43 47 31 1 6 23 18 1 14 62 0 1 21 64 51 1 47 62 41 1 15 71 48 1 45 80 22 1 37 101 56 1 0 0 0 0 45 60 46 1 0 0 0 0 30 41 26 1 25 30 29 1 61 43 32 1 38 53 50 1 95 73 75 1
28 66 56 1 0 56 53 1 15 58 39 1 28 67 27 1 53 89 25 1 0 0 0 0 0 0 0 0 35 60 34 1 87 53 36 1 52 85 41 1 27 40 0 1 0 0 0 0 0 10 0 1 45 56 42 1 36 72 47 1 26 62 28 1 12 59 12 1 29 48 49 1 16 51 19 1 15 50 41 1 0 0 0 0 32 44 39 1 30 43 17 1 14 44 8 1 32 57 13 1 32 37 31 1 0 41 2 1 0 24 33 1 5 31 28 1 4 12 0 1 0 13 18 1 20 31 9 1 82 135 92 1 146 142 109 1 126 143 82 1 91 87 68 1 75 125 47 1 83 91 41 1 57 59 19 1 66 96 35 1 50 79 21 1 42 63 16 1 70 73 30 1 61 84 18 1 55 64 26 1 57 60 24 1 35 71 25 1 58 77 62 1 64 77 40 1 16 81 4 1 46 57 22 1 59 67 44 1 59 101 61 1 49 55 53 1 50 69 63 1 58 93 67 1 61 91 55 1 48 64 25 1 62 48 34 1 43 65 50 1 88 97 94 1 117 100 103 1 155 148 124 1 131 161 137 1 152 142 161 1
0 23 0 1 0 0 0 0 0 65 0 1 30 40 28 1 78 58 25 1 0 0 0 0 48 84 38 1 59 63 35 1 0 0 0 0 63 81 32 1 42 56 29 1 0 0 0 0 46 76 24 1 56 103 51 1 39 53 27 1 2 39 4 1 23 28 15 1 32 12 7 1 45 66 48 1 11 39 37 1 0 6 6 1 15 60 26 1 1 2 0 1 46 18 14 1 25 58 56 1 25 50 21 1 0 14 0 1 2 47 19 1 9 12 1 1 6 54 19 1 30 53 17 1 52 98 60 1 124 131 107 1 122 121 109 1 114 120 86 1 96 102 94 1 82 97 40 1 44 79 34 1 58 87 30 1 52 83 57 1 0 0 0 0 65 80 62 1 67 79 42 1 57 77 57 1 5 71 0 1 57 67 47 1 37 36 40 1 23 64 43 1 15 48 37 1 44 75 49 1 49 100 31 1 51 51 58 1 27 34 38 1 31 69 44 1 0 0 0 0 39 71 12 1 22 0 23 1 0 0 0 0 67 71 51 1 72 86 48 1 98 96 69 1 112 133 97 1 142 160 128 1 180 174 135 1 231 222 148 1
0 18 0 1 12 26 26 1 4 13 19 1 0 23 0 1 29 38 0 1 0 0 0 0 55 105 43 1 76 67 50 1 75 69 54 1 57 89 48 1 37 71 28 1 50 52 14 1 52 111 20 1 0 0 0 0 0 45 23 1 16 41 6 1 41 36 14 1 26 10 0 1 13 30 30 1 0 14 24 1 15 30 25 1 7 28 33 1 9 19 32 1 8 48 19 1 17 53 41 1 9 17 26 1 0 0 0 0 14 31 17 1 5 22 5 1 0 66 7 1 60 38 25 1 0 0 0 0 95 113 65 1 92 106 69 1 87 96 64 1 73 100 42 1 0 0 0 0 61 61 0 1 87 87 70 1 0 0 0 0 37 50 42 1 137 134 130 1 116 123 135 1 76 115 25 1 35 46 40 1 37 53 52 1 0 0 0 0 13 24 30 1 30 76 38 1 68 57 36 1 82 89 73 1 0 0 0 0 178 195 162 1 111 121 117 1 44 58 60 1 123 120 95 1 142 155 132 1 174 175 161 1 151 131 87 1 107 118 100 1 93 106 63 1 0 0 0 0 116 116 89 1 105 108 66 1 101 107 50 1
9 52 61 1 9 23 35 1 0 0 0 0 9 45 6 1 57 95 37 1 95 93 69 1 53 81 32 1 72 72 3 1 60 76 27 1 24 49 17 1 20 37 0 1 0 12 9 1 0 2 19 1 9 50 17 1 21 71 29 1 42 48 8 1 22 58 27 1 0 36 16 1 11 47 28 1 0 22 5 1 4 3 32 1 15 18 7 1 3 42 0 1 25 47 43 1 28 30 33 1 1 0 2 1 27 29 34 1 29 22 10 1 6 0 0 1 35 12 0 1 31 58 21 1 11 71 40 1 65 88 51 1 26 77 39 1 75 58 9 1 62 67 53 1 78 112 46 1 60 78 42 1 61 87 38 1 56 62 52 1 19 54 10 1 117 70 72 1 89 94 79 1 44 76 55 1 57 86 59 1 42 53 59 1 31 67 82 1 45 102 93 1 69 81 94 1 60 131 90 1 0 0 0 0 206 196 203 1 166 139 160 1 124 151 100 1 145 153 128 1 251 239 224 1 178 194 157 1 172 166 127 1 140 134 84 1 125 91 47 1 82 91 68 1 95 78 34 1 57 64 38 1 44 78 33 1 52 83 53 1
3 59 38 1 35 38 33 1 11 38 19 1 20 30 30 1 58 66 35 1 83 127 61 1 81 42 41 1 1 50 1 1 22 39 0 1 6 6 10 1 0 0 0 0 8 13 0 1 19 48 20 1 21 50 25 1 51 66 61 1 10 57 38 1 20 39 59 1 43 34 40 1 0 19 4 1 17 51 46 1 36 51 18 1 0 42 14 1 0 0 0 0 36 20 0 1 42 93 86 1 33 64 36 1 0 21 26 1 9 9 20 1 0 0 0 0 13 35 5 1 29 36 22 1 63 71 45 1 31 86 59 1 41 74 61 1 39 106 30 1 53 70 46 1 91 94 77 1 100 82 64 1 26 45 23 1 29 53 30 1 44 34 37 1 61 59 47 1 21 29 3 1 35 40 63 1 33 38 64 1 56 65 89 1 65 95 114 1 0 0 0 0 26 86 120 1 27 72 90 1 102 93 91 1 0 0 0 0 102 103 117 1 116 110 122 1 88 90 81 1 119 118 107 1 65 85 50 1 118 150 104 1 0 0 0 0 75 68 9 1 64 82 36 1 63 101 26 1 52 67 32 1 67 69 57 1 55 89 42 1
52 88 57 1 50 92 56 1 79 101 40 1 71 48 28 1 0 0 0 0 60 82 55 1 25 51 25 1 0 0 0 0 43 60 54 1 19 61 37 1 28 38 7 1 26 33 12 1 0 0 0 0 108 99 120 1 75 63 59 1 0 0 0 0 0 31 41 1 0 0 0 0 3 23 11 1 29 34 1 1 22 50 45 1 24 46 1 1 15 46 21 1 0 32 0 1 44 42 37 1 0 33 0 1 0 19 25 1 0 0 0 1 22 2 25 1 6 59 40 1 53 92 79 1 67 110 56 1 42 57 38 1 89 112 62 1 81 84 78 1 61 79 23 1 47 75 24 1 52 74 48 1 49 66 41 1 49 62 55 1 66 85 27 1 60 78 35 1 59 59 34 1 73 74 71 1 0 0 0 0 65 63 112 1 89 112 143 1 0 0 0 0 41 89 90 1 38 83 96 1 45 59 81 1 71 67 73 1 63 42 70 1 92 78 92 1 74 83 69 1 0 0 0 0 124 126 95 1 117 135 79 1 58 64 32 1 61 82 51 1 38 64 37 1 50 70 15 1 43 59 19 1 30 29 10 1 34 54 42 1
88 105 65 1 26 59 36 1 47 69 29 1 53 41 18 1 58 61 18 1 30 45 41 1 31 65 27 1 79 92 43 1 76 117 101 1 80 72 58 1 27 30 17 1 55 76 60 1 75 113 113 1 82 109 109 1 58 73 85 1 79 70 85 1 2 37 31 1 0 0 0 1 40 58 48 1 142 154 113 1 104 111 108 1 95 124 62 1 0 0 0 0 38 53 0 1 79 83 75 1 20 45 35 1 12 21 22 1 0 23 14 1 0 0 0 0 12 24 38 1 46 28 22 1 11 45 25 1 28 66 25 1 62 56 29 1 28 78 57 1 27 82 19 1 81 91 51 1 36 53 21 1 97 88 70 1 59 108 84 1 77 95 66 1 56 91 62 1 29 35 46 1 50 70 58 1 85 110 115 1 55 87 115 1 0 0 0 0 24 54 70 1 50 69 76 1 19 28 29 1 68 63 74 1 71 81 69 1 42 46 51 1 41 24 34 1 108 86 79 1 0 0 0 0 145 163 102 1 108 133 56 1 0 0 0 0 82 96 31 1 40 62 20 1 64 96 35 1 0 0 0 0 49 62 59 1 21 45 37 1
23 58 23 1 69 58 12 1 73 82 28 1 0 0 0 0 0 0 0 0 68 58 48 1 0 0 0 0 63 58 65 1 53 68 72 1 2 25 24 1 29 52 32 1 123 78 110 1 92 116 124 1 67 74 83 1 30 52 56 1 11 36 28 1 40 57 47 1 34 61 53 1 72 100 56 1 218 237 244 1 209 213 190 1 124 147 105 1 85 103 68 1 80 82 32 1 88 110 91 1 33 90 67 1 13 38 42 1 16 25 38 1 17 33 19 1 28 43 13 1 20 61 48 1 60 59 61 1 63 68 42 1 21 24 0 1 6 26 0 1 31 65 52 1 30 60 39 1 40 82 47 1 70 77 63 1 60 70 39 1 43 59 27 1 54 61 41 1 11 39 62 1 116 101 80 1 80 90 104 1 57 67 102 1 37 54 51 1 5 57 65 1 63 78 110 1 150 186 174 1 0 0 0 0 213 225 176 1 90 148 116 1 193 175 178 1 191 218 195 1 0 0 0 0 188 192 164 1 189 191 162 1 0 0 0 0 55 68 41 1 54 95 56 1 52 65 73 1 62 97 101 1 76 87 78 1 56 90 107 1
61 72 46 1 57 100 71 1 93 99 67 1 88 102 79 1 58 72 44 1 40 41 0 1 0 0 0 0 23 65 38 1 55 77 57 1 76 105 120 1 83 114 90 1 79 92 106 1 47 46 60 1 46 51 37 1 22 17 26 1 0 0 0 0 51 38 48 1 81 100 68 1 148 145 115 1 243 255 231 1 255 255 211 1 190 207 179 1 106 133 61 1 105 126 78 1 55 95 50 1 12 30 0 1 26 33 28 1 47 19 41 1 14 42 49 1 23 45 42 1 26 29 44 1 54 88 55 1 37 86 36 1 37 46 6 1 11 51 25 1 64 44 26 1 70 74 76 1 0 0 0 0 96 99 83 1 77 106 62 1 36 29 0 1 20 24 1 1 70 79 61 1 112 118 97 1 77 73 41 1 33 54 28 1 49 69 66 1 119 157 149 1 236 255 254 1 243 247 255 1 234 251 235 1 224 248 212 1 210 223 155 1 242 241 170 1 236 208 189 1 143 141 117 1 127 134 96 1 98 127 88 1 83 94 87 1 34 53 51 1 65 97 81 1 61 105 96 1 87 112 110 1 37 71 98 1 47 60 76 1
0 0 0 0 76 69 44 1 68 71 62 1 91 103 87 1 87 106 98 1 62 66 45 1 58 66 40 1 49 65 60 1 62 101 125 1 118 111 111 1 94 125 114 1 70 106 87 1 69 85 70 1 0 0 0 0 51 59 46 1 207 205 182 1 255 241 217 1 236 244 232 1 234 255 211 1 255 239 190 1 138 139 67 1 61 68 37 1 69 87 50 1 101 114 76 1 115 108 84 1 48 74 35 1 51 79 64 1 0 64 46 1 10 47 38 1 49 60 58 1 61 87 67 1 119 91 82 1 99 112 74 1 66 97 68 1 34 53 5 1 42 66 49 1 89 116 71 1 82 75 80 1 73 136 95 1 86 131 88 1 41 32 19 1 25 56 1 1 84 55 37 1 57 49 42 1 94 142 82 1 159 167 138 1 193 206 203 1 255 255 255 1 251 252 248 1 227 222 185 1 248 243 224 1 255 219 240 1 232 255 194 1 206 189 170 1 129 126 125 1 0 0 0 0 72 79 74 1 51 71 46 1 59 78 46 1 65 78 69 1 84 87 86 1 70 29 113 1 87 98 135 1 83 94 102 1 46 80 104 1
53 58 55 1 39 62 24 1 29 29 11 1 54 81 78 1 78 104 95 1 54 89 95 1 64 80 61 1 17 52 36 1 76 66 83 1 64 69 87 1 102 105 87 1 56 35 75 1 29 25 16 1 19 6 15 1 90 96 83 1 250 243 194 1 241 224 202 1 183 187 166 1 134 137 91 1 128 126 80 1 62 66 23 1 57 52 9 1 0 0 0 0 62 85 56 1 77 122 103 1 9 46 8 1 27 59 31 1 0 0 0 0 6 29 0 1 28 60 21 1 72 101 105 1 107 105 109 1 0 0 0 0 46 70 39 1 44 65 61 1 60 73 65 1 115 123 113 1 0 0 0 0 76 94 94 1 19 73 48 1 46 15 0 1 56 28 31 1 95 60 68 1 224 165 173 1 236 235 226 1 229 230 190 1 0 0 0 0 255 243 231 1 240 255 224 1 254 233 218 1 255 247 217 1 201 197 156 1 159 192 138 1 124 139 131 1 109 96 102 1 42 77 51 1 58 56 62 1 39 69 69 1 40 58 55 1 11 41 56 1 45 53 81 1 81 139 96 1 66 108 78 1 38 75 69 1 54 50 86 1
73 78 76 1 73 81 70 1 30 58 43 1 24 33 13 1 0 0 0 0 53 82 113 1 67 69 68 1 0 0 0 0 71 75 82 1 0 0 0 0 31 80 86 1 12 51 41 1 46 52 47 1 77 76 70 1 113 122 104 1 114 120 97 1 93 75 52 1 77 71 30 1 66 51 35 1 109 103 40 1 67 66 4 1 0 0 0 0 17 41 0 1 36 31 12 1 0 0 0 0 1 44 0 1 0 0 0 0 36 46 29 1 0 0 0 0 40 61 42 1 77 104 65 1 36 53 20 1 46 45 45 1 71 65 75 1 103 105 101 1 0 0 0 0 0 0 0 0 57 76 80 1 25 70 32 1 57 39 54 1 15 16 31 1 102 69 61 1 146 125 137 1 255 247 223 1 243 231 175 1 255 216 225 1 229 210 178 1 207 207 155 1 238 234 203 1 236 242 204 1 255 255 189 1 169 142 108 1 117 148 105 1 99 96 82 1 77 76 59 1 37 60 44 1 44 51 76 1 43 70 96 1 16 47 74 1 43 61 88 1 44 98 125 1 46 78 69 1 74 60 78 1 102 130 115 1 56 102 89 1
59 79 69 1 50 70 64 1 56 80 62 1 95 108 73 1 65 84 53 1 9 30 24 1 8 59 44 1 25 35 51 1 73 57 71 1 58 69 85 1 31 53 64 1 49 40 75 1 61 71 61 1 143 122 105 1 156 169 124 1 90 89 35 1 31 35 0 1 56 55 8 1 54 59 0 1 48 80 41 1 35 18 15 1 67 69 23 1 100 104 98 1 133 164 112 1 81 105 74 1 45 76 37 1 13 41 35 1 18 51 21 1 18 56 36 1 23 49 31 1 60 67 46 1 2 37 26 1 50 58 34 1 71 78 47 1 60 58 79 1 44 76 53 1 77 85 82 1 49 71 112 1 42 66 62 1 40 54 49 1 36 46 66 1 132 118 142 1 162 177 153 1 211 211 161 1 215 212 167 1 217 188 151 1 152 164 124 1 244 255 247 1 249 251 220 1 213 198 160 1 166 145 104 1 147 136 91 1 173 162 180 1 49 74 66 1 50 70 32 1 81 69 119 1 0 0 0 0 74 103 144 1 93 93 167 1 0 20 9 1 17 14 33 1 88 88 107 1 4 36 27 1 137 143 128 1 219 225 245 1