3
657 1637 93 64
13 64 123 1 15 73 110 1 32 78 126 1 30 66 102 1 23 84 117 1 23 70 114 1 19 57 122 1 19 62 145 1 27 43 97 1 33 68 104 1 0 0 0 0 29 51 109 1 23 78 94 1 19 48 98 1 50 62 104 1 20 61 110 1 26 63 96 1 44 66 113 1 17 59 114 1 9 79 104 1 7 59 99 1 26 57 117 1 0 0 0 0 16 69 115 1 22 48 94 1 13 36 105 1 23 89 98 1 25 30 93 1 21 66 96 1 16 64 119 1 18 66 106 1 13 71 107 1 26 65 120 1 0 87 135 1 18 50 114 1 0 0 0 0 26 62 81 1 28 43 111 1 12 44 141 1 25 66 121 1 12 65 113 1 35 59 113 1 14 55 120 1 51 72 109 1 37 72 102 1 41 33 112 1 12 39 90 1 36 63 147 1 29 69 128 1 12 44 117 1 4 48 97 1 29 59 126 1 58 72 115 1 20 54 105 1 33 66 105 1 11 47 107 1 17 46 111 1 0 0 0 0 19 75 128 1 42 35 125 1 26 71 122 1 24 53 131 1 26 59 114 1 22 71 141 1
21 53 124 1 27 68 114 1 24 81 105 1 37 51 97 1 10 48 107 1 70 68 123 1 0 0 0 0 41 52 115 1 33 63 101 1 9 53 108 1 31 61 105 1 31 58 98 1 25 74 111 1 33 60 85 1 43 60 117 1 33 46 121 1 16 51 114 1 18 68 101 1 36 46 97 1 33 83 125 1 10 83 105 1 35 39 106 1 11 50 95 1 33 54 110 1 7 53 111 1 26 62 103 1 35 53 96 1 37 74 99 1 48 29 106 1 26 44 91 1 41 36 113 1 17 48 100 1 24 37 84 1 18 61 100 1 34 75 126 1 27 80 92 1 0 0 0 0 0 0 0 0 25 61 112 1 36 71 120 1 9 60 124 1 17 63 115 1 6 46 102 1 40 33 128 1 7 56 109 1 45 58 135 1 0 0 0 0 35 64 108 1 32 76 106 1 21 55 106 1 10 98 134 1 14 56 121 1 34 79 109 1 37 68 105 1 27 73 111 1 20 52 92 1 26 95 133 1 25 87 101 1 23 58 124 1 29 81 89 1 22 65 79 1 13 57 140 1 44 58 112 1 46 76 109 1
14 49 102 1 0 0 0 0 21 87 122 1 13 48 102 1 23 57 105 1 24 55 121 1 6 41 118 1 38 44 96 1 0 0 0 0 0 0 0 0 26 62 95 1 35 69 83 1 38 69 109 1 8 83 97 1 38 67 115 1 26 55 88 1 15 66 104 1 18 67 89 1 16 54 75 1 31 45 97 1 13 51 100 1 23 63 132 1 41 66 117 1 33 67 86 1 19 56 103 1 16 70 99 1 42 54 107 1 27 64 107 1 22 45 89 1 5 59 102 1 30 34 91 1 18 65 90 1 15 68 105 1 15 65 96 1 0 0 0 0 34 79 92 1 58 81 124 1 5 58 104 1 28 51 98 1 9 57 90 1 51 32 115 1 0 48 134 1 0 0 0 0 28 65 111 1 34 36 111 1 40 47 99 1 44 57 101 1 20 54 118 1 0 0 0 0 14 52 96 1 18 65 107 1 39 59 105 1 43 61 126 1 30 73 124 1 0 0 0 0 6 73 103 1 38 71 88 1 0 0 0 0 25 58 119 1 32 54 110 1 23 26 126 1 17 61 111 1 21 36 139 1 31 70 114 1
38 60 122 1 38 69 133 1 40 54 149 1 26 72 132 1 7 72 136 1 35 66 111 1 44 64 99 1 39 58 121 1 35 74 99 1 12 82 112 1 0 0 0 0 36 75 78 1 3 65 114 1 30 70 113 1 0 0 0 0 14 91 98 1 14 68 116 1 4 67 105 1 0 0 0 0 35 54 102 1 22 77 72 1 27 73 90 1 9 57 112 1 24 75 119 1 12 56 86 1 51 47 88 1 21 50 100 1 24 81 101 1 11 70 93 1 25 63 95 1 5 59 82 1 35 56 87 1 20 61 100 1 8 59 84 1 5 45 101 1 25 64 100 1 0 0 0 0 25 66 114 1 6 46 125 1 0 0 0 0 26 35 94 1 60 79 120 1 18 62 114 1 39 58 128 1 30 56 132 1 41 39 101 1 17 54 115 1 20 60 115 1 0 53 110 1 9 59 114 1 7 79 120 1 37 66 113 1 8 68 104 1 0 0 0 0 20 38 100 1 13 68 117 1 13 54 91 1 36 68 100 1 4 74 119 1 42 44 111 1 54 78 101 1 49 43 125 1 18 59 114 1 46 60 114 1
30 80 98 1 45 51 123 1 48 55 92 1 5 76 109 1 15 74 131 1 15 83 92 1 10 72 117 1 5 42 97 1 8 68 99 1 46 73 115 1 22 78 92 1 26 63 86 1 14 83 116 1 35 71 73 1 32 50 105 1 0 88 112 1 47 71 100 1 13 87 99 1 0 66 85 1 12 34 110 1 39 66 118 1 37 31 104 1 39 63 111 1 20 64 120 1 0 0 0 0 18 60 130 1 22 77 122 1 38 71 95 1 36 72 119 1 0 0 0 0 2 42 100 1 31 51 112 1 14 67 80 1 35 40 121 1 9 55 77 1 0 0 0 0 0 0 0 0 31 74 120 1 33 44 111 1 21 47 128 1 20 55 138 1 15 96 100 1 0 71 121 1 9 47 101 1 25 51 117 1 12 60 113 1 41 48 107 1 15 71 114 1 46 78 100 1 26 54 123 1 42 53 107 1 0 0 0 0 18 67 125 1 25 57 114 1 22 80 115 1 15 58 101 1 19 78 106 1 15 51 100 1 24 14 121 1 30 63 113 1 2 30 126 1 44 45 122 1 34 80 112 1 15 65 125 1
49 73 85 1 54 47 98 1 24 57 100 1 29 43 122 1 24 67 138 1 19 60 87 1 31 61 114 1 2 49 104 1 30 66 112 1 29 58 125 1 38 68 102 1 0 0 0 0 39 48 111 1 19 78 97 1 27 60 125 1 23 78 99 1 18 51 101 1 0 0 0 0 13 62 96 1 40 60 69 1 47 64 62 1 3 49 91 1 0 0 0 0 11 91 101 1 26 54 104 1 4 79 113 1 14 49 105 1 28 73 93 1 12 88 128 1 0 0 0 0 41 61 113 1 29 62 97 1 25 72 110 1 40 62 103 1 34 67 90 1 52 77 110 1 30 89 128 1 6 81 116 1 0 60 114 1 37 76 115 1 0 0 0 0 12 61 126 1 14 48 114 1 0 0 0 0 55 80 100 1 30 60 123 1 37 61 119 1 29 71 97 1 0 49 104 1 32 91 96 1 35 59 119 1 0 0 0 0 36 94 98 1 6 53 102 1 0 0 0 0 4 38 116 1 23 46 104 1 24 76 112 1 35 67 109 1 9 50 109 1 8 78 129 1 46 59 116 1 23 77 118 1 30 74 91 1
78 60 110 1 0 0 0 0 56 66 118 1 0 0 0 0 44 67 142 1 71 76 125 1 60 73 166 1 38 74 129 1 85 77 144 1 85 82 134 1 0 0 0 0 0 0 0 0 54 69 134 1 70 46 121 1 0 0 0 0 25 57 98 1 49 37 100 1 45 65 100 1 49 45 119 1 37 75 122 1 20 78 84 1 19 96 92 1 6 41 80 1 26 60 103 1 12 59 83 1 16 53 102 1 0 70 123 1 42 73 124 1 8 71 119 1 24 67 130 1 18 74 111 1 38 57 94 1 22 60 109 1 24 44 117 1 26 50 100 1 33 64 115 1 0 0 0 0 0 0 0 0 47 65 103 1 45 51 126 1 29 72 120 1 20 62 115 1 26 49 109 1 19 58 73 1 18 58 101 1 37 76 137 1 12 64 113 1 0 46 101 1 1 60 125 1 0 61 93 1 29 70 110 1 17 71 119 1 0 0 0 0 18 77 86 1 34 72 136 1 28 87 94 1 24 56 109 1 26 86 84 1 32 71 102 1 20 81 139 1 38 44 127 1 35 67 115 1 17 54 116 1 49 67 111 1
0 0 0 0 139 137 114 1 143 101 109 1 176 81 126 1 0 0 0 0 138 74 122 1 144 89 120 1 145 111 122 1 133 111 147 1 142 112 154 1 135 120 156 1 0 0 0 0 108 81 107 1 69 49 110 1 81 50 97 1 76 61 100 1 0 0 0 0 75 80 118 1 94 78 126 1 49 60 106 1 34 41 93 1 0 0 0 0 12 51 103 1 52 47 124 1 39 50 98 1 0 0 0 0 55 39 99 1 0 0 0 0 25 77 108 1 0 43 118 1 0 0 0 0 0 0 0 0 5 62 120 1 22 44 129 1 23 80 128 1 0 0 0 0 24 57 88 1 26 61 121 1 27 66 108 1 20 61 121 1 35 54 60 1 18 58 106 1 27 56 95 1 8 57 112 1 50 66 91 1 10 42 97 1 12 34 136 1 0 0 0 0 17 60 121 1 17 81 115 1 23 53 121 1 0 0 0 0 58 63 112 1 16 64 111 1 12 54 106 1 0 0 0 0 29 64 104 1 22 54 127 1 43 34 118 1 25 61 106 1 8 72 116 1 9 69 100 1 20 70 142 1 16 42 126 1
155 150 129 1 0 0 0 0 184 161 141 1 198 141 153 1 207 165 129 1 195 163 151 1 204 183 156 1 188 141 147 1 205 157 137 1 188 162 167 1 195 137 170 1 144 137 121 1 0 0 0 0 146 93 118 1 104 79 85 1 136 112 101 1 118 84 103 1 134 86 85 1 118 77 88 1 59 55 119 1 68 64 107 1 42 76 109 1 53 52 122 1 0 0 0 0 58 72 92 1 0 0 0 0 33 58 100 1 19 78 92 1 32 66 114 1 36 52 113 1 31 43 109 1 0 75 107 1 5 53 122 1 32 79 115 1 28 45 143 1 23 50 125 1 20 59 118 1 10 56 119 1 26 64 101 1 3 47 124 1 11 61 106 1 19 70 104 1 42 74 112 1 28 68 94 1 38 53 120 1 12 67 118 1 30 46 99 1 14 81 107 1 21 62 123 1 19 37 127 1 0 0 0 0 16 51 126 1 11 84 103 1 13 56 110 1 5 47 113 1 38 80 116 1 39 56 98 1 0 0 0 0 33 42 116 1 26 75 121 1 29 64 135 1 32 57 108 1 15 71 116 1 56 77 129 1
162 166 164 1 209 205 170 1 0 0 0 0 230 168 132 1 230 195 119 1 237 175 129 1 227 168 119 1 227 163 138 1 216 181 142 1 0 0 0 0 218 164 141 1 221 159 142 1 210 148 165 1 188 159 140 1 0 0 0 0 176 149 138 1 173 136 119 1 141 117 123 1 130 131 103 1 82 99 130 1 68 93 130 1 0 0 0 0 71 64 99 1 103 49 104 1 62 99 80 1 68 90 114 1 55 68 95 1 52 59 119 1 36 69 103 1 7 58 95 1 36 57 114 1 3 58 108 1 12 49 118 1 35 82 120 1 28 57 150 1 22 57 112 1 40 66 115 1 31 64 113 1 33 36 110 1 0 0 0 0 8 57 101 1 0 58 88 1 19 55 121 1 18 67 122 1 15 50 91 1 36 59 142 1 0 0 0 0 28 61 130 1 21 64 104 1 17 61 107 1 44 71 96 1 47 48 113 1 23 37 121 1 12 49 139 1 30 44 143 1 9 87 103 1 36 55 119 1 30 74 125 1 18 70 140 1 12 69 147 1 36 71 93 1 16 83 102 1 24 36 106 1 53 60 121 1
0 0 0 0 215 185 135 1 231 212 180 1 233 203 138 1 236 212 131 1 241 215 136 1 0 0 0 0 0 0 0 0 235 211 138 1 233 202 128 1 224 221 138 1 238 193 142 1 249 211 129 1 209 180 136 1 0 0 0 0 211 204 138 1 209 175 129 1 195 162 129 1 194 141 101 1 131 108 144 1 0 0 0 0 131 115 124 1 109 126 135 1 109 105 123 1 109 131 115 1 100 121 127 1 135 125 103 1 85 78 114 1 48 95 86 1 59 60 110 1 39 45 101 1 34 67 133 1 32 49 104 1 38 48 93 1 36 61 122 1 28 62 111 1 41 45 113 1 14 58 98 1 16 64 85 1 37 37 112 1 34 54 121 1 30 49 109 1 24 63 100 1 25 66 117 1 11 69 124 1 40 43 109 1 18 72 96 1 6 34 114 1 18 49 100 1 14 66 100 1 18 73 91 1 28 80 112 1 13 47 90 1 41 59 123 1 22 66 122 1 2 59 97 1 25 45 114 1 15 72 111 1 48 62 114 1 39 89 96 1 10 53 121 1 32 67 109 1 23 40 96 1 14 71 105 1
161 149 126 1 203 197 117 1 210 210 148 1 248 222 121 1 255 208 142 1 253 209 141 1 233 201 122 1 253 200 90 1 253 189 103 1 250 213 113 1 247 221 116 1 219 196 123 1 0 0 0 0 233 203 131 1 218 193 96 1 203 175 98 1 222 198 113 1 191 190 106 1 0 0 0 0 0 0 0 0 174 172 144 1 213 155 129 1 180 171 151 1 171 172 113 1 174 143 148 1 141 131 126 1 161 158 137 1 146 125 153 1 117 120 125 1 112 95 129 1 72 82 118 1 66 68 119 1 38 69 106 1 18 70 120 1 2 36 111 1 32 58 123 1 0 52 122 1 0 0 0 0 26 48 89 1 40 61 108 1 0 0 0 0 36 62 116 1 12 53 130 1 20 51 120 1 0 0 0 0 27 40 112 1 29 44 93 1 12 63 123 1 20 62 115 1 9 46 117 1 15 67 134 1 33 69 98 1 21 40 89 1 23 61 104 1 6 60 98 1 18 81 112 1 39 82 97 1 36 65 102 1 12 62 123 1 15 82 104 1 32 79 114 1 45 58 123 1 19 63 125 1 5 59 110 1
156 154 140 1 205 186 108 1 235 225 177 1 213 210 140 1 247 203 119 1 0 0 0 0 231 213 139 1 218 231 123 1 205 200 122 1 245 196 122 1 255 220 133 1 255 218 111 1 233 241 120 1 226 220 126 1 222 204 110 1 211 197 107 1 200 218 131 1 227 220 146 1 207 204 139 1 220 172 168 1 215 162 154 1 202 181 132 1 216 198 150 1 227 194 155 1 238 183 165 1 196 193 143 1 189 168 150 1 176 170 156 1 168 161 164 1 147 143 151 1 0 0 0 0 80 100 114 1 47 66 108 1 20 51 117 1 0 0 0 0 7 68 133 1 34 76 125 1 0 0 0 0 35 38 104 1 29 68 107 1 10 47 119 1 23 87 109 1 42 61 100 1 55 73 115 1 40 61 112 1 8 52 108 1 0 0 0 0 13 68 100 1 25 47 116 1 0 0 0 0 36 49 104 1 33 63 108 1 25 56 115 1 44 50 123 1 16 63 138 1 1 57 118 1 22 53 103 1 18 80 118 1 21 79 115 1 45 64 90 1 22 61 129 1 7 64 101 1 37 54 115 1 5 62 98 1
126 114 133 1 176 162 116 1 217 203 164 1 222 227 144 1 237 197 153 1 237 254 156 1 237 208 141 1 226 220 123 1 232 191 97 1 255 206 139 1 239 200 132 1 255 230 152 1 255 220 154 1 0 0 0 0 234 221 152 1 229 198 132 1 231 196 147 1 250 201 198 1 241 200 175 1 219 193 139 1 0 0 0 0 226 180 148 1 234 189 132 1 220 194 150 1 255 209 126 1 212 192 157 1 255 208 154 1 222 169 161 1 212 175 186 1 203 154 153 1 183 153 135 1 80 100 107 1 56 78 118 1 23 45 92 1 11 47 80 1 16 61 133 1 31 66 112 1 5 68 123 1 30 52 111 1 18 68 96 1 18 51 113 1 33 62 114 1 28 64 135 1 23 57 101 1 25 51 126 1 23 65 106 1 16 41 129 1 33 47 88 1 11 53 95 1 24 63 97 1 41 45 119 1 39 66 123 1 27 47 104 1 7 43 105 1 32 74 84 1 28 47 98 1 16 67 83 1 19 52 109 1 36 52 106 1 9 47 108 1 0 0 0 0 32 60 124 1 8 55 111 1 23 69 101 1
109 108 104 1 0 0 0 0 219 194 171 1 225 205 154 1 254 219 126 1 226 213 173 1 237 211 160 1 221 215 135 1 217 168 122 1 225 207 121 1 255 162 136 1 0 0 0 0 254 195 168 1 250 197 130 1 255 162 133 1 255 177 165 1 249 174 139 1 232 170 156 1 249 184 166 1 0 0 0 0 227 200 137 1 207 174 138 1 215 181 124 1 253 201 117 1 235 197 148 1 245 193 133 1 205 227 131 1 0 0 0 0 220 195 170 1 207 170 161 1 166 162 130 1 123 97 103 1 64 71 85 1 28 75 88 1 20 80 96 1 36 67 123 1 32 39 119 1 21 61 106 1 21 76 117 1 51 53 97 1 16 55 102 1 0 63 120 1 24 62 122 1 3 38 125 1 43 54 130 1 2 43 103 1 27 64 119 1 33 68 114 1 18 40 108 1 2 53 112 1 34 62 106 1 34 62 119 1 27 87 99 1 17 31 115 1 6 42 113 1 31 61 115 1 37 60 119 1 0 72 97 1 8 18 112 1 0 58 105 1 28 69 126 1 32 85 113 1 9 51 128 1 0 0 0 0
0 0 0 0 120 151 113 1 134 155 159 1 235 198 105 1 212 229 115 1 241 194 130 1 233 240 131 1 199 188 103 1 224 213 102 1 213 204 116 1 214 215 120 1 255 200 170 1 0 0 0 0 226 185 134 1 219 224 139 1 0 0 0 0 239 190 143 1 216 188 129 1 216 195 128 1 223 224 166 1 219 201 161 1 238 199 187 1 243 209 166 1 230 207 140 1 227 209 156 1 227 209 172 1 230 188 133 1 237 205 112 1 241 201 152 1 235 180 136 1 181 163 145 1 150 103 86 1 73 65 93 1 74 59 123 1 0 0 0 0 27 71 87 1 25 54 99 1 33 61 97 1 0 0 0 0 21 70 132 1 29 55 150 1 7 46 125 1 2 52 133 1 0 39 114 1 10 30 90 1 26 61 106 1 0 0 0 0 36 49 121 1 26 39 129 1 29 46 102 1 0 0 0 0 10 62 94 1 48 42 113 1 72 39 117 1 12 32 121 1 19 20 122 1 32 57 120 1 14 55 111 1 5 53 100 1 27 46 124 1 0 0 0 0 22 22 111 1 34 59 117 1 51 74 137 1
78 111 103 1 115 124 120 1 120 166 116 1 206 187 108 1 0 0 0 0 255 178 145 1 210 205 152 1 224 171 113 1 193 169 123 1 0 0 0 0 197 168 90 1 245 218 135 1 234 207 128 1 217 190 101 1 220 203 138 1 212 169 154 1 239 192 118 1 242 180 136 1 0 0 0 0 235 208 151 1 222 211 138 1 215 199 187 1 222 166 129 1 236 182 148 1 248 211 147 1 0 0 0 0 215 209 131 1 232 210 139 1 235 196 154 1 211 195 146 1 176 159 144 1 125 122 97 1 105 94 96 1 80 74 92 1 62 64 110 1 31 52 120 1 40 70 104 1 25 57 104 1 34 43 106 1 32 45 131 1 17 77 135 1 7 63 121 1 4 51 133 1 5 66 108 1 0 0 0 0 15 86 95 1 17 59 94 1 11 71 115 1 6 35 93 1 33 44 110 1 0 0 0 0 25 46 102 1 30 72 118 1 36 72 108 1 24 58 112 1 19 33 128 1 20 53 107 1 29 50 145 1 10 61 96 1 0 0 0 0 12 86 114 1 69 56 105 1 73 66 138 1 55 88 96 1
0 0 0 0 77 137 98 1 105 142 142 1 175 186 99 1 211 192 120 1 0 0 0 0 230 195 158 1 213 181 132 1 180 156 113 1 182 189 99 1 202 185 67 1 205 204 120 1 214 179 137 1 226 194 125 1 208 178 113 1 213 163 137 1 214 187 118 1 223 196 141 1 0 0 0 0 202 199 134 1 204 217 148 1 224 153 137 1 166 196 127 1 210 181 112 1 232 197 140 1 247 223 145 1 231 221 135 1 232 206 148 1 241 193 141 1 222 195 145 1 203 156 142 1 159 146 149 1 164 124 131 1 91 103 124 1 102 58 92 1 72 60 101 1 44 43 111 1 47 51 102 1 50 63 93 1 15 49 103 1 29 38 132 1 35 43 137 1 21 74 129 1 6 72 111 1 0 0 0 0 17 53 98 1 23 82 115 1 46 49 107 1 21 61 114 1 42 57 121 1 35 54 87 1 21 40 114 1 14 70 120 1 6 72 119 1 17 29 136 1 0 43 111 1 0 70 102 1 0 0 0 0 21 81 111 1 0 0 0 0 42 51 94 1 70 78 105 1 0 0 0 0 42 95 116 1
38 81 103 1 69 86 104 1 89 124 129 1 177 164 129 1 201 189 129 1 199 215 176 1 215 192 144 1 186 162 132 1 181 152 105 1 167 155 112 1 191 165 115 1 237 184 123 1 211 205 109 1 214 201 115 1 0 0 0 0 204 180 170 1 224 198 118 1 250 164 157 1 232 203 140 1 213 178 128 1 213 171 143 1 190 160 118 1 193 174 128 1 188 179 138 1 216 203 134 1 202 205 118 1 207 204 154 1 216 192 117 1 212 202 155 1 237 182 140 1 206 185 159 1 188 146 163 1 167 169 127 1 135 147 145 1 97 99 109 1 0 0 0 0 68 79 98 1 0 0 0 0 63 21 88 1 0 0 0 0 41 51 98 1 0 0 0 0 26 73 102 1 25 50 111 1 69 70 79 1 57 57 111 1 38 55 122 1 49 53 107 1 69 52 108 1 61 40 115 1 0 0 0 0 20 48 109 1 25 51 104 1 19 65 135 1 9 83 104 1 12 49 105 1 0 0 0 0 22 51 118 1 43 77 115 1 54 69 73 1 62 81 110 1 68 78 105 1 84 105 83 1 73 110 114 1
0 0 0 0 80 100 105 1 74 100 128 1 125 126 97 1 0 0 0 0 171 152 172 1 190 149 154 1 153 178 130 1 158 135 97 1 160 169 123 1 191 159 113 1 189 197 112 1 207 177 111 1 0 0 0 0 227 180 127 1 226 190 119 1 216 183 138 1 207 181 133 1 217 180 144 1 207 158 102 1 205 172 72 1 192 170 72 1 194 143 99 1 184 183 95 1 180 171 104 1 0 0 0 0 187 168 123 1 215 194 135 1 231 193 125 1 240 194 146 1 198 186 154 1 208 195 170 1 216 190 137 1 179 156 156 1 162 118 110 1 97 95 129 1 0 0 0 0 67 59 109 1 59 80 115 1 68 36 84 1 51 49 75 1 80 47 99 1 73 39 92 1 67 87 96 1 55 94 81 1 90 80 117 1 73 84 90 1 67 84 111 1 85 58 108 1 64 53 122 1 56 44 123 1 0 0 0 0 28 76 93 1 35 31 101 1 0 0 0 0 0 0 0 0 63 45 106 1 50 69 112 1 62 78 112 1 73 121 107 1 106 112 113 1 117 144 125 1 0 0 0 0 111 105 111 1
40 59 104 1 62 79 113 1 65 99 97 1 109 113 93 1 108 144 111 1 109 135 147 1 160 141 135 1 143 128 125 1 139 135 118 1 175 142 94 1 171 148 107 1 201 157 109 1 217 162 78 1 203 199 95 1 207 160 128 1 186 176 123 1 216 177 127 1 201 190 137 1 216 176 131 1 223 169 116 1 199 186 102 1 203 198 105 1 181 157 89 1 202 178 104 1 184 158 121 1 177 152 127 1 167 160 119 1 217 169 125 1 194 175 140 1 236 186 141 1 232 188 123 1 225 170 125 1 216 179 148 1 212 164 141 1 178 160 111 1 150 132 149 1 140 89 126 1 95 102 86 1 108 73 113 1 83 70 107 1 73 75 75 1 99 83 86 1 112 95 105 1 119 106 96 1 121 96 123 1 123 111 138 1 123 106 124 1 109 89 122 1 110 117 141 1 120 99 107 1 79 97 124 1 61 66 83 1 39 73 101 1 62 89 70 1 73 82 119 1 72 69 136 1 77 67 97 1 85 110 126 1 108 143 122 1 150 136 96 1 158 138 131 1 148 131 140 1 151 165 127 1 146 128 145 1
0 0 0 0 56 62 117 1 53 76 104 1 63 99 130 1 96 132 120 1 112 134 155 1 0 0 0 0 0 0 0 0 124 122 124 1 130 125 118 1 178 140 111 1 219 206 103 1 203 166 98 1 218 197 122 1 211 152 120 1 227 183 137 1 221 183 140 1 203 193 118 1 226 208 155 1 239 186 120 1 205 193 104 1 209 212 106 1 226 185 116 1 191 186 110 1 175 157 114 1 183 139 137 1 0 0 0 0 225 193 146 1 219 190 143 1 216 217 163 1 0 0 0 0 251 200 163 1 219 191 162 1 0 0 0 0 212 177 114 1 187 148 161 1 150 110 130 1 145 97 124 1 125 108 95 1 131 93 101 1 135 81 74 1 0 0 0 0 200 137 110 1 178 147 124 1 181 157 138 1 155 145 127 1 0 0 0 0 147 125 110 1 163 164 126 1 148 142 137 1 127 125 168 1 109 104 90 1 132 108 85 1 0 0 0 0 118 110 120 1 131 114 130 1 138 104 122 1 0 0 0 0 189 152 143 1 177 150 126 1 208 165 142 1 0 0 0 0 162 168 138 1 123 129 112 1
31 59 123 1 0 0 0 0 37 74 97 1 42 111 117 1 0 0 0 0 64 123 120 1 90 77 123 1 97 99 68 1 107 114 107 1 124 120 98 1 146 158 105 1 201 163 112 1 0 0 0 0 221 184 108 1 0 0 0 0 221 190 148 1 210 223 133 1 220 213 137 1 239 224 145 1 255 215 158 1 255 196 138 1 0 0 0 0 214 167 116 1 169 145 131 1 158 124 111 1 172 131 130 1 197 166 137 1 220 183 136 1 225 151 152 1 193 208 151 1 242 232 138 1 246 199 124 1 244 160 140 1 226 206 123 1 230 175 120 1 205 152 174 1 191 142 155 1 0 0 0 0 185 155 96 1 183 140 125 1 195 163 130 1 233 167 158 1 240 217 176 1 0 0 0 0 237 210 168 1 205 167 161 1 189 180 124 1 176 143 112 1 188 146 120 1 151 144 127 1 142 147 128 1 159 131 106 1 145 108 119 1 136 139 152 1 164 134 150 1 200 109 183 1 162 126 165 1 213 171 164 1 247 199 184 1 238 175 160 1 231 197 141 1 218 187 163 1 180 180 102 1 185 137 128 1
21 51 103 1 39 69 109 1 0 0 0 0 29 61 87 1 27 69 110 1 44 85 102 1 51 65 118 1 81 105 89 1 104 88 123 1 152 143 135 1 0 0 0 0 235 166 142 1 241 176 106 1 0 0 0 0 230 215 133 1 218 211 125 1 248 193 126 1 237 212 146 1 244 221 137 1 237 204 132 1 234 214 113 1 214 200 148 1 192 188 113 1 142 161 137 1 150 168 128 1 148 166 137 1 156 158 164 1 216 183 139 1 189 176 146 1 0 0 0 0 229 212 134 1 0 0 0 0 189 207 114 1 236 191 115 1 241 185 103 1 236 187 167 1 0 0 0 0 202 159 106 1 191 149 104 1 216 160 90 1 230 202 125 1 250 199 122 1 240 218 129 1 243 214 162 1 0 0 0 0 238 208 155 1 205 178 130 1 186 163 129 1 192 158 120 1 192 159 133 1 163 172 130 1 187 164 76 1 162 108 86 1 0 0 0 0 198 169 129 1 217 207 158 1 0 0 0 0 255 211 142 1 232 171 119 1 238 190 119 1 245 190 127 1 202 176 161 1 161 168 131 1 148 144 133 1
22 96 109 1 25 60 103 1 43 52 76 1 14 62 97 1 7 71 111 1 31 89 106 1 73 95 120 1 111 105 108 1 105 107 118 1 187 153 111 1 211 202 149 1 217 183 130 1 229 212 146 1 255 196 129 1 217 201 119 1 232 183 128 1 229 230 164 1 255 211 153 1 238 208 153 1 245 213 121 1 245 193 102 1 205 206 118 1 195 189 126 1 152 160 118 1 0 0 0 0 0 0 0 0 161 154 148 1 186 178 100 1 220 187 151 1 232 200 132 1 231 201 134 1 249 192 124 1 223 217 130 1 238 183 106 1 228 190 88 1 235 199 147 1 248 185 121 1 190 179 111 1 211 184 89 1 211 181 89 1 241 181 136 1 240 203 140 1 238 201 152 1 237 230 157 1 221 204 155 1 235 225 150 1 207 169 126 1 219 182 96 1 174 172 111 1 184 160 121 1 179 175 125 1 183 162 93 1 195 145 90 1 222 158 123 1 200 159 155 1 194 193 172 1 246 199 165 1 255 198 161 1 240 200 160 1 255 202 135 1 232 195 120 1 195 174 141 1 173 154 103 1 0 0 0 0
28 54 100 1 16 64 112 1 44 60 87 1 21 63 104 1 45 53 101 1 19 76 110 1 71 102 115 1 84 100 112 1 106 132 128 1 161 162 136 1 210 196 137 1 235 178 122 1 255 204 145 1 255 218 122 1 255 211 123 1 0 0 0 0 243 241 169 1 255 213 133 1 244 227 132 1 252 233 135 1 0 0 0 0 197 198 113 1 0 0 0 0 162 138 120 1 144 124 90 1 138 144 98 1 161 140 150 1 207 186 130 1 204 202 142 1 236 202 148 1 255 216 145 1 198 195 103 1 239 203 114 1 0 0 0 0 249 216 120 1 248 190 133 1 231 187 118 1 214 197 101 1 230 180 110 1 229 211 106 1 249 233 145 1 0 0 0 0 250 206 153 1 245 221 195 1 252 219 178 1 233 195 107 1 212 171 131 1 208 148 86 1 197 144 95 1 169 170 142 1 200 182 149 1 231 176 115 1 200 181 103 1 0 0 0 0 223 170 120 1 241 198 156 1 255 222 169 1 254 214 159 1 234 209 128 1 255 203 136 1 244 196 126 1 141 162 122 1 0 0 0 0 111 115 96 1
25 46 104 1 0 0 0 0 24 39 107 1 47 91 118 1 25 61 127 1 36 62 98 1 46 78 125 1 98 108 99 1 108 131 133 1 169 154 98 1 219 184 161 1 216 167 112 1 249 202 121 1 242 189 146 1 255 196 125 1 241 211 159 1 0 0 0 0 228 234 158 1 242 196 145 1 229 198 123 1 239 185 112 1 205 168 118 1 190 147 117 1 160 158 122 1 138 142 96 1 139 143 105 1 159 164 115 1 241 184 116 1 234 194 145 1 245 212 129 1 243 207 106 1 217 182 123 1 214 163 136 1 209 195 124 1 226 179 153 1 220 179 137 1 239 192 140 1 216 203 158 1 240 203 102 1 238 225 133 1 248 232 117 1 254 236 151 1 235 200 126 1 238 199 150 1 236 199 139 1 206 187 112 1 195 162 87 1 177 147 120 1 190 142 115 1 200 166 139 1 215 207 134 1 219 193 129 1 212 202 129 1 210 185 119 1 0 0 0 0 237 216 139 1 253 232 148 1 250 193 147 1 246 223 105 1 242 194 160 1 197 168 112 1 129 130 127 1 105 104 96 1 93 102 92 1
0 0 0 0 30 65 94 1 43 77 133 1 0 0 0 0 47 58 116 1 52 94 94 1 59 63 99 1 78 111 82 1 128 115 125 1 146 168 121 1 181 164 104 1 219 185 106 1 221 198 141 1 255 225 158 1 251 211 150 1 240 246 152 1 255 224 161 1 229 231 164 1 249 215 158 1 255 201 114 1 250 198 116 1 214 172 111 1 0 0 0 0 181 128 111 1 153 136 92 1 174 120 118 1 194 178 128 1 0 0 0 0 224 197 121 1 235 209 139 1 228 204 128 1 217 182 120 1 225 179 106 1 0 0 0 0 251 212 112 1 249 179 124 1 241 196 120 1 210 200 100 1 224 206 128 1 255 211 101 1 254 209 103 1 255 204 147 1 237 226 132 1 248 196 155 1 234 190 127 1 188 182 112 1 223 159 119 1 194 144 94 1 174 158 112 1 216 163 140 1 221 200 149 1 221 190 101 1 206 173 107 1 210 178 107 1 216 199 116 1 231 213 109 1 228 220 137 1 228 208 106 1 251 220 81 1 234 209 138 1 195 180 109 1 144 146 134 1 98 100 106 1 101 66 96 1
18 61 91 1 30 44 118 1 0 0 0 0 8 68 102 1 23 64 159 1 32 72 107 1 52 75 113 1 61 117 103 1 101 102 101 1 139 151 116 1 174 143 111 1 0 0 0 0 242 196 145 1 247 214 152 1 241 213 146 1 250 203 129 1 0 0 0 0 255 208 177 1 252 228 169 1 255 186 116 1 219 204 117 1 223 176 108 1 176 152 117 1 143 158 125 1 143 110 117 1 151 140 95 1 156 154 118 1 213 207 117 1 245 194 161 1 255 182 120 1 215 166 105 1 219 164 106 1 184 168 98 1 239 160 155 1 0 0 0 0 228 214 105 1 233 192 112 1 229 195 127 1 248 211 129 1 244 211 106 1 237 241 138 1 233 208 141 1 225 216 125 1 218 216 139 1 213 185 119 1 213 187 118 1 214 164 106 1 197 122 90 1 185 176 107 1 0 0 0 0 211 183 153 1 209 189 125 1 215 183 137 1 195 182 117 1 182 200 136 1 224 204 106 1 214 238 126 1 254 210 105 1 236 207 110 1 235 191 138 1 190 169 132 1 133 150 155 1 111 109 120 1 121 107 131 1
34 81 70 1 17 59 111 1 24 89 114 1 36 83 108 1 19 73 123 1 34 59 114 1 64 87 125 1 44 96 112 1 0 0 0 0 135 123 118 1 181 153 131 1 205 181 120 1 209 228 140 1 255 208 131 1 239 231 144 1 229 224 166 1 245 206 160 1 244 243 149 1 220 214 180 1 255 208 135 1 240 219 129 1 213 168 158 1 207 155 126 1 0 0 0 0 131 144 110 1 168 135 114 1 0 0 0 0 227 174 138 1 238 207 98 1 248 196 114 1 211 173 103 1 197 194 100 1 196 169 105 1 202 173 151 1 216 179 151 1 227 199 119 1 237 208 124 1 222 227 110 1 242 169 128 1 229 198 119 1 252 216 134 1 236 202 130 1 228 200 156 1 235 218 153 1 192 186 133 1 193 166 128 1 159 157 124 1 190 120 131 1 164 139 114 1 182 173 133 1 195 174 148 1 187 174 126 1 185 158 148 1 196 192 118 1 218 195 146 1 236 237 127 1 253 249 151 1 217 232 128 1 255 210 125 1 249 180 169 1 206 145 147 1 143 133 156 1 0 0 0 0 114 103 138 1
12 37 112 1 23 53 125 1 0 0 0 0 37 76 119 1 0 0 0 0 61 82 120 1 52 66 109 1 22 80 77 1 82 107 100 1 0 0 0 0 207 211 136 1 229 204 127 1 0 0 0 0 219 226 164 1 209 234 169 1 255 226 152 1 255 210 175 1 255 194 154 1 239 219 173 1 255 205 127 1 250 205 113 1 190 189 121 1 0 0 0 0 200 156 139 1 187 130 129 1 0 0 0 0 0 0 0 0 205 170 134 1 246 212 131 1 222 201 124 1 231 196 85 1 208 182 81 1 197 187 96 1 203 183 156 1 209 195 162 1 226 200 130 1 236 202 129 1 232 204 102 1 0 0 0 0 247 203 124 1 247 215 122 1 247 200 106 1 227 195 157 1 228 187 178 1 219 178 145 1 188 150 152 1 206 157 147 1 220 142 114 1 211 174 154 1 196 196 148 1 210 175 158 1 200 155 136 1 202 149 123 1 204 174 141 1 228 202 141 1 244 204 150 1 240 194 152 1 253 199 141 1 223 184 148 1 214 149 169 1 191 137 130 1 151 125 170 1 0 0 0 0 102 100 121 1
25 57 165 1 14 75 127 1 18 43 132 1 39 79 108 1 36 67 115 1 12 86 111 1 71 88 143 1 73 84 93 1 111 116 121 1 175 152 76 1 226 178 125 1 222 221 93 1 254 198 121 1 255 221 130 1 252 211 119 1 255 223 145 1 242 227 156 1 255 218 125 1 234 190 122 1 238 216 145 1 243 218 146 1 223 165 141 1 211 172 115 1 188 156 135 1 216 163 110 1 226 158 111 1 193 205 122 1 237 195 91 1 232 205 109 1 241 196 148 1 210 190 151 1 220 140 121 1 200 156 84 1 186 161 81 1 212 185 122 1 255 194 114 1 220 209 128 1 235 195 100 1 228 207 125 1 226 207 132 1 240 199 140 1 0 0 0 0 250 205 134 1 228 208 104 1 0 0 0 0 0 0 0 0 236 145 119 1 204 165 114 1 223 172 151 1 201 153 153 1 0 0 0 0 0 0 0 0 0 0 0 0 0 0 0 0 219 197 101 1 233 210 108 1 233 211 106 1 233 206 135 1 222 205 120 1 189 192 179 1 152 125 138 1 102 124 123 1 107 118 106 1 107 125 112 1
8 50 103 1 20 59 136 1 16 71 126 1 8 52 107 1 0 61 134 1 38 74 110 1 60 83 126 1 0 0 0 0 131 123 121 1 161 180 106 1 211 191 140 1 244 207 107 1 243 217 125 1 0 0 0 0 247 228 147 1 244 217 141 1 249 229 137 1 226 226 121 1 217 223 128 1 0 0 0 0 255 198 124 1 218 203 114 1 203 165 105 1 205 172 103 1 184 171 128 1 200 176 114 1 0 0 0 0 215 202 137 1 234 193 152 1 242 211 124 1 211 179 116 1 222 162 111 1 204 168 114 1 206 168 118 1 227 181 116 1 225 193 114 1 225 205 103 1 245 188 133 1 227 215 150 1 240 209 150 1 253 210 135 1 239 200 136 1 222 215 139 1 233 164 87 1 220 155 91 1 221 200 104 1 198 160 114 1 208 161 129 1 219 154 161 1 181 183 130 1 199 166 156 1 176 137 146 1 148 164 123 1 164 192 119 1 205 224 123 1 248 216 110 1 238 233 135 1 242 229 134 1 229 174 114 1 217 178 160 1 0 0 0 0 0 0 0 0 111 128 140 1 120 119 119 1
58 79 105 1 20 79 118 1 36 62 119 1 18 62 136 1 22 40 120 1 32 87 114 1 74 70 146 1 95 104 103 1 139 128 152 1 0 0 0 0 233 198 150 1 246 200 124 1 248 225 127 1 248 236 135 1 213 209 169 1 226 209 144 1 245 197 149 1 245 194 142 1 253 207 121 1 232 195 137 1 232 181 139 1 202 173 149 1 179 172 132 1 207 150 114 1 0 0 0 0 0 0 0 0 213 173 134 1 251 194 124 1 247 190 135 1 242 205 135 1 227 178 141 1 202 177 135 1 207 158 100 1 0 0 0 0 221 204 123 1 234 187 120 1 238 189 125 1 229 192 148 1 255 201 169 1 254 218 138 1 255 207 112 1 238 196 141 1 248 224 135 1 239 145 107 1 234 184 114 1 213 193 100 1 226 176 110 1 221 188 135 1 223 158 128 1 205 172 143 1 187 180 146 1 151 147 146 1 161 139 97 1 195 153 102 1 222 189 107 1 236 194 119 1 255 204 108 1 250 202 142 1 236 159 125 1 181 153 153 1 128 102 115 1 85 116 115 1 81 97 110 1 78 118 118 1
68 73 108 1 28 63 103 1 60 75 100 1 35 60 120 1 24 81 125 1 27 73 75 1 75 93 117 1 102 127 88 1 134 129 112 1 200 192 101 1 249 192 129 1 229 222 140 1 241 249 135 1 252 205 136 1 227 224 116 1 229 209 147 1 255 214 130 1 255 212 134 1 243 198 126 1 238 188 124 1 0 0 0 0 203 149 152 1 179 153 125 1 189 164 123 1 199 183 119 1 226 206 131 1 212 182 114 1 0 0 0 0 222 193 124 1 212 190 110 1 212 192 120 1 202 161 116 1 204 163 106 1 203 199 132 1 222 192 99 1 255 174 152 1 255 188 125 1 238 209 106 1 236 215 126 1 234 233 142 1 225 231 138 1 236 203 127 1 242 195 127 1 204 166 107 1 213 174 87 1 198 207 116 1 230 163 119 1 206 160 139 1 226 186 150 1 205 147 148 1 176 173 113 1 155 156 136 1 160 142 111 1 219 168 126 1 223 193 114 1 231 195 104 1 247 180 106 1 242 219 115 1 226 173 102 1 189 161 159 1 116 101 131 1 83 97 96 1 99 89 115 1 112 112 113 1
85 104 99 1 61 68 94 1 0 0 0 0 52 60 109 1 49 71 138 1 23 51 107 1 48 98 115 1 0 0 0 0 142 124 115 1 0 0 0 0 246 201 154 1 255 219 124 1 0 0 0 0 243 225 145 1 230 220 164 1 234 214 122 1 228 215 118 1 240 216 125 1 229 214 96 1 229 178 118 1 241 184 130 1 192 187 139 1 207 200 123 1 244 185 121 1 234 195 132 1 218 200 130 1 255 185 128 1 251 191 96 1 244 208 168 1 0 0 0 0 216 178 148 1 220 165 105 1 201 178 127 1 217 173 126 1 247 174 141 1 248 190 151 1 0 0 0 0 235 206 128 1 241 215 165 1 255 231 145 1 250 218 117 1 241 199 117 1 0 0 0 0 229 196 116 1 220 162 93 1 225 182 111 1 243 187 130 1 230 184 129 1 225 201 134 1 196 164 106 1 174 119 136 1 174 156 129 1 167 169 115 1 208 178 138 1 225 214 141 1 237 205 99 1 0 0 0 0 227 180 124 1 212 187 104 1 178 161 147 1 83 109 95 1 94 69 84 1 120 88 94 1 117 130 133 1
114 98 91 1 0 0 0 0 81 54 98 1 78 89 111 1 0 0 0 0 25 65 111 1 47 52 124 1 98 122 107 1 104 155 99 1 189 174 121 1 223 230 176 1 244 195 121 1 234 220 135 1 238 217 134 1 251 197 131 1 245 207 110 1 240 202 134 1 218 204 130 1 235 179 107 1 226 200 127 1 216 177 118 1 202 177 99 1 216 149 110 1 198 167 133 1 243 181 119 1 235 213 155 1 245 194 139 1 228 199 118 1 233 195 104 1 244 194 136 1 227 177 120 1 201 172 133 1 216 170 119 1 228 201 153 1 238 169 132 1 0 0 0 0 0 0 0 0 215 198 132 1 239 232 160 1 253 214 140 1 255 233 120 1 250 200 122 1 0 0 0 0 245 201 125 1 234 181 124 1 249 173 143 1 228 194 116 1 222 171 149 1 0 0 0 0 181 164 138 1 202 141 109 1 154 115 113 1 188 184 110 1 0 0 0 0 247 212 136 1 223 195 144 1 255 211 140 1 255 179 150 1 217 164 118 1 147 127 122 1 129 106 94 1 96 84 65 1 97 89 93 1 135 107 99 1
135 106 102 1 111 80 109 1 89 67 117 1 56 88 85 1 47 53 107 1 21 100 93 1 42 68 142 1 86 108 82 1 150 131 124 1 185 181 101 1 217 208 138 1 251 211 108 1 233 223 107 1 241 196 140 1 234 198 117 1 227 162 120 1 255 183 120 1 238 205 119 1 241 193 120 1 0 0 0 0 209 179 109 1 0 0 0 0 203 169 153 1 210 190 129 1 219 189 134 1 232 196 122 1 231 200 137 1 245 194 100 1 255 196 123 1 228 170 133 1 244 164 142 1 212 170 136 1 233 168 124 1 251 199 125 1 0 0 0 0 221 187 121 1 253 201 146 1 247 215 165 1 236 212 141 1 252 232 107 1 223 250 137 1 0 0 0 0 255 186 98 1 226 210 120 1 255 164 106 1 236 179 145 1 225 203 136 1 0 0 0 0 216 182 119 1 221 157 115 1 175 141 72 1 139 122 111 1 185 133 97 1 202 177 144 1 243 204 132 1 246 201 143 1 255 219 136 1 255 187 116 1 225 171 120 1 0 0 0 0 125 104 70 1 94 93 73 1 118 108 110 1 131 131 121 1
155 122 142 1 118 100 145 1 118 77 111 1 47 79 72 1 34 48 134 1 40 78 107 1 50 69 116 1 104 101 103 1 153 144 123 1 187 157 119 1 219 208 121 1 197 206 122 1 255 208 131 1 248 214 139 1 230 181 118 1 219 193 111 1 234 201 138 1 242 230 110 1 0 0 0 0 228 191 130 1 228 182 127 1 208 176 114 1 189 163 152 1 204 168 147 1 0 0 0 0 219 188 118 1 225 217 126 1 224 193 104 1 220 180 117 1 234 192 100 1 237 219 149 1 232 180 154 1 192 178 119 1 239 216 171 1 236 201 141 1 253 180 138 1 0 0 0 0 247 203 161 1 244 242 150 1 249 218 127 1 252 211 144 1 246 222 106 1 241 199 98 1 238 194 123 1 255 224 125 1 235 200 140 1 249 192 150 1 240 209 157 1 213 176 147 1 186 144 116 1 0 0 0 0 150 136 119 1 203 170 125 1 209 186 151 1 250 208 131 1 222 197 128 1 247 197 152 1 222 185 169 1 187 151 125 1 191 147 127 1 0 0 0 0 108 85 78 1 116 116 74 1 159 122 95 1
179 158 143 1 180 127 156 1 137 115 153 1 82 99 129 1 49 83 101 1 0 0 0 0 75 88 75 1 108 121 76 1 180 140 98 1 218 166 139 1 210 213 148 1 244 230 135 1 223 200 125 1 223 208 108 1 0 0 0 0 237 203 148 1 233 209 115 1 224 192 115 1 218 182 131 1 237 196 107 1 0 0 0 0 202 179 115 1 209 145 100 1 203 153 116 1 188 153 125 1 241 177 118 1 232 220 108 1 236 173 119 1 245 171 108 1 241 190 127 1 223 194 140 1 233 196 110 1 241 187 143 1 255 214 147 1 0 0 0 0 0 0 0 0 239 209 110 1 235 218 111 1 232 208 127 1 223 216 123 1 242 194 104 1 239 207 100 1 248 199 111 1 0 0 0 0 246 216 114 1 234 210 138 1 0 0 0 0 255 198 143 1 201 209 104 1 188 166 104 1 167 137 89 1 172 154 118 1 185 168 126 1 246 192 143 1 232 206 139 1 0 0 0 0 255 219 124 1 231 171 121 1 255 157 129 1 0 0 0 0 176 136 110 1 129 126 105 1 116 103 66 1 168 133 108 1
188 162 123 1 185 123 151 1 0 0 0 0 86 109 121 1 91 76 84 1 73 63 96 1 57 84 86 1 124 112 106 1 173 180 111 1 230 175 148 1 224 198 157 1 240 204 124 1 239 218 121 1 226 223 113 1 225 238 159 1 215 189 138 1 239 168 129 1 230 180 121 1 230 197 115 1 234 184 116 1 213 199 100 1 190 175 132 1 0 0 0 0 177 148 106 1 196 161 122 1 197 164 124 1 186 204 119 1 0 0 0 0 225 183 114 1 233 169 109 1 0 0 0 0 226 182 165 1 0 0 0 0 235 184 143 1 255 183 150 1 255 202 131 1 253 209 99 1 255 208 152 1 238 224 127 1 0 0 0 0 255 198 109 1 241 207 97 1 231 217 105 1 231 196 118 1 249 214 156 1 235 221 144 1 255 206 145 1 238 213 121 1 219 184 133 1 202 163 107 1 186 160 108 1 207 155 101 1 188 201 125 1 210 181 148 1 248 236 129 1 236 213 146 1 210 205 127 1 228 169 138 1 239 167 138 1 227 159 150 1 155 115 153 1 144 128 102 1 128 129 97 1 165 159 116 1
213 147 127 1 176 147 143 1 155 150 118 1 100 142 144 1 85 103 137 1 77 90 103 1 81 81 112 1 0 0 0 0 0 0 0 0 219 225 156 1 250 198 156 1 225 204 110 1 238 202 155 1 233 205 156 1 250 173 159 1 255 220 141 1 255 207 143 1 249 167 120 1 241 172 110 1 0 0 0 0 222 160 102 1 200 153 134 1 210 148 124 1 195 149 128 1 0 0 0 0 197 179 113 1 200 189 124 1 223 173 85 1 230 177 122 1 210 173 108 1 204 191 134 1 235 185 128 1 225 150 143 1 232 191 140 1 226 182 140 1 0 0 0 0 239 205 153 1 248 194 133 1 255 202 152 1 242 231 140 1 218 208 121 1 244 217 119 1 219 218 121 1 0 0 0 0 243 216 135 1 255 249 123 1 222 194 127 1 230 200 150 1 234 206 146 1 212 176 118 1 202 171 102 1 211 156 146 1 223 186 157 1 202 203 169 1 0 0 0 0 227 221 154 1 226 194 119 1 238 202 154 1 238 201 165 1 0 0 0 0 154 161 136 1 125 134 135 1 166 156 124 1 187 200 129 1
200 162 145 1 174 159 118 1 0 0 0 0 134 121 135 1 111 107 130 1 85 126 82 1 88 100 105 1 163 169 147 1 217 164 147 1 0 0 0 0 220 205 164 1 252 182 129 1 255 210 106 1 228 226 165 1 227 207 134 1 227 206 130 1 0 0 0 0 0 0 0 0 227 170 114 1 220 156 117 1 185 176 134 1 178 167 159 1 171 152 135 1 195 132 115 1 203 171 108 1 206 156 85 1 183 175 127 1 202 162 88 1 226 162 120 1 200 164 114 1 208 163 126 1 222 166 106 1 220 168 124 1 222 188 134 1 215 184 128 1 212 194 130 1 213 193 112 1 202 194 109 1 243 187 93 1 255 200 110 1 242 197 111 1 241 211 125 1 237 182 132 1 223 206 130 1 243 195 144 1 255 225 117 1 253 203 165 1 224 195 128 1 226 177 138 1 198 176 133 1 217 169 141 1 0 0 0 0 242 178 156 1 225 186 159 1 212 197 132 1 229 206 146 1 236 206 151 1 234 190 159 1 0 0 0 0 206 166 167 1 0 0 0 0 155 174 119 1 153 163 112 1 201 193 138 1
161 152 140 1 156 145 116 1 134 143 96 1 131 144 124 1 128 104 115 1 110 100 119 1 141 124 117 1 172 167 144 1 0 0 0 0 223 213 146 1 234 195 138 1 247 219 131 1 228 208 137 1 253 173 139 1 235 200 141 1 228 204 138 1 228 163 106 1 236 206 106 1 0 0 0 0 183 150 139 1 196 171 110 1 221 138 135 1 196 150 126 1 187 149 116 1 180 134 116 1 197 179 97 1 224 188 105 1 206 172 104 1 220 181 109 1 205 170 129 1 240 189 127 1 254 176 138 1 219 172 126 1 234 181 108 1 224 171 107 1 213 173 118 1 0 0 0 0 225 183 106 1 220 196 146 1 240 180 140 1 246 197 131 1 242 226 114 1 247 205 120 1 250 249 125 1 255 226 139 1 239 182 142 1 237 211 147 1 238 209 152 1 205 168 136 1 215 177 159 1 216 164 118 1 236 161 113 1 234 164 132 1 223 207 137 1 229 209 144 1 0 0 0 0 215 180 147 1 198 209 125 1 215 177 135 1 0 0 0 0 131 170 146 1 164 139 132 1 173 165 137 1 175 190 153 1
157 163 134 1 136 129 105 1 142 112 97 1 139 124 104 1 0 0 0 0 155 130 129 1 153 157 141 1 182 171 118 1 210 193 160 1 229 201 132 1 213 187 125 1 240 192 133 1 200 181 126 1 230 171 127 1 0 0 0 0 192 188 132 1 200 163 120 1 248 154 112 1 201 166 108 1 203 148 119 1 0 0 0 0 187 132 143 1 191 127 121 1 175 131 118 1 181 147 123 1 205 165 123 1 201 179 106 1 214 178 77 1 206 132 119 1 209 168 132 1 236 170 131 1 221 156 141 1 204 166 124 1 0 0 0 0 249 167 112 1 214 179 142 1 215 186 128 1 233 192 134 1 235 198 157 1 239 229 114 1 241 210 132 1 246 226 140 1 243 220 118 1 239 236 153 1 0 0 0 0 238 210 146 1 228 208 139 1 227 170 103 1 205 189 120 1 203 163 111 1 198 156 113 1 190 154 110 1 223 181 141 1 218 193 148 1 202 178 126 1 212 191 141 1 179 180 131 1 178 126 136 1 164 152 122 1 146 130 136 1 0 0 0 0 142 120 129 1 159 158 131 1 178 187 134 1
136 126 112 1 122 112 93 1 119 116 89 1 123 116 125 1 134 134 102 1 146 148 134 1 187 152 162 1 198 187 148 1 198 165 133 1 229 191 116 1 0 0 0 0 217 184 126 1 209 168 106 1 0 0 0 0 210 186 138 1 213 159 111 1 217 166 124 1 220 152 105 1 188 162 118 1 195 139 116 1 183 141 115 1 152 124 116 1 151 107 101 1 154 141 131 1 193 159 126 1 0 0 0 0 0 0 0 0 223 184 112 1 196 160 105 1 187 171 131 1 208 168 122 1 210 172 147 1 217 177 99 1 0 0 0 0 230 188 109 1 0 0 0 0 208 188 126 1 215 194 109 1 226 176 162 1 229 197 161 1 224 221 155 1 0 0 0 0 251 216 118 1 255 196 125 1 236 213 122 1 223 194 138 1 216 184 135 1 224 176 110 1 196 150 91 1 182 118 70 1 180 123 101 1 201 152 124 1 192 147 106 1 217 165 107 1 187 173 103 1 180 145 115 1 161 149 73 1 166 137 96 1 122 104 77 1 127 111 83 1 105 129 102 1 140 122 90 1 138 144 145 1 187 190 143 1
0 0 0 0 100 86 68 1 143 79 93 1 98 108 92 1 140 118 94 1 177 132 127 1 169 150 141 1 0 0 0 0 210 178 109 1 0 0 0 0 211 164 109 1 231 180 89 1 212 173 121 1 217 178 108 1 195 164 133 1 197 155 131 1 206 143 113 1 214 139 104 1 198 153 119 1 0 0 0 0 174 129 84 1 159 103 112 1 148 128 99 1 169 110 104 1 195 150 119 1 206 168 105 1 198 181 113 1 211 170 99 1 195 173 89 1 184 154 100 1 209 168 132 1 210 184 117 1 215 185 114 1 207 179 112 1 210 188 95 1 224 181 140 1 234 164 133 1 239 171 123 1 251 201 148 1 228 200 121 1 206 201 130 1 230 200 126 1 219 203 115 1 236 189 137 1 191 212 128 1 0 0 0 0 187 178 105 1 171 162 103 1 168 148 80 1 161 104 59 1 0 0 0 0 197 160 126 1 219 166 118 1 192 158 99 1 171 159 93 1 141 139 84 1 129 101 77 1 104 78 66 1 105 88 67 1 101 88 105 1 73 105 94 1 107 134 82 1 115 143 117 1 147 141 142 1
67 92 122 1 63 88 122 1 0 0 0 0 114 101 118 1 0 0 0 0 170 142 129 1 200 155 123 1 201 186 110 1 0 0 0 0 217 173 95 1 204 150 134 1 196 169 115 1 209 161 116 1 198 201 114 1 200 182 101 1 218 160 121 1 186 151 133 1 196 156 115 1 181 157 131 1 204 183 156 1 168 131 102 1 126 114 111 1 0 0 0 0 145 147 113 1 145 165 125 1 184 166 126 1 0 0 0 0 0 0 0 0 223 171 99 1 0 0 0 0 240 147 113 1 212 164 120 1 212 161 141 1 198 150 144 1 198 161 127 1 195 175 154 1 208 165 126 1 214 178 129 1 199 173 100 1 225 195 120 1 238 181 102 1 246 169 116 1 221 204 116 1 225 175 133 1 0 0 0 0 202 169 138 1 215 179 118 1 170 158 98 1 141 124 73 1 134 118 73 1 159 155 105 1 0 0 0 0 179 190 130 1 165 155 172 1 154 135 119 1 138 128 147 1 100 112 73 1 74 92 102 1 56 94 94 1 101 80 95 1 76 109 118 1 0 0 0 0 128 134 141 1 174 149 149 1
82 75 110 1 80 75 121 1 72 84 121 1 108 79 123 1 127 124 144 1 150 142 139 1 189 160 124 1 0 0 0 0 204 169 143 1 196 155 115 1 211 163 118 1 176 169 127 1 237 159 116 1 0 0 0 0 204 170 94 1 192 161 99 1 210 169 105 1 170 139 123 1 186 141 146 1 185 136 129 1 133 135 133 1 111 111 89 1 108 124 117 1 140 143 101 1 139 152 125 1 193 191 159 1 193 146 138 1 184 173 72 1 212 175 117 1 197 150 110 1 216 155 125 1 225 133 109 1 193 125 123 1 196 143 139 1 177 152 139 1 169 137 125 1 211 132 156 1 0 0 0 0 201 161 118 1 207 185 81 1 224 155 93 1 221 157 105 1 207 180 140 1 0 0 0 0 0 0 0 0 184 168 136 1 163 148 103 1 160 139 89 1 146 108 78 1 165 117 103 1 188 164 127 1 187 130 88 1 201 172 93 1 171 164 140 1 151 148 91 1 92 93 112 1 68 89 65 1 68 59 93 1 0 0 0 0 0 0 0 0 89 97 109 1 107 120 129 1 152 130 136 1 190 154 164 1
85 83 96 1 0 0 0 0 79 83 130 1 142 110 141 1 0 0 0 0 176 166 109 1 192 178 119 1 207 146 96 1 181 153 97 1 183 165 113 1 192 142 116 1 0 0 0 0 198 165 130 1 215 172 136 1 232 168 121 1 235 157 151 1 206 180 113 1 186 140 133 1 185 154 132 1 148 153 137 1 139 123 108 1 108 124 105 1 119 124 119 1 117 123 82 1 169 133 130 1 191 162 120 1 166 177 130 1 159 165 100 1 182 190 112 1 211 165 102 1 0 0 0 0 208 164 139 1 212 144 120 1 154 147 137 1 0 0 0 0 181 141 132 1 189 134 136 1 209 160 132 1 224 189 97 1 208 188 106 1 212 160 116 1 234 176 99 1 252 184 125 1 220 195 146 1 231 173 139 1 200 168 119 1 167 127 107 1 172 137 91 1 140 133 88 1 188 146 100 1 193 165 143 1 229 157 80 1 222 179 119 1 202 148 176 1 138 122 121 1 103 85 137 1 65 85 92 1 51 70 105 1 51 56 101 1 0 0 0 0 112 93 71 1 159 129 128 1 0 0 0 0 200 171 159 1
57 70 76 1 81 67 91 1 77 98 125 1 112 116 105 1 132 157 123 1 176 146 122 1 213 160 120 1 183 136 121 1 186 153 107 1 182 158 106 1 232 163 132 1 210 181 137 1 205 157 136 1 209 173 108 1 226 166 112 1 234 176 114 1 217 160 116 1 195 156 131 1 187 159 144 1 160 150 131 1 0 0 0 0 113 101 110 1 116 115 100 1 148 129 120 1 159 151 114 1 158 141 103 1 169 147 115 1 181 141 114 1 0 0 0 0 204 163 120 1 198 171 118 1 221 155 123 1 196 149 114 1 165 121 141 1 160 145 151 1 0 0 0 0 162 132 130 1 176 163 99 1 0 0 0 0 212 168 110 1 208 172 107 1 247 174 111 1 0 0 0 0 219 169 136 1 204 180 125 1 186 172 103 1 150 122 105 1 166 135 86 1 162 149 120 1 179 157 131 1 202 202 150 1 255 177 139 1 203 165 130 1 194 144 181 1 134 122 106 1 85 99 129 1 76 78 91 1 0 0 0 0 110 87 125 1 64 106 54 1 112 149 84 1 0 0 0 0 196 178 138 1 198 162 117 1
67 83 103 1 63 84 92 1 75 108 101 1 145 125 112 1 191 132 128 1 188 171 104 1 202 148 117 1 0 0 0 0 197 157 110 1 201 158 137 1 210 171 142 1 190 163 153 1 0 0 0 0 205 154 98 1 210 138 131 1 190 161 104 1 218 144 110 1 222 126 118 1 210 158 120 1 157 141 136 1 136 124 100 1 124 84 101 1 112 92 93 1 115 120 82 1 155 127 120 1 193 152 170 1 178 151 131 1 175 187 135 1 180 154 155 1 197 174 125 1 187 168 123 1 186 124 95 1 179 139 108 1 166 136 121 1 143 138 124 1 159 109 135 1 137 126 117 1 0 0 0 0 180 132 122 1 190 146 126 1 0 0 0 0 229 171 121 1 228 181 135 1 220 197 161 1 184 170 134 1 193 152 113 1 165 147 86 1 172 142 90 1 200 143 103 1 212 171 122 1 230 222 128 1 241 191 107 1 232 208 132 1 0 0 0 0 101 105 121 1 98 67 144 1 64 81 105 1 77 69 148 1 92 86 141 1 126 131 68 1 174 159 103 1 209 190 142 1 229 197 113 1 233 190 153 1
96 76 109 1 99 89 111 1 110 102 119 1 132 125 120 1 132 132 125 1 173 175 131 1 206 168 112 1 0 0 0 0 194 165 105 1 207 146 125 1 220 159 136 1 194 177 144 1 189 145 104 1 215 158 121 1 184 121 113 1 193 149 100 1 219 170 142 1 0 0 0 0 179 162 139 1 152 126 137 1 130 88 137 1 83 104 95 1 105 89 74 1 133 118 112 1 151 161 128 1 192 155 136 1 206 149 123 1 156 144 145 1 192 148 153 1 0 0 0 0 153 137 98 1 150 128 110 1 134 75 71 1 148 135 141 1 96 123 115 1 128 129 160 1 140 129 145 1 129 116 121 1 176 133 100 1 191 170 95 1 211 178 117 1 209 155 112 1 229 183 109 1 233 202 108 1 228 175 138 1 205 154 115 1 0 0 0 0 176 141 84 1 186 152 111 1 203 162 134 1 238 212 166 1 255 205 117 1 236 179 110 1 184 171 149 1 160 131 112 1 0 0 0 0 65 78 114 1 0 0 0 0 0 0 0 0 167 141 95 1 190 162 120 1 224 204 130 1 234 204 131 1 234 195 121 1
73 91 82 1 102 123 121 1 100 116 145 1 144 160 127 1 159 115 108 1 189 152 132 1 209 155 125 1 208 160 124 1 208 148 96 1 215 175 149 1 191 169 129 1 207 169 136 1 184 144 126 1 194 164 111 1 218 141 81 1 199 160 126 1 179 139 122 1 210 146 127 1 198 128 132 1 144 125 141 1 119 117 103 1 106 117 87 1 126 93 87 1 130 126 105 1 152 143 163 1 193 136 135 1 173 146 114 1 166 163 132 1 165 152 152 1 177 156 132 1 174 124 102 1 142 119 118 1 129 113 91 1 140 94 109 1 108 118 133 1 135 132 140 1 141 146 123 1 0 0 0 0 184 168 128 1 200 140 126 1 0 0 0 0 212 186 150 1 238 205 149 1 219 187 131 1 215 162 121 1 221 160 106 1 162 119 88 1 172 152 117 1 180 141 130 1 215 196 140 1 245 213 144 1 242 185 114 1 218 184 129 1 186 162 152 1 154 133 131 1 96 105 153 1 85 100 83 1 85 90 110 1 115 114 114 1 173 160 99 1 221 183 124 1 247 216 138 1 255 202 97 1 239 223 126 1
93 109 115 1 99 92 143 1 106 104 142 1 144 102 125 1 166 140 111 1 0 0 0 0 210 183 108 1 213 185 127 1 196 173 120 1 213 165 117 1 194 171 151 1 176 150 123 1 190 129 106 1 190 118 110 1 202 148 109 1 178 164 113 1 217 154 134 1 202 157 136 1 180 120 129 1 156 129 138 1 131 105 142 1 90 82 111 1 108 88 109 1 143 114 116 1 150 122 112 1 153 120 130 1 0 0 0 0 159 172 138 1 166 155 132 1 181 144 131 1 175 150 106 1 160 136 107 1 158 99 102 1 112 125 99 1 121 90 141 1 124 124 119 1 132 126 110 1 119 123 133 1 165 139 87 1 175 153 85 1 198 162 156 1 219 194 118 1 226 171 133 1 227 168 139 1 0 0 0 0 188 178 148 1 179 138 101 1 190 156 100 1 198 192 141 1 195 223 157 1 216 206 152 1 220 176 104 1 226 175 114 1 179 111 145 1 161 125 125 1 121 92 161 1 90 84 91 1 76 106 113 1 117 165 132 1 215 158 99 1 203 183 117 1 255 203 140 1 0 0 0 0 231 186 107 1
0 0 0 0 0 0 0 0 135 87 128 1 175 110 115 1 143 116 102 1 183 138 140 1 0 0 0 0 0 0 0 0 226 168 96 1 179 171 129 1 192 152 135 1 166 159 140 1 0 0 0 0 162 119 120 1 188 161 107 1 209 142 95 1 0 0 0 0 195 127 148 1 180 151 144 1 147 118 129 1 133 98 121 1 133 121 91 1 111 135 88 1 0 0 0 0 173 128 126 1 178 144 141 1 189 147 126 1 166 170 104 1 156 149 109 1 172 148 151 1 0 0 0 0 148 131 127 1 146 147 127 1 133 117 93 1 131 112 107 1 127 129 96 1 140 130 116 1 118 147 89 1 149 108 105 1 149 149 109 1 195 184 127 1 221 185 118 1 217 153 128 1 195 186 136 1 0 0 0 0 173 145 94 1 0 0 0 0 189 181 92 1 198 197 109 1 225 207 120 1 199 193 131 1 236 177 125 1 212 149 144 1 196 139 127 1 150 143 109 1 137 103 94 1 0 0 0 0 127 119 117 1 144 137 106 1 216 156 73 1 248 182 105 1 234 199 122 1 255 203 117 1 208 193 110 1
95 81 119 1 99 93 132 1 125 87 157 1 140 134 98 1 157 153 129 1 198 138 109 1 213 140 119 1 198 176 121 1 211 167 142 1 194 161 143 1 189 134 143 1 0 0 0 0 172 130 110 1 176 152 95 1 171 127 82 1 192 135 109 1 195 144 125 1 0 0 0 0 186 150 138 1 0 0 0 0 129 102 120 1 122 83 56 1 115 112 68 1 153 127 83 1 161 148 125 1 169 135 136 1 177 132 126 1 153 129 115 1 155 134 88 1 141 151 117 1 162 158 142 1 157 148 163 1 143 127 105 1 144 114 107 1 0 0 0 0 99 95 83 1 122 128 117 1 137 137 79 1 112 133 104 1 166 137 112 1 0 0 0 0 0 0 0 0 211 177 86 1 197 167 115 1 0 0 0 0 184 134 105 1 180 163 99 1 202 208 95 1 217 171 129 1 216 196 134 1 223 198 119 1 0 0 0 0 0 0 0 0 186 145 110 1 157 156 119 1 155 143 114 1 134 122 103 1 130 159 100 1 146 134 114 1 230 173 135 1 234 171 128 1 0 0 0 0 240 186 138 1 234 185 133 1
109 87 99 1 101 107 123 1 0 0 0 0 140 119 107 1 146 126 119 1 174 132 127 1 189 170 108 1 199 163 108 1 180 139 101 1 169 150 119 1 189 151 120 1 167 156 140 1 168 134 114 1 190 137 112 1 180 120 105 1 192 145 116 1 205 153 113 1 141 145 132 1 147 109 106 1 147 103 140 1 117 116 128 1 118 126 112 1 94 102 89 1 146 123 114 1 157 142 138 1 146 132 114 1 0 0 0 0 0 0 0 0 142 137 74 1 154 126 121 1 145 139 134 1 135 129 125 1 0 0 0 0 124 115 127 1 148 121 127 1 0 0 0 0 117 125 77 1 113 120 92 1 111 150 79 1 158 135 79 1 169 141 118 1 188 173 133 1 221 179 116 1 216 141 117 1 188 157 123 1 176 135 108 1 189 171 108 1 192 172 118 1 219 165 145 1 224 200 125 1 220 207 135 1 241 162 168 1 202 156 119 1 188 171 133 1 199 170 101 1 151 146 113 1 144 133 94 1 147 133 98 1 147 150 109 1 215 175 115 1 201 189 149 1 241 209 148 1 241 201 150 1 250 195 130 1
84 85 135 1 86 96 107 1 99 138 129 1 128 104 128 1 174 130 125 1 167 158 147 1 199 134 141 1 187 160 93 1 0 0 0 0 178 116 121 1 147 132 128 1 163 146 138 1 152 131 121 1 194 138 119 1 143 119 111 1 172 132 119 1 196 153 133 1 155 136 139 1 141 143 108 1 125 97 136 1 130 111 136 1 126 101 117 1 96 107 88 1 120 105 91 1 150 142 105 1 161 137 103 1 159 141 130 1 0 0 0 0 126 121 107 1 121 130 110 1 137 150 139 1 149 136 174 1 142 142 125 1 145 108 119 1 124 127 114 1 126 148 111 1 141 107 110 1 122 119 91 1 119 153 103 1 145 142 99 1 186 146 117 1 180 163 101 1 206 156 98 1 190 190 110 1 218 143 119 1 212 165 140 1 201 186 113 1 240 177 151 1 218 197 153 1 237 167 123 1 205 177 139 1 226 170 143 1 203 163 137 1 176 146 134 1 160 147 104 1 163 130 98 1 149 140 107 1 155 143 86 1 161 154 92 1 0 0 0 0 222 180 155 1 211 187 157 1 208 190 157 1 214 168 131 1
61 76 125 1 81 97 132 1 95 114 112 1 113 103 128 1 159 146 105 1 208 161 123 1 189 160 116 1 191 139 116 1 165 128 104 1 155 130 113 1 149 120 118 1 136 125 131 1 158 129 115 1 196 135 124 1 175 121 110 1 174 140 126 1 178 150 132 1 162 146 135 1 137 115 114 1 128 101 130 1 107 112 136 1 90 80 124 1 0 0 0 0 115 143 102 1 145 127 99 1 146 121 121 1 155 132 102 1 105 133 139 1 117 133 108 1 133 94 129 1 0 0 0 0 144 153 129 1 115 130 106 1 149 125 106 1 148 133 122 1 127 110 124 1 139 91 143 1 0 0 0 0 120 123 85 1 152 127 79 1 172 136 89 1 146 162 107 1 189 150 94 1 204 165 131 1 196 138 125 1 188 155 113 1 177 160 132 1 205 186 117 1 199 179 127 1 218 158 148 1 225 161 121 1 173 140 109 1 170 158 123 1 176 161 108 1 164 139 100 1 151 117 123 1 202 138 93 1 0 0 0 0 172 148 91 1 190 163 138 1 181 162 123 1 216 202 161 1 188 197 116 1 217 159 138 1
105 98 117 1 62 95 107 1 0 0 0 0 119 126 127 1 142 117 126 1 146 136 94 1 190 136 137 1 169 122 99 1 171 124 84 1 135 142 92 1 134 102 123 1 131 112 156 1 157 141 118 1 0 0 0 0 175 139 84 1 163 125 109 1 0 0 0 0 139 156 99 1 137 109 108 1 113 91 149 1 92 93 137 1 100 125 116 1 120 86 127 1 0 0 0 0 0 0 0 0 156 125 107 1 145 118 121 1 121 136 118 1 92 96 123 1 115 117 89 1 102 102 123 1 101 117 115 1 135 113 124 1 130 134 126 1 0 0 0 0 135 123 135 1 136 108 154 1 125 108 113 1 155 113 103 1 154 135 110 1 126 119 110 1 162 141 67 1 171 157 100 1 165 149 129 1 169 165 147 1 167 147 121 1 170 158 135 1 181 156 134 1 206 169 148 1 186 134 117 1 217 157 116 1 162 159 144 1 176 139 136 1 161 155 101 1 186 177 107 1 0 0 0 0 176 149 102 1 190 146 123 1 186 141 153 1 0 0 0 0 0 0 0 0 203 189 149 1 185 190 148 1 226 159 146 1
92 86 94 1 117 77 103 1 102 120 118 1 123 118 110 1 126 105 121 1 179 131 123 1 152 124 116 1 164 160 99 1 174 131 103 1 148 102 86 1 132 74 94 1 129 119 109 1 141 117 143 1 189 126 146 1 170 128 138 1 171 146 108 1 161 144 135 1 140 161 115 1 144 139 103 1 111 100 154 1 101 110 150 1 115 97 136 1 107 132 103 1 108 134 96 1 126 124 98 1 124 121 115 1 152 105 100 1 98 135 125 1 0 0 0 0 90 110 93 1 97 92 99 1 97 102 86 1 138 100 122 1 134 114 128 1 124 128 120 1 125 125 158 1 103 122 137 1 128 98 124 1 149 136 119 1 147 130 108 1 184 142 100 1 166 122 119 1 168 142 102 1 167 130 133 1 182 133 127 1 185 156 130 1 176 160 139 1 195 146 122 1 202 150 124 1 185 111 107 1 184 146 129 1 172 152 139 1 166 144 133 1 177 160 127 1 167 139 101 1 153 104 114 1 162 142 120 1 167 131 116 1 170 154 104 1 160 146 96 1 148 160 115 1 171 168 118 1 188 157 104 1 184 153 99 1
82 98 120 1 102 98 111 1 72 79 104 1 105 112 124 1 0 0 0 0 148 147 107 1 173 125 122 1 0 0 0 0 153 138 114 1 138 111 99 1 143 101 86 1 114 116 131 1 169 137 143 1 178 122 130 1 167 132 122 1 169 143 107 1 166 147 124 1 153 148 84 1 0 0 0 0 91 82 160 1 98 112 133 1 107 101 127 1 77 96 101 1 117 121 107 1 137 135 114 1 161 134 125 1 116 113 113 1 94 108 139 1 96 112 108 1 0 0 0 0 50 69 76 1 92 71 87 1 93 127 121 1 92 104 117 1 114 103 83 1 113 99 152 1 79 110 133 1 126 85 109 1 126 111 129 1 138 146 123 1 155 117 90 1 143 120 85 1 171 133 98 1 150 153 144 1 165 126 110 1 154 155 103 1 151 136 114 1 168 104 125 1 156 107 114 1 182 121 97 1 163 114 101 1 146 142 114 1 164 127 127 1 0 0 0 0 149 102 101 1 150 91 95 1 165 105 122 1 160 113 120 1 146 119 115 1 127 113 97 1 126 145 97 1 144 152 96 1 160 140 113 1 163 148 97 1
91 87 106 1 92 83 121 1 0 0 0 0 87 119 87 1 139 148 103 1 140 116 120 1 145 140 150 1 0 0 0 0 137 111 150 1 125 96 101 1 119 81 81 1 92 130 100 1 146 130 92 1 146 152 113 1 150 152 133 1 157 141 107 1 155 142 139 1 168 121 122 1 169 100 95 1 119 101 82 1 127 73 84 1 97 96 122 1 115 104 130 1 131 111 116 1 170 112 144 1 159 135 142 1 149 119 121 1 98 113 79 1 92 109 83 1 63 81 101 1 36 76 120 1 0 0 0 0 57 94 120 1 73 118 132 1 92 60 122 1 47 101 147 1 65 122 122 1 0 0 0 0 128 101 128 1 179 131 122 1 166 131 102 1 176 120 114 1 174 130 93 1 180 142 126 1 173 142 117 1 146 146 110 1 145 130 128 1 172 106 119 1 134 132 116 1 0 0 0 0 0 0 0 0 157 155 120 1 144 122 120 1 148 141 73 1 132 116 97 1 0 0 0 0 130 133 120 1 102 113 151 1 125 127 116 1 128 143 119 1 134 139 118 1 149 134 126 1 136 134 96 1 147 125 106 1
83 117 123 1 81 85 114 1 88 94 118 1 83 102 109 1 106 128 89 1 124 151 123 1 0 0 0 0 171 137 156 1 145 100 99 1 110 97 113 1 142 94 78 1 0 0 0 0 136 127 100 1 163 135 113 1 113 145 91 1 149 146 137 1 159 151 137 1 149 142 102 1 0 0 0 0 114 89 95 1 106 105 94 1 128 94 93 1 106 99 101 1 115 76 118 1 138 103 133 1 138 108 114 1 152 116 132 1 0 0 0 0 74 112 94 1 42 123 108 1 63 85 92 1 79 77 100 1 75 112 118 1 66 85 97 1 79 71 115 1 92 106 139 1 94 101 153 1 109 113 140 1 133 111 116 1 140 129 107 1 146 125 105 1 168 144 90 1 166 118 93 1 189 125 96 1 0 0 0 0 152 147 125 1 0 0 0 0 123 115 132 1 150 94 99 1 170 152 99 1 186 140 109 1 188 130 117 1 155 146 101 1 154 130 101 1 134 124 122 1 135 118 117 1 125 122 122 1 123 105 116 1 123 99 132 1 107 135 102 1 123 129 108 1 0 0 0 0 168 144 111 1 162 149 112 1
100 112 117 1 82 97 128 1 76 84 76 1 92 93 101 1 107 117 90 1 0 0 0 0 145 95 118 1 133 106 128 1 107 109 144 1 129 98 118 1 115 113 95 1 133 105 108 1 141 117 108 1 134 158 113 1 152 158 124 1 155 139 144 1 168 155 144 1 0 0 0 0 167 90 93 1 137 136 84 1 105 97 95 1 0 0 0 0 128 94 104 1 124 115 137 1 158 128 117 1 168 127 110 1 175 120 122 1 117 125 106 1 96 107 98 1 94 80 101 1 66 111 104 1 0 0 0 0 97 116 148 1 95 89 114 1 115 75 120 1 88 90 106 1 116 74 125 1 116 123 127 1 131 143 117 1 188 151 114 1 172 150 128 1 172 151 120 1 184 154 117 1 0 0 0 0 147 128 78 1 162 141 112 1 125 127 120 1 123 104 121 1 127 103 110 1 148 106 129 1 172 121 118 1 164 119 109 1 182 134 100 1 149 137 108 1 159 116 103 1 145 132 152 1 136 123 140 1 131 95 128 1 99 121 128 1 87 91 88 1 107 109 122 1 134 134 123 1 134 148 121 1 158 156 120 1
108 106 115 1 85 80 134 1 82 106 124 1 81 77 74 1 97 110 95 1 88 119 105 1 117 118 112 1 138 117 140 1 126 121 159 1 107 104 102 1 109 105 73 1 125 118 83 1 134 137 94 1 139 119 114 1 159 115 142 1 171 141 110 1 169 144 105 1 152 126 102 1 132 114 82 1 120 108 100 1 131 107 94 1 119 87 119 1 0 0 0 0 156 141 137 1 168 169 152 1 0 0 0 0 181 176 135 1 0 0 0 0 125 106 107 1 77 127 119 1 92 100 134 1 75 111 146 1 99 81 135 1 77 109 132 1 101 88 107 1 90 80 106 1 86 116 104 1 125 96 125 1 161 129 142 1 0 0 0 0 176 125 121 1 167 148 109 1 186 133 115 1 159 114 106 1 155 138 125 1 141 141 119 1 95 101 109 1 120 121 92 1 97 122 103 1 137 131 85 1 0 0 0 0 159 121 84 1 150 132 101 1 141 139 135 1 175 129 118 1 128 113 141 1 132 105 153 1 116 92 128 1 104 56 120 1 105 108 82 1 104 90 111 1 136 118 143 1 0 0 0 0 128 132 117 1
0 0 0 0 80 99 130 1 97 112 97 1 95 71 83 1 110 79 95 1 0 0 0 0 122 123 135 1 117 102 161 1 116 119 147 1 97 112 128 1 114 91 122 1 138 118 100 1 0 0 0 0 132 133 111 1 150 124 121 1 150 160 126 1 160 127 89 1 137 114 90 1 0 0 0 0 125 84 112 1 84 111 79 1 87 124 92 1 116 102 129 1 142 128 132 1 161 158 130 1 184 152 130 1 197 178 133 1 158 139 114 1 105 107 109 1 64 83 90 1 38 88 102 1 78 86 135 1 102 81 114 1 121 108 134 1 104 98 98 1 103 92 80 1 128 109 108 1 143 129 118 1 0 0 0 0 162 133 127 1 172 120 101 1 0 0 0 0 0 0 0 0 146 153 123 1 134 132 123 1 0 0 0 0 0 0 0 0 127 96 94 1 127 110 87 1 158 92 92 1 154 128 108 1 174 113 112 1 167 104 110 1 0 0 0 0 142 124 121 1 127 104 147 1 0 0 0 0 110 99 123 1 108 90 113 1 112 94 115 1 110 103 155 1 0 0 0 0 0 0 0 0 131 86 133 1
111 127 105 1 98 124 109 1 0 0 0 0 74 92 77 1 92 97 91 1 92 103 136 1 0 0 0 0 126 122 124 1 94 123 141 1 89 120 138 1 93 115 121 1 126 118 109 1 149 140 118 1 193 122 142 1 178 126 132 1 151 125 103 1 150 135 113 1 127 140 84 1 118 101 74 1 116 100 117 1 91 96 119 1 93 82 126 1 0 0 0 0 138 156 111 1 171 138 117 1 174 184 129 1 191 150 129 1 156 147 150 1 140 109 125 1 0 0 0 0 69 60 122 1 57 80 135 1 61 99 115 1 98 105 118 1 0 0 0 0 104 107 96 1 114 119 123 1 161 141 103 1 166 129 117 1 169 155 112 1 204 141 108 1 152 140 107 1 180 136 151 1 135 138 124 1 138 119 105 1 137 112 126 1 126 130 90 1 117 103 109 1 102 94 84 1 136 104 94 1 162 122 97 1 171 104 93 1 182 137 108 1 149 138 121 1 146 116 119 1 135 102 131 1 110 112 114 1 93 79 137 1 125 85 144 1 99 124 123 1 99 123 119 1 106 113 103 1 110 109 113 1 0 0 0 0
135 101 132 1 77 93 103 1 99 114 94 1 93 98 119 1 99 96 111 1 108 97 105 1 99 107 121 1 86 109 133 1 0 0 0 0 100 96 105 1 127 124 130 1 129 115 119 1 178 130 137 1 165 142 159 1 155 123 136 1 146 124 93 1 130 146 126 1 121 96 92 1 127 106 81 1 119 120 115 1 98 83 104 1 0 0 0 0 97 75 104 1 109 151 134 1 0 0 0 0 197 132 118 1 200 174 114 1 157 133 122 1 124 108 128 1 0 0 0 0 52 90 106 1 54 61 135 1 67 80 103 1 99 94 94 1 105 129 90 1 109 119 100 1 152 127 102 1 135 116 118 1 172 135 94 1 171 129 100 1 174 143 103 1 0 0 0 0 167 132 104 1 0 0 0 0 129 133 126 1 0 0 0 0 103 123 115 1 132 125 100 1 131 102 106 1 144 140 130 1 155 141 125 1 191 126 110 1 180 138 124 1 133 139 120 1 139 115 114 1 122 105 121 1 91 115 108 1 87 105 104 1 92 101 107 1 103 123 122 1 94 114 110 1 95 109 128 1 108 113 144 1 98 97 140 1
104 96 137 1 109 117 105 1 108 56 123 1 99 90 122 1 95 83 109 1 92 90 115 1 99 92 144 1 70 106 133 1 0 0 0 0 123 111 129 1 135 125 157 1 129 136 157 1 152 130 164 1 176 152 124 1 161 138 142 1 147 115 135 1 146 121 97 1 129 137 111 1 0 0 0 0 103 105 138 1 92 132 110 1 88 97 112 1 111 126 91 1 137 131 98 1 180 142 126 1 206 135 116 1 215 157 126 1 140 116 104 1 125 95 123 1 76 61 96 1 67 73 103 1 48 39 93 1 53 83 107 1 97 131 101 1 74 99 104 1 0 0 0 0 148 113 110 1 0 0 0 0 156 119 107 1 179 140 106 1 150 132 127 1 160 135 139 1 139 131 128 1 127 132 131 1 121 108 115 1 131 119 119 1 110 100 105 1 108 118 113 1 129 117 108 1 168 130 111 1 0 0 0 0 180 150 110 1 153 128 115 1 160 150 115 1 144 133 118 1 87 139 123 1 75 110 100 1 74 110 116 1 95 104 119 1 68 77 112 1 91 126 108 1 70 98 123 1 90 105 97 1 69 131 70 1
121 117 108 1 101 113 129 1 111 110 119 1 113 84 111 1 88 78 97 1 0 0 0 0 0 0 0 0 75 69 105 1 76 81 135 1 81 103 120 1 0 0 0 0 106 122 128 1 146 112 128 1 0 0 0 0 167 123 148 1 146 142 128 1 157 122 111 1 105 131 109 1 110 99 87 1 108 98 126 1 88 89 104 1 95 106 104 1 123 95 80 1 134 141 86 1 0 0 0 0 194 150 112 1 183 154 98 1 188 148 144 1 0 0 0 0 113 93 111 1 70 63 134 1 81 73 101 1 52 89 95 1 105 101 105 1 115 144 94 1 154 109 67 1 150 134 94 1 132 151 94 1 157 117 106 1 166 147 117 1 145 128 104 1 0 0 0 0 181 122 116 1 157 93 108 1 0 0 0 0 137 125 139 1 142 109 97 1 137 125 108 1 0 0 0 0 184 144 147 1 170 151 137 1 169 145 132 1 152 145 127 1 152 99 106 1 121 134 122 1 114 126 115 1 65 88 114 1 73 92 112 1 77 123 108 1 79 97 132 1 0 0 0 0 0 0 0 0 37 54 128 1 58 83 129 1
0 0 0 0 0 0 0 0 126 110 128 1 109 92 121 1 78 84 126 1 90 102 121 1 101 81 120 1 93 96 120 1 93 118 85 1 74 93 110 1 81 91 119 1 118 132 82 1 123 121 109 1 164 147 130 1 142 129 141 1 171 123 126 1 159 100 112 1 139 118 104 1 113 86 78 1 102 105 133 1 142 86 132 1 77 92 108 1 129 111 83 1 127 116 121 1 164 146 110 1 193 144 124 1 181 152 106 1 160 118 118 1 127 127 126 1 59 83 116 1 76 65 91 1 40 65 76 1 70 83 64 1 105 117 93 1 144 116 104 1 175 130 88 1 156 113 87 1 168 123 99 1 155 160 123 1 154 124 114 1 157 133 125 1 160 122 133 1 147 137 145 1 169 144 137 1 154 152 146 1 143 116 134 1 145 102 121 1 144 124 99 1 0 0 0 0 176 104 119 1 151 122 113 1 149 118 132 1 166 125 132 1 0 0 0 0 97 88 107 1 85 76 109 1 56 59 75 1 0 0 0 0 45 84 118 1 56 71 125 1 0 0 0 0 64 82 96 1 49 71 74 1 56 69 99 1
108 103 118 1 112 105 102 1 99 86 115 1 99 102 130 1 109 92 119 1 120 60 111 1 86 101 110 1 0 0 0 0 87 63 115 1 64 110 101 1 101 76 124 1 126 112 97 1 125 115 113 1 147 103 107 1 158 130 126 1 174 140 115 1 0 0 0 0 113 117 112 1 119 124 102 1 120 97 132 1 0 0 0 0 101 131 104 1 108 120 93 1 113 127 99 1 184 157 115 1 201 162 132 1 184 169 115 1 174 131 123 1 146 110 99 1 107 113 113 1 56 86 104 1 67 73 131 1 83 92 107 1 108 103 80 1 124 133 125 1 152 120 108 1 175 133 116 1 157 154 87 1 148 123 116 1 160 134 109 1 166 150 98 1 173 149 147 1 151 149 132 1 160 131 138 1 164 111 130 1 154 117 108 1 133 110 81 1 140 127 112 1 144 115 103 1 145 125 105 1 135 116 128 1 137 111 110 1 133 114 126 1 112 101 94 1 99 84 107 1 98 98 102 1 78 92 111 1 78 73 97 1 84 51 117 1 55 53 132 1 47 67 112 1 50 106 109 1 60 59 137 1 38 73 103 1
130 111 98 1 86 108 138 1 104 110 118 1 99 70 113 1 0 0 0 0 0 0 0 0 87 83 104 1 85 77 116 1 77 89 118 1 74 84 99 1 48 102 102 1 107 96 112 1 116 91 112 1 101 127 126 1 156 137 117 1 161 141 139 1 159 119 150 1 153 134 111 1 108 101 99 1 138 99 139 1 123 118 132 1 109 116 100 1 101 103 128 1 120 107 112 1 167 144 119 1 172 166 120 1 197 177 133 1 182 134 137 1 163 156 103 1 119 121 144 1 100 114 120 1 103 89 149 1 113 93 133 1 127 132 143 1 155 159 136 1 145 119 88 1 180 147 131 1 0 0 0 0 149 113 112 1 169 162 99 1 144 103 123 1 0 0 0 0 165 121 109 1 141 119 112 1 157 124 105 1 143 109 118 1 141 100 127 1 143 120 78 1 0 0 0 0 164 110 104 1 155 106 102 1 118 118 78 1 131 77 83 1 95 93 112 1 82 75 137 1 81 83 125 1 111 73 109 1 58 51 120 1 63 30 108 1 48 49 97 1 44 89 94 1 71 60 143 1 65 68 116 1 51 58 132 1
103 74 115 1 81 78 109 1 96 83 108 1 103 102 136 1 101 77 119 1 106 99 111 1 79 62 101 1 81 77 94 1 103 65 118 1 90 106 120 1 81 73 123 1 94 103 95 1 92 93 87 1 121 125 115 1 133 150 120 1 161 102 109 1 129 129 120 1 145 133 101 1 137 116 130 1 147 134 114 1 114 115 113 1 88 103 115 1 130 105 106 1 116 135 99 1 183 151 117 1 154 157 135 1 209 156 139 1 0 0 0 0 0 0 0 0 161 123 142 1 0 0 0 0 98 117 129 1 105 106 95 1 0 0 0 0 166 131 116 1 160 135 124 1 159 141 128 1 176 130 133 1 0 0 0 0 163 135 116 1 159 123 136 1 152 130 120 1 154 120 110 1 174 133 127 1 178 125 106 1 165 132 110 1 174 130 119 1 166 126 88 1 165 141 122 1 171 132 102 1 185 142 118 1 159 123 110 1 129 105 98 1 139 89 94 1 126 99 99 1 137 81 119 1 108 117 120 1 120 95 129 1 100 59 117 1 112 97 96 1 60 77 99 1 115 93 114 1 101 93 128 1 86 101 140 1
103 88 120 1 95 110 107 1 115 113 103 1 96 79 98 1 96 82 119 1 65 108 99 1 83 128 100 1 0 0 0 0 102 74 113 1 104 84 122 1 101 82 122 1 91 93 107 1 79 108 119 1 103 134 103 1 108 127 140 1 154 123 130 1 158 139 126 1 189 132 119 1 165 111 120 1 143 105 108 1 127 123 117 1 127 97 107 1 115 126 114 1 112 145 112 1 135 132 89 1 168 138 121 1 183 162 157 1 204 130 106 1 170 138 105 1 145 134 117 1 0 0 0 0 88 103 85 1 125 91 120 1 111 125 125 1 144 113 133 1 173 138 133 1 177 148 123 1 157 144 119 1 155 136 124 1 161 136 117 1 167 127 99 1 188 141 101 1 179 92 149 1 0 0 0 0 205 131 103 1 173 138 139 1 180 169 125 1 180 149 110 1 187 138 131 1 187 116 126 1 202 163 121 1 179 153 117 1 188 139 128 1 189 126 119 1 179 124 126 1 169 128 126 1 158 133 125 1 0 0 0 0 125 119 129 1 112 94 99 1 92 102 111 1 97 97 132 1 100 109 128 1 109 106 131 1
97 99 110 1 105 81 96 1 80 87 119 1 78 100 115 1 99 111 128 1 91 118 121 1 81 95 102 1 103 101 129 1 128 92 103 1 72 92 124 1 0 0 0 0 72 89 103 1 106 95 69 1 98 117 103 1 114 123 102 1 122 124 131 1 170 146 120 1 170 145 108 1 179 128 87 1 141 128 113 1 149 125 140 1 114 137 134 1 122 125 109 1 132 121 154 1 132 119 99 1 166 148 100 1 0 0 0 0 183 125 122 1 162 134 130 1 0 0 0 0 134 109 125 1 93 113 110 1 112 106 94 1 134 100 127 1 180 126 155 1 170 135 137 1 162 146 113 1 139 137 119 1 136 141 124 1 146 138 127 1 177 143 123 1 173 144 123 1 163 126 125 1 193 140 118 1 213 154 130 1 203 141 133 1 211 159 127 1 181 109 127 1 186 140 101 1 201 166 129 1 206 143 123 1 213 182 114 1 205 161 124 1 181 182 107 1 188 157 115 1 166 130 131 1 193 137 109 1 159 111 116 1 144 93 118 1 123 104 124 1 123 104 92 1 0 0 0 0 138 121 95 1 112 127 133 1
102 123 105 1 0 0 0 0 102 63 108 1 111 114 118 1 115 97 137 1 95 103 117 1 98 109 130 1 97 117 115 1 118 100 132 1 109 107 134 1 94 77 116 1 82 96 78 1 60 105 80 1 94 99 82 1 74 98 119 1 109 120 101 1 156 112 116 1 162 149 123 1 146 122 118 1 147 101 116 1 133 102 103 1 121 104 106 1 149 104 109 1 131 141 125 1 116 137 119 1 164 145 103 1 182 161 135 1 185 147 105 1 170 120 132 1 157 131 126 1 144 141 127 1 149 126 126 1 114 111 136 1 128 129 112 1 154 116 150 1 154 156 104 1 156 134 127 1 148 134 120 1 162 159 115 1 163 138 106 1 186 148 162 1 194 158 131 1 189 149 98 1 228 154 116 1 217 149 112 1 228 167 127 1 0 0 0 0 0 0 0 0 205 144 118 1 199 178 124 1 205 164 143 1 235 154 81 1 223 171 137 1 234 191 138 1 205 174 138 1 0 0 0 0 177 143 117 1 181 152 104 1 161 132 118 1 151 139 110 1 165 134 111 1 158 159 137 1 159 140 135 1 152 131 139 1
79 107 134 1 68 89 159 1 95 104 145 1 79 94 126 1 78 64 93 1 93 92 113 1 93 102 103 1 0 0 0 0 91 122 106 1 98 104 100 1 97 93 111 1 90 94 88 1 80 61 115 1 98 95 85 1 103 88 80 1 117 108 111 1 124 130 119 1 0 0 0 0 127 133 101 1 148 121 145 1 139 117 121 1 122 98 105 1 0 0 0 0 0 0 0 0 136 146 104 1 113 131 108 1 160 154 112 1 163 190 140 1 127 139 152 1 150 146 127 1 154 138 113 1 118 101 102 1 140 136 137 1 126 136 123 1 134 152 155 1 142 127 130 1 169 127 146 1 152 143 151 1 144 145 143 1 175 153 143 1 184 147 104 1 183 158 115 1 0 0 0 0 201 176 101 1 227 162 100 1 238 180 140 1 213 162 99 1 220 184 112 1 217 146 89 1 207 178 121 1 186 153 128 1 203 158 128 1 207 177 109 1 232 171 123 1 229 195 106 1 214 157 113 1 183 142 95 1 185 122 93 1 191 142 119 1 192 151 90 1 184 153 115 1 0 0 0 0 184 161 134 1 0 0 0 0
104 93 143 1 49 63 109 1 80 78 125 1 88 71 141 1 96 85 130 1 123 82 96 1 101 116 87 1 106 120 110 1 0 0 0 0 103 111 73 1 94 100 83 1 94 73 110 1 98 95 86 1 83 98 102 1 67 104 107 1 93 112 111 1 123 114 93 1 117 127 117 1 125 108 124 1 156 134 117 1 0 0 0 0 117 110 119 1 121 106 96 1 0 0 0 0 131 113 98 1 119 132 89 1 151 139 115 1 154 148 131 1 138 137 137 1 142 153 107 1 134 119 118 1 137 118 122 1 143 113 126 1 123 124 126 1 138 115 109 1 124 132 116 1 114 133 103 1 160 137 110 1 148 126 126 1 163 127 133 1 187 143 121 1 210 152 110 1 223 161 128 1 240 165 114 1 244 188 119 1 244 178 108 1 240 203 103 1 239 180 102 1 198 163 94 1 0 0 0 0 195 146 125 1 226 152 103 1 237 177 128 1 237 193 120 1 232 167 153 1 206 148 106 1 0 0 0 0 195 169 79 1 188 139 102 1 180 149 110 1 186 168 117 1 0 0 0 0 195 122 124 1 139 108 126 1
58 86 97 1 59 99 89 1 57 56 133 1 0 0 0 0 87 74 136 1 0 0 0 0 95 105 87 1 91 130 123 1 100 115 137 1 96 87 84 1 115 98 117 1 77 93 100 1 93 72 97 1 101 102 120 1 0 0 0 0 0 0 0 0 104 93 91 1 98 103 114 1 0 0 0 0 0 0 0 0 132 120 151 1 128 116 108 1 113 123 113 1 121 102 98 1 148 118 88 1 103 123 110 1 119 124 137 1 135 106 104 1 140 118 142 1 137 113 109 1 116 109 128 1 136 132 107 1 0 0 0 0 114 105 119 1 123 96 97 1 162 102 121 1 146 109 125 1 157 123 148 1 146 114 125 1 168 151 152 1 153 176 148 1 226 181 127 1 235 152 150 1 241 195 130 1 240 176 108 1 237 193 134 1 254 185 122 1 219 162 118 1 231 175 113 1 218 162 140 1 205 169 143 1 224 180 112 1 204 157 100 1 213 177 124 1 225 154 109 1 199 181 117 1 194 171 127 1 174 145 114 1 214 149 107 1 177 148 113 1 174 161 91 1 159 110 111 1 156 116 100 1 172 137 122 1
34 91 84 1 52 81 119 1 81 95 122 1 108 92 152 1 90 88 115 1 57 67 107 1 0 0 0 0 84 88 103 1 89 92 123 1 119 117 133 1 110 120 146 1 82 86 120 1 0 0 0 0 78 121 121 1 0 0 0 0 88 92 104 1 66 91 103 1 111 90 103 1 108 113 121 1 119 132 126 1 108 135 131 1 146 148 124 1 119 123 94 1 107 132 89 1 120 120 138 1 138 110 116 1 137 132 142 1 142 135 104 1 132 122 115 1 135 89 111 1 122 124 123 1 0 0 0 0 134 115 111 1 92 109 137 1 111 109 110 1 130 116 129 1 141 146 118 1 136 129 147 1 181 144 122 1 176 144 150 1 177 150 136 1 196 176 129 1 245 174 126 1 226 189 127 1 223 185 124 1 0 0 0 0 216 176 112 1 0 0 0 0 210 158 97 1 195 164 125 1 182 172 116 1 207 161 97 1 211 192 114 1 240 183 118 1 215 186 126 1 187 184 134 1 208 170 119 1 192 145 95 1 204 151 121 1 172 166 129 1 189 154 101 1 192 140 102 1 156 119 121 1 159 113 113 1
52 71 104 1 49 79 120 1 78 91 113 1 83 87 128 1 90 69 129 1 84 85 104 1 83 86 95 1 82 87 105 1 82 94 137 1 0 0 0 0 111 103 160 1 71 89 148 1 89 107 132 1 101 92 121 1 70 78 141 1 82 91 109 1 78 79 102 1 77 84 107 1 130 91 132 1 117 96 100 1 107 108 123 1 125 127 99 1 145 139 125 1 139 118 118 1 109 121 127 1 170 120 112 1 115 116 131 1 153 115 120 1 140 128 140 1 0 0 0 0 134 107 116 1 128 98 111 1 146 126 132 1 0 0 0 0 116 117 129 1 135 133 115 1 161 138 116 1 151 126 137 1 151 143 144 1 146 142 137 1 192 155 134 1 184 166 144 1 0 0 0 0 208 176 124 1 207 175 105 1 196 167 89 1 215 149 106 1 209 166 101 1 0 0 0 0 0 0 0 0 0 0 0 0 196 153 119 1 226 158 108 1 0 0 0 0 218 168 114 1 212 162 134 1 187 163 110 1 0 0 0 0 211 139 109 1 164 116 115 1 174 139 132 1 179 137 123 1 173 157 132 1 140 119 124 1
61 68 90 1 50 77 74 1 53 75 85 1 86 86 133 1 71 96 122 1 0 0 0 0 65 84 100 1 71 102 107 1 81 92 94 1 82 117 121 1 76 101 121 1 81 91 147 1 66 102 154 1 64 107 119 1 71 70 137 1 69 99 108 1 84 91 126 1 78 109 99 1 76 112 118 1 95 103 114 1 118 95 100 1 109 134 114 1 131 125 120 1 117 115 114 1 120 110 116 1 137 91 124 1 133 99 110 1 0 0 0 0 0 0 0 0 135 114 88 1 112 122 113 1 123 106 94 1 137 130 128 1 116 121 135 1 139 130 126 1 140 122 115 1 147 153 112 1 168 130 97 1 138 124 112 1 147 130 133 1 131 154 119 1 169 152 142 1 169 166 138 1 184 185 153 1 166 182 142 1 0 0 0 0 200 179 94 1 177 171 103 1 0 0 0 0 198 180 103 1 173 167 122 1 187 155 95 1 211 166 124 1 188 139 137 1 195 165 118 1 185 159 136 1 193 162 122 1 205 149 113 1 179 139 108 1 174 120 115 1 219 155 100 1 183 127 99 1 168 122 131 1 151 121 123 1
91 103 113 1 63 106 131 1 98 94 97 1 76 90 96 1 0 0 0 0 80 74 93 1 82 80 110 1 86 98 94 1 0 0 0 0 0 0 0 0 78 108 105 1 0 0 0 0 84 111 111 1 71 104 121 1 65 100 122 1 76 99 121 1 59 93 124 1 70 107 107 1 84 93 135 1 96 114 101 1 114 77 105 1 116 76 101 1 107 105 89 1 119 97 104 1 123 110 118 1 134 118 100 1 125 118 122 1 160 110 129 1 135 111 113 1 148 120 116 1 125 113 117 1 119 125 115 1 137 123 108 1 138 121 150 1 138 125 130 1 124 119 108 1 144 135 109 1 152 101 143 1 125 133 127 1 135 150 144 1 155 146 127 1 156 144 130 1 160 127 135 1 131 138 131 1 180 153 97 1 0 0 0 0 168 158 98 1 188 160 104 1 175 136 90 1 181 158 104 1 195 164 121 1 187 161 108 1 177 144 110 1 191 164 106 1 187 146 125 1 198 128 106 1 177 165 131 1 182 155 129 1 183 150 111 1 169 123 96 1 169 133 124 1 159 140 99 1 128 130 88 1 142 106 97 1
134 96 138 1 107 109 163 1 130 121 137 1 91 86 123 1 91 100 113 1 79 84 85 1 61 66 73 1 79 81 57 1 66 90 99 1 65 89 102 1 69 80 118 1 51 91 115 1 75 125 113 1 85 85 117 1 65 74 111 1 71 80 126 1 81 113 148 1 75 95 106 1 70 86 114 1 85 62 88 1 92 65 76 1 96 77 96 1 105 111 110 1 129 99 117 1 115 105 144 1 118 115 127 1 150 131 128 1 147 125 108 1 124 121 134 1 130 109 103 1 145 128 110 1 141 114 116 1 139 108 116 1 112 117 106 1 121 94 121 1 136 138 107 1 140 125 112 1 119 143 135 1 115 129 125 1 0 0 0 0 0 0 0 0 131 113 121 1 135 138 101 1 137 120 133 1 160 129 127 1 180 147 134 1 181 133 99 1 167 127 112 1 147 125 101 1 173 137 79 1 170 139 117 1 0 0 0 0 168 152 106 1 0 0 0 0 177 160 85 1 186 123 94 1 199 180 121 1 202 128 120 1 192 140 121 1 201 119 115 1 177 127 96 1 148 112 84 1 130 103 104 1 88 91 87 1
131 122 126 1 128 125 103 1 136 117 120 1 0 0 0 0 101 114 111 1 92 98 83 1 80 89 98 1 91 105 102 1 80 80 79 1 75 99 86 1 0 0 0 0 97 85 114 1 92 92 105 1 100 81 111 1 0 0 0 0 109 97 105 1 64 84 130 1 69 78 97 1 88 67 111 1 0 0 0 0 49 68 119 1 95 110 148 1 97 116 99 1 99 124 118 1 155 134 101 1 155 152 122 1 142 143 136 1 150 116 101 1 117 79 121 1 120 91 76 1 126 82 97 1 139 120 131 1 130 126 142 1 132 111 116 1 98 109 144 1 105 123 118 1 145 128 117 1 132 112 126 1 127 111 112 1 96 116 139 1 146 126 108 1 115 119 125 1 146 143 122 1 150 119 106 1 138 115 130 1 123 122 111 1 121 118 99 1 134 132 94 1 159 141 96 1 147 129 72 1 133 127 104 1 183 164 112 1 173 138 119 1 173 162 129 1 184 158 126 1 188 121 107 1 181 126 113 1 179 125 106 1 186 120 117 1 188 124 130 1 0 0 0 0 131 128 110 1 110 91 119 1 110 119 111 1
126 119 123 1 131 124 109 1 0 0 0 0 110 107 109 1 0 0 0 0 119 94 108 1 80 106 130 1 115 115 116 1 106 128 79 1 99 118 100 1 119 129 95 1 82 90 96 1 92 89 92 1 89 89 109 1 107 101 127 1 104 113 110 1 72 58 107 1 107 83 118 1 0 0 0 0 70 96 105 1 84 76 123 1 88 102 96 1 95 109 106 1 107 105 108 1 126 109 131 1 150 98 157 1 184 127 126 1 139 123 106 1 105 114 115 1 139 124 125 1 126 99 113 1 145 119 119 1 129 117 121 1 133 116 129 1 111 129 129 1 0 0 0 0 110 116 104 1 151 122 98 1 130 124 103 1 120 110 133 1 129 112 111 1 109 101 89 1 93 111 109 1 111 88 126 1 112 112 107 1 0 0 0 0 0 0 0 0 123 96 92 1 145 124 98 1 132 93 102 1 148 116 86 1 0 0 0 0 161 155 112 1 169 129 114 1 197 129 98 1 177 133 100 1 176 167 130 1 203 121 97 1 156 115 110 1 182 151 143 1 158 108 123 1 137 114 135 1 120 99 112 1 129 108 119 1
130 124 122 1 126 111 84 1 103 110 120 1 113 109 109 1 126 120 117 1 121 109 113 1 112 98 102 1 102 97 116 1 107 100 115 1 118 95 89 1 93 77 132 1 89 91 91 1 81 141 85 1 105 82 118 1 88 109 132 1 93 106 151 1 105 99 123 1 73 70 121 1 0 0 0 0 75 78 136 1 67 89 137 1 73 72 109 1 83 101 116 1 0 0 0 0 131 113 116 1 139 117 142 1 144 137 126 1 153 119 84 1 161 103 113 1 147 135 106 1 143 122 108 1 131 77 106 1 119 97 115 1 124 103 99 1 115 129 117 1 122 113 112 1 125 139 106 1 138 99 132 1 128 121 117 1 130 136 120 1 120 92 143 1 125 130 108 1 141 111 114 1 100 88 114 1 0 0 0 0 87 103 96 1 116 107 109 1 127 113 104 1 135 133 100 1 144 101 120 1 155 100 113 1 146 138 81 1 190 108 90 1 162 155 127 1 185 157 121 1 174 139 118 1 186 168 123 1 194 152 117 1 157 128 105 1 162 116 98 1 152 142 98 1 159 121 107 1 136 104 120 1 143 99 146 1
131 108 126 1 152 141 95 1 139 108 88 1 129 92 122 1 130 94 82 1 159 95 98 1 122 98 103 1 128 140 99 1 120 97 98 1 132 95 127 1 0 0 0 0 0 0 0 0 82 106 101 1 109 108 100 1 98 113 104 1 117 115 121 1 0 0 0 0 0 0 0 0 67 108 106 1 57 74 117 1 79 104 89 1 72 104 107 1 89 96 104 1 91 120 123 1 0 0 0 0 149 112 108 1 144 117 113 1 160 116 118 1 151 114 115 1 123 122 111 1 134 130 128 1 128 110 116 1 107 134 124 1 93 128 134 1 134 94 123 1 129 137 109 1 128 134 133 1 136 132 122 1 0 0 0 0 159 107 126 1 173 127 146 1 163 112 111 1 161 116 145 1 129 102 142 1 121 109 134 1 112 100 115 1 127 109 117 1 111 94 90 1 94 117 104 1 108 121 129 1 105 103 91 1 166 128 128 1 155 133 106 1 183 123 118 1 164 135 112 1 170 147 97 1 172 154 115 1 169 113 121 1 163 138 114 1 177 110 113 1 152 146 145 1 153 137 129 1 154 105 140 1 123 130 125 1
154 88 101 1 128 107 139 1 130 103 104 1 165 106 97 1 152 131 105 1 154 123 101 1 139 141 123 1 142 103 136 1 109 87 138 1 132 82 107 1 98 69 118 1 105 107 113 1 134 117 96 1 0 0 0 0 101 114 106 1 118 101 158 1 0 0 0 0 91 106 102 1 87 80 109 1 57 100 124 1 53 77 119 1 67 87 123 1 0 0 0 0 92 121 102 1 124 120 124 1 159 132 114 1 154 128 121 1 0 0 0 0 158 119 111 1 130 147 109 1 140 107 122 1 131 118 112 1 0 0 0 0 112 97 129 1 132 112 127 1 126 86 95 1 0 0 0 0 130 115 113 1 0 0 0 0 134 133 110 1 130 127 119 1 164 112 124 1 153 131 97 1 141 136 147 1 149 119 142 1 131 119 152 1 100 93 135 1 120 89 110 1 115 107 85 1 121 104 116 1 0 0 0 0 136 129 123 1 143 116 133 1 186 130 141 1 152 97 121 1 155 133 103 1 170 149 120 1 163 127 112 1 158 148 126 1 160 135 111 1 172 122 115 1 153 134 125 1 141 129 129 1 151 126 137 1
138 101 129 1 0 0 0 0 138 127 126 1 169 133 120 1 135 116 121 1 138 120 141 1 135 143 86 1 137 98 111 1 136 124 106 1 128 117 139 1 125 82 123 1 125 115 97 1 125 146 102 1 124 130 101 1 93 129 128 1 0 0 0 0 116 108 121 1 103 92 115 1 58 72 115 1 76 95 116 1 54 80 124 1 60 86 96 1 0 0 0 0 92 107 119 1 128 119 145 1 145 136 135 1 139 155 109 1 162 128 122 1 147 135 91 1 139 109 106 1 138 140 117 1 128 97 105 1 130 120 103 1 125 148 112 1 123 132 137 1 0 0 0 0 139 131 116 1 121 114 93 1 144 111 107 1 134 111 111 1 0 0 0 0 0 0 0 0 0 0 0 0 137 123 151 1 154 128 153 1 126 123 155 1 145 119 109 1 115 120 138 1 112 113 115 1 0 0 0 0 148 97 114 1 153 119 152 1 160 122 109 1 184 171 135 1 161 151 123 1 163 129 129 1 161 148 98 1 143 144 102 1 176 146 114 1 148 114 120 1 157 153 117 1 160 134 126 1 169 87 124 1 142 136 124 1